3618115,1971,4323,1969,"IR","",,1,,346,4,49,,1,,0,,6,,,,,
3658066,1972,4498,1970,"IR","",190080,3,,606,3,32,,5,,0.72,,21,,,,0,0
3683908,1972,4610,1969,"IR","",,1,,128,3,32,,26,,0.4645,,13.4615,,,,,
3707121,1972,4743,1970,"IR","",256590,3,,101,6,69,,0,,,,,,,,,
3719519,1973,4813,1970,"IR","",,1,,428,6,69,,38,,0.6108,,15.5,,,,,
3725595,1973,4841,1971,"IR","",,1,,379,2,21,,3,,0.4444,,11.6667,,,,,
3753781,1973,4981,1972,"IR","",595215,3,,429,4,45,,6,,0,,9.5,,,,0,0
3773402,1973,5072,1970,"IR","",,5,,359,5,54,,8,,0,,7.75,,,,,
3774398,1973,5079,1971,"IR","",,5,,60,4,45,,1,,0,,3,,,,,
3800159,1974,5198,1972,"IR","",527975,3,,422,1,19,,3,,0.6667,,8.3333,,,,0,0
3824787,1974,5317,1972,"IR","",,1,,60,4,45,,2,,0,,10,,,,,
3841319,1974,5401,1972,"IR","",,1,,601,3,32,,5,,0,,11.6,,,,,
3842450,1974,5408,1973,"IR","",,1,,5,6,65,,17,,0.6505,,17.2353,,,,,
3861960,1975,5499,1973,"IR","",595215,3,8,29,5,52,2,2,0.5,0.5,0,10,28,0,0,0,0
3910778,1975,5758,1973,"IR","",,1,1,96,1,13,11,11,0.6364,0.7603,0.6122,12.0909,10.3636,,,,
3918222,1975,5793,1974,"IR","",,1,4,52,6,69,14,11,0.2857,0.5455,0.375,10.6364,37.7143,,,,
3925981,1975,5828,1974,"IR","",,1,22,60,4,45,5,1,0.8,0,0,14,6.4,,,,
3951529,1976,5954,1974,"IR","",,1,1,352,5,54,8,3,0.375,0.4444,0,9,29.625,,,,
3988115,1976,6143,1975,"IR","",,1,14,435,3,33,4,12,1,0.5833,0,6.4167,2.25,,,,
4041666,1977,6437,1974,"IR","",,1,3,52,6,69,15,1,0.7333,0,0.1653,3,15.4,,,,
