4089510,1978,6710,1976,"IR","",527985,3,16,366,1,19,7,1,0.5714,0,0.625,16,32,0,0,0,0
4100805,1978,6773,1977,"IR","",,1,8,73,4,43,1,3,0,0,,10.3333,55,,,,
4114314,1978,6836,1977,"IR","",377750,7,7,435,3,33,0,0,,,,,,,,,
4117496,1978,6843,1977,"IR","",,1,6,346,4,49,4,2,0.75,0,0,9,9.25,,,,
4119173,1978,6857,1977,"IR","",,5,11,181,6,69,4,1,0.5,0,0,6,22,,,,
4120909,1978,6864,1977,"IR","",248780,2,9,585,1,19,3,1,0,0,,13,46,0,0,1,1
4124909,1978,6892,1977,"IR","",,1,14,5,6,65,3,3,1,0,0,16.6667,3.6667,,,,
4144873,1979,7018,1976,"IR","",,1,5,126,6,66,10,2,0.5,0,0.8,9,31.5,,,,
4170978,1979,7228,1978,"IR","",,1,1,123,5,53,6,3,0.3333,0,0.5,12.3333,33.8333,,,,
4174082,1979,7256,1977,"IR","",,1,19,244,5,55,6,6,1,0.2778,0,6.8333,10.3333,,,,
4188831,1980,7354,1978,"IR","",,1,6,74,5,59,5,0,1,,0.32,,4.6,,,,
4197925,1980,7410,1977,"IR","",,1,9,185,5,53,5,0,0,,,,80,,,,
4250705,1981,7718,1977,"IR","",527985,3,5,60,4,45,5,2,0.2,0.5,0,14,30.2,0,0,0,0
4262864,1981,7781,1979,"IR","",,1,3,244,5,55,7,6,0.7143,0.4444,0.32,11.3333,21,,,,
