5571307,1996,13458,1995,"SU","",351245,3,11,75,5,52,3,1,1,0,0.4444,2,11,0,0,1,1
5571799,1996,13458,1994,"SU","",725365,2,8,514,3,31,8,0,1,,0.4063,,9.25,0,0,,
5575936,1996,13472,1994,"SU","",725734,2,1,219,4,49,8,2,1,0,0.6875,2.5,9.5,0,0,0,0
5578198,1996,13479,1990,"SU","",725922,3,3,209,5,51,3,0,1,,0.4444,,21.3333,0,0,,
5603913,1997,13563,1995,"SU","",728070,3,12,423,1,19,25,1,1,0,0.4928,1,10.64,0,0,0,0
5605048,1997,13570,1995,"SU","",728155,3,1,62,6,69,3,3,1,0,0,2.3333,22.3333,0,0,0,0
5610074,1997,13584,1993,"SU","",,1,25,436,1,19,29,2,0.9655,0.5,0.7474,3.5,13.4138,,,,
5701057,1997,13871,1994,"SU","",736289,3,7,315,4,42,6,0,1,,0.5,,20.5,0,0,,
5718842,1998,13927,1997,"SU","",737938,3,20,252,1,19,3,0,1,,0.4444,,14.6667,0,0,,
5723039,1998,13941,1996,"SU","",738317,3,21,205,1,19,16,0,0.875,,0.7449,,24.9375,0,0,,
5750205,1998,14011,1995,"SU","",740652,3,3,427,1,12,1,0,1,,0,,27,0,0,,
5767087,1998,14046,1995,"SU","",722488,2,14,514,3,31,4,1,1,0,0.375,1,12.25,0,0,0,0
5814224,1998,14151,1996,"SU","",746039,3,24,210,1,19,3,0,1,,0,,9.6667,0,0,,
5835278,1998,14193,1993,"SU","",,1,12,359,5,54,15,0,0.5333,,0.75,,38,,,,
5951978,1999,14501,1998,"SU","",758219,2,,424,3,31,2,0,1,,0.5,,4.5,0,0,,
5976843,1999,14550,1997,"SU","",14230,3,,435,3,33,3,0,1,,0,,3.6667,1,1,,
6005548,1999,14599,1997,"SU","",,1,,345,2,23,8,0,1,,0.5313,,7.25,,,,
