4803330,1989,10630,1987,"SU","",275225,3,1,219,4,49,5,0,1,,0,,9.8,0.5,0.2,,
4804334,1989,10637,1987,"SU","",,1,2,439,4,41,7,2,1,0,0,5,9,,,,
4804914,1989,10637,1986,"SU","",414295,3,1,324,4,43,1,0,1,,0,,5,0,0,,
4805424,1989,10644,1988,"SU","",612865,3,5,66,6,63,2,1,1,0,0.5,3,9,0,0,0,0
4805431,1989,10644,1987,"SU","",394865,3,1,72,5,52,2,0,0.5,,0,,17.5,0,0,,
4806722,1989,10644,1987,"SU","",615000,3,1,219,4,49,4,0,0.5,,0,,19.5,0,0,,
4806862,1989,10644,1986,"SU","",59015,3,2,324,4,43,3,0,1,,0,,15.6667,0,0,,
4807610,1989,10651,1987,"SU","",394895,3,4,128,3,32,7,4,1,0,0.2449,5.5,5.7143,0,0,0,0
4808375,1989,10651,1987,"SU","",287920,3,3,420,5,52,0,2,,0,,4,,,,0,0
4808522,1989,10651,1986,"SU","",386115,3,3,435,3,33,6,2,1,0,0,10,11,0,0,0,0
4808574,1989,10651,1986,"SU","",394775,3,9,514,3,31,7,2,1,0.5,0.2449,5,7.1429,0,0,0,0
4809779,1989,10658,1987,"SU","",614915,3,6,166,6,64,8,2,0.125,0,0,7,32,0,0,0,0
4810701,1989,10658,1986,"SU","",615020,3,4,514,3,31,2,2,1,0.5,0.5,4.5,12.5,0,0,0,0
4810851,1989,10658,1987,"SU","",228930,3,16,219,4,49,2,2,1,0.5,0,6.5,14.5,0,0,0,0
4811327,1989,10658,1987,"SU","",276565,3,6,369,2,24,10,3,1,0.6667,0.66,3,8,0,0,0,0
4811797,1989,10665,1987,"SU","",394855,3,8,173,5,51,3,1,1,0,0,6,21.6667,0,0,0,0
4812128,1989,10665,1984,"SU","",561040,3,2,434,6,69,1,1,0,0,,8,29,0,0,0,0
4813619,1989,10672,1987,"SU","",559710,3,4,241,5,51,5,1,0.6,0,0,9,21.6,0.5,0.2,0,0
4814013,1989,10672,1987,"SU","",394690,3,12,106,1,12,1,3,1,0,0,7,7,0,0,0,0
4816986,1989,10679,1988,"SU","",,1,5,363,4,45,5,2,1,0.5,0.56,3,4.6,,,,
4817120,1989,10679,1988,"SU","",,1,1,378,4,44,5,0,0.8,,0,,23.4,,,,
4817296,1989,10686,1987,"SU","",,1,6,34,1,19,5,3,0.4,0.6667,0.5,5.3333,31.2,,,,
4817397,1989,10686,1988,"SU","",,1,5,62,6,69,2,0,1,,0.5,,5.5,,,,
4817659,1989,10686,1987,"SU","",559705,3,1,137,6,69,3,0,0.3333,,0,,22,0,0,,
4817700,1989,10686,1987,"SU","",,1,3,164,5,52,7,4,0.7143,0,0.32,9.5,26.8571,,,,
4818281,1989,10686,1987,"SU","",394880,3,2,75,5,52,2,0,1,,0.5,,5.5,0,0,,
4818298,1989,10686,1987,"SU","",586045,3,15,134,6,69,3,10,1,0.48,0.4444,7,6.6667,0,0,0,0
4819542,1989,10693,1987,"SU","",536695,3,5,91,5,53,7,0,0.8571,,0.2778,,16.7143,0,0,,
4819741,1989,10693,1981,"SU","",,1,4,173,5,51,1,3,1,0.6667,0,9.6667,11,,,,
4819917,1989,10693,1988,"SU","",536695,3,8,266,5,52,8,1,0.75,0,0.6667,1,27,0,0,0,0
4820080,1989,10693,1987,"SU","",115575,3,19,405,6,64,7,5,0.5714,0,0,5.8,41,0,0,0,0
4820456,1989,10693,1988,"SU","",593195,3,7,261,1,19,3,4,0.3333,0.375,0,6.25,22.3333,0,0,0,0
4820799,1989,10693,1988,"SU","",275995,3,1,528,1,15,1,0,1,,0,,9,0,0,,
4820945,1989,10693,1987,"SU","",333750,3,1,310,4,45,3,1,1,0,0,6,8.3333,0,0,0,0
4822167,1989,10700,1986,"SU","",275110,3,1,356,4,43,9,0,1,,0.4938,,6.2222,0,0,,
4822490,1989,10700,1988,"SU","",639000,3,13,210,1,19,8,19,1,0.6981,0.375,6.2105,6.5,0,0,0,0
4822584,1989,10700,1988,"SU","",275440,3,5,423,1,19,15,0,0.9333,,0.6224,,13.3333,0,0,,
4823790,1989,10707,1987,"SU","",,1,20,606,3,32,6,3,1,0,0.5,5.3333,11,,,,
4823802,1989,10707,1987,"SU","",614800,3,14,600,3,32,4,3,1,0.6667,0.375,4,18.5,0,0,0,0
4823889,1989,10707,1987,"SU","",614820,3,5,175,6,64,2,2,1,0,0,3,16,0,0,0,0
4825698,1989,10714,1986,"SU","",394870,3,4,73,4,43,3,0,0.3333,,0,,38.6667,0,0,,
4826541,1989,10714,1988,"SU","",312305,3,1,148,5,52,7,1,0.8571,0,0.6111,1,23.5714,0,0,0,0
4827455,1989,10714,1986,"SU","",382145,3,13,366,1,19,3,0,0.3333,,0,,31,0,0,,
4827767,1989,10721,1988,"SU","",386120,3,2,73,4,43,1,0,1,,0,,22,0,0,,
4828796,1989,10721,1986,"SU","",284310,3,7,422,1,19,7,2,1,0.5,0.6939,6,9.4286,0,0,0,0
4828816,1989,10721,1986,"SU","",394875,3,10,423,1,19,9,0,0.8889,,0.375,,16.8889,0,0,,
4829397,1989,10721,1988,"SU","",414300,3,7,361,4,45,3,4,1,0.375,0.6667,9,21,0,0,0,0
4829503,1989,10721,1987,"SU","",276565,3,8,369,2,24,10,2,1,0,0.66,2,8,0,0,0,0
4830025,1989,10728,1987,"SU","",394840,3,2,128,3,32,11,1,1,0,0.1653,6,9.2727,0,0,0,0
4832022,1989,10735,1987,"SU","",579855,3,33,606,3,32,7,4,1,0.5,0.449,5.5,9.5714,0,0,0,0
4832546,1989,10735,1988,"SU","",,1,5,409,5,51,7,5,0.2857,0.8,0,5.6,40.2857,,,,
4832843,1989,10735,1987,"SU","",284315,3,3,210,1,19,6,0,0.8333,,0.32,,23.8333,0,0,,
4835470,1989,10742,1987,"SU","",59015,3,6,324,4,43,8,0,0.75,,0,,16.125,0,0,,
4835657,1989,10742,1987,"SU","",,1,14,361,4,45,2,2,1,0.5,0,3,6.5,,,,
4836385,1989,10749,1988,"SU","",,1,5,209,5,51,4,1,0.5,0,0,6,44.25,,,,
4838890,1989,10756,1988,"SU","",,1,1,623,3,39,4,0,1,,0,,5.25,,,,
4838906,1989,10756,1988,"SU","",593195,3,6,96,1,13,2,3,1,0,0.5,6.3333,20,0,0,0,0
4839036,1989,10756,1987,"SU","",614970,3,1,209,5,51,4,2,0.75,0.5,0,3.5,29.25,0,0,0,0
4839047,1989,10756,1987,"SU","",,1,12,210,1,19,5,0,0.8,,0.375,,35.4,,,,
4839380,1989,10756,1988,"SU","",,1,4,514,3,31,0,0,,,,,,,,,
4840134,1989,10763,1987,"SU","",589615,3,5,112,6,63,3,0,1,,0,,10,0,0,,
4841054,1989,10763,1988,"SU","",,1,1,546,1,14,2,0,1,,0,,8.5,,,,
4841537,1989,10763,1988,"SU","",,1,1,372,4,42,2,1,1,0,0,7,4,,,,
4841629,1989,10770,1987,"SU","",,1,2,29,5,52,0,0,,,,,,,,,
4841843,1989,10770,1987,"SU","",,1,8,91,5,53,3,3,1,0.6667,0.4444,5.6667,15.3333,,,,
4841991,1989,10770,1987,"SU","",394840,3,3,128,3,32,7,0,1,,0,,12.5714,0,0,,
4842052,1989,10770,1988,"SU","",312840,3,3,165,6,66,3,2,0.3333,0.5,0,5.5,36.3333,0,0,0,0
4842066,1989,10770,1987,"SU","",592950,3,6,166,6,64,11,1,0.1818,0,0.5,4,42.2727,0,0,0,0
4842294,1989,10770,1986,"SU","",333815,3,4,280,5,55,2,1,1,0,0,4,6,0,0,0,0
4842854,1989,10770,1987,"SU","",614750,3,9,424,3,31,9,1,1,0,0.4938,8,11.4444,0.2,0.1111,0,0
4843212,1989,10770,1987,"SU","",,1,2,219,4,49,1,1,1,0,0,5,4,,,,
4844362,1989,10777,1987,"SU","",614970,3,3,241,5,51,2,7,1,0.449,0,9,13,0,0,0,0
4844548,1989,10777,1988,"SU","",228985,3,4,299,6,64,4,2,1,0.5,0,6,10.5,0,0,0,0
4844552,1989,10777,1987,"SU","",,1,1,301,5,55,5,10,0.4,0,0.5,6,49.4,,,,
4845109,1989,10777,1988,"SU","",,1,8,514,3,31,1,0,1,,0,,4,,,,
4846771,1989,10784,1987,"SU","",,1,13,474,5,53,3,3,0.6667,0.6667,0,2.6667,19.3333,,,,
4847065,1989,10784,1987,"SU","",,1,9,604,3,32,3,0,1,,0.4444,,5,,,,
4848720,1989,10791,1987,"SU","",,1,2,249,6,69,0,0,,,,,,,,,
4849094,1989,10791,1987,"SU","",,1,4,208,1,19,2,0,1,,0.5,,10,,,,
4850437,1989,10798,1988,"SU","",,1,1,173,5,51,6,3,0.8333,0.6667,0.48,4.6667,21.1667,,,,
4850861,1989,10798,1988,"SU","",,1,2,432,6,66,8,5,0.875,0,0.6122,2.2,18.375,,,,
4850876,1989,10798,1987,"SU","",463520,3,18,434,6,69,9,10,0.8889,0,0,6.6,12.1111,0,0,0,0
4851634,1989,10798,1988,"SU","",,1,2,219,4,49,5,0,1,,0,,11.6,,,,
4852135,1989,10798,1987,"SU","",,1,2,378,4,44,4,4,0.75,0.625,0,9,16,,,,
4852927,1989,10805,1988,"SU","",,1,8,294,5,59,1,1,1,0,0,9,9,,,,
4853047,1989,10805,1988,"SU","",394860,3,2,148,5,52,5,0,0.6,,0.4444,,25,0,0,,
4853150,1989,10805,1987,"SU","",394765,3,13,252,1,19,1,1,1,0,0,8,1,0,0,0,0
4854820,1989,10812,1987,"SU","",,1,6,415,5,53,8,7,1,0.2449,0.2188,6,12.375,,,,
4855105,1989,10812,1987,"SU","",59020,3,3,420,5,52,1,1,1,0,0,9,4,0,0,0,0
4855563,1989,10812,1988,"SU","",,1,1,219,4,49,7,5,0.8571,0.32,0.2778,6,10.5714,,,,
4856336,1989,10819,1987,"SU","",,1,2,73,4,43,4,2,1,0.5,0.375,5,6.25,,,,
4856414,1989,10819,1985,"SU","",600545,3,10,92,5,53,13,2,1,0.5,0.7337,9.5,11.3077,0,0,0,0
4861111,1989,10833,1984,"SU","",,1,1,299,6,64,3,0,1,,0,,5,,,,
4861463,1989,10833,1987,"SU","",614880,3,3,209,5,51,6,1,0.5,0,0.4444,2,47.1667,0,0,0,0
4862022,1989,10833,1987,"SU","",,1,4,310,4,45,5,0,1,,0,,10,,,,
4862720,1989,10840,1988,"SU","",,1,7,72,5,52,1,0,1,,0,,1,,,,
4862972,1989,10840,1988,"SU","",,1,4,173,5,51,3,0,1,,0,,21.3333,,,,
4863224,1989,10840,1987,"SU","",,1,7,359,5,54,6,6,1,0.5,0.7222,6.1667,9.6667,,,,
4863349,1989,10840,1988,"SU","",455920,3,1,416,1,19,7,0,0.1429,,0,,47,0,0,,
4863462,1989,10840,1988,"SU","",371430,3,1,623,3,39,6,1,1,0,0.2778,6,6,0,0,0,0
4864171,1989,10840,1988,"SU","",333750,3,1,310,4,45,6,1,1,0,0.4444,4,8.5,0,0,0,0
4864555,1989,10840,1987,"SU","",,1,6,369,2,24,12,1,1,0,0.6806,2,4.0833,,,,
4864933,1989,10847,1988,"SU","",275925,3,1,102,1,19,6,1,1,0,0.6111,3,2.5,0,0,0,0
4865391,1989,10847,1988,"SU","",,1,3,299,6,64,0,0,,,,,,,,,
4865673,1989,10847,1987,"SU","",284315,3,4,156,1,19,11,13,1,0.5562,0.7438,6.4615,9.8182,0,0,0,0
4866360,1989,10847,1987,"SU","",,1,1,318,4,45,5,1,1,0,0.64,3,5.6,,,,
4867252,1989,10854,1988,"SU","",275930,3,1,173,5,51,2,4,0.5,0.375,0,8.5,29.5,0,0,0,0
4867322,1989,10854,1988,"SU","",,1,5,241,5,51,3,0,0,,,,68.3333,,,,
4867661,1989,10854,1986,"SU","",,1,2,425,5,51,11,0,0.4545,,0.72,,29.3636,,,,
4871212,1989,10868,1988,"SU","",228720,3,3,299,6,64,3,3,1,0,0.4444,3.6667,8.3333,1,0.3333,0.5,0.3333
4871294,1989,10868,1983,"SU","",,1,5,415,5,53,2,4,1,0.375,0,9.5,20.5,,,,
4871362,1989,10868,1988,"SU","",423050,3,6,623,3,39,4,3,1,0,0.375,4.3333,6.75,0,0,0,0
4871448,1989,10868,1988,"SU","",228985,3,4,209,5,51,5,1,0.2,0,0,7,42.6,0,0,0,0
4872118,1989,10868,1987,"SU","",,1,6,701,2,22,7,4,0.8571,0.625,0.6667,7,13.1429,,,,
4872344,1989,10875,1987,"SU","",614965,3,1,73,4,43,1,1,1,0,0,3,7,0,0,0,0
4872447,1989,10875,1988,"SU","",614680,3,2,600,3,32,3,3,1,0.4444,0,4.6667,4.6667,0,0,0,0
4872760,1989,10875,1989,"SU","",613235,3,12,366,1,19,8,0,0.5,,0.75,,34.5,0,0,,
4872800,1989,10875,1987,"SU","",,1,1,414,5,51,6,1,0.8333,0,0.56,6,14,,,,
4875040,1989,10882,1988,"SU","",,1,4,340,2,21,4,1,1,0,0.375,6,13.25,,,,
4875204,1989,10882,1987,"SU","",276555,3,2,369,2,24,5,0,1,,0.48,,5.8,0,0,,
4875479,1989,10889,1988,"SU","",614800,3,2,606,3,32,10,7,1,0.6122,0.8,5.7143,9.8,0,0,0,0
4876360,1989,10889,1989,"SU","",,1,3,548,1,14,0,0,,,,,,,,,
4876469,1989,10889,1988,"SU","",333750,3,1,310,4,45,5,6,1,0,0,5.1667,11,0,0,0,0
4876946,1989,10896,1987,"SU","",,1,11,92,5,53,6,2,0.8333,0,0.72,5,14.8333,,,,
4877592,1989,10896,1988,"SU","",275990,3,2,423,1,19,2,7,1,0.8163,0.5,6.2857,6,0,0,0,0
4877772,1989,10896,1986,"SU","",,1,6,514,3,31,7,3,1,0.4444,0.2449,8.3333,7.1429,,,,
4878466,1989,10903,1988,"SU","",,1,1,123,5,53,3,3,0.6667,0.4444,0.5,7,24.3333,,,,
4878983,1989,10903,1987,"SU","",,1,1,156,1,19,4,0,1,,0,,16.5,,,,
4879024,1989,10903,1988,"SU","",275905,3,4,209,5,51,4,1,0.75,0,0.4444,9,22.25,0,0,0,0
4880944,1989,10910,1988,"SU","",394810,3,2,174,4,41,8,1,0.125,0,0,1,42,0,0,0,0
4881399,1989,10917,1988,"SU","",386065,3,4,72,5,52,1,2,1,0.5,0,6,3,0,0,0,0
4883261,1989,10924,1988,"SU","",,1,7,267,5,59,2,1,0.5,0,0,8,48.5,,,,
4884028,1989,10924,1988,"SU","",,1,2,324,4,43,5,2,0.6,0.5,0,6,39.2,,,,
4884569,1989,10931,1987,"SU","",371430,3,4,606,3,32,3,11,1,0,0.4444,6.9091,7.3333,0,0,0,0
4884625,1989,10931,1984,"SU","",,1,16,164,5,52,3,2,0.3333,0.5,0,10.5,28,,,,
4884642,1989,10931,1988,"SU","",275915,3,3,173,5,51,3,0,1,,0,,5,0,0,,
4885450,1989,10931,1988,"SU","",,1,3,219,4,49,2,0,0.5,,0,,22,,,,
4885487,1989,10931,1988,"SU","",234065,3,1,310,4,45,5,3,0.8,0.4444,0,4.3333,23,0,0,0,0
4885654,1989,10931,1988,"SU","",,1,5,361,4,45,4,3,1,0.4444,0.375,5.3333,9.75,,,,
4886203,1989,10938,1988,"SU","",,1,10,228,5,52,3,2,1,0,0.6667,3,16,,,,
4886292,1989,10938,1988,"SU","",312820,3,6,280,5,55,5,2,0.6,0,0.6667,2.5,18.6,0,0,0,0
4886649,1989,10938,1989,"SU","",,1,4,423,1,19,2,4,1,0,0,6,3,,,,
4888530,1989,10945,1988,"SU","",,1,4,318,4,45,7,1,1,0,0,2,8.8571,,,,
4890477,1990,10959,1988,"SU","",,1,14,73,4,43,3,1,1,0,0.4444,5,10.3333,,,,
4891115,1990,10959,1986,"SU","",,1,22,204,1,19,13,7,0.6154,0.6122,0.5625,9.2857,27.7692,,,,
4891486,1990,10959,1988,"SU","",,1,1,219,4,49,0,0,,,,,,,,,
4893634,1990,10973,1987,"SU","",453780,3,4,600,3,32,7,4,0.8571,0.375,0.6111,6.75,10.4286,0,0,0,0
4893860,1990,10973,1988,"SU","",49735,3,3,294,5,59,8,0,0,,,,66,0,0,,
4894957,1990,10980,1988,"SU","",234060,3,2,451,5,51,2,0,0.5,,0,,22,0,0,,
4896130,1990,10980,1988,"SU","",,1,22,335,4,41,4,2,0.75,0.5,0,3.5,19,,,,
4896818,1990,10987,1988,"SU","",420155,3,6,228,5,52,1,0,1,,0,,15,0,0,,
4898262,1990,10994,1988,"SU","",386045,3,3,184,5,59,11,4,0.6364,0.75,0.6939,6.5,34,0,0,0,0
4898457,1990,10994,1986,"SU","",,1,15,359,5,54,5,4,0.6,0.625,0.4444,4.75,26.8,,,,
4899489,1990,11001,1987,"SU","",284315,3,4,47,6,61,3,0,1,,0.6667,,17,0,0,,
4899502,1990,11001,1987,"SU","",228055,3,8,52,6,69,9,0,0.7778,,0.2449,,24.1111,0,0,,
4899941,1990,11001,1988,"SU","",,1,63,241,5,51,1,0,1,,0,,16,,,,
4899994,1990,11001,1987,"SU","",614905,3,10,266,5,52,0,2,,0.5,,5.5,,,,0,0
4901477,1990,11008,1988,"SU","",,1,4,451,5,51,2,0,0.5,,0,,32,,,,
4901511,1990,11008,1988,"SU","",,1,4,56,6,61,7,2,0.8571,0,0,5.5,14.7143,,,,
4901805,1990,11008,1988,"SU","",394795,3,7,175,6,64,3,6,0.6667,0.7222,0.5,4.8333,16.3333,0,0,0,0
4902873,1990,11008,1987,"SU","",,1,2,219,4,49,3,1,0.3333,0,0,10,28,,,,
4903823,1990,11015,1988,"SU","",,1,2,198,5,59,4,1,1,0,0,3,8,,,,
4904781,1990,11015,1988,"SU","",,1,1,544,1,14,1,1,1,0,0,7,4,,,,
4905419,1990,11022,1988,"SU","",,1,6,451,5,51,2,7,1,0.7347,0,4,8.5,,,,
4906048,1990,11022,1989,"SU","",,1,4,299,6,64,3,2,1,0.5,0,2,13.6667,,,,
4906255,1990,11022,1989,"SU","",,1,1,51,5,59,4,2,1,0,0.375,3.5,6.25,,,,
4907587,1990,11029,1988,"SU","",,1,8,606,3,32,6,9,0.8333,0.642,0.32,6.2222,15.8333,,,,
4907752,1990,11029,1988,"SU","",358080,3,1,241,5,51,2,0,0.5,,0,,42,0,0,,
4908051,1990,11029,1988,"SU","",593195,3,6,55,1,13,5,2,1,0,0.72,8,19.4,0,0,0,0
4908090,1990,11029,1987,"SU","",,1,3,156,1,19,2,0,1,,0,,5,,,,
4908374,1990,11029,1988,"SU","",,1,8,514,3,31,0,0,,,,,,,,,
4908390,1990,11029,1988,"SU","",14410,3,2,518,1,19,0,1,,0,,6,,,,0,0
4908814,1990,11029,1987,"SU","",276565,3,1,369,2,24,18,1,1,0,0.6975,4,7.8889,0,0,0,0
4909113,1990,11036,1988,"SU","",353595,3,1,83,5,51,4,2,1,0.5,0.625,4.5,12,0,0,0,0
4909337,1990,11036,1987,"SU","",,1,8,175,6,64,11,3,0.6364,0.4444,0.449,5.3333,24.4545,,,,
4909682,1990,11036,1988,"SU","",,1,9,409,5,51,2,0,0.5,,0,,21,,,,
4909812,1990,11036,1989,"SU","",614705,3,4,96,1,13,4,1,1,0,0.625,3,9.25,0,0,0,0
4909821,1990,11036,1988,"SU","",,1,3,65,5,51,4,3,1,0.4444,0.625,5.6667,7.5,,,,
4910374,1990,11036,1988,"SU","",,1,4,219,4,49,3,0,1,,0.4444,,18.6667,,,,
4911282,1990,11043,1989,"SU","",,1,2,198,5,59,7,1,0.5714,0,0,4,26.7143,,,,
4911820,1990,11043,1988,"SU","",229025,7,4,204,1,19,1,0,0,,,,32,0,0,,
4913320,1990,11050,1988,"SU","",,1,6,222,1,19,7,3,0.2857,0.4444,0,4.3333,48.1429,,,,
4913734,1990,11050,1988,"SU","",386135,3,21,75,5,52,4,4,0.5,0.375,0.5,4.5,23,0,0,0,0
4913874,1990,11050,1989,"SU","",,1,5,264,5,51,3,1,1,0,0.6667,1,13.3333,,,,
4913904,1990,11050,1987,"SU","",,1,9,424,3,31,1,3,1,0.6667,0,4.6667,10,,,,
4915123,1990,11057,1988,"SU","",,1,7,137,6,69,6,2,1,0.5,0.2778,6.5,7.6667,,,,
4915773,1990,11057,1988,"SU","",,1,5,117,1,19,6,6,1,0,0,4.5,15.1667,,,,
4916225,1990,11057,1988,"SU","",276390,3,1,544,1,14,9,1,1,0,0.5679,7,8.2222,0,0,0,0
4916535,1990,11057,1987,"SU","",,1,10,348,4,49,5,6,1,0.5,0.56,5,4,,,,
4916742,1990,11057,1987,"SU","",,1,19,704,2,22,10,9,1,0.642,0.68,6.8889,7.6,,,,
4917312,1990,11064,1988,"SU","",,1,4,241,5,51,1,1,0,0,,4,62,,,,
4918456,1990,11064,1988,"SU","",312840,3,9,342,2,21,5,0,0.8,,0,,14.6,0,0,,
4918960,1990,11071,1988,"SU","",,1,4,72,5,52,0,0,,,,,,,,,
4919527,1990,11071,1987,"SU","",,1,1,359,5,54,3,3,0.6667,0,0.5,4.3333,16.6667,,,,
4919641,1990,11071,1988,"SU","",536670,3,5,460,6,61,5,0,1,,0,,10.4,0,0,,
4920705,1990,11078,1988,"SU","",,1,3,451,5,51,3,1,0,0,,2,58.3333,,,,
4921695,1990,11078,1989,"SU","",,1,7,424,3,31,7,3,1,0,0.5714,3,12.5714,,,,
4922995,1990,11085,1988,"SU","",275230,3,9,164,5,52,4,1,1,0,0.625,8,9.75,0,0,0,0
4923127,1990,11085,1988,"SU","",,1,3,241,5,51,1,0,1,,0,,24,,,,
4923675,1990,11085,1989,"SU","",59020,3,7,420,5,52,1,2,1,0.5,0,6,2,0,0,0,0
4925550,1990,11092,1987,"SU","",,1,13,210,1,19,5,0,0.8,,0.375,,34,,,,
4926105,1990,11092,1987,"SU","",,1,6,318,4,45,6,12,1,0.4167,0.2778,6.8333,6.6667,,,,
4927121,1990,11099,1985,"SU","",,1,8,267,5,59,11,1,0.3636,0,0.375,6,43.4545,,,,
4928554,1990,11106,1988,"SU","",,1,4,74,5,59,7,0,0.2857,,0,,30.7143,,,,
4929416,1990,11106,1989,"SU","",,1,3,420,5,52,0,0,,,,,,,,,
4929812,1990,11106,1989,"SU","",589685,3,2,219,4,49,2,1,1,0,0,6,23,0,0,0,0
4930026,1990,11106,1988,"SU","",,1,7,360,2,24,8,1,0.875,0,0.5714,5,11.625,,,,
4931638,1990,11113,1988,"SU","",,1,9,250,4,44,7,2,0.8571,0.5,0.5,4,16.7143,,,,
4931702,1990,11113,1988,"SU","",199600,3,1,315,4,42,5,6,0.8,0.6111,0.5,7,13,0,0,0,0
4931713,1990,11113,1989,"SU","",59000,3,2,318,4,45,2,2,1,0.5,0,5.5,9,0,0,0,0
4932678,1990,11120,1989,"SU","",,1,3,280,5,55,3,0,0.6667,,0,,14.3333,,,,
4933104,1990,11120,1988,"SU","",,1,15,252,1,19,5,2,1,0,0.56,8,7.4,,,,
4933332,1990,11120,1988,"SU","",,1,4,514,3,31,1,0,1,,0,,1,,,,
4934466,1990,11127,1989,"SU","",,1,4,175,6,64,7,6,0.8571,0.6111,0,6.6667,15.2857,,,,
4935003,1990,11127,1988,"SU","",,1,2,604,3,32,5,5,0.8,0.32,0.375,6,16.6,,,,
4936274,1990,11134,1988,"SU","",,1,8,123,5,53,2,4,1,0.375,0,4.5,7.5,,,,
4936373,1990,11134,1988,"SU","",,1,3,164,5,52,3,0,1,,0,,8.6667,,,,
4936549,1990,11134,1989,"SU","",,1,1,254,5,59,3,0,1,,0.6667,,14.6667,,,,
4936707,1990,11134,1989,"SU","",,1,5,405,6,64,13,2,0.7692,0,0.64,7,29.1538,,,,
4936857,1990,11134,1988,"SU","",,1,3,623,3,39,5,3,1,0,0.48,6,11,,,,
4936978,1990,11134,1989,"SU","",,1,1,209,5,51,3,0,1,,0.6667,,7,,,,
4938295,1990,11141,1988,"SU","",,1,7,172,6,64,7,1,1,0,0.6122,0,15.4286,,,,
4938491,1990,11141,1988,"SU","",,1,3,279,6,69,4,1,0.25,0,0,2,26,,,,
4938674,1990,11141,1989,"SU","",,1,3,425,5,51,8,0,0.75,,0.4444,,15.5,,,,
4939150,1990,11141,1988,"SU","",,1,3,435,3,33,1,0,0,,,,28,,,,
4939716,1990,11141,1989,"SU","",,1,4,369,2,24,15,0,1,,0.6222,,4.2667,,,,
4940336,1990,11148,1989,"SU","",,1,10,366,1,19,7,1,0.7143,0,0.48,2,15.1429,,,,
4940876,1990,11148,1989,"SU","",,1,1,219,4,49,2,1,1,0,0,4,7.5,,,,
4940939,1990,11148,1989,"SU","",,1,2,324,4,43,4,0,1,,0.375,,19.25,,,,
4941866,1990,11155,1988,"SU","",,1,2,494,1,19,6,1,1,0,0.6667,8,12.8333,,,,
4943297,1990,11162,1989,"SU","",,1,1,606,3,32,2,15,1,0.24,0.5,4.5333,11,,,,
4944067,1990,11169,1989,"SU","",,1,7,452,6,61,8,5,1,0,0,7,6.625,,,,
4944353,1990,11169,1987,"SU","",586045,3,7,172,6,64,4,0,1,,0.75,,15.75,0,0,,
4944382,1990,11169,1987,"SU","",,1,3,198,5,59,4,0,0.5,,0.5,,32,,,,
4945632,1990,11176,1989,"SU","",,1,9,29,5,52,3,1,1,0,0,1,14.6667,,,,
4945674,1990,11176,1990,"SU","",,1,3,47,6,61,5,2,0.8,0,0.625,4.5,11.2,,,,
4945910,1990,11176,1988,"SU","",,1,7,607,3,32,3,1,1,0,0.4444,6,10,,,,
4946433,1990,11176,1989,"SU","",,1,4,494,1,19,8,1,0.875,0,0.6939,4,16.375,,,,
4947557,1990,11183,1989,"SU","",611430,3,14,33,6,69,8,4,1,0,0.4063,2.25,7.875,0,0,0,0
4947587,1990,11183,1988,"SU","",,1,2,451,5,51,2,1,0,0,,3,55.5,,,,
4947802,1990,11183,1989,"SU","",,5,5,119,6,61,4,3,0.75,0.4444,0.4444,5.3333,16,,,,
4947813,1990,11183,1989,"SU","",,1,2,123,5,53,4,3,0.75,0,0.4444,4,9.25,,,,
4947851,1990,11183,1988,"SU","",275155,3,6,600,3,32,5,15,1,0.24,0.32,5.8,4.8,0,0,0,0
4947894,1990,11183,1985,"SU","",394890,3,2,137,6,69,1,2,1,0.5,0,9.5,8,0,0,0,0
4947941,1990,11183,1988,"SU","",275930,3,2,173,5,51,2,0,1,,0,,3,0,0,,
4948158,1990,11183,1989,"SU","",,1,7,280,5,55,8,1,1,0,0,1,11.375,,,,
4948488,1990,11183,1989,"SU","",,1,4,204,1,19,7,1,1,0,0.5714,1,12.8571,,,,
4948835,1990,11183,1988,"SU","",276020,3,1,524,1,15,2,0,1,,0,,10.5,0,0,,
4949907,1990,11190,1989,"SU","",58345,3,4,241,5,51,5,2,0.2,0.5,0,2.5,51.4,0,0,0,0
4950331,1990,11190,1989,"SU","",,1,3,106,1,12,6,3,0.5,0.6667,0.6667,7,24.3333,,,,
4950389,1990,11190,1989,"SU","",,1,4,209,5,51,4,1,0.5,0,0.5,3,25,,,,
4952099,1990,11197,1989,"SU","",386095,3,4,406,5,59,3,2,1,0.5,0.6667,6.5,7,0,0,0,0
4953542,1990,11204,1988,"SU","",,1,1,600,3,32,3,2,1,0,0,8.5,5.6667,,,,
4953969,1990,11204,1989,"SU","",,1,29,351,3,39,1,8,1,0,0,5.625,3,,,,
4954248,1990,11204,1987,"SU","",,1,5,209,5,51,3,0,1,,0,,14.6667,,,,
4954253,1990,11204,1989,"SU","",394925,3,2,210,1,19,11,5,1,0.32,0.562,3.8,6,0,0,0,0
4954771,1990,11204,1988,"SU","",,1,1,324,4,43,2,0,1,,0.5,,12,,,,
4955551,1990,11211,1989,"SU","",,1,11,241,5,51,0,2,,0,,4.5,,,,,
4956056,1990,11211,1989,"SU","",,1,4,205,1,19,4,4,1,0.375,0.5,1.25,5,,,,
4957058,1990,11218,1989,"SU","",394905,3,5,118,1,12,4,3,0.5,0.6667,0,6.3333,23.25,0,0,0,0
4957499,1990,11218,1989,"SU","",,1,13,606,3,32,4,27,1,0.5898,0.5,5.1111,6,,,,
4957503,1990,11218,1989,"SU","",,1,2,623,3,39,3,0,1,,0,,3.3333,,,,
4957512,1990,11218,1989,"SU","",,1,17,95,1,13,4,6,1,0.7778,0,4.5,7.25,,,,
4957713,1990,11218,1988,"SU","",,1,2,117,1,19,11,8,0.8182,0,0,5.5,17.0909,,,,
4957752,1990,11218,1988,"SU","",614805,3,4,426,6,61,0,0,,,,,,,,,
4958113,1990,11218,1989,"SU","",,1,20,318,4,45,14,0,1,,0.4592,,3.9286,,,,
4958256,1990,11218,1989,"SU","",615000,7,7,361,4,45,7,1,1,0,0.6939,9,15.5714,0,0,0,0
4959134,1990,11225,1988,"SU","",276105,3,16,204,1,19,3,1,1,0,0,4,2.6667,0,0,0,0
4959580,1990,11225,1988,"SU","",312835,3,2,310,4,45,3,2,1,0,0,5.5,12.6667,0,0,0,0
4960406,1990,11232,1989,"SU","",,1,6,494,1,19,5,4,1,0.375,0.56,3,9.4,,,,
4960516,1990,11232,1989,"SU","",,1,4,210,1,19,2,4,1,0,0,4.25,10.5,,,,
4961832,1990,11239,1989,"SU","",,1,4,204,1,19,3,10,1,0.82,0.4444,5.1,14.3333,,,,
4962420,1990,11239,1988,"SU","",562440,3,18,348,4,49,10,12,0.5,0.7917,0.64,5.8333,30.1,0,0,0,0
4962450,1990,11239,1988,"SU","",,1,14,362,4,42,3,4,0.3333,0.375,0,5.25,49,,,,
4962597,1990,11246,1989,"SU","",,1,3,37,6,64,6,1,1,0,0.4444,4,7,,,,
4963023,1990,11246,1989,"SU","",,1,3,356,4,43,2,6,0.5,0.2778,0,5.3333,18,,,,
4963650,1990,11246,1989,"SU","",395090,3,3,528,1,15,2,3,1,0.4444,0,5,11,0,0,0,0
4964477,1990,11253,1989,"SU","",,1,6,175,6,64,4,3,1,0.4444,0.375,5,14.75,,,,
4964725,1990,11253,1989,"SU","",,1,4,356,4,43,2,4,0.5,0.75,0,4.75,25,,,,
4964863,1990,11253,1989,"SU","",386105,7,3,606,3,32,2,8,1,0,0,3.875,5,0,0,0,0
4965185,1990,11253,1988,"SU","",,1,7,435,3,33,3,2,1,0,0,7.5,4.6667,,,,
4965186,1990,11253,1988,"SU","",,1,5,435,3,33,2,8,1,0,0.5,6.75,20.5,,,,
4966222,1990,11260,1989,"SU","",,1,7,164,5,52,8,0,0.125,,0,,45.625,,,,
4966326,1990,11260,1989,"SU","",349995,3,4,239,5,59,3,0,1,,0,,18.3333,0,0,,
4966756,1990,11260,1990,"SU","",,1,4,422,1,19,0,1,,0,,2,,,,,
4968327,1990,11267,1989,"SU","",394845,3,1,51,5,59,0,1,,0,,3,,,,0,0
4969475,1990,11274,1990,"SU","",,1,1,128,3,32,1,0,1,,0,,13,,,,
4969624,1990,11274,1989,"SU","",614910,3,2,248,6,69,1,2,1,0.5,0,4,4,0,0,0,0
4970092,1990,11274,1988,"SU","",,1,12,427,1,12,2,2,1,0.5,0.5,9,2,,,,
4971079,1990,11281,1987,"SU","",,1,12,131,6,61,5,8,0.8,0.6563,0.375,7.375,16.8,,,,
4971245,1990,11281,1989,"SU","",,1,3,237,6,66,0,0,,,,,,,,,
4971675,1990,11281,1990,"SU","",,1,3,204,1,19,0,0,,,,,,,,,
4971692,1990,11281,1988,"SU","",,1,9,210,1,19,11,1,0.2727,0,0.4444,4,55,,,,
4972110,1990,11281,1989,"SU","",385935,3,7,310,4,45,4,4,1,0.375,0.75,5.5,6.75,0,0,0,0
4972920,1990,11288,1989,"SU","",,1,1,180,5,55,3,3,1,0.6667,0.6667,4.3333,6.6667,,,,
4973281,1990,11288,1989,"SU","",333765,3,5,445,4,42,0,1,,0,,7,,,,0,0
4973848,1990,11288,1989,"SU","",,4,8,250,4,44,9,15,1,0.8,0.7407,6.5333,4.6667,,,,
4976051,1990,11302,1989,"SU","",536690,3,3,37,6,64,2,3,0.5,0,0,8,47.5,0,0,0,0
4976111,1990,11302,1989,"SU","",,1,5,62,6,69,8,2,1,0,0,6,20.25,,,,
4976113,1990,11302,1990,"SU","",,1,2,62,6,69,2,13,0,0.6982,,5,29.5,,,,
4976309,1990,11302,1989,"SU","",639025,3,2,165,6,66,6,4,1,0.625,0.2778,5.25,8.6667,0,0,0,0
4976322,1990,11302,1989,"SU","",,1,2,175,6,64,5,1,0.4,0,0,1,33.6,,,,
4976472,1990,11302,1989,"SU","",,1,11,241,5,51,2,1,1,0,0,3,16.5,,,,
4977091,1990,11302,1988,"SU","",,1,8,435,3,33,4,3,0.25,0.4444,0,4.6667,31.75,,,,
4977707,1990,11309,1989,"SU","",,1,1,451,5,51,0,6,,0,,4.8333,,,,,
4977753,1990,11309,1990,"SU","",,1,1,62,6,69,5,10,0.6,0.34,0,4.6,23,,,,
4978251,1990,11309,1989,"SU","",386100,3,10,406,5,59,6,2,0.8333,0.5,0,6.5,12.6667,0,0,0,0
4978347,1990,11309,1990,"SU","",,1,6,606,3,32,10,3,0.9,0,0.1975,3.6667,12.3,,,,
4978348,1990,11309,1990,"SU","",,1,17,606,3,32,12,20,0.5,0,0.2778,5.3,27.4167,,,,
4978352,1990,11309,1989,"SU","",,1,9,606,3,32,16,2,1,0.5,0.8047,3.5,5.75,,,,
4978466,1990,11309,1990,"SU","",455915,3,1,508,5,59,6,1,1,0,0.2778,4,5.8333,0,0,0,0
4978519,1990,11309,1988,"SU","",,1,3,423,1,19,3,0,1,,0,,8.3333,,,,
4978649,1990,11309,1989,"SU","",,1,4,502,1,19,4,7,0.75,0.7755,0.4444,5.7143,23,,,,
4979369,1990,11316,1989,"SU","",,1,4,62,6,69,10,2,1,0,0.46,4.5,18.1,,,,
4979374,1990,11316,1990,"SU","",,1,2,62,6,69,1,1,1,0,0,3,7,,,,
4979489,1990,11316,1989,"SU","",,1,4,125,5,51,5,4,0.8,0.375,0,3.75,15.6,,,,
4980055,1990,11316,1990,"SU","",614960,3,7,210,1,19,2,0,1,,0,,17.5,0,0,,
4980978,1991,11323,1988,"SU","",276550,7,12,34,1,19,1,0,1,,0,,21,0,0,,
4980980,1991,11323,1989,"SU","",,1,5,37,6,64,3,3,0.6667,0,0,5,20.3333,,,,
4981051,1991,11323,1988,"SU","",333780,3,1,475,5,53,2,0,0.5,,0,,44.5,0,0,,
4981483,1991,11323,1988,"SU","",,1,4,606,3,32,5,7,1,0,0.64,6.8571,13.8,,,,
4981700,1991,11323,1988,"SU","",,1,4,426,6,61,4,0,0.75,,0,,16.5,,,,
4982780,1991,11330,1989,"SU","",,1,5,164,5,52,3,2,0.6667,0,0.5,5,20,,,,
4982969,1991,11330,1988,"SU","",,1,6,279,6,69,1,1,1,0,0,6,25,,,,
4984817,1991,11337,1989,"SU","",312810,3,7,280,5,55,6,0,0.6667,,0,,26.3333,0,0,,
4984976,1991,11337,1987,"SU","",,1,4,425,5,51,2,3,0.5,0.4444,0,5,30.5,,,,
4985735,1991,11337,1989,"SU","",,1,1,335,4,41,1,0,1,,0,,2,,,,
4986142,1991,11344,1989,"SU","",,1,3,74,5,59,4,5,1,0.48,0,3,12.75,,,,
4986237,1991,11344,1989,"SU","",394900,3,5,123,5,53,7,0,0.8571,,0.2778,,9.7143,0,0,,
4986422,1991,11344,1989,"SU","",,1,9,209,5,51,5,1,0.4,0,0,3,55.8,,,,
4986628,1991,11344,1990,"SU","",,1,1,385,2,21,6,12,1,0.5833,0.2778,4.25,3,,,,
4986652,1991,11344,1989,"SU","",,1,2,356,4,43,0,1,,0,,6,,,,,
4987707,1991,11351,1989,"SU","",,1,3,52,6,69,2,1,1,0,0.5,3,27,,,,
4988480,1991,11351,1990,"SU","",,1,19,419,5,52,4,20,1,0.825,0.375,3.95,2.25,,,,
4988622,1991,11351,1987,"SU","",,1,2,435,3,33,2,0,1,,0.5,,3.5,,,,
4989445,1991,11358,1990,"SU","",,1,5,73,4,43,2,0,0,,,,59.5,,,,
4990732,1991,11358,1988,"SU","",,1,6,219,4,49,5,1,0.6,0,0,9,21.2,,,,
4991423,1991,11365,1989,"SU","",,1,7,73,4,43,1,1,0,0,,6,31,,,,
4991664,1991,11365,1990,"SU","",,1,1,173,5,51,1,0,1,,0,,11,,,,
4992006,1991,11365,1990,"SU","",,1,10,406,5,59,3,0,1,,0,,14.3333,,,,
4992243,1991,11365,1990,"SU","",,1,4,422,1,19,1,0,1,,0,,7,,,,
4992667,1991,11365,1989,"SU","",,1,4,250,4,44,1,2,1,0.5,0,4.5,14,,,,
4993098,1991,11372,1989,"SU","",,1,3,15,6,69,0,0,,,,,,,,,
4993991,1991,11372,1989,"SU","",,1,3,460,6,61,3,1,1,0,0,3,10.6667,,,,
4994176,1991,11372,1989,"SU","",,1,8,209,5,51,3,3,0.6667,0.6667,0,4.6667,24.3333,,,,
4994644,1991,11372,1990,"SU","",,1,3,219,4,49,0,0,,,,,,,,,
4994645,1991,11372,1990,"SU","",,1,2,219,4,49,0,0,,,,,,,,,
4994721,1991,11372,1989,"SU","",,1,2,318,4,45,5,1,1,0,0.72,3,12.8,,,,
4994748,1991,11372,1990,"SU","",,1,3,324,4,43,5,2,0.8,0.5,0.75,3,15.4,,,,
4995267,1991,11379,1988,"SU","",,1,8,73,4,43,2,1,1,0,0,7,4.5,,,,
4995730,1991,11379,1988,"SU","",,1,2,366,1,19,7,1,1,0,0.2449,3,13.1429,,,,
4996409,1991,11379,1989,"SU","",,1,37,219,4,49,3,1,1,0,0,6,6.3333,,,,
4996887,1991,11386,1989,"SU","",,1,2,73,4,43,8,1,0.875,0,0.4082,7,12.875,,,,
4997292,1991,11386,1990,"SU","",394850,3,4,384,5,59,3,4,1,0.375,0.4444,4,7,0,0,0,0
4997551,1991,11386,1989,"SU","",,1,4,209,5,51,4,0,0.5,,0,,45,,,,
4998846,1991,11393,1990,"SU","",,1,6,405,6,64,7,0,0.5714,,0.625,,31,,,,
4999188,1991,11393,1989,"SU","",,1,2,424,3,31,0,0,,,,,,,,,
4999476,1991,11393,1990,"SU","",275225,7,3,219,4,49,2,0,1,,0,,14.5,0,0,,
4999479,1991,11393,1990,"SU","",,1,9,219,4,49,2,2,1,0.5,0,6,16,,,,
5000517,1991,11400,1990,"SU","",228720,3,2,299,6,64,5,1,0.8,0,0,5,19.6,0.6667,0.4,0,0
5001380,1991,11400,1989,"SU","",,1,3,310,4,45,1,1,1,0,0,4,8,,,,
5001523,1991,11400,1989,"SU","",,1,3,359,5,54,7,9,1,0.6173,0.5714,4.5556,7.5714,,,,
5001667,1991,11400,1988,"SU","",276555,3,3,365,2,24,6,0,0.8333,,0.48,,20.3333,0,0,,
5001691,1991,11400,1988,"SU","",,1,5,369,2,24,6,1,1,0,0.4444,6,12.3333,,,,
5001918,1991,11407,1989,"SU","",,1,13,72,5,52,7,0,0.4286,,0,,34.8571,,,,
5002933,1991,11407,1989,"SU","",,1,5,514,3,31,2,0,1,,0,,6,,,,
5003149,1991,11407,1990,"SU","",275225,3,4,219,4,49,0,0,,,,,,,,,
5003728,1991,11414,1988,"SU","",615000,7,3,451,5,51,9,1,0.7778,0,0.2449,9,21.1111,0,0,0,0
5004021,1991,11414,1989,"SU","",275910,3,3,141,5,51,6,1,0.6667,0,0.75,4,23.1667,0,0,0,0
5004050,1991,11414,1990,"SU","",,1,22,166,6,64,11,1,1,0,0.1653,4,12.4545,,,,
5004056,1991,11414,1990,"SU","",,1,9,175,6,64,5,1,0.6,0,0,4,17.8,,,,
5004885,1991,11414,1990,"SU","",,1,2,219,4,49,0,0,,,,,,,,,
5005363,1991,11421,1989,"SU","",,1,5,62,6,69,8,0,1,,0.5313,,19.625,,,,
5006776,1991,11421,1989,"SU","",59000,3,7,318,4,45,12,0,1,,0,,8.8333,0,0,,
5008098,1991,11428,1988,"SU","",,1,8,423,1,19,5,5,1,0.56,0.32,4.4,7.6,,,,
5009037,1991,11435,1988,"SU","",,1,6,451,5,51,1,0,0,,,,53,,,,
5009399,1991,11435,1990,"SU","",,1,5,266,5,52,2,0,1,,0.5,,2.5,,,,
5010106,1991,11435,1989,"SU","",,1,11,514,3,31,0,1,,0,,3,,,,,
5010503,1991,11435,1989,"SU","",275225,3,2,702,2,22,5,3,1,0.6667,0.48,4.3333,5,0,0,0,0
5010963,1991,11442,1990,"SU","",,1,1,173,5,51,6,3,1,0,0,3.6667,10.1667,,,,
5011491,1991,11442,1990,"SU","",,1,1,606,3,32,7,3,0.8571,0.4444,0.5,3,18.1429,,,,
5011493,1991,11442,1987,"SU","",,1,5,606,3,32,8,11,1,0.1653,0.5313,8.2727,15.625,,,,
5012649,1991,11449,1990,"SU","",,1,1,60,4,45,1,0,1,,0,,14,,,,
5012759,1991,11449,1989,"SU","",,1,5,118,1,12,4,0,0.5,,0,,24.25,,,,
5012762,1991,11449,1990,"SU","",,1,3,119,6,61,8,1,0.875,0,0.449,1,15.875,,,,
5013951,1991,11449,1990,"SU","",,1,6,310,4,45,5,7,1,0.4082,0,4,11.2,,,,
5014315,1991,11449,1989,"SU","",,1,9,379,2,21,5,3,1,0.6667,0,5.3333,9.8,,,,
5014517,1991,11456,1989,"SU","",,1,2,62,6,69,8,2,1,0,0.5313,6,22.5,,,,
5014779,1991,11456,1990,"SU","",,1,1,166,6,64,7,0,0.5714,,0.625,,41.2857,,,,
5016088,1991,11456,1989,"SU","",275945,3,1,257,4,46,4,3,0.75,0.4444,0,4.3333,17.5,0,0,0,0
5016566,1991,11463,1990,"SU","",,1,7,118,1,12,2,4,1,0.625,0.5,5,12,,,,
5016569,1991,11463,1990,"SU","",330255,3,3,119,6,61,2,1,1,0,0,1,9,0,0,0,0
5017611,1991,11463,1989,"SU","",,1,2,514,3,31,2,0,1,,0,,5.5,,,,
5018525,1991,11470,1989,"SU","",312300,3,2,607,3,32,3,0,1,,0.4444,,4.3333,0,0,,
5019683,1991,11470,1989,"SU","",,1,5,219,4,49,4,4,1,0,0.625,4.75,18.5,,,,
5020279,1991,11477,1989,"SU","",493660,3,1,451,5,51,1,3,0,0,,4.6667,30,0,0,0,0
5020859,1991,11477,1990,"SU","",536675,7,10,299,6,64,2,0,1,,0,,9.5,0,0,,
5021568,1991,11477,1990,"SU","",,1,5,540,1,14,3,0,1,,0.4444,,7,,,,
5022280,1991,11484,1989,"SU","",,1,1,74,5,59,1,6,1,0.4444,0,6.5,14,,,,
5022594,1991,11484,1990,"SU","",,1,7,241,5,51,3,0,1,,0,,7,,,,
5022925,1991,11484,1989,"SU","",,1,7,106,1,12,11,1,0.5455,0,0.2778,7,36.4545,,,,
5024071,1991,11491,1989,"SU","",,1,10,70,6,65,6,1,0.1667,0,0,2,53.6667,,,,
5024124,1991,11491,1989,"SU","",,1,3,74,5,59,6,1,1,0,0.6111,8,5.1667,,,,
5024652,1991,11491,1990,"SU","",,1,13,604,3,32,5,13,1,0.5562,0.32,4.6154,11.8,,,,
5024658,1991,11491,1989,"SU","",,1,3,604,3,32,2,21,0.5,0.576,0,5.381,24.5,,,,
5026220,1991,11498,1990,"SU","",,1,2,408,5,51,2,1,1,0,0.5,4,6.5,,,,
5026909,1991,11498,1989,"SU","",,1,3,562,1,14,2,0,1,,0.5,,13.5,,,,
5027897,1991,11505,1990,"SU","",,1,8,166,6,64,6,0,1,,0,,11.1667,,,,
5028304,1991,11505,1990,"SU","",,1,10,205,1,19,9,2,0.8889,0.5,0,5,18.8889,,,,
5028308,1991,11505,1989,"SU","",,1,1,204,1,19,1,1,1,0,0,4,7,,,,
5028479,1991,11505,1989,"SU","",,1,1,428,6,69,5,2,0.8,0,0.5,5,23.2,,,,
5028544,1991,11505,1988,"SU","",,1,5,436,1,19,2,4,1,0.625,0.5,6.25,3,,,,
5029548,1991,11512,1990,"SU","",,1,22,114,5,55,4,1,1,0,0.5,4,17.75,,,,
5029575,1991,11512,1988,"SU","",,1,4,601,3,32,5,2,0.4,0.5,0.5,8,32.6,,,,
5029675,1991,11512,1990,"SU","",,1,5,188,5,53,7,0,0.8571,,0.5,,18,,,,
5030288,1991,11512,1990,"SU","",,1,7,106,1,12,0,2,,0.5,,4,,,,,
5030790,1991,11512,1989,"SU","",,1,3,585,1,19,9,2,1,0,0.3704,2.5,13.8889,,,,
5030817,1991,11512,1990,"SU","",,1,1,219,4,49,0,0,,,,,,,,,
5031521,1991,11519,1990,"SU","",,1,1,99,6,61,7,6,0.7143,0.4444,0.32,4.8333,28.8571,,,,
5031699,1991,11519,1990,"SU","",,1,4,166,6,64,8,1,0.75,0,0.2778,6,19.75,,,,
5031707,1991,11519,1990,"SU","",,1,5,175,6,64,3,3,1,0.4444,0,2.6667,11.3333,,,,
5031963,1991,11519,1990,"SU","",,1,9,299,6,64,0,0,,,,,,,,,
5032370,1991,11519,1990,"SU","",,1,13,423,1,19,1,1,1,0,0,4,18,,,,
5033679,1991,11526,1989,"SU","",,1,4,239,5,59,2,4,0.5,0,0,7.5,21.5,,,,
5034943,1991,11526,1988,"SU","",276555,3,9,369,2,24,4,0,1,,0.375,,7.5,0,0,,
5035142,1991,11533,1989,"SU","",,1,5,148,5,52,6,1,1,0,0.6111,3,11.6667,,,,
5035552,1991,11533,1990,"SU","",,1,3,408,5,51,2,3,1,0.4444,0,4.6667,14.5,,,,
5036170,1991,11533,1989,"SU","",,1,10,219,4,49,5,4,1,0.75,0.56,5,8,,,,
5036401,1991,11533,1990,"SU","",,1,8,348,4,49,4,2,0.75,0,0,4.5,17.5,,,,
5036735,1991,11540,1989,"SU","",,1,1,82,5,51,2,1,1,0,0,2,9.5,,,,
5036783,1991,11540,1989,"SU","",,1,4,114,5,55,9,1,0.4444,0,0.375,5,53.6667,,,,
5037125,1991,11540,1990,"SU","",,1,2,280,5,55,1,1,1,0,0,5,2,,,,
5037197,1991,11540,1990,"SU","",,1,2,356,4,43,0,3,,0.6667,,3.6667,,,,,
5037394,1991,11540,1990,"SU","",,1,1,604,3,32,3,4,1,0,0,3.5,4,,,,
5037609,1991,11540,1990,"SU","",,1,3,420,5,52,2,0,0.5,,0,,46.5,,,,
5037997,1991,11540,1989,"SU","",276005,3,3,585,1,19,8,3,0.875,0.4444,0.4082,5.6667,9.125,0,0,0,0
5038106,1991,11540,1990,"SU","",,1,5,324,4,43,2,1,1,0,0.5,8,14.5,,,,
5039152,1991,11547,1990,"SU","",,1,1,295,5,55,3,2,1,0,0,5,15.3333,,,,
5039253,1991,11547,1989,"SU","",,1,4,405,6,64,6,0,1,,0,,14.3333,,,,
5039323,1991,11547,1990,"SU","",,1,5,55,1,13,3,3,1,0.4444,0.6667,4.3333,12.3333,,,,
5039946,1991,11547,1990,"SU","",284320,7,4,324,4,43,2,2,1,0,0,5.5,11.5,0,0,0,0
5040154,1991,11547,1989,"SU","",,1,1,367,2,21,3,0,1,,0.6667,,4,,,,
5041090,1991,11554,1989,"SU","",,1,2,604,3,32,13,11,1,0.6116,0.4615,4.7273,8.4615,,,,
5041137,1991,11554,1990,"SU","",,1,1,623,3,39,3,1,1,0,0,7,11,,,,
5041755,1991,11554,1989,"SU","",,1,4,313,4,42,3,2,1,0.5,0,6.5,7.6667,,,,
5042490,1991,11561,1989,"SU","",,1,1,600,3,32,1,0,1,,0,,1,,,,
5043020,1991,11561,1990,"SU","",,1,1,106,1,12,3,1,1,0,0,5,10.6667,,,,
5043059,1991,11561,1989,"SU","",,1,6,209,5,51,7,0,0.5714,,0,,33.4286,,,,
5043437,1991,11561,1989,"SU","",,1,6,536,1,14,5,1,1,0,0,2,11.2,,,,
5046430,1991,11575,1990,"SU","",304725,3,3,104,5,55,5,0,0.6,,0,,35,0,0,,
5046670,1991,11575,1989,"SU","",,1,10,241,5,51,6,0,0.3333,,0,,40,,,,
5046902,1991,11575,1990,"SU","",,1,6,408,5,51,3,2,0.3333,0.5,0,5,62.6667,,,,
5047136,1991,11575,1989,"SU","",,1,2,204,1,19,1,0,1,,0,,7,,,,
5049023,1991,11582,1990,"SU","",,1,2,414,5,51,6,5,0.8333,0.56,0.32,3.2,9.6667,,,,
5050391,1991,11589,1991,"SU","",36605,2,21,62,6,69,11,14,1,0.1327,0.314,3.5714,8.2727,0,0,0,0
5050687,1991,11589,1990,"SU","",,1,1,173,5,51,6,2,0.6667,0,0,7,23,,,,
5050997,1991,11589,1989,"SU","",,1,4,366,1,19,6,1,1,0,0,8,13.5,,,,
5051859,1991,11589,1988,"SU","",,1,4,361,4,45,1,0,1,,0,,10,,,,
5052619,1991,11596,1990,"SU","",,1,3,239,5,59,4,4,0.75,0,0.4444,4.5,12.75,,,,
5052887,1991,11596,1989,"SU","",,1,1,415,5,53,6,3,1,0.4444,0,4.3333,9,,,,
5053113,1991,11596,1990,"SU","",,1,2,205,1,19,3,1,0.6667,0,0.5,5,22.6667,,,,
5053192,1991,11596,1990,"SU","",,1,1,419,5,52,2,1,1,0,0.5,4,3.5,,,,
5054750,1991,11603,1990,"SU","",,1,3,266,5,52,1,0,1,,0,,11,,,,
5057198,1991,11610,1990,"SU","",275930,7,1,205,1,19,2,1,1,0,0.5,7,17,0,0,0,0
5058432,1991,11617,1989,"SU","",,1,23,73,4,43,4,1,1,0,0,6,5.75,,,,
5059214,1991,11617,1989,"SU","",614800,3,16,606,3,32,10,3,0.8,0.4444,0,5.3333,20.7,0,0,0,0
5059256,1991,11617,1990,"SU","",,1,8,219,4,49,2,2,1,0.5,0,5,5,,,,
5059495,1991,11617,1990,"SU","",615000,3,1,429,4,45,3,1,1,0,0.6667,2,11,0,0,0,0
5059717,1991,11617,1990,"SU","",,1,1,568,1,14,0,0,,,,,,,,,
5060518,1991,11624,1990,"SU","",386065,3,2,73,4,43,4,1,1,0,0,5,9,0,0,0,0
5061491,1991,11624,1989,"SU","",,1,7,424,3,31,1,6,1,0.2778,0,6.5,2,,,,
5062293,1991,11631,1990,"SU","",394910,3,39,73,4,43,7,2,0.8571,0.5,0,5.5,19.5714,0,0,0,0
5062301,1991,11631,1989,"SU","",,1,12,73,4,43,2,5,1,0,0,5.8,17.5,,,,
5062309,1991,11631,1990,"SU","",276015,3,5,73,4,43,1,2,1,0.5,0,3.5,4,0,0,0,0
5063716,1991,11638,1990,"SU","",,1,1,52,6,69,3,1,0.3333,0,0,4,49.6667,,,,
5064003,1991,11638,1989,"SU","",,1,2,173,5,51,3,2,1,0,0.4444,3,16.3333,,,,
5064521,1991,11638,1990,"SU","",59015,3,10,204,1,19,7,3,0.8571,0,0.4444,5,15.7143,0,0,0,0
5064758,1991,11638,1990,"SU","",276115,3,6,435,3,33,5,0,1,,0.64,,11.2,0,0,,
5064808,1991,11638,1989,"SU","",701005,3,27,505,4,46,6,1,0.8333,0,0.8,4,14.5,0,0,0,0
5065744,1991,11645,1991,"SU","",,1,4,600,3,32,0,6,,0.6111,,4,,,,,
5066314,1991,11645,1990,"SU","",542260,3,4,95,1,13,14,2,0.7857,0.5,0,5,20.7857,0,0,0,0
5066389,1991,11645,1990,"SU","",,1,8,209,5,51,0,1,,0,,5,,,,,
5067952,1991,11652,1990,"SU","",,1,8,606,3,32,10,22,1,0.3182,0.48,5,4,,,,
5067954,1991,11652,1990,"SU","",,1,4,606,3,32,7,3,1,0,0.2449,5,8.8571,,,,
5069744,1991,11659,1990,"SU","",,1,3,117,1,19,3,1,1,0,0,6,17.6667,,,,
5070076,1991,11659,1989,"SU","",333770,3,14,514,3,31,1,5,1,0.32,0,4.8,8,0,0,0,0
5070225,1991,11659,1990,"SU","",275225,3,5,219,4,49,1,0,1,,0,,12,0,0,,
5071247,1991,11666,1989,"SU","",,1,13,356,4,43,9,2,1,0.5,0.3704,4,10.3333,,,,
5071330,1991,11666,1989,"SU","",,1,4,418,5,53,2,0,0,,,,60,,,,
5072992,1991,11673,1990,"SU","",,1,7,299,6,64,1,1,1,0,0,4,15,,,,
5074383,1991,11680,1990,"SU","",,1,3,187,5,55,1,1,1,0,0,1,6,,,,
5075105,1991,11680,1991,"SU","",,1,1,424,3,31,3,0,1,,0.4444,,6,,,,
5076266,1991,11687,1990,"SU","",49740,3,8,128,3,32,2,2,0.5,0,0,5.5,30,0,0,0,0
5076914,1991,11687,1989,"SU","",,1,7,210,1,19,6,3,1,0.6667,0.2778,6.3333,10.8333,,,,
5077063,1991,11687,1989,"SU","",,1,2,426,6,61,3,0,1,,0,,11.6667,,,,
5078011,1992,11694,1989,"SU","",321701,3,2,73,4,43,5,1,1,0,0,4,8,0,0,0,0
5079877,1992,11701,1989,"SU","",493656,3,4,451,5,51,5,3,0.2,0,0,4.6667,40.4,0,0,0,0
5080522,1992,11701,1989,"SU","",,1,1,403,6,67,6,0,1,,0.5,,10.8333,,,,
5083579,1992,11715,1989,"SU","",,1,14,131,6,61,0,4,,0,,5,,,,,
5083608,1992,11715,1990,"SU","",,1,7,166,6,64,7,2,0.8571,0,0.6111,4.5,16.5714,,,,
5085627,1992,11722,1991,"SU","",371430,3,4,600,3,32,3,3,0.6667,0.4444,0,4.6667,37,0,0,0,0
5085691,1992,11722,1990,"SU","",,1,5,75,5,52,0,1,,0,,3,,,,,
5087175,1992,11729,1990,"SU","",,1,1,417,5,53,3,0,0.6667,,0.5,,28,,,,
5087712,1992,11729,1990,"SU","",,1,5,556,1,14,4,1,1,0,0.625,3,4.5,,,,
5088638,1992,11736,1989,"SU","",,1,4,228,5,52,2,3,1,0.4444,0.5,6.6667,16.5,,,,
5089128,1992,11736,1990,"SU","",593180,3,23,210,1,19,3,1,1,0,0.4444,5,8.3333,0,0,0,0
5090961,1992,11743,1990,"SU","",446446,3,2,604,3,32,5,2,1,0,0,3,5,0,0,0,0
5092494,1992,11750,1990,"SU","",589591,3,2,222,1,19,3,1,0.3333,0,0,6,35.3333,0,0,0,0
5092720,1992,11750,1991,"SU","",493656,3,2,409,5,51,3,3,0.6667,0,0.5,4.3333,33.3333,0,0,0,0
5092932,1992,11750,1990,"SU","",,1,9,106,1,12,1,5,1,0.64,0,4.2,29,,,,
5093106,1992,11750,1990,"SU","",,1,10,424,3,31,4,4,1,0.75,0.625,4,4,,,,
5093125,1992,11750,1990,"SU","",386152,3,1,424,3,31,2,0,1,,0.5,,20.5,0,0,,
5094855,1992,11757,1990,"SU","",386152,3,2,424,3,31,3,0,1,,0.6667,,18,0,0,,
5094856,1992,11757,1990,"SU","",386152,7,3,424,3,31,2,0,1,,0.5,,20.5,0,0,,
5095627,1992,11764,1990,"SU","",,1,19,29,5,52,4,3,1,0.6667,0.375,3.6667,12.25,,,,
5095901,1992,11764,1990,"SU","",,1,3,607,3,32,3,1,1,0,0.4444,4,11.3333,,,,
5103073,1992,11785,1989,"SU","",,1,6,219,4,49,5,10,1,0.48,0.56,5.3,7.6,,,,
5105889,1992,11799,1990,"SU","",,1,23,166,6,64,6,9,1,0,0.5,5.2222,11,,,,
5108359,1992,11806,1990,"SU","",192996,2,6,600,3,32,6,5,1,0.32,0.2778,3,5.6667,0,0,0.25,0.2
5109705,1992,11813,1990,"SU","",,1,2,73,4,43,5,0,1,,0,,17.2,,,,
5110995,1992,11813,1991,"SU","",682211,3,11,568,1,14,4,11,1,0.2975,0.375,5.4545,4.5,0,0,0,0
5114496,1992,11827,1989,"SU","",,1,7,134,6,69,10,1,0.8,0,0.4063,6,21.3,,,,
5116492,1992,11834,1990,"SU","",682820,3,2,210,1,19,12,2,0.6667,0.5,0.2188,2.5,32.6667,0,0,0,0
5116915,1992,11834,1987,"SU","",682862,3,7,526,1,15,2,2,1,0.5,0,8.5,24.5,0,0,0,0
5117084,1992,11834,1990,"SU","",,1,4,219,4,49,2,1,1,0,0,1,16.5,,,,
5119661,1992,11848,1990,"SU","",,1,2,72,5,52,4,0,0.75,,0,,34,,,,
5123733,1992,11862,1990,"SU","",276580,3,6,356,4,43,3,1,1,0,0.4444,1,12,0,0,0,0
5124017,1992,11862,1990,"SU","",,1,2,204,1,19,5,1,1,0,0.32,7,9,,,,
5124257,1992,11862,1989,"SU","",,1,6,435,3,33,0,1,,0,,4,,,,,
5127710,1992,11876,1991,"SU","",,1,7,299,6,64,3,3,1,0.4444,0,3.6667,13.3333,,,,
5128134,1992,11876,1990,"SU","",,1,4,424,3,31,2,1,1,0,0.5,5,17,,,,
5129506,1992,11883,1991,"SU","",684122,3,2,198,5,59,10,1,0.8,0,0,3,17.6,0,0,0,0
5131409,1992,11890,1991,"SU","",,1,12,607,3,32,3,4,0.3333,0.375,0,3.25,46.6667,,,,
5133376,1992,11897,1991,"SU","",,1,1,134,6,69,6,5,0.8333,0.32,0.72,3.4,20.5,,,,
5133416,1992,11897,1990,"SU","",,1,4,175,6,64,7,1,0.7143,0,0.32,6,26.7143,,,,
5135466,1992,11904,1991,"SU","",,1,9,600,3,32,4,1,1,0,0.625,5,7.5,,,,
5135512,1992,11904,1991,"SU","",,1,5,604,3,32,1,2,1,0,0,2,2,,,,
5136815,1992,11911,1991,"SU","",,1,13,451,5,51,5,2,0.6,0.5,0.4444,1,20.2,,,,
5137018,1992,11911,1990,"SU","",,1,4,607,3,32,2,2,1,0,0.5,4.5,2.5,,,,
5141776,1992,11925,1990,"SU","",,1,7,427,1,12,3,1,1,0,0,6,18.3333,,,,
5143837,1992,11932,1990,"SU","",685534,3,13,435,3,33,2,1,1,0,0,6,13.5,0,0,0,0
5145640,1992,11939,1990,"SU","",,1,9,422,1,19,8,1,0.75,0,0.7778,4,21.125,,,,
5147284,1992,11946,1990,"SU","",,1,12,600,3,32,1,4,1,0.375,0,6.5,6,,,,
5148031,1992,11946,1991,"SU","",,1,1,250,4,44,2,2,1,0,0.5,1,10.5,,,,
5148462,1992,11946,1991,"SU","",684030,2,6,378,4,44,3,5,1,0.32,0,4.8,6.3333,0,0,0,0
5149677,1992,11953,1991,"SU","",,1,4,501,1,19,5,17,0.8,0.8097,0.625,3.1765,12.4,,,,
5152286,1992,11967,1991,"SU","",686327,3,9,607,3,32,0,1,,0,,3,,,,0,0
5153337,1992,11967,1991,"SU","",24425,2,18,549,1,14,1,0,1,,0,,4,0,0,,
5156026,1992,11981,1991,"SU","",,1,2,68,6,63,5,0,0.4,,0,,28.8,,,,
5158618,1992,11988,1991,"SU","",686934,2,21,136,4,45,3,1,1,0,0,3,14.3333,0,0,0,0
5158695,1992,11988,1991,"SU","",,1,1,508,5,59,7,1,0.8571,0,0.5,4,13.5714,,,,
5160592,1992,11995,1991,"SU","",687124,3,3,204,1,19,5,2,1,0.5,0.56,2,18.8,0,0,0,0
5161483,1992,12002,1991,"SU","",,1,1,119,6,61,3,1,1,0,0,5,3.3333,,,,
5161603,1992,12002,1991,"SU","",,1,7,164,5,52,6,1,1,0,0,2,11.1667,,,,
5163526,1992,12009,1990,"SU","",639025,3,22,188,5,53,8,3,1,0.4444,0.625,6.6667,13.25,0,0,0,0
5164623,1992,12009,1991,"SU","",,1,23,310,4,45,8,5,0.5,0.32,0.375,3.2,41.5,,,,
5165609,1992,12016,1991,"SU","",687637,2,17,241,5,51,9,0,0.8889,,0.7188,,17.4444,0,0,,
5166348,1992,12016,1991,"SU","",687694,3,2,544,1,14,0,0,,,,,,,,,
5171142,1992,12037,1991,"SU","",589591,3,1,418,5,53,3,0,1,,0,,13.6667,0,0,,
5175107,1992,12051,1990,"SU","",14230,3,1,435,3,33,2,6,1,0.2778,0,5.6667,10.5,0,0,0.6667,0.6667
5175755,1992,12051,1991,"SU","",688596,2,26,378,4,44,1,6,1,0.7222,0,4.6667,1,0,0,0.2,0.1667
5176139,1993,12058,1991,"SU","",,1,3,600,3,32,2,2,0.5,0.5,0,6,21,,,,
5180429,1993,12072,1991,"SU","",,4,2,106,1,12,13,0,0.4615,,0.2778,,43.5385,,,,
5180698,1993,12072,1991,"SU","",,1,20,501,1,19,3,2,1,0.5,0.4444,6,15,,,,
