5181549,1993,12079,1991,"SU","",689166,2,19,164,5,52,4,4,1,0.625,0.75,4.25,12,0,0,0,0
5184678,1993,12093,1991,"SU","",238335,2,14,166,6,64,6,4,0.6667,0.375,0,4,25.6667,0,0,0,0
5184687,1993,12093,1990,"SU","",,1,1,175,6,64,9,0,0.6667,,0.2778,,18.7778,,,,
5187277,1993,12100,1991,"SU","",,1,2,544,1,14,3,4,1,0.5,0.4444,3,9.3333,,,,
5188636,1993,12107,1992,"SU","",182890,2,34,606,3,32,4,43,1,0.2153,0.5,2.7442,5.75,0,0,0.0556,0.0465
5190907,1993,12114,1991,"SU","",,1,17,502,1,19,1,0,1,,0,,12,,,,
5192869,1993,12121,1991,"SU","",688596,2,69,250,4,44,5,17,1,0.7474,0.64,4.9412,8.2,0,0,0.2857,0.2353
5194126,1993,12128,1991,"SU","",623080,3,4,205,1,19,7,2,0.8571,0.5,0.6667,4,15.7143,0,0,0,0
5194140,1993,12128,1991,"SU","",346500,2,20,205,1,19,10,5,1,0,0.18,4.2,14.9,0,0,0,0
5195631,1993,12135,1991,"SU","",690565,2,1,198,5,59,3,0,0.3333,,0,,42.6667,0,0,,
5197304,1993,12142,1991,"SU","",,1,4,68,6,63,3,0,0.3333,,0,,53.3333,,,,
5197473,1993,12142,1992,"SU","",,1,4,600,3,32,2,1,0.5,0,0,4,21,,,,
5197980,1993,12142,1991,"SU","",,1,6,623,3,39,2,10,1,0.18,0.5,4.9,9,,,,
5198552,1993,12142,1991,"SU","",,1,12,548,1,14,3,0,1,,0,,11.6667,,,,
5199503,1993,12149,1991,"SU","",,5,5,172,6,64,17,3,0.4706,0,0,2.6667,26.3529,,,,
5199768,1993,12149,1991,"SU","",,1,6,299,6,64,0,0,,,,,,,,,
5201367,1993,12156,1991,"SU","",,1,1,165,6,66,5,1,0.8,0,0.625,5,23.2,,,,
5201771,1993,12156,1991,"SU","",,1,7,623,3,39,4,4,1,0,0.375,5,8,,,,
5203782,1993,12163,1991,"SU","",,1,4,606,3,32,9,19,1,0.277,0.4938,4.3684,5,,,,
5204302,1993,12163,1991,"SU","",687637,2,59,502,1,19,9,2,1,0.5,0.716,3.5,11.3333,0,0,0,0
5204309,1993,12163,1991,"SU","",691365,2,13,502,1,19,4,1,1,0,0.375,4,12.5,0,0,0,0
5205648,1993,12170,1991,"SU","",691496,3,6,366,1,19,6,6,1,0.7222,0.7778,4.6667,14.6667,0,0,0,0
5207066,1993,12177,1991,"SU","",,1,10,62,6,69,5,3,1,0,0,4.3333,4.6,,,,
5207623,1993,12177,1992,"SU","",691643,3,6,482,5,59,5,3,1,0.4444,0.48,3,12.6,0,0,0,0
5211425,1993,12191,1992,"SU","",,1,1,281,6,69,2,0,0.5,,0,,29,,,,
5211646,1993,12191,1991,"SU","",,1,10,606,3,32,7,2,0.7143,0,0.32,4,17.4286,,,,
5212134,1993,12191,1991,"SU","",,1,3,502,1,19,4,0,1,,0.5,,7.5,,,,
5212735,1993,12191,1991,"SU","",,1,21,381,4,49,7,0,1,,0,,12.8571,,,,
5212956,1993,12198,1991,"SU","",36605,2,26,62,6,69,2,3,0,0.6667,,4,46,0,0,0,0
5216145,1993,12205,1991,"SU","",24425,2,7,536,1,14,0,2,,0.5,,3,,,,0.5,0.5
5218271,1993,12212,1991,"SU","",692637,3,5,315,4,42,4,6,1,0.6111,0.375,4.1667,3.5,0,0,0,0
5220966,1993,12226,1992,"SU","",692869,3,4,175,6,64,2,1,1,0,0,1,17.5,0,0,0,0
5221197,1993,12226,1991,"SU","",,1,3,418,5,53,4,0,1,,0,,16.25,,,,
5222409,1993,12233,1991,"SU","",,1,13,74,5,59,8,6,0.875,0.6111,0.6122,5,18,,,,
5225575,1993,12240,1991,"SU","",682211,3,3,549,1,14,23,0,0.7391,,0.4706,,22.7391,0,0,,
5226102,1993,12240,1990,"SU","",693318,3,2,385,2,21,8,0,1,,0.5625,,7.25,0,0,,
5226299,1993,12247,1990,"SU","",,1,4,62,6,69,14,2,0.9286,0,0.3787,8,18.6429,,,,
5228526,1993,12254,1991,"SU","",,1,14,175,6,64,4,0,0.75,,0.4444,,20.75,,,,
5229867,1993,12254,1990,"SU","",,1,7,358,2,21,10,2,1,0.5,0,5.5,5.9,,,,
5234111,1993,12275,1990,"SU","",,1,1,209,5,51,3,0,1,,0.4444,,14.6667,,,,
5236092,1993,12282,1992,"SU","",,1,2,209,5,51,9,0,0.8889,,0.2188,,17.4444,,,,
5236410,1993,12282,1991,"SU","",192996,2,32,600,3,32,7,19,1,0.4211,0.6122,4.3684,3.8571,0.5,0.1429,0,0
5238929,1993,12289,1991,"SU","",690565,2,8,514,3,31,2,0,1,,0,,10,0,0,,
5240066,1993,12296,1991,"SU","",687637,2,29,164,5,52,8,2,1,0.5,0.6875,5.5,16.5,0,0,0,0
5240371,1993,12296,1991,"SU","",,1,1,415,5,53,11,1,0.7273,0,0.6875,2,26,,,,
5240510,1993,12296,1991,"SU","",690565,2,6,136,4,45,2,3,1,0,0.5,4.6667,19,0,0,0,0
5242457,1993,12303,1992,"SU","",182890,2,17,606,3,32,21,29,0.4286,0.5089,0.6667,3.2069,54.2857,0.1429,0.0476,0.1429,0.1034
5242479,1993,12303,1992,"SU","",694874,2,12,75,5,52,5,0,1,,0.64,,13,0,0,,
5249451,1993,12331,1992,"SU","",,1,12,72,5,52,1,2,1,0,0,4.5,20,,,,
5250131,1993,12331,1992,"SU","",,1,2,156,1,19,2,0,0,,,,61.5,,,,
5252809,1993,12338,1991,"SU","",695752,3,16,219,4,49,16,2,0.9375,0.5,0.7556,5,10.625,0,0,0,0
5254502,1993,12345,1992,"SU","",695915,2,15,438,4,46,19,5,1,0.64,0.7424,2,9.5789,0,0,0.4,0.4
5254751,1993,12345,1992,"SU","",218550,2,39,568,1,14,1,10,1,0,0,2.7,11,0,0,0.6,0.6
5256017,1993,12352,1990,"SU","",696062,3,1,411,5,59,10,3,0.9,0,0,4.3333,16.8,0,0,0,0
5257623,1993,12359,1990,"SU","",,1,20,607,3,32,5,8,0.8,0.2188,0,5.25,13.8,,,,
5258025,1993,12359,1992,"SU","",,1,3,623,3,39,7,8,0.8571,0.6875,0.2778,3.875,10.5714,,,,
5261656,1993,12373,1992,"SU","",,1,2,271,5,51,6,1,1,0,0.2778,2,7.1667,,,,
5261787,1993,12373,1992,"SU","",696568,2,10,415,5,53,9,1,0.2222,0,0.5,5,57.7778,0,0,0,0
5262208,1993,12373,1992,"SU","",696607,2,13,427,1,12,4,0,1,,0.375,,9.25,0,0,,
5262611,1993,12373,1991,"SU","",243770,3,13,219,4,49,3,0,1,,0.4444,,7.6667,0,0,,
5265612,1993,12387,1992,"SU","",696933,2,6,600,3,32,19,10,1,0,0.1884,3.2,4.7895,0,0,0,0
5274225,1993,12415,1991,"SU","",690826,2,14,250,4,44,2,3,1,0.6667,0,2.6667,1,0,0,0,0
5275486,1994,12422,1993,"SU","",691496,3,10,366,1,19,6,3,1,0.6667,0.7778,3.6667,15.6667,0,0,0,0
5277317,1994,12429,1993,"SU","",,1,1,209,5,51,3,0,1,,0.4444,,15.6667,,,,
5277383,1994,12429,1992,"SU","",,1,6,244,5,55,4,2,0.75,0.5,0,1,30,,,,
5281226,1994,12443,1991,"SU","",,1,4,606,3,32,7,3,1,0.4444,0.4898,3.6667,10.1429,,,,
5281315,1994,12443,1992,"SU","",696607,2,10,204,1,19,0,0,,,,,,,,,
5282899,1994,12450,1992,"SU","",698633,2,51,118,1,12,6,7,1,0.6939,0.7778,2.8571,8.3333,0,0,0,0
5283798,1994,12450,1992,"SU","",695915,2,8,372,4,42,4,2,1,0.5,0.5,4.5,3.5,0,0,0,0
5286277,1994,12464,1992,"SU","",698942,2,126,75,5,52,3,2,1,0.5,0.4444,3.5,8.3333,0,0,0,0
5286829,1994,12464,1990,"SU","",,1,21,527,1,15,1,2,1,0.5,0,5.5,7,,,,
5288346,1994,12471,1992,"SU","",689166,2,8,148,5,52,2,1,1,0,0,1,21,0,0,1,1
5290380,1994,12478,1992,"SU","",699298,3,4,156,1,19,1,0,0,,,,71,0,0,,
5296054,1994,12499,1992,"SU","",699841,3,6,148,5,52,2,2,1,0.5,0,4,7.5,0,0,0,0
5296144,1994,12499,1992,"SU","",699853,2,12,210,1,19,4,2,1,0.5,0.625,2.5,6.5,0,0,0,0
5296274,1994,12499,1991,"SU","",,1,6,427,1,12,6,6,0.8333,0,0.72,4.5,18.1667,,,,
5296620,1994,12499,1993,"SU","",24425,2,3,549,1,14,1,0,1,,0,,1,1,1,,
5297810,1994,12506,1992,"SU","",700008,3,7,280,5,55,6,1,0.6667,0,0,4,35.3333,0,0,0,0
5302182,1994,12520,1991,"SU","",687637,2,19,75,5,52,6,0,0.5,,0.4444,,38.1667,0,0,,
5302414,1994,12520,1992,"SU","",,5,6,427,1,12,9,6,0.8889,0.4444,0.5313,3.3333,11.8889,,,,
5303784,1994,12527,1992,"SU","",692869,3,4,175,6,64,9,0,1,,0.1975,,20.1111,0,0,,
5305817,1994,12534,1991,"SU","",700788,3,18,164,5,52,0,1,,0,,3,,,,0,0
5307391,1994,12534,1992,"SU","",700908,3,3,376,4,44,3,0,1,,0.4444,,8.6667,0,0,,
5307675,1994,12541,1992,"SU","",700951,3,7,73,4,43,1,3,1,0.6667,0,4.3333,1,0,0,0,0
5308232,1994,12541,1991,"SU","",701005,3,2,425,5,51,10,1,0.6,0,0.4444,3,26.1,0,0,0,0
5311955,1994,12555,1992,"SU","",692869,3,7,175,6,64,6,0,1,,0.6667,,6.8333,0,0,,
5312648,1994,12555,1991,"SU","",687637,2,28,427,1,12,12,1,1,0,0.75,2,15.3333,0,0,1,1
5313483,1994,12555,1992,"SU","",695915,2,7,372,4,42,30,3,1,0.4444,0.7756,3.3333,11.1,0,0,0,0
5314400,1994,12562,1993,"SU","",,1,7,600,3,32,4,3,1,0.4444,0.375,2,8,,,,
5315528,1994,12562,1991,"SU","",435350,2,23,702,2,22,8,2,1,0.5,0.2188,3.5,6.375,0.25,0.25,0,0
5315626,1994,12562,1992,"SU","",701636,3,3,376,4,44,5,0,1,,0.56,,9.4,0,0,,
5315843,1994,12569,1992,"SU","",700349,3,8,62,6,69,6,3,0.8333,0.6667,0,4,13,0,0,0,0
5318253,1994,12576,1990,"SU","",,1,11,244,5,55,5,2,1,0,0.32,3.5,12.4,,,,
5320601,1994,12583,1992,"SU","",,1,8,604,3,32,7,0,1,,0.4898,,11.5714,,,,
5321253,1994,12583,1993,"SU","",690826,2,22,250,4,44,2,1,1,0,0.5,2,3.5,0,0,0,0
5325118,1994,12597,1990,"SU","",,1,4,347,2,23,4,4,1,0.375,0.375,6,13,,,,
5327273,1994,12604,1993,"SU","",254550,2,4,349,1,19,10,2,1,0.5,0.48,1.5,3.8,0.2,0.2,0,0
5327874,1994,12611,1992,"SU","",,5,11,123,5,53,9,1,1,0,0,4,12.6667,,,,
5328103,1994,12611,1992,"SU","",,1,12,241,5,51,4,0,0.5,,0,,36.25,,,,
5328576,1994,12611,1992,"SU","",696607,2,7,204,1,19,5,1,1,0,0.8,4,8.4,0,0,0,0
5334265,1994,12632,1993,"SU","",45180,2,7,148,5,52,2,1,1,0,0.5,2,5,0,0,0,0
5336296,1994,12639,1993,"SU","",703649,2,20,75,5,52,4,1,1,0,0.5,3,17.25,0,0,0,0
5338113,1994,12646,1992,"SU","",691496,3,27,366,1,19,5,2,1,0.5,0.64,4.5,12,0,0,0,0
5339003,1994,12646,1992,"SU","",695915,2,5,313,4,42,37,2,0.9189,0.5,0.7976,4.5,13.4054,0.0345,0.027,0,0
5344462,1994,12667,1992,"SU","",696607,2,15,8,1,11,3,2,1,0.5,0.6667,4.5,9,0,0,0,0
5345799,1994,12674,1992,"SU","",700951,3,15,72,5,52,6,1,0.6667,0,0.375,4,23,0,0,0,0
5346507,1994,12674,1991,"SU","",,1,1,623,3,39,3,0,1,,0.4444,,6,,,,
5349829,1994,12688,1992,"SU","",704940,2,11,62,6,69,3,7,1,0.7347,0.6667,2.7143,12,0,0,0,0
5356699,1994,12709,1991,"SU","",,1,2,428,6,69,4,0,1,,0,,4.25,,,,
5359258,1994,12716,1992,"SU","",705884,3,6,313,4,42,3,8,1,0.6875,0.4444,4.25,9,0,0,0,0
5362523,1994,12730,1992,"SU","",687637,2,23,427,1,12,24,5,1,0.56,0.7292,3.6,11.8333,0,0,0.2,0.2
5366936,1994,12744,1993,"SU","",,1,12,501,1,19,7,0,1,,0.7755,,13.2857,,,,
5368166,1994,12751,1990,"SU","",,1,19,209,5,51,3,0,1,,0.6667,,18,,,,
5369076,1994,12751,1992,"SU","",706867,3,28,502,1,19,7,2,1,0.5,0.5714,2.5,6,0,0,1,1
5372680,1994,12765,1993,"SU","",707203,3,16,202,1,19,6,2,0.8333,0.5,0.64,2.5,15.5,0,0,0,0
5378846,1995,12786,1993,"SU","",707752,2,3,544,1,14,3,2,1,0.5,0.4444,1.5,15,0,0,0,0
5380497,1995,12793,1993,"SU","",682211,3,2,422,1,19,8,1,0.625,0,0.64,2,25.5,0,0,0,0
5383736,1995,12807,1992,"SU","",,1,1,401,1,12,18,1,0.3333,0,0.5,5,41.0556,,,,
5392079,1995,12835,1990,"SU","",,1,3,351,3,39,3,1,1,0,0,6,11.6667,,,,
5397179,1995,12856,1994,"SU","",709484,2,59,366,1,19,39,4,0.8462,0.375,0.786,2.5,22.0256,0,0,0,0
5399730,1995,12863,1991,"SU","",690565,2,2,554,1,14,1,0,1,,0,,21,0,0,,
5411108,1995,12905,1994,"SU","",,1,1,180,5,55,5,0,0.4,,0,,47.4,,,,
5413601,1995,12912,1993,"SU","",,1,8,623,3,39,8,1,1,0,0.6875,4,7.25,,,,
5446573,1995,13024,1993,"SU","",491065,3,10,359,5,54,4,3,1,0.4444,0,2.6667,3,0,0,0,0
5450839,1995,13045,1993,"SU","",,1,7,124,5,59,20,2,0.7,0,0.4694,2,28.95,,,,
5462461,1995,13087,1994,"SU","",,1,12,440,5,55,3,0,0.6667,,0.5,,53,,,,
5478730,1995,13143,1992,"SU","",717106,3,6,435,3,33,2,2,1,0,0,2.5,11.5,0,0,0,0
5482695,1996,13157,1993,"SU","",,5,3,423,1,19,5,2,1,0.5,0.32,4,13.6,,,,
5484513,1996,13164,1994,"SU","",551181,3,13,205,1,19,5,1,0.6,0,0.4444,2,33.8,0,0,0,0
5484914,1996,13164,1994,"SU","",96775,3,11,536,1,14,4,0,1,,0.75,,12.75,0,0,,
5489820,1996,13185,1993,"SU","",716717,3,27,315,4,42,7,0,1,,0.7755,,13.1429,0,0,,
5494580,1996,13206,1993,"SU","",718484,3,17,210,1,19,3,2,1,0,0.4444,4,3,0,0,0,0
5497008,1996,13213,1995,"SU","",688596,2,30,250,4,44,12,10,1,0.66,0.7778,1.9,11.5,0,0,0.1111,0.1
5505604,1996,13248,1994,"SU","",,1,11,425,5,51,3,0,1,,0,,10,,,,
5524636,1996,13311,1992,"SU","",745765,2,38,600,3,32,23,16,1,0.2188,0.2268,4.375,7.6522,0,0,0.2,0.1875
5534300,1996,13339,1995,"SU","",528055,3,9,427,1,12,3,1,1,0,0,1,17,0,0,1,1
5538951,1996,13353,1994,"SU","",722488,2,19,514,3,31,0,6,,0,,1.1667,,,,0.3333,0.3333
5539070,1996,13353,1995,"SU","",377880,2,12,526,1,15,25,13,0.96,0.6746,0.7188,1.4615,16,0,0,0.4615,0.4615
5556586,1996,13409,1995,"SU","",528055,7,11,264,5,51,1,0,1,,0,,8,0,0,,
