4424902,1984,8775,1982,"SU","",455115,3,7,206,6,68,7,5,0.8571,0.56,0.2778,10.8,12.2857,0,0,0,0
4425180,1984,8775,1981,"SU","",614805,3,4,156,1,19,2,4,1,0,0,4.25,9.5,0,0,0,0
4425247,1984,8775,1981,"SU","",,1,12,75,5,52,7,2,1,0.5,0.5714,5.5,7.4286,,,,
4425267,1984,8775,1981,"SU","",,1,1,252,1,19,2,0,0.5,,0,,24,,,,
4425507,1984,8775,1982,"SU","",,1,2,250,4,44,1,4,1,0.75,0,3.75,3,,,,
4426190,1984,8782,1980,"SU","",,1,1,415,5,53,7,5,0.8571,0.32,0.2778,10.4,15.7143,,,,
4426457,1984,8782,1982,"SU","",276530,3,21,501,1,19,1,1,1,0,0,5,3,0,0,0,0
4426507,1984,8782,1981,"SU","",,1,15,526,1,15,4,0,1,,0.375,,5.75,,,,
4426592,1984,8782,1982,"SU","",,1,5,310,4,45,7,3,0.8571,0.6667,0,6.3333,12.7143,,,,
4426870,1984,8789,1981,"SU","",150500,3,2,72,5,52,5,1,0.6,0,0.4444,11,31.2,0,0,0,0
4427626,1984,8789,1981,"SU","",,1,2,419,5,52,7,3,1,0.4444,0,10.3333,8.1429,,,,
4428058,1984,8789,1981,"SU","",276955,3,2,702,2,22,7,1,0.8571,0,0.8333,13,12.7143,0,0,0,0
4428414,1984,8796,1977,"SU","",,1,4,164,5,52,3,1,0.6667,0,0.5,8,30.6667,,,,
4428419,1984,8796,1981,"SU","",,1,6,165,6,66,0,3,,0,,11.3333,,,,,
4428856,1984,8796,1982,"SU","",,1,2,252,1,19,3,12,0.3333,0.7222,0,11.8333,22,,,,
4429244,1984,8796,1981,"SU","",615025,3,8,310,4,45,3,0,0.6667,,0,,14.6667,0,0,,
4429255,1984,8796,1981,"SU","",,1,2,315,4,42,6,1,0.5,0,0.4444,6,21,,,,
4430441,1984,8803,1982,"SU","",,1,20,501,1,19,5,4,0.6,0.75,0.4444,8.5,13.8,,,,
4430591,1984,8803,1982,"SU","",,1,1,310,4,45,5,1,1,0,0,11,7,,,,
4431034,1984,8810,1980,"SU","",276075,3,3,138,6,67,8,4,0.75,0.375,0.2778,8.25,21.75,0,0,0,0
4431448,1984,8810,1981,"SU","",,1,18,75,5,52,10,30,0.9,0.8133,0.7654,7.3667,17.7,,,,
4431724,1984,8810,1982,"SU","",,1,6,430,1,19,12,2,0.75,0.5,0.3704,3,13.25,,,,
4432239,1984,8817,1981,"SU","",,1,3,73,4,43,3,13,1,0.7574,0.4444,11.2308,12.6667,,,,
4432584,1984,8817,1981,"SU","",333735,3,4,299,6,64,4,1,1,0,0.375,10,7.5,0,0,0,0
4432695,1984,8817,1981,"SU","",275910,3,6,416,1,19,11,2,0.4545,0.5,0.56,6,33.9091,0,0,0,0
4433270,1984,8817,1981,"SU","",,1,17,315,4,42,7,3,0.5714,0,0.5,12,21.7143,,,,
4434095,1984,8824,1980,"SU","",275435,3,2,530,1,15,1,3,1,0.4444,0,7,11,0,0,0,0
4434483,1984,8824,1981,"SU","",,1,8,369,2,24,3,0,0.3333,,0,,20.6667,,,,
4434796,1984,8831,1982,"SU","",614800,3,4,606,3,32,3,12,0.3333,0.1528,0,7.6667,46.6667,0,0,0,0
4435538,1984,8831,1982,"SU","",,1,4,524,1,15,3,1,0.6667,0,0.5,10,14,,,,
4435574,1984,8831,1982,"SU","",,1,1,546,1,14,1,0,1,,0,,8,,,,
4435748,1984,8831,1982,"SU","",614715,3,4,363,4,45,4,0,1,,0.375,,7,0,0,,
4435886,1984,8838,1981,"SU","",228970,3,2,29,5,52,11,0,0.3636,,0.375,,37.9091,0,0,,
4436619,1984,8838,1981,"SU","",,1,3,209,5,51,2,4,1,0.75,0,5.75,12,,,,
4436720,1984,8838,1983,"SU","",,1,3,424,3,31,11,7,0.3636,0,0.375,10.1429,42.8182,,,,
4436732,1984,8838,1981,"SU","",,1,3,514,3,31,0,0,,,,,,,,,
4436830,1984,8838,1982,"SU","",,1,1,501,1,19,5,3,1,0.4444,0.32,7.3333,15.4,,,,
4436974,1984,8838,1981,"SU","",275225,3,3,219,4,49,2,1,1,0,0,6,2.5,0,0,1,1
4437823,1984,8845,1980,"SU","",600550,3,7,418,5,53,8,1,0.625,0,0.32,6,30.875,0,0,0,0
4438249,1984,8845,1982,"SU","",,1,2,528,1,15,0,0,,,,,,,,,
4438313,1984,8845,1982,"SU","",275225,3,6,219,4,49,1,0,1,,0,,9,0,0,,
4438393,1984,8845,1981,"SU","",,1,4,324,4,43,4,2,1,0.5,0.375,4.5,7.25,,,,
4438443,1984,8845,1981,"SU","",276580,3,20,347,2,23,5,1,1,0,0.64,12,13.2,0,0,0,0
4438750,1984,8852,1981,"SU","",394835,3,7,123,5,53,11,2,0.4545,0,0,12,33.2727,0,0,0,0
4438802,1984,8852,1981,"SU","",,1,2,164,5,52,1,0,1,,0,,4,,,,
4438813,1984,8852,1982,"SU","",455910,3,3,175,6,64,3,1,0.6667,0,0.5,4,26.3333,0,0,0,0
4439371,1984,8852,1981,"SU","",,1,3,558,1,14,3,1,1,0,0,10,8,,,,
4439390,1984,8852,1981,"SU","",,1,4,264,5,51,5,2,0.8,0.5,0.625,13,10.2,,,,
4439657,1984,8852,1979,"SU","",275675,3,14,219,4,49,9,4,0.8889,0,0.5625,8,13.6667,0,0,0,0
4439702,1984,8852,1982,"SU","",414315,3,6,310,4,45,4,6,1,0.2778,0.5,11.8333,8,0,0,0,0
4440224,1984,8859,1979,"SU","",609320,3,7,166,6,64,16,2,0.9375,0,0.24,5.5,9.6875,0,0,0,0
4440240,1984,8859,1981,"SU","",275930,3,32,175,6,64,17,0,0.5294,,0.1975,,32.2353,0.2,0.0588,,
4441055,1984,8859,1982,"SU","",307385,3,7,315,4,42,10,7,0.2,0.449,0.5,11.1429,42.8,0,0,0,0
4441150,1984,8859,1981,"SU","",,1,4,363,4,45,3,0,1,,0.4444,,6.6667,,,,
4441549,1984,8866,1981,"SU","",58340,3,14,165,6,66,5,2,0.2,0,0,7.5,30.8,0,0,0,0
4442312,1984,8866,1982,"SU","",,1,3,174,4,41,6,5,0.8333,0.48,0,8.8,18.5,,,,
4442511,1984,8866,1981,"SU","",487065,3,4,367,2,21,7,0,1,,0.2449,,4.2857,0,0,,
4442718,1984,8873,1982,"SU","",,1,9,73,4,43,2,0,0.5,,0,,21.5,,,,
4443735,1984,8873,1981,"SU","",,1,7,313,4,42,9,1,0.7778,0,0.2449,5,14,,,,
4443748,1984,8873,1981,"SU","",,1,4,318,4,45,6,1,1,0,0,8,9.8333,,,,
4444019,1984,8880,1981,"SU","",,1,9,62,6,69,4,5,0.75,0,0,10.2,19,,,,
4445564,1984,8887,1981,"SU","",589620,3,2,164,5,52,7,0,1,,0.2449,,5,0,0,,
4445922,1984,8887,1982,"SU","",235905,3,3,65,5,51,2,0,0,,,,33.5,0,0,,
4445932,1984,8887,1982,"SU","",229000,3,20,75,5,52,3,0,0.6667,,0,,24.3333,0,0,,
4446316,1984,8887,1981,"SU","",614755,3,5,536,1,14,2,5,1,0.72,0.5,10,5,0,0,0,0
4446374,1984,8887,1982,"SU","",,1,1,250,4,44,3,2,0.6667,0.5,0.5,12.5,20.3333,,,,
4448048,1984,8901,1981,"SU","",606260,3,6,68,6,63,8,0,1,,0.75,,11.375,0,0,,
4448191,1984,8901,1981,"SU","",,1,20,606,3,32,4,22,1,0.1653,0,9.6364,8.75,,,,
4449221,1984,8901,1982,"SU","",,1,4,373,6,66,3,0,1,,0.4444,,5.6667,,,,
4449754,1984,8908,1982,"SU","",615025,3,9,299,6,64,2,7,0.5,0.4898,0,8.8571,53.5,0,0,0,0
4449953,1984,8908,1981,"SU","",435900,7,6,464,5,53,7,6,0.8571,0.2778,0.6111,8.1667,12.5714,0,0,0,0
4450888,1984,8915,1981,"SU","",410450,3,12,164,5,52,1,1,1,0,0,13,8,0,0,0,0
4451216,1984,8915,1982,"SU","",639030,3,1,418,5,53,1,0,1,,0,,9,0,0,,
4451236,1984,8915,1983,"SU","",,1,10,433,3,39,2,5,0.5,0.72,0,8.4,26.5,,,,
4451485,1984,8915,1982,"SU","",274895,3,4,514,3,31,0,3,,0,,8.6667,,,,0,0
4451783,1984,8915,1981,"SU","",275220,3,16,324,4,43,3,1,1,0,0.6667,11,10.6667,0,0,0,0
4451882,1984,8915,1981,"SU","",,1,3,712,2,22,6,4,1,0.625,0.6111,10.5,8.3333,,,,
4452066,1984,8922,1982,"SU","",,1,1,73,4,43,3,1,1,0,0.4444,12,7,,,,
4452074,1984,8922,1982,"SU","",,1,30,73,4,43,2,6,1,0.2778,0,8,3,,,,
4452181,1984,8922,1982,"SU","",,1,5,122,6,66,4,0,0.75,,0.6667,,19,,,,
4452295,1984,8922,1981,"SU","",589620,7,2,164,5,52,4,0,1,,0,,6.5,0,0,,
4452401,1984,8922,1981,"SU","",,1,21,241,5,51,4,5,0.5,0,0,8,40.25,,,,
4452534,1984,8922,1981,"SU","",,1,5,356,4,43,5,9,1,0.5185,0.32,8,10.2,,,,
4452686,1984,8922,1982,"SU","",,1,7,204,1,19,2,19,1,0.4266,0,9.8421,5.5,,,,
4452946,1984,8922,1983,"SU","",614900,3,1,524,1,15,2,1,1,0,0.5,11,6,0,0,0,0
4453098,1984,8922,1980,"SU","",615025,7,1,310,4,45,2,0,1,,0.5,,1,0,0,,
4453103,1984,8922,1982,"SU","",312840,3,43,310,4,45,2,35,1,0.0555,0.5,8.5143,3,0,0,0,0
4453148,1984,8922,1983,"SU","",,1,4,335,4,41,2,3,1,0.6667,0,7.3333,15.5,,,,
4453190,1984,8922,1982,"SU","",431640,3,13,361,4,45,3,0,1,,0,,11.3333,0,0,,
4453348,1984,8929,1982,"SU","",,1,4,451,5,51,6,0,0,,,,36.5,,,,
4453392,1984,8929,1982,"SU","",199595,3,1,72,5,52,1,0,1,,0,,11,0,0,,
4453604,1984,8929,1981,"SU","",,1,2,175,6,64,4,3,0.75,0.4444,0.4444,5.6667,25.25,,,,
4453612,1984,8929,1982,"SU","",401775,3,14,180,5,55,3,1,0.3333,0,0,4,54.3333,0,0,0,0
4453661,1984,8929,1981,"SU","",287735,3,15,227,5,59,8,0,0.25,,0,,56.25,0,0,,
4453703,1984,8929,1981,"SU","",151875,3,3,266,5,52,2,2,0.5,0.5,0,4,24,0,0,0,0
4453916,1984,8929,1982,"SU","",,1,6,432,6,66,2,3,0.5,0.6667,0,7.3333,20,,,,
4454406,1984,8929,1982,"SU","",275225,7,9,219,4,49,5,1,0.8,0,0,11,11.8,0.5,0.2,0,0
4455177,1984,8936,1982,"SU","",,1,8,148,5,52,3,3,1,0.4444,0.4444,9.6667,9.6667,,,,
4455284,1984,8936,1983,"SU","",614965,3,4,423,1,19,2,1,0,0,,7,55.5,0,0,0,0
4455312,1984,8936,1982,"SU","",,1,12,514,3,31,3,0,1,,0.4444,,9,,,,
4455852,1984,8943,1982,"SU","",275225,3,6,72,5,52,4,1,0.25,0,0,14,54.25,0,0,0,0
4455854,1984,8943,1982,"SU","",199595,3,6,72,5,52,6,4,0.6667,0,0,12.25,19.6667,0,0,0,0
4456175,1984,8943,1981,"SU","",150510,3,4,239,5,59,0,0,,,,,,,,,
4456407,1984,8943,1983,"SU","",382140,3,11,404,6,69,3,0,1,,0.4444,,8,0,0,,
4456544,1984,8943,1983,"SU","",614775,3,3,510,1,19,7,7,1,0.7347,0.4082,10.1429,11.8571,0,0,0,0
4457236,1984,8950,1982,"SU","",,1,9,104,5,55,2,4,1,0,0.5,8.5,8,,,,
4457331,1984,8950,1982,"SU","",,1,13,137,6,69,3,0,1,,0,,9.3333,,,,
4457859,1984,8950,1982,"SU","",,1,10,252,1,19,1,1,1,0,0,6,12,,,,
4458041,1984,8950,1980,"SU","",,1,7,523,1,15,4,2,1,0.5,0.375,11.5,7.5,,,,
4458202,1984,8950,1981,"SU","",276955,3,10,324,4,43,1,2,1,0.5,0,11,20,0,0,0,0
4458743,1984,8957,1982,"SU","",,1,7,164,5,52,0,1,,0,,9,,,,,
4458765,1984,8957,1982,"SU","",150505,3,9,175,6,64,7,6,0.8571,0.5,0.5,9.1667,15.1429,0,0,0,0
4458855,1984,8957,1978,"SU","",,1,3,242,5,51,3,0,0.3333,,0,,34.6667,,,,
4460516,1984,8964,1982,"SU","",,1,5,261,1,19,18,5,0.8889,0.72,0.7109,8.4,11.4444,,,,
4461512,1984,8971,1982,"SU","",445620,3,3,299,6,64,6,0,1,,0,,4.6667,0,0,,
4461799,1984,8971,1983,"SU","",614955,3,3,428,6,69,9,19,1,0.8421,0.5679,6.1579,5.7778,0,0,0.0667,0.0526
4461972,1984,8971,1982,"SU","",,1,4,313,4,42,2,2,0.5,0.5,0,5.5,23.5,,,,
4462765,1984,8978,1981,"SU","",,1,2,417,5,53,12,0,0.5,,0,,25.0833,,,,
4462773,1984,8978,1982,"SU","",,1,1,418,5,53,1,1,0,0,,3,24,,,,
4463796,1984,8985,1982,"SU","",,1,5,164,5,52,8,2,0.625,0.5,0,6,31.625,,,,
4463908,1984,8985,1982,"SU","",614970,3,8,241,5,51,1,1,1,0,0,1,11,0,0,0,0
4464119,1984,8985,1981,"SU","",,1,3,434,6,69,2,5,1,0.56,0.5,11.6,11,,,,
4464314,1984,8985,1980,"SU","",,1,2,261,1,19,5,6,1,0.5,0.64,11,10.6,,,,
4464617,1984,8985,1981,"SU","",312330,3,6,318,4,45,9,6,1,0.7778,0.8148,10.6667,9.4444,0,0,0,0
4464845,1984,8992,1982,"SU","",,1,1,34,1,19,8,2,0.625,0,0.32,7,30.25,,,,
4466991,1984,8999,1983,"SU","",614955,3,9,427,1,12,3,3,1,0.4444,0.4444,6.6667,6.6667,0,0,0,0
4467115,1984,8999,1982,"SU","",276225,3,4,564,1,14,9,0,0.8889,,0.8438,,14.2222,0,0,,
4467413,1984,8999,1981,"SU","",,1,5,710,2,22,2,3,1,0.4444,0.5,11,6.5,,,,
4467779,1984,9006,1982,"SU","",614850,3,4,126,6,66,1,1,1,0,0,6,7,0,0,0,0
4467861,1984,9006,1982,"SU","",423065,3,1,165,6,66,0,1,,0,,2,,,,1,1
4468122,1984,9006,1981,"SU","",615700,3,4,356,4,43,2,1,0.5,0,0,14,14.5,0,0,0,0
4468378,1984,9006,1981,"SU","",,1,,424,3,31,1,2,1,0.5,0,10,20,,,,
4468771,1984,9006,1982,"SU","",276530,3,,374,4,43,5,13,0.8,0.6272,0.375,7.3846,15.2,0,0,0,0
4469369,1984,9013,1984,"SU","",614760,3,5,296,5,55,8,2,0.875,0.5,0,11,9.625,0,0,0,0
4469982,1984,9013,1982,"SU","",614720,3,2,313,4,42,8,0,0.5,,0,,17.125,0,0,,
4469984,1984,9013,1982,"SU","",,1,14,313,4,42,5,6,0.8,0.7778,0.375,9.3333,15.8,,,,
4470281,1984,9020,1982,"SU","",321080,3,4,72,5,52,10,4,0.5,0.375,0,9,28.3,0,0,0,0
4470287,1984,9020,1982,"SU","",,1,1,72,5,52,2,9,1,0.6914,0,5.6667,14.5,,,,
4470325,1984,9020,1982,"SU","",,1,3,74,5,59,5,0,0.2,,0,,43.8,,,,
4470457,1984,9020,1982,"SU","",455905,3,2,166,6,64,1,1,0,0,,9,48,0,0,0,0
4470464,1984,9020,1982,"SU","",,1,3,166,6,64,4,4,0.75,0.625,0.4444,3.75,13.75,,,,
4470922,1984,9020,1983,"SU","",,1,4,252,1,19,3,3,1,0,0.4444,4.6667,6.3333,,,,
4471203,1984,9020,1980,"SU","",,1,2,219,4,49,1,1,1,0,0,12,7,,,,
4471301,1984,9020,1981,"SU","",614710,3,7,324,4,43,5,2,1,0,0.72,10,13.8,0,0,0,0
4471316,1984,9020,1981,"SU","",,1,9,330,4,41,2,0,0.5,,0,,18.5,,,,
4471428,1984,9020,1982,"SU","",,1,1,712,2,22,6,0,1,,0.5,,2.6667,,,,
4471455,1984,9020,1982,"SU","",,1,1,708,2,22,11,2,1,0,0.314,2.5,6.9091,,,,
4471897,1984,9027,1982,"SU","",,1,6,227,5,59,5,4,0.4,0,0,8.5,23.4,,,,
4472257,1984,9027,1983,"SU","",,1,15,204,1,19,3,9,1,0.7901,0.4444,5.6667,7,,,,
4472378,1984,9027,1982,"SU","",,1,13,424,3,31,1,4,1,0.375,0,8,2,,,,
4472650,1984,9027,1982,"SU","",,1,2,310,4,45,6,11,0.5,0.4463,0,9.8182,18.6667,,,,
4473348,1984,9034,1981,"SU","",394860,7,2,431,6,66,5,9,0.8,0.716,0.375,10.5556,17,0,0,0,0
4473556,1984,9034,1981,"SU","",394830,3,3,514,3,31,0,0,,,,,,,,,
4473802,1984,9034,1982,"SU","",,1,2,330,4,41,1,2,1,0.5,0,9.5,15,,,,
4475587,1984,9048,1981,"SU","",58340,3,8,165,6,66,4,1,0.25,0,0,4,41.75,0,0,0,0
4475605,1984,9048,1981,"SU","",614820,3,6,175,6,64,4,1,0,0,,9,29,0,0,0,0
4476225,1984,9048,1982,"SU","",614930,3,5,435,3,33,2,5,1,0.56,0,9,12.5,0,0,0,0
4476388,1984,9048,1982,"SU","",614890,3,2,250,4,44,4,1,1,0,0,8,11,0,0,0,0
4476797,1984,9055,1982,"SU","",,1,2,114,5,55,4,5,0.75,0.32,0.6667,9.6,21.5,,,,
4476863,1984,9055,1981,"SU","",,1,5,606,3,32,4,33,0.75,0.5059,0.4444,10.2813,20.25,,,,
4477690,1984,9055,1982,"SU","",,1,1,174,4,41,1,0,0,,,,49,,,,
4477829,1984,9055,1981,"SU","",276050,7,1,348,4,49,4,9,1,0.642,0.625,9.1111,7,0,0,0,0
4478633,1984,9062,1982,"SU","",,1,1,71,1,11,2,2,0.5,0.5,0,8.5,32.5,,,,
4478808,1984,9062,1981,"SU","",275990,3,3,423,1,19,1,15,1,0.72,0,13.3333,10,0,0,0,0
4479029,1984,9062,1982,"SU","",579505,3,5,174,4,41,5,3,1,0.4444,0.32,6.3333,8.8,0,0,0,0
4479933,1984,9069,1982,"SU","",614800,3,4,424,3,31,6,0,1,,0.7222,,10,0,0,,
4480820,1984,9076,1982,"SU","",276530,7,5,266,5,52,1,11,1,0.6942,0,10.4545,10,0,0,0,0
4481072,1984,9076,1982,"SU","",614695,3,2,162,1,19,2,4,1,0.5,0.5,8.75,6.5,0,0,0,0
4481168,1984,9076,1983,"SU","",431640,3,2,422,1,19,3,0,1,,0,,10,0,0,,
4481201,1984,9076,1981,"SU","",614995,3,7,514,3,31,0,0,,,,,,,,,
4481218,1984,9076,1982,"SU","",276390,3,6,514,3,31,0,2,,0.5,,8,,,,0,0
4481400,1984,9076,1982,"SU","",,1,22,219,4,49,5,0,0.8,,0,,13.6,,,,
4481825,1984,9083,1983,"SU","",394715,3,3,73,4,43,2,1,0.5,0,0,12,26,0,0,0,0
4482950,1984,9083,1981,"SU","",,1,4,712,2,22,3,19,1,0.7535,0.4444,8.5263,5.3333,,,,
4483074,1984,9090,1982,"SU","",307380,3,21,33,6,69,0,1,,0,,12,,,,0,0
4483158,1984,9090,1984,"SU","",,1,11,62,6,69,4,2,0.75,0,0,7,19,,,,
4483166,1984,9090,1982,"SU","",,1,1,72,5,52,5,0,0.8,,0.375,,22.6,,,,
4483344,1984,9090,1983,"SU","",,1,8,600,3,32,17,12,0.7647,0.4444,0.4852,7.1667,12.1765,,,,
4483753,1984,9090,1981,"SU","",614980,3,4,205,1,19,1,0,1,,0,,16,0,0,,
4483836,1984,9090,1982,"SU","",276000,3,9,423,1,19,2,7,1,0.6122,0,11.1429,17,0,0,0,0
4484057,1984,9090,1982,"SU","",275225,3,1,219,4,49,3,1,1,0,0.4444,10,13,0,0,0,0
4484640,1984,9097,1982,"SU","",150505,7,6,175,6,64,2,3,0,0,,8,63,0,0,0,0
4484870,1984,9097,1982,"SU","",639030,3,14,418,5,53,4,2,1,0,0,3.5,6.5,0,0,1,0.5
4485072,1984,9097,1982,"SU","",,1,4,117,1,19,3,1,1,0,0,2,5,,,,
4485239,1984,9097,1983,"SU","",276390,3,2,546,1,14,1,2,1,0,0,3.5,2,0,0,0,0
4485615,1984,9104,1981,"SU","",,1,7,57,6,63,5,6,1,0,0,5.6667,5.2,,,,
4485811,1984,9104,1982,"SU","",615015,3,4,606,3,32,1,4,1,0,0,9,5,0,0,0,0
4486347,1984,9104,1982,"SU","",589660,3,6,534,1,14,7,0,0.2857,,0.5,,51,0,0,,
4486440,1984,9104,1983,"SU","",276010,3,6,514,3,31,1,1,1,0,0,4,8,0,0,0,0
4486475,1984,9104,1981,"SU","",59025,3,6,427,1,12,5,4,0.6,0.75,0.4444,10.5,15.6,0,0,0,0
4487049,1984,9111,1981,"SU","",150515,3,16,72,5,52,5,2,0,0,,17,61.4,0,0,0,0
4487107,1984,9111,1981,"SU","",,1,3,91,5,53,7,0,0.2857,,0.5,,23.1429,,,,
4487250,1984,9111,1982,"SU","",,1,2,164,5,52,3,0,1,,0,,5.6667,,,,
4487273,1984,9111,1983,"SU","",275940,3,3,173,5,51,1,1,0,0,,8,99,0,0,0,0
4487397,1984,9111,1980,"SU","",151860,3,3,266,5,52,4,10,1,0.56,0.625,10.6,10.75,0,0,0,0
4487932,1984,9111,1983,"SU","",276390,3,1,546,1,14,0,2,,0,,3.5,,,,0,0
4488264,1984,9111,1982,"SU","",,1,4,365,2,24,1,5,1,0.32,0,7.8,0,,,,
4488688,1984,9118,1982,"SU","",614885,3,9,242,5,51,9,3,0.6667,0.4444,0.2778,14.3333,19.8889,0,0,0,0
4488757,1984,9118,1983,"SU","",228985,7,8,299,6,64,2,0,0.5,,0,,15.5,0,0,,
4489039,1984,9118,1983,"SU","",,1,1,420,5,52,3,1,1,0,0.4444,11,12,,,,
4489581,1984,9125,1983,"SU","",199595,3,2,72,5,52,0,0,,,,,,,,,
4489753,1984,9125,1982,"SU","",,1,9,137,6,69,9,1,0.5556,0,0,8,22.3333,,,,
4489788,1984,9125,1983,"SU","",,1,3,122,6,66,5,1,1,0,0.32,10,13.6,,,,
4490081,1984,9125,1982,"SU","",275225,3,3,409,5,51,7,1,0.7143,0,0.64,16,10.1429,0,0,0,0
4490180,1984,9125,1982,"SU","",455120,3,6,134,6,69,6,2,0.8333,0.5,0.48,9.5,15.1667,1,0.1667,0,0
4490248,1984,9125,1982,"SU","",,1,12,209,5,51,7,19,0.4286,0.4986,0.4444,9.1579,20.4286,,,,
4490274,1984,9125,1983,"SU","",614840,3,1,252,1,19,6,3,0.6667,0.4444,0.5,6.3333,20.3333,0,0,0,0
4490277,1984,9125,1981,"SU","",,1,1,252,1,19,5,3,1,0.4444,0.56,3.6667,6.2,,,,
4490286,1984,9125,1981,"SU","",275680,3,5,252,1,19,3,0,1,,0.6667,,9,0,0,,
4490599,1984,9125,1981,"SU","",275235,3,1,219,4,49,3,1,0.6667,0,0,16,9.3333,0,0,0,0
4490922,1985,9132,1982,"SU","",,1,20,34,1,19,1,5,0,0.72,,12.4,29,,,,
4491002,1985,9132,1982,"SU","",,1,1,72,5,52,9,1,0.7778,0,0.7755,10,15.3333,,,,
4491081,1985,9132,1982,"SU","",,1,5,114,5,55,4,3,0.5,0,0,9.3333,39.5,,,,
4491314,1985,9132,1983,"SU","",394680,3,4,482,5,59,1,2,1,0,0,2.5,2,0,0,0,0
4491683,1985,9132,1983,"SU","",,1,5,136,4,45,6,0,0.8333,,0.32,,9.3333,,,,
4491715,1985,9132,1982,"SU","",394860,3,1,219,4,49,2,7,1,0,0,6.1429,13,0,0,0,0
4491751,1985,9132,1984,"SU","",386090,3,1,310,4,45,10,1,1,0,0.48,1,7.6,0,0,0,0
4492226,1985,9139,1979,"SU","",614800,3,5,606,3,32,3,17,1,0,0,15.7647,9.6667,0,0,0,0
4492633,1985,9139,1983,"SU","",593220,3,7,210,1,19,1,8,1,0.5313,0,12.75,3,0,0,0,0
4492845,1985,9139,1982,"SU","",,1,14,219,4,49,10,27,1,0.4856,0.32,9.6667,5.6,,,,
4492848,1985,9139,1983,"SU","",536745,3,19,219,4,49,4,0,0.5,,0.5,,22.25,0,0,,
4492873,1985,9139,1981,"SU","",,1,3,250,4,44,3,6,1,0.5,0.4444,7,17.3333,,,,
4492921,1985,9139,1983,"SU","",593180,3,3,324,4,43,4,5,1,0.56,0,8,13.5,0,0,0,0
4493140,1985,9146,1983,"SU","",,1,1,29,5,52,10,0,0.6,,0.6111,,30,,,,
4493213,1985,9146,1982,"SU","",394715,3,2,73,4,43,3,0,1,,0.4444,,17.6667,0,0,,
4493961,1985,9146,1982,"SU","",455110,7,11,219,4,49,11,0,0.6364,,0.7347,,22.0909,0,0,,
4494448,1985,9153,1982,"SU","",614960,3,6,92,5,53,7,4,0.8571,0.625,0.6667,9,13.7143,0,0,0,0
4494925,1985,9153,1982,"SU","",,1,8,431,6,66,2,1,1,0,0,15,14.5,,,,
4494930,1985,9153,1982,"SU","",312375,3,3,432,6,66,11,0,0.4545,,0.48,,26.8182,0,0,,
4495201,1985,9153,1982,"SU","",276415,3,6,514,3,31,2,0,1,,0,,10,0,0,,
4495395,1985,9153,1982,"SU","",275225,3,3,219,4,49,3,0,1,,0,,6.3333,0,0,,
4495401,1985,9153,1982,"SU","",394860,3,2,219,4,49,1,2,1,0,0,8.5,11,0,0,0,0
4495776,1985,9160,1981,"SU","",614790,3,15,62,6,69,3,5,0.6667,0.32,0,11.2,12.3333,0,0,0,0
4496011,1985,9160,1982,"SU","",150505,3,4,175,6,64,10,7,0.4,0.6122,0.5,7.1429,30.6,0,0,0,0
4496868,1985,9160,1983,"SU","",614825,3,8,310,4,45,11,5,0.9091,0.32,0,11.4,16.0909,0,0,0,0
4496870,1985,9160,1983,"SU","",333750,3,3,310,4,45,1,2,1,0,0,12.5,22,0,0,0,0
4497309,1985,9167,1982,"SU","",589635,3,6,123,5,53,6,4,0.5,0,0,4.75,22.5,0,0,0,0
4497696,1985,9167,1982,"SU","",,1,8,205,1,19,4,1,0.75,0,0.4444,10,11,,,,
4497867,1985,9167,1983,"SU","",614960,3,8,428,6,69,7,1,0.7143,0,0.64,4,23.2857,0,0,0,0
4498139,1985,9167,1981,"SU","",386055,3,9,345,2,23,5,15,1,0.48,0.64,9.9333,5.2,0,0,0,0
4498322,1985,9174,1982,"SU","",,1,1,72,5,52,2,1,0.5,0,0,10,21.5,,,,
4498661,1985,9174,1982,"SU","",,1,24,266,5,52,3,2,1,0.5,0.4444,6,7.3333,,,,
4499218,1985,9174,1981,"SU","",,1,11,524,1,15,1,1,1,0,0,16,14,,,,
4499364,1985,9174,1982,"SU","",,1,6,219,4,49,3,0,1,,0.6667,,12.6667,,,,
4499904,1985,9181,1983,"SU","",59010,3,5,600,3,32,11,5,1,0,0,8.6,11.0909,0,0,0,0
4500282,1985,9181,1981,"SU","",,1,4,431,6,66,3,4,0.3333,0,0,9.75,27,,,,
4500516,1985,9181,1982,"SU","",276390,3,6,424,3,31,2,0,1,,0.5,,14,0,0,,
4501059,1985,9188,1982,"SU","",394665,3,2,29,5,52,9,0,0.8889,,0.4063,,16.8889,0,0,,
4501257,1985,9188,1982,"SU","",550685,3,5,124,5,59,4,4,1,0,0,7.25,15,0,0,0,0
4501320,1985,9188,1979,"SU","",,1,8,165,6,66,3,1,1,0,0,10,15.6667,,,,
4501549,1985,9188,1984,"SU","",,1,4,425,5,51,1,5,0,0.56,,4.2,45,,,,
4502310,1985,9195,1981,"SU","",228995,3,2,72,5,52,4,3,0.25,0,0,13.3333,27.75,0,0,0,0
4502315,1985,9195,1982,"SU","",228795,3,4,72,5,52,6,5,0.8333,0.72,0.48,4,21.8333,0,0,0,0
4502895,1985,9195,1982,"SU","",614885,3,11,148,5,52,7,3,0,0.4444,,5,36.1429,0,0,0,0
4503392,1985,9195,1981,"SU","",477355,3,2,324,4,43,3,6,0.6667,0.2778,0,6,15,0,0,0,0
4503544,1985,9195,1983,"SU","",,1,4,375,2,21,5,3,1,0.4444,0.56,7.3333,9.4,,,,
4503901,1985,9202,1982,"SU","",,1,6,164,5,52,0,0,,,,,,,,,
4504173,1985,9202,1982,"SU","",150505,3,1,405,6,64,10,0,0.3,,0,,38.2,0,0,,
4504271,1985,9202,1983,"SU","",,1,15,8,1,11,1,2,1,0.5,0,11.5,16,,,,
4505272,1985,9209,1983,"SU","",614800,3,6,227,5,59,1,33,1,0.3047,0,8.8438,14,0,0,0,0
4505340,1985,9209,1982,"SU","",,1,3,173,5,51,8,5,0.875,0.56,0,9.8,15.25,,,,
4505417,1985,9209,1982,"SU","",,1,2,228,5,52,8,1,0.875,0,0.2449,4,17.625,,,,
4505452,1985,9209,1984,"SU","",,1,2,251,5,53,6,2,0.8333,0.5,0.32,6.5,14.1667,,,,
4505733,1985,9209,1984,"SU","",,1,3,71,1,11,1,1,1,0,0,1,9,,,,
4506143,1985,9209,1982,"SU","",593205,3,5,219,4,49,5,3,1,0.6667,0.56,6,5,0,0,0,0
4506865,1985,9216,1984,"SU","",,1,4,251,5,53,4,4,0.25,0.5,0,1.5,34.75,,,,
4508391,1985,9223,1982,"SU","",228985,7,1,299,6,64,2,1,1,0,0.5,2,18.5,0,0,0,0
4509134,1985,9223,1982,"SU","",,1,4,708,2,22,9,0,0.6667,,0.4444,,19.3333,,,,
4510249,1985,9230,1982,"SU","",,1,1,435,3,33,4,1,1,0,0.375,13,9.5,,,,
4510391,1985,9230,1983,"SU","",410440,3,4,250,4,44,4,1,1,0,0.375,11,14.5,0,0,0,0
4510849,1985,9237,1982,"SU","",,1,3,91,5,53,3,1,0.6667,0,0.5,15,17.6667,,,,
4512867,1985,9244,1983,"SU","",,1,11,204,1,19,8,20,0.875,0.8,0.6939,6.75,11.25,,,,
4513620,1985,9251,1983,"SU","",308030,3,4,73,4,43,3,2,1,0,0.4444,6,14.6667,0,0,0,0
4513622,1985,9251,1983,"SU","",308030,3,3,73,4,43,2,5,1,0.56,0.5,8.2,16.5,0,0,0,0
4515045,1985,9258,1983,"SU","",536710,3,4,81,5,59,7,4,1,0.375,0.6939,10.25,10.4286,0,0,0,0
4515156,1985,9258,1983,"SU","",614840,3,8,128,3,32,5,2,0.8,0,0.5,7,18,0,0,0,0
4515157,1985,9258,1983,"SU","",386150,3,4,606,3,32,11,14,0.7273,0.6531,0.4063,9.8571,17.0909,0.5,0.0909,0,0
4515209,1985,9258,1984,"SU","",423065,3,11,165,6,66,1,3,1,0,0,6,1,1,1,0,0
4515254,1985,9258,1983,"SU","",614940,3,9,188,5,53,5,4,1,0.5,0.72,9,11,0,0,0,0
4516662,1985,9265,1983,"SU","",,1,9,173,5,51,4,2,0.75,0,0.4444,11,20,,,,
4517707,1985,9272,1983,"SU","",614790,3,7,452,6,61,3,1,0.6667,0,0,8,18,0,0,0,0
4518049,1985,9272,1984,"SU","",614820,3,7,175,6,64,10,3,0.7,0,0.6939,4.6667,20.6,0,0,0,0
4518453,1985,9272,1983,"SU","",,1,7,156,1,19,5,3,0.8,0.4444,0.375,9,18.2,,,,
4518571,1985,9272,1984,"SU","",614965,3,3,423,1,19,0,4,,0.375,,7.75,,,,0,0
4518592,1985,9272,1983,"SU","",,1,1,424,3,31,1,0,1,,0,,12,,,,
4519230,1985,9279,1983,"SU","",199595,3,2,72,5,52,3,4,1,0.375,0.6667,9.75,9.3333,0,0,0,0
4519389,1985,9279,1982,"SU","",,1,20,606,3,32,3,15,1,0.7111,0.6667,10.5333,10.6667,,,,
4519437,1985,9279,1982,"SU","",,1,3,164,5,52,4,3,0.75,0,0,11.3333,20,,,,
4519777,1985,9279,1982,"SU","",,1,11,432,6,66,5,0,0.4,,0.5,,27.4,,,,
4519836,1985,9279,1983,"SU","",614945,3,7,75,5,52,7,1,0.8571,0,0,5,10.4286,0,0,0,0
4519992,1985,9279,1984,"SU","",,1,1,423,1,19,7,12,1,0.6111,0.449,6.25,4.7143,,,,
4520826,1985,9286,1982,"SU","",371420,3,1,600,3,32,3,1,0.6667,0,0,5,24,0,0,0,0
4521245,1985,9286,1983,"SU","",,1,10,75,5,52,6,0,1,,0,,6.8333,,,,
4523845,1985,9300,1983,"SU","",275680,3,1,356,4,43,4,1,1,0,0.375,8,10,0,0,0,0
4524319,1985,9300,1982,"SU","",569085,3,2,324,4,43,3,4,1,0.375,0.4444,9.25,10.6667,0,0,0,0
4525254,1985,9307,1982,"SU","",228965,3,4,588,1,19,6,3,1,0,0.5,12.3333,7.5,0,0,0,0
4525293,1985,9307,1983,"SU","",,1,1,252,1,19,6,2,1,0.5,0.7778,9.5,14,,,,
4525460,1985,9307,1983,"SU","",,1,6,501,1,19,1,1,1,0,0,6,16,,,,
4526471,1985,9314,1982,"SU","",,1,19,356,4,43,4,3,1,0,0.5,3.3333,7.5,,,,
4526758,1985,9314,1983,"SU","",,1,3,422,1,19,11,0,0.8182,,0.642,,13.5455,,,,
4526761,1985,9314,1983,"SU","",,1,2,422,1,19,10,2,0.4,0,0.75,9,28.4,,,,
4528979,1985,9328,1982,"SU","",312830,3,13,606,3,32,4,9,1,0.5185,0.625,7.8889,13,0,0,0,0
4529430,1985,9328,1983,"SU","",386115,3,6,65,5,51,3,1,0.6667,0,0.5,5,19.3333,0,0,0,0
4529589,1985,9328,1983,"SU","",,1,12,424,3,31,12,18,0.6667,0.3642,0.5313,6.6667,19.3333,,,,
4529898,1985,9328,1983,"SU","",536755,3,9,310,4,45,5,2,1,0.5,0.32,3,14.4,0,0,0,0
4530512,1985,9335,1983,"SU","",49095,3,2,280,5,55,6,2,0.8333,0,0,9,13.6667,0,0,0,0
4531371,1985,9342,1984,"SU","",,1,10,62,6,69,3,5,0.3333,0.32,0,10.6,32.3333,,,,
4531934,1985,9342,1982,"SU","",228700,3,5,604,3,32,4,26,1,0.5,0,8.5,10.75,0,0,0,0
4533243,1985,9349,1982,"SU","",276530,3,7,356,4,43,7,8,0.8571,0.5313,0.5,8.625,19,0,0,0,0
4533258,1985,9349,1984,"SU","",,1,4,374,4,43,5,4,1,0.375,0.48,10.75,5,,,,
4534348,1985,9356,1983,"SU","",386150,3,5,606,3,32,10,9,0.5,0.1975,0,7.8889,33.5,0,0,0,0
4534540,1985,9356,1984,"SU","",614305,3,6,251,5,53,6,1,0.8333,0,0.48,13,17.5,0,0,0,0
4534647,1985,9356,1982,"SU","",276105,3,5,356,4,43,2,8,1,0.6531,0,6.4286,5,0,0,0,0
4535283,1985,9356,1983,"SU","",228960,3,6,323,4,45,3,3,1,0.6667,0.4444,4,6,0,0,0,0
4536041,1985,9363,1983,"SU","",640925,3,12,303,5,53,9,4,1,0.375,0.5185,8.25,10.7778,0,0,0,0
4536216,1985,9363,1983,"SU","",614965,3,4,106,1,12,2,3,0,0.6667,,8,37,0,0,0,0
4536698,1985,9363,1983,"SU","",614975,3,11,95,1,13,6,5,1,0.48,0.7222,7.6,7.6667,0,0,0,0
4538350,1985,9377,1982,"SU","",,1,5,29,5,52,2,1,1,0,0.5,8,9,,,,
4538474,1985,9377,1982,"SU","",414315,7,5,74,5,59,5,0,0.6,,0.4444,,39.2,0,0,,
4540652,1985,9384,1984,"SU","",,1,6,430,1,19,0,3,,0.6667,,4.3333,,,,,
4541070,1985,9384,1982,"SU","",,1,7,702,2,22,3,2,1,0.5,0,9.5,11,,,,
4541263,1985,9391,1983,"SU","",321015,3,3,72,5,52,9,0,1,,0.4938,,12.1111,0,0,,
4543342,1985,9398,1983,"SU","",,1,9,501,1,19,1,0,1,,0,,12,,,,
4544016,1985,9405,1983,"SU","",,1,2,164,5,52,2,1,1,0,0,3,9,,,,
4545008,1985,9405,1982,"SU","",,1,7,700,2,22,3,4,1,0.375,0.4444,8.75,9.3333,,,,
4545042,1985,9405,1982,"SU","",,1,2,367,2,21,8,1,1,0,0.6563,13,10.625,,,,
4545229,1985,9412,1981,"SU","",59015,3,8,72,5,52,6,3,0.1667,0,0,13,67.6667,0,0,0.3333,0.3333
4545907,1985,9412,1984,"SU","",,1,5,210,1,19,6,1,1,0,0,11,5,,,,
4546063,1985,9412,1985,"SU","",,1,12,430,1,19,8,1,0.75,0,0.2778,8,16.75,,,,
4546256,1985,9412,1982,"SU","",275680,3,12,250,4,44,7,0,0.8571,,0,,15.4286,0,0,,
4547099,1985,9419,1984,"SU","",536715,3,4,406,5,59,7,5,0.5714,0.72,0.625,6.2,29.5714,0,0,0,0
4548165,1985,9426,1983,"SU","",378040,3,3,123,5,53,7,3,0.8571,0,0.5,8.3333,15,0,0,0,0
4549060,1985,9426,1983,"SU","",275225,3,4,219,4,49,3,0,0.6667,,0.5,,15.6667,0,0,,
4549760,1985,9433,1984,"SU","",589610,3,20,294,5,59,2,1,1,0,0,13,5,0,0,0,0
4550113,1985,9433,1984,"SU","",394755,3,9,514,3,31,0,8,,0.5938,,5.875,,,,0,0
4550170,1985,9433,1984,"SU","",276405,3,4,548,1,14,1,0,1,,0,,12,0,0,,
4550723,1985,9440,1984,"SU","",,1,4,606,3,32,4,6,1,0,0.625,6.3333,7,,,,
4551221,1985,9440,1984,"SU","",,1,2,204,1,19,5,16,0.8,0.6406,0.375,7.0625,14.2,,,,
4551262,1985,9440,1983,"SU","",,1,1,252,1,19,5,3,1,0.6667,0.72,5.3333,13.6,,,,
4552621,1985,9447,1983,"SU","",59015,3,9,202,1,19,4,6,0.75,0.7222,0.4444,7.6667,13.25,0,0,0,0
4553886,1985,9454,1984,"SU","",,1,2,409,5,51,1,4,1,0.625,0,2.75,18,,,,
4554201,1985,9454,1984,"SU","",614955,3,2,428,6,69,9,21,1,0.6349,0.1975,8.381,4.7778,0.1111,0.1111,0,0
4554966,1985,9461,1983,"SU","",,1,7,165,6,66,3,1,0.6667,0,0,3,25.3333,,,,
4556398,1985,9468,1984,"SU","",614820,3,5,464,5,53,14,2,0.5714,0.5,0.4063,9,21.6429,0,0,0,0
4556847,1985,9468,1983,"SU","",614865,3,3,324,4,43,1,2,1,0.5,0,11.5,13,0,0,0,0
4556849,1985,9468,1983,"SU","",614900,3,6,324,4,43,3,10,1,0.68,0.4444,9.4,9.3333,0,0,0,0
4557697,1985,9475,1982,"SU","",276330,3,4,441,6,69,6,6,1,0.7778,0.7778,8.8333,8.8333,0,0,0,0
4557754,1985,9475,1980,"SU","",276405,3,9,504,1,11,1,0,1,,0,,16,0,0,,
4557758,1985,9475,1984,"SU","",,1,6,75,5,52,3,0,1,,0,,4.6667,,,,
4558127,1985,9475,1984,"SU","",,1,1,544,1,14,5,0,1,,0.48,,5.2,,,,
4558577,1985,9482,1983,"SU","",593190,7,4,72,5,52,11,10,0.8182,0.34,0,9.3,14.9091,0,0,0,0
4558737,1985,9482,1981,"SU","",,1,37,166,6,64,6,3,1,0.6667,0.5,12.3333,12.3333,,,,
4558952,1985,9482,1983,"SU","",,1,152,356,4,43,1,9,1,0.716,0,5.6667,3,,,,
4559011,1985,9482,1984,"SU","",614975,3,14,432,6,66,1,2,1,0.5,0,6,13,0,0,0,0
4559422,1985,9482,1984,"SU","",,1,1,200,4,41,4,1,0,0,,4,27.25,,,,
4559807,1985,9489,1983,"SU","",639125,3,7,72,5,52,0,4,,0,,7.5,,,,0,0
4561639,1985,9496,1983,"SU","",613425,3,2,266,5,52,3,2,1,0,0.4444,9.5,6.3333,0,0,0,0
4563262,1986,9503,1984,"SU","",,1,6,204,1,19,10,7,1,0,0.46,5.8571,7.5,,,,
4564059,1986,9510,1983,"SU","",,1,19,164,5,52,0,1,,0,,8,,,,,
4564318,1986,9510,1984,"SU","",536715,7,2,406,5,59,2,0,0.5,,0,,17,0,0,,
4564434,1986,9510,1984,"SU","",,1,3,204,1,19,6,1,1,0,0.5,11,8.6667,,,,
4564596,1986,9510,1985,"SU","",,1,7,435,3,33,7,4,1,0,0.4082,4,7.2857,,,,
4564740,1986,9510,1983,"SU","",,1,6,219,4,49,4,2,1,0,0,7,9.25,,,,
4565491,1986,9517,1980,"SU","",151865,3,5,415,5,53,3,1,0.6667,0,0,7,27.3333,0,0,0,0
4565788,1986,9517,1984,"SU","",,1,1,436,1,19,3,4,1,0.75,0.6667,4.5,8,,,,
4565805,1986,9517,1984,"SU","",,1,6,514,3,31,0,7,,0.2449,,8.4286,,,,,
4566324,1986,9524,1984,"SU","",,1,2,73,4,43,0,7,,0.2449,,8.7143,,,,,
4566587,1986,9524,1982,"SU","",151870,3,7,198,5,59,5,1,0.4,0,0.5,4,29.6,0,0,1,1
4567207,1986,9524,1983,"SU","",,1,22,521,1,15,2,1,0,0,,5,33,,,,
4567891,1986,9531,1984,"SU","",,1,6,606,3,32,1,8,1,0.2188,0,6.625,9,,,,
4567953,1986,9531,1980,"SU","",,1,2,175,6,64,4,2,1,0,0.375,8.5,10.5,,,,
4568031,1986,9531,1984,"SU","",,1,2,241,5,51,1,0,1,,0,,2,,,,
4568225,1986,9531,1984,"SU","",,1,2,406,5,59,2,2,1,0,0,7,12,,,,
4568689,1986,9531,1984,"SU","",,1,8,514,3,31,2,0,1,,0.5,,9.5,,,,
4569576,1986,9538,1982,"SU","",386145,3,11,351,3,39,6,18,0.8333,0.1049,0,8.5556,19.6667,0,0,0,0
4569758,1986,9538,1983,"SU","",593180,3,3,210,1,19,3,1,1,0,0.4444,6,16.3333,0,0,0,0
4570723,1986,9545,1984,"SU","",275930,3,4,173,5,51,2,4,1,0.375,0,6,7,0,0,0,0
4571403,1986,9545,1984,"SU","",276410,3,4,514,3,31,0,0,,,,,,,,,
4572269,1986,9552,1983,"SU","",614965,3,6,164,5,52,4,0,1,,0.625,,11.75,0,0,,
4573531,1986,9559,1984,"SU","",614700,3,4,166,6,64,9,5,1,0.32,0.1975,6.2,10.7778,0,0,0,0
4575606,1986,9566,1983,"SU","",,1,1,219,4,49,6,3,1,0.4444,0.2778,9,11.6667,,,,
4576226,1986,9573,1983,"SU","",,1,11,165,6,66,5,5,0.8,0.32,0.375,6.8,11.6,,,,
4576605,1986,9573,1985,"SU","",394730,3,3,623,3,39,8,3,1,0,0,11.3333,13.75,0,0,0,0
4576689,1986,9573,1981,"SU","",,1,13,205,1,19,5,5,0.8,0.72,0.75,8.4,14.4,,,,
4576824,1986,9573,1984,"SU","",,1,6,426,6,61,9,8,0.2222,0,0,9.625,35.6667,,,,
4576925,1986,9573,1985,"SU","",49730,3,5,502,1,19,5,5,1,0.48,0.56,6,4.6,0,0,0,0
4579557,1986,9587,1984,"SU","",,1,1,623,3,39,1,3,1,0,0,3.3333,1,,,,
4581074,1986,9594,1983,"SU","",,1,4,134,6,69,5,5,0.8,0.32,0.375,8.6,26.2,,,,
4582599,1986,9601,1985,"SU","",,1,3,210,1,19,4,3,1,0.4444,0,8,13,,,,
4583977,1986,9608,1984,"SU","",614875,3,13,604,3,32,15,12,0.9333,0.4861,0.5204,7.9167,9.8667,0,0,0,0
4585078,1986,9615,1982,"SU","",,1,2,173,5,51,7,5,0.8571,0.48,0.2778,10.8,16.7143,,,,
4585167,1986,9615,1982,"SU","",,1,13,239,5,59,3,0,1,,0.6667,,16.3333,,,,
4585401,1986,9615,1984,"SU","",606970,3,22,418,5,53,6,4,0.5,0.5,0.4444,5.5,35,0,0,0,0
4586563,1986,9622,1981,"SU","",,1,1,165,6,66,6,4,0.5,0,0,11.25,32.8333,,,,
4586981,1986,9622,1983,"SU","",614960,3,1,159,1,19,8,4,0.75,0.625,0.6111,6.25,28.625,0,0,0,0
4588330,1986,9629,1984,"SU","",,1,6,406,5,59,1,0,1,,0,,13,,,,
4588406,1986,9629,1985,"SU","",,1,3,623,3,39,2,5,1,0.64,0,7,5.5,,,,
4588671,1986,9629,1983,"SU","",276020,3,5,430,1,19,7,4,1,0.375,0,10.75,9.5714,0,0,0,0
4589413,1986,9636,1983,"SU","",,1,6,227,5,59,5,6,0.8,0,0.375,12.3333,8.6,,,,
4589969,1986,9636,1984,"SU","",,1,3,204,1,19,3,5,1,0.8,0.6667,5.2,9.3333,,,,
4591007,1986,9643,1983,"SU","",536710,3,1,175,6,64,11,4,0.7273,0.5,0.7188,8,18.4545,0,0,0,0
4591435,1986,9643,1984,"SU","",,1,13,210,1,19,1,2,0,0,,8,62,,,,
4592517,1986,9650,1985,"SU","",,1,2,241,5,51,1,5,1,0.32,0,11.4,2,,,,
4595017,1986,9664,1985,"SU","",386150,3,1,600,3,32,5,4,0.8,0.625,0.375,6.75,13.4,0,0,0,0
4595817,1986,9664,1984,"SU","",,1,3,219,4,49,1,1,1,0,0,11,7,,,,
4596351,1986,9671,1984,"SU","",614800,3,1,227,5,59,5,10,1,0,0,9.8,17.2,0,0,0,0
4597928,1986,9678,1984,"SU","",333825,3,1,264,5,51,11,18,0.8182,0.7716,0.716,10.5556,21.6364,0,0,0,0
4598081,1986,9678,1985,"SU","",394695,3,10,514,3,31,2,3,1,0,0,11.6667,10,0,0,0,0
4598658,1986,9685,1984,"SU","",589540,3,2,114,5,55,12,1,0.9167,0,0,6,18.3333,0,0,0,0
4599826,1986,9692,1984,"SU","",276610,3,1,451,5,51,4,7,0.75,0,0.4444,10.8571,30.75,0,0,0,0
4599880,1986,9692,1983,"SU","",59015,3,14,72,5,52,4,0,0.5,,0.5,,26.5,0,0,,
4602185,1986,9699,1984,"SU","",446450,3,4,313,4,42,5,2,0.4,0,0,10.5,21.8,0,0,0,0
4602215,1986,9699,1983,"SU","",567635,3,10,324,4,43,6,0,0.6667,,0,,29.1667,0,0,,
4602492,1986,9706,1983,"SU","",,1,20,72,5,52,6,2,0.8333,0,0.56,10,14.1667,,,,
4602997,1986,9706,1985,"SU","",593180,3,6,210,1,19,4,1,0.75,0,0.4444,4,17.5,0,0,0,0
4603002,1986,9706,1984,"SU","",614780,3,15,252,1,19,4,3,0.75,0,0.4444,8.6667,10.25,0,0,0,0
4603050,1986,9706,1984,"SU","",394655,3,6,424,3,31,7,1,0.5714,0,0,4,35.2857,0,0,0,0
4603573,1986,9713,1985,"SU","",386065,3,5,72,5,52,0,5,,0.48,,2.2,,,,0,0
4604175,1986,9713,1984,"SU","",,1,8,205,1,19,7,2,1,0,0.449,8.5,10.7143,,,,
4604724,1986,9713,1985,"SU","",228115,3,2,700,2,22,18,11,1,0.6446,0.8457,4.2727,13.0556,0,0,0,0
4605089,1986,9720,1983,"SU","",536755,3,12,181,6,69,11,4,1,0.375,0.6281,4.25,10.4545,0,0,0,0
4605247,1986,9720,1983,"SU","",536730,3,2,285,6,67,8,2,0.875,0.5,0.6122,7,20.125,0,0,0,0
4605411,1986,9720,1985,"SU","",386150,3,2,623,3,39,5,2,1,0,0,11,3.6,0,0,0,0
4605510,1986,9720,1985,"SU","",394770,3,1,252,1,19,9,1,1,0,0.1975,1,6.5556,0,0,0,0
4605520,1986,9720,1985,"SU","",394765,3,1,558,1,14,9,2,1,0.5,0.1975,1,6.5556,0,0,0,0
4606398,1986,9727,1984,"SU","",,1,5,164,5,52,4,1,0.75,0,0.4444,2,21,,,,
4606414,1986,9727,1982,"SU","",275930,3,4,173,5,51,13,0,0.2308,,0.6667,,53.8462,0,0,,
4606441,1986,9727,1983,"SU","",614940,3,4,188,5,53,5,2,1,0.5,0.72,10,11.2,0,0,0,0
4606684,1986,9727,1983,"SU","",382140,3,5,409,5,51,4,7,0.75,0.6122,0.4444,5.7143,18,0,0,0,0
4606700,1986,9727,1979,"SU","",614820,3,7,415,5,53,1,1,0,0,,15,28,0,0,0,0
4606929,1986,9727,1985,"SU","",,1,4,427,1,12,6,5,1,0.72,0.5,2.8,4.6667,,,,
4607480,1986,9734,1985,"SU","",225515,3,3,460,6,61,7,1,1,0,0.2449,4,8.1429,0,0,0,0
4607796,1986,9734,1984,"SU","",394885,3,8,241,5,51,3,15,1,0.4444,0.6667,9.4,12.6667,0,0,0,0
4607797,1986,9734,1984,"SU","",410435,3,6,241,5,51,3,18,1,0.6975,0.4444,8.3889,16.6667,0,0,0,0
4607980,1986,9734,1984,"SU","",536725,3,3,404,6,69,6,0,0.8333,,0.32,,14,0,0,,
4608004,1986,9734,1985,"SU","",394870,3,8,418,5,53,6,0,0.6667,,0.625,,25.8333,0,0,,
4608581,1986,9734,1983,"SU","",,1,8,257,4,46,3,11,1,0.6446,0.4444,10.4545,5.3333,,,,
4608920,1986,9741,1983,"SU","",,1,14,99,6,61,3,10,0.3333,0.32,0,8.3,57.6667,,,,
4608945,1986,9741,1985,"SU","",614815,3,2,122,6,66,7,0,0.8571,,0,,16.7143,0,0,,
4610016,1986,9741,1984,"SU","",614965,3,1,373,6,66,2,0,0.5,,0,,18.5,0,0,,
4610303,1986,9748,1984,"SU","",614700,3,5,166,6,64,5,0,1,,0,,5.2,0,0,,
4610767,1986,9748,1985,"SU","",330260,3,2,204,1,19,1,0,1,,0,,21,0,0,,
4610850,1986,9748,1983,"SU","",304495,3,5,422,1,19,16,1,0.8125,0,0.6982,11,15.625,0,0,0,0
4611118,1986,9748,1984,"SU","",276050,3,5,250,4,44,3,9,1,0,0,6.4444,10.3333,0,0,0,0
4611625,1986,9755,1985,"SU","",455935,3,3,137,6,69,3,1,0.3333,0,0,7,25.3333,0,0,0,0
4611958,1986,9755,1984,"SU","",,1,2,408,5,51,3,2,0.6667,0.5,0.5,6.5,15.6667,,,,
4612849,1986,9762,1984,"SU","",614690,3,5,99,6,61,5,1,0.6,0,0.4444,3,38,0,0,0,0
4614301,1986,9769,1984,"SU","",,1,2,239,5,59,3,0,0.3333,,0,,19.3333,,,,
4615338,1986,9776,1985,"SU","",323420,3,10,606,3,32,4,35,0.75,0.16,0,8.6286,14.5,0,0,0,0
4615474,1986,9776,1984,"SU","",614800,3,3,227,5,59,1,9,1,0.3457,0,9.8889,12,0,0,0,0
4615700,1986,9776,1984,"SU","",386150,3,2,623,3,39,1,3,1,0,0,7,3,0,0,0,0
4615737,1986,9776,1985,"SU","",559710,3,7,106,1,12,4,0,1,,0.75,,10.5,0,0,,
4617764,1986,9790,1985,"SU","",186050,3,4,451,5,51,7,7,0.7143,0,0,7.7143,15.7143,0,0,0,0
4619899,1986,9797,1985,"SU","",274935,3,6,435,3,33,0,6,,0.6111,,6.5,,,,0,0
4620432,1986,9804,1985,"SU","",59015,3,2,72,5,52,6,0,0.3333,,0.5,,32,0,0,,
4620464,1986,9804,1984,"SU","",,1,3,82,5,51,1,3,1,0,0,5,8,,,,
4620847,1986,9804,1984,"SU","",614870,3,2,604,3,32,10,9,0.6,0.3704,0.6111,9.1111,20.6,0,0,0,0
4621060,1986,9804,1984,"SU","",274935,3,2,435,3,33,5,1,0.8,0,0.625,7,12.8,0,0,0,0
4622014,1986,9811,1985,"SU","",561040,3,1,434,6,69,2,3,1,0.4444,0,5.6667,22,0,0,0,0
4623402,1986,9818,1983,"SU","",394760,3,10,419,5,52,9,7,1,0.6939,0.7901,6.1429,13.6667,0,0,0,0
4623731,1986,9818,1984,"SU","",,1,4,548,1,14,4,8,1,0.5625,0.375,8.875,13.25,,,,
4624788,1986,9825,1984,"SU","",,1,6,210,1,19,4,3,0.75,0,0,8.6667,16,,,,
4624871,1986,9825,1985,"SU","",199585,3,5,427,1,12,1,4,0,0.625,,7.75,33,0,0,0,0
4626078,1986,9832,1985,"SU","",276010,3,4,359,5,54,3,4,0.6667,0.625,0,8.5,28,0,0,0,0
4626935,1986,9832,1985,"SU","",,1,2,360,2,24,4,1,1,0,0.375,2,1.5,,,,
4627914,1986,9839,1986,"SU","",,1,2,210,1,19,3,3,1,0,0,7,3.3333,,,,
4628678,1986,9846,1985,"SU","",561125,3,2,57,6,63,2,1,1,0,0,1,8,0,0,1,1
4629008,1986,9846,1984,"SU","",275930,3,4,173,5,51,4,5,0.75,0.56,0.6667,6.6,13.5,0,0,0,0
4629107,1986,9846,1984,"SU","",614800,3,2,222,1,19,3,0,1,,0.4444,,11.6667,0,0,,
4629633,1986,9846,1985,"SU","",99700,3,4,427,1,12,13,1,0.9231,0,0.8194,12,7.3077,0,0,0,0
4629838,1986,9846,1983,"SU","",565490,3,3,200,4,41,6,1,0.3333,0,0.5,14,27.3333,0,0,0,0
4631926,1986,9860,1985,"SU","",,1,4,62,6,69,3,3,1,0,0,9.3333,8.6667,,,,
4633014,1986,9860,1984,"SU","",276390,3,4,562,1,14,6,2,0.6667,0.5,0.75,10,22.6667,0,0,0,0
4633723,1987,9867,1984,"SU","",228790,3,4,74,5,59,9,1,0.3333,0,0.4444,5,52,0,0,0,0
4634869,1987,9867,1983,"SU","",276100,3,10,250,4,44,4,1,0.75,0,0,14,19.75,0,0,0,0
4635900,1987,9874,1985,"SU","",614305,3,3,251,5,53,6,0,0.1667,,0,,53.5,0,0,,
4635990,1987,9874,1984,"SU","",614305,3,6,295,5,55,5,2,0.2,0.5,0,11,32.8,0,0,0,0
4637102,1987,9881,1985,"SU","",455940,3,16,24,6,63,8,1,0.875,0,0,3,12.25,0,0,0,0
4637390,1987,9881,1985,"SU","",394740,3,2,606,3,32,5,4,0.4,0.375,0,10.5,45,0,0,0,0
4637392,1987,9881,1985,"SU","",312320,3,15,606,3,32,1,15,0,0.24,,9.3333,112,0,0,0,0
4637476,1987,9881,1985,"SU","",275930,3,5,173,5,51,3,3,0.6667,0.6667,0,4.6667,26.6667,1,0.3333,0,0
4638861,1987,9888,1985,"SU","",386130,3,7,166,6,64,2,1,0.5,0,0,4,24,0,0,0,0
4641093,1987,9895,1983,"SU","",276515,3,3,324,4,43,3,2,1,0,0,4,12.3333,0,0,0,0
4641492,1987,9902,1984,"SU","",414305,3,8,57,6,63,5,1,0.2,0,0,3,49.8,0,0,0,0
4642115,1987,9902,1986,"SU","",312825,3,2,623,3,39,8,2,1,0.5,0,6,6,0,0,0,0
4642354,1987,9902,1985,"SU","",394725,3,11,548,1,14,0,0,,,,,,,,,
4643712,1987,9909,1985,"SU","",67740,3,2,604,3,32,6,15,0.6667,0,0,7.6667,20.6667,0,0,0,0
4644771,1987,9916,1985,"SU","",394790,3,5,72,5,52,2,0,1,,0.5,,9.5,0,0,,
4645487,1987,9916,1984,"SU","",614870,3,8,604,3,32,10,3,0.6,0.6667,0.6111,6,21.6,0,0,0,0
4646709,1987,9923,1986,"SU","",550695,3,4,124,5,59,8,2,0.625,0,0.32,9.5,33,0,0,0,0
4647282,1987,9923,1985,"SU","",386150,3,1,623,3,39,3,22,1,0.6694,0.4444,7.7727,4.3333,0,0,0,0
4647856,1987,9923,1983,"SU","",276515,3,4,324,4,43,3,4,1,0.375,0,9,15.3333,0,0,0,0
4648659,1987,9930,1984,"SU","",228985,3,8,299,6,64,1,2,1,0.5,0,6,11,0,0,0,0
4649126,1987,9930,1985,"SU","",276045,3,1,501,1,19,1,4,0,0.5,,10,37,0,0,0,0
4650065,1987,9937,1985,"SU","",,1,10,198,5,59,2,0,1,,0,,18,,,,
4650235,1987,9937,1986,"SU","",536710,3,2,294,5,59,16,4,0.6875,0.375,0.7769,2.75,19.8125,0,0,0,0
4651748,1987,9944,1984,"SU","",199595,3,18,600,3,32,4,3,1,0.4444,0,11,9.5,0,0,0,0
4651867,1987,9944,1986,"SU","",,1,6,198,5,59,2,0,1,,0.5,,11,,,,
4653001,1987,9944,1985,"SU","",386150,3,1,600,3,32,0,3,,0.4444,,6.3333,,,,0,0
4653506,1987,9951,1983,"SU","",614800,3,12,600,3,32,5,5,0.8,0,0,10,18.6,0,0,0,0
4653596,1987,9951,1985,"SU","",275930,3,6,173,5,51,2,2,1,0,0,10.5,11,0,0,0,0
4653700,1987,9951,1985,"SU","",559710,3,1,241,5,51,4,2,0.75,0.5,0.4444,7,23.25,0,0,0.5,0.5
4654237,1987,9951,1985,"SU","",199590,3,3,427,1,12,2,2,1,0.5,0,6.5,18,0,0,0,0
4655218,1987,9958,1985,"SU","",67740,3,3,606,3,32,5,35,0.4,0.609,0,10.0286,36.2,0,0,0,0
4655405,1987,9958,1985,"SU","",614970,3,4,241,5,51,2,0,1,,0,,2,0,0,,
4655895,1987,9958,1985,"SU","",228965,7,17,204,1,19,7,0,0.8571,,0.5,,13,0,0,,
4656138,1987,9958,1984,"SU","",274940,3,4,435,3,33,6,1,0.8333,0,0.56,2,17.3333,0,0,0,0
4656178,1987,9958,1985,"SU","",,1,4,514,3,31,0,1,,0,,7,,,,,
4656259,1987,9958,1985,"SU","",276430,3,7,536,1,14,3,0,1,,0.4444,,7.6667,0,0,,
4656736,1987,9965,1986,"SU","",614960,3,4,29,5,52,5,5,1,0.32,0.32,4.8,15.2,0,0,0,0
4657017,1987,9965,1985,"SU","",394740,3,1,606,3,32,3,3,0.6667,0,0.5,8.3333,31,0,0,0,0
4657494,1987,9965,1985,"SU","",639030,7,2,418,5,53,4,0,1,,0,,4,0.3333,0.25,,
4658913,1987,9972,1984,"SU","",,1,2,173,5,51,7,5,0.7143,0.8,0,7,29,,,,
4659025,1987,9972,1985,"SU","",,1,1,241,5,51,2,1,0.5,0,0,0,18.5,,,,
4660400,1987,9979,1985,"SU","",386135,3,2,72,5,52,3,2,1,0,0,3.5,15,0,0,0,0
4663891,1987,9993,1981,"SU","",304490,3,6,451,5,51,6,1,0.3333,0,0,17,43.3333,0,0,0,0
4665214,1987,9993,1985,"SU","",276395,7,3,560,1,14,0,0,,,,,,,,,
4666668,1987,10000,1986,"SU","",,1,10,422,1,19,8,8,1,0.7813,0.75,4,13,,,,
4667657,1987,10007,1985,"SU","",274950,3,2,600,3,32,4,4,0.75,0,0.4444,7.25,13.5,0,0,0,0
4669658,1987,10014,1985,"SU","",276540,3,12,239,5,59,6,5,1,0.64,0.2778,5.8,12.5,0,0,0,0
4671092,1987,10021,1985,"SU","",394790,3,6,72,5,52,3,1,0.6667,0,0,11,38.3333,0,0,0,0
4671274,1987,10021,1985,"SU","",312320,3,8,606,3,32,5,28,0.2,0,0,9.6071,46.6,0,0,0,0
4671487,1987,10021,1985,"SU","",614305,3,2,251,5,53,2,1,0.5,0,0,5,15.5,0,0,0,0
4672801,1987,10028,1986,"SU","",561125,3,5,57,6,63,9,1,1,0,0,3,7.3333,0,0,0,0
4676487,1987,10042,1983,"SU","",613425,3,1,266,5,52,1,0,1,,0,,19,0,0,,
4676652,1987,10042,1983,"SU","",,1,4,356,4,43,5,3,1,0.4444,0.48,11.6667,10.8,,,,
4676716,1987,10042,1985,"SU","",614820,7,8,415,5,53,8,2,0.625,0,0.56,6.5,24.25,0,0,0,0
4677864,1987,10049,1985,"SU","",614805,3,1,73,4,43,7,0,0.8571,,0.5,,14.4286,0,0,,
4678076,1987,10049,1985,"SU","",614745,3,4,198,5,59,5,5,0.6,0.64,0,7.2,35.8,0,0,0,0
4679490,1987,10056,1984,"SU","",,1,4,91,5,53,6,0,0.3333,,0.5,,35.5,,,,
4680014,1987,10056,1985,"SU","",276555,3,31,434,6,69,1,2,1,0,0,2,9,0,0,0,0
4680260,1987,10056,1985,"SU","",614835,3,2,435,3,33,0,2,,0,,4,,,,0,0
4681174,1987,10063,1986,"SU","",308025,3,1,175,6,64,2,4,1,0.375,0.5,3.75,3.5,0,0,0,0
4682841,1987,10070,1981,"SU","",,1,5,359,5,54,6,3,1,0,0.6111,14.6667,9.3333,,,,
4683079,1987,10070,1986,"SU","",,1,1,252,1,19,10,1,1,0,0.18,9,4.2,,,,
4683960,1987,10077,1984,"SU","",,1,2,173,5,51,1,9,1,0.6667,0,8.2222,14,,,,
4684051,1987,10077,1985,"SU","",,1,11,227,5,59,4,16,1,0,0,9,9.5,,,,
4684112,1987,10077,1986,"SU","",,1,2,269,6,69,5,3,0.6,0.6667,0,8.3333,24.2,,,,
4685045,1987,10077,1986,"SU","",448980,3,1,363,4,45,2,1,1,0,0.5,1,23.5,0,0,0,0
4686007,1987,10084,1985,"SU","",59015,3,1,201,1,19,9,4,0.8889,0.75,0.6875,7.75,14.8889,0,0,0,0
4686189,1987,10084,1984,"SU","",,1,4,435,3,33,4,5,0.25,0.32,0,5.6,65.5,,,,
4686215,1987,10084,1985,"SU","",276390,3,13,514,3,31,0,1,,0,,2,,,,0,0
4686346,1987,10084,1985,"SU","",275225,3,8,219,4,49,2,1,1,0,0,8,4.5,0,0,0,0
4687135,1987,10091,1986,"SU","",276535,3,6,239,5,59,7,1,0.7143,0,0.48,9,18,0,0,0,0
4687273,1987,10091,1985,"SU","",330260,3,1,439,4,41,2,4,0.5,0.5,0,10.25,19,0,0,0,0
4689021,1987,10098,1986,"SU","",276555,3,17,434,6,69,3,1,1,0,0,1,9.6667,0,0,0,0
4689306,1987,10098,1983,"SU","",274935,3,6,435,3,33,9,3,0.5556,0.4444,0.8,8,24.7778,0,0,0,0
4690225,1987,10105,1985,"SU","",275930,3,8,173,5,51,13,6,0.3846,0.5,0.56,3.1667,50,0,0,0,0
4690267,1987,10105,1985,"SU","",,1,4,198,5,59,6,3,0.5,0.4444,0.6667,5,23.5,,,,
4690460,1987,10105,1985,"SU","",228720,3,4,299,6,64,1,3,0,0,,5.6667,52,0,0,0.6667,0.6667
4691046,1987,10105,1987,"SU","",276420,7,1,560,1,14,1,0,1,,0,,24,0,0,,
4691183,1987,10105,1986,"SU","",414300,3,1,335,4,41,3,0,0,,,,51.6667,0,0,,
4691994,1987,10112,1981,"SU","",,1,2,359,5,54,9,4,1,0.375,0.716,11,8.1111,,,,
4692164,1987,10112,1986,"SU","",386065,3,11,623,3,39,7,15,1,0.6489,0.449,8,8.7143,0,0,0,0
4692585,1987,10112,1986,"SU","",275225,7,1,219,4,49,1,0,1,,0,,14,0,0,,
4692905,1987,10112,1986,"SU","",275705,3,1,367,2,21,2,2,1,0,0,4.5,16.5,0,0,0,0
4694642,1987,10126,1986,"SU","",561125,3,2,57,6,63,9,0,1,,0,,9.6667,0.1667,0.1111,,
4694867,1987,10126,1986,"SU","",315845,3,4,139,6,63,3,3,0.6667,0,0,6,16,0,0,0,0
4695360,1987,10126,1985,"SU","",234060,3,9,204,1,19,4,1,1,0,0.75,2,11,0,0,0,0
4695622,1987,10126,1986,"SU","",614750,7,1,530,1,15,0,0,,,,,,,,,
4697647,1987,10140,1985,"SU","",275930,3,2,173,5,51,2,2,1,0.5,0.5,6,10.5,0,0,0,0
4698419,1987,10140,1986,"SU","",614750,3,1,530,1,15,2,0,1,,0.5,,2,0,0,,
4699078,1987,10147,1986,"SU","",,1,1,118,1,12,5,0,0.4,,0.5,,29,,,,
4699364,1987,10147,1986,"SU","",371425,3,1,269,6,69,7,3,0.7143,0,0.72,3,11.2857,0,0,0,0
4700288,1987,10147,1986,"SU","",,1,1,363,4,45,4,3,1,0,0,10.3333,8.25,,,,
4700468,1987,10154,1986,"SU","",615000,3,1,29,5,52,6,3,0.8333,0.6667,0,10.6667,19,0,0,0,0
4700660,1987,10154,1986,"SU","",312840,3,11,118,1,12,3,6,1,0.6111,0.4444,5.8333,9.6667,0,0,0,0
4701075,1987,10154,1985,"SU","",410080,3,4,405,6,64,7,1,1,0,0,5,9.1429,0,0,0,0
4702069,1987,10161,1987,"SU","",614860,3,3,57,6,63,9,4,1,0,0,5.25,8.3333,0,0,0,0
4702702,1987,10161,1986,"SU","",,1,3,434,6,69,6,2,0.6667,0.5,0.375,7.5,22.3333,,,,
4702860,1987,10161,1986,"SU","",394720,3,5,252,1,19,1,9,1,0.8395,0,5.3333,4,0,0,0,0
4703835,1987,10168,1986,"SU","",600545,3,5,187,5,55,6,3,0.5,0.4444,0.4444,7.3333,34.8333,0,0,0,0
4704403,1987,10168,1985,"SU","",,1,9,514,3,31,2,1,1,0,0,4,3,,,,
4705119,1987,10175,1986,"SU","",275935,3,2,175,6,64,4,4,1,0.375,0.375,4,13.75,0,0,0,0
4705876,1987,10175,1986,"SU","",614695,3,6,556,1,14,9,0,0.5556,,0.8,,26,0,0,,
4707053,1987,10182,1985,"SU","",,1,3,359,5,54,0,2,,0,,6.5,,,,,
4707163,1987,10182,1985,"SU","",74750,3,8,48,1,13,8,9,1,0.716,0.375,4.2222,4,0,0,0,0
4708211,1987,10189,1985,"SU","",275935,3,4,175,6,64,3,7,1,0.6122,0,6.1429,6,0,0,0.1429,0.1429
4708628,1987,10189,1986,"SU","",394785,3,5,425,5,51,5,1,1,0,0.56,7,14,0,0,0,0
4709584,1987,10196,1986,"SU","",276025,3,4,73,4,43,2,5,1,0,0,5,19.5,0,0,0,0
4709685,1987,10196,1986,"SU","",550695,3,6,124,5,59,9,0,0.6667,,0,,25.3333,0,0,,
4709768,1987,10196,1986,"SU","",275935,3,7,175,6,64,2,2,1,0.5,0,5.5,11,0,0,0,0
4711006,1987,10203,1986,"SU","",614820,3,3,29,5,52,3,7,1,0.5714,0,7.4286,7.6667,0,0,0,0
4711182,1987,10203,1985,"SU","",,1,16,104,5,55,4,10,1,0.54,0,8.8,10.25,,,,
4711239,1987,10203,1986,"SU","",,1,3,606,3,32,3,7,1,0.2449,0.6667,8.1429,10,,,,
4711387,1987,10203,1985,"SU","",,1,1,228,5,52,4,0,1,,0.625,,9.75,,,,
4712724,1987,10210,1986,"SU","",,1,2,228,5,52,3,1,1,0,0,9,13.3333,,,,
4712772,1987,10210,1985,"SU","",,1,4,254,5,59,4,4,1,0.75,0.5,3.25,11,,,,
4713071,1987,10210,1986,"SU","",,1,7,623,3,39,3,1,1,0,0,3,9,,,,
4713155,1987,10210,1986,"SU","",321150,3,9,204,1,19,2,0,1,,0,,7.5,0,0,,
4713239,1987,10210,1985,"SU","",614750,7,13,424,3,31,6,6,1,0,0.6111,4.6667,11.1667,0,0,0.2,0.1667
4715523,1987,10224,1984,"SU","",,1,1,228,5,52,4,3,1,0.6667,0.625,9.3333,9.5,,,,
4715670,1987,10224,1986,"SU","",,1,2,359,5,54,1,7,1,0.2449,0,4.5714,4,,,,
4716273,1987,10224,1986,"SU","",276555,3,10,219,4,49,5,1,1,0,0.48,1,6.2,0,0,0,0
4718994,1988,10238,1985,"SU","",330260,3,6,205,1,19,1,0,1,,0,,9,0,0,,
4720025,1988,10245,1986,"SU","",455905,3,14,222,1,19,4,1,0,0,,2,39.5,0,0,0,0
4721259,1988,10252,1985,"SU","",,1,2,241,5,51,4,1,0.75,0,0,2,18.75,,,,
4721838,1988,10252,1984,"SU","",,1,7,219,4,49,10,4,0.8,0.625,0.375,8.25,15,,,,
4722403,1988,10259,1986,"SU","",275930,3,4,175,6,64,7,1,0.8571,0,0.4444,10,16.4286,0,0,0,0
4723483,1988,10266,1986,"SU","",276520,3,16,99,6,61,1,19,1,0.6925,0,8.6842,2,0,0,0,0
4724149,1988,10266,1986,"SU","",,1,3,426,6,61,3,1,1,0,0,3,8.3333,,,,
4724834,1988,10273,1986,"SU","",579850,7,10,606,3,32,6,2,1,0,0.6667,3,9.8333,0,0,0,0
4724841,1988,10273,1986,"SU","",386160,3,1,607,3,32,6,5,1,0.56,0.2778,4.6,11.5,0,0,0,0
4725707,1988,10273,1986,"SU","",,1,1,219,4,49,1,2,1,0,0,5,15,,,,
4728047,1988,10287,1986,"SU","",,1,5,241,5,51,1,1,1,0,0,3,10,,,,
4729905,1988,10294,1987,"SU","",614845,3,1,427,1,12,1,6,1,0,0,5.3333,12,0,0,0,0
4731240,1988,10301,1986,"SU","",,1,8,424,3,31,3,0,1,,0,,11.6667,,,,
4731805,1988,10301,1986,"SU","",,1,3,378,4,44,4,2,1,0,0,4.5,7.25,,,,
4733044,1988,10308,1986,"SU","",275100,3,1,219,4,49,1,3,1,0,0,5.3333,12,0,0,0,0
4733731,1988,10315,1986,"SU","",,1,3,173,5,51,4,3,1,0.4444,0.625,4.3333,11.5,,,,
4734096,1988,10315,1987,"SU","",228955,3,1,623,3,39,5,0,1,,0,,7.2,0,0,,
4734178,1988,10315,1986,"SU","",614955,3,12,204,1,19,3,3,1,0.4444,0.6667,5.3333,13.3333,0,0,0,0
4735953,1988,10322,1987,"SU","",,1,5,514,3,31,1,3,1,0.6667,0,6.3333,3,,,,
4736606,1988,10329,1987,"SU","",639120,3,3,72,5,52,3,1,0.6667,0,0,1,43,0,0,0,0
4736897,1988,10329,1986,"SU","",536740,3,7,241,5,51,3,2,1,0.5,0,6,6.6667,0,0,0,0
4737704,1988,10329,1986,"SU","",,1,4,323,4,45,6,6,0.8333,0.6111,0.32,4.6667,23.3333,,,,
4738742,1988,10336,1986,"SU","",586045,3,2,156,1,19,4,2,0.5,0.5,0,5.5,21,0,0,0,0
4738965,1988,10336,1987,"SU","",276440,3,3,514,3,31,1,1,1,0,0,5,1,0,0,0,0
4739837,1988,10343,1986,"SU","",,1,2,173,5,51,4,1,1,0,0.625,4,16,,,,
4742402,1988,10350,1986,"SU","",275115,3,4,360,2,24,3,0,0.6667,,0,,23,0,0,,
4743146,1988,10357,1986,"SU","",312315,3,6,408,5,51,2,2,0,0.5,,8,54,0,0,0,0
4743732,1988,10357,1987,"SU","",275095,3,1,219,4,49,1,0,1,,0,,5,0,0,,
4743849,1988,10357,1986,"SU","",59015,3,7,324,4,43,3,0,0.6667,,0.5,,15,0,0,,
4745879,1988,10371,1986,"SU","",586045,3,2,118,1,12,2,3,0.5,0.4444,0,6.6667,17,0,0,0,0
4746047,1988,10371,1987,"SU","",386060,3,14,227,5,59,6,0,1,,0.2778,,4.8333,0,0,,
4746465,1988,10371,1986,"SU","",,1,3,562,1,14,0,0,,,,,,,,,
4746496,1988,10371,1985,"SU","",312320,3,4,422,1,19,7,1,1,0,0.6122,10,10.5714,0,0,0,0
4747481,1988,10378,1986,"SU","",151870,3,4,198,5,59,2,3,1,0,0,4,9.5,1,0.5,0,0
4747551,1988,10378,1986,"SU","",,1,5,241,5,51,3,2,1,0.5,0,4,14,,,,
4748254,1988,10378,1985,"SU","",276245,3,4,549,1,14,5,5,1,0.56,0,5.6,7,0,0,0,0
4749208,1988,10385,1986,"SU","",333810,3,5,280,5,55,3,1,1,0,0.4444,3,9,0,0,0,0
4751287,1988,10392,1984,"SU","",276390,3,1,530,1,15,1,0,1,,0,,5,0,0,,
4751860,1988,10399,1986,"SU","",614060,3,1,76,5,52,0,2,,0.5,,9.5,,,,0,0
4753810,1988,10406,1986,"SU","",276520,3,14,426,6,61,4,1,0.5,0,0.5,4,46,0,0,0,0
4753854,1988,10406,1986,"SU","",614955,3,8,428,6,69,2,16,1,0.2266,0.5,7.3125,4,0,0,0,0
4756237,1988,10420,1987,"SU","",586045,3,6,91,5,53,16,7,0.8125,0.2449,0.8876,4,24.75,0,0,0,0
4756465,1988,10420,1986,"SU","",330260,3,13,228,5,52,9,3,0.7778,0,0.7347,6.3333,17.4444,0,0,0,0
4756913,1988,10420,1987,"SU","",,1,2,426,6,61,1,0,1,,0,,8,,,,
4758115,1988,10427,1986,"SU","",586045,3,24,405,6,64,7,2,0.8571,0.5,0.5,4.5,11.7143,0,0,0,0
4758698,1988,10427,1986,"SU","",615000,3,5,200,4,41,4,0,0.5,,0,,26.5,0,0,,
4759370,1988,10434,1987,"SU","",322865,3,1,600,3,32,2,2,1,0,0,7,10.5,0,0,0,0
4759531,1988,10434,1987,"SU","",614740,3,3,266,5,52,0,0,,,,,,,,,
4760762,1988,10441,1986,"SU","",614060,3,1,76,5,52,0,1,,0,,7,,,,0,0
4763772,1988,10455,1986,"SU","",,1,3,198,5,59,5,1,0.8,0,0.625,6,17.2,,,,
4763885,1988,10455,1981,"SU","",312820,3,17,267,5,59,8,4,0.25,0.75,0.5,11.75,56,0,0,0,0
4764094,1988,10455,1987,"SU","",614820,3,3,418,5,53,2,5,1,0.48,0.5,5.6,11.5,0,0,0,0
4764237,1988,10455,1986,"SU","",586045,3,13,156,1,19,2,4,1,0.375,0.5,8.25,2.5,0,0,0,0
4765311,1988,10462,1987,"SU","",,1,4,600,3,32,0,12,,0.2917,,7.6667,,,,,
4765840,1988,10462,1987,"SU","",394790,3,16,106,1,12,4,0,1,,0.375,,8.5,0,0,,
4766760,1988,10469,1987,"SU","",614805,3,9,73,4,43,4,3,1,0.4444,0.625,7.6667,7.5,0,0,0,0
4766904,1988,10469,1987,"SU","",322870,7,2,600,3,32,4,6,1,0,0,4.1667,15,0,0,0,0
4767045,1988,10469,1987,"SU","",394855,3,16,227,5,59,3,0,1,,0,,9,0,0,,
4768835,1988,10476,1986,"SU","",228985,3,9,299,6,64,4,2,1,0.5,0.625,6.5,12.75,0,0,0,0
4769382,1988,10476,1986,"SU","",276435,3,5,514,3,31,1,3,1,0,0,9.3333,2,0,0,0,0
4769921,1988,10483,1987,"SU","",589675,3,1,34,1,19,5,4,0.4,0.5,0.5,2.75,30.2,0,0,0,0
4770016,1988,10483,1986,"SU","",59015,3,27,72,5,52,5,1,0.4,0,0,6,31.8,1,0.2,0,0
4770051,1988,10483,1986,"SU","",600665,7,3,73,4,43,6,2,1,0.5,0.2778,8,6,0,0,0,0
4770075,1988,10483,1986,"SU","",,1,2,82,5,51,4,0,0.25,,0,,51.25,,,,
4770085,1988,10483,1983,"SU","",536735,3,1,92,5,53,6,0,0.3333,,0,,37.5,0,0,,
4770571,1988,10483,1986,"SU","",,1,5,408,5,51,3,4,1,0.625,0.4444,4.25,8.6667,,,,
4770614,1988,10483,1987,"SU","",,1,9,417,5,53,4,0,0.25,,0,,65.6667,,,,
4771082,1988,10483,1987,"SU","",,1,7,521,1,15,4,0,0.75,,0.4444,,18.25,,,,
4771661,1988,10490,1987,"SU","",312840,3,3,81,5,59,0,1,,0,,4,,,,0,0
4771770,1988,10490,1985,"SU","",614840,7,2,128,3,32,8,7,1,0.4082,0.2188,8.8571,10.25,0,0,0,0
4771784,1988,10490,1987,"SU","",322870,3,1,600,3,32,2,3,1,0.4444,0,8,19,0,0,0,0
4774469,1988,10497,1986,"SU","",275710,3,4,324,4,43,5,3,1,0.4444,0.32,6,14,0,0,0,0
4774928,1988,10504,1986,"SU","",550690,3,4,124,5,59,5,7,0.8,0.2449,0.625,7.5714,23.4,0,0,0,0
4775091,1988,10504,1987,"SU","",275225,3,2,228,5,52,3,0,1,,0.4444,,13.6667,0,0,,
4776407,1988,10511,1986,"SU","",275930,3,3,173,5,51,1,2,1,0,0,5.5,8,0,0,0,0
4777003,1988,10511,1987,"SU","",99525,3,3,264,5,51,8,1,0.5,0,0.75,6,19.5,0,0,0,0
4777029,1988,10511,1987,"SU","",308020,3,5,423,1,19,5,1,1,0,0.32,3,17.6,0,0,0,0
4778464,1988,10518,1987,"SU","",312805,7,1,623,3,39,4,0,1,,0,,11.5,0,0,,
4780296,1988,10525,1987,"SU","",308020,3,5,423,1,19,5,1,0.6,0,0,3,22.2,0,0,0,0
4781145,1988,10532,1987,"SU","",,1,2,118,1,12,10,2,0.7,0.5,0.7347,5.5,19.1,,,,
4782776,1988,10539,1987,"SU","",589630,3,3,112,6,63,3,1,0.3333,0,0,7,72.3333,0,0,0,0
4783986,1988,10546,1987,"SU","",228705,3,5,72,5,52,1,2,1,0.5,0,7,21,0,0,0,0
4784137,1988,10546,1987,"SU","",,1,2,227,5,59,5,106,1,0.5464,0,6.9904,4,,,,
4785898,1988,10553,1987,"SU","",275935,7,4,175,6,64,5,4,0.8,0.375,0.375,4.5,14.8,0.3333,0.2,0,0
4786184,1988,10553,1987,"SU","",276545,3,8,366,1,19,5,1,0.8,0,0,6,21.4,0,0,0,0
4786273,1988,10553,1987,"SU","",59015,3,3,474,5,53,3,1,0.3333,0,0,1,34,0,0,0,0
4786407,1988,10553,1987,"SU","",,1,4,210,1,19,6,0,1,,0.6111,,8.1667,,,,
4787248,1988,10560,1986,"SU","",394870,3,5,73,4,43,3,0,0.3333,,0,,37.6667,0,0,,
4787303,1988,10560,1987,"SU","",276525,3,2,99,6,61,1,14,1,0.5,0,4.7857,2,0,0,0,0
4787424,1988,10560,1986,"SU","",315850,3,1,139,6,63,3,0,1,,0,,10,0,0,,
4788968,1988,10567,1987,"SU","",275255,3,2,601,3,32,8,4,0.75,0.625,0.4444,8,18.75,0,0,0,0
4788978,1988,10567,1988,"SU","",,1,4,227,5,59,3,15,1,0.3911,0.4444,6,18.3333,,,,
4789094,1988,10567,1987,"SU","",275235,3,1,228,5,52,4,1,0.75,0,0.4444,10,13.75,0,0,0,0
4790934,1988,10574,1987,"SU","",284315,3,1,210,1,19,8,1,0.5,0,0,3,26.75,0,0,0,0
4791720,1988,10581,1987,"SU","",307375,3,4,29,5,52,0,0,,,,,,,,,
4793917,1988,10588,1987,"SU","",276040,3,5,209,5,51,8,1,0.875,0,0.2449,3,16.5,0,0,0,0
4795289,1989,10595,1986,"SU","",,1,2,408,5,51,3,1,0.6667,0,0.5,8,19,,,,
4795311,1989,10595,1987,"SU","",455920,3,1,416,1,19,7,3,0.1429,0.4444,0,5.3333,38.7143,0,0,0,0
4795878,1989,10595,1987,"SU","",275250,7,33,219,4,49,4,1,1,0,0.625,5,12.25,0,0,0,0
4796398,1989,10602,1987,"SU","",514705,3,1,52,6,69,8,0,0,,,,68.875,0,0,,
4796799,1989,10602,1987,"SU","",49735,3,1,228,5,52,7,1,1,0,0.6939,3,8.5714,0,0,0,0
4796867,1989,10602,1987,"SU","",312310,3,3,266,5,52,3,0,1,,0.4444,,14.6667,0,0,,
4796868,1989,10602,1987,"SU","",312310,3,2,266,5,52,3,0,1,,0.4444,,18.3333,0,0,,
4796908,1989,10602,1986,"SU","",,1,4,280,5,55,1,0,1,,0,,5,,,,
4796956,1989,10602,1987,"SU","",536695,3,8,299,6,64,5,1,0.6,0,0.4444,5,20.8,0,0,0,0
4797494,1989,10602,1986,"SU","",,1,4,548,1,14,2,2,1,0.5,0.5,7.5,15.5,,,,
4797532,1989,10602,1987,"SU","",,1,5,219,4,49,4,8,1,0.4063,0.5,6.25,7,,,,
4799478,1989,10616,1986,"SU","",,1,5,606,3,32,1,4,1,0,0,8.25,14,,,,
4799919,1989,10616,1987,"SU","",,1,4,474,5,53,3,3,0.3333,0.4444,0,6.3333,36,,,,
4800826,1989,10623,1987,"SU","",,1,10,111,6,61,2,1,0.5,0,0,1,17,,,,
4801444,1989,10623,1988,"SU","",446446,3,9,424,3,31,9,4,1,0.625,0.6667,4.5,13.6667,0,0,0,0
4802328,1989,10630,1987,"SU","",394810,3,10,57,6,63,3,0,0.6667,,0,,23.3333,0,0,,
4802578,1989,10630,1987,"SU","",614800,3,4,206,6,68,7,0,1,,0.6122,,6.2857,0,0,,
4802654,1989,10630,1988,"SU","",312310,3,1,266,5,52,4,2,1,0.5,0.625,2,15.25,0,0,0,0
