3661550,1972,4512,1969,"TT","",569925,3,,71,1,11,,8,,0.5625,,9.125,,,,0.5,0.5
3694857,1972,4659,1970,"TT","",,1,,19,1,11,,4,,0,,18.25,,,,,
3705011,1972,4722,1970,"TT","",,1,,436,1,19,,0,,,,,,,,,
3743673,1973,4932,1970,"TT","",569925,3,,562,1,14,,3,,0,,10.6667,,,,0.3333,0.3333
3753896,1973,4981,1971,"TT","",569925,3,,208,1,19,,5,,0.56,,12.4,,,,0,0
3764569,1973,5030,1971,"TT","",569925,3,,510,1,19,,6,,0.6667,,15.3333,,,,0,0
3766255,1973,5037,1970,"TT","",569925,3,,562,1,14,,0,,,,,,,,,
3827444,1974,5331,1973,"TT","",,1,,131,6,61,,9,,0,,17.1111,,,,,
3873608,1975,5562,1972,"TT","",569925,3,5,562,1,14,2,0,1,,0,,6,0,0,,
3932928,1976,5863,1974,"TT","",597270,6,2,29,5,52,5,10,0.4,0.58,0,14.1,12.2,0,0,0,0
3960938,1976,5996,1971,"TT","",569925,3,7,562,1,14,2,1,0,0,,19,48,0,0,0,0
3987847,1976,6143,1975,"TT","",569925,3,9,166,6,64,8,3,0.25,0,0,16,22.875,0,0,0,0
4003994,1977,6227,1974,"TT","",569925,3,6,424,3,31,9,4,0.2222,0.375,0.5,15.5,27.2222,1,0.1111,0.25,0.25
4013712,1977,6290,1975,"TT","",569925,3,6,560,1,14,1,0,1,,0,,9,0,0,,
4023833,1977,6346,1976,"TT","",569925,3,1,285,6,67,8,4,0.625,0.625,0.56,11.5,25.875,0,0,0,0
