4054599,1977,6500,1975,"TT","",569925,3,7,562,1,14,1,2,1,0,0,13.5,4,1,1,0,0
4060130,1977,6542,1976,"TT","",569925,3,10,166,6,64,7,4,0.5714,0,0.375,15,18.4286,0,0,0,0
4081264,1978,6661,1976,"TT","",569925,3,4,71,1,11,5,6,1,0.4444,0.32,16.1667,9.2,0,0,0,0
4111678,1978,6822,1977,"TT","",569925,3,5,71,1,11,2,1,0.5,0,0,14,13,1,0.5,0,0
4125395,1978,6892,1977,"TT","",569925,3,10,71,1,11,2,1,0.5,0,0,2,13,1,0.5,1,1
4125400,1978,6892,1977,"TT","",569925,3,5,504,1,11,1,4,1,0.625,0,18.25,15,0,0,0,0
4153111,1979,7067,1977,"TT","",569925,3,10,166,6,64,7,2,0.2857,0,0,18,28.5714,0,0,0,0
4155739,1979,7081,1977,"TT","",569925,3,10,71,1,11,6,4,0.8333,0.625,0.64,13.75,12.5,0,0,0,0
4167898,1979,7200,1976,"TT","",,1,9,454,5,59,9,2,0.2222,0.5,0,8,66.2222,,,,
4243676,1981,7676,1979,"TT","",569925,3,6,514,3,31,6,0,0.5,,0.4444,,13.1667,1,0.5,,
4300378,1981,7991,1979,"TT","",,1,25,72,5,52,10,5,0.5,0.48,0.32,12.8,35.1,,,,
