4428307,1984,8796,1981,"CO","",,1,4,109,6,69,5,0,0.8,,0.375,,13.4,,,,
4451341,1984,8915,1982,"CO","",250885,3,12,205,1,19,8,8,0.875,0.5313,0.6122,8.625,15,0,0,0,0
4465421,1984,8992,1982,"CO","",,1,8,414,5,51,9,7,0.2222,0.4082,0,7.7143,38.2222,,,,
4472673,1984,9027,1982,"CO","",173775,3,4,322,4,45,4,2,1,0.5,0.375,10,12.5,0,0,0,0
4496419,1985,9160,1983,"CO","",123370,2,18,438,4,46,18,7,1,0.4082,0.716,7.5714,7.5556,0,0,0,0
4515450,1985,9258,1982,"CO","",361390,2,12,353,5,54,3,4,0.6667,0.625,0.5,7.75,25.3333,0.5,0.3333,0,0
4520899,1985,9286,1983,"CO","",,1,17,182,6,65,5,0,0,,,,56,,,,
4551128,1985,9440,1983,"CO","",,1,31,604,3,32,6,20,0.8333,0.42,0.56,8.25,11.1667,,,,
4573303,1986,9559,1983,"CO","",,1,7,52,6,69,2,1,0.5,0,0,9,47.5,,,,
4595390,1986,9664,1983,"CO","",,1,33,604,3,32,6,11,1,0.2975,0.7222,9.0909,6.3333,,,,
4608992,1986,9741,1983,"CO","",,1,61,600,3,32,10,4,0.9,0.5,0.1975,12.25,8.2,,,,
4616111,1986,9776,1984,"CO","",,1,14,379,2,21,4,3,0.75,0.4444,0.4444,5.3333,15.25,,,,
4632323,1986,9860,1983,"CO","",390920,2,9,241,5,51,1,0,1,,0,,9,0,0,,
4668300,1987,10007,1985,"CO","",,1,12,106,1,12,4,3,0.75,0.6667,0.4444,11,26.25,,,,
4677957,1987,10049,1986,"CO","",591130,3,10,123,5,53,4,1,1,0,0,9,11.25,0,0,0,0
4696158,1987,10133,1985,"CO","",,1,3,60,4,45,10,4,0.2,0,0,8.25,41.8,,,,
4727701,1988,10287,1985,"CO","",,1,4,52,6,69,18,3,0.5556,0.4444,0.32,6,30.8889,,,,
4728525,1988,10287,1986,"CO","",,1,15,426,6,61,5,6,1,0.5,0,4.1667,5.6,,,,
4735799,1988,10322,1987,"CO","",,1,19,424,3,31,0,5,,0.56,,1.6,,,,,
4751861,1988,10399,1987,"CO","",,1,5,81,5,59,10,0,0.6,,0.2778,,20.4,,,,
4772257,1988,10490,1986,"CO","",,1,21,604,3,32,7,5,1,0.56,0.6122,8.2,7,,,,
