5579784,1996,13486,1995,"CO","",,1,4,128,3,32,8,3,0.75,0.4444,0.2778,1.6667,18.25,,,,
5591506,1997,13521,1995,"CO","",727083,3,14,423,1,19,7,0,0.1429,,0,,62.2857,0,0,,
5596997,1997,13542,1995,"CO","",,1,13,128,3,32,25,0,0.88,,0.3678,,17.64,,,,
5614459,1997,13598,1995,"CO","",728946,3,10,502,1,19,4,1,1,0,0,1,8.5,0,0,0,0
5618264,1997,13612,1994,"CO","",,1,12,602,3,32,6,0,0.8333,,0.48,,20.3333,,,,
5618331,1997,13612,1995,"CO","",727083,3,22,75,5,52,6,0,0.8333,,0,,21.1667,0,0,,
5619718,1997,13612,1995,"CO","",,1,4,704,2,22,6,0,1,,0.7222,,6,,,,
5622580,1997,13626,1995,"CO","",,1,14,156,1,19,14,1,0.9286,0,0.4734,1,17.3571,,,,
5680016,1997,13808,1995,"CO","",,1,20,315,4,42,15,0,1,,0.1244,,8.6,,,,
5681950,1997,13815,1994,"CO","",728946,3,9,540,1,14,1,0,1,,0,,1,0,0,,
5695112,1997,13857,1996,"CO","",,1,6,229,6,68,9,0,0.6667,,0.5,,26.6667,,,,
5705607,1998,13885,1996,"CO","",,1,10,530,1,15,2,0,1,,0.5,,14.5,,,,
5710487,1998,13899,1994,"CO","",,1,7,315,4,42,13,2,1,0,0.142,2.5,13.3846,,,,
5722657,1998,13941,1996,"CO","",,1,9,273,6,62,7,1,1,0,0,1,10.7143,,,,
5730973,1998,13962,1995,"CO","",720540,3,8,424,3,31,12,0,1,,0.7639,,10.75,0,0,,
5857294,1999,14256,1994,"CO","",,1,,52,6,69,16,0,0.9375,,0,,18.5,,,,
5863301,1999,14270,1997,"CO","",750387,3,,44,1,19,4,0,1,,0.625,,7.5,0,0,,
5902359,1999,14375,1997,"CO","",750387,3,,44,1,19,15,0,1,,0.7378,,14,0,0,,
5928129,1999,14452,1996,"CO","",,1,,600,3,32,34,0,1,,0.0571,,8.7941,,,,
5980543,1999,14557,1998,"CO","",760711,3,,606,3,32,16,0,1,,0.2266,,7.5625,0,0,,
6004598,1999,14599,1998,"CO","",762816,3,,426,6,61,5,0,1,,0,,10.6,0,0,,
