4051751,1977,6486,1976,"CO","",,4,53,82,5,51,6,5,0.8333,0.32,0.32,8.6,10,,,,
4078699,1978,6647,1976,"CO","",544375,2,16,222,1,19,5,5,0.8,0.48,0.625,13,11.4,0,0,0,0
4081288,1978,6661,1976,"CO","",187070,2,12,127,1,11,2,5,0.5,0.32,0,6.8,20,0,0,0,0
4081976,1978,6668,1977,"CO","",,1,6,68,6,63,4,0,0.5,,0,,24.25,,,,
4087635,1978,6696,1977,"CO","",,1,7,379,2,21,1,4,1,0.375,0,13,11,,,,
4102487,1978,6780,1977,"CO","",,1,7,383,6,68,7,3,0.4286,0.4444,0,4.3333,22.5714,,,,
4106510,1978,6801,1976,"CO","",237800,3,9,604,3,32,4,24,0.75,0.3611,0.4444,9.2917,16.75,0.5,0.25,0.0435,0.0417
4117468,1978,6843,1977,"CO","",,1,11,340,2,21,1,16,0,0,,12.875,22,,,,
4136417,1979,6969,1977,"CO","",470265,3,14,470,5,59,9,1,0.3333,0,0.4444,3,36.8889,0,0,0,0
4155356,1979,7081,1977,"CO","",,1,29,128,3,32,5,26,0.8,0.4467,0.375,11.7692,8.6,,,,
4175868,1979,7270,1978,"CO","",,1,9,366,1,19,3,0,0,,,,76.6667,,,,
4214384,1980,7515,1978,"CO","",,1,5,36,6,63,3,21,0.3333,0.2449,0,15.2381,27.3333,,,,
4248945,1981,7704,1977,"CO","",,1,17,429,4,45,9,1,0,0,,14,60.2222,,,,
4258110,1981,7753,1976,"CO","",,1,19,429,4,45,3,1,0,0,,12,62,,,,
4260583,1981,7767,1976,"CO","",438920,2,6,422,1,19,9,1,0.3333,0,0.6667,14,19.4444,0,0,0,0
4300124,1981,7984,1980,"CO","",,1,9,340,2,21,4,1,1,0,0,8,7.5,,,,
4312293,1982,8061,1980,"CO","",,1,15,118,1,12,1,5,1,0.72,0,13.2,7,,,,
4347294,1982,8278,1981,"CO","",,1,5,429,4,45,8,5,0.5,0,0.375,10,26.5,,,,
4350470,1982,8299,1980,"CO","",,1,11,414,5,51,8,4,0.25,0.5,0,9.75,33.375,,,,
4363737,1982,8383,1981,"CO","",,1,14,508,5,59,8,4,0.875,0,0.6939,11.75,13.375,,,,
4370543,1983,8425,1980,"CO","",,1,8,392,4,41,11,5,0.0909,0.56,0,8.2,35.8182,,,,
4393542,1983,8600,1980,"CO","",,1,3,16,5,59,3,1,0.6667,0,0,15,15.3333,,,,
4396144,1983,8614,1982,"CO","",119775,2,2,229,6,68,6,5,0.5,0.48,0,8.2,21.5,0,0,0,0
4407676,1983,8677,1982,"CO","",,1,20,521,1,15,2,6,1,0.2778,0.5,12.6667,4,,,,
4414030,1983,8712,1981,"CO","",,1,12,524,1,15,2,13,1,0.7456,0,9.7692,7,,,,
