4802991,1989,10630,1984,"CO","",250890,3,21,210,1,19,7,4,0.8571,0.625,0.6111,10,14.1429,0,0,0,0
4822247,1989,10700,1986,"CO","",,1,5,416,1,19,6,0,0.5,,0.4444,,36,,,,
4850866,1989,10798,1988,"CO","",,1,10,433,3,39,2,1,1,0,0.5,9,15,,,,
4932651,1990,11120,1989,"CO","",,1,8,482,5,59,7,11,0.8571,0.4628,0,5.5455,17.8571,,,,
4936750,1990,11134,1988,"CO","",,1,1,416,1,19,6,0,0.5,,0.4444,,37,,,,
4956354,1990,11211,1988,"CO","",,4,4,514,3,31,4,1,1,0,0.625,7,4.75,,,,
4957738,1990,11218,1987,"CO","",,1,17,424,3,31,4,1,1,0,0.375,6,3,,,,
4967034,1990,11260,1989,"CO","",173780,2,9,585,1,19,9,2,0.7778,0.5,0.2449,4.5,17.2222,0,0,0,0
5040553,1991,11554,1990,"CO","",,1,7,132,6,65,22,1,0.5909,0,0.3787,4,26.5909,,,,
5056841,1991,11610,1990,"CO","",,1,9,294,5,59,12,3,0.6667,0.4444,0.5625,3.6667,24.5,,,,
5058759,1991,11617,1990,"CO","",153420,2,5,220,6,68,11,1,1,0,0.6281,3,9.0909,0,0,0,0
5068478,1991,11652,1990,"CO","",173780,3,20,585,1,19,6,0,0.6667,,0,,16.8333,0,0,,
5110578,1992,11813,1990,"CO","",682173,3,14,423,1,19,19,0,0.9474,,0.5494,,8.3158,0,0,,
5133726,1992,11897,1990,"CO","",,1,8,606,3,32,6,18,1,0.2963,0,5.5,6.3333,,,,
5154489,1992,11974,1991,"CO","",686547,2,27,299,6,64,13,1,1,0,0.142,4,11.3077,0,0,0,0
5157193,1992,11981,1991,"CO","",173780,2,24,585,1,19,0,0,,,,,,,,,
5169940,1992,12030,1992,"CO","",,1,4,536,1,14,0,0,,,,,,,,,
5171839,1992,12037,1990,"CO","",,1,6,530,1,15,1,1,1,0,0,5,5,,,,
