5190293,1993,12114,1992,"CO","",,1,2,273,6,62,4,0,0.75,,0,,33,,,,
5222822,1993,12233,1991,"CO","",,1,20,401,1,12,12,2,0.5,0.5,0.4444,6.5,33.9167,,,,
5238042,1993,12289,1991,"CO","",,1,20,160,6,69,17,2,0.4118,0.5,0.2449,6.5,49.8824,,,,
5243098,1993,12303,1992,"CO","",173780,2,8,568,1,14,4,2,0.75,0,0.4444,3.5,36,0,0,0.5,0.5
5254459,1993,12345,1992,"CO","",,1,10,435,3,33,1,1,1,0,0,3,6,,,,
5270058,1993,12401,1992,"CO","",,5,9,424,3,31,1,1,0,0,,2,31,,,,
5292229,1994,12485,1992,"CO","",,1,23,416,1,19,7,0,0.4286,,0,,52,,,,
5325557,1994,12604,1992,"CO","",,1,13,14,6,69,5,1,0.2,0,0,2,48.4,,,,
5334777,1994,12632,1993,"CO","",173780,2,11,568,1,14,3,1,0.3333,0,0,5,41.3333,1,0.3333,0,0
5336562,1994,12639,1992,"CO","",703679,3,4,428,6,69,13,0,0.9231,,0.7778,,14.6923,0,0,,
5410851,1995,12905,1994,"CO","",,1,12,52,6,69,7,0,0.5714,,0,,39.8571,,,,
5463929,1995,13094,1994,"CO","",,1,18,89,5,59,14,0,0.6429,,0.7901,,31.9286,,,,
5476832,1995,13136,1994,"CO","",,1,17,504,1,11,2,0,1,,0.5,,2.5,,,,
5491861,1996,13199,1994,"CO","",,1,7,14,6,69,7,0,0.4286,,0,,37,,,,
5511213,1996,13262,1992,"CO","",,1,7,704,2,22,6,4,1,0,0.7222,2.25,5,,,,
5533997,1996,13339,1994,"CO","",,1,30,606,3,32,25,5,1,0.32,0,2.6,6.48,,,,
5545971,1996,13374,1995,"CO","",,1,15,323,4,45,3,3,1,0.4444,0.4444,2,10.6667,,,,
5556684,1996,13409,1994,"CO","",,1,4,428,6,69,14,0,0.9286,,0.355,,13.8571,,,,
