3633849,1972,4393,1969,"CO","",,1,,244,5,55,,4,,0,,14.5,,,,,
3637721,1972,4407,1970,"CO","",273280,2,,546,1,14,,8,,0.6875,,9.125,,,,0,0
3638916,1972,4414,1970,"CO","",438920,2,,366,1,19,,6,,0.6667,,13.6667,,,,0.2,0.1667
3639661,1972,4414,1969,"CO","",97135,3,,526,1,15,,11,,0.4628,,11.1818,,,,0.6364,0.6364
3645742,1972,4442,1968,"CO","",10990,3,,430,1,19,,0,,,,,,,,,
3675656,1972,4575,1969,"CO","",,1,,606,3,32,,16,,0.5547,,22.5,,,,,
3679504,1972,4589,1969,"CO","",97135,3,,156,1,19,,36,,0.7793,,18.75,,,,0,0
3684070,1972,4610,1970,"CO","",344855,3,,192,5,53,,9,,0.1975,,11,,,,0.1111,0.1111
3750280,1973,4967,1972,"CO","",,1,,30,6,65,,8,,0.2188,,16.5,,,,,
3758908,1973,5009,1972,"CO","",87000,3,,15,6,69,,3,,0,,14,,,,0,0
3772204,1973,5065,1971,"CO","",110775,2,,510,1,19,,1,,0,,3,,,,1,1
3774193,1973,5072,1972,"CO","",,1,,340,2,21,,3,,0,,4.6667,,,,,
3779445,1973,5100,1972,"CO","",,1,,228,5,52,,0,,,,,,,,,
3781077,1973,5107,1971,"CO","",,1,,359,5,54,,12,,0.625,,13.5833,,,,,
3782387,1974,5114,1972,"CO","",,1,,128,3,32,,4,,0.625,,21,,,,,
3783538,1974,5121,1973,"CO","",,1,,38,6,63,,0,,,,,,,,,
3805299,1974,5226,1972,"CO","",,1,,2,6,63,,2,,0.5,,12,,,,,
3829677,1974,5338,1972,"CO","",,1,,362,4,42,,19,,0.0997,,9.8947,,,,,
3835354,1974,5366,1972,"CO","",,1,,312,6,65,,24,,0.7743,,12.9583,,,,,
3886948,1975,5632,1974,"CO","",237800,3,8,604,3,32,5,34,0.6,0.1125,0.4444,12.3235,17.6,0,0,0.0714,0.0588
3891127,1975,5653,1973,"CO","",,1,1,222,1,19,7,2,0,0,,3.5,38.8571,,,,
3924635,1975,5821,1974,"CO","",,1,1,604,3,32,5,18,0.6,0.1049,0,13.5,10.8,,,,
3960241,1976,5996,1975,"CO","",179780,3,6,182,6,65,5,0,0,,,,28.4,0,0,,
3972985,1976,6059,1974,"CO","",438920,2,6,423,1,19,3,3,0.3333,0.4444,0,7.3333,14,0,0,1,1
3980995,1976,6101,1974,"CO","",,1,3,340,2,21,5,1,1,0,0,7,5.8,,,,
3991912,1976,6164,1975,"CO","",,1,8,222,1,19,3,12,1,0.7639,0.4444,12.5833,8.6667,,,,
4006823,1977,6248,1976,"CO","",,1,4,206,6,68,4,5,0.25,0.8,0,7,34,,,,
