5609539,1997,13584,1995,"SK","",,1,21,475,5,53,3,1,0.6667,0,0,2,28.3333,,,,
5655985,1997,13738,1995,"SK","",,1,11,475,5,53,6,0,1,,0.2778,,14.3333,,,,
5679733,1997,13808,1995,"SK","",717760,3,10,524,1,15,7,1,1,0,0.2449,2,9.7143,0,0,0,0
5803883,1998,14130,1996,"SK","",745180,3,8,482,5,59,8,0,1,,0.2188,,9.25,0,0,,
5832788,1998,14193,1995,"SK","",747728,3,18,74,5,59,2,0,1,,0,,7.5,0,0,,
5908372,1999,14396,1996,"SK","",754380,3,,477,5,53,4,0,1,,0.5,,13.75,0,0,,
5951555,1999,14501,1998,"SK","",,1,,606,3,32,3,0,1,,0,,1.3333,,,,
5952870,1999,14501,1997,"SK","",386735,2,,327,4,41,6,0,1,,0.5,,11.6667,0,0,,
5954609,1999,14508,1997,"SK","",754380,3,,475,5,53,17,0,0.9412,,0.6406,,16.7647,0,0,,
6004535,1999,14599,1994,"SK","",758503,3,,424,3,31,0,0,,,,,,,,,
