5184733,1993,12093,1992,"IS","",689455,3,26,209,5,51,2,11,1,0.8264,0.5,2.7273,7,0,0,0,0
5226848,1993,12247,1992,"IS","",,1,16,452,6,61,4,2,1,0,0,1.5,4.5,,,,
5229840,1993,12254,1991,"IS","",689455,3,28,356,4,43,4,1,1,0,0.625,5,14.75,0,0,0,0
5250005,1993,12331,1992,"IS","",296806,3,15,452,6,61,6,0,1,,0,,14.8333,0,0,,
5261854,1993,12373,1992,"IS","",,1,19,452,6,61,11,0,0.9091,,0,,21.9091,,,,
5312817,1994,12555,1992,"IS","",,1,36,514,3,31,0,5,,0.32,,4,,,,,
5317830,1994,12576,1992,"IS","",,1,2,43,6,61,10,0,0.7,,0.4082,,23.3,,,,
5324718,1994,12597,1992,"IS","",,1,52,514,3,31,9,13,1,0.6272,0.5679,3.0769,6.4444,,,,
5336675,1994,12639,1992,"IS","",,1,18,514,3,31,0,3,,0.4444,,4.3333,,,,,
5411150,1995,12905,1992,"IS","",,1,10,209,5,51,8,2,0.625,0.5,0.56,4.5,34.625,,,,
5414947,1995,12919,1993,"IS","",711159,2,15,40,6,69,21,3,0.381,0.4444,0.6563,3.6667,40.5238,0,0,0,0
5454015,1995,13052,1994,"IS","",480040,2,7,375,2,21,2,0,1,,0.5,,4,0,0,,
5472954,1995,13122,1994,"IS","",716568,3,119,514,3,31,14,4,1,0.375,0.5306,2.5,6.4286,0,0,0,0
5505658,1996,13248,1993,"IS","",,1,46,452,6,61,6,0,0.8333,,0,,15.1667,,,,
5550862,1996,13388,1994,"IS","",480040,2,8,375,2,21,3,0,1,,0,,11.3333,0,0,,
