3616641,1971,4323,1970,"IS","",554060,3,,368,6,69,,1,,0,,3,,,,0,0
3621155,1971,4337,1969,"IS","",,1,,381,4,49,,6,,0.6667,,22.8333,,,,,
3628518,1971,4372,1960,"IS","",66700,3,,123,5,53,,3,,0,,27,,,,0,0
3637683,1972,4407,1968,"IS","",211155,3,,544,1,14,,0,,,,,,,,,
3643415,1972,4435,1970,"IS","",289620,3,,57,6,63,,6,,0.4444,,14.5,,,,0,0
3644673,1972,4435,1969,"IS","",211480,3,,375,2,21,,0,,,,,,,,,
3648318,1972,4456,1969,"IS","",403470,3,,15,6,69,,3,,0,,13,,,,0,0
3658221,1972,4498,1960,"IS","",508865,2,,225,5,51,,2,,0,,30.5,,,,0,0
3696545,1972,4666,1970,"IS","",,1,,43,6,61,,5,,0,,10.8,,,,,
3705695,1972,4729,1970,"IS","",46465,3,,241,5,51,,0,,,,,,,,,
3712358,1973,4771,1970,"IS","",,1,,152,5,55,,3,,0.4444,,13,,,,,
3741874,1973,4925,1972,"IS","",,1,,435,3,33,,1,,0,,3,,,,,
3797301,1974,5191,1972,"IS","",,1,,73,4,43,,5,,0.32,,9.2,,,,,
3840265,1974,5394,1972,"IS","",275145,3,,296,5,55,,12,,0.8056,,18.0833,,,,0,0
3854557,1974,5464,1972,"IS","",13535,2,,188,5,53,,5,,0.8,,12.2,,,,0.3333,0.2
3872908,1975,5562,1973,"IS","",,1,21,152,5,55,4,2,0.75,0.5,0,17,7.75,,,,
3908660,1975,5751,1974,"IS","",,1,16,604,3,32,4,3,0.5,0,0.5,14.3333,11.5,,,,
