4809496,1989,10658,1987,"IS","",,1,6,59,6,69,6,0,0.6667,,0.375,,22.8333,,,,
4844137,1989,10777,1988,"IS","",,1,29,152,5,55,7,1,1,0,0,3,16.8571,,,,
4859707,1989,10826,1983,"IS","",311900,2,9,514,3,31,5,0,0.8,,0.75,,20.2,0,0,,
4885852,1989,10938,1987,"IS","",,1,8,37,6,64,12,0,0.1667,,0.5,,47.3333,,,,
4888933,1989,10952,1981,"IS","",,1,4,52,6,69,5,0,0.6,,0.4444,,25.4,,,,
4893446,1990,10973,1987,"IS","",,1,6,52,6,69,6,5,0.8333,0,0,8,23.1667,,,,
4900241,1990,11001,1988,"IS","",,1,5,425,5,51,6,6,0.6667,0.7222,0,5.1667,24.6667,,,,
4945671,1990,11176,1989,"IS","",,1,12,43,6,61,3,2,1,0,0,5.5,8.3333,,,,
5105572,1992,11799,1990,"IS","",,1,1,43,6,61,1,0,1,,0,,10,,,,
5106334,1992,11799,1991,"IS","",296806,3,12,452,6,61,2,5,0.5,0.32,0,2.8,35,0,0,0,0
5135432,1992,11904,1991,"IS","",296806,3,8,452,6,61,4,2,0.75,0,0,4,17.5,0,0,0,0
5139525,1992,11918,1991,"IS","",,1,10,623,3,39,6,8,0.3333,0,0,3,52.6667,,,,
5149296,1992,11953,1991,"IS","",296806,3,8,452,6,61,5,0,1,,0,,3.4,0,0,,
5165194,1992,12016,1991,"IS","",,1,8,43,6,61,4,1,0.5,0,0,2,23.75,,,,
