5582283,1996,13493,1994,"IS","",689455,3,13,198,5,59,8,1,0.875,0,0,2,21.5,0,0,0,0
5589475,1996,13514,1994,"IS","",,1,42,514,3,31,0,1,,0,,4,,,,,
5604119,1997,13563,1995,"IS","",410090,3,14,435,3,33,1,0,1,,0,,4,1,1,,
5633238,1997,13661,1995,"IS","",,1,24,514,3,31,0,1,,0,,3,,,,,
5682697,1997,13822,1995,"IS","",711159,2,46,40,6,69,6,1,0.5,0,0,3,30,0,0,0,0
5718925,1998,13927,1995,"IS","",422780,3,3,425,5,51,16,7,0.875,0.6531,0.6633,2.1429,16,0,0,0.1667,0.1429
5722694,1998,13941,1995,"IS","",,1,19,283,6,69,17,2,0.8235,0,0.7347,3,21.3529,,,,
5742679,1998,13990,1996,"IS","",480040,2,24,370,2,21,3,1,1,0,0.4444,0,14,0,0,0,0
5768309,1998,14046,1994,"IS","",480040,2,11,375,2,21,2,0,1,,0.5,,10,0,0,,
5812721,1998,14144,1996,"IS","",,1,13,385,2,21,3,0,1,,0.6667,,14.6667,,,,
5829177,1998,14186,1996,"IS","",747397,3,28,40,6,69,29,0,0.4483,,0.6627,,40.1379,0,0,,
5835182,1998,14193,1996,"IS","",,1,17,351,3,39,18,0,0.3889,,0.2449,,44.4444,,,,
5870438,1999,14284,1996,"IS","",480040,2,,375,2,21,2,1,1,0,0,2,2.5,0,0,0,0
5871078,1999,14291,1996,"IS","",689455,3,,198,5,59,13,0,0.9231,,0.2917,,22.0769,0,0,,
5885509,1999,14326,1997,"IS","",422780,3,,264,5,51,9,1,0.7778,0,0.7347,1,26.4444,0.5,0.2222,1,1
5910959,1999,14403,1997,"IS","",754454,2,,714,2,22,9,0,1,,0.7901,,9.1111,0,0,,
5914982,1999,14417,1997,"IS","",731815,2,,375,2,21,16,0,1,,0.6016,,2.75,0,0,,
5942237,1999,14480,1995,"IS","",757347,3,,424,3,31,2,0,1,,0.5,,12.5,0,0,,
5949819,1999,14494,1998,"IS","",754454,2,,375,2,21,16,0,1,,0.6016,,2.75,0,0,,
5970100,1999,14536,1998,"IS","",754454,2,,375,2,21,10,0,1,,0.46,,7.3,0,0,,
5971729,1999,14543,1998,"IS","",422780,3,,425,5,51,17,0,0.8824,,0.7022,,16,0.1,0.0588,,
5972036,1999,14543,1998,"IS","",759981,2,,623,3,39,16,0,1,,0.5703,,9.5,0,0,,
5992792,1999,14578,1998,"IS","",761811,3,,244,5,55,14,0,0.5714,,0,,31.9286,0,0,,
