4430187,1984,8803,1982,"IS","",555630,3,6,204,1,19,5,7,1,0.2449,0,3.1429,11.4,0.3333,0.2,0.5,0.4286
4432046,1984,8810,1982,"IS","",,1,2,362,4,42,4,3,0.25,0,0,9.6667,54.25,,,,
4498818,1985,9174,1984,"IS","",555630,3,6,406,5,59,0,3,,0.6667,,2.6667,,,,0,0
4503588,1985,9202,1982,"IS","",323965,3,14,452,6,61,8,2,0.375,0,0,6.5,33.875,0,0,0,0
4538327,1985,9377,1983,"IS","",607365,3,12,452,6,61,5,5,0.4,0.32,0,9.2,39.6,0,0,0,0
4583265,1986,9608,1984,"IS","",406725,3,10,452,6,61,2,2,0.5,0,0,7.5,14.5,0,0,0,0
4599765,1986,9692,1983,"IS","",,1,16,452,6,61,2,4,0.5,0,0,7.75,14.5,,,,
4629245,1986,9846,1984,"IS","",,1,8,297,6,65,7,1,0.4286,0,0,11,43.5714,,,,
4633802,1987,9867,1984,"IS","",607360,3,6,114,5,55,3,0,1,,0,,16.3333,0,0,,
4634446,1987,9867,1981,"IS","",,1,1,623,3,39,9,9,0,0,,13.6667,50.4444,,,,
4652246,1987,9944,1985,"IS","",,1,9,441,6,69,3,6,0.3333,0.2778,0,7.1667,42.3333,,,,
4716188,1987,10224,1986,"IS","",,1,5,524,1,15,2,3,0.5,0.4444,0,7.3333,24.5,,,,
4751787,1988,10399,1987,"IS","",,1,13,43,6,61,4,2,0.75,0,0,5.5,13.5,,,,
4752878,1988,10399,1986,"IS","",549035,3,22,43,6,61,12,6,0.9167,0.7778,0.3967,6.8333,9.6667,0,0,0,0
4758778,1988,10427,1986,"IS","",462895,3,15,324,4,43,6,1,0.8333,0,0.56,3,14.8333,0,0,0,0
