5207756,1993,12177,1991,"SA","",,5,2,29,5,52,4,6,0.75,0.5,0.4444,3.5,18.5,,,,
5258021,1993,12359,1992,"SA","",,1,3,623,3,39,6,17,1,0.6021,0,3.8824,10,,,,
5293213,1994,12485,1992,"SA","",,1,32,356,4,43,9,2,1,0.5,0.3704,3.5,10.5556,,,,
5293328,1994,12485,1992,"SA","",394010,2,8,365,2,24,7,12,1,0.5694,0.4082,2.8333,5.7143,0.1429,0.1429,0,0
5297416,1994,12506,1993,"SA","",699975,3,3,72,5,52,9,2,0.4444,0.5,0.625,2.5,41.2222,0,0,0,0
5332152,1994,12625,1993,"SA","",,1,3,238,5,55,11,0,0.6364,,0.6122,,33.6364,,,,
5335730,1994,12639,1993,"SA","",,1,16,166,6,64,10,4,1,0.75,0.32,1.75,7.2,,,,
5341655,1994,12660,1992,"SA","",,1,18,62,6,69,8,0,0.75,,0.6667,,26,,,,
5342056,1994,12660,1992,"SA","",,1,1,273,6,62,2,0,1,,0,,2.5,,,,
5346592,1994,12674,1993,"SA","",,1,16,202,1,19,3,1,1,0,0.4444,4,22.6667,,,,
5356239,1994,12709,1993,"SA","",705622,2,19,405,6,64,13,5,0.8462,0.32,0.314,1.8,15.4615,0,0,0,0
5363922,1994,12737,1993,"SA","",,1,10,166,6,64,3,0,1,,0.4444,,7,,,,
5370613,1994,12758,1993,"SA","",,1,17,604,3,32,5,1,1,0,0,2,5,,,,
5388863,1995,12828,1993,"SA","",705622,3,26,283,6,69,18,0,0.8333,,0.1244,,16.6111,0,0,,
5402852,1995,12877,1991,"SA","",,5,3,169,6,69,12,7,0.9167,0.449,0.5455,5,22,,,,
5404752,1995,12884,1993,"SA","",624205,2,11,73,4,43,15,2,1,0.5,0.7733,4,11.8667,0,0,0.5,0.5
5405513,1995,12884,1994,"SA","",705622,3,34,205,1,19,15,1,0.8,0,0.8056,1,21.5333,0,0,0,0
5406763,1995,12891,1994,"SA","",,1,2,52,6,69,20,2,0.2,0,0.375,2.5,60.3,,,,
5416330,1995,12919,1992,"SA","",564025,2,62,250,4,44,9,1,1,0,0.7901,5,13.5556,0,0,0,0
5437605,1995,12996,1993,"SA","",,1,22,600,3,32,3,2,1,0.5,0,3.5,10,,,,
5442950,1995,13017,1993,"SA","",705622,3,34,73,4,43,49,4,0.9184,0,0.3141,4,12.0204,0,0,0.25,0.25
5455793,1995,13059,1994,"SA","",394010,2,10,365,2,24,9,2,1,0.5,0.4938,2.5,5.6667,0.1429,0.1111,0,0
5476145,1995,13136,1994,"SA","",352475,2,20,166,6,64,19,2,0.8421,0,0,2,16.5263,0.2857,0.2105,0.5,0.5
5500037,1996,13227,1994,"SA","",,1,6,96,1,13,47,3,0.6383,0.6667,0.8956,1,35.1702,,,,
5513924,1996,13276,1994,"SA","",720273,3,27,404,6,69,5,1,0.6,0,0,3,28.6,0,0,0,0
5515271,1996,13276,1994,"SA","",705622,3,37,702,2,22,4,0,1,,0,,11.25,0,0,,
5522524,1996,13304,1994,"SA","",,1,18,220,6,68,22,1,0.9091,0,0.78,2,15.1818,,,,
5531760,1996,13332,1995,"SA","",,1,7,606,3,32,9,2,0.8889,0.5,0,2,14.4444,,,,
5540285,1996,13360,1994,"SA","",,1,21,169,6,69,24,0,0.875,,0.7256,,21.0833,,,,
5541621,1996,13360,1995,"SA","",,1,12,345,2,23,16,1,1,0,0.5625,1,6.6875,,,,
5550766,1996,13388,1994,"SA","",,1,4,708,2,22,7,0,1,,0.449,,14.5714,,,,
5557031,1996,13409,1994,"SA","",,1,8,106,1,12,8,1,1,0,0.6563,3,4.75,,,,
5563364,1996,13430,1995,"SA","",,1,24,102,1,19,41,0,0.7073,,0.8728,,32.0244,,,,
