4452643,1984,8922,1983,"SA","",238325,2,18,134,6,69,20,8,0.65,0.6875,0.6746,7.25,22.75,0.2222,0.1,0.3333,0.25
4468024,1984,9006,1982,"SA","",,1,6,482,5,59,2,0,0.5,,0,,32.5,,,,
4470595,1984,9020,1982,"SA","",,1,11,482,5,59,10,1,0.4,0,0.75,8,29.2,,,,
4483073,1984,9090,1982,"SA","",,1,7,482,5,59,5,0,0,,,,45.2,,,,
4492461,1985,9139,1982,"SA","",,1,3,356,4,43,4,9,0.5,0.7407,0,10.5556,28.25,,,,
4494686,1985,9153,1983,"SA","",,1,11,227,5,59,4,0,0.5,,0,,23.75,,,,
4500839,1985,9181,1982,"SA","",,1,15,324,4,43,2,4,1,0.5,0.5,10.5,15,,,,
4539134,1985,9377,1982,"SA","",238325,2,8,134,6,69,11,9,0.7273,0.8148,0.7813,8.8889,14.5455,0,0,0,0
4570122,1986,9538,1983,"SA","",381140,2,10,324,4,43,0,2,,0,,5.5,,,,1,1
4570670,1986,9545,1984,"SA","",,1,16,137,6,69,13,3,0.3846,0.6667,0.72,7.3333,40.2308,,,,
4573331,1986,9559,1983,"SA","",,1,5,63,6,69,1,1,0,0,,10,51,,,,
4590674,1986,9643,1984,"SA","",,1,6,30,6,65,5,2,0.2,0,0,3,38.6,,,,
4593009,1986,9650,1984,"SA","",381140,2,58,502,1,19,16,25,1,0.7136,0.5547,7.32,7,0.0667,0.0625,0.36,0.36
4618662,1986,9790,1984,"SA","",381140,2,88,526,1,15,25,16,1,0.7422,0.4992,8.75,5.56,0,0,0.125,0.125
4628894,1986,9846,1983,"SA","",34975,3,13,125,5,51,14,1,0.5714,0,0.375,9,25.5714,0,0,0,0
4668650,1987,10007,1986,"SA","",381140,2,62,502,1,19,12,14,1,0.6735,0.5417,6.4286,7.4167,0.0909,0.0833,0.2857,0.2857
4672096,1987,10021,1985,"SA","",381140,2,34,526,1,15,15,25,1,0.7257,0.4978,8,7,0.0667,0.0667,0.125,0.12
4674473,1987,10035,1986,"SA","",34975,3,13,125,5,51,10,0,0.5,,0.48,,27.1,0,0,,
4677087,1987,10042,1986,"SA","",381140,2,52,502,1,19,12,14,1,0.7551,0.5417,7.0714,7.4167,0.0909,0.0833,0.0714,0.0714
4695013,1987,10126,1984,"SA","",,1,10,244,5,55,9,8,0.8889,0.75,0.6563,8,14.5556,,,,
4715159,1987,10224,1986,"SA","",,1,23,52,6,69,7,3,0.7143,0.6667,0.32,5,19.7143,,,,
4740521,1988,10343,1986,"SA","",458550,2,5,514,3,31,0,1,,0,,3,,,,0,0
4760121,1988,10434,1987,"SA","",381140,2,28,526,1,15,5,2,1,0.5,0.48,1,3.4,0.4,0.4,1,1
4798143,1989,10609,1987,"SA","",,1,28,102,1,19,17,2,0.5882,0,0.6,3,33.7059,,,,
