4807440,1989,10651,1987,"SA","",,1,5,60,4,45,6,3,0.6667,0,0,9.3333,24.6667,,,,
4813027,1989,10665,1987,"SA","",34975,3,34,367,2,21,14,10,1,0.18,0.2551,4.4,13.2143,0,0,0,0
4850763,1989,10798,1988,"SA","",70060,2,5,409,5,51,16,3,0.9375,0.4444,0.3378,6.3333,13.375,0.2857,0.125,0,0
4857116,1989,10819,1987,"SA","",538840,2,23,148,5,52,2,4,1,0.375,0.5,3.5,7,0,0,0,0
4865611,1989,10847,1988,"SA","",,1,1,623,3,39,3,4,0.6667,0,0.5,3.5,32.6667,,,,
4876321,1989,10889,1987,"SA","",381140,2,34,526,1,15,11,10,1,0.78,0.3967,8.5,5.6364,0.2727,0.2727,0.1,0.1
4902292,1990,11008,1988,"SA","",,1,21,623,3,39,5,9,1,0.4444,0.56,4.6667,5.4,,,,
4916437,1990,11057,1988,"SA","",,1,7,340,2,21,12,13,1,0.7219,0.6806,5.8462,11.0833,,,,
4943485,1990,11162,1989,"SA","",538840,2,16,428,6,69,3,5,1,0.56,0.4444,7.4,12.3333,0,0,0,0
4945758,1990,11176,1988,"SA","",34975,3,21,73,4,43,13,3,0.5385,0.6667,0.6122,6.6667,25.2308,0,0,0,0
4946158,1990,11176,1989,"SA","",,1,2,482,5,59,4,1,0,0,,5,62.75,,,,
4964597,1990,11253,1989,"SA","",,1,27,244,5,55,3,1,1,0,0,1,7.6667,,,,
4966276,1990,11260,1989,"SA","",,1,20,203,1,19,16,0,0.3125,,0,,44.625,,,,
4999812,1991,11393,1988,"SA","",394010,2,21,365,2,24,2,20,1,0.6,0,6.3,4.5,0,0,0.1,0.1
5001017,1991,11400,1989,"SA","",,1,9,428,6,69,16,13,0.75,0.7219,0.7083,5.3846,25.75,,,,
5006053,1991,11421,1987,"SA","",,1,1,418,5,53,11,0,0.0909,,0,,66.9091,,,,
5012818,1991,11449,1989,"SA","",,1,14,600,3,32,8,9,1,0.4444,0.5,4.3333,7.5,,,,
5019323,1991,11470,1989,"SA","",313735,3,15,376,4,44,4,0,0.75,,0.4444,,18.25,0,0,,
5093181,1992,11750,1989,"SA","",497225,2,13,428,6,69,7,4,1,0.625,0.6122,5.25,14,0.6,0.4286,0,0
5095597,1992,11764,1990,"SA","",,5,6,29,5,52,27,3,0.6667,0.4444,0.7963,5,33.1111,,,,
5097907,1992,11771,1991,"SA","",,5,12,169,6,69,23,6,0.5652,0.5,0.7929,4.8333,36.3478,,,,
5104386,1992,11792,1991,"SA","",,1,6,604,3,32,5,4,0.8,0,0,2.25,9.4,,,,
5113045,1992,11820,1991,"SA","",,1,18,200,4,41,4,8,0.75,0.5313,0.4444,4,22.75,,,,
5117394,1992,11834,1991,"SA","",394010,2,8,365,2,24,6,23,1,0.0832,0,3.2174,4.1667,0,0,0,0
5142755,1992,11932,1990,"SA","",,5,15,29,5,52,32,2,0.5,0.5,0.7891,5.5,39.5938,,,,
5174499,1992,12051,1991,"SA","",,1,7,239,5,59,11,1,0.8182,0,0.5679,6,14.7273,,,,
5176163,1993,12058,1991,"SA","",,1,8,137,6,69,9,1,0.2222,0,0.5,6,54.1111,,,,
