5575339,1996,13472,1995,"SA","",,1,16,169,6,69,21,0,0.9524,,0.775,,16.5238,,,,
5576511,1996,13472,1995,"SA","",,1,7,102,1,19,42,0,0.7143,,0.8933,,31.9762,,,,
5592028,1997,13521,1994,"SA","",,1,7,290,4,45,8,0,1,,0.75,,16.375,,,,
5594414,1997,13528,1994,"SA","",,1,22,340,2,21,12,4,1,0.625,0.6806,1.75,8.9167,,,,
5611677,1997,13591,1996,"SA","",,1,17,417,5,53,6,0,0.5,,0.4444,,37.3333,,,,
5620429,1997,13619,1995,"SA","",,1,21,604,3,32,5,1,1,0,0.32,1,14.6,,,,
5628118,1997,13647,1995,"SA","",,1,11,33,6,69,11,1,0.7273,0,0,3,23.7273,,,,
5628762,1997,13647,1996,"SA","",,1,3,606,3,32,10,0,0.9,,0.6173,,14.9,,,,
5636485,1997,13675,1995,"SA","",,1,18,52,6,69,29,0,0.2759,,0.4063,,57.2759,,,,
5638662,1997,13682,1995,"SA","",,1,3,53,6,68,44,0,0.6818,,0.8956,,35.1818,,,,
5643305,1997,13696,1994,"SA","",,1,9,606,3,32,11,1,0.9091,0,0.58,3,14,,,,
5646343,1997,13703,1995,"SA","",,1,11,73,4,43,8,1,1,0,0.6563,3,13.625,,,,
5652066,1997,13724,1995,"SA","",,1,3,428,6,69,50,0,0.76,,0.8947,,28.88,,,,
5655309,1997,13738,1995,"SA","",,1,7,33,6,69,11,0,0.9091,,0.18,,11.2727,,,,
5670567,1997,13780,1995,"SA","",733700,3,7,524,1,15,11,0,1,,0.6446,,18.4545,0,0,,
5687872,1997,13836,1996,"SA","",,1,8,220,6,68,26,0,0.9231,,0.7569,,14.6923,,,,
5709188,1998,13899,1995,"SA","",,1,19,123,5,53,13,0,0.5385,,0.6122,,37.4615,,,,
5730256,1998,13962,1995,"SA","",,1,26,188,5,53,6,0,0.8333,,0.48,,20,,,,
5731392,1998,13962,1996,"SA","",381140,2,8,526,1,15,7,0,1,,0.4898,,6.5714,0.2857,0.2857,,
5738175,1998,13983,1997,"SA","",,1,14,169,6,69,28,0,0.8571,,0.7986,,25.1071,,,,
5755776,1998,14025,1996,"SA","",,1,16,623,3,39,12,3,1,0.4444,0.5694,1.6667,4,,,,
5769441,1998,14053,1995,"SA","",,1,58,280,5,55,29,0,0.6207,,0.6543,,44.6897,,,,
5788110,1998,14095,1995,"SA","",,1,40,342,2,21,15,0,0.9333,,0.7857,,21.8667,,,,
5794706,1998,14109,1995,"SA","",,1,16,169,6,69,23,0,0.913,,0.8163,,24.4348,,,,
5794707,1998,14109,1997,"SA","",,1,4,169,6,69,20,0,0.9,,0.7531,,23.8,,,,
5803006,1998,14130,1997,"SA","",,1,19,114,5,55,8,0,0.75,,0,,34.625,,,,
5814596,1998,14151,1997,"SA","",454215,2,20,510,1,19,4,0,1,,0.625,,7.75,0.5,0.5,,
5816332,1998,14158,1995,"SA","",,1,9,169,6,69,19,0,0.9474,,0.7716,,19.5263,,,,
5824725,1998,14172,1997,"SA","",733700,3,6,405,6,64,11,1,1,0,0.6446,0,19.4545,0,0,0,0
5845715,1998,14221,1997,"SA","",,1,8,169,6,69,17,0,0.9412,,0.6328,,19.3529,,,,
5866814,1999,14277,1997,"SA","",705622,3,,73,4,43,1,0,1,,0,,4,1,1,,
5871857,1999,14291,1990,"SA","",,1,,428,6,69,63,0,0.619,,0.8442,,38.6984,,,,
5873249,1999,14298,1997,"SA","",,1,,60,4,45,7,0,0.8571,,0,,23.4286,,,,
5878955,1999,14312,1997,"SA","",751771,3,,239,5,59,9,0,0.8889,,0.6563,,17.1111,0,0,,
5886628,1999,14326,1997,"SA","",,1,,340,2,21,10,0,1,,0.18,,11.7,,,,
5897143,1999,14361,1996,"SA","",,1,,283,6,69,13,0,0.7692,,0.72,,26.7692,,,,
5910332,1999,14403,1997,"SA","",,1,,426,6,61,3,0,0.3333,,0,,50.6667,,,,
5921334,1999,14438,1996,"SA","",,1,,180,5,55,16,0,0.5,,0.7813,,38.5625,,,,
5934649,1999,14466,1998,"SA","",,1,,254,5,59,11,0,0.4545,,0,,43.0909,,,,
5990073,1999,14571,1996,"SA","",726215,2,,510,1,19,15,0,1,,0.2311,,5.9333,0.2143,0.2,,
5990168,1999,14571,1997,"SA","",16466,3,,514,3,31,0,0,,,,,,,,,
5991146,1999,14571,1998,"SA","",,1,,361,4,45,8,0,1,,0.6875,,14.375,,,,
