5610181,1997,13584,1995,"HR","",695571,3,11,514,3,31,0,0,,,,,,,,,
5618968,1997,13612,1993,"HR","",695571,3,18,560,1,14,0,1,,0,,4,,,,0,0
5629296,1997,13647,1994,"HR","",695571,3,17,514,3,31,2,0,1,,0.5,,10.5,0,0,,
5635529,1997,13668,1995,"HR","",695571,3,20,514,3,31,0,0,,,,,,,,,
5637581,1997,13675,1995,"HR","",695571,3,29,514,3,31,3,0,1,,0,,12.3333,0,0,,
5659362,1997,13745,1994,"HR","",599945,2,45,348,4,49,16,0,1,,0.6719,,3.3125,0,0,,
5670638,1997,13780,1994,"HR","",686416,3,13,540,1,14,3,0,1,,0,,12.3333,0,0,,
5682914,1997,13822,1996,"HR","",,1,5,134,6,69,6,0,1,,0.2778,,11.1667,,,,
5688924,1997,13836,1996,"HR","",695571,3,18,536,1,14,1,0,1,,0,,8,0,0,,
5693074,1997,13850,1996,"HR","",711992,3,26,607,3,32,22,0,1,,0.1694,,9.6364,0,0,,
5721346,1998,13934,1996,"HR","",695571,3,45,536,1,14,1,0,1,,0,,5,0,0,,
5733755,1998,13969,1996,"HR","",739245,3,8,435,3,33,0,0,,,,,,,,,
5769103,1998,14053,1996,"HR","",,1,9,132,6,65,2,1,1,0,0,2,20,,,,
5785657,1998,14088,1996,"HR","",711992,3,18,600,3,32,8,0,1,,0.375,,10,0,0,,
5786309,1998,14088,1996,"HR","",,1,11,508,5,59,4,0,1,,0.75,,3.25,,,,
5798911,1998,14116,1995,"HR","",,5,10,362,4,42,9,0,1,,0.6173,,10,,,,
5799350,1998,14123,1997,"HR","",711992,3,22,607,3,32,3,0,1,,0,,5,0,0,,
5826550,1998,14179,1996,"HR","",,1,9,123,5,53,1,0,1,,0,,3,,,,
5840030,1998,14207,1996,"HR","",748391,3,46,600,3,32,6,0,1,,0.2778,,5.8333,0,0,,
5840922,1998,14207,1997,"HR","",695571,3,9,549,1,14,2,0,1,,0,,24.5,0,0,,
5843939,1998,14214,1997,"HR","",695571,3,14,514,3,31,3,0,1,,0.4444,,15,0,0,,
5847119,1998,14221,1996,"HR","",695571,3,13,540,1,14,3,0,1,,0,,13.3333,0,0,,
5854219,1998,14242,1997,"HR","",695571,3,18,514,3,31,1,0,1,,0,,24,0,0,,
5856475,1999,14249,1997,"HR","",695571,3,,540,1,14,0,0,,,,,,,,,
5885941,1999,14326,1997,"HR","",752348,3,,508,5,59,7,0,1,,0.2449,,6.4286,0,0,,
5892036,1999,14340,1997,"HR","",686416,3,,540,1,14,1,0,1,,0,,8,0,0,,
5904689,1999,14382,1997,"HR","",,1,,606,3,32,6,0,1,,0.5,,4,,,,
5908933,1999,14396,1997,"HR","",695571,3,,546,1,14,2,0,1,,0,,2.5,0,0,,
5913879,1999,14417,1997,"HR","",711992,3,,607,3,32,0,0,,,,,,,,,
5922684,1999,14438,1997,"HR","",695571,3,,514,3,31,2,0,1,,0.5,,10,0,0,,
5933849,1999,14459,1997,"HR","",706518,2,,711,2,24,4,0,1,,0.625,,3.25,0.25,0.25,,
5958523,1999,14515,1997,"HR","",,1,,427,1,12,3,0,1,,0.6667,,4.6667,,,,
5959612,1999,14515,1996,"HR","",,1,,345,2,23,2,0,1,,0.5,,7.5,,,,
5962661,1999,14522,1998,"HR","",695571,3,,536,1,14,1,0,1,,0,,8,0,0,,
5984676,1999,14564,1998,"HR","",,1,,433,3,39,6,0,0.6667,,0,,28.3333,,,,
5989024,1999,14571,1997,"HR","",,1,,433,3,39,6,0,1,,0,,18.6667,,,,
5993208,1999,14578,1997,"HR","",,1,,433,3,39,10,0,0.8,,0.4063,,25,,,,
5996197,1999,14585,1998,"HR","",,1,,27,6,69,8,0,0.625,,0.32,,26.75,,,,
6004132,1999,14599,1995,"HR","",,1,,433,3,39,6,0,0.6667,,0,,28.3333,,,,
