5271392,1993,12408,1992,"HR","",512790,3,8,607,3,32,29,3,1,0,0.1284,2.6667,7.069,0,0,0,0
5271408,1993,12408,1992,"HR","",512790,3,7,600,3,32,10,3,1,0.6667,0.54,2.6667,5.4,0,0,0,0
5290576,1994,12478,1991,"HR","",686416,3,8,526,1,15,1,0,1,,0,,12,0,0,,
5387703,1995,12821,1993,"HR","",708594,3,2,552,1,14,14,0,0.3571,,0.56,,30.8571,0,0,,
5396557,1995,12849,1993,"HR","",,1,8,379,2,21,2,0,0.5,,0,,47,,,,
5434140,1995,12982,1994,"HR","",695571,3,26,514,3,31,4,1,1,0,0.5,3,11.75,0,0,0,0
5446038,1995,13024,1993,"HR","",695571,3,14,514,3,31,1,0,1,,0,,9,0,0,,
5448972,1995,13038,1994,"HR","",,1,10,123,5,53,5,2,0.8,0,0,2,15.8,,,,
5466686,1995,13101,1993,"HR","",716020,3,29,514,3,31,1,0,1,,0,,7,0,0,,
5545659,1996,13374,1995,"HR","",695571,3,7,514,3,31,7,0,1,,0.6122,,12.1429,0,0,,
5549491,1996,13388,1995,"HR","",,1,9,440,5,55,4,0,0.75,,0,,32,,,,
5559251,1996,13416,1994,"HR","",686416,3,5,549,1,14,0,0,,,,,,,,,
5560228,1996,13423,1995,"HR","",598420,3,21,66,6,63,2,0,1,,0,,6,0,0,,
