4440196,1984,8859,1981,"MC","",608100,3,13,139,6,63,7,1,0.2857,0,0.5,14,36,0,0,0,0
4443204,1984,8873,1982,"MC","",,1,7,441,6,69,4,6,0.5,0.5,0.5,6,32.75,,,,
4445285,1984,8887,1981,"MC","",,1,15,36,6,63,9,1,0.3333,0,0.6667,13,23.8889,,,,
4446892,1984,8894,1980,"MC","",360005,3,7,138,6,67,1,12,0,0.8472,,12.75,28,0,0,0,0
4489242,1984,9118,1982,"MC","",,1,27,307,4,49,9,13,0.7778,0.8402,0.8163,11.6154,14.3333,,,,
4494278,1985,9153,1982,"MC","",,5,7,19,1,11,6,4,1,0.75,0.6667,8,8.1667,,,,
4510349,1985,9230,1983,"MC","",,1,30,379,2,21,5,14,1,0.1327,0.56,9.8571,7,,,,
4512667,1985,9244,1982,"MC","",,1,24,368,6,69,1,5,1,0.56,0,12.6,20,,,,
4531658,1985,9342,1981,"MC","",,1,11,222,1,19,6,4,0.6667,0.375,0,7.25,18.8333,,,,
4537330,1985,9370,1983,"MC","",630155,3,1,221,5,51,4,3,0.25,0.6667,0,10,58.75,0,0,0,0
4538488,1985,9377,1983,"MC","",489050,3,7,82,5,51,3,1,0.3333,0,0,2,37,0,0,0,0
4544555,1985,9405,1982,"MC","",,1,18,514,3,31,0,4,,0,,10.25,,,,,
4549990,1985,9433,1983,"MC","",525720,3,20,552,1,14,4,12,0,0.1528,,9.8333,27.5,0,0,0,0
4550462,1985,9440,1981,"MC","",,1,67,12,6,63,20,1,0.25,0,0.32,13,42.55,,,,
4591354,1986,9643,1984,"MC","",630155,3,16,493,5,51,3,3,0.6667,0,0,6.6667,38.6667,0,0,0,0
4630997,1986,9853,1984,"MC","",203425,3,56,416,1,19,15,0,0.7333,,0.7107,,18.5333,0,0,,
4633322,1986,9860,1985,"MC","",,1,15,348,4,49,4,14,0.5,0.7449,0.5,5.1429,14.25,,,,
4684522,1987,10077,1985,"MC","",520535,3,8,424,3,31,2,8,1,0,0.5,8.375,9.5,0,0,0,0
4686924,1987,10091,1985,"MC","",515770,3,4,405,6,64,6,0,1,,0.6111,,8.3333,0,0,,
4706606,1987,10182,1986,"MC","",,1,4,119,6,61,14,8,1,0.2188,0.1327,7.625,14.7143,,,,
4758009,1988,10427,1986,"MC","",,1,12,280,5,55,7,1,0.7143,0,0.56,6,22.4286,,,,
4784854,1988,10546,1986,"MC","",,1,18,424,3,31,8,2,0.875,0.5,0.7347,7.5,13.75,,,,
4787154,1988,10560,1987,"MC","",,1,41,34,1,19,7,0,1,,0.449,,11.2857,,,,
4787883,1988,10560,1986,"MC","",,1,5,604,3,32,4,13,1,0.142,0.375,5.9231,6.25,,,,
