5609878,1997,13584,1996,"MC","",,1,20,424,3,31,8,0,0.625,,0.64,,33.375,,,,
5636656,1997,13675,1995,"MC","",695019,3,13,137,6,69,12,1,0.5833,0,0.6531,1,37.4167,0.25,0.0833,0,0
5638949,1997,13682,1996,"MC","",730981,3,10,206,6,68,3,0,1,,0.4444,,2.6667,0,0,,
5653442,1997,13731,1996,"MC","",,1,13,273,6,62,11,0,0.5455,,0,,30.5455,,,,
5685360,1997,13829,1996,"MC","",718623,2,23,164,5,52,2,0,1,,0,,1.5,0,0,,
5716599,1998,13920,1997,"MC","",737588,3,8,424,3,31,1,0,1,,0,,5,0,0,,
5734590,1998,13969,1995,"MC","",,1,30,700,2,22,8,2,1,0,0.8438,2,8.5,,,,
5736565,1998,13976,1995,"MC","",716539,3,37,514,3,31,1,0,1,,0,,5,0,0,,
5740654,1998,13990,1996,"MC","",700255,3,6,53,6,68,7,1,1,0,0.6122,3,10.5714,0,0,0,0
5784342,1998,14081,1997,"MC","",743391,3,8,368,6,69,4,0,1,,0,,11.25,0,0,,
5795198,1998,14109,1997,"MC","",,1,16,440,5,55,4,2,1,0.5,0.375,0.5,24.25,,,,
5800835,1998,14123,1995,"MC","",737588,3,12,424,3,31,1,1,1,0,0,3,3,0,0,1,1
5870917,1999,14291,1997,"MC","",751077,3,,70,6,65,7,0,0.5714,,0,,33.2857,0,0,,
5885564,1999,14326,1997,"MC","",737588,3,,424,3,31,4,0,1,,0,,6.25,0,0,,
5906584,1999,14389,1997,"MC","",,5,,600,3,32,17,0,1,,0.6367,,7.4118,,,,
5913279,1999,14417,1997,"MC","",515770,3,,114,5,55,3,0,1,,0.6667,,6,0.5,0.3333,,
5916577,1999,14424,1997,"MC","",737588,3,,424,3,31,4,0,1,,0.625,,8.5,0,0,,
5919490,1999,14431,1997,"MC","",737588,3,,424,3,31,4,0,1,,0.375,,10.75,0,0,,
5922336,1999,14438,1996,"MC","",755653,3,,424,3,31,5,0,1,,0.56,,11,0,0,,
5923243,1999,14438,1996,"MC","",,1,,340,2,21,8,0,1,,0.5625,,12.125,,,,
5943299,1999,14480,1998,"MC","",743391,3,,368,6,69,2,0,0.5,,0,,42,0,0,,
5951967,1999,14501,1998,"MC","",737588,3,,424,3,31,2,0,1,,0,,5,0,0,,
5961988,1999,14522,1998,"MC","",737588,3,,424,3,31,1,0,1,,0,,1,1,1,,
6001389,1999,14592,1998,"MC","",,1,,424,3,31,2,0,1,,0,,16,,,,
6007203,1999,14606,1998,"MC","",186295,3,,351,3,39,3,0,1,,0,,7.6667,0,0,,
