5186111,1993,12100,1991,"MC","",,1,11,110,6,66,5,0,1,,0.32,,12.2,,,,
5240136,1993,12296,1992,"MC","",,1,23,220,6,68,12,1,0.75,0,0.6667,4,20.5833,,,,
5244127,1993,12310,1992,"MC","",695019,3,5,222,1,19,9,1,1,0,0.3704,3,8.2222,0,0,1,1
5279245,1994,12436,1991,"MC","",515770,3,7,114,5,55,2,1,1,0,0,3,21.5,0,0,0,0
5282431,1994,12450,1992,"MC","",698592,3,14,110,6,66,6,2,1,0.5,0.5,3,10.1667,0,0,0,0
5292021,1994,12485,1991,"MC","",,1,14,220,6,68,12,1,0.5833,0,0.449,7,26.75,,,,
5292028,1994,12485,1992,"MC","",,1,19,220,6,68,18,3,0.7222,0.4444,0.6272,4.6667,19.0556,,,,
5311830,1994,12555,1991,"MC","",698592,3,19,110,6,66,7,5,1,0.48,0.449,4.4,8.5714,0,0,0,0
5316019,1994,12569,1993,"MC","",,1,8,128,3,32,7,4,1,0.5,0.6939,2.25,5.1429,,,,
5392992,1995,12842,1994,"MC","",722728,3,4,239,5,59,11,0,0.7273,,0.4688,,24.4545,0,0,,
5434337,1995,12982,1993,"MC","",698592,3,3,588,1,19,4,1,1,0,0.625,4,12.5,0,0,0,0
5494047,1996,13206,1995,"MC","",,1,7,128,3,32,11,1,1,0,0.4298,2,17.0909,,,,
5529812,1996,13325,1995,"MC","",,1,3,427,1,12,0,0,,,,,,,,,
5531362,1996,13332,1995,"MC","",721826,3,6,222,1,19,3,1,0.6667,0,0.5,1,25.6667,0,0,0,0
5545869,1996,13374,1994,"MC","",,1,9,219,4,49,8,4,1,0.375,0.4063,2,4,,,,
