4832582,1989,10735,1988,"MC","",161150,2,5,417,5,53,7,3,0.8571,0.4444,0,4,14,0,0,0,0
4837261,1989,10749,1988,"MC","",159790,2,17,524,1,15,10,3,1,0.6667,0.48,5.6667,10.4,0,0,0,0
4854608,1989,10812,1988,"MC","",89570,3,6,280,5,55,3,5,1,0.56,0.6667,4.2,5.6667,0,0,0,0
4858641,1989,10826,1988,"MC","",,1,4,137,6,69,3,2,1,0.5,0.4444,5,8.3333,,,,
4860931,1989,10833,1988,"MC","",482040,3,5,222,1,19,7,4,0.4286,0,0,6.5,35.4286,0,0,0,0
4869834,1989,10861,1988,"MC","",568035,3,29,210,1,19,6,4,0.6667,0.375,0.625,3.75,25.8333,0,0,0,0
4876978,1989,10896,1988,"MC","",515770,3,5,114,5,55,4,2,0.75,0,0.4444,8,13.25,0,0,0,0
4908014,1990,11029,1988,"MC","",,1,9,604,3,32,6,7,1,0.5714,0,5.1429,6.3333,,,,
4923436,1990,11085,1985,"MC","",736177,2,8,493,5,51,4,3,0.75,0.4444,0,9.6667,23,0,0,0,0
4927952,1990,11099,1988,"MC","",186295,3,9,556,1,14,4,14,1,0.4694,0,5.7143,12,0,0,0,0
4943167,1990,11162,1987,"MC","",251500,2,1,383,6,68,5,2,0.8,0.5,0.375,6.5,19,0,0,0,0
4956899,1990,11218,1989,"MC","",,1,14,24,6,63,5,2,0.2,0.5,0,6,71.6,,,,
4978407,1990,11309,1989,"MC","",446075,3,8,156,1,19,2,13,1,0.7692,0.5,5.8462,8,0,0,0,0
4985405,1991,11337,1988,"MC","",,1,15,514,3,31,3,4,1,0.625,0,6.5,9.6667,,,,
4989994,1991,11358,1989,"MC","",,1,8,383,6,68,14,7,0.7143,0.449,0.58,5.5714,25.2857,,,,
5037803,1991,11540,1988,"MC","",,1,21,514,3,31,5,16,1,0.1172,0.32,6.25,7.6,,,,
5041268,1991,11554,1990,"MC","",,1,5,422,1,19,5,0,1,,0.48,,6.2,,,,
5058737,1991,11617,1990,"MC","",,1,12,206,6,68,11,11,0.5455,0.2975,0.5,3.6364,26.0909,,,,
5063807,1991,11638,1990,"MC","",,1,10,83,5,51,3,1,0.3333,0,0,6,55.3333,,,,
5085870,1992,11722,1990,"MC","",,1,13,424,3,31,4,2,1,0,0,7,10.75,,,,
5087452,1992,11729,1990,"MC","",,1,17,424,3,31,2,1,1,0,0.5,6,3,,,,
5113637,1992,11827,1990,"MC","",,1,17,53,6,68,2,0,1,,0.5,,3,,,,
5163895,1992,12009,1991,"MC","",,1,22,494,1,19,9,3,0.7778,0.4444,0.6939,4.6667,29.7778,,,,
5176283,1993,12058,1992,"MC","",,1,22,220,6,68,17,4,0.7059,0.375,0.6389,3,19.1176,,,,
5178087,1993,12065,1991,"MC","",515770,3,8,114,5,55,2,10,1,0.76,0.5,4.6,5,0,0,0.1429,0.1
