4062652,1977,6556,1974,"MC","",,1,6,422,1,19,13,13,0.7692,0.7811,0.54,12.3846,12,,,,
4064820,1977,6570,1976,"MC","",515770,3,2,114,5,55,3,2,1,0.5,0.4444,16,3,0,0,0,0
4068799,1978,6591,1976,"MC","",,1,5,236,6,69,13,11,0.4615,0.7438,0.5,13.8182,26.7692,,,,
4069529,1978,6598,1976,"MC","",515770,3,7,441,6,69,6,6,1,0.5,0.6111,10.6667,5,0,0,0.3333,0.3333
4082050,1978,6668,1976,"MC","",515770,3,7,114,5,55,7,0,0.4286,,0.6667,,33.4286,0,0,,
4083577,1978,6675,1976,"MC","",,1,7,280,5,55,7,14,0.5714,0.3571,0.375,13.2857,20.4286,,,,
4094466,1978,6738,1977,"MC","",,1,1,239,5,59,8,4,0.75,0.75,0.4444,15,12.375,,,,
4097072,1978,6752,1977,"MC","",412175,3,1,285,6,67,6,0,0.5,,0,,22.1667,0,0,,
4098216,1978,6759,1977,"MC","",,1,20,114,5,55,3,3,0.6667,0,0.5,14,10.6667,,,,
4110971,1978,6822,1977,"MC","",,1,9,59,6,69,6,2,0.8333,0.5,0.32,16,11.3333,,,,
4134356,1979,6955,1976,"MC","",,1,16,114,5,55,4,0,0.75,,0,,10.25,,,,
4137948,1979,6976,1977,"MC","",515770,3,6,138,6,67,2,1,1,0,0.5,11,12,0,0,0,0
4182181,1980,7312,1978,"MC","",363480,3,11,374,4,43,3,2,0.6667,0.5,0.5,12.5,15.3333,0,0,0,0
4187291,1980,7340,1977,"MC","",66330,3,11,424,3,31,2,4,1,0.625,0.5,13.5,11,0,0,0,0
4191119,1980,7368,1978,"MC","",363480,3,8,112,6,63,5,1,0.2,0,0,11,51.2,0,0,0,0
4192310,1980,7375,1978,"MC","",182415,3,10,126,6,66,9,0,0.3333,,0.6667,,25.5556,0,0,,
4213256,1980,7508,1978,"MC","",,1,11,36,6,63,4,4,0.5,0,0,14.5,16.5,,,,
4221252,1980,7557,1978,"MC","",,1,8,411,5,59,10,4,0.5,0.625,0.72,10.25,32.7,,,,
4232795,1980,7620,1979,"MC","",583430,3,5,215,6,68,2,4,1,0.375,0,8.5,11.5,0,0,0,0
4241773,1980,7669,1979,"MC","",,1,4,81,5,59,4,5,0.25,0.72,0,7,51.25,,,,
4254522,1981,7739,1979,"MC","",68955,3,5,441,6,69,2,3,1,0.4444,0,8,12,0,0,0,0
4262609,1981,7781,1979,"MC","",,1,3,110,6,66,6,1,0.6667,0,0.625,11,11.6667,,,,
4279047,1981,7872,1979,"MC","",68955,3,7,441,6,69,4,4,1,0.5,0,8.25,8.5,0,0,0,0
4280238,1981,7879,1979,"MC","",515770,3,6,441,6,69,8,5,0.75,0.64,0.7222,11.2,25.125,0,0,0,0
4296524,1981,7970,1978,"MC","",,1,1,16,5,59,1,16,1,0.8906,0,10.625,8,,,,
4314641,1982,8075,1979,"MC","",490955,3,3,206,6,68,9,2,0.5556,0.5,0.56,9,21.6667,0,0,0,0
4327746,1982,8159,1980,"MC","",83855,3,6,600,3,32,5,6,1,0.4444,0,13.1667,7,0,0,0,0
4346811,1982,8278,1979,"MC","",88225,3,2,215,6,68,9,18,1,0.2901,0.1975,9.7222,7.4444,0,0,0,0
4351249,1982,8306,1981,"MC","",,1,4,110,6,66,7,3,0.8571,0.4444,0.5,4.3333,8.8571,,,,
4410282,1983,8691,1981,"MC","",184000,7,12,374,4,43,11,2,0.8182,0,0.6914,7,16.0909,0,0,0,0
4422986,1983,8761,1981,"MC","",,1,5,264,5,51,1,7,1,0.6939,0,7.5714,16,,,,
