3616671,1971,4323,1969,"MC","",593010,3,,72,5,52,,6,,0.7222,,12.3333,,,,0,0
3649622,1972,4456,1969,"MC","",325250,3,,514,3,31,,2,,0.5,,11,,,,0,0
3696957,1972,4666,1970,"MC","",88225,3,,215,6,68,,21,,0.5805,,14.5238,,,,0,0
3734767,1973,4890,1970,"MC","",304815,2,,501,1,19,,18,,0.7716,,15,,,,0.2941,0.2778
3784788,1974,5121,1972,"MC","",58680,3,,219,4,49,,11,,0.6116,,13.8182,,,,0,0
3796376,1974,5184,1972,"MC","",,1,,239,5,59,,21,,0,,17.5238,,,,,
3823432,1974,5310,1973,"MC","",412175,3,,441,6,69,,7,,0.4898,,9.7143,,,,0,0
3829542,1974,5338,1972,"MC","",,1,,264,5,51,,3,,0,,10,,,,,
3841357,1974,5401,1973,"MC","",412175,3,,138,6,67,,4,,0.625,,8.5,,,,0,0
3841501,1974,5401,1972,"MC","",412175,3,,414,5,51,,2,,0.5,,8,,,,0,0
3845975,1974,5422,1973,"MC","",412175,3,,285,6,67,,1,,0,,3,,,,0,0
3853918,1974,5457,1971,"MC","",726215,2,,549,1,14,,4,,0.375,,9.25,,,,0,0
3865064,1975,5520,1973,"MC","",412175,3,3,114,5,55,5,3,0.4,0.4444,0,8.6667,21.6,0,0,0,0
3908212,1975,5751,1973,"MC","",412175,3,1,441,6,69,3,9,0.6667,0.5926,0.5,7.8889,10,0,0,0,0
3909868,1975,5758,1974,"MC","",,1,10,15,6,69,0,9,,0.642,,12.5556,,,,,
3917063,1975,5786,1973,"MC","",524640,3,12,206,6,68,8,17,0.5,0.7474,0.625,17.5882,11.5,0,0,0,0
3930615,1976,5849,1975,"MC","",,1,4,239,5,59,2,3,0.5,0,0,17,14,,,,
3932131,1976,5856,1974,"MC","",383185,3,14,436,1,19,4,13,1,0.4615,0.375,9.6923,5.75,0,0,0,0
3940103,1976,5898,1975,"MC","",88225,3,3,249,6,69,8,19,0.625,0.7258,0.56,10.3684,11.375,0,0,0,0
3940381,1976,5898,1973,"MC","",,1,6,536,1,14,3,4,1,0.625,0.6667,7.75,7.6667,,,,
3972076,1976,6059,1975,"MC","",,1,10,4,6,65,6,2,0.5,0,0,3.5,25.6667,,,,
4003550,1977,6227,1975,"MC","",,1,9,182,6,65,6,2,0,0.5,,3.5,64.8333,,,,
4004704,1977,6234,1976,"MC","",88225,3,6,215,6,68,2,6,1,0,0,9.8333,2,0,0,0,0
4029039,1977,6374,1975,"MC","",412175,3,6,441,6,69,6,5,0.8333,0.48,0,6.6,9.6667,0,0,0,0
4031582,1977,6388,1976,"MC","",412175,3,4,441,6,69,3,8,1,0.4688,0.4444,7.625,4,0,0,0,0
4033988,1977,6395,1975,"MC","",,1,1,552,1,14,1,0,1,,0,,8,,,,
4036387,1977,6409,1975,"MC","",,1,16,215,6,68,6,3,0.3333,0.6667,0.5,12.3333,25.8333,,,,
