4435124,1984,8831,1981,"CN","",399875,3,7,416,1,19,9,6,0.3333,0.5,0,11,42,0,0,0,0
4442391,1984,8866,1980,"CN","",,1,23,318,4,45,6,0,0.6667,,0.375,,22.5,,,,
4529084,1985,9328,1983,"CN","",257730,3,8,198,5,59,2,9,1,0,0,4.8889,8,0,0,0,0
4590597,1986,9636,1984,"CN","",597190,6,12,372,4,42,2,2,1,0,0.5,6,12.5,0,0,0,0
4593751,1986,9657,1984,"CN","",102285,3,33,165,6,66,3,0,0,,,,48,0,0,,
4594799,1986,9664,1984,"CN","",48165,2,7,36,6,63,7,4,1,0,0,7.5,6.5714,0,0,0,0
4600026,1986,9692,1985,"CN","",,1,24,131,6,61,0,0,,,,,,,,,
4613419,1986,9762,1984,"CN","",275430,3,23,204,1,19,7,0,1,,0,,9.8571,0,0,,
4614496,1986,9769,1984,"CN","",,1,29,432,6,66,6,1,0.6667,0,0.625,3,31.1667,,,,
4619056,1986,9797,1985,"CN","",48165,2,7,36,6,63,8,8,0.625,0,0,7.75,23.625,0.5,0.125,0,0
4621642,1986,9811,1985,"CN","",408030,3,11,607,3,32,8,0,1,,0.2188,,6.625,0,0,,
4628181,1986,9839,1985,"CN","",,1,16,219,4,49,13,3,0.7692,0.4444,0,7.3333,10.3077,,,,
4643741,1987,9909,1984,"CN","",,1,50,51,5,59,6,2,1,0.5,0.7222,6.5,12.5,,,,
4648991,1987,9930,1984,"CN","",471740,2,18,252,1,19,12,2,1,0.5,0.875,4,10,0,0,0,0
4662226,1987,9986,1985,"CN","",,1,29,73,4,43,5,5,0.8,0.32,0,6.8,11.4,,,,
4664919,1987,9993,1984,"CN","",558580,3,4,426,6,61,7,4,1,0.625,0,7.25,14,0,0,0.25,0.25
4665761,1987,10000,1985,"CN","",408025,7,14,74,5,59,10,1,0.7,0,0.4082,6,15.8,0,0,0,0
4669898,1987,10014,1985,"CN","",168715,3,2,400,5,59,8,4,1,0,0,5.25,6.875,0,0,0,0
4678546,1987,10049,1985,"CN","",408030,3,16,205,1,19,2,2,1,0.5,0.5,8.5,6.5,0,0,0,0
4678718,1987,10049,1985,"CN","",508030,3,13,428,6,69,4,8,0.5,0.5625,0.5,5.75,18.5,0,0,0,0
4678847,1987,10049,1986,"CN","",508025,3,21,526,1,15,6,4,0.8333,0,0.8,5.75,9.1667,0,0,0,0
4684926,1987,10077,1984,"CN","",,1,30,341,2,22,2,22,1,0.8471,0.5,7.1818,3.5,,,,
4688331,1987,10098,1986,"CN","",,1,11,33,6,69,2,0,0.5,,0,,20,,,,
4696450,1987,10133,1986,"CN","",,1,11,248,6,69,4,3,0,0.4444,,4,60,,,,
4696684,1987,10133,1986,"CN","",,1,12,95,1,13,5,7,1,0.7347,0.64,5.2857,4.4,,,,
4697302,1987,10140,1986,"CN","",,1,5,16,5,59,7,0,0.5714,,0,,22,,,,
4701689,1987,10154,1986,"CN","",259735,3,11,322,4,45,5,10,0.8,0.68,0,4.8,19,0,0,0,0
4704532,1987,10168,1986,"CN","",210430,3,6,250,4,44,2,9,1,0.1975,0,7.3333,10,0,0,0,0
4705716,1987,10175,1986,"CN","",,1,11,442,1,11,4,10,1,0.82,0.5,5.3,12.5,,,,
4706516,1987,10182,1986,"CN","",,1,14,74,5,59,6,8,0.6667,0,0.375,4.875,32,,,,
4709731,1987,10196,1986,"CN","",,1,5,138,6,67,2,0,0.5,,0,,24,,,,
4712514,1987,10210,1986,"CN","",459710,3,6,122,6,66,9,3,1,0,0.6667,2.6667,7.8889,0,0,0,0
4712644,1987,10210,1986,"CN","",,1,12,181,6,69,6,8,0.6667,0.5,0,6.875,22.6667,,,,
4716338,1987,10224,1985,"CN","",,1,10,313,4,42,2,0,0.5,,0,,43,,,,
4716506,1987,10224,1986,"CN","",,1,7,362,4,42,7,3,0.4286,0.6667,0,7.3333,38,,,,
4718838,1988,10238,1986,"CN","",80255,3,10,425,5,51,8,2,0.875,0.5,0.2449,6,17.75,0,0,0,0
4719535,1988,10238,1986,"CN","",554085,3,4,361,4,45,2,2,1,0.5,0.5,4.5,12,0,0,0,0
4721177,1988,10252,1986,"CN","",,1,13,180,5,55,6,3,0.6667,0,0.75,10.3333,32,,,,
4722652,1988,10259,1986,"CN","",259735,7,7,417,5,53,6,2,1,0,0.6667,7.5,14.6667,0,0,0,0
4726711,1988,10280,1986,"CN","",,1,20,405,6,64,11,2,1,0,0.6446,7,12,,,,
4727769,1988,10287,1986,"CN","",502290,3,5,475,5,53,15,1,0.6667,0,0.58,9,22.6667,0,0,0,0
4727781,1988,10287,1986,"CN","",499490,3,22,81,5,59,2,3,0.5,0.4444,0,7,35,0,0,0,0
4727808,1988,10287,1985,"CN","",102285,3,45,102,1,19,14,7,0.6429,0.2449,0.1975,8.8571,24.1429,0,0,0,0
4728905,1988,10287,1986,"CN","",,1,5,330,4,41,3,3,1,0.4444,0.4444,5,16,,,,
4733483,1988,10315,1987,"CN","",48165,2,15,36,6,63,20,17,0.65,0,0.142,3.8125,31.2,0,0,0.4167,0.2941
4736147,1988,10322,1986,"CN","",259735,3,6,318,4,45,4,6,0.5,0.2778,0,5.8333,34.5,0,0,0,0
4736654,1988,10329,1987,"CN","",259800,3,6,475,5,53,4,4,0.5,0.75,0,4,25,0,0,0,0
4737477,1988,10329,1986,"CN","",507975,3,11,501,1,19,6,0,0.8333,,0,,18.1667,0,0,,
4737683,1988,10329,1986,"CN","",240000,3,18,313,4,42,2,7,1,0.4082,0,6.5714,4.5,0,0,0,0
4737699,1988,10329,1986,"CN","",635290,3,20,318,4,45,4,1,1,0,0.625,2,11.5,0,0,0,0
4743178,1988,10357,1986,"CN","",,1,18,417,5,53,5,0,0.2,,0,,37.8,,,,
4743216,1988,10357,1986,"CN","",101150,3,30,464,5,53,8,0,0.625,,0.56,,20.625,0,0,,
4745842,1988,10371,1986,"CN","",447420,3,19,89,5,59,17,6,0.1765,0.4444,0,5.1667,48,0,0,0,0
4747407,1988,10378,1986,"CN","",194380,3,11,606,3,32,8,23,0.875,0.3667,0.449,8.5217,10.5,0,0,0,0
4749486,1988,10385,1986,"CN","",640230,3,6,210,1,19,0,3,,0.4444,,6,,,,0,0
4749752,1988,10385,1986,"CN","",508025,3,15,525,1,15,7,15,1,0.4356,0.7347,6.5333,7,0,0,0,0
4749891,1988,10385,1986,"CN","",,1,40,310,4,45,10,10,0.6,0.68,0,7.8,28.8,,,,
4753226,1988,10406,1986,"CN","",65330,3,8,601,3,32,16,25,0.9375,0.4,0,7.24,13.75,0,0,0,0
4755700,1988,10413,1987,"CN","",,1,1,310,4,45,10,3,0.2,0.4444,0,5.6667,50.6,,,,
4756538,1988,10420,1986,"CN","",499490,7,7,279,6,69,9,1,1,0,0.642,6,8.4444,0,0,0,0
4757040,1988,10420,1986,"CN","",472020,3,18,502,1,19,3,15,1,0.56,0.4444,6.2667,7,0,0,0,0
4757064,1988,10420,1987,"CN","",55665,3,6,514,3,31,0,0,,,,,,,,,
4762104,1988,10448,1985,"CN","",575080,3,3,123,5,53,8,0,0.25,,0,,34.875,0,0,,
4762417,1988,10448,1986,"CN","",508020,3,10,356,4,43,2,2,1,0.5,0,4.5,2,0,0,0,0
4762956,1988,10448,1986,"CN","",58045,3,27,585,1,19,13,5,0.7692,0.72,0.32,9.2,18.6923,0,0,0,0
4763939,1988,10455,1986,"CN","",,1,6,293,5,55,3,4,0,0.375,,8.25,70,,,,
4764961,1988,10455,1986,"CN","",,1,1,381,4,49,3,2,1,0.5,0.6667,4.5,8.3333,,,,
4765724,1988,10462,1986,"CN","",,1,27,359,5,54,3,6,0.6667,0.6667,0.5,6,32.6667,,,,
4766815,1988,10469,1986,"CN","",562140,3,6,104,5,55,4,1,0.25,0,0,10,30.5,0,0,0,0
4768482,1988,10476,1986,"CN","",,1,12,123,5,53,2,1,1,0,0,6,16.5,,,,
4772042,1988,10490,1986,"CN","",,1,21,280,5,55,7,3,0.4286,0.4444,0,7.3333,25.5714,,,,
4777856,1988,10518,1986,"CN","",,1,13,84,6,69,5,2,1,0,0.56,4,13,,,,
4777866,1988,10518,1986,"CN","",391915,3,17,91,5,53,13,2,0.7692,0.5,0.34,7,18.6923,0,0,0,0
4781905,1988,10532,1986,"CN","",,1,13,423,1,19,1,0,1,,0,,7,,,,
4783091,1988,10539,1987,"CN","",,1,6,280,5,55,4,2,0.5,0,0,9,40,,,,
4783713,1988,10539,1987,"CN","",,1,11,361,4,45,9,2,1,0,0.1975,5.5,9.7778,,,,
4784983,1988,10546,1986,"CN","",58050,3,15,502,1,19,0,1,,0,,3,,,,0,0
4792301,1988,10581,1987,"CN","",,1,3,432,6,66,11,1,0.6364,0,0,2,25.9091,,,,
4793066,1988,10588,1987,"CN","",,1,11,33,6,69,5,1,0.4,0,0,7,30.4,,,,
4793979,1988,10588,1986,"CN","",507725,3,30,423,1,19,4,1,1,0,0.375,8,13.25,0,0,0,0
4794217,1988,10588,1987,"CN","",459710,3,12,438,4,46,9,13,1,0.7219,0.7654,6.9231,7.2222,0,0,0,0
4794323,1988,10588,1986,"CN","",589720,3,12,324,4,43,1,3,1,0,0,10.6667,5,0,0,0,0
4794821,1989,10595,1987,"CN","",508005,3,8,76,5,52,2,0,0,,,,33,0,0,,
4796391,1989,10602,1987,"CN","",204710,3,2,52,6,69,10,3,0.5,0,0,5,35,0,0,0,0
4798104,1989,10609,1987,"CN","",,1,19,74,5,59,10,3,0.8,0.4444,0.375,6,20.7,,,,
4800316,1989,10616,1987,"CN","",508030,3,9,310,4,45,3,3,1,0.4444,0.6667,5,9.3333,0,0,0,0
