5182249,1993,12079,1991,"CN","",689230,3,5,502,1,19,17,3,1,0,0.3599,4.3333,15.1765,0,0,0,0
5183506,1993,12086,1992,"CN","",,1,6,106,1,12,5,1,1,0,0.64,2,13.6,,,,
5184933,1993,12093,1991,"CN","",689486,3,2,414,5,51,9,0,1,,0.7901,,13.3333,0,0,,
5186099,1993,12100,1992,"CN","",689594,3,3,100,5,59,13,3,0.3846,0.4444,0.72,1,48.0769,0,0,0,0
5195946,1993,12135,1991,"CN","",690604,3,11,602,3,32,13,2,1,0.5,0.5444,3.5,11.7692,0,0,0,0
5197810,1993,12142,1990,"CN","",,5,8,400,5,59,6,3,1,0.4444,0.6111,5,6.1667,,,,
5198371,1993,12142,1990,"CN","",690826,2,6,438,4,46,3,17,1,0.4429,0,5.7647,5.3333,0,0,0,0
5198564,1993,12142,1988,"CN","",58040,3,8,556,1,14,4,0,1,,0.375,,8.25,0,0,,
5199458,1993,12149,1991,"CN","",,1,4,137,6,69,4,2,0.5,0.5,0,5,42,,,,
5199504,1993,12149,1991,"CN","",,1,3,173,5,51,9,2,0.3333,0.5,0.4444,4,50.4444,,,,
5202196,1993,12156,1991,"CN","",,1,17,429,4,45,3,0,1,,0,,6,,,,
5204073,1993,12163,1991,"CN","",691342,3,12,423,1,19,5,0,1,,0.48,,14.8,0,0,,
5205664,1993,12170,1992,"CN","",,5,4,401,1,12,14,2,0.2143,0.5,0.4444,3,48.7143,,,,
5206350,1993,12170,1991,"CN","",691551,3,2,536,1,14,5,7,1,0.2449,0.48,3.5714,11.8,0,0,0,0
5209144,1993,12184,1992,"CN","",,1,1,81,5,59,8,1,0,0,,2,70.625,,,,
5210241,1993,12184,1992,"CN","",,1,4,554,1,14,2,1,1,0,0,3,22.5,,,,
5211819,1993,12191,1991,"CN","",,5,18,205,1,19,6,0,1,,0.6667,,12,,,,
5211856,1993,12191,1992,"CN","",,1,8,210,1,19,11,3,0.7273,0.4444,0.4063,3,20.9091,,,,
5216275,1993,12205,1991,"CN","",692453,3,19,257,4,46,2,3,1,0,0,5,5,0,0,0,0
5217302,1993,12212,1991,"CN","",692562,3,28,366,1,19,7,1,0.8571,0,0.6667,6,16.2857,0,0,1,1
5217417,1993,12212,1991,"CN","",,1,14,475,5,53,9,0,0.2222,,0.5,,57,,,,
5218538,1993,12212,1991,"CN","",,1,34,707,2,22,2,7,1,0.7755,0.5,3.8571,11,,,,
5219249,1993,12219,1992,"CN","",,1,8,405,6,64,15,0,0.4,,0.6111,,46.8,,,,
5219953,1993,12219,1990,"CN","",175485,3,6,525,1,15,5,0,1,,0.32,,7,0.2,0.2,,
5223469,1993,12233,1991,"CN","",102305,3,11,502,1,19,5,2,1,0,0,6,6.8,0,0,0.5,0.5
5225010,1993,12240,1991,"CN","",,1,1,152,5,55,3,3,0.3333,0,0,5,36.3333,,,,
5226020,1993,12240,1992,"CN","",693313,3,12,368,6,69,4,6,1,0.2778,0.625,4,13.5,0,0,0,0
5226477,1993,12247,1991,"CN","",102305,3,7,165,6,66,20,0,0.95,,0.7535,,11.9,0,0,,
5226747,1993,12247,1992,"CN","",575080,3,2,405,6,64,5,4,1,0.375,0.48,4,6.4,0,0,0,0
5227357,1993,12247,1991,"CN","",102305,3,10,502,1,19,6,1,1,0,0.4444,6,14.3333,0,0,0,0
5231126,1993,12261,1989,"CN","",,1,5,524,1,15,9,2,1,0.5,0.3704,6.5,18.4444,,,,
5232412,1993,12268,1992,"CN","",,1,13,475,5,53,4,3,0.75,0,0.4444,3,28.5,,,,
5232675,1993,12268,1992,"CN","",693971,3,13,423,1,19,10,4,1,0.625,0.66,3,11.3,0,0,0,0
5233092,1993,12268,1992,"CN","",,1,7,568,1,14,1,2,1,0,0,3,23,,,,
5233448,1993,12268,1992,"CN","",703520,3,32,349,1,19,2,24,1,0.4236,0.5,3.25,1,0,0,0,0
5235303,1993,12275,1991,"CN","",,1,17,335,4,41,2,2,1,0,0,4,5,,,,
5238014,1993,12289,1991,"CN","",694437,3,9,135,6,69,5,3,0.8,0.4444,0.375,3.6667,22.2,0,0,0,0
5240481,1993,12296,1992,"CN","",694675,3,18,96,1,13,14,3,0.9286,0,0.5562,4,16,0,0,0,0
5241374,1993,12296,1991,"CN","",694739,3,7,348,4,49,7,4,1,0.625,0,3.25,3,0,0,0,0
5242012,1993,12303,1991,"CN","",694822,3,14,165,6,66,23,1,0.8696,0,0.61,4,11.7391,0,0,0,0
5242656,1993,12303,1992,"CN","",,1,24,420,5,52,2,12,1,0.2917,0,2.6667,5,,,,
5242881,1993,12303,1990,"CN","",433330,3,19,502,1,19,12,3,1,0.4444,0.2917,5.6667,10.1667,0,0,0.3333,0.3333
5248328,1993,12324,1991,"CN","",695382,3,9,75,5,52,5,1,1,0,0.48,5,7.2,0,0,0,0
5251595,1993,12338,1991,"CN","",695653,3,3,123,5,53,3,0,0.3333,,0,,43.6667,0,0,,
5251830,1993,12338,1991,"CN","",695676,3,14,241,5,51,8,0,0.625,,0,,30.75,0,0,,
5252344,1993,12338,1991,"CN","",695727,3,5,424,3,31,2,3,1,0,0,3.3333,12.5,0,0,0.3333,0.3333
5253607,1993,12345,1991,"CN","",,1,16,114,5,55,4,1,1,0,0.375,5,11.75,,,,
5255151,1993,12345,1991,"CN","",,5,28,361,4,45,2,0,1,,0,,9.5,,,,
5259778,1993,12366,1992,"CN","",,1,6,439,4,41,5,4,0,0.625,,2.25,50.4,,,,
5260189,1993,12366,1992,"CN","",696429,2,9,435,3,33,4,3,1,0.4444,0.625,1.6667,5,0,0,0,0
5261640,1993,12373,1992,"CN","",696548,3,16,254,5,59,7,2,1,0.5,0.6531,3,11.2857,0,0,0,0
5275817,1994,12422,1992,"CN","",403005,3,1,424,3,31,0,0,,,,,,,,,
5278852,1994,12429,1991,"CN","",312870,2,59,372,4,42,7,5,1,0.32,0.4082,6.6,6.2857,0,0,0,0
5280683,1994,12443,1991,"CN","",698427,2,1,42,5,59,2,1,0.5,0,0,4,45.5,0,0,0,0
5282392,1994,12450,1992,"CN","",,5,52,74,5,59,12,1,0.4167,0,0.48,5,38.9167,,,,
5285061,1994,12457,1992,"CN","",693284,2,9,250,4,44,10,3,1,0,0.34,2.6667,11.1,0,0,0.3333,0.3333
5286293,1994,12464,1992,"CN","",698943,3,10,106,1,12,1,0,1,,0,,6,0,0,,
5286692,1994,12464,1992,"CN","",102305,3,24,502,1,19,4,0,1,,0.5,,8.25,0,0,,
5287213,1994,12464,1993,"CN","",210615,3,1,359,5,54,7,1,1,0,0.8163,1,6.4286,0,0,0,0
5288373,1994,12471,1993,"CN","",,1,8,205,1,19,10,1,1,0,0.64,3,17.4,,,,
5290784,1994,12478,1992,"CN","",,5,18,514,3,31,3,3,1,0.4444,0.4444,2.6667,12,,,,
5294494,1994,12492,1992,"CN","",699690,3,22,428,6,69,7,1,1,0,0.6939,5,5.2857,0,0,0,0
5295355,1994,12499,1992,"CN","",699775,3,29,62,6,69,3,11,1,0,0,3.5455,16.3333,0,0,0,0
5295845,1994,12499,1993,"CN","",,1,11,439,4,41,1,0,0,,,,33,,,,
5298783,1994,12506,1992,"CN","",700097,3,24,257,4,46,6,3,1,0.6667,0.7778,5.3333,6.6667,0,0,0,0
5307267,1994,12534,1991,"CN","",,1,11,707,2,22,5,2,1,0.5,0.72,3.5,5.2,,,,
5308592,1994,12541,1992,"CN","",701043,3,13,422,1,19,11,6,0.7273,0.7222,0.7813,3.5,15.6364,0,0,0,0
5309084,1994,12541,1992,"CN","",,1,7,323,4,45,13,0,1,,0.7929,,13.3846,,,,
5311102,1994,12548,1992,"CN","",701237,3,3,315,4,42,2,1,1,0,0,1,4.5,0,0,0,0
5313806,1994,12562,1993,"CN","",,1,7,62,6,69,4,1,1,0,0,4,12.25,,,,
5313951,1994,12562,1991,"CN","",,1,1,600,3,32,3,5,0.6667,0.32,0.5,6,14.3333,,,,
5316909,1994,12569,1992,"CN","",617465,3,15,435,3,33,5,0,1,,0.32,,8,0.3333,0.2,,
5322621,1994,12590,1993,"CN","",702325,3,11,210,1,19,6,3,0.8333,0,0,1.3333,15.6667,0,0,0,0
5323495,1994,12597,1993,"CN","",,1,9,4,6,65,5,1,0.4,0,0,2,52.2,,,,
5326465,1994,12604,1993,"CN","",102305,3,18,208,1,19,9,2,1,0,0.5679,4,9.4444,0,0,0,0
5330009,1994,12618,1992,"CN","",,1,10,169,6,69,8,2,0.75,0.5,0.4444,3,24.375,,,,
5335604,1994,12639,1992,"CN","",703581,2,7,100,5,59,14,2,0.4286,0,0.5,4,47,0,0,0,0
5338134,1994,12646,1993,"CN","",293870,3,13,407,5,51,7,0,0,,,,56.7143,0,0,,
5338376,1994,12646,1993,"CN","",708752,3,7,148,5,52,4,0,1,,0.75,,9.75,0,0,,
5343743,1994,12667,1990,"CN","",,1,5,73,4,43,9,0,0.5556,,0.32,,24,,,,
5344204,1994,12667,1993,"CN","",,1,7,296,5,55,5,2,1,0.5,0.48,3,18.4,,,,
5344383,1994,12667,1992,"CN","",,1,5,600,3,32,6,1,1,0,0.5,4,7.5,,,,
5348126,1994,12681,1993,"CN","",704786,3,14,192,5,53,17,3,0.9412,0,0.6172,3,18.3529,0,0,0,0
5351279,1994,12688,1993,"CN","",693284,2,2,378,4,44,1,1,1,0,0,3,20,0,0,1,1
5351749,1994,12695,1993,"CN","",705156,3,8,165,6,66,0,0,,,,,,,,,
5352295,1994,12695,1993,"CN","",,1,9,123,5,53,2,0,0.5,,0,,47,,,,
5352635,1994,12695,1993,"CN","",,1,19,438,4,46,15,7,1,0.5714,0.3378,1.8571,4.5333,,,,
5354576,1994,12702,1992,"CN","",705451,3,12,429,4,45,4,4,1,0,0.375,2.75,4.25,0,0,0,0
5358800,1994,12716,1993,"CN","",705451,3,9,429,4,45,4,3,1,0.4444,0.625,2,4,0,0,0,0
5358918,1994,12716,1993,"CN","",102305,3,19,502,1,19,10,0,1,,0.58,,10.9,0,0,,
5358920,1994,12716,1993,"CN","",102305,3,8,502,1,19,15,3,0.9333,0.4444,0.4388,1,14,0,0,0,0
5360343,1994,12723,1993,"CN","",,1,4,434,6,69,10,6,1,0.7222,0.48,2.8333,4.9,,,,
5361437,1994,12730,1992,"CN","",706106,3,3,5,6,65,11,1,0.4545,0,0,5,27.7273,0,0,0,0
5366605,1994,12744,1993,"CN","",,5,4,210,1,19,5,0,1,,0.64,,6.2,,,,
5367100,1994,12744,1993,"CN","",706657,3,8,585,1,19,13,2,1,0.5,0.5799,3,15.2308,0,0,0.5,0.5
5368405,1994,12751,1993,"CN","",,1,12,401,1,12,13,3,0.3846,0.4444,0,4,36.3077,,,,
5369453,1994,12751,1993,"CN","",,1,15,351,3,39,2,1,1,0,0,3,2,,,,
5372749,1994,12765,1993,"CN","",707214,3,6,252,1,19,11,3,1,0.4444,0.7769,2.6667,6.0909,0,0,0,0
5375657,1994,12779,1993,"CN","",707496,3,20,166,6,64,1,0,1,,0,,10,0,0,,
5377701,1995,12786,1993,"CN","",,1,15,132,6,65,8,0,0.375,,0,,41,,,,
5379930,1995,12793,1993,"CN","",,1,15,266,5,52,2,0,1,,0.5,,15.5,,,,
5380690,1995,12793,1993,"CN","",102305,3,9,502,1,19,64,2,1,0.5,0.7334,3,10.2969,0,0,1,1
5381754,1995,12800,1993,"CN","",708028,3,2,117,1,19,6,1,1,0,0.7222,2,11.5,0,0,0,0
5389333,1995,12828,1993,"CN","",708752,3,6,420,5,52,5,2,1,0.5,0.56,2,5.4,0,0,0,0
5390747,1995,12835,1992,"CN","",708871,3,30,173,5,51,9,0,0.8889,,0.4063,,22.2222,0,0,,
5392922,1995,12842,1993,"CN","",709050,3,6,209,5,51,5,0,0.8,,0.625,,27.4,0,0,,
5395177,1995,12849,1993,"CN","",709302,3,10,403,6,67,2,0,1,,0,,16,0,0,,
5395307,1995,12849,1994,"CN","",,1,7,602,3,32,7,1,1,0,0.5714,1,5.5714,,,,
5395601,1995,12849,1992,"CN","",,5,9,423,1,19,3,0,0.3333,,0,,35.6667,,,,
5398877,1995,12863,1993,"CN","",709656,2,17,241,5,51,5,1,1,0,0,1,8.8,0,0,0,0
5399015,1995,12863,1992,"CN","",,1,4,366,1,19,12,1,0.9167,0,0.314,3,17.5,,,,
5402230,1995,12870,1992,"CN","",589720,3,12,356,4,43,5,7,1,0,0,3.1429,5,0,0,0,0
5402759,1995,12877,1994,"CN","",423660,2,3,123,5,53,38,3,0.9474,0.4444,0,2,17.7105,0,0,0,0
5404323,1995,12877,1993,"CN","",596760,3,2,708,2,22,3,2,1,0,0,3.5,9.6667,0,0,0,0
5404555,1995,12877,1992,"CN","",710170,3,12,712,2,22,6,0,1,,0.6111,,4.5,0,0,,
5404902,1995,12884,1993,"CN","",,1,3,137,6,69,2,2,1,0,0,3,13,,,,
5405608,1995,12884,1993,"CN","",,1,12,424,3,31,7,1,1,0,0.7755,4,7.5714,,,,
5406506,1995,12884,1993,"CN","",596760,3,6,708,2,22,6,5,1,0.56,0.4444,3.2,4.8333,0,0,0,0
5406819,1995,12891,1992,"CN","",,1,15,72,5,52,4,0,0.25,,0,,57,,,,
5408954,1995,12898,1993,"CN","",,1,3,119,6,61,11,0,0.7273,,0.4063,,24.5455,,,,
5409280,1995,12898,1993,"CN","",620940,2,13,294,5,59,27,1,0.6296,0,0.4844,4,31.2222,0,0,1,1
5414724,1995,12912,1994,"CN","",408030,3,10,372,4,42,26,4,1,0,0,2.25,6,0,0,0,0
5419079,1995,12933,1994,"CN","",711530,3,9,47,6,61,0,0,,,,,,,,,
5421794,1995,12940,1992,"CN","",711783,3,8,482,5,59,4,1,1,0,0.625,5,7.25,0,0,0,0
5422040,1995,12940,1994,"CN","",711809,3,4,252,1,19,1,0,1,,0,,7,0,0,,
5422459,1995,12940,1992,"CN","",711853,3,4,219,4,49,11,0,0.4545,,0.64,,29.4545,0,0,,
5424375,1995,12947,1993,"CN","",407490,3,3,525,1,15,5,1,1,0,0.64,2,9,0,0,0,0
5425683,1995,12954,1993,"CN","",,1,11,475,5,53,5,0,1,,0.64,,9.4,,,,
5425783,1995,12954,1993,"CN","",,1,5,8,1,11,5,0,0.8,,0.375,,23,,,,
5425885,1995,12954,1992,"CN","",,5,22,252,1,19,3,0,1,,0.6667,,12.3333,,,,
5426348,1995,12954,1994,"CN","",712238,2,1,315,4,42,5,0,1,,0,,6.2,0,0,,
5426364,1995,12954,1993,"CN","",,1,8,324,4,43,4,0,1,,0.625,,13,,,,
5430054,1995,12968,1990,"CN","",712595,3,19,514,3,31,0,4,,0.375,,7,,,,0,0
5430407,1995,12968,1994,"CN","",,1,1,327,4,41,22,0,1,,0.6694,,21.0455,,,,
5431360,1995,12975,1993,"CN","",,1,20,244,5,55,14,1,0.6429,0,0.5679,4,23.7143,,,,
5434019,1995,12982,1993,"CN","",712999,3,5,429,4,45,7,3,1,0.4444,0,3.6667,9.4286,0,0,0,0
5435355,1995,12989,1993,"CN","",,1,7,141,5,51,7,0,0.8571,,0.6111,,21.1429,,,,
5440022,1995,13003,1992,"CN","",713553,2,2,530,1,15,1,2,1,0.5,0,3,4,0,0,0,0
5443148,1995,13017,1993,"CN","",,1,2,192,5,53,9,0,0.5556,,0.48,,43.4444,,,,
5443807,1995,13017,1993,"CN","",433330,3,10,423,1,19,16,0,1,,0.4844,,12.75,0.0625,0.0625,,
5444089,1995,13017,1993,"CN","",,5,15,514,3,31,0,1,,0,,2,,,,,
5444821,1995,13017,1993,"CN","",596760,3,2,706,2,22,5,1,1,0,0.72,4,3.8,0,0,0,0
5446644,1995,13024,1994,"CN","",,1,16,363,4,45,3,1,1,0,0,3,14,,,,
5447111,1995,13031,1994,"CN","",,1,8,114,5,55,10,0,0.1,,0,,68.6,,,,
5449804,1995,13038,1993,"CN","",,1,5,558,1,14,7,0,1,,0.5714,,16.7143,,,,
5450094,1995,13038,1994,"CN","",,1,32,345,2,23,4,1,0.75,0,0.6667,1,28.5,,,,
5452002,1995,13045,1993,"CN","",,1,19,348,4,49,7,1,1,0,0.8163,2,18.1429,,,,
5452394,1995,13045,1994,"CN","",,1,10,385,2,21,4,0,1,,0,,5.5,,,,
5455294,1995,13059,1993,"CN","",,5,9,524,1,15,19,1,1,0,0.4377,1,6.1579,,,,
5458313,1995,13073,1993,"CN","",,1,8,248,6,69,10,0,0.7,,0.449,,23.4,,,,
5458468,1995,13073,1994,"CN","",,5,14,417,5,53,8,0,1,,0.5938,,11.25,,,,
5464620,1995,13094,1994,"CN","",,1,1,424,3,31,2,1,1,0,0,2,5,,,,
5464798,1995,13094,1994,"CN","",,1,14,502,1,19,9,1,1,0,0.6667,2,4.1111,,,,
5466307,1995,13101,1993,"CN","",711809,3,1,148,5,52,11,1,1,0,0.4463,3,13.0909,0,0,0,0
5469160,1995,13108,1993,"CN","",,1,9,341,2,22,6,1,1,0,0.6111,3,3.6667,,,,
5470589,1995,13115,1993,"CN","",695727,3,4,424,3,31,2,1,1,0,0,3,14.5,0,0,0,0
5470852,1995,13115,1994,"CN","",716380,3,3,514,3,31,0,0,,,,,,,,,
5471506,1995,13115,1993,"CN","",,5,4,375,2,21,5,1,1,0,0.8,4,12,,,,
5474455,1995,13129,1992,"CN","",,1,24,434,6,69,3,0,1,,0,,23.3333,,,,
5475767,1995,13129,1993,"CN","",,1,9,382,2,22,5,2,1,0.5,0.64,3.5,8.6,,,,
5476076,1995,13136,1994,"CN","",,1,18,123,5,53,16,3,1,0,0.4922,2.6667,6.5,,,,
5481488,1996,13150,1994,"CN","",596760,3,1,708,2,22,6,2,1,0.5,0,2,9.6667,0,0,0,0
5481878,1996,13157,1994,"CN","",714232,3,7,62,6,69,9,6,1,0,0.3704,2.3333,19.7778,0,0,0,0
5482620,1996,13157,1994,"CN","",,1,22,210,1,19,10,0,0.8,,0.2188,,22.5,,,,
5487303,1996,13178,1993,"CN","",,1,14,73,4,43,4,0,0.75,,0.6667,,30,,,,
5488363,1996,13178,1994,"CN","",,1,6,341,2,22,7,1,1,0,0.4898,3,5,,,,
5488843,1996,13185,1993,"CN","",,1,10,70,6,65,9,1,1,,0,,13.4444,,,,
5489244,1996,13185,1993,"CN","",718024,3,12,475,5,53,17,1,0.5294,0,0.4444,4,38.1765,0,0,0,0
5489556,1996,13185,1994,"CN","",596760,3,8,438,4,46,3,2,1,0,0,1.5,6,0,0,0,0
5489846,1996,13185,1994,"CN","",596760,3,6,324,4,43,3,2,1,0,0.4444,2,9.3333,0,0,0,0
5491652,1996,13192,1994,"CN","",596760,3,6,708,2,22,3,2,1,0.5,0,3,6,0,0,0,0
5492613,1996,13199,1992,"CN","",,1,5,205,1,19,13,0,1,,0.7456,,16.2308,,,,
5493906,1996,13206,1994,"CN","",433330,3,20,73,4,43,3,3,1,0,0.4444,1.3333,7.3333,0,0,0,0
5494879,1996,13206,1993,"CN","",599425,2,18,502,1,19,9,0,1,,0.3457,,12.7778,0,0,,
5500104,1996,13227,1995,"CN","",,1,9,204,1,19,4,0,1,,0,,12.75,,,,
5502932,1996,13241,1993,"CN","",688438,3,12,52,6,69,8,1,1,0,0.4063,3,14.25,0,0,0,0
5503717,1996,13241,1994,"CN","",,1,8,205,1,19,6,1,1,0,0.8333,2,5.3333,,,,
5509743,1996,13262,1993,"CN","",,1,16,401,1,12,9,1,0.8889,0,0.2188,3,17.6667,,,,
5510299,1996,13262,1994,"CN","",596760,3,13,438,4,46,5,2,1,0.5,0,1.5,2.6,0,0,0,0
5519010,1996,13290,1994,"CN","",558400,3,22,514,3,31,2,3,1,0,0.5,2.6667,7.5,0,0,0.3333,0.3333
5520268,1996,13297,1993,"CN","",,1,11,188,5,53,1,0,0,,,,83,,,,
5523026,1996,13304,1995,"CN","",,1,9,252,1,19,2,0,1,,0,,11,,,,
5523061,1996,13304,1995,"CN","",701043,3,10,422,1,19,2,3,1,0.4444,0,0.6667,9,0,0,0,0
5528653,1996,13318,1995,"CN","",,1,10,378,4,44,3,2,1,0,0,0.5,9,,,,
5528947,1996,13325,1993,"CN","",,1,19,74,5,59,5,0,0.6,,0,,29.6,,,,
5532132,1996,13332,1993,"CN","",242920,2,2,435,3,33,0,1,,0,,3,,,,0,0
5534951,1996,13339,1994,"CN","",722116,3,19,348,4,49,9,0,1,,0.3457,,11.1111,0,0,,
5540786,1996,13360,1995,"CN","",722657,3,4,148,5,52,6,1,1,0,0.6111,2,2.8333,0,0,0,0
5541764,1996,13360,1993,"CN","",275400,3,2,359,5,54,4,0,1,,0.75,,15,0,0,,
5542319,1996,13367,1995,"CN","",,1,1,81,5,59,3,0,0,,,,57.3333,,,,
5542372,1996,13367,1994,"CN","",722769,3,5,117,1,19,7,0,1,,0.7347,,16.5714,0,0,,
5542615,1996,13367,1993,"CN","",722796,3,21,241,5,51,7,1,1,0,0,2,10.4286,0,0,0,0
5543407,1996,13367,1993,"CN","",722873,3,17,514,3,31,4,0,1,,0.375,,6.75,0,0,,
5543577,1996,13367,1994,"CN","",722880,3,7,84,6,69,5,1,1,0,0,3,10.4,0,0,0,0
5544279,1996,13367,1994,"CN","",596760,3,10,706,2,22,5,2,1,0,0.32,1.5,1.4,0,0,0,0
5547956,1996,13381,1993,"CN","",,5,27,514,3,31,1,1,1,0,0,4,2,,,,
5554103,1996,13402,1995,"CN","",723799,2,42,601,3,32,11,1,1,0,0.1653,2,15,0,0,1,1
5559073,1996,13416,1994,"CN","",724288,3,9,502,1,19,12,3,1,0,0,3.3333,10.75,0,0,0,0
5565201,1996,13437,1995,"CN","",,1,16,424,3,31,1,1,1,0,0,1,3,,,,
