3611700,1971,4302,1969,"CN","",326150,3,,57,6,63,,2,,0.5,,10.5,,,,0,0
3612282,1971,4302,1969,"CN","",,1,,210,1,19,,15,,0.4356,,13.8667,,,,,
3619471,1971,4330,1970,"CN","",,1,,84,6,69,,1,,0,,9,,,,,
3622199,1971,4344,1969,"CN","",,1,,297,6,65,,3,,0.4444,,16.3333,,,,,
3635101,1972,4400,1969,"CN","",,1,,74,5,59,,2,,0,,9,,,,,
3635208,1972,4400,1970,"CN","",,1,,126,6,66,,0,,,,,,,,,
3664321,1972,4526,1970,"CN","",,1,,126,6,66,,6,,0.2778,,14.1667,,,,,
3672491,1972,4561,1970,"CN","",98340,2,,206,6,68,,0,,,,,,,,,
3690329,1972,4638,1971,"CN","",,1,,131,6,61,,1,,0,,5,,,,,
3692147,1972,4645,1971,"CN","",,1,,188,5,53,,2,,0.5,,17.5,,,,,
3699001,1972,4673,1970,"CN","",,1,,435,3,33,,0,,,,,,,,,
3706007,1972,4729,1971,"CN","",,1,,361,4,45,,3,,0.6667,,11.3333,,,,,
3719496,1973,4813,1970,"CN","",,1,,426,6,61,,5,,0.48,,20.6,,,,,
3725087,1973,4841,1970,"CN","",480675,2,,426,6,61,,3,,0,,10.6667,,,,0,0
3737733,1973,4904,1971,"CN","",,1,,361,4,45,,0,,,,,,,,,
3741103,1973,4925,1971,"CN","",,1,,99,6,61,,1,,0,,5,,,,,
3742912,1973,4932,1971,"CN","",,1,,119,6,61,,3,,0,,16,,,,,
3752943,1973,4974,1971,"CN","",,1,,200,4,41,,2,,0,,8,,,,,
3754621,1973,4988,1972,"CN","",103640,3,,182,6,65,,2,,0,,11.5,,,,0,0
3756046,1973,4995,1972,"CN","",,5,,70,6,65,,1,,0,,25,,,,,
3761188,1973,5016,1972,"CN","",,1,,401,1,12,,1,,0,,20,,,,,
3765780,1973,5037,1972,"CN","",,1,,401,1,12,,5,,0,,17.4,,,,,
3785282,1974,5128,1971,"CN","",639270,3,,100,5,59,,9,,0.8148,,11.8889,,,,0,0
3787478,1974,5135,1971,"CN","",97135,3,,560,1,14,,11,,0.7273,,8.1818,,,,0,0
3789287,1974,5142,1972,"CN","",,1,,320,4,45,,0,,,,,,,,,
3790291,1974,5149,1972,"CN","",,1,,401,1,12,,8,,0.2188,,10.625,,,,,
3792228,1974,5156,1972,"CN","",,1,,219,4,49,,5,,0.64,,11.8,,,,,
3796856,1974,5184,1972,"CN","",,1,,219,4,49,,3,,0.4444,,10,,,,,
3799503,1974,5198,1972,"CN","",583360,3,,254,5,59,,5,,0.56,,3.2,,,,0,0
3805312,1974,5226,1972,"CN","",227525,3,,15,6,69,,2,,0.5,,9,,,,0,0
3808848,1974,5240,1970,"CN","",,1,,70,6,65,,0,,,,,,,,,
3809107,1974,5240,1973,"CN","",340165,3,,135,6,69,,5,,0,,19.4,,,,0,0
3816676,1974,5275,1972,"CN","",,1,,200,4,41,,0,,,,,,,,,
3823842,1974,5310,1973,"CN","",,1,,220,6,68,,2,,0.5,,7.5,,,,,
3827051,1974,5324,1973,"CN","",466175,2,,370,2,21,,14,,0.7959,,9.7857,,,,0,0
3828256,1974,5331,1971,"CN","",,1,,324,4,43,,22,,0.4504,,11.2727,,,,,
3829337,1974,5338,1971,"CN","",510115,3,,156,1,19,,7,,0.6531,,9.2857,,,,0,0
3835673,1974,5373,1972,"CN","",,1,,70,6,65,,0,,,,,,,,,
3836196,1974,5373,1972,"CN","",,1,,297,6,65,,3,,0,,12.6667,,,,,
3836648,1974,5373,1971,"CN","",,1,,424,3,31,,1,,0,,19,,,,,
3837234,1974,5380,1973,"CN","",634605,3,,474,5,53,,7,,0.5714,,6.8571,,,,0,0
3846856,1974,5429,1973,"CN","",,1,,5,6,65,,3,,0.6667,,16.3333,,,,,
3847237,1974,5429,1973,"CN","",,1,,177,6,69,,0,,,,,,,,,
3850263,1974,5443,1973,"CN","",296065,3,,182,6,65,,4,,0,,10.75,,,,0,0
3872336,1975,5555,1974,"CN","",,1,7,310,4,45,8,2,0.375,0.5,0.4444,17,15.125,,,,
3955778,1976,5975,1974,"CN","",,1,8,242,5,51,3,5,1,0.32,0.4444,18.2,5.3333,,,,
3967831,1976,6031,1974,"CN","",,1,2,279,6,69,4,6,0.25,0.8333,0,13.8333,31.5,,,,
3968593,1976,6038,1974,"CN","",,1,9,446,6,62,7,3,0.4286,0.6667,0,5.6667,12.5714,,,,
3973867,1976,6066,1975,"CN","",,1,10,415,5,53,14,8,0.5714,0.5938,0.4063,13.125,16.0714,,,,
3978870,1976,6094,1975,"CN","",,1,6,132,6,65,3,1,0,0,,1,56.3333,,,,
