4806481,1989,10644,1987,"CN","",558580,3,2,435,3,33,7,0,1,,0,,14.4286,0.2,0.1429,,
4810584,1989,10658,1987,"CN","",408030,3,9,428,6,69,5,0,1,,0.64,,7.6,0,0,,
4812182,1989,10665,1987,"CN","",,1,11,148,5,52,1,3,0,0.6667,,4.6667,47,,,,
4814449,1989,10672,1987,"CN","",558400,3,1,546,1,14,0,2,,0.5,,0.5,,,,0.5,0.5
4816083,1989,10679,1986,"CN","",,1,12,137,6,69,13,10,0.4615,0.66,0.4444,8.3,35.5385,,,,
4816594,1989,10679,1986,"CN","",210620,3,18,556,1,14,16,2,0.875,0,0.551,3.5,13.625,0,0,0,0
4819694,1989,10693,1987,"CN","",338450,3,10,137,6,69,4,3,0.75,0.4444,0,4,14,0,0,0,0
4820678,1989,10693,1987,"CN","",58040,3,24,502,1,19,6,6,1,0.2778,0,5.8333,9.3333,0,0,0,0
4824547,1989,10707,1987,"CN","",597195,6,19,204,1,19,5,5,1,0.32,0.32,5.6,11,0.6667,0.4,0,0
4825234,1989,10707,1986,"CN","",,1,9,396,5,54,14,1,0.6429,0,0.716,10,24,,,,
4826283,1989,10714,1988,"CN","",210615,3,6,385,2,21,12,23,1,0.5709,0.6667,4.2609,13.0833,0,0,0,0
4826830,1989,10714,1985,"CN","",,1,8,514,3,31,0,1,,0,,9,,,,,
4826873,1989,10714,1987,"CN","",102335,3,10,514,3,31,5,0,0.4,,0.5,,24.6,0,0,,
4827664,1989,10721,1988,"CN","",102295,3,11,800,3,33,1,0,1,,0,,8,1,1,,
4828375,1989,10721,1987,"CN","",703520,3,2,359,5,54,1,1,1,0,0,8,4,0,0,0,0
4830404,1989,10728,1987,"CN","",,1,4,281,6,69,6,4,0.8333,0.625,0.56,5,14.3333,,,,
4831756,1989,10735,1987,"CN","",,1,3,40,6,69,14,5,0.5,0.72,0,5.6,25.5714,,,,
4831872,1989,10735,1988,"CN","",101155,3,12,73,4,43,7,9,1,0.1975,0.4898,4.6667,9.4286,0,0,0,0
4833366,1989,10735,1988,"CN","",58020,3,10,313,4,42,7,2,1,0,0.449,6,17.4286,0,0,0,0
4834355,1989,10742,1988,"CN","",,1,8,269,6,69,3,1,0,0,,9,43,,,,
4836022,1989,10749,1987,"CN","",,1,7,73,4,43,11,0,0.0909,,0,,50,,,,
4837180,1989,10749,1987,"CN","",703520,3,15,438,4,46,0,17,,0.3045,,4,,,,0,0
4840165,1989,10763,1987,"CN","",101145,3,6,123,5,53,5,1,0.8,0,0.375,10,19,0,0,0,0
4843741,1989,10777,1988,"CN","",48165,2,9,36,6,63,25,24,0.68,0,0.1107,5.1667,24.16,0.1429,0.04,0,0
4844713,1989,10777,1988,"CN","",206675,3,18,44,1,19,4,2,0.75,0,0.4444,5.5,26.5,0,0,0,0
4845863,1989,10784,1988,"CN","",48165,2,9,36,6,63,88,33,0.5568,0,0.04,5.3125,31.375,0.0476,0.0114,0,0
4846178,1989,10784,1987,"CN","",58025,3,8,607,3,32,7,9,1,0.4938,0.6122,4.7778,10,0,0,0,0
4846189,1989,10784,1987,"CN","",,1,7,600,3,32,23,16,1,0,0.4991,5.25,8.2609,,,,
4851136,1989,10798,1988,"CN","",151900,3,14,210,1,19,2,3,1,0,0,5.3333,16.5,0,0,0,0
4851915,1989,10798,1987,"CN","",635295,3,5,348,4,49,6,8,1,0.375,0.5,4.625,4.5,0,0,0,0
4860019,1989,10826,1988,"CN","",508010,3,10,343,2,21,1,9,1,0,0,7.6667,12,0,0,0,0
4861847,1989,10833,1988,"CN","",58050,3,7,526,1,15,0,2,,0.5,,7.5,,,,0,0
4862476,1989,10833,1988,"CN","",391920,3,6,372,4,42,7,2,1,0,0,1.5,11.1429,0,0,0,0
4865519,1989,10847,1988,"CN","",276300,3,11,415,5,53,7,0,0.7143,,0.72,,23.2857,0,0,,
4866069,1989,10847,1988,"CN","",558400,3,4,514,3,31,1,0,1,,0,,0,1,1,,
4868207,1989,10854,1988,"CN","",558600,3,2,514,3,31,0,3,,0.4444,,4.3333,,,,0,0
4870106,1989,10861,1987,"CN","",257985,3,4,514,3,31,3,0,1,,0,,18,0,0,,
4870974,1989,10868,1988,"CN","",102350,3,18,600,3,32,5,7,1,0.5714,0.32,5.8571,2.2,0,0,0,0
4872475,1989,10875,1988,"CN","",,1,11,137,6,69,6,1,0.5,0,0,4,27.3333,,,,
4872536,1989,10875,1987,"CN","",,1,7,188,5,53,29,2,0.4483,0,0.6272,4,25.6207,,,,
4877739,1989,10896,1988,"CN","",,1,14,435,3,33,3,0,1,,0,,15.6667,,,,
4879390,1989,10903,1988,"CN","",102335,3,9,548,1,14,0,0,,,,,,,,,
4881328,1989,10917,1988,"CN","",48165,2,7,36,6,63,28,7,0.6071,0,0.1107,5.1429,29.9643,0.1429,0.0357,0,0
4884532,1989,10931,1988,"CN","",,1,1,123,5,53,7,4,0.5714,0.375,0.375,6.5,39.5714,,,,
4884628,1989,10931,1988,"CN","",,1,18,165,6,66,1,2,1,0.5,0,7.5,1,,,,
4885073,1989,10931,1988,"CN","",408165,3,6,204,1,19,1,6,1,0.6111,0,7,12,0,0,0,0
4888987,1989,10952,1987,"CN","",,1,12,73,4,43,8,2,1,0.5,0,4,11.125,,,,
4890084,1989,10952,1988,"CN","",275410,3,13,336,4,41,8,3,0.5,0,0.625,8,24.25,0,0,0,0
4890871,1990,10959,1988,"CN","",,1,2,292,6,69,10,9,1,0,0.18,4,3.5,,,,
4896567,1990,10987,1987,"CN","",260880,3,11,475,5,53,8,0,0.875,,0,,16.5,0,0,,
4903792,1990,11015,1987,"CN","",,1,6,180,5,55,18,8,0.8333,0.2188,0.56,4.625,18.5,,,,
4905382,1990,11022,1988,"CN","",48165,2,13,36,6,63,27,5,0.6296,0.56,0.1107,6.2,30.8148,0.1429,0.037,0,0
4906849,1990,11022,1987,"CN","",275400,3,6,250,4,44,3,5,1,0.56,0.4444,8.8,9.3333,0,0,0,0
4907320,1990,11029,1987,"CN","",,1,10,24,6,63,24,0,0.375,,0,,53.5833,,,,
4908490,1990,11029,1988,"CN","",293870,3,4,219,4,49,1,0,0,,,,35,0,0,,
4908962,1990,11036,1988,"CN","",48165,2,23,36,6,63,10,10,0.6,0.34,0,5.6,28.6,0.25,0.1,0,0
4909714,1990,11036,1988,"CN","",,1,6,418,5,53,6,1,0.5,0,0,7,20.3333,,,,
4911768,1990,11043,1988,"CN","",241015,3,9,148,5,52,2,0,1,,0.5,,6,0,0,,
4913995,1990,11050,1988,"CN","",235830,3,15,430,1,19,1,1,1,0,0,7,4,0,0,0,0
4916427,1990,11057,1988,"CN","",,1,14,338,4,41,2,0,1,,0.5,,8.5,,,,
4917711,1990,11064,1987,"CN","",433330,3,62,95,1,13,17,22,1,0.8264,0.6713,6.3636,13.2353,0,0,0,0
4921278,1990,11078,1988,"CN","",102340,3,5,283,6,69,23,24,0.9565,0.6285,0.7851,6.9583,15.2174,0,0,0,0
4922781,1990,11085,1987,"CN","",,1,5,74,5,59,21,11,0.5714,0.7603,0.6528,5.9091,27.2381,,,,
4923185,1990,11085,1988,"CN","",,1,21,269,6,69,5,2,0.2,0,0,6.5,47,,,,
4927937,1990,11099,1989,"CN","",102335,3,4,546,1,14,1,0,1,,0,,12,0,0,,
4932504,1990,11120,1989,"CN","",,1,13,188,5,53,4,1,1,0,0.375,2,10.5,,,,
4935359,1990,11127,1988,"CN","",275365,3,18,435,3,33,3,5,1,0,0,7.8,14.3333,0,0,0,0
4937360,1990,11134,1989,"CN","",558600,3,7,549,1,14,0,7,,0.4082,,5.8571,,,,0,0
4939327,1990,11141,1988,"CN","",4155,3,11,200,4,41,7,4,1,0.375,0,3.75,12.2857,0,0,0,0
4940060,1990,11148,1987,"CN","",,1,18,600,3,32,11,5,0.9091,0.32,0.34,5.6,13,,,,
4940230,1990,11148,1988,"CN","",,1,6,473,6,62,13,0,0.3077,,0.375,,48.1538,,,,
4940687,1990,11148,1988,"CN","",58050,3,11,502,1,19,1,2,1,0.5,0,8,10,0,0,0,0
4942315,1990,11155,1989,"CN","",,1,1,327,4,41,2,1,1,0,0,6,10.5,,,,
4943132,1990,11162,1989,"CN","",,1,7,385,2,21,4,4,1,0,0,2,3,,,,
4951107,1990,11190,1987,"CN","",,1,7,257,4,46,1,0,1,,0,,3,,,,
4952752,1990,11197,1989,"CN","",4155,3,7,174,4,41,3,3,0.3333,0,0,4.6667,33.3333,0,0,0,0
4952828,1990,11197,1989,"CN","",210625,3,4,310,4,45,9,6,1,0,0,5.8333,10.3333,0,0,0,0
4955196,1990,11211,1989,"CN","",,5,13,60,4,45,4,5,1,0.56,0,3.2,8,,,,
4957114,1990,11218,1988,"CN","",,1,7,600,3,32,8,26,1,0.3373,0.4063,5.6923,8.125,,,,
4957702,1990,11218,1988,"CN","",459710,3,31,420,5,52,3,2,0.6667,0.5,0.5,7.5,12.6667,0,0,0,0
4959126,1990,11225,1988,"CN","",345365,3,11,201,1,19,11,2,0.8182,0.5,0.7901,8,15.9091,0,0,0,0
4960980,1990,11232,1988,"CN","",,1,13,235,5,59,6,0,1,,0.2778,,17.5,,,,
4961268,1990,11239,1989,"CN","",459715,3,4,33,6,69,11,1,0.6364,0,0.7778,4,29.3636,0,0,0,0
4961988,1990,11239,1988,"CN","",640225,3,22,442,1,11,0,11,,0.7934,,4.8182,,,,0,0
4966532,1990,11260,1989,"CN","",,1,19,417,5,53,11,4,0.2727,0.375,0.6667,4.5,37.3636,,,,
4969868,1990,11274,1989,"CN","",,1,16,604,3,32,3,6,1,0.6111,0.6667,3.6667,10,,,,
4972870,1990,11288,1989,"CN","",,1,10,137,6,69,5,5,1,0.32,0,5.8,19.8,,,,
4973688,1990,11288,1989,"CN","",58035,3,10,540,1,14,2,1,1,0,0,8,5,0,0,0,0
4974303,1990,11295,1989,"CN","",,1,5,29,5,52,2,0,1,,0.5,,2.5,,,,
4975336,1990,11295,1989,"CN","",275400,3,3,428,6,69,3,2,1,0,0,1.5,8.3333,0,0,0,0
4975834,1990,11295,1987,"CN","",,1,25,712,2,22,10,35,1,0.4196,0.68,7.7143,8.1,,,,
4977087,1990,11302,1988,"CN","",279190,2,4,435,3,33,0,1,,0,,7,,,,0,0
4980053,1990,11316,1989,"CN","",472020,3,5,208,1,19,6,11,0.8333,0.6116,0.48,5.8182,16.1667,0,0,0,0
4980630,1990,11316,1988,"CN","",,1,5,318,4,45,6,0,1,,0,,12,,,,
4980840,1990,11316,1988,"CN","",58060,3,17,707,2,22,8,12,1,0.6528,0.5313,5.25,5,0,0,0,0
4989760,1991,11358,1989,"CN","",,1,13,222,1,19,8,0,0.125,,0,,63.5,,,,
4990068,1991,11358,1988,"CN","",,1,13,417,5,53,4,6,0.75,0.5,0.6667,5.6667,22.25,,,,
4992118,1991,11365,1990,"CN","",214205,3,17,149,1,19,5,2,1,0,0,4.5,3.2,0,0,0,0
4994289,1991,11372,1989,"CN","",,1,16,426,6,61,19,0,0.4737,,0.3457,,32.0526,,,,
4997303,1991,11386,1989,"CN","",459715,3,3,403,6,67,4,4,0.75,0.625,0.4444,5,19.75,0,0,0,0
4999842,1991,11393,1989,"CN","",706518,2,21,372,4,42,3,22,1,0.6612,0,3.3182,3,0,0,0.2,0.1818
5001120,1991,11400,1989,"CN","",394545,2,15,514,3,31,1,0,1,,0,,1,0,0,,
5001997,1991,11407,1990,"CN","",,4,13,112,6,63,31,0,0.5484,,0,,33.7742,,,,
5002124,1991,11407,1990,"CN","",472005,3,3,374,4,43,7,0,0.8571,,0.7778,,11.1429,0,0,,
5004446,1991,11414,1989,"CN","",,1,13,449,6,61,5,0,0.4,,0.5,,36.2,,,,
5004510,1991,11414,1989,"CN","",726736,3,15,148,5,52,2,2,1,0,0,6,7.5,0,0,0,0
5004938,1991,11414,1989,"CN","",4155,3,10,326,4,46,12,1,1,0,0.5694,5,3.8333,0,0,0,0
5006632,1991,11421,1989,"CN","",198485,3,8,528,1,15,7,0,1,,0.449,,3.8571,0,0,,
5009388,1991,11435,1989,"CN","",,1,3,251,5,53,4,2,0.5,0.5,0,7.5,29.5,,,,
5018524,1991,11470,1988,"CN","",,1,2,607,3,32,15,1,1,0,0.24,7,13.0667,,,,
5022124,1991,11484,1990,"CN","",,1,2,24,6,63,11,7,0.2727,0.449,0,3.4286,53.4545,,,,
5024271,1991,11491,1989,"CN","",52875,3,15,166,6,64,11,4,0.9091,0,0.6,4.25,14.3636,0,0,0,0
5024490,1991,11491,1989,"CN","",58055,3,2,303,5,53,13,2,0.4615,0.5,0.2778,4,34.5385,0,0,0,0
5025784,1991,11498,1988,"CN","",241010,3,9,607,3,32,5,8,1,0.375,0.32,5.5,3.8,0,0,0,0
5026953,1991,11498,1990,"CN","",631020,3,2,178,2,21,1,4,1,0.75,0,2.25,5,0,0,0,0
5029082,1991,11505,1990,"CN","",627735,3,16,600,3,32,12,4,1,0.375,0,4.25,6.3333,0,0,0,0
5029563,1991,11512,1990,"CN","",,1,6,123,5,53,4,3,0.25,0,0,3.6667,47.75,,,,
5032259,1991,11519,1989,"CN","",,1,8,210,1,19,6,2,0.5,0.5,0,5,25.8333,,,,
5042859,1991,11561,1989,"CN","",,5,18,293,5,55,15,6,0.5333,0.6111,0.4063,5.3333,36.9333,,,,
5044226,1991,11568,1990,"CN","",,1,1,74,5,59,5,2,0.8,0.5,0,5.5,20.2,,,,
5045196,1991,11568,1989,"CN","",69835,3,3,210,1,19,3,1,0.6667,0,0.5,3,29.3333,0,0,1,1
5049163,1991,11582,1989,"CN","",75920,3,16,44,1,19,12,2,0.9167,0,0.562,3.5,14.3333,0,0,0,0
5049296,1991,11582,1990,"CN","",,1,5,252,1,19,7,1,0.7143,0,0.32,5,18,,,,
5050550,1991,11589,1990,"CN","",,1,11,123,5,53,8,3,0.75,0.4444,0,3.3333,20.5,,,,
5050901,1991,11589,1989,"CN","",,1,16,280,5,55,5,0,0.4,,0.5,,32.2,,,,
5051087,1991,11589,1990,"CN","",511705,3,8,425,5,51,5,1,1,0,0,4,9.8,0,0,0,0
5054496,1991,11603,1989,"CN","",102275,3,12,600,3,32,5,25,1,0.2688,0,5.88,3.8,0,0,0,0
5055034,1991,11603,1990,"CN","",,1,19,431,6,66,4,6,1,0.2778,0.375,3.3333,9.75,,,,
5055117,1991,11603,1990,"CN","",589720,3,11,96,1,13,6,1,0.8333,0,0,4,19.8333,0,0,0,0
5056150,1991,11603,1989,"CN","",275300,3,18,704,2,22,3,11,1,0.3967,0,5.4545,6.3333,0,0,0,0
5058118,1991,11610,1990,"CN","",210615,3,13,372,4,42,1,4,1,0.375,0,3.5,1,0,0,0,0
5059178,1991,11617,1991,"CN","",,1,1,604,3,32,12,39,1,0.3577,0.5694,3.2564,3.0833,,,,
5059974,1991,11617,1989,"CN","",4155,3,7,341,2,22,6,6,1,0.6667,0.2778,4.1667,4.3333,0,0,0,0
5063195,1991,11631,1989,"CN","",102305,3,21,502,1,19,5,6,1,0.4444,0.32,5.6667,8.6,0,0,0,0
5067016,1991,11645,1990,"CN","",703520,3,8,348,4,49,15,3,1,0,0,3,5,0,0,0,0
5068565,1991,11652,1990,"CN","",,1,27,310,4,45,5,3,1,0.4444,0.32,2,9.2,,,,
5069611,1991,11659,1990,"CN","",,1,16,425,5,51,3,0,1,,0.4444,,9.6667,,,,
5070155,1991,11659,1989,"CN","",175485,3,18,525,1,15,3,3,1,0.4444,0.4444,2.3333,8.3333,0,0,0.3333,0.3333
5072068,1991,11666,1990,"CN","",234750,3,8,585,1,19,4,5,1,0.56,0.375,3.4,14.5,0,0,0,0
5072796,1991,11673,1990,"CN","",599845,3,11,175,6,64,10,5,0.8,0.32,0.2188,4.8,20.8,0,0,0,0
5073915,1991,11673,1990,"CN","",58030,3,9,378,4,44,2,0,1,,0,,13.5,0,0,,
5075401,1991,11680,1989,"CN","",19460,3,14,527,1,15,1,3,1,0.6667,0,6,13,0,0,0,0
5076785,1991,11687,1991,"CN","",,1,3,433,3,39,5,7,0.2,0.2449,0,4.5714,38.2,,,,
5076893,1991,11687,1990,"CN","",345365,3,6,202,1,19,11,2,0.8182,0.5,0.7901,6,16.9091,0,0,0,0
5077213,1991,11687,1988,"CN","",508015,3,5,435,3,33,2,2,1,0.5,0,6,5,0,0,0,0
5078012,1992,11694,1990,"CN","",589720,3,4,73,4,43,4,2,1,0,0.625,1.5,9.75,0,0,0,0
5081281,1992,11701,1989,"CN","",98331,3,28,560,1,14,4,0,1,,0.375,,9.5,0,0,,
5087680,1992,11729,1989,"CN","",508025,3,1,526,1,15,2,6,1,0.5,0.5,5.1667,21,0,0,0,0
5091913,1992,11743,1990,"CN","",589720,3,10,372,4,42,9,3,1,0,0.5185,4.6667,16.3333,0,0,0,0
5093350,1992,11750,1990,"CN","",55665,3,11,514,3,31,0,0,,,,,,,,,
5094092,1992,11757,1991,"CN","",,1,3,70,6,65,4,5,0.25,0,0,4.2,53,,,,
5096312,1992,11764,1990,"CN","",,1,9,385,2,21,5,2,1,0,0,3,4.4,,,,
5098563,1992,11771,1991,"CN","",101156,3,5,210,1,19,23,0,0.9565,,0.7934,,12.1304,0,0,,
5099408,1992,11771,1990,"CN","",306996,3,3,363,4,45,3,7,1,0.449,0.4444,4,5,0,0,0,0
5106371,1992,11799,1991,"CN","",,1,12,604,3,32,9,2,1,0,0,4.5,4.3333,,,,
5107573,1992,11806,1991,"CN","",,1,25,24,6,63,10,1,0.3,0,0,4,55.2,,,,
5108749,1992,11806,1989,"CN","",,4,13,424,3,31,3,1,1,0,0,7,14.3333,,,,
5112264,1992,11820,1991,"CN","",682356,3,6,446,6,62,6,1,0.5,0,0.4444,2,28,0,0,0,0
5112463,1992,11820,1991,"CN","",,5,6,204,1,19,7,3,0.7143,0,0.48,4.3333,14.1429,,,,
5112926,1992,11820,1991,"CN","",703520,3,14,525,1,15,3,0,0.3333,,0,,23.3333,0,0,,
5119296,1992,11841,1990,"CN","",,1,9,707,2,22,6,12,1,0.8194,0.5,4.5,3.1667,,,,
5122013,1992,11855,1991,"CN","",,1,10,405,6,64,10,0,0.5,,0.64,,40.7,,,,
5123559,1992,11862,1991,"CN","",,1,4,220,6,68,12,1,0.4167,0,0,1,30.4167,,,,
5123970,1992,11862,1990,"CN","",459710,3,10,148,5,52,0,2,,0.5,,5.5,,,,0,0
5124312,1992,11862,1991,"CN","",,1,12,507,6,64,12,3,1,0.4444,0.4861,4.6667,14.25,,,,
5128010,1992,11876,1990,"CN","",,1,5,204,1,19,8,2,1,0,0.5313,6,12,,,,
5130165,1992,11883,1990,"CN","",684182,3,6,427,1,12,5,0,1,,0.56,,5,0,0,,
5132433,1992,11890,1990,"CN","",55665,3,13,548,1,14,0,0,,,,,,,,,
5134174,1992,11897,1991,"CN","",684574,3,4,521,1,15,3,2,1,0.5,0.6667,6,8.3333,0,0,0,0
5141476,1992,11925,1991,"CN","",,5,18,475,5,53,3,3,1,0,0.4444,6,7.3333,,,,
5142826,1992,11932,1989,"CN","",,1,8,451,5,51,2,1,1,0,0.5,4,10.5,,,,
5145888,1992,11939,1989,"CN","",,1,22,523,1,15,15,3,1,0.6667,0.3378,6,8.2667,,,,
5147566,1992,11946,1990,"CN","",685885,3,18,507,6,64,1,0,0,,,,101,0,0,,
5153893,1992,11967,1990,"CN","",708973,3,15,372,4,42,4,0,1,,0,,13.75,0,0,,
5155111,1992,11974,1990,"CN","",686603,3,3,514,3,31,0,0,,,,,,,,,
5156004,1992,11981,1990,"CN","",,5,32,62,6,69,10,13,0.9,0.6746,0.5679,5,17.7,,,,
5159521,1992,11988,1991,"CN","",686993,3,16,361,4,45,4,1,1,0,0.5,3,3,0,0,0,0
5160717,1992,11995,1990,"CN","",600400,2,14,423,1,19,4,3,1,0,0.375,4.6667,15,0,0,0,0
5161961,1992,12002,1991,"CN","",,1,11,418,5,53,8,0,0.875,,0.6122,,17,,,,
5167421,1992,12023,1991,"CN","",,1,3,297,6,65,4,6,0.75,0.4444,0,3.1667,16.25,,,,
5167936,1992,12023,1991,"CN","",,1,3,422,1,19,5,0,1,,0.48,,16.6,,,,
5168910,1992,12030,1992,"CN","",,5,7,152,5,55,6,0,0,,,,77.8333,,,,
5170100,1992,12030,1991,"CN","",688049,3,22,315,4,42,11,15,0.9091,0.6578,0.48,3.6667,9.4545,0,0,0,0
5171018,1992,12037,1992,"CN","",,1,10,273,6,62,4,1,0.75,0,0,4,33.25,,,,
5173460,1992,12044,1991,"CN","",688373,3,2,501,1,19,3,1,1,0,0.4444,5,7,0,0,0,0
5174085,1992,12051,1991,"CN","",688438,3,11,52,6,69,1,0,1,,0,,5,0,0,,
5177048,1993,12058,1991,"CN","",102305,3,4,502,1,19,5,3,1,0,0.32,4.6667,9.6,0,0,0,0
5177082,1993,12058,1990,"CN","",,1,10,514,3,31,1,4,1,0.625,0,4.5,3,,,,
