5571154,1996,13458,1995,"CN","",725309,3,10,607,3,32,2,5,1,0.64,0.5,1.4,6.5,0,0,0,0
5573990,1996,13465,1994,"CN","",706657,3,5,502,1,19,1,0,1,,0,,2,1,1,,
5575557,1996,13472,1995,"CN","",725699,3,6,362,4,42,2,4,1,0.75,0,2,1.5,0,0,0,0
5576118,1996,13472,1994,"CN","",705451,3,12,429,4,45,3,1,0.6667,0,0,3,23,0,0,0,0
5577926,1996,13479,1994,"CN","",569900,2,8,439,4,41,2,0,1,,0,,13.5,0,0,,
5585373,1996,13500,1994,"CN","",558400,3,12,514,3,31,0,0,,,,,,,,,
5587347,1996,13507,1995,"CN","",726736,3,14,501,1,19,3,0,1,,0.4444,,13.3333,0,0,,
5589046,1996,13514,1994,"CN","",726884,3,2,204,1,19,5,0,1,,0.72,,12.2,0,0,,
5591482,1997,13521,1994,"CN","",710692,3,14,427,1,12,12,0,1,,0.8472,,9.6667,0,0,,
5595376,1997,13535,1994,"CN","",,1,10,269,6,69,6,0,0.6667,,0.625,,17,,,,
5595743,1997,13535,1994,"CN","",,1,17,424,3,31,1,3,1,0,0,3,4,,,,
5599851,1997,13549,1995,"CN","",727752,3,4,521,1,15,3,1,1,0,0,2,9.6667,0,0,1,1
5600050,1997,13549,1994,"CN","",701043,3,4,585,1,19,2,0,1,,0.5,,4.5,0,0,,
5600772,1997,13549,1994,"CN","",453530,2,20,345,2,23,26,1,1,0,0.6893,3,6,0,0,0,0
5603935,1997,13563,1995,"CN","",728073,2,27,424,3,31,11,0,1,,0.2975,,9.0909,0,0,,
5607983,1997,13577,1995,"CN","",,1,11,521,1,15,0,1,,0,,1,,,,,
5609776,1997,13584,1995,"CN","",728537,3,11,219,4,49,5,0,0.8,,0.625,,15.6,0,0,,
5611744,1997,13591,1995,"CN","",728697,3,2,474,5,53,7,0,1,,0,,11.4286,0,0,,
5615018,1997,13598,1994,"CN","",703520,3,11,386,4,49,6,1,1,0,0.2778,2,4.6667,0,0,0,0
5618791,1997,13612,1993,"CN","",508015,3,13,514,3,31,5,0,1,,0.32,,10.8,0,0,,
5619200,1997,13612,1995,"CN","",596760,3,9,341,2,22,5,1,1,0,0,2,8.4,0,0,0,0
5619993,1997,13619,1995,"CN","",,1,3,600,3,32,7,2,1,0,0.5714,2.5,9.1429,,,,
5621284,1997,13619,1995,"CN","",729474,2,22,315,4,42,31,0,0.9677,,0.6089,,10.2581,0,0,,
5622645,1997,13626,1995,"CN","",,1,2,252,1,19,2,0,1,,0,,8,,,,
5622679,1997,13626,1995,"CN","",700862,2,10,423,1,19,6,0,1,,0.2778,,17.6667,0,0,,
5623141,1997,13626,1994,"CN","",729621,3,6,250,4,44,4,0,1,,0,,7.25,0,0,,
5624391,1997,13633,1994,"CN","",,1,7,602,3,32,7,0,1,,0.5714,,7.5714,,,,
5624932,1997,13633,1995,"CN","",596340,2,8,514,3,31,6,0,1,,0.5,,8.6667,0,0,,
5629457,1997,13647,1995,"CN","",575080,3,11,568,1,14,13,0,1,,0.2604,,5.0769,0,0,,
5630021,1997,13647,1994,"CN","",596760,3,5,706,2,22,9,1,1,0,0.8148,4,4.3333,0,0,0,0
5630514,1997,13654,1996,"CN","",730236,3,4,209,5,51,10,0,0.7,,0.4082,,25.8,0,0,,
5632547,1997,13661,1995,"CN","",395480,2,28,362,4,42,2,0,1,,0.5,,15.5,0,0,,
5633259,1997,13661,1995,"CN","",596340,2,6,514,3,31,2,0,1,,0.5,,22,0,0,,
5635100,1997,13668,1995,"CN","",,1,2,252,1,19,1,0,1,,0,,8,,,,
5635706,1997,13668,1996,"CN","",693284,2,9,250,4,44,11,1,1,0,0.5124,2,12.8182,0.2727,0.2727,0,0
5637735,1997,13675,1995,"CN","",102305,3,14,549,1,14,8,0,0.625,,0.32,,27.375,0,0,,
5638898,1997,13682,1995,"CN","",,1,4,165,6,66,5,0,0.6,,0.4444,,49.2,,,,
5639433,1997,13682,1996,"CN","",700862,2,12,423,1,19,3,1,1,0,0,1,7.6667,0,0,0,0
5644464,1997,13696,1995,"CN","",731437,2,2,361,4,45,13,3,1,0.4444,0.426,2,19.0769,0,0,0,0
5646130,1997,13703,1995,"CN","",731619,3,27,514,3,31,27,1,1,0,0.631,2,7,0,0,0,0
5647817,1997,13710,1995,"CN","",,5,5,475,5,53,6,2,0.5,0,0.4444,3,39.3333,,,,
5648538,1997,13710,1995,"CN","",731793,3,4,564,1,14,4,0,1,,0,,18.75,0,0,,
5648561,1997,13710,1995,"CN","",102305,3,25,568,1,14,43,0,1,,0.6793,,9.2093,0,0,,
5652625,1997,13724,1996,"CN","",596760,3,5,348,4,49,2,2,1,0,0.5,1,3.5,0,0,1,1
5654353,1997,13731,1995,"CN","",732311,3,16,524,1,15,3,0,1,,0.6667,,12,0,0,,
5663456,1997,13759,1995,"CN","",102305,3,15,568,1,14,11,0,1,,0.6446,,12.6364,0,0,,
5664202,1997,13759,1995,"CN","",,1,2,713,2,22,3,1,1,0,0.4444,1,8,,,,
5667469,1997,13773,1995,"CN","",,1,10,600,3,32,2,1,1,0,0,0,6.5,,,,
5667574,1997,13773,1996,"CN","",733471,3,12,106,1,12,3,1,1,0,0.4444,2,3.6667,0,0,0,0
5669103,1997,13780,1996,"CN","",733591,2,5,16,5,59,8,0,1,,0.375,,4.125,0,0,,
5670037,1997,13780,1994,"CN","",102305,3,17,208,1,19,69,1,1,0,0.7356,3,11.7536,0.0145,0.0145,0,0
5670080,1997,13780,1995,"CN","",,1,2,252,1,19,1,0,1,,0,,8,,,,
5671168,1997,13780,1995,"CN","",563495,3,47,708,2,22,5,3,1,0.6667,0.56,1.3333,11.4,0,0,0,0
5677331,1997,13801,1994,"CN","",104230,3,5,514,3,31,0,0,,,,,,,,,
5678489,1997,13808,1996,"CN","",732649,3,12,104,5,55,7,0,1,,0.6939,,9.7143,0,0,,
5679312,1997,13808,1995,"CN","",102305,3,18,422,1,19,47,0,0.9787,,0.8327,,11.0426,0,0,,
5681188,1997,13815,1996,"CN","",734634,3,2,439,4,41,5,0,1,,0.48,,13.8,0,0,,
5682793,1997,13822,1996,"CN","",,1,6,74,5,59,4,0,0.75,,0.4444,,24,,,,
5686512,1997,13829,1995,"CN","",,1,6,524,1,15,12,0,0.9167,,0.6942,,14.75,,,,
5688459,1997,13836,1995,"CN","",761148,3,13,264,5,51,12,0,0.9167,,0.5455,,11.25,0,0,,
5690978,1997,13843,1996,"CN","",415730,2,20,426,6,61,20,0,1,,0.6,,4.15,0,0,,
5694280,1997,13850,1997,"CN","",731437,2,18,361,4,45,13,0,1,,0.426,,19.0769,0,0,,
5695465,1997,13857,1995,"CN","",,1,3,604,3,32,5,0,1,,0.32,,11.8,,,,
5698088,1997,13864,1996,"CN","",722657,3,10,205,1,19,2,1,1,0,0.5,1,15,0,0,0,0
5698542,1997,13864,1995,"CN","",286085,3,10,514,3,31,1,0,1,,0,,7,0,0,,
5698723,1997,13864,1996,"CN","",736107,3,13,556,1,14,1,0,0,,,,39,0,0,,
5700369,1997,13871,1997,"CN","",736245,3,9,209,5,51,3,0,0.6667,,0,,20.3333,0,0,,
5700751,1997,13871,1996,"CN","",736270,2,11,502,1,19,10,0,0.8,,0.375,,16.4,0,0,,
5702728,1997,13878,1995,"CN","",,1,20,424,3,31,1,0,1,,0,,12,,,,
5703130,1997,13878,1996,"CN","",736481,3,5,514,3,31,20,0,1,,0.825,,13,0,0,,
5707440,1998,13892,1994,"CN","",723276,3,14,106,1,12,19,0,0.9474,,0.8951,,19.5789,0,0,,
5710022,1998,13899,1994,"CN","",600015,2,8,435,3,33,0,0,,,,,,,,,
5716982,1998,13920,1995,"CN","",736481,3,5,514,3,31,18,0,1,,0.7469,,13.0556,0,0,,
5718296,1998,13927,1996,"CN","",,1,4,173,5,51,7,0,0.7143,,0.32,,28.5714,,,,
5718529,1998,13927,1997,"CN","",736775,3,24,402,5,59,4,1,1,0,0,0,18.25,0,0,1,1
5720004,1998,13927,1995,"CN","",596760,3,3,706,2,22,11,1,1,0,0.6446,3,5.2727,0,0,0,0
5721595,1998,13934,1996,"CN","",596760,3,13,348,4,49,6,0,1,,0.2778,,2.1667,0,0,,
5723063,1998,13941,1996,"CN","",,1,10,252,1,19,11,0,0.8182,,0.716,,20.4545,,,,
5724031,1998,13941,1996,"CN","",,1,4,341,2,22,12,1,1,0,0.8472,1,6.9167,,,,
5726203,1998,13948,1996,"CN","",,1,15,514,3,31,2,0,1,,0.5,,7.5,,,,
5726469,1998,13948,1995,"CN","",692453,3,8,257,4,46,2,0,1,,0,,7.5,0,0,,
5726723,1998,13948,1996,"CN","",738613,2,22,349,1,19,18,4,1,0,0,1.25,9.7778,0,0,0,0
5728640,1998,13955,1996,"CN","",701043,3,16,502,1,19,11,1,1,0,0.595,1,8.5455,0,0,0,0
5731517,1998,13962,1996,"CN","",739037,3,10,73,4,43,16,0,0.9375,,0.5067,,13.125,0,0,,
5733425,1998,13969,1996,"CN","",739216,3,11,204,1,19,3,0,1,,0.4444,,20,0,0,,
5738887,1998,13983,1996,"CN","",,1,7,426,6,61,11,0,1,,0.314,,12.8182,,,,
5742486,1998,13990,1996,"CN","",,4,16,361,4,45,7,0,0.8571,,0.6111,,28.5714,,,,
5744668,1998,13997,1996,"CN","",,5,14,585,1,19,11,0,1,,0.6446,,12.1818,,,,
5744674,1998,13997,1996,"CN","",102305,3,12,585,1,19,6,0,1,,0.7778,,8.8333,0,0,,
5747298,1998,14004,1995,"CN","",508015,3,6,435,3,33,0,0,,,,,,,,,
5749446,1998,14011,1996,"CN","",740577,2,6,190,6,69,21,0,0.5238,,0.1653,,30.619,0,0,,
5753879,1998,14018,1996,"CN","",,1,6,219,4,49,1,0,1,,0,,2,,,,
5755525,1998,14025,1996,"CN","",736775,3,24,402,5,59,3,1,0.6667,0,0,1,25,0,0,0,0
5757886,1998,14025,1996,"CN","",,1,13,378,4,44,2,0,1,,0,,2.5,,,,
5759942,1998,14032,1995,"CN","",102305,3,12,502,1,19,3,0,1,,0.4444,,11,0,0,,
5759947,1998,14032,1996,"CN","",,1,15,502,1,19,12,1,1,0,0.5833,1,13.9167,,,,
5759950,1998,14032,1996,"CN","",102305,3,28,502,1,19,7,0,1,,0.5714,,18,0,0,,
5759951,1998,14032,1995,"CN","",731793,3,16,502,1,19,8,0,1,,0.4688,,8.125,0,0,,
5760214,1998,14032,1995,"CN","",286085,3,10,540,1,14,2,0,1,,0,,6.5,0,0,,
5762722,1998,14039,1996,"CN","",,1,20,148,5,52,7,0,1,,0.449,,19.2857,,,,
5766554,1998,14046,1996,"CN","",,1,6,422,1,19,9,0,1,,0.642,,8.3333,,,,
5766701,1998,14046,1996,"CN","",,1,2,428,6,69,12,0,0.8333,,0.72,,19.1667,,,,
5770788,1998,14053,1995,"CN","",,1,1,435,3,33,0,0,,,,,,,,,
5775114,1998,14067,1996,"CN","",,1,1,62,6,69,1,0,1,,0,,8,,,,
5775253,1998,14067,1996,"CN","",742657,3,9,116,6,69,6,1,1,0,0.6111,2,17,0,0,0,0
5778766,1998,14074,1997,"CN","",,1,19,99,6,61,7,1,1,0,0.449,1,2.8571,,,,
5779769,1998,14074,1995,"CN","",,1,8,96,1,13,11,0,1,,0.6446,,12.7273,,,,
5783410,1998,14081,1996,"CN","",,5,6,435,3,33,5,1,1,0,0.56,1,9.6,,,,
5783562,1998,14081,1995,"CN","",686950,3,8,514,3,31,8,0,1,,0.2188,,8.125,0,0,,
5788624,1998,14095,1996,"CN","",743804,3,12,600,3,32,1,0,1,,0,,6,0,0,,
5789640,1998,14095,1996,"CN","",102305,3,13,585,1,19,3,1,1,0,0.4444,1,3.6667,0,0,0,0
5792381,1998,14102,1995,"CN","",,1,2,252,1,19,1,0,1,,0,,9,,,,
5792382,1998,14102,1995,"CN","",,1,2,252,1,19,3,0,1,,0.4444,,13.3333,,,,
5793659,1998,14102,1996,"CN","",596760,3,11,708,2,22,8,1,1,0,0.5,1,4.375,0,0,0,0
5794737,1998,14109,1997,"CN","",,1,5,187,5,55,0,0,,,,,,,,,
5795836,1998,14109,1997,"CN","",727752,3,2,442,1,11,1,0,1,,0,,1,1,1,,
5795911,1998,14109,1997,"CN","",744469,3,15,514,3,31,6,1,1,0,0.6111,1,3.5,0,0,1,1
5796110,1998,14109,1995,"CN","",589720,3,10,250,4,44,3,0,1,,0.6667,,11.3333,0,0,,
5801515,1998,14123,1997,"CN","",,1,12,320,4,45,2,0,1,,0,,14,,,,
5803591,1998,14130,1997,"CN","",,1,2,362,4,42,5,0,1,,0.56,,4.2,,,,
5803794,1998,14130,1994,"CN","",,1,8,451,5,51,7,0,1,,0.2449,,12.4286,,,,
5810306,1998,14144,1996,"CN","",130790,2,11,248,6,69,36,0,0.5,,0.8457,,44.5556,0,0,,
5811606,1998,14144,1996,"CN","",736270,2,8,585,1,19,7,0,1,,0.6122,,8,0,0,,
5811937,1998,14144,1996,"CN","",745852,2,5,315,4,42,17,0,0.7647,,0.3787,,20.1176,0,0,,
5812631,1998,14144,1997,"CN","",745891,3,33,378,4,44,3,1,1,0,0.4444,2,4.3333,0,0,0,0
5814488,1998,14151,1996,"CN","",746066,3,17,435,3,33,7,0,1,,0.2449,,20.8571,0,0,,
5814749,1998,14151,1997,"CN","",,1,16,84,6,69,2,1,1,0,0.5,1,2.5,,,,
5817322,1998,14158,1996,"CN","",,1,8,424,3,31,8,0,1,,0.4688,,12.25,,,,
5817616,1998,14158,1997,"CN","",746374,3,23,512,1,19,0,0,,,,,,,,,
5817902,1998,14158,1996,"CN","",102305,3,11,585,1,19,10,0,1,,0.64,,8.3,0,0,,
5828590,1998,14179,1996,"CN","",596760,3,10,708,2,22,5,2,1,0.5,0.32,1,7.4,0,0,0,0
5831349,1998,14186,1997,"CN","",,1,21,307,4,49,1,0,1,,0,,11,,,,
5833686,1998,14193,1997,"CN","",,1,20,606,3,32,2,0,1,,0,,20,,,,
5833856,1998,14193,1997,"CN","",747837,3,8,210,1,19,15,0,1,,0.1244,,5.8667,0,0,,
5834253,1998,14193,1996,"CN","",508015,3,23,435,3,33,0,0,,,,,,,,,
5834394,1998,14193,1997,"CN","",102305,3,14,502,1,19,6,0,1,,0.4444,,7.1667,0.1667,0.1667,,
5838392,1998,14200,1998,"CN","",596760,3,8,348,4,49,11,0,1,,0.2975,,1.0909,0.0909,0.0909,,
5846507,1998,14221,1996,"CN","",748937,3,19,423,1,19,6,0,0.8333,,0,,23.6667,0,0,,
5846975,1998,14221,1996,"CN","",748970,3,22,514,3,31,2,0,1,,0.5,,13,0,0,,
5849060,1998,14228,1996,"CN","",749148,3,4,71,1,11,1,0,1,,0,,9,0,0,,
5849882,1998,14228,1996,"CN","",749191,2,14,530,1,15,1,0,1,,0,,10,0,0,,
5853810,1998,14242,1997,"CN","",749556,3,9,427,1,12,12,0,1,,0.7778,,11.3333,0,0,,
5863308,1999,14270,1997,"CN","",409000,2,,51,5,59,21,0,0.8571,,0.4938,,15.0476,0.4118,0.3333,,
5864372,1999,14270,1996,"CN","",596760,3,,348,4,49,5,0,1,,0,,2,0.2,0.2,,
5866160,1999,14277,1996,"CN","",750671,3,,424,3,31,1,0,1,,0,,15,0,0,,
5867456,1999,14277,1997,"CN","",703520,3,,369,2,24,1,0,1,,0,,4,0,0,,
5867948,1999,14284,1996,"CN","",,1,,52,6,69,12,0,0.8333,,0.56,,23.6667,,,,
5869021,1999,14284,1995,"CN","",102305,3,,423,1,19,14,0,1,,0.6939,,17.7857,0,0,,
5869089,1999,14284,1997,"CN","",750921,2,,424,3,31,4,0,1,,0,,9.75,0,0,,
5869406,1999,14284,1995,"CN","",713567,3,,438,4,46,19,0,1,,0.4211,,7.2632,0,0,,
5871482,1999,14291,1997,"CN","",,1,,606,3,32,2,0,1,,0,,15,,,,
5872248,1999,14291,1997,"CN","",91680,2,,540,1,14,4,0,1,,0.375,,6,0,0,,
5873063,1999,14291,1997,"CN","",596760,3,,704,2,22,2,0,1,,0.5,,3,0,0,,
5876360,1999,14305,1996,"CN","",,1,,601,3,32,3,0,1,,0.4444,,22.3333,,,,
5882745,1999,14319,1997,"CN","",752095,3,,428,6,69,3,1,1,0,0.6667,0,8,0,0,0,0
5883014,1999,14319,1997,"CN","",596760,3,,438,4,46,11,1,1,0,0.4959,0,2.9091,0,0,0,0
5884777,1999,14326,1997,"CN","",752250,3,,210,1,19,19,0,0.8947,,0.4844,,27.1579,0,0,,
5885199,1999,14326,1997,"CN","",,1,,483,5,59,8,0,1,,0.375,,9.75,,,,
5885483,1999,14326,1996,"CN","",,1,,252,1,19,3,0,1,,0,,16,,,,
5886207,1999,14326,1995,"CN","",752373,3,,558,1,14,6,0,1,,0.6111,,15.3333,0,0,,
5886271,1999,14326,1997,"CN","",752378,3,,84,6,69,3,0,1,,0,,13.3333,0,0,,
5890486,1999,14340,1998,"CN","",454215,2,,128,3,32,13,0,1,,0.568,,5.8462,0,0,,
5891181,1999,14340,1997,"CN","",,1,,607,3,32,2,0,1,,0.5,,1,,,,
5894346,1999,14347,1997,"CN","",753036,3,,356,4,43,5,0,1,,0.32,,13.2,0,0,,
5896282,1999,14354,1997,"CN","",753203,3,,363,4,45,8,0,1,,0.4063,,15.5,0,0,,
5901082,1999,14368,1998,"CN","",691888,3,,365,2,24,1,0,1,,0,,6,0,0,,
5904176,1999,14382,1997,"CN","",767427,2,,137,6,69,26,0,0.8462,,0.6488,,23.2692,0,0,,
5904700,1999,14382,1997,"CN","",,1,,606,3,32,4,0,1,,0.625,,1,,,,
5908628,1999,14396,1998,"CN","",,1,,424,3,31,4,0,1,,0.375,,3,,,,
5908715,1999,14396,1997,"CN","",722132,2,,429,4,45,5,0,1,,0,,5.6,0,0,,
5910140,1999,14403,1994,"CN","",210615,3,,606,3,32,6,0,1,,0.6111,,8.5,0,0,,
5910285,1999,14403,1998,"CN","",,1,,420,5,52,2,0,1,,0.5,,18.5,,,,
5911432,1999,14410,1997,"CN","",743193,3,,280,5,55,7,0,0.8571,,0.2778,,19,0,0,,
5911993,1999,14410,1997,"CN","",,1,,424,3,31,0,0,,,,,,,,,
5914290,1999,14417,1997,"CN","",102305,3,,502,1,19,2,0,1,,0,,21.5,0,0,,
5915853,1999,14424,1995,"CN","",387540,2,,40,6,69,15,0,0.5333,,0.75,,42.5333,0,0,,
5917096,1999,14424,1997,"CN","",755164,3,,568,1,14,2,0,1,,0.5,,18.5,0,0,,
5918702,1999,14431,1997,"CN","",,1,,184,5,59,9,0,0.7778,,0.4082,,20.6667,,,,
5921421,1999,14438,1997,"CN","",,1,,220,6,68,12,0,0.8333,,0.32,,23.9167,,,,
5924353,1999,14445,1996,"CN","",,1,,92,5,53,12,0,0.5833,,0.6122,,39.25,,,,
5925959,1999,14445,1997,"CN","",,5,,310,4,45,7,0,0.8571,,0.2778,,21.5714,,,,
5927117,1999,14452,1997,"CN","",708752,3,,72,5,52,5,0,1,,0.32,,5.4,0,0,,
5929084,1999,14452,1997,"CN","",756214,3,,514,3,31,5,0,1,,0.32,,6.6,0,0,,
5932979,1999,14459,1997,"CN","",,1,,318,4,45,13,0,1,,0.5207,,6.6154,,,,
5934218,1999,14466,1997,"CN","",,1,,114,5,55,8,0,0.875,,0,,13.75,,,,
5934229,1999,14466,1998,"CN","",756630,3,,123,5,53,9,0,1,,0.4938,,13.1111,0,0,,
5936171,1999,14466,1997,"CN","",,1,,84,6,69,6,0,1,,0,,10.1667,,,,
5940039,1999,14473,1997,"CN","",,1,,343,2,21,7,0,1,,0.5714,,3.4286,,,,
5940417,1999,14473,1995,"CN","",708028,3,,372,4,42,5,0,1,,0.72,,16.4,0,0,,
5948721,1999,14494,1996,"CN","",102305,3,,502,1,19,14,1,1,0,0.4082,2,14.0714,0,0,1,1
5950855,1999,14501,1997,"CN","",,1,,220,6,68,8,0,0.875,,0.5714,,23.125,,,,
5951928,1999,14501,1997,"CN","",692562,3,,264,5,51,8,0,1,,0.375,,5.25,0.125,0.125,,
5951963,1999,14501,1998,"CN","",102305,3,,423,1,19,19,0,1,,0.6537,,11.3158,0.0526,0.0526,,
5951966,1999,14501,1997,"CN","",,1,,424,3,31,4,0,0.75,,0.4444,,18.5,,,,
5953831,1999,14508,1997,"CN","",758366,3,,34,1,19,3,0,1,,0,,8.6667,0,0,,
5954117,1999,14508,1998,"CN","",707904,3,,164,5,52,12,0,1,,0.2917,,14.75,0,0,,
5954944,1999,14508,1997,"CN","",701043,3,,208,1,19,41,0,0.9756,,0.495,,16.3902,0,0,,
5955510,1999,14508,1996,"CN","",,1,,521,1,15,4,0,1,,0.5,,27.75,,,,
5957045,1999,14515,1998,"CN","",43415,3,,99,6,61,14,0,0.3571,,0.32,,67.6429,0,0,,
5957197,1999,14515,1997,"CN","",739037,3,,166,6,64,9,0,0.7778,,0.6122,,15.7778,0,0,,
5958232,1999,14515,1997,"CN","",,1,,210,1,19,6,0,1,,0,,8.5,,,,
5962367,1999,14522,1997,"CN","",759132,3,,502,1,19,15,0,1,,0.24,,14.8667,0,0,,
5964524,1999,14529,1998,"CN","",469050,2,,362,4,42,11,0,0.7273,,0.75,,29.9091,0,0,,
5966040,1999,14529,1997,"CN","",596760,3,,327,4,41,2,0,1,,0.5,,2,0,0,,
5967432,1999,14536,1997,"CN","",,1,,241,5,51,8,0,1,,0.375,,11.75,,,,
5967967,1999,14536,1997,"CN","",,1,,600,3,32,3,0,0,,,,85,,,,
5968940,1999,14536,1996,"CN","",686603,3,,514,3,31,18,0,1,,0.7469,,14.0556,0,0,,
5968973,1999,14536,1998,"CN","",744469,3,,514,3,31,7,0,1,,0.5714,,4,0.1429,0.1429,,
5970387,1999,14536,1996,"CN","",,1,,455,2,21,9,0,1,,0.7407,,6.2222,,,,
5970812,1999,14543,1997,"CN","",,5,,74,5,59,3,0,1,,0.4444,,8,,,,
5972832,1999,14543,1997,"CN","",693971,3,,502,1,19,23,0,0.9565,,0.4959,,16,0,0,,
5975785,1999,14550,1997,"CN","",736775,3,,402,5,59,3,0,1,,0,,6.3333,1,0.3333,,
5976642,1999,14550,1997,"CN","",,1,,428,6,69,3,0,1,,0.4444,,6,,,,
5979076,1999,14557,1997,"CN","",,1,,36,6,63,13,0,0.6154,,0.2188,,28.6923,,,,
5983530,1999,14564,1998,"CN","",,1,,36,6,63,4,0,1,,0,,4,,,,
5984491,1999,14564,1997,"CN","",761060,2,,362,4,42,2,0,1,,0,,2,0,0,,
5985394,1999,14564,1997,"CN","",761148,3,,428,6,69,3,0,0.6667,,0,,15.6667,0,0,,
5986822,1999,14564,1997,"CN","",,1,,359,5,54,10,0,0.5,,0,,39.5,,,,
5988670,1999,14571,1996,"CN","",743193,3,,280,5,55,21,0,0.9524,,0.27,,13.9524,0,0,,
5989144,1999,14571,1997,"CN","",,1,,475,5,53,11,0,0.8182,,0.4938,,20.3636,,,,
5990216,1999,14571,1997,"CN","",761575,3,,524,1,15,0,0,,,,,,,,,
5992149,1999,14578,1997,"CN","",761747,3,,60,4,45,5,0,1,,0.8,,15.8,0,0,,
5995934,1999,14578,1998,"CN","",280070,2,,704,2,22,3,0,1,,0,,0.6667,0,0,,
5997540,1999,14585,1997,"CN","",723799,2,,606,3,32,5,0,1,,0,,14.8,0.3333,0.2,,
5999602,1999,14585,1998,"CN","",712131,3,,379,2,21,2,0,1,,0.5,,7.5,0,0,,
5999643,1999,14585,1998,"CN","",691888,3,,382,2,22,5,0,1,,0.64,,1.2,0,0,,
6001510,1999,14592,1997,"CN","",,1,,430,1,19,7,0,1,,0.6939,,13.4286,,,,
6003526,1999,14599,1997,"CN","",558655,3,,134,6,69,10,0,1,,0.74,,3.5,0,0,,
6004454,1999,14599,1998,"CN","",102305,3,,208,1,19,14,0,1,,0.3367,,13.2143,0.0833,0.0714,,
6004943,1999,14599,1996,"CN","",762841,3,,514,3,31,16,0,1,,0.8516,,5.5,0,0,,
6006406,1999,14606,1999,"CN","",762988,3,,24,6,63,8,0,0.625,,0.56,,35.5,0,0,,
6007822,1999,14606,1998,"CN","",763142,3,,424,3,31,2,0,1,,0,,12,0,0,,
