5224827,1993,12240,1992,"ID","",693224,3,10,53,6,68,6,0,1,,0.5,,9,0,0,,
5224911,1993,12240,1992,"ID","",693224,3,11,53,6,68,5,3,0.8,0,0.375,3,25,0,0,0,0
5255970,1993,12352,1992,"ID","",,1,9,312,6,65,10,3,0.6,0.6667,0,4.6667,43,,,,
5267622,1993,12394,1992,"ID","",,1,17,175,6,64,3,0,0.6667,,0,,17.3333,,,,
5279312,1994,12436,1991,"ID","",686378,3,11,131,6,61,2,0,1,,0,,5,0,0,,
5292433,1994,12485,1992,"ID","",,1,14,210,1,19,15,0,1,,0.6044,,15.8,,,,
5314062,1994,12562,1991,"ID","",686378,3,11,206,6,68,4,6,1,0,0,5,8,0,0,0,0
5322425,1994,12590,1992,"ID","",,1,8,418,5,53,19,0,1,,0.5263,,17.8947,,,,
5323791,1994,12597,1992,"ID","",686378,3,10,131,6,61,2,0,1,,0,,5,0,0,,
5329998,1994,12618,1992,"ID","",238325,2,21,166,6,64,4,3,1,0,0,3.3333,8.25,0,0,0,0
5335723,1994,12639,1993,"ID","",43435,2,9,166,6,64,3,0,1,,0,,25.3333,0,0,,
5357482,1994,12709,1991,"ID","",595450,2,21,367,2,21,15,1,1,0,0.6489,4,6.9333,0.0667,0.0667,0,0
5373899,1994,12772,1993,"ID","",595450,2,23,166,6,64,23,2,0.8261,0,0,2.5,16.7826,0.0526,0.0435,0,0
5380963,1995,12793,1993,"ID","",,1,3,200,4,41,9,0,1,,0.6173,,14,,,,
5414205,1995,12912,1993,"ID","",,5,14,588,1,19,9,3,1,0,0.7901,2.3333,6.7778,,,,
5433805,1995,12982,1994,"ID","",,1,17,156,1,19,6,0,0.6667,,0.75,,29.6667,,,,
5462070,1995,13087,1994,"ID","",715591,3,5,131,6,61,10,0,0.7,,0,,27.7,0,0,,
5560828,1996,13423,1994,"ID","",635285,3,15,210,1,19,9,1,1,0,0.5185,2,7.1111,0.1111,0.1111,0,0
