5609487,1997,13584,1995,"ID","",728509,3,5,434,6,69,7,0,1,,0.6122,,8.5714,0,0,,
5625119,1997,13633,1995,"ID","",729795,3,16,588,1,19,12,2,1,0.5,0.7361,1.5,9.6667,0,0,1,0.5
5657556,1997,13745,1996,"ID","",326805,2,9,36,6,63,26,0,0.9231,,0.1563,,19.8077,0,0,,
5662026,1997,13759,1995,"ID","",732983,3,21,99,6,61,10,0,0.4,,0.625,,40.3,0,0,,
5672250,1997,13787,1995,"ID","",,1,8,202,1,19,16,0,0.9375,,0.6311,,22.375,,,,
5722494,1998,13941,1995,"ID","",595450,2,33,175,6,64,19,0,0.8947,,0.6505,,16.3684,0,0,,
5744691,1998,13997,1996,"ID","",729795,3,13,588,1,19,13,0,1,,0.7101,,9.9231,0.0909,0.0769,,
5809712,1998,14144,1997,"ID","",,1,7,52,6,69,4,0,1,,0,,22.5,,,,
5881399,1999,14319,1996,"ID","",26610,2,,4,6,65,2,0,0.5,,0,,23,0,0,,
5930646,1999,14452,1998,"ID","",688372,3,,438,4,46,14,0,1,,0.2449,,2.7143,0.0714,0.0714,,
5963862,1999,14522,1996,"ID","",759208,3,,455,2,21,16,0,1,,0.6719,,6,0,0,,
5971069,1999,14543,1997,"ID","",569900,2,,166,6,64,5,0,1,,0,,10.8,0,0,,
5992671,1999,14578,1998,"ID","",761799,3,,220,6,68,12,0,0.8333,,0.72,,15.25,0,0,,
