3688394,1972,4631,1971,"ID","",601715,2,,29,5,52,,0,,,,,,,,,
3705848,1972,4729,1970,"ID","",,1,,204,1,19,,1,,0,,3,,,,,
3745473,1973,4939,1971,"ID","",601715,2,,327,4,41,,4,,0.625,,5.75,,,,0.25,0.25
3750630,1973,4967,1971,"ID","",,1,,60,4,45,,2,,0.5,,16,,,,,
3750661,1973,4967,1970,"ID","",,1,,128,3,32,,1,,0,,27,,,,,
3775081,1973,5079,1971,"ID","",601715,2,,65,5,51,,4,,0.375,,15.75,,,,0,0
3775131,1973,5079,1971,"ID","",413975,3,,430,1,19,,3,,0.4444,,13.6667,,,,0,0
3775619,1973,5079,1971,"ID","",395925,3,,250,4,44,,1,,0,,3,,,,0,0
3791136,1974,5156,1971,"ID","",601715,2,,60,4,45,,1,,0,,3,,,,0,0
3794502,1974,5170,1971,"ID","",601715,2,,501,1,19,,8,,0.4688,,10.875,,,,0.25,0.25
3796782,1974,5184,1971,"ID","",601715,2,,264,5,51,,1,,0,,8,,,,0,0
3813340,1974,5261,1971,"ID","",601715,2,,117,1,19,,9,,0.6667,,15.7778,,,,0,0
3834851,1974,5366,1972,"ID","",259870,3,,425,5,51,,0,,,,,,,,,
3835551,1974,5373,1973,"ID","",601715,2,,34,1,19,,2,,0,,17,,,,0,0
3838976,1974,5387,1971,"ID","",540065,3,,422,1,19,,4,,0.75,,16.25,,,,0,0
3852281,1974,5450,1971,"ID","",319200,3,,540,1,14,,7,,0,,3,,,,0,0
3958063,1976,5982,1974,"ID","",,1,2,428,6,69,4,3,0.25,0.4444,0,11,26.25,,,,
3975941,1976,6080,1975,"ID","",465870,2,3,73,4,43,3,0,0.6667,,0.5,,17.6667,0,0,,
