4813816,1989,10672,1987,"ID","",,1,14,405,6,64,13,3,0.4615,0,0.7222,8.3333,33,,,,
4866355,1989,10847,1988,"ID","",,1,8,318,4,45,6,2,0.6667,0,0.625,6,23.3333,,,,
4883133,1989,10924,1988,"ID","",,1,20,175,6,64,8,4,0.25,0.375,0,3.5,40.875,,,,
4889451,1989,10952,1987,"ID","",,1,6,405,6,64,12,2,0.3333,0,0.75,9,36.1667,,,,
4912332,1990,11043,1988,"ID","",471585,2,17,250,4,44,17,4,0.8824,0.625,0.5156,7.25,13.3529,0,0,0,0
4941967,1990,11155,1987,"ID","",313625,3,11,208,1,19,15,5,0.8,0.48,0.1528,6.6,20.2667,0,0,0,0
4942924,1990,11162,1989,"ID","",,1,10,166,6,64,8,10,0.75,0.18,0,5.1,17.5,,,,
5024590,1991,11491,1989,"ID","",,1,4,418,5,53,12,2,1,0,0.5417,2.5,18.25,,,,
5067883,1991,11652,1990,"ID","",,1,1,418,5,53,6,2,1,0,0,2.5,17.8333,,,,
5120099,1992,11848,1991,"ID","",,1,15,294,5,59,21,1,0.8571,0,0.6481,6,21.4762,,,,
5120538,1992,11848,1990,"ID","",683251,3,14,424,3,31,2,5,1,0.48,0.5,5.2,2.5,0,0,0,0
5125399,1992,11869,1991,"ID","",,1,12,601,3,32,5,0,0.6,,0.6667,,27.8,,,,
5141419,1992,11925,1991,"ID","",,1,1,418,5,53,7,0,1,,0,,16.2857,,,,
5142499,1992,11925,1991,"ID","",,1,12,367,2,21,10,3,0.9,0.4444,0.4444,1.3333,10.4,,,,
5152737,1992,11967,1992,"ID","",686378,3,4,493,5,51,10,1,0.9,0,0.642,6,6.4,0,0,0,0
5155165,1992,11974,1990,"ID","",133390,3,35,524,1,15,3,1,1,0,0.6667,6,7.6667,0,0,1,1
5161625,1992,12002,1992,"ID","",687229,3,12,173,5,51,4,0,1,,0.625,,10.75,0,0,,
