5577948,1996,13479,1995,"BY","",705373,2,22,451,5,51,50,8,0.76,0,0.7645,2.125,19.98,0.0313,0.02,0.25,0.25
5580825,1996,13486,1993,"BY","",726151,2,4,438,4,46,11,8,1,0.2188,0.8099,3,14.9091,0,0,0,0
5643343,1997,13696,1994,"BY","",,1,15,51,5,59,15,2,1,0.5,0.8267,2.5,6.9333,,,,
5668719,1997,13773,1995,"BY","",592270,2,20,702,2,22,8,5,1,0.72,0.6563,1.8,11.375,0,0,0,0
5711773,1998,13906,1997,"BY","",737271,3,32,51,5,59,18,0,1,,0.8148,,7.6111,0,0,,
5736087,1998,13976,1996,"BY","",739429,3,8,264,5,51,25,0,0.28,,0.7347,,49.92,0,0,,
5741983,1998,13990,1996,"BY","",739909,2,15,73,4,43,14,1,1,0,0.8265,1,12.5,0,0,0,0
5771821,1998,14060,1995,"BY","",742356,3,3,110,6,66,6,0,0.6667,,0.625,,26.6667,0,0,,
5780518,1998,14074,1995,"BY","",742356,3,1,521,1,15,3,0,0.3333,,0,,80.3333,0,0,,
5795523,1998,14109,1996,"BY","",739429,3,6,264,5,51,23,0,0.3043,,0.6939,,49.5652,0,0,,
5810126,1998,14144,1996,"BY","",705373,2,22,188,5,53,9,0,1,,0.8148,,14.6667,0,0,,
5868894,1999,14284,1997,"BY","",,1,,156,1,19,4,0,0.75,,0.6667,,33.25,,,,
5870893,1999,14291,1996,"BY","",,1,,60,4,45,6,0,0.8333,,0.32,,28.5,,,,
5880021,1999,14312,1996,"BY","",751863,2,,438,4,46,10,0,1,,0.8,,17.3,0,0,,
5885442,1999,14326,1996,"BY","",,5,,208,1,19,23,0,0.6957,,0.375,,24.5652,,,,
5974772,1999,14550,1998,"BY","",760202,3,,56,6,61,11,0,0.8182,,0.3704,,20.5455,0,0,,
