3663673,1972,4519,1969,"JM","",186590,2,,264,5,51,,2,,0.5,,6,,,,0,0
3679008,1972,4589,1970,"JM","",,1,,175,6,64,,0,,,,,,,,,
3690828,1972,4638,1970,"JM","",,1,,423,1,19,,5,,0.32,,7.4,,,,,
3705248,1972,4722,1970,"JM","",88550,2,,264,5,51,,8,,0.4688,,8.875,,,,0,0
3737276,1973,4904,1971,"JM","",88550,2,,425,5,51,,12,,0.5694,,10.1667,,,,0,0
3821271,1974,5292,1971,"JM","",254550,2,,558,1,14,,0,,,,,,,,,
3864090,1975,5513,1973,"JM","",,1,10,422,1,19,7,26,0,0.6864,,14.3462,40.5714,,,,
3871318,1975,5555,1973,"JM","",,1,7,114,5,55,7,2,0.4286,0,0,21,24.1429,,,,
3961704,1976,6003,1974,"JM","",304090,2,4,198,5,59,3,2,0,0,,14,23.6667,0,0,0,0
4017633,1977,6311,1976,"JM","",519195,2,12,514,3,31,3,2,1,0,0.4444,2,5,0,0,1,1
4040954,1977,6430,1976,"JM","",16920,3,7,210,1,19,16,9,0.8125,0.7407,0.3905,8.6667,13.5625,0,0,0,0
