5181412,1993,12079,1991,"AT","",,1,8,72,5,52,11,0,0.9091,,0.54,,22.2727,,,,
5181443,1993,12079,1991,"AT","",,1,16,83,5,51,4,1,1,0,0,5,11.25,,,,
5181772,1993,12079,1991,"AT","",18011,3,15,312,6,65,2,4,0.5,0,0,2.5,37.5,0,0,0,0
5182214,1993,12079,1990,"AT","",,1,6,436,1,19,1,2,1,0.5,0,5.5,7,,,,
5182383,1993,12079,1990,"AT","",64410,3,3,540,1,14,1,1,1,0,0,4,8,0,0,0,0
5182932,1993,12086,1991,"AT","",184980,3,17,72,5,52,11,2,1,0,0.562,2,12.6364,0.3333,0.0909,0,0
5182995,1993,12086,1992,"AT","",659573,3,11,104,5,55,5,0,1,,0.32,,11.6,0.3333,0.2,,
5183001,1993,12086,1991,"AT","",,1,9,114,5,55,6,1,1,0,0.2778,6,14.3333,,,,
5183164,1993,12086,1991,"AT","",689311,3,6,211,6,65,7,3,0.2857,0.4444,0,3.3333,54.2857,0,0,0,0
5183265,1993,12086,1991,"AT","",245100,3,17,473,6,62,9,5,0.8889,0,0,4,11.7778,0,0,0,0
5183640,1993,12086,1991,"AT","",120110,3,12,422,1,19,3,3,1,0,0.6667,3.3333,10.6667,0,0,0,0
5183666,1993,12086,1990,"AT","",684001,3,6,424,3,31,3,0,1,,0.6667,,6.6667,0,0,,
5183753,1993,12086,1991,"AT","",613475,3,5,435,3,33,4,4,1,0,0.375,3.5,4.75,0,0,0,0
5183911,1993,12086,1992,"AT","",686919,3,12,554,1,14,1,0,0,,,,35,0,0,,
5184379,1993,12093,1991,"AT","",334005,3,9,26,6,63,3,0,0.6667,,0.5,,25,0,0,,
5184512,1993,12093,1991,"AT","",,1,7,73,4,43,5,1,1,0,0,6,12,,,,
5184771,1993,12093,1991,"AT","",565195,3,29,229,6,68,14,10,1,0.56,0.6429,3,13.8571,0,0,0.3,0.3
5185263,1993,12093,1991,"AT","",683957,3,17,436,1,19,6,7,0.8333,0.4082,0.56,3.8571,21,0,0,0.1429,0.1429
5186188,1993,12100,1991,"AT","",,1,8,132,6,65,5,0,0.4,,0,,30.6,,,,
5186760,1993,12100,1991,"AT","",689658,3,6,134,6,69,12,4,1,0.375,0.5417,4.5,12.5,0,0,0,0
5186876,1993,12100,1991,"AT","",496635,3,17,264,5,51,4,4,1,0.625,0.625,4.75,10,0,0,0,0
5188158,1993,12107,1991,"AT","",689780,3,22,144,5,51,1,1,1,0,0,4,28,0,0,0,0
5188161,1993,12107,1991,"AT","",,1,15,160,6,69,3,1,0.3333,0,0,3,30.6667,,,,
5188388,1993,12107,1992,"AT","",605330,3,7,280,5,55,2,5,1,0,0.5,2.8,6.5,0,0,0.2,0.2
5188530,1993,12107,1991,"AT","",,1,14,433,3,39,4,3,0.75,0.4444,0.4444,5.6667,20.5,,,,
5188697,1993,12107,1991,"AT","",687857,3,9,156,1,19,9,2,0.8889,0,0.5625,5.5,17.2222,0,0,0,0
5188834,1993,12107,1990,"AT","",532435,3,7,424,3,31,9,7,1,0.7755,0.6667,5.2857,6.7778,0,0,0,0
5189085,1993,12107,1991,"AT","",100350,3,8,524,1,15,3,0,1,,0,,9,0,0,,
5189152,1993,12107,1991,"AT","",334005,3,12,536,1,14,5,6,1,0.7778,0.56,3.5,10.4,0,0,0.1667,0.1667
5189215,1993,12107,1991,"AT","",100350,3,11,562,1,14,1,0,1,,0,,13,0,0,,
5189544,1993,12107,1991,"AT","",512710,3,2,359,5,54,3,5,1,0.32,0,3.4,7.6667,0,0,0,0
5189903,1993,12114,1990,"AT","",686339,3,14,73,4,43,1,2,1,0,0,7,7,0,0,0,0
5189988,1993,12114,1991,"AT","",507610,3,26,122,6,66,5,3,1,0,0,4.3333,13.8,0,0,0,0
5190309,1993,12114,1991,"AT","",690199,3,4,280,5,55,2,2,1,0,0,3.5,2,0,0,0,0
5190719,1993,12114,1991,"AT","",613475,3,11,266,5,52,3,0,0.3333,,0,,27.3333,0,0,,
5191895,1993,12121,1989,"AT","",,1,6,600,3,32,4,1,1,0,0.375,4,7.25,,,,
5192090,1993,12121,1991,"AT","",690199,3,4,280,5,55,3,2,1,0,0,3.5,3,0,0,0,0
5193295,1993,12128,1991,"AT","",688877,3,6,37,6,64,4,0,1,,0.375,,23,0,0,,
5193378,1993,12128,1991,"AT","",184980,3,4,72,5,52,7,2,0.8571,0,0.5,3,19.2857,0,0,0,0
5193424,1993,12128,1991,"AT","",570780,3,3,83,5,51,10,3,0.7,0.4444,0.7347,3.6667,26.9,0,0,0.3333,0.3333
5193461,1993,12128,1991,"AT","",659573,3,14,104,5,55,5,4,1,0,0,4,4.4,0.8,0.8,1,1
5193545,1993,12128,1990,"AT","",683957,3,9,600,3,32,7,7,1,0.449,0.2449,5.5714,10.4286,0,0,0,0
5193604,1993,12128,1991,"AT","",,1,4,164,5,52,7,0,0.4286,,0,,38,,,,
5193656,1993,12128,1992,"AT","",686339,3,1,191,4,49,0,2,,0,,2.5,,,,0.5,0.5
5193769,1993,12128,1992,"AT","",251885,3,7,248,6,69,5,4,0.6,0.375,0,4.75,39.4,0,0,0,0
5193840,1993,12128,1991,"AT","",690199,3,4,280,5,55,3,1,1,0,0,3,3.6667,0,0,0,0
5193841,1993,12128,1990,"AT","",690199,3,21,280,5,55,13,4,1,0,0,2.75,8.7692,0,0,0.25,0.25
5194545,1993,12128,1991,"AT","",437020,3,3,526,1,15,14,0,1,,0.8265,,10.9286,0,0,,
5195994,1993,12135,1990,"AT","",,1,20,604,3,32,6,7,1,0.449,0.5,5.2857,6.6667,,,,
5196323,1993,12135,1991,"AT","",69975,3,8,435,3,33,4,1,1,0,0.75,3,8.25,0,0,1,1
5196478,1993,12135,1990,"AT","",690656,3,32,525,1,15,10,0,1,,0.86,,12,0,0,,
5196545,1993,12135,1991,"AT","",100350,3,3,548,1,14,3,1,0.6667,0,0,2,21.3333,0,0,1,1
5197752,1993,12142,1991,"AT","",690199,3,5,280,5,55,2,6,1,0,0,4.8333,2,0,0,0,0
5198636,1993,12142,1991,"AT","",496260,3,18,219,4,49,2,2,0.5,0,0,3,31.5,0,0,0.5,0.5
5199059,1993,12142,1991,"AT","",499111,2,4,378,4,44,6,0,1,,0,,11,0,0,,
5199176,1993,12149,1991,"AT","",659573,3,10,33,6,69,6,3,1,0.4444,0.6111,3,11,0.5,0.5,0.3333,0.3333
5199531,1993,12149,1991,"AT","",690936,3,10,187,5,55,5,1,0.4,0,0,3,48.4,0,0,0,0
5199734,1993,12149,1991,"AT","",245100,3,20,280,5,55,5,6,0.8,0,0.625,4.5,18.6,0,0,0,0
5199817,1993,12149,1992,"AT","",690966,2,9,405,6,64,9,0,0.8889,,0.2188,,17.1111,0,0,,
5199987,1993,12149,1991,"AT","",690982,3,9,106,1,12,4,3,1,0.6667,0.375,4,8,0,0,0,0
5200136,1993,12149,1991,"AT","",613475,3,16,266,5,52,3,1,1,0,0,2,7.6667,0,0,0,0
5200411,1993,12149,1991,"AT","",491585,3,7,514,3,31,0,1,,0,,2,,,,0,0
5201403,1993,12156,1992,"AT","",207575,3,11,198,5,59,10,17,1,0.8651,0.34,3.5294,11.3,0,0,0.0588,0.0588
5201483,1993,12156,1991,"AT","",707337,3,16,246,5,55,11,2,1,0.5,0.314,1.5,10.6364,0,0,0.5,0.5
5201545,1993,12156,1992,"AT","",182420,3,9,280,5,55,4,3,1,0.4444,0,2,13.25,0,0,0,0
5202478,1993,12156,1990,"AT","",100350,3,9,562,1,14,1,1,1,0,0,6,5,1,1,0,0
5202550,1993,12156,1992,"AT","",517215,3,16,235,5,59,8,4,1,0.375,0.6875,4,10,0,0,0,0
5202551,1993,12156,1991,"AT","",601715,2,21,235,5,59,11,10,1,0.32,0.5124,5,3.0909,0,0,0,0
5202621,1993,12156,1991,"AT","",512696,3,3,323,4,45,5,2,1,0.5,0.64,2.5,10.4,0,0,0,0
5203195,1993,12163,1991,"AT","",184980,3,18,72,5,52,4,3,1,0,0,3,12,0.5,0.25,0,0
5203439,1993,12163,1992,"AT","",545230,3,6,192,5,53,3,4,1,0.625,0,2.5,2.6667,0.6667,0.6667,0.25,0.25
5203659,1993,12163,1992,"AT","",172355,2,3,414,5,51,7,1,1,0,0.7347,4,12,0,0,0,0
5203662,1993,12163,1992,"AT","",659573,3,7,414,5,51,11,2,1,0,0.7438,5,10,0.2857,0.1818,1,1
5203996,1993,12163,1991,"AT","",356240,3,37,210,1,19,4,1,1,0,0,2,11,0.6667,0.5,0,0
5204679,1993,12163,1992,"AT","",512710,3,6,341,2,22,10,3,0.9,0,0,3.6667,11,0,0,0,0
5205026,1993,12170,1990,"AT","",,1,7,29,5,52,8,6,1,0.2778,0.7188,4.1667,5.5,,,,
5205049,1993,12170,1991,"AT","",485230,3,7,33,6,69,7,0,1,,0.6122,,10.5714,0,0,,
5205196,1993,12170,1991,"AT","",684267,3,10,83,5,51,3,2,1,0.5,0.4444,5,6.6667,0,0,0,0
5205218,1993,12170,1992,"AT","",659573,3,23,104,5,55,8,0,0.875,,0,,20.5,0.8333,0.625,,
5205342,1993,12170,1991,"AT","",613475,3,17,29,5,52,3,1,1,0,0.4444,2,8.6667,0,0,0,0
5205575,1993,12170,1990,"AT","",690199,3,5,280,5,55,4,2,1,0,0,5,6.25,0,0,0,0
5205654,1993,12170,1991,"AT","",691498,3,10,384,5,59,8,1,0.75,0,0.5,4,17.875,0,0,0,0
5206033,1993,12170,1988,"AT","",,1,9,425,5,51,1,0,1,,0,,6,,,,
5206066,1993,12170,1992,"AT","",100350,3,9,428,6,69,5,2,1,0,0.8,3.5,14,0,0,0,0
5206336,1993,12170,1991,"AT","",100350,3,5,528,1,15,3,0,1,,0,,6,0.3333,0.3333,,
5206420,1993,12170,1992,"AT","",237385,3,7,560,1,14,0,0,,,,,,,,,
5206708,1993,12170,1990,"AT","",,1,16,356,4,43,3,1,1,0,0,4,11.6667,,,,
5207445,1993,12177,1991,"AT","",690199,3,22,280,5,55,2,2,1,0,0,5.5,8.5,0,0,0,0
5207447,1993,12177,1991,"AT","",690199,3,9,280,5,55,2,0,1,,0,,10.5,0,0,,
5207526,1993,12177,1991,"AT","",298825,3,11,403,6,67,7,3,1,0.4444,0,4,5,0.5,0.4286,0.6667,0.6667
5207731,1993,12177,1992,"AT","",601715,2,10,30,6,65,8,1,1,0,0.2188,2,9.625,0.25,0.25,0,0
5207781,1993,12177,1992,"AT","",298825,3,105,312,6,65,10,3,0.5,0,0,1.6667,30.4,0.4,0.2,0.6667,0.6667
5209627,1993,12184,1991,"AT","",,1,20,414,5,51,9,4,0.8889,0.625,0.6563,4.75,15.4444,,,,
5209777,1993,12184,1991,"AT","",,1,10,106,1,12,2,5,1,0.56,0.5,5.2,15.5,,,,
5209780,1993,12184,1991,"AT","",,1,14,118,1,12,9,1,0.7778,0,0.449,4,17,,,,
5209956,1993,12184,1992,"AT","",156055,3,16,428,6,69,9,1,0.8889,0,0.4063,3,15.3333,0.4,0.2222,0,0
5211208,1993,12191,1991,"AT","",184980,3,9,140,5,52,6,1,0.8333,0,0,5,22,0.5,0.3333,0,0
5211350,1993,12191,1991,"AT","",184980,3,4,242,5,51,8,1,0.625,0,0.48,5,21.375,0,0,0,0
5211417,1993,12191,1991,"AT","",690199,3,36,280,5,55,7,1,1,0,0,4,12.1429,0,0,0,0
5211418,1993,12191,1991,"AT","",605330,3,37,280,5,55,3,16,0.6667,0,0,3.375,20.6667,0,0,0,0
5211503,1993,12191,1991,"AT","",173845,2,18,404,6,69,29,4,0.8966,0.625,0.5296,5.5,13.4828,0,0,0,0
5212539,1993,12191,1991,"AT","",692073,3,10,356,4,43,4,1,1,0,0.625,2,14.25,0,0,0,0
5213195,1993,12198,1992,"AT","",,1,4,198,5,59,18,4,0.9444,0,0.5882,2.75,10.1111,,,,
5213356,1993,12198,1991,"AT","",605330,3,28,280,5,55,5,3,1,0,0,5.6667,9.8,0,0,0,0
5213735,1993,12198,1991,"AT","",692229,3,6,264,5,51,3,0,1,,0.6667,,15,0,0,,
5213976,1993,12198,1991,"AT","",684001,3,7,435,3,33,8,4,0.875,0.625,0.6122,5.25,9.875,0,0,0,0
5214280,1993,12198,1992,"AT","",485230,3,10,250,4,44,2,15,1,0.5867,0.5,2.8,1.5,0,0,0,0
5214709,1993,12198,1991,"AT","",610925,3,7,381,4,49,4,12,0.75,0.1528,0,3.6667,14.25,0,0,0,0
5216144,1993,12205,1991,"AT","",334005,3,6,536,1,14,7,8,0.7143,0.6875,0.56,4.625,25.2857,0,0,0.5714,0.5
5216960,1993,12212,1992,"AT","",,1,9,83,5,51,6,0,1,,0,,13.6667,,,,
5217180,1993,12212,1991,"AT","",601715,2,16,242,5,51,4,2,0.75,0,0,2,17.75,0.3333,0.25,0,0
5217658,1993,12212,1991,"AT","",221000,3,1,264,5,51,8,0,0.875,,0.8163,,17.75,0,0,,
5217722,1993,12212,1992,"AT","",356240,3,30,425,5,51,18,0,0.7222,,0.7692,,24.0556,0,0,,
5217731,1993,12212,1991,"AT","",,5,7,425,5,51,3,2,1,0.5,0.4444,6,6.3333,,,,
5217780,1993,12212,1992,"AT","",,1,21,428,6,69,2,2,1,0,0.5,4.5,4.5,,,,
5217800,1993,12212,1991,"AT","",496635,3,31,428,6,69,2,6,1,0.6667,0.5,4.3333,18.5,0,0,0,0
5217875,1993,12212,1990,"AT","",48845,3,15,435,3,33,1,4,1,0,0,3.75,8,0,0,0,0
5219062,1993,12219,1991,"AT","",240625,3,15,198,5,59,7,0,0.8571,,0.6667,,21.4286,0,0,,
5219262,1993,12219,1991,"AT","",659573,3,7,414,5,51,9,2,0.7778,0,0.6122,6.5,13.5556,0.3333,0.1111,1,1
5219311,1993,12219,1992,"AT","",,1,14,450,6,63,6,2,0.8333,0,0,3,19.6667,,,,
5219386,1993,12219,1991,"AT","",692734,3,30,70,6,65,20,11,1,0.7107,0.785,4.5455,11,0,0,0,0
5219445,1993,12219,1991,"AT","",,1,22,362,4,42,5,2,0.4,0.5,0,3,37.2,,,,
5219843,1993,12219,1991,"AT","",491585,3,4,514,3,31,1,1,1,0,0,4,6,1,1,0,0
5220179,1993,12219,1991,"AT","",,5,12,250,4,44,2,2,1,0.5,0,4,16.5,,,,
5220836,1993,12226,1990,"AT","",48850,3,30,73,4,43,2,1,1,0,0,4,7,0,0,0,0
5221105,1993,12226,1991,"AT","",690199,3,10,280,5,55,3,7,0.6667,0.2449,0.5,4.5714,15.6667,0,0,0,0
5221134,1993,12226,1990,"AT","",230995,3,2,312,6,65,3,3,0.3333,0,0,3.3333,36.3333,0,0,0.6667,0.6667
5221172,1993,12226,1991,"AT","",659573,3,7,414,5,51,10,2,0.8,0,0.8125,6.5,17.2,0.6667,0.4,1,1
5221701,1993,12226,1992,"AT","",609790,3,7,523,1,15,2,0,1,,0.5,,5,0.5,0.5,,
5222043,1993,12226,1992,"AT","",512710,3,11,365,2,24,1,0,1,,0,,7,0,0,,
5222435,1993,12233,1992,"AT","",659573,3,9,104,5,55,9,5,1,0.72,0.1975,2.8,14.2222,0.5,0.2222,0.6,0.6
5222543,1993,12233,1991,"AT","",693015,3,19,164,5,52,11,4,0.9091,0.625,0.72,6.25,11.4545,0,0,0,0
5222791,1993,12233,1991,"AT","",298825,3,20,312,6,65,2,2,1,0.5,0,4,4,1,1,0,0
5223635,1993,12233,1991,"AT","",100350,3,9,558,1,14,6,0,1,,0.7222,,9.8333,0.3333,0.3333,,
5224530,1993,12240,1992,"AT","",632230,3,9,144,5,51,3,2,1,0,0.6667,3,10.3333,0,0,0,0
5225089,1993,12240,1990,"AT","",,1,21,210,1,19,6,9,1,0.5185,0.5,5.1111,9.5,,,,
5225527,1993,12240,1990,"AT","",693277,3,8,530,1,15,1,2,1,0,0,5,8,0,0,0,0
5226335,1993,12247,1991,"AT","",,1,6,83,5,51,2,5,1,0.32,0.5,3.6,12.5,,,,
5226881,1993,12247,1991,"AT","",,1,7,604,3,32,1,5,1,0,0,5,4,,,,
5226951,1993,12247,1992,"AT","",693433,3,8,75,5,52,3,0,1,,0.4444,,8,0,0,,
5227174,1993,12247,1991,"AT","",,1,8,425,5,51,5,6,0.4,0.4444,0.5,4.6667,34,,,,
5228350,1993,12254,1991,"AT","",683957,3,15,73,4,43,11,2,1,0.5,0.7438,4,8,0,0,0.5,0.5
5228490,1993,12254,1992,"AT","",,1,17,144,5,51,9,1,1,0,0.1975,2,5.3333,,,,
5228552,1993,12254,1992,"AT","",688877,3,8,198,5,59,6,0,0.8333,,0.48,,21.1667,0,0,,
5228629,1993,12254,1992,"AT","",,1,11,241,5,51,2,0,1,,0,,6.5,,,,
5229696,1993,12254,1991,"AT","",512710,3,13,318,4,45,22,0,0.9545,,0.4762,,11.1364,0,0,,
5231929,1993,12268,1991,"AT","",659573,3,5,104,5,55,8,3,1,0,0.375,2.6667,9.5,1,1,0.6667,0.6667
5232044,1993,12268,1991,"AT","",14645,3,8,164,5,52,3,0,1,,0.4444,,16.3333,0,0,,
5232302,1993,12268,1991,"AT","",690966,2,13,403,6,67,9,1,1,0,0.7901,6,13.7778,0,0,0,0
5232378,1993,12268,1992,"AT","",397680,3,5,439,4,41,4,3,0.75,0.4444,0,2.6667,26.5,0,0,0,0
5232464,1993,12268,1992,"AT","",418630,3,22,44,1,19,4,1,0.75,0,0,1,20.5,0,0,0,0
5232858,1993,12268,1992,"AT","",683957,3,11,436,1,19,2,3,1,0.6667,0.5,3,9,0,0,0.3333,0.3333
5232976,1993,12268,1992,"AT","",100350,3,7,524,1,15,5,5,1,0.72,0.72,3.8,14.6,0,0,0,0
5234200,1993,12275,1992,"AT","",613475,3,6,266,5,52,1,0,1,,0,,11,0,0,,
5234464,1993,12275,1990,"AT","",,5,5,8,1,11,7,2,1,0.5,0,3.5,10.1429,,,,
5234685,1993,12275,1989,"AT","",267885,3,5,424,3,31,2,0,1,,0.5,,11,0.5,0.5,,
5235571,1993,12275,1991,"AT","",601715,2,20,369,2,24,3,3,1,0.4444,0.4444,4.6667,9.6667,0,0,0,0
5236218,1993,12282,1992,"AT","",605330,3,5,280,5,55,7,1,0.8571,0,0,1,24,0,0,1,1
5236587,1993,12282,1991,"AT","",,1,14,210,1,19,6,0,0.3333,,0,,34.3333,,,,
5237053,1993,12282,1992,"AT","",267890,3,3,530,1,15,13,1,1,0,0.142,2,11.4615,0,0,0,0
5237716,1993,12289,1992,"AT","",,1,9,15,6,69,12,0,0.0833,,0,,66.9167,,,,
5237931,1993,12289,1992,"AT","",615895,3,13,104,5,55,14,4,0.9286,0.375,0.4615,3.75,15.8571,0,0,0,0
5237993,1993,12289,1991,"AT","",683957,3,11,600,3,32,9,1,1,0,0.6173,3,7.7778,0,0,0,0
5238015,1993,12289,1990,"AT","",,1,20,135,6,69,9,3,0.8889,0.4444,0.75,4.3333,20.3333,,,,
5238199,1993,12289,1991,"AT","",613475,3,12,242,5,51,5,1,0.6,0,0.4444,7,29,0,0,0,0
5238260,1993,12289,1992,"AT","",44090,3,34,280,5,55,4,6,0.75,0.4444,0,3.5,15.5,0,0,0.1667,0.1667
5238475,1993,12289,1992,"AT","",,1,12,55,1,13,3,0,0.3333,,0,,31,,,,
5238484,1993,12289,1991,"AT","",613475,3,22,75,5,52,2,4,1,0.625,0.5,4.5,9.5,0,0,0,0
5238501,1993,12289,1990,"AT","",356240,3,12,134,6,69,10,9,0.8,0.642,0.5625,4.2222,21.6,0,0,0,0
5238809,1993,12289,1991,"AT","",683957,3,16,435,3,33,2,1,1,0,0,4,7,0,0,0,0
5239730,1993,12296,1992,"AT","",230995,3,4,16,5,59,0,5,,0,,2.6,,,,0.5,0.4
5239738,1993,12296,1991,"AT","",,1,2,29,5,52,3,0,0.6667,,0.5,,25,,,,
5239876,1993,12296,1991,"AT","",684162,3,12,73,4,43,7,0,0.5714,,0.625,,28.8571,0,0,,
5239922,1993,12296,1991,"AT","",,1,22,101,6,69,2,2,1,0,0,4.5,12.5,,,,
5240247,1993,12296,1992,"AT","",694644,3,15,473,6,62,5,2,1,0,0,5.5,6.2,0,0,0,0
5241885,1993,12303,1992,"AT","",,1,7,83,5,51,6,5,0.6667,0.32,0,2.8,28.8333,,,,
5241934,1993,12303,1991,"AT","",,1,5,123,5,53,3,0,1,,0,,7,,,,
5242078,1993,12303,1992,"AT","",207575,3,6,220,6,68,7,1,1,0,0.6122,4,9.5714,0,0,0,0
5242118,1993,12303,1992,"AT","",545230,3,12,239,5,59,6,3,1,0,0.2778,5,6.6667,0.1667,0.1667,0.3333,0.3333
5242593,1993,12303,1991,"AT","",,1,19,210,1,19,5,9,1,0.6173,0.64,3.3333,6.2,,,,
5242756,1993,12303,1990,"AT","",254145,3,7,428,6,69,3,1,1,0,0.4444,2,10.3333,0,0,0,0
5243367,1993,12303,1991,"AT","",,1,4,351,3,39,3,1,1,0,0.6667,3,7.3333,,,,
5243844,1993,12310,1992,"AT","",,1,5,72,5,52,13,1,0.5385,0,0.5714,4,42.2308,,,,
5243847,1993,12310,1991,"AT","",48850,3,10,73,4,43,5,2,1,0,0,5.5,8.2,0,0,0,0
5243963,1993,12310,1992,"AT","",,5,44,126,6,66,12,5,0.9167,0.32,0.562,3.4,7.0833,,,,
5243982,1993,12310,1991,"AT","",683957,3,13,600,3,32,9,3,1,0.6667,0.4938,5.3333,6.4444,0,0,0,0
5244357,1993,12310,1992,"AT","",254340,3,10,417,5,53,8,0,0.875,,0.4082,,11.875,0.2857,0.25,,
5244549,1993,12310,1991,"AT","",695061,3,6,205,1,19,6,1,0.5,0,0.4444,3,30.5,0,0,1,1
5244999,1993,12310,1992,"AT","",437020,3,7,528,1,15,6,0,1,,0.7778,,12.5,0.2,0.1667,,
5245736,1993,12317,1992,"AT","",52295,3,29,29,5,52,2,7,1,0.8163,0.5,3,12,0,0,0.3333,0.2857
5246136,1993,12317,1992,"AT","",,1,12,221,5,51,6,7,0.6667,0.5714,0,4.1429,19.5,,,,
5246563,1993,12317,1992,"AT","",684162,3,12,205,1,19,3,1,1,0,0,1,3.6667,0,0,1,1
5246674,1993,12317,1991,"AT","",,5,11,422,1,19,5,6,0.8,0,0.625,4,15.2,,,,
5246742,1993,12317,1992,"AT","",499111,2,8,427,1,12,0,0,,,,,,,,,
5246846,1993,12317,1990,"AT","",,1,17,435,3,33,1,2,1,0,0,4,13,,,,
5246855,1993,12317,1991,"AT","",613525,3,14,435,3,33,10,0,0.9,,0.5926,,14.4,0,0,,
5247187,1993,12317,1992,"AT","",48850,3,11,250,4,44,2,0,1,,0.5,,6,0,0,,
5247680,1993,12317,1990,"AT","",601715,2,15,702,2,22,4,1,1,0,0.625,2,7.25,0,0,0,0
5247785,1993,12324,1992,"AT","",632230,3,9,56,6,61,2,1,1,0,0.5,5,13.5,0,0,0,0
5247834,1993,12324,1990,"AT","",48850,3,13,73,4,43,11,1,1,0,0,7,10.5455,0,0,0,0
5248185,1993,12324,1989,"AT","",496635,3,4,297,6,65,10,5,1,0.8,0.8,5.6,9,0,0,0,0
5248755,1993,12324,1992,"AT","",100350,3,10,558,1,14,10,0,0.8,,0.6875,,19.1,0.1429,0.1,,
5249819,1993,12331,1991,"AT","",245100,3,7,280,5,55,15,4,0.9333,0.375,0,4.75,19.0667,0.1,0.0667,0,0
5249951,1993,12331,1991,"AT","",174660,3,9,425,5,51,1,20,0,0.185,,3.9,70,0,0,0.4375,0.35
5249989,1993,12331,1991,"AT","",,5,20,439,4,41,4,3,1,0.4444,0,5,9.25,,,,
5250048,1993,12331,1992,"AT","",,1,16,606,3,32,8,3,0.625,0,0.48,3.6667,24.625,,,,
5250799,1993,12331,1992,"AT","",641330,3,15,250,4,44,7,4,1,0.625,0.4898,3.75,11.4286,0,0,0,0
5251141,1993,12331,1990,"AT","",,1,11,700,2,22,7,1,1,0,0.6939,5,5,,,,
5251283,1993,12331,1989,"AT","",601715,2,3,704,2,22,7,1,1,0,0.2449,8,6.5714,0,0,0,0
5251689,1993,12338,1991,"AT","",695661,3,7,165,6,66,13,5,0.9231,0.64,0.625,3,13.3846,0,0,0,0
5251924,1993,12338,1993,"AT","",695686,3,14,280,5,55,7,4,1,0,0,2.25,5.7143,0,0,0,0
5251977,1993,12338,1992,"AT","",,5,11,366,1,19,8,2,0.75,0,0.6667,3,19.875,,,,
5251987,1993,12338,1992,"AT","",695693,3,9,384,5,59,6,1,0,0,,5,60.3333,0,0,0,0
5252284,1993,12338,1992,"AT","",334005,3,7,264,5,51,7,15,0.8571,0.2311,0.5,2.8667,19.4286,0,0,0.4667,0.4667
5252377,1993,12338,1992,"AT","",156055,3,9,428,6,69,4,1,1,0,0,3,6,0.5,0.25,0,0
5252649,1993,12338,1992,"AT","",504800,3,22,524,1,15,1,2,1,0,0,3,7,0,0,0,0
5253430,1993,12345,1991,"AT","",485230,3,5,33,6,69,6,0,1,,0,,7.6667,0,0,,
5253495,1993,12345,1992,"AT","",,1,17,68,6,63,7,1,0.4286,0,0.6667,2,40.8571,,,,
5253685,1993,12345,1992,"AT","",,1,10,144,5,51,6,1,1,0,0.4444,4,6.5,,,,
5253743,1993,12345,1992,"AT","",207575,3,8,198,5,59,5,14,0.8,0.8673,0.375,2.6429,12.8,0,0,0,0
5253783,1993,12345,1992,"AT","",316476,3,11,221,5,51,5,0,0.4,,0,,27,0,0,,
5253830,1993,12345,1992,"AT","",707337,3,7,246,5,55,5,2,0.6,0,0.4444,3.5,27.2,0,0,0,0
5253897,1993,12345,1991,"AT","",,1,5,281,6,69,2,0,0,,,,71,,,,
5254300,1993,12345,1991,"AT","",616080,3,6,264,5,51,5,1,1,0,0.64,6,7.4,0,0,0,0
5254532,1993,12345,1992,"AT","",267885,3,7,514,3,31,0,1,,0,,3,,,,0,0
5254574,1993,12345,1991,"AT","",100670,3,6,514,3,31,2,0,1,,0,,4,0,0,,
5255285,1993,12345,1991,"AT","",613475,3,4,373,6,66,11,0,0.8182,,0.1975,,18.9091,0,0,,
5255320,1993,12345,1991,"AT","",610925,3,9,381,4,49,4,2,1,0,0,4,12.75,0,0,0,0
5255432,1993,12352,1992,"AT","",688880,3,2,29,5,52,6,0,0.6667,,0,,22.1667,0,0,,
5255517,1993,12352,1992,"AT","",,1,7,60,4,45,10,1,0.6,0,0.7222,5,26.2,,,,
5255539,1993,12352,1992,"AT","",,1,19,68,6,63,6,3,0.5,0.4444,0.4444,2.6667,28.8333,,,,
5256957,1993,12352,1990,"AT","",,1,16,320,4,45,11,2,1,0,0.2975,2.5,9.2727,,,,
5257579,1993,12359,1991,"AT","",659573,3,4,104,5,55,6,2,1,0.5,0,4,11.1667,1,1,1,1
5257580,1993,12359,1992,"AT","",659573,3,10,104,5,55,8,5,1,0.64,0.7188,2.8,9.25,0.75,0.75,1,1
5257712,1993,12359,1992,"AT","",570780,3,8,226,5,51,6,0,1,,0.6111,,11.3333,0,0,,
5257798,1993,12359,1992,"AT","",690199,3,4,280,5,55,4,2,1,0,0,1,5,0,0,0,0
5258926,1993,12359,1991,"AT","",183610,3,4,250,4,44,11,0,1,,0.4463,,6.7273,0,0,,
5259017,1993,12359,1991,"AT","",512710,3,14,455,2,21,4,11,1,0.6446,0.5,4.4545,2.5,0,0,0,0
5259315,1993,12366,1992,"AT","",696341,3,16,102,1,19,5,0,0.6,,0.4444,,28.6,0,0,,
5259540,1993,12366,1992,"AT","",517215,3,13,224,6,68,28,1,0.6429,0,0.7407,3,29.3214,0,0,0,0
5259591,1993,12366,1992,"AT","",613475,3,1,266,5,52,4,0,1,,0,,7.25,0,0,,
5259594,1993,12366,1991,"AT","",696378,3,15,266,5,52,1,0,1,,0,,17,0,0,,
5259743,1993,12366,1991,"AT","",696392,3,6,425,5,51,11,0,0.0909,,0,,41.1818,0,0,,
5260304,1993,12366,1992,"AT","",,1,16,514,3,31,2,4,1,0.5,0,3.5,5,,,,
5261484,1993,12373,1992,"AT","",493090,3,17,165,6,66,6,0,0.8333,,0.64,,22.8333,0,0,,
5261688,1993,12373,1991,"AT","",605330,3,11,280,5,55,3,1,1,0,0.4444,2,11,1,0.3333,1,1
5261919,1993,12373,1992,"AT","",601715,2,6,606,3,32,3,2,1,0,0,3.5,1.6667,1,1,0,0
5262619,1993,12373,1992,"AT","",696632,3,2,392,4,41,8,1,1,0,0.5625,3,5,0,0,0,0
5263089,1993,12373,1991,"AT","",610925,3,3,381,4,49,2,1,1,0,0.5,1,15.5,0,0,0,0
5263266,1993,12380,1990,"AT","",696708,3,26,34,1,19,2,4,1,0.75,0,5.5,16,0,0,0,0
5263562,1993,12380,1990,"AT","",696739,3,5,191,4,49,9,2,0.4444,0,0.5,6.5,33.1111,0,0,0,0
5263788,1993,12380,1992,"AT","",156055,3,8,403,6,67,9,2,0.6667,0.5,0.7222,4,26.1111,0,0,0,0
5264102,1993,12380,1991,"AT","",696801,3,2,204,1,19,6,1,1,0,0,6,10.5,0,0,0,0
5264497,1993,12380,1991,"AT","",609790,3,12,525,1,15,2,2,1,0,0,4.5,2.5,0.5,0.5,0,0
5264979,1993,12380,1992,"AT","",144635,3,8,360,2,24,10,4,1,0.5,0,3.5,8,0,0,0.25,0.25
5264999,1993,12380,1991,"AT","",641330,3,8,362,4,42,3,1,1,0,0,3,6,0,0,0,0
5265843,1993,12387,1992,"AT","",683957,3,13,251,5,53,2,5,1,0.8,0.5,3.2,24.5,0,0,0,0
5265953,1993,12387,1990,"AT","",298825,3,50,312,6,65,22,1,0.7727,0,0.7682,5,17.5,0.3077,0.1818,1,1
5266180,1993,12387,1992,"AT","",683957,3,7,204,1,19,2,1,1,0,0.5,4,19,0,0,0,0
5266310,1993,12387,1991,"AT","",69975,3,48,424,3,31,1,3,1,0.4444,0,4.3333,7,0,0,0,0
5267014,1993,12387,1992,"AT","",69830,3,22,356,4,43,7,5,1,0.32,0.449,3.4,10.4286,0,0,0,0
5267079,1993,12387,1992,"AT","",156055,3,2,359,5,54,2,5,1,0,0,4,14.5,0.5,0.5,0,0
5268010,1993,12394,1991,"AT","",,1,13,96,1,13,5,1,0,0,,5,59.4,,,,
5268035,1993,12394,1991,"AT","",12305,3,19,134,6,69,4,6,0.75,0.5,0,3.8333,17,0,0,0,0
5268036,1993,12394,1991,"AT","",12305,3,20,134,6,69,6,6,0.8333,0.2778,0,3.6667,11.8333,0,0,0,0
5268188,1993,12394,1992,"AT","",697203,3,12,426,6,61,4,2,1,0.5,0.375,3,8.25,0,0,0,0
5269075,1993,12401,1992,"AT","",550065,3,18,34,1,19,1,3,1,0,0,3.6667,2,0,0,0,0
5269226,1993,12401,1992,"AT","",659573,3,8,104,5,55,5,1,1,0,0,4,9.8,1,0.8,1,1
5269751,1993,12401,1992,"AT","",,1,6,604,3,32,7,8,1,0.4688,0.4082,4.5,7.5714,,,,
5269894,1993,12401,1992,"AT","",52295,3,9,204,1,19,2,5,1,0.56,0,3.2,2,0,0,0.2,0.2
5270008,1993,12401,1992,"AT","",683957,3,6,422,1,19,1,0,1,,0,,2,0,0,,
5270527,1993,12401,1992,"AT","",700173,3,17,250,4,44,2,1,1,0,0,5,4.5,0,0,0,0
5270743,1993,12401,1992,"AT","",514105,3,10,351,3,39,6,3,0.3333,0,0,4.6667,29.8333,0,0,0,0
5271059,1993,12401,1991,"AT","",512710,3,11,379,2,21,5,3,1,0.4444,0,2.3333,6.8,0,0,0.5,0.3333
5271139,1993,12408,1992,"AT","",,1,21,29,5,52,12,18,0.9167,0.6975,0.6777,3.4444,8.3333,,,,
5271166,1993,12408,1992,"AT","",659573,3,14,37,6,64,5,1,0.8,0,0.375,2,15,0.6667,0.4,1,1
5271490,1993,12408,1992,"AT","",,1,9,198,5,59,12,5,0.9167,0.48,0.6777,2.8,8.3333,,,,
5271609,1993,12408,1992,"AT","",613475,3,36,266,5,52,3,0,1,,0.6667,,6.3333,0,0,,
5271670,1993,12408,1992,"AT","",230995,3,11,312,6,65,9,1,0.8889,0,0.2188,4,10.3333,0.1429,0.1111,0,0
5271672,1993,12408,1991,"AT","",684162,3,30,366,1,19,17,3,0.7647,0,0.5562,4.3333,23.1765,0,0,0,0
5271889,1993,12408,1989,"AT","",334005,3,1,264,5,51,11,1,0.9091,0,0.66,6,13.1818,0,0,0,0
5272188,1993,12408,1992,"AT","",609790,3,7,523,1,15,1,2,1,0,0,4,11,0,0,0,0
5272461,1993,12408,1992,"AT","",512710,3,1,340,2,21,4,0,1,,0.75,,12,0,0,,
5273167,1993,12415,1991,"AT","",207575,3,27,209,5,51,13,15,1,0.8444,0.7692,4.4,13.3077,0.2,0.1538,0,0
5273305,1993,12415,1991,"AT","",690199,3,9,280,5,55,4,1,1,0,0,4,7,0,0,0,0
5273306,1993,12415,1993,"AT","",690199,3,3,280,5,55,5,3,1,0,0,0.6667,5.2,0.25,0.2,0,0
5273471,1993,12415,1992,"AT","",212955,3,8,441,6,69,2,0,1,,0.5,,3,0,0,,
5273710,1993,12415,1992,"AT","",371885,3,9,419,5,52,9,1,1,0,0.3704,4,10,0,0,0,0
5274081,1993,12415,1991,"AT","",267890,3,13,530,1,15,23,0,1,,0.6616,,8.6522,0,0,,
5274272,1993,12415,1992,"AT","",601715,2,14,327,4,41,4,0,1,,0.75,,7,0,0,,
5274303,1993,12415,1992,"AT","",601715,2,11,313,4,42,1,1,1,0,0,1,2,0,0,1,1
5274437,1993,12415,1992,"AT","",,1,17,356,4,43,1,0,1,,0,,14,,,,
5274692,1993,12415,1991,"AT","",512710,3,3,379,2,21,2,1,1,0,0.5,3,7.5,0,0,0,0
5274694,1993,12415,1992,"AT","",512710,3,15,455,2,21,3,5,1,0.32,0.4444,2.6,10,0,0,0.2,0.2
5275205,1994,12422,1992,"AT","",692133,3,9,137,6,69,5,1,0.6,0,0.4444,1,32.2,0,0,0,0
5275299,1994,12422,1992,"AT","",83855,3,11,215,6,68,15,9,0.6,0.716,0.716,3.7778,26.5333,0,0,0,0
5275582,1994,12422,1992,"AT","",,1,3,604,3,32,1,0,1,,0,,7,,,,
5275730,1994,12422,1992,"AT","",,1,18,210,1,19,4,0,1,,0.75,,7,,,,
5276982,1994,12429,1992,"AT","",317635,3,11,36,6,63,10,0,1,,0.18,,12.3,0,0,,
5277458,1994,12429,1993,"AT","",,1,2,285,6,67,11,0,0.6364,,0.2449,,23.5455,,,,
5277538,1994,12429,1992,"AT","",659573,3,10,414,5,51,15,1,0.8667,0,0.6982,5,18.3333,0,0,1,1
5277577,1994,12429,1991,"AT","",698111,3,30,431,6,66,22,1,0.8636,0,0.5596,5,17.6818,0,0,0,0
5277738,1994,12429,1992,"AT","",698133,3,11,156,1,19,6,1,0.6667,0,0.625,2,34.5,0,0,0,0
5277967,1994,12429,1992,"AT","",694487,2,8,442,1,11,3,3,1,0.6667,0.6667,3.6667,9,0,0,0.3333,0.3333
5278054,1994,12429,1992,"AT","",100350,3,11,435,3,33,5,2,1,0.5,0,4.5,4,0,0,0,0
5279043,1994,12436,1992,"AT","",485230,3,9,33,6,69,8,1,1,0,0.4063,3,9.75,0,0,0,0
5279266,1994,12436,1993,"AT","",48850,3,6,123,5,53,7,0,1,,0.2449,,5.5714,0,0,,
5279524,1994,12436,1993,"AT","",,1,5,474,5,53,3,2,1,0,0.4444,2,8.6667,,,,
5280658,1994,12443,1991,"AT","",,1,11,5,6,65,2,2,1,0,0,5.5,11,,,,
5280832,1994,12443,1992,"AT","",,1,10,198,5,59,6,1,0.8333,0,0.72,4,19.1667,,,,
5280965,1994,12443,1991,"AT","",,1,26,285,6,67,3,0,0.6667,,0,,29.6667,,,,
5281021,1994,12443,1990,"AT","",298825,3,28,312,6,65,7,5,0.8571,0,0.4444,4.6,14.8571,0,0,0,0
5281022,1994,12443,1992,"AT","",298825,3,9,312,6,65,2,6,1,0.2778,0,3.3333,5,1,1,0.2,0.1667
5281138,1994,12443,1992,"AT","",698473,3,6,433,3,39,4,2,1,0,0,4.5,18,0,0,0,0
5281497,1994,12443,1992,"AT","",55040,3,15,429,4,45,7,1,1,0,0,3,6.2857,0.5714,0.5714,0,0
5281661,1994,12443,1992,"AT","",267890,3,8,525,1,15,3,6,1,0.6111,0,3.8333,4.3333,0,0,0,0
5281897,1994,12443,1992,"AT","",,1,7,315,4,42,6,0,1,,0.7222,,19.6667,,,,
5282661,1994,12450,1992,"AT","",545230,3,8,296,5,55,10,2,0.7,0.5,0,3.5,31.7,0,0,0,0
5283362,1994,12450,1992,"AT","",100350,3,10,564,1,14,6,3,1,0,0.7222,3.3333,6.8333,0.3333,0.3333,0,0
5283397,1994,12450,1992,"AT","",14580,3,6,181,6,69,5,2,0.6,0.5,0.4444,2.5,24.2,0,0,0,0
5283885,1994,12450,1992,"AT","",,1,8,711,2,24,5,9,1,0.6173,0.56,2.6667,6.2,,,,
5283918,1994,12457,1992,"AT","",698715,3,22,297,6,65,15,5,0.9333,0.72,0.6429,3.8,10.2667,0,0,0,0
5284399,1994,12457,1992,"AT","",298825,3,8,403,6,67,15,2,0.9333,0.5,0.2551,4,11.7333,0.2727,0.2,0,0
5284967,1994,12457,1992,"AT","",64410,3,3,560,1,14,7,0,1,,0.7755,,11.4286,0,0,,
5285126,1994,12457,1991,"AT","",682570,3,4,310,4,45,4,2,0.5,0,0,2.5,58.5,0,0,0,0
5285804,1994,12464,1992,"AT","",687427,3,10,135,6,69,9,1,0.3333,0,0.4444,2,47.1111,0,0,0,0
5285869,1994,12464,1992,"AT","",721055,3,10,182,6,65,7,1,0.8571,0,0.6667,5,12.1429,0,0,0,0
5286051,1994,12464,1992,"AT","",44090,3,24,280,5,55,10,6,1,0,0.18,3.5,15.9,0,0,0,0
5286278,1994,12464,1992,"AT","",,1,3,75,5,52,5,1,0.8,0,0,4,31.6,,,,
5286285,1994,12464,1993,"AT","",607165,3,22,106,1,12,6,0,1,,0.2778,,11.5,0.5,0.5,,
5287604,1994,12471,1992,"AT","",570780,3,8,28,6,63,1,3,1,0,0,5.6667,5,0,0,0.6667,0.6667
5287662,1994,12471,1991,"AT","",156055,3,6,451,5,51,8,1,0.625,0,0.32,7,28.875,0.5,0.125,0,0
5288792,1994,12471,1992,"AT","",100960,3,26,508,5,59,5,1,1,0,0.72,5,7.6,0,0,0,0
5288876,1994,12471,1992,"AT","",100350,3,3,548,1,14,8,0,1,,0.75,,17.875,0,0,,
5289051,1994,12471,1992,"AT","",512710,3,9,327,4,41,2,9,1,0.3704,0.5,3.4444,6,0,0,0,0
5289618,1994,12478,1992,"AT","",,1,2,19,1,11,7,2,1,0,0.4082,4,11.8571,,,,
5289648,1994,12478,1992,"AT","",659573,3,9,37,6,64,7,2,1,0,0.5714,3.5,3.7143,1,1,1,1
5289806,1994,12478,1993,"AT","",48850,3,10,123,5,53,7,0,1,,0,,13.4286,0,0,,
5289920,1994,12478,1991,"AT","",312295,3,4,209,5,51,7,4,1,0.625,0.6939,4.5,8.4286,0,0,0,0
5290179,1994,12478,1992,"AT","",397680,3,20,439,4,41,4,1,0.5,0,0,5,40.5,0,0,0,0
5291935,1994,12485,1992,"AT","",312295,3,12,164,5,52,10,0,0.9,,0.8642,,14.4,0,0,,
5292037,1994,12485,1992,"AT","",692485,3,13,222,1,19,9,2,0.8889,0,0.2188,5.5,23.8889,0,0,0,0
5292198,1994,12485,1993,"AT","",298825,3,41,384,5,59,14,5,0.8571,0,0.4444,2.4,13.7143,0.2727,0.2143,0.5,0.4
5292374,1994,12485,1992,"AT","",356240,3,15,134,6,69,8,5,1,0.32,0.6563,3.6,10.5,0,0,0,0
5292417,1994,12485,1992,"AT","",52295,3,32,204,1,19,4,14,1,0.4592,0,3.0714,5.5,0,0,0.0714,0.0714
5293876,1994,12492,1991,"AT","",,1,13,600,3,32,5,3,1,0,0.32,4.3333,11,,,,
5293898,1994,12492,1992,"AT","",699630,3,9,137,6,69,7,2,0.4286,0,0,3.5,36,0,0,0,0
5293949,1994,12492,1992,"AT","",699634,3,8,180,5,55,5,1,0.8,0,0.625,4,20.4,0,0,0,0
5294011,1994,12492,1992,"AT","",83855,3,13,215,6,68,13,4,0.9231,0.75,0.4167,3.5,14.1538,0.1,0.0769,0,0
5294316,1994,12492,1993,"AT","",334005,3,3,204,1,19,7,1,1,0,0.2449,0,8.4286,0,0,0,0
5294793,1994,12492,1992,"AT","",485230,3,13,250,4,44,10,1,1,0,0.5,4,7.3,0,0,0,0
5295384,1994,12499,1992,"AT","",337180,3,16,72,5,52,12,0,0.5,,0,,36.9167,0,0,,
5296807,1994,12499,1992,"AT","",251885,3,14,324,4,43,6,2,1,0,0.5,3,6.5,0,0,0,0
5297163,1994,12499,1991,"AT","",699926,3,5,375,2,21,2,2,1,0.5,0.5,3,12.5,0,0,0,0
5297352,1994,12506,1993,"AT","",156055,3,24,40,6,69,6,0,0.8333,,0.56,,24,0,0,,
5297776,1994,12506,1992,"AT","",,1,18,251,5,53,5,2,1,0,0.32,3.5,11.6,,,,
5297952,1994,12506,1992,"AT","",174660,3,13,425,5,51,4,4,1,0.375,0.375,2.5,16.75,0,0,0,0
5298401,1994,12506,1989,"AT","",,1,6,435,3,33,6,0,1,,0,,8.6667,,,,
5298519,1994,12506,1992,"AT","",100670,3,8,514,3,31,0,1,,0,,4,,,,0,0
5299366,1994,12513,1992,"AT","",251885,3,4,34,1,19,7,1,0.7143,0,0.64,2,26.5714,0,0,0,0
5299481,1994,12513,1992,"AT","",700173,3,18,83,5,51,10,3,1,0.4444,0.58,4.6667,14.4,0,0,0,0
5299505,1994,12513,1993,"AT","",659573,3,9,104,5,55,6,0,1,,0,,7.3333,0.6667,0.6667,,
5299727,1994,12513,1993,"AT","",697755,3,11,228,5,52,3,0,1,,0.4444,,9.3333,0,0,,
5299822,1994,12513,1991,"AT","",694644,3,16,280,5,55,11,3,0.9091,0.4444,0,4.3333,18.0909,0,0,0,0
5301548,1994,12520,1992,"AT","",659573,3,17,73,4,43,2,1,1,0,0.5,4,23,0,0,1,1
5301587,1994,12520,1992,"AT","",684267,3,4,83,5,51,3,0,0.3333,,0,,29,0,0,,
5302202,1994,12520,1992,"AT","",,1,5,118,1,12,11,2,0.9091,0,0.48,3,19.4545,,,,
5302203,1994,12520,1991,"AT","",,1,27,118,1,12,10,3,0.7,0,0.7347,3,27.1,,,,
5302564,1994,12520,1992,"AT","",585740,3,23,501,1,19,7,4,1,0.375,0.4082,4.25,6.7143,0.2857,0.2857,0,0
5302611,1994,12520,1992,"AT","",,5,42,514,3,31,3,0,1,,0.4444,,13.3333,,,,
5303209,1994,12520,1993,"AT","",601715,2,10,367,2,21,6,2,1,0,0,2.5,8.1667,0,0,1,1
5303440,1994,12527,1992,"AT","",,1,9,8,1,11,15,0,0.9333,,0.6837,,17.4667,,,,
5303689,1994,12527,1992,"AT","",,1,9,125,5,51,10,3,0.6,0,0.5,3.3333,30.5,,,,
5304230,1994,12527,1992,"AT","",613475,3,23,75,5,52,1,1,1,0,0,3,25,0,0,0,0
5304383,1994,12527,1991,"AT","",267890,3,13,424,3,31,0,1,,0,,4,,,,1,1
5304636,1994,12527,1993,"AT","",69975,3,3,530,1,15,1,1,1,0,0,2,1,0,0,0,0
5304965,1994,12527,1992,"AT","",512710,3,2,333,2,21,3,6,1,0.4444,0.4444,4.3333,11.6667,0.6667,0.6667,0,0
5305220,1994,12527,1991,"AT","",,1,2,701,2,22,7,4,1,0.625,0.5714,4.25,13,,,,
5305330,1994,12527,1993,"AT","",485230,3,17,372,4,42,5,5,1,0,0.32,0.8,3,0,0,0,0
5305633,1994,12534,1990,"AT","",172040,3,11,73,4,43,16,4,0.5625,0.375,0,5.75,29.375,0,0,0,0
5305672,1994,12534,1991,"AT","",,1,2,83,5,51,5,0,0.8,,0.375,,16,,,,
5305680,1994,12534,1992,"AT","",,1,7,91,5,53,9,2,0.8889,0.5,0.5625,4.5,12.6667,,,,
5307572,1994,12541,1992,"AT","",,1,12,38,6,63,19,0,0.6316,,0.6667,,30.3684,,,,
5308283,1994,12541,1992,"AT","",182420,3,1,464,5,53,8,0,0.25,,0,,46.375,0,0,,
5308484,1994,12541,1993,"AT","",,1,18,210,1,19,1,2,1,0,0,2,12,,,,
5308581,1994,12541,1992,"AT","",683957,3,20,422,1,19,3,3,1,0.4444,0.4444,2.3333,4.3333,0,0,0,0
5310070,1994,12548,1992,"AT","",207575,3,14,220,6,68,9,2,0.8889,0,0.5625,4.5,14,0,0,0,0
5310182,1994,12548,1993,"AT","",,1,11,473,6,62,5,0,1,,0,,5.8,,,,
5310207,1994,12548,1992,"AT","",701173,3,4,280,5,55,3,1,1,0,0,2,2.3333,0,0,1,1
5310519,1994,12548,1992,"AT","",371885,3,3,419,5,52,2,1,1,0,0,3,5,0.5,0.5,0,0
5310560,1994,12548,1992,"AT","",364710,3,9,424,3,31,2,0,1,,0.5,,5.5,0,0,,
5311655,1994,12555,1991,"AT","",701296,3,18,29,5,52,14,2,0.4286,0.5,0.5,5,28.7857,0,0,0,0
5312201,1994,12555,1992,"AT","",298825,3,12,403,6,67,12,0,0.6667,,0,,17.1667,0.5,0.25,,
5312626,1994,12555,1992,"AT","",,1,15,424,3,31,7,1,1,0,0.2449,4,5,,,,
5313721,1994,12562,1992,"AT","",,1,19,40,6,69,6,5,0.8333,0.72,0.32,3.4,22.8333,,,,
5314245,1994,12562,1993,"AT","",,1,12,366,1,19,14,0,0.5,,0.6122,,47.3571,,,,
5314253,1994,12562,1993,"AT","",230995,3,8,384,5,59,6,0,0.6667,,0,,24.1667,0,0,,
5314382,1994,12562,1992,"AT","",701551,3,4,464,5,53,7,2,1,0.5,0.6122,4,9,0,0,0,0
5314583,1994,12562,1990,"AT","",356240,3,10,162,1,19,15,1,1,0,0.1244,5,17,0,0,0,0
5315328,1994,12562,1993,"AT","",514105,3,2,351,3,39,2,3,1,0.4444,0,4,5,0,0,0,0
5315565,1994,12562,1992,"AT","",,1,16,367,2,21,5,0,0.6,,0.6667,,37.8,,,,
5315938,1994,12569,1992,"AT","",,1,6,110,6,66,4,0,1,,0.625,,15.5,,,,
5316052,1994,12569,1993,"AT","",184980,3,13,140,5,52,3,0,1,,0.6667,,14.6667,0.5,0.3333,,
5316144,1994,12569,1992,"AT","",601715,2,17,206,6,68,8,3,1,0.4444,0.5938,2.3333,10.25,0.2857,0.25,0,0
5316147,1994,12569,1993,"AT","",701697,3,12,206,6,68,9,0,1,,0.5185,,5.5556,0,0,,
5316237,1994,12569,1992,"AT","",601715,2,16,242,5,51,5,1,1,0,0.32,4,15.4,0,0,0,0
5317089,1994,12569,1987,"AT","",69975,3,1,530,1,15,0,1,,0,,5,,,,0,0
5317161,1994,12569,1992,"AT","",268735,3,16,250,4,44,8,1,1,0,0.375,5,12.75,0,0,0,0
5318005,1994,12576,1992,"AT","",,1,7,125,5,51,9,2,1,0.5,0.3704,1,6,,,,
5318261,1994,12576,1993,"AT","",286530,3,12,248,6,69,3,0,0.6667,,0,,34.3333,0,0,,
5318271,1994,12576,1992,"AT","",254340,3,4,251,5,53,0,0,,,,,,,,,
5318420,1994,12576,1992,"AT","",684267,3,3,425,5,51,12,2,1,0.5,0.8472,2.5,9.1667,0,0,0,0
5319466,1994,12576,1993,"AT","",601715,2,4,386,4,49,2,1,1,0,0,0,2.5,0,0,0,0
5319620,1994,12576,1992,"AT","",601715,2,13,369,2,24,3,5,0.6667,0.32,0.5,3.2,18.3333,0,0,0,0
5320015,1994,12583,1992,"AT","",570780,3,2,83,5,51,6,0,0.6667,,0.5,,28.8333,0.3333,0.1667,,
5320045,1994,12583,1993,"AT","",659573,3,6,104,5,55,10,0,1,,0.48,,7.8,1,1,,
5321125,1994,12583,1992,"AT","",682210,3,8,528,1,15,10,0,1,,0.56,,14.2,0.1,0.1,,
5322010,1994,12590,1990,"AT","",,1,2,101,6,69,2,0,1,,0,,16,,,,
5322114,1994,12590,1992,"AT","",702268,3,11,165,6,66,1,1,0,0,,3,32,0,0,0,0
5323000,1994,12590,1993,"AT","",496260,3,13,250,4,44,11,1,1,0,0.7603,2,12.3636,0,0,0,0
5323408,1994,12590,1993,"AT","",17020,3,9,372,4,42,6,3,0.8333,0.4444,0.48,0.6667,19.8333,0,0,0,0
5323870,1994,12597,1992,"AT","",545230,3,27,180,5,55,5,1,1,0,0.32,5,1.6,0.4,0.4,0,0
5323927,1994,12597,1993,"AT","",702465,3,4,220,6,68,6,0,0.6667,,0.375,,16.3333,0,0,,
5324139,1994,12597,1993,"AT","",702485,3,15,405,6,64,2,1,1,0,0,2,6,0,0,0,0
5324287,1994,12597,1991,"AT","",,1,18,606,3,32,3,0,1,,0.4444,,14.6667,,,,
5324424,1994,12597,1993,"AT","",,1,5,210,1,19,3,0,0.6667,,0,,42.6667,,,,
5324628,1994,12597,1991,"AT","",267885,3,3,435,3,33,9,0,1,,0.642,,9.3333,0.4444,0.4444,,
5325033,1994,12597,1992,"AT","",,1,8,318,4,45,5,0,0.8,,0,,11.2,,,,
5325617,1994,12604,1991,"AT","",,1,17,42,5,59,3,4,0.3333,0.5,0,5.25,42.6667,,,,
5325867,1994,12604,1992,"AT","",683957,3,20,600,3,32,13,6,0.9231,0.6111,0.5278,3.5,15.6154,0,0,0,0
5326310,1994,12604,1992,"AT","",,1,19,452,6,61,6,0,0.8333,,0.48,,15.3333,,,,
5326330,1994,12604,1993,"AT","",70665,3,3,474,5,53,19,7,0.9474,0.2449,0,1.8571,20.3158,0.0769,0.0526,0.4,0.2857
5326360,1994,12604,1992,"AT","",258950,3,6,623,3,39,6,1,0.5,0,0.4444,1,31,0.5,0.1667,0,0
5327110,1994,12604,1993,"AT","",696632,3,2,333,2,21,1,2,1,0,0,2.5,4,0,0,0,0
5327113,1994,12604,1992,"AT","",691498,3,7,336,4,41,8,0,0.875,,0,,22.625,0,0,,
5327754,1994,12611,1992,"AT","",684267,3,6,72,5,52,4,0,0.75,,0,,35,0.5,0.25,,
5328201,1994,12611,1992,"AT","",701173,3,7,280,5,55,5,0,1,,0,,9,0,0,,
5329356,1994,12611,1992,"AT","",,5,46,356,4,43,1,0,1,,0,,16,,,,
5329839,1994,12618,1993,"AT","",251885,3,9,89,5,59,6,4,1,0.375,0.5,3.25,16.8333,0.2,0.1667,0.25,0.25
5330344,1994,12618,1992,"AT","",,1,25,425,5,51,11,2,0.8182,0.5,0.3704,4,13,,,,
5330567,1994,12618,1992,"AT","",334005,3,9,106,1,12,20,7,0.9,0.6122,0.8395,4.1429,18.3,0,0,0.5714,0.5714
5330642,1994,12618,1992,"AT","",334005,3,4,210,1,19,16,0,0.9375,,0.4267,,12.9375,0,0,,
5330907,1994,12618,1992,"AT","",267890,3,7,435,3,33,1,4,1,0.625,0,3,10,0,0,1,0.5
5331481,1994,12618,1991,"AT","",144635,3,20,360,2,24,4,1,1,0,0.625,4,12.25,0,0,1,1
5332201,1994,12625,1993,"AT","",607165,3,4,266,5,52,1,0,1,,0,,7,0,0,,
5332334,1994,12625,1993,"AT","",702485,3,5,405,6,64,1,0,1,,0,,5,0,0,,
5332378,1994,12625,1992,"AT","",703264,3,37,425,5,51,7,3,0.8571,0.4444,0.2778,3.3333,15.8571,0,0,0,0
5332385,1994,12625,1993,"AT","",174660,3,3,425,5,51,3,5,0.6667,0,0,2,26,0.5,0.3333,0.25,0.2
5332389,1994,12625,1992,"AT","",698473,3,12,433,3,39,6,1,1,0,0,3,5.1667,0,0,0,0
5332534,1994,12625,1993,"AT","",246515,3,18,261,1,19,11,1,0.6364,0,0.6939,3,30.7273,0,0,0,0
5332727,1994,12625,1993,"AT","",703294,2,11,514,3,31,6,5,1,0,0.4444,3.4,7.1667,0,0,0,0
5332895,1994,12625,1993,"AT","",485230,3,7,250,4,44,6,3,1,0.4444,0.5,2.6667,9.3333,0,0,0,0
5333344,1994,12632,1992,"AT","",163680,3,6,15,6,69,5,1,0.2,0,0,5,56.4,0,0,0,0
5333485,1994,12632,1993,"AT","",45755,3,16,72,5,52,3,2,0.6667,0.5,0.5,3.5,29.6667,0,0,0,0
5333680,1994,12632,1993,"AT","",691498,3,12,165,6,66,7,1,0.4286,0,0.4444,4,33.5714,0,0,0,0
5333843,1994,12632,1993,"AT","",607165,3,14,266,5,52,2,0,1,,0,,16,0,0,,
5333891,1994,12632,1992,"AT","",701173,3,2,280,5,55,6,4,1,0,0,2.25,1.8333,0,0,0.75,0.75
5333892,1994,12632,1992,"AT","",701173,3,15,280,5,55,8,1,1,0,0.2188,3,9.125,0,0,0,0
5333936,1994,12632,1993,"AT","",688877,3,17,299,6,64,3,1,1,0,0,2,12.3333,0,0,0,0
5334009,1994,12632,1992,"AT","",174660,3,6,425,5,51,8,1,1,0,0.5625,3,7.375,0,0,0,0
5334602,1994,12632,1991,"AT","",665855,3,21,514,3,31,3,2,1,0.5,0.4444,6,9,0.5,0.3333,0,0
5335012,1994,12632,1992,"AT","",,1,20,348,4,49,7,0,1,,0.4082,,6,,,,
5335764,1994,12639,1992,"AT","",545230,3,21,192,5,53,16,6,0.6875,0.5,0.7107,3.1667,25.625,0,0,0.3333,0.3333
5335790,1994,12639,1992,"AT","",684162,3,15,209,5,51,7,6,1,0.7222,0.7347,2.8333,13.5714,0,0,0.1667,0.1667
5336126,1994,12639,1993,"AT","",,1,15,452,6,61,12,0,1,,0.6111,,13.8333,,,,
5336326,1994,12639,1991,"AT","",52295,3,36,118,1,12,4,13,1,0.5562,0,4.8462,5.5,0.25,0.25,0.1538,0.1538
5337939,1994,12646,1993,"AT","",696632,3,6,228,5,52,3,0,1,,0.6667,,7.6667,0,0,,
5338052,1994,12646,1993,"AT","",701173,3,8,280,5,55,5,0,1,,0,,16,0,0,,
5338160,1994,12646,1993,"AT","",703843,3,8,417,5,53,11,1,0.8182,0,0.6173,2,23,0,0,0,0
5338591,1994,12646,1993,"AT","",156055,3,14,428,6,69,1,0,1,,0,,4,1,1,,
5339012,1994,12646,1993,"AT","",703908,3,9,318,4,45,5,1,1,0,0,3,4.6,0,0,0,0
5339258,1994,12646,1992,"AT","",,1,10,702,2,22,10,1,1,0,0,0,10.3,,,,
5339971,1994,12653,1992,"AT","",350580,3,6,215,6,68,10,2,0.9,0,0.1975,3,15,0,0,0,0
5340088,1994,12653,1993,"AT","",607165,3,15,266,5,52,3,0,1,,0,,7.6667,0,0,,
5340575,1994,12653,1993,"AT","",267890,3,18,424,3,31,23,0,1,,0.6616,,9.6522,0,0,,
5340713,1994,12653,1990,"AT","",69975,3,2,435,3,33,2,0,1,,0,,4,0,0,,
5340722,1994,12653,1993,"AT","",683957,3,8,435,3,33,5,2,1,0.5,0.72,2.5,6.6,0,0,0,0
5341257,1994,12653,1992,"AT","",601715,2,3,360,2,24,1,3,1,0,0,3.3333,1,0,0,0,0
5341674,1994,12660,1992,"AT","",48850,3,12,73,4,43,6,0,0.8333,,0.64,,16.5,0,0,,
5341746,1994,12660,1993,"AT","",659573,3,11,105,5,55,11,2,0.9091,0,0.6,3.5,13.4545,0.6667,0.5455,0.5,0.5
5341999,1994,12660,1993,"AT","",704221,3,9,242,5,51,5,0,1,,0.56,,15.8,0,0,,
5342457,1994,12660,1992,"AT","",707337,3,8,148,5,52,1,0,0,,,,86,0,0,,
5343561,1994,12667,1991,"AT","",,1,13,2,6,63,9,1,0,0,,5,69.1111,,,,
5343718,1994,12667,1993,"AT","",156055,3,14,63,6,69,12,1,0.1667,0,0.5,3,56.9167,0,0,0,0
5343810,1994,12667,1993,"AT","",659573,3,10,104,5,55,9,0,1,,0,,8.8889,0.7143,0.5556,,
5343894,1994,12667,1992,"AT","",254340,3,2,137,6,69,3,3,1,0.6667,0,2.3333,6.3333,0,0,0,0
5343922,1994,12667,1992,"AT","",,5,12,160,6,69,5,1,0.6,0,0.4444,2,40.4,,,,
5344097,1994,12667,1992,"AT","",601715,2,6,242,5,51,10,0,1,,0.42,,15.4,0,0,,
5344178,1994,12667,1993,"AT","",605330,3,40,280,5,55,3,0,1,,0.4444,,12,1,0.3333,,
5344227,1994,12667,1992,"AT","",298825,3,23,312,6,65,9,5,0.6667,0,0.4444,3.8,24.1111,0.4,0.2222,0.8,0.8
5344473,1994,12667,1993,"AT","",100350,3,7,96,1,13,14,0,0.7857,,0.7603,,26.5714,0,0,,
5345066,1994,12667,1992,"AT","",,1,6,219,4,49,11,1,1,0,0.8264,4,7.8182,,,,
5345231,1994,12667,1991,"AT","",704507,3,12,340,2,21,6,16,1,0.7578,0.6667,4.0625,7.8333,0,0,0,0
5345766,1994,12674,1993,"AT","",174660,3,15,60,4,45,5,2,1,0.5,0.72,3,9.8,0.25,0.2,0,0
5345854,1994,12674,1993,"AT","",704574,3,6,89,5,59,9,1,0.6667,0,0.2778,3,36.7778,0,0,0,0
5345997,1994,12674,1993,"AT","",251885,3,6,165,6,66,14,0,0.2143,,0.6667,,68.3571,0,0,,
5346332,1994,12674,1993,"AT","",702485,3,12,405,6,64,3,1,1,0,0,1,10,0,0,0,0
5346568,1994,12674,1993,"AT","",286530,3,5,156,1,19,5,0,1,,0.72,,12.6,0,0,,
5346588,1994,12674,1992,"AT","",334005,3,13,162,1,19,9,4,1,0.5,0,3.75,12,0,0,0,0
5346816,1994,12674,1992,"AT","",100350,3,8,435,3,33,3,1,1,0,0.4444,3,3.3333,0,0,0,0
5347728,1994,12681,1992,"AT","",550065,3,34,34,1,19,11,7,1,0,0.4298,2.7143,9.2727,0,0,0.1429,0.1429
5347975,1994,12681,1992,"AT","",,1,9,124,5,59,4,0,0.75,,0,,16,,,,
5348386,1994,12681,1993,"AT","",230995,3,2,312,6,65,2,7,0.5,0.449,0,2.2857,37.5,1,0.5,0.1667,0.1429
5348468,1994,12681,1991,"AT","",704828,3,20,431,6,66,9,1,1,0,0.6173,4,9.2222,0,0,0,0
5348761,1994,12681,1992,"AT","",704857,3,10,427,1,12,9,2,1,0.5,0.5679,5,10.4444,0,0,0,0
5350001,1994,12688,1992,"AT","",504800,3,24,152,5,55,3,1,1,0,0,5,5.3333,0,0,0,0
5350232,1994,12688,1993,"AT","",,1,14,366,1,19,3,0,0.3333,,0,,35.3333,,,,
5350924,1994,12688,1992,"AT","",268735,3,12,250,4,44,13,1,1,0,0.142,4,6.1538,0.1538,0.1538,1,1
5351010,1994,12688,1992,"AT","",,5,11,324,4,43,4,3,1,0.4444,0.5,2.6667,12,,,,
5351563,1994,12695,1993,"AT","",683957,3,14,73,4,43,13,2,0.9231,0.5,0.7361,2,15.5385,0,0,0.5,0.5
5351665,1994,12695,1993,"AT","",48850,3,8,123,5,53,11,3,1,0,0,3.6667,4.8182,0.0909,0.0909,0,0
5352034,1994,12695,1993,"AT","",298825,3,27,312,6,65,4,1,1,0,0,1,15,0.6667,0.5,0,0
5352671,1994,12695,1991,"AT","",491585,3,13,514,3,31,4,1,1,0,0.375,7,1.5,0,0,0,0
5352692,1994,12695,1993,"AT","",665855,3,5,514,3,31,1,0,1,,0,,20,0,0,,
5352957,1994,12695,1992,"AT","",641330,3,5,315,4,42,4,8,1,0.6875,0.625,3.25,10.5,0,0,0,0
5353512,1994,12702,1992,"AT","",659573,3,9,33,6,69,13,1,0.8462,0,0.8264,3,17.1538,0.1111,0.0769,0,0
5353527,1994,12702,1993,"AT","",158936,3,6,36,6,63,8,0,1,,0,,4.875,0.125,0.125,,
5353643,1994,12702,1992,"AT","",48850,3,26,73,4,43,1,2,1,0.5,0,3.5,22,0,0,0,0
5354844,1994,12702,1990,"AT","",69975,3,4,530,1,15,2,18,1,0.6975,0.5,5.6111,2,0,0,0.2778,0.2778
5355281,1994,12702,1993,"AT","",161515,3,4,361,4,45,8,1,1,0,0.75,3,5.625,0,0,0,0
5355630,1994,12709,1993,"AT","",517215,3,5,49,5,59,6,2,1,0,0.5,1.5,18,0,0,0,0
5355775,1994,12709,1993,"AT","",705559,3,2,92,5,53,5,0,0.8,,0.625,,26.6,0,0,,
5356207,1994,12709,1992,"AT","",298825,3,47,312,6,65,3,2,1,0.5,0.4444,3.5,5.6667,0,0,0,0
5356224,1994,12709,1993,"AT","",707337,3,6,384,5,59,7,0,0.5714,,0.375,,23.5714,0,0,,
5356671,1994,12709,1993,"AT","",491585,3,15,427,1,12,12,8,1,0.4063,0.7361,2.5,10.5833,0,0,0.375,0.375
5357798,1994,12716,1993,"AT","",545230,3,10,73,4,43,9,17,1,0.3045,0.642,2.1765,6.5556,0,0,0,0
5357857,1994,12716,1993,"AT","",,1,13,101,6,69,5,2,1,0,0.32,2.5,14,,,,
5357867,1994,12716,1993,"AT","",659573,3,10,104,5,55,14,3,1,0,0.1327,3,12,0.5,0.4286,1,0.6667
5357944,1994,12716,1993,"AT","",478430,3,7,123,5,53,11,4,1,0.5,0.4298,1.75,6.8182,0.3636,0.3636,0,0
5358014,1994,12716,1992,"AT","",705791,3,4,139,6,63,13,7,0.9231,0,0.5417,4.5714,11.3846,0,0,0,0
5358790,1994,12716,1991,"AT","",705852,3,14,428,6,69,6,5,0.6667,0.56,0.625,4.4,28.5,0,0,0,0
5359321,1994,12716,1992,"AT","",610925,3,9,340,2,21,5,0,1,,0.72,,14.8,0,0,,
5359415,1994,12716,1992,"AT","",,1,34,356,4,43,2,1,1,0,0,0,7.5,,,,
5360495,1994,12723,1993,"AT","",,1,9,148,5,52,2,1,1,0,0,2,21.5,,,,
5360601,1994,12723,1993,"AT","",100350,3,6,423,1,19,7,0,1,,0.6122,,10.2857,0.6667,0.5714,,
5361451,1994,12730,1993,"AT","",,1,5,19,1,11,5,2,1,0,0,2.5,18.2,,,,
5361573,1994,12730,1993,"AT","",,1,4,57,6,63,2,0,0.5,,0,,56,,,,
5362088,1994,12730,1993,"AT","",605330,3,10,280,5,55,9,0,1,,0,,16.3333,0,0,,
5362278,1994,12730,1993,"AT","",194105,3,58,474,5,53,5,2,0.8,0,0,4.5,9.2,0,0,0,0
5362692,1994,12730,1992,"AT","",462295,3,18,501,1,19,8,3,1,0.6667,0.4688,4,6.75,0,0,0,0
5362708,1994,12730,1992,"AT","",11776,3,2,504,1,11,5,2,1,0.5,0.64,2,14.6,0,0,0,0
5364079,1994,12737,1993,"AT","",613475,3,25,266,5,52,3,0,1,,0,,18.6667,0,0,,
5364179,1994,12737,1992,"AT","",298825,3,17,312,6,65,9,1,0.4444,0,0,2,34.3333,0.25,0.1111,1,1
5364181,1994,12737,1993,"AT","",230995,3,4,312,6,65,1,5,1,0.48,0,3,3,1,1,0,0
5364221,1994,12737,1994,"AT","",659573,3,13,414,5,51,8,2,0.625,0.5,0.32,3,28.25,0.75,0.375,1,1
5365151,1994,12737,1993,"AT","",706458,3,23,315,4,42,4,6,1,0.2778,0,2.5,7.5,0,0,0,0
5365246,1994,12737,1992,"AT","",512710,3,24,343,2,21,8,14,1,0,0.2188,4.6429,6.125,0,0,0,0
5365413,1994,12737,1993,"AT","",706479,3,22,362,4,42,11,6,0.7273,0.7222,0.5,2.8333,23.8182,0,0,0,0
5365854,1994,12744,1994,"AT","",659573,3,6,104,5,55,9,0,1,,0.5185,,8.4444,1,1,,
5366112,1994,12744,1992,"AT","",706561,3,10,221,5,51,7,0,0.8571,,0,,19,0,0,,
5366234,1994,12744,1994,"AT","",44090,3,4,280,5,55,9,7,0.6667,0,0.2778,1,15.7778,0.2,0.1111,0,0
5366538,1994,12744,1993,"AT","",613475,3,15,75,5,52,10,1,0.8,0,0.2188,1,23.2,0,0,1,1
5366971,1994,12744,1992,"AT","",491585,3,3,514,3,31,1,0,1,,0,,15,0,0,,
5367344,1994,12744,1993,"AT","",514105,3,8,351,3,39,6,0,0.5,,0,,20.8333,0,0,,
5368383,1994,12751,1994,"AT","",,5,14,366,1,19,19,0,0.8421,,0.6328,,18.4737,,,,
5368459,1994,12751,1993,"AT","",607165,3,17,425,5,51,14,0,0.9286,,0.7692,,15.3571,0,0,,
5369190,1994,12751,1993,"AT","",609790,3,6,525,1,15,2,5,1,0.48,0,3.4,3.5,0.5,0.5,0,0
5369198,1994,12751,1994,"AT","",100350,3,3,526,1,15,8,7,1,0.7347,0.7813,2.2857,11.25,0,0,0,0
5369327,1994,12751,1994,"AT","",48850,3,9,310,4,45,10,1,1,0,0.78,0,9.5,0.1,0.1,1,1
5369328,1994,12751,1992,"AT","",706882,3,4,313,4,42,5,3,1,0,0.32,3.6667,4.4,0,0,0,0
5370496,1994,12758,1993,"AT","",728475,3,4,414,5,51,3,0,0.6667,,0,,25.3333,0,0,,
5370737,1994,12758,1992,"AT","",52295,3,30,118,1,12,5,5,1,0.56,0.56,3.6,10.2,0,0,0.2,0.2
5371007,1994,12758,1993,"AT","",267890,3,5,435,3,33,0,1,,0,,1,,,,1,1
5371646,1994,12758,1992,"AT","",707083,3,13,361,4,45,3,0,1,,0,,8.3333,0,0,,
5371954,1994,12765,1992,"AT","",550065,3,29,34,1,19,0,7,,0,,2.7143,,,,0.1429,0.1429
5372357,1994,12765,1993,"AT","",684267,3,20,269,6,69,16,2,0.9375,0,0.6044,2.5,15.625,0,0,0,0
5372370,1994,12765,1993,"AT","",44090,3,28,280,5,55,9,4,1,0.375,0.5185,3.25,6.2222,0.125,0.1111,0,0
5372582,1994,12765,1992,"AT","",683957,3,16,604,3,32,13,1,1,0,0.497,5,11.1538,0,0,0,0
5372640,1994,12765,1992,"AT","",707199,3,18,106,1,12,3,4,1,0.375,0.4444,3.75,9.6667,0,0,0,0
5372793,1994,12765,1993,"AT","",371885,3,10,427,1,12,2,0,1,,0,,1.5,0,0,,
5372979,1994,12765,1993,"AT","",169795,3,4,501,1,19,4,0,1,,0,,7.25,0.25,0.25,,
5373038,1994,12765,1993,"AT","",100350,3,9,524,1,15,6,0,0.6667,,0.375,,22,0.25,0.1667,,
5373405,1994,12765,1993,"AT","",601715,2,2,360,2,24,2,2,1,0.5,0,2,7,0,0,0.5,0.5
5373855,1994,12772,1993,"AT","",683957,3,10,600,3,32,15,4,1,0.625,0.48,2.5,8.6,0,0,0,0
5374016,1994,12772,1993,"AT","",707337,3,3,246,5,55,4,1,1,0,0.375,4,14.5,0,0,0,0
5375556,1994,12779,1993,"AT","",48850,3,11,117,1,19,7,0,1,,0,,8.7143,0.2857,0.2857,,
5375623,1994,12779,1993,"AT","",,1,18,137,6,69,7,2,1,0.5,0.6122,2,6.8571,,,,
5375810,1994,12779,1993,"AT","",486315,3,12,249,6,69,11,2,1,0.5,0.1653,3.5,5.7273,0.2,0.0909,0,0
5375922,1994,12779,1992,"AT","",298825,3,20,312,6,65,4,2,0.25,0,0,3.5,32.25,0,0,0,0
5376007,1994,12779,1991,"AT","",,1,8,434,6,69,6,3,1,0.6667,0.6667,5.3333,7.6667,,,,
5376125,1994,12779,1993,"AT","",,1,4,623,3,39,3,7,0.3333,0.2449,0,2.8571,33.6667,,,,
5376320,1994,12779,1992,"AT","",707556,3,53,264,5,51,8,12,0.875,0.8056,0.7347,3.5833,11.375,0,0,0,0
5377062,1994,12779,1993,"AT","",601715,2,8,360,2,24,3,0,1,,0,,3.3333,0.6667,0.6667,,
5377394,1995,12786,1993,"AT","",,1,18,24,6,63,7,1,0.4286,0,0,6,59.2857,,,,
5377414,1995,12786,1993,"AT","",601715,2,6,30,6,65,9,0,1,,0.1975,,19.6667,0.1667,0.1111,,
5377598,1995,12786,1992,"AT","",179325,3,12,108,6,69,13,2,0.9231,0.5,0.7361,2.5,14.4615,0,0,0,0
5378509,1995,12786,1993,"AT","",496260,3,5,427,1,12,1,1,1,0,0,4,4,0,0,0,0
5378799,1995,12786,1993,"AT","",100350,3,6,528,1,15,9,0,1,,0.7407,,10.1111,0.1111,0.1111,,
5378917,1995,12786,1993,"AT","",268735,3,15,250,4,44,1,1,1,0,0,3,4,0,0,1,1
5379287,1995,12786,1993,"AT","",601715,2,22,369,2,24,5,2,1,0,0.64,4,11.6,0.2,0.2,0,0
5379532,1995,12793,1993,"AT","",463070,3,20,36,6,63,5,0,1,,0,,6,0.5,0.4,,
5379700,1995,12793,1994,"AT","",659573,3,9,104,5,55,6,3,1,0,0,2,10.8333,1,0.6667,1,1
5379738,1995,12793,1993,"AT","",,1,8,123,5,53,5,0,1,,0,,4.8,,,,
5379983,1995,12793,1993,"AT","",605520,3,6,251,5,53,5,0,0.8,,0,,21.2,0,0,,
5380081,1995,12793,1994,"AT","",,1,10,312,6,65,2,1,0.5,0,0,2,23.5,,,,
5381102,1995,12793,1994,"AT","",478430,3,7,324,4,43,12,0,1,,0.75,,7.1667,0,0,,
5381818,1995,12800,1993,"AT","",315915,3,9,137,6,69,3,1,1,0,0.4444,2,17,0,0,0,0
5381958,1995,12800,1993,"AT","",708054,3,6,239,5,59,7,0,0,,,,70.8571,0,0,,
5382024,1995,12800,1993,"AT","",708065,3,9,273,6,62,2,5,1,0.32,0,2.8,7.5,0,0,0,0
5382145,1995,12800,1993,"AT","",703264,3,38,425,5,51,10,4,0.9,0.375,0.3457,2.75,13.2,0,0,0,0
5382335,1995,12800,1992,"AT","",684162,3,24,205,1,19,7,3,0.8571,0,0,4.6667,18.5714,0,0,0,0
5382649,1995,12800,1993,"AT","",100350,3,4,528,1,15,12,1,1,0,0.5972,3,8.1667,0,0,0,0
5382840,1995,12800,1992,"AT","",512710,3,6,327,4,41,6,5,1,0,0,4.2,4.1667,0,0,0,0
5383074,1995,12800,1992,"AT","",601715,2,11,360,2,24,3,2,1,0,0,3,8,0,0,0,0
5383273,1995,12807,1993,"AT","",601715,2,3,30,6,65,11,0,1,,0.1653,,6.4545,0.8182,0.8182,,
5383284,1995,12807,1993,"AT","",485230,3,5,33,6,69,4,1,1,0,0.625,4,4.5,0.25,0.25,0,0
5383345,1995,12807,1993,"AT","",,1,4,70,6,65,14,2,0.9286,0.5,0.2722,3.5,12.7857,,,,
5383785,1995,12807,1993,"AT","",142155,3,5,433,3,39,4,5,0.5,0.64,0,3.2,47.75,0,0,0.25,0.2
5384007,1995,12807,1993,"AT","",496260,3,18,216,1,19,2,2,0,0.5,,2,48.5,0,0,0,0
5384347,1995,12807,1993,"AT","",100350,3,6,524,1,15,8,0,0.75,,0.6111,,25.5,0,0,,
5384390,1995,12807,1991,"AT","",334005,3,6,528,1,15,4,1,1,0,0.375,4,10.75,0.25,0.25,0,0
5384467,1995,12807,1993,"AT","",48850,3,14,250,4,44,4,1,1,0,0.375,5,10.25,0,0,0,0
5384932,1995,12814,1993,"AT","",,1,7,15,6,69,7,1,0.1429,0,0,4,32.8571,,,,
5384941,1995,12814,1992,"AT","",708342,3,9,24,6,63,1,0,1,,0,,11,0,0,,
5384944,1995,12814,1993,"AT","",570780,3,2,28,6,63,7,2,0.7143,0,0.56,3.5,19.7143,0.25,0.1429,0,0
5385364,1995,12814,1992,"AT","",695686,3,21,280,5,55,5,2,1,0,0,2.5,12.6,0,0,0,0
5385524,1995,12814,1993,"AT","",,1,4,482,5,59,8,0,1,,0.2188,,7.625,,,,
5386097,1995,12814,1993,"AT","",496260,3,26,219,4,49,1,3,1,0,0,2.6667,2,1,1,0,0
5386631,1995,12821,1993,"AT","",601715,2,4,30,6,65,4,0,1,,0,,4.5,0.5,0.5,,
5386650,1995,12821,1993,"AT","",708501,3,10,36,6,63,15,1,1,0,0,4,9.8,0,0,0,0
5386806,1995,12821,1993,"AT","",660881,3,15,123,5,53,30,5,1,0,0.1267,2.6,8.9,0,0,0,0
5386966,1995,12821,1994,"AT","",708038,3,18,251,5,53,2,1,1,0,0.5,0,17.5,0,0,1,1
5387454,1995,12821,1994,"AT","",570780,3,8,428,6,69,3,0,1,,0.4444,,6.6667,0,0,,
5388000,1995,12821,1993,"AT","",,1,18,359,5,54,5,0,0.4,,0.5,,34,,,,
5388008,1995,12821,1992,"AT","",601715,2,7,360,2,24,3,0,1,,0.4444,,9.3333,0,0,,
5388015,1995,12821,1993,"AT","",144635,3,9,360,2,24,5,1,1,0,0.64,3,13.4,0,0,0,0
5388309,1995,12828,1993,"AT","",230995,3,10,16,5,59,1,4,1,0,0,2.75,2,0,0,0.5,0.25
5389328,1995,12828,1993,"AT","",104245,2,8,264,5,51,8,0,1,,0.6563,,17.75,0,0,,
5391231,1995,12835,1993,"AT","",52295,3,19,118,1,12,8,2,1,0.5,0.8438,3.5,5.875,0,0,0,0
5391491,1995,12835,1992,"AT","",267890,3,8,435,3,33,4,5,1,0,0,2.8,12.25,0,0,1,1
5391973,1995,12835,1992,"AT","",708956,3,19,320,4,45,11,0,1,,0.1653,,11.7273,0,0,,
5392497,1995,12842,1993,"AT","",,1,13,24,6,63,12,4,0.9167,0.375,0.314,4,17.6667,,,,
5392714,1995,12842,1994,"AT","",545230,3,5,102,1,19,6,0,0.8333,,0,,16.1667,0,0,,
5392869,1995,12842,1993,"AT","",688877,3,7,175,6,64,7,0,0.8571,,0.4444,,22.7143,0,0,,
5393140,1995,12842,1994,"AT","",,1,11,366,1,19,6,2,1,0,0.5,2,10,,,,
5393225,1995,12842,1993,"AT","",709090,3,4,432,6,66,2,0,1,,0.5,,6.5,0,0,,
5393531,1995,12842,1992,"AT","",,1,8,424,3,31,8,3,1,0.4444,0.375,5.3333,8.25,,,,
5393666,1995,12842,1993,"AT","",267890,3,4,435,3,33,2,4,1,0.625,0,2.75,11,0,0,0,0
5394475,1995,12842,1992,"AT","",,1,20,381,4,49,4,1,1,0,0.5,2,11.5,,,,
5394702,1995,12849,1994,"AT","",251885,3,8,60,4,45,4,1,0.75,0,0.4444,3,28,1,0.25,0,0
5394718,1995,12849,1993,"AT","",483691,3,7,70,6,65,6,1,1,0,0.6111,5,5.1667,0,0,1,1
5394725,1995,12849,1993,"AT","",,1,27,72,5,52,2,0,1,,0,,4,,,,
5394944,1995,12849,1993,"AT","",659573,3,9,171,6,64,10,4,1,0.625,0.64,1.25,6.8,0.8889,0.8,1,1
5395063,1995,12849,1993,"AT","",,1,6,241,5,51,2,3,1,0.4444,0,2.3333,15,,,,
5395169,1995,12849,1994,"AT","",298825,3,7,384,5,59,10,1,0.5,0,0.48,2,29.8,0.4,0.2,0,0
5395576,1995,12849,1993,"AT","",684001,3,6,264,5,51,13,1,1,0,0.568,1,16.6923,0,0,0,0
5396771,1995,12856,1992,"AT","",,1,12,60,4,45,9,0,0.6667,,0.2778,,28.4444,,,,
5397142,1995,12856,1993,"AT","",,1,12,280,5,55,7,1,0.8571,0,0.2778,3,19.1429,,,,
5397164,1995,12856,1992,"AT","",,5,5,297,6,65,7,12,1,0,0,4,7.4286,,,,
5397532,1995,12856,1993,"AT","",371885,3,5,419,5,52,5,0,1,,0.72,,12.8,0,0,,
5398364,1995,12863,1993,"AT","",709602,3,14,15,6,69,6,1,0.8333,0,0.32,2,15.3333,0,0,0,0
5398399,1995,12863,1993,"AT","",696632,3,6,29,5,52,2,3,1,0,0,2.3333,5,0,0,0,0
5398470,1995,12863,1994,"AT","",709615,3,14,52,6,69,20,3,0.95,0.4444,0.2825,2,16.6,0,0,0,0
5398969,1995,12863,1993,"AT","",709672,3,5,280,5,55,7,0,0.8571,,0.5,,18,0,0,,
5399287,1995,12863,1993,"AT","",247990,3,6,510,1,19,7,1,1,0,0,3,5.4286,0.3333,0.2857,0,0
5399731,1995,12863,1992,"AT","",709733,3,16,554,1,14,2,0,0.5,,0,,32.5,0,0,,
5400304,1995,12863,1993,"AT","",156055,3,3,368,6,69,2,1,1,0,0,5,12,0,0,0,0
5400398,1995,12863,1993,"AT","",601715,2,16,379,2,21,4,0,1,,0,,4.5,0,0,,
5400508,1995,12870,1993,"AT","",601715,2,4,30,6,65,1,0,1,,0,,7,0,0,,
5400718,1995,12870,1993,"AT","",659573,3,12,105,5,55,4,4,1,0.625,0.625,3.25,4,0.5,0.5,1,1
5401114,1995,12870,1993,"AT","",,1,9,404,6,69,6,8,0.8333,0.4063,0.72,3.75,26.1667,,,,
5401203,1995,12870,1993,"AT","",,1,8,450,6,63,3,2,0.3333,0,0,3.5,40.3333,,,,
5401294,1995,12870,1993,"AT","",,1,9,75,5,52,4,3,0.5,0.4444,0.5,2.6667,30.75,,,,
5401484,1995,12870,1993,"AT","",100960,3,17,423,1,19,3,0,0.6667,,0.5,,21.3333,0,0,,
5401841,1995,12870,1993,"AT","",491585,3,11,540,1,14,3,1,1,0,0,4,11,0,0,0,0
5402449,1995,12870,1992,"AT","",512710,3,8,375,2,21,7,7,1,0.6122,0.2449,3.2857,7.1429,0,0,0,0
5402547,1995,12877,1994,"AT","",659573,3,11,15,6,69,5,2,0.8,0.5,0.5,2,16.6,0.25,0.2,0.5,0.5
5402639,1995,12877,1992,"AT","",,1,11,60,4,45,7,1,1,0,0.7755,4,11.2857,,,,
5402686,1995,12877,1994,"AT","",710035,3,2,73,4,43,4,4,0.5,0.375,0.5,2,36,0,0,0,0
5402962,1995,12877,1993,"AT","",684267,3,5,242,5,51,8,0,1,,0.4063,,8.375,0,0,,
5403349,1995,12877,1994,"AT","",350580,3,20,606,3,32,9,5,0.8889,0,0.2188,2.6,15.3333,0,0,0,0
5403550,1995,12877,1993,"AT","",,1,4,422,1,19,12,2,0.8333,0.5,0.7,4,18.6667,,,,
5403564,1995,12877,1993,"AT","",,5,13,422,1,19,12,6,1,0.7222,0.5139,2.8333,11.4167,,,,
5403872,1995,12877,1993,"AT","",320030,3,19,523,1,15,4,2,1,0,0.375,3,4.5,0,0,0,0
5403978,1995,12877,1992,"AT","",601715,2,12,174,4,41,4,0,1,,0.375,,11,0,0,,
5404655,1995,12884,1993,"AT","",312295,3,22,34,1,19,2,0,1,,0.5,,4.5,0,0,,
5404737,1995,12884,1993,"AT","",483691,3,6,70,6,65,4,4,0.75,0.375,0.4444,4.25,31.25,0,0,0.25,0.25
5405178,1995,12884,1992,"AT","",83855,3,10,297,6,65,9,0,1,,0.1975,,8.2222,0,0,,
5405425,1995,12884,1992,"AT","",100350,3,8,71,1,11,7,1,1,0,0.7347,5,10.5714,0,0,0,0
5406190,1995,12884,1993,"AT","",512710,3,16,322,4,45,8,0,1,,0.5625,,13.5,0,0,,
5406461,1995,12884,1992,"AT","",685294,3,12,362,4,42,13,1,1,0,0.7456,5,12.9231,0,0,0,0
5406677,1995,12891,1993,"AT","",230995,3,10,16,5,59,1,2,1,0,0,3.5,2,1,1,0,0
5407398,1995,12891,1992,"AT","",,1,15,475,5,53,5,0,0.8,,0,,32.2,,,,
5407641,1995,12891,1993,"AT","",,5,3,422,1,19,11,5,1,0.32,0.5455,3.2,8.0909,,,,
5407829,1995,12891,1993,"AT","",683957,3,15,436,1,19,19,4,0.8947,0.75,0.7751,3.5,11.9474,0,0,0,0
5408378,1995,12891,1993,"AT","",601715,2,10,360,2,24,4,0,1,,0,,8,0.25,0.25,,
5408489,1995,12891,1993,"AT","",52295,3,18,372,4,42,6,2,1,0.5,0.7222,2.5,7.8333,0,0,0,0
5408736,1995,12898,1993,"AT","",371885,3,17,29,5,52,4,1,1,0,0.625,2,4.5,0.25,0.25,0,0
5408762,1995,12898,1992,"AT","",158936,3,12,36,6,63,11,0,1,,0.314,,10.9091,0.1,0.0909,,
5409252,1995,12898,1993,"AT","",198860,3,4,280,5,55,4,0,1,,0,,14.75,0.3333,0.25,,
5409532,1995,12898,1993,"AT","",334005,3,11,106,1,12,16,11,0.9375,0.7769,0.8356,3.5455,19.5,0.2857,0.25,0.4545,0.4545
5409712,1995,12898,1990,"AT","",154640,3,10,424,3,31,9,0,1,,0.5185,,6.3333,0.125,0.1111,,
5409972,1995,12898,1992,"AT","",609790,3,15,523,1,15,4,0,1,,0,,9.75,0.75,0.75,,
5409990,1995,12898,1993,"AT","",267890,3,8,525,1,15,2,1,1,0,0,2,5,0,0,0,0
5410022,1995,12898,1993,"AT","",267890,3,26,530,1,15,16,6,1,0.2778,0.5703,1.3333,8.25,0,0,0.8333,0.8333
5410375,1995,12898,1992,"AT","",,1,18,351,3,39,8,4,1,0.625,0.6875,3.25,8.875,,,,
5410412,1995,12898,1994,"AT","",325126,2,5,356,4,43,6,5,1,0.64,0.6667,1.4,12.3333,0,0,0,0
5410566,1995,12898,1992,"AT","",613475,3,5,373,6,66,10,8,0.9,0.375,0.716,4.625,17.6,0,0,0.25,0.25
5410716,1995,12898,1990,"AT","",,1,13,700,2,22,2,0,1,,0.5,,6.5,,,,
5411060,1995,12905,1992,"AT","",,1,9,138,6,67,10,0,1,,0.58,,10.3,,,,
5411240,1995,12905,1994,"AT","",710818,3,2,266,5,52,0,1,,0,,3,,,,1,1
5411278,1995,12905,1994,"AT","",317635,3,4,280,5,55,13,12,0.6923,0.1528,0.4444,2.3333,20.7692,0,0,0,0
5411283,1995,12905,1993,"AT","",701173,3,5,280,5,55,2,1,1,0,0,2,11,0,0,0,0
5411375,1995,12905,1993,"AT","",254340,3,5,417,5,53,5,2,0.8,0.5,0.625,2.5,25.2,0,0,0.5,0.5
5411669,1995,12905,1993,"AT","",684162,3,28,210,1,19,7,2,0.8571,0.5,0.6111,2.5,23.5714,0,0,0,0
5412110,1995,12905,1992,"AT","",100350,3,11,549,1,14,2,0,1,,0,,4,0,0,,
5412781,1995,12905,1992,"AT","",512710,3,4,710,2,22,5,5,1,0.56,0.56,3.6,8,0,0,0.2,0.2
5412827,1995,12912,1994,"AT","",601715,2,7,15,6,69,1,1,1,0,0,3,20,0,0,0,0
5412876,1995,12912,1994,"AT","",,1,11,33,6,69,3,0,1,,0,,6.6667,,,,
5413076,1995,12912,1994,"AT","",478430,3,27,123,5,53,7,5,1,0,0.5714,2,7.7143,0,0,0,0
5413156,1995,12912,1993,"AT","",,1,36,141,5,51,4,3,1,0.4444,0.375,2.6667,6.75,,,,
5413230,1995,12912,1993,"AT","",711010,3,8,215,6,68,11,3,0.8182,0.6667,0.5679,2.3333,23,0,0,0,0
5413370,1995,12912,1993,"AT","",701173,3,8,280,5,55,2,1,1,0,0,2,9,0,0,0,0
5413819,1995,12912,1993,"AT","",491585,3,11,427,1,12,17,1,0.9412,0,0.3281,3,12.1765,0.1333,0.1176,0,0
5413872,1995,12912,1994,"AT","",246700,3,16,428,6,69,11,3,0.8182,0.6667,0.6914,1.6667,22.6364,0,0,0,0
5414083,1995,12912,1994,"AT","",100350,3,5,544,1,14,3,9,1,0,0.6667,2.5556,3.6667,0.3333,0.3333,0,0
5414606,1995,12912,1993,"AT","",156055,3,17,362,4,42,3,1,0.3333,0,0,4,47,0,0,0,0
5414922,1995,12919,1993,"AT","",699667,3,9,29,5,52,3,0,0.6667,,0,,25,0,0,,
5414930,1995,12919,1993,"AT","",601715,2,5,30,6,65,10,1,0.9,0,0.1975,3,13.1,0.7778,0.7,0,0
5415248,1995,12919,1993,"AT","",142155,3,10,184,5,59,8,0,1,,0.2188,,7.375,0,0,,
5415533,1995,12919,1993,"AT","",478430,3,22,417,5,53,9,2,0.6667,0.5,0.5,3,24.7778,0.4,0.2222,0,0
5415674,1995,12919,1994,"AT","",499111,2,11,51,5,59,1,5,1,0.8,0,1.6,2,0,0,0,0
5415823,1995,12919,1994,"AT","",,5,11,264,5,51,7,0,0.7143,,0.72,,18.7143,,,,
5415870,1995,12919,1993,"AT","",,5,30,424,3,31,6,3,0.8333,0,0,1.6667,22.3333,,,,
5417212,1995,12926,1994,"AT","",,1,10,600,3,32,18,1,1,0,0.6296,3,7.3889,,,,
5417264,1995,12926,1994,"AT","",,1,12,144,5,51,3,0,0,,,,66,,,,
5417856,1995,12926,1993,"AT","",,1,9,210,1,19,13,4,1,0,0.355,3.5,10.6923,,,,
5417865,1995,12926,1993,"AT","",684162,3,19,210,1,19,10,0,0.9,,0.5185,,12.8,0,0,,
5418669,1995,12926,1993,"AT","",601715,2,18,360,2,24,2,0,1,,0,,6.5,0.5,0.5,,
5419026,1995,12933,1994,"AT","",230995,3,1,29,5,52,3,0,0.3333,,0,,67.6667,0,0,,
5419160,1995,12933,1993,"AT","",,1,7,60,4,45,10,0,0.3,,0.6667,,47.9,,,,
5419259,1995,12933,1994,"AT","",659573,3,4,104,5,55,4,3,1,0.6667,0,2,16.75,1,0.5,0.6667,0.6667
5419290,1995,12933,1994,"AT","",660881,3,12,123,5,53,29,6,1,0,0.1308,2.6667,9.2759,0,0,0,0
5419326,1995,12933,1994,"AT","",711553,3,9,600,3,32,3,1,1,0,0,2,15.3333,0,0,0,0
5419630,1995,12933,1993,"AT","",298825,3,29,312,6,65,7,0,1,,0,,7.1429,0.4286,0.4286,,
5419634,1995,12933,1994,"AT","",,1,10,366,1,19,3,0,1,,0.4444,,20.6667,,,,
5419675,1995,12933,1994,"AT","",684267,3,3,414,5,51,6,0,1,,0.6667,,9.8333,0,0,,
5421063,1995,12940,1993,"AT","",230995,3,5,16,5,59,8,0,0.75,,0,,28,0,0,,
5421151,1995,12940,1994,"AT","",,1,3,57,6,63,13,0,1,,0,,10.6154,,,,
5421462,1995,12940,1993,"AT","",694048,3,13,209,5,51,4,1,1,0,0.375,4,11.5,0,0,0,0
5421648,1995,12940,1993,"AT","",230995,3,8,312,6,65,3,2,1,0,0.6667,1.5,16.3333,0,0,0,0
5421996,1995,12940,1993,"AT","",,1,4,210,1,19,3,1,1,0,0.4444,3,15,,,,
5423201,1995,12947,1993,"AT","",613475,3,21,72,5,52,4,1,0.25,0,0,2,58.5,0,0,0,0
5423347,1995,12947,1993,"AT","",,1,9,137,6,69,5,1,1,0,0.64,4,8.8,,,,
5423833,1995,12947,1993,"AT","",703078,2,12,606,3,32,2,2,0,0,,2.5,38,0,0,0,0
5423970,1995,12947,1993,"AT","",52295,3,19,204,1,19,4,3,1,0.4444,0,3.3333,6,0,0,0,0
5423982,1995,12947,1994,"AT","",711999,2,11,210,1,19,23,4,1,0,0.0832,3.5,8.087,0,0,0,0
5424302,1995,12947,1994,"AT","",665855,3,16,514,3,31,8,1,1,0,0.7813,3,14.25,0,0,0,0
5424603,1995,12947,1993,"AT","",601715,2,5,313,4,42,2,2,1,0,0,1,5.5,0,0,0,0
5425644,1995,12954,1993,"AT","",,1,17,434,6,69,3,6,0.3333,0,0,3.8333,24.3333,,,,
5425675,1995,12954,1993,"AT","",154940,3,7,464,5,53,8,0,1,,0.6875,,12,0,0,,
5425970,1995,12954,1993,"AT","",248680,3,5,427,1,12,13,6,1,0.2778,0.6391,3.6667,5.8462,0,0,0.8,0.6667
5425979,1995,12954,1994,"AT","",687857,3,11,428,6,69,4,0,1,,0.75,,14.75,0,0,,
5426078,1995,12954,1993,"AT","",607165,3,16,501,1,19,10,0,0.8,,0.4063,,21.9,0,0,,
5426428,1995,12954,1993,"AT","",712243,3,17,340,2,21,7,1,1,0,0.6122,3,11.7143,0,0,0,0
5427481,1995,12961,1994,"AT","",251885,3,16,408,5,51,5,3,0.8,0.4444,0.375,2.6667,14.2,0.75,0.6,0.3333,0.3333
5427517,1995,12961,1994,"AT","",337995,3,15,425,5,51,6,0,1,,0.5,,18.6667,0,0,,
5427608,1995,12961,1994,"AT","",712385,3,8,95,1,13,5,4,0.8,0.375,0.625,1.75,19.8,0,0,0,0
5428859,1995,12968,1993,"AT","",,1,12,15,6,69,9,0,0.4444,,0,,27.3333,,,,
5428932,1995,12968,1994,"AT","",,1,12,52,6,69,5,0,0.4,,0,,51.4,,,,
5429263,1995,12968,1994,"AT","",,1,16,220,6,68,15,3,0.7333,0.6667,0.7934,1.6667,23.4667,,,,
5429435,1995,12968,1994,"AT","",,1,23,366,1,19,5,1,1,0,0.48,3,5.8,,,,
5429605,1995,12968,1994,"AT","",560925,2,12,604,3,32,8,6,1,0.2778,0.5,2.6667,4.125,0,0,0,0
5431005,1995,12975,1994,"AT","",,1,1,57,6,63,5,5,1,0.48,0.32,2.6,4.6,,,,
5431108,1995,12975,1994,"AT","",659573,3,8,104,5,55,2,0,0.5,,0,,34.5,0,0,,
5431427,1995,12975,1993,"AT","",198860,3,17,280,5,55,10,4,1,0,0,3.25,10.7,0,0,0,0
5431443,1995,12975,1994,"AT","",545230,3,8,280,5,55,7,0,0.7143,,0.56,,19.1429,0,0,,
5432062,1995,12975,1993,"AT","",267890,3,12,435,3,33,8,2,0.875,0,0.449,2,11.375,0,0,0.5,0.5
5432086,1995,12975,1993,"AT","",730651,3,10,435,3,33,8,3,1,0,0.6875,2.6667,16.75,0,0,0,0
5432170,1995,12975,1993,"AT","",496855,3,17,514,3,31,11,0,1,,0.4298,,8.8182,0.25,0.1818,,
5433466,1995,12982,1993,"AT","",,1,18,280,5,55,5,0,0.4,,0.5,,64.6,,,,
5433517,1995,12982,1993,"AT","",18011,3,11,312,6,65,2,3,1,0.4444,0.5,2.6667,3.5,0,0,0,0
5433524,1995,12982,1994,"AT","",,1,34,366,1,19,8,4,0.625,0.375,0.56,1.5,28.375,,,,
5433774,1995,12982,1993,"AT","",712982,3,52,106,1,12,14,5,0.8571,0.72,0.6111,3,19.2143,0,0,0,0
5434187,1995,12982,1992,"AT","",,1,7,514,3,31,2,0,1,,0.5,,16,,,,
5434279,1995,12982,1994,"AT","",,1,17,554,1,14,0,0,,,,,,,,,
5434542,1995,12982,1994,"AT","",512696,3,8,331,4,41,4,0,1,,0.375,,4.5,0,0,,
5435081,1995,12989,1993,"AT","",659573,3,6,37,6,64,12,1,0.75,0,0.3457,3,23.9167,0.2222,0.1667,0,0
5435252,1995,12989,1994,"AT","",659573,3,20,104,5,55,5,0,0.6,,0.4444,,26.2,0.5,0.2,,
5435526,1995,12989,1993,"AT","",,1,33,266,5,52,3,0,1,,0.4444,,14.6667,,,,
5435832,1995,12989,1994,"AT","",696378,3,14,75,5,52,7,0,0.5714,,0.375,,24.2857,0,0,,
5436031,1995,12989,1993,"AT","",286530,3,12,427,1,12,5,0,0.4,,0.5,,36.8,0,0,,
5436087,1995,12989,1994,"AT","",703908,3,12,429,4,45,4,1,1,0,0,0,10.5,0,0,0,0
5436256,1995,12989,1993,"AT","",100350,3,8,548,1,14,2,0,1,,0,,2.5,0.5,0.5,,
5436460,1995,12989,1993,"AT","",268735,3,10,250,4,44,3,1,1,0,0,3,9.3333,0.3333,0.3333,1,1
5436825,1995,12989,1994,"AT","",713224,3,7,363,4,45,8,3,1,0,0.2188,1.3333,6.25,0,0,0,0
5437234,1995,12996,1994,"AT","",746537,3,12,105,5,55,1,1,1,0,0,4,24,0,0,0,0
5437452,1995,12996,1993,"AT","",713306,3,16,273,6,62,1,1,0,0,,2,72,0,0,0,0
5437468,1995,12996,1992,"AT","",68390,3,5,280,5,55,7,4,1,0,0,3.75,6.8571,0,0,0,0
5437776,1995,12996,1994,"AT","",,1,8,205,1,19,2,0,1,,0,,17,,,,
5438838,1995,13003,1994,"AT","",700173,3,20,62,6,69,11,0,0.8182,,0.5185,,21.1818,0,0,,
5439147,1995,13003,1993,"AT","",758631,3,7,222,1,19,10,2,0.6,0.5,0.2778,2.5,28.9,0,0,0,0
5439284,1995,13003,1993,"AT","",230995,3,6,312,6,65,3,1,1,0,0,2,10,0,0,0,0
5439334,1995,13003,1994,"AT","",230995,3,3,409,5,51,6,0,1,,0.6111,,13.5,0,0,,
5439504,1995,13003,1994,"AT","",613475,3,13,75,5,52,3,4,0.6667,0.375,0.5,2.75,24,0,0,0.25,0.25
5440188,1995,13003,1994,"AT","",48850,3,16,310,4,45,8,3,1,0.4444,0.6875,1.3333,9.375,0.25,0.25,0,0
5441028,1995,13010,1994,"AT","",478430,3,17,123,5,53,13,16,1,0.2188,0.5562,2.0625,8.3077,0,0,0,0
5441029,1995,13010,1994,"AT","",478430,3,16,123,5,53,11,11,1,0.2975,0.4628,2,10.2727,0.1818,0.1818,0.0909,0.0909
5441242,1995,13010,1993,"AT","",713694,3,3,266,5,52,2,0,1,,0.5,,6.5,0,0,,
5441342,1995,13010,1994,"AT","",,1,32,366,1,19,4,1,1,0,0.375,3,13.5,,,,
5441390,1995,13010,1994,"AT","",710818,3,6,417,5,53,6,1,0.3333,0,0.5,2,42.3333,0,0,0,0
5441408,1995,13010,1994,"AT","",711325,3,19,433,3,39,9,3,0.7778,0,0.2449,2,20.1111,0,0,0,0
5441611,1995,13010,1994,"AT","",247990,3,20,205,1,19,3,1,1,0,0.4444,2,15.6667,0,0,0,0
5441625,1995,13010,1994,"AT","",683957,3,5,204,1,19,2,1,1,0,0.5,2,9,0,0,0,0
5441701,1995,13010,1994,"AT","",683957,3,5,422,1,19,6,0,1,,0.5,,9.3333,0,0,,
5442818,1995,13017,1993,"AT","",,1,25,2,6,63,11,4,0.8182,0,0.1975,2.5,23,,,,
5442836,1995,13017,1994,"AT","",,1,8,19,1,11,7,2,1,0,0.2449,1,8.1429,,,,
5442843,1995,13017,1994,"AT","",298825,3,16,29,5,52,6,1,0.8333,0,0.56,3,30,0.3333,0.1667,0,0
5443107,1995,13017,1993,"AT","",,1,5,160,6,69,6,0,0.1667,,0,,46,,,,
5443137,1995,13017,1994,"AT","",713852,3,22,182,6,65,1,0,1,,0,,8,0,0,,
5443147,1995,13017,1994,"AT","",545230,3,10,192,5,53,3,4,1,0.625,0.4444,2.25,24.6667,0,0,0,0
5443520,1995,13017,1993,"AT","",713888,3,15,623,3,39,4,0,1,,0,,5.25,0,0,,
5443599,1995,13017,1994,"AT","",695061,3,10,8,1,11,8,0,0.375,,0.4444,,37.125,1,0.125,,
5443676,1995,13017,1994,"AT","",496260,3,6,156,1,19,4,0,1,,0,,10.75,0,0,,
5443677,1995,13017,1994,"AT","",496260,3,9,156,1,19,3,0,0.3333,,0,,35.6667,0,0,,
5444053,1995,13017,1993,"AT","",713946,3,12,514,3,31,3,2,1,0,0,3,5,0,0,0,0
5444938,1995,13024,1993,"AT","",714040,3,8,47,6,61,1,0,0,,,,109,0,0,,
5445082,1995,13024,1993,"AT","",714052,3,14,105,5,55,8,0,0.75,,0.2778,,19.75,0,0,,
5445668,1995,13024,1993,"AT","",613475,3,14,75,5,52,2,2,1,0.5,0,3,6,0,0,1,1
5445953,1995,13024,1991,"AT","",267890,3,26,435,3,33,0,0,,,,,,,,,
5446254,1995,13024,1993,"AT","",184980,3,20,219,4,49,7,1,0.5714,0,0.625,3,39.2857,1,0.2857,1,1
5447633,1995,13031,1994,"AT","",709090,3,21,210,1,19,8,3,1,0,0,2.3333,12.375,0,0,0,0
5447840,1995,13031,1994,"AT","",69975,3,5,435,3,33,1,0,1,,0,,2,0,0,,
5449312,1995,13038,1993,"AT","",,1,24,451,5,51,5,1,1,0,0.72,3,8.8,,,,
5449364,1995,13038,1994,"AT","",601715,2,15,606,3,32,22,0,0.8182,,0.3765,,16.2273,0.2,0.0909,,
5450199,1995,13038,1994,"AT","",485230,3,7,356,4,43,8,4,0.875,0.625,0.4082,1.25,12.5,0,0,0,0
5450946,1995,13045,1994,"AT","",545930,3,39,198,5,59,8,2,0.875,0.5,0.5714,2,12.75,0,0,0,0
5452528,1995,13052,1994,"AT","",659573,3,12,37,6,64,8,4,1,0.375,0.5313,1.5,7.25,0.75,0.75,1,1
5452662,1995,13052,1994,"AT","",746537,3,9,104,5,55,6,0,0.5,,0,,36.8333,0.3333,0.1667,,
5452833,1995,13052,1994,"AT","",601715,2,19,226,5,51,8,4,0.875,0.375,0.5714,2.25,22.75,0,0,0,0
5452904,1995,13052,1993,"AT","",315915,3,8,277,6,67,6,2,0.8333,0.5,0.32,3.5,17.5,0,0,1,0.5
5452952,1995,13052,1993,"AT","",230995,3,5,312,6,65,5,1,1,0,0,2,13.4,0.25,0.2,0,0
5453194,1995,13052,1993,"AT","",334005,3,8,210,1,19,10,1,1,0,0.18,2,6.7,0,0,0,0
5453515,1995,13052,1993,"AT","",100350,3,4,548,1,14,8,0,1,,0.75,,18.875,0,0,,
5454144,1995,13059,1994,"AT","",298825,3,16,16,5,59,6,2,1,0,0.2778,2.5,10.5,0.4,0.3333,0.5,0.5
5454519,1995,13059,1994,"AT","",,5,18,241,5,51,8,3,1,0.6667,0.5313,1,4.25,,,,
5454525,1995,13059,1993,"AT","",286400,3,13,242,5,51,9,0,0.5556,,0.56,,37.5556,0,0,,
5454644,1995,13059,1993,"AT","",,1,4,383,6,68,4,2,0.75,0.5,0.4444,4,20.5,,,,
5454709,1995,13059,1994,"AT","",174660,3,8,425,5,51,6,4,1,0,0,2,2,0.1667,0.1667,0.5,0.25
5454852,1995,13059,1994,"AT","",613475,3,22,75,5,52,4,0,1,,0.375,,23.5,0,0,,
5456127,1995,13066,1994,"AT","",64155,3,1,73,4,43,11,2,1,0.5,0.4298,2,11.8182,0,0,0.5,0.5
5456180,1995,13066,1994,"AT","",659573,3,8,104,5,55,12,2,1,0.5,0.1528,1.5,7,0.9167,0.9167,1,1
5456181,1995,13066,1994,"AT","",659573,3,13,104,5,55,4,4,1,0.375,0.75,2,7.25,0.75,0.75,0.75,0.75
5456233,1995,13066,1994,"AT","",478430,3,12,123,5,53,7,12,0.8571,0.1528,0,2.5,14.4286,0,0,0.25,0.25
5456300,1995,13066,1994,"AT","",689780,3,26,144,5,51,7,2,1,0,0,2.5,12.7143,0,0,0,0
5456307,1995,13066,1994,"AT","",613475,3,7,164,5,52,1,6,1,0.7222,0,2.1667,7,0,0,0.3333,0.3333
5456717,1995,13066,1993,"AT","",713888,3,13,623,3,39,12,0,1,,0,,5.3333,0,0,,
5457822,1995,13073,1994,"AT","",715178,3,16,4,6,65,8,0,0.625,,0.32,,33,0,0,,
5457868,1995,13073,1994,"AT","",684267,3,15,29,5,52,17,3,0.9412,0.6667,0.5781,2,16.1176,0,0,0,0
5458413,1995,13073,1995,"AT","",298825,3,6,312,6,65,2,2,1,0,0,0.5,9,0.5,0.5,0.5,0.5
5458816,1995,13073,1994,"AT","",246515,3,18,261,1,19,6,2,0.8333,0,0,1.5,17.1667,0.25,0.1667,0,0
5458990,1995,13073,1994,"AT","",,5,6,429,4,45,0,2,,0.5,,1.5,,,,,
5459390,1995,13073,1994,"AT","",703908,3,16,320,4,45,16,0,1,,0.5391,,8.5625,0,0,,
5459927,1995,13080,1994,"AT","",601715,2,7,30,6,65,3,2,1,0,0.4444,3,19.3333,0,0,0.5,0.5
5460332,1995,13080,1992,"AT","",,1,8,241,5,51,13,6,0.6154,0.6111,0.2188,4,31,,,,
5460336,1995,13080,1993,"AT","",601715,2,21,242,5,51,7,0,1,,0.6122,,12,0.1667,0.1429,,
5460444,1995,13080,1994,"AT","",,1,20,366,1,19,3,0,0.6667,,0.5,,27.3333,,,,
5461315,1995,13080,1993,"AT","",706882,3,14,324,4,43,8,0,1,,0,,13.5,0,0,,
5462245,1995,13087,1993,"AT","",707337,3,11,246,5,55,5,1,0.8,0,0.75,3,26.6,0,0,0,0
5462349,1995,13087,1994,"AT","",230995,3,9,312,6,65,8,5,0.625,0,0,1.6,30.625,0,0,0.3333,0.2
5462557,1995,13087,1994,"AT","",601715,2,24,606,3,32,20,0,0.8,,0.4141,,17.4,0.25,0.1,,
5462578,1995,13087,1994,"AT","",,1,30,75,5,52,5,2,1,0.5,0.64,2.5,20.2,,,,
5462914,1995,13087,1994,"AT","",491585,3,9,504,1,11,8,1,0.875,0,0.4082,1,15.625,0,0,0,0
5463495,1995,13087,1994,"AT","",554880,3,10,359,5,54,3,1,0.3333,0,0,1,27,0,0,0,0
5463796,1995,13094,1994,"AT","",298825,3,14,16,5,59,0,1,,0,,2,,,,0,0
5463798,1995,13094,1993,"AT","",,1,8,24,6,63,1,0,0,,,,101,,,,
5463939,1995,13094,1994,"AT","",207575,3,10,99,6,61,6,3,1,0.4444,0.2778,3,8,1,0.5,0.3333,0.3333
5464364,1995,13094,1993,"AT","",371885,3,9,451,5,51,4,0,0.5,,0,,37,0,0,,
5464396,1995,13094,1994,"AT","",267890,3,38,604,3,32,13,4,0.9231,0.375,0.4028,2,15.7692,0,0,0,0
5464587,1995,13094,1994,"AT","",683957,3,13,422,1,19,3,2,1,0.5,0.4444,3,4.6667,0,0,0,0
5464614,1995,13094,1993,"AT","",69975,3,6,424,3,31,5,2,1,0.5,0.32,2.5,4.4,0.2,0.2,0,0
5465943,1995,13101,1993,"AT","",715949,3,25,266,5,52,3,0,0.6667,,0,,24.6667,0,0,,
5466429,1995,13101,1994,"AT","",100350,3,8,423,1,19,1,0,1,,0,,3,1,1,,
5466743,1995,13101,1993,"AT","",286400,3,7,524,1,15,2,2,1,0.5,0.5,3,15,0,0,0,0
5467089,1995,13101,1993,"AT","",512710,3,1,341,2,22,7,2,1,0,0.2449,3,4.7143,0,0,0,0
5467416,1995,13101,1994,"AT","",156055,3,7,385,2,21,9,0,1,,0.4938,,9.2222,0,0,,
5467494,1995,13108,1994,"AT","",601715,2,5,15,6,69,1,1,1,0,0,3,25,0,0,1,1
5467717,1995,13108,1994,"AT","",659573,3,11,104,5,55,8,0,1,,0,,6.625,0.875,0.875,,
5467923,1995,13108,1993,"AT","",716129,3,4,239,5,59,11,0,0.8182,,0.716,,19.1818,0,0,,
5468543,1995,13108,1993,"AT","",286400,3,9,428,6,69,9,0,1,,0.716,,7.7778,0,0,,
5469712,1995,13115,1994,"AT","",700173,3,17,62,6,69,3,1,1,0,0.4444,3,12,0,0,0,0
5469791,1995,13115,1994,"AT","",659573,3,10,104,5,55,6,4,1,0.625,0.6667,1,11.1667,1,0.8333,0.5,0.5
5469792,1995,13115,1993,"AT","",714052,3,25,105,5,55,1,0,0,,,,63,0,0,,
5470015,1995,13115,1995,"AT","",565195,3,10,229,6,68,4,0,1,,0.5,,15,0.3333,0.25,,
5470023,1995,13115,1994,"AT","",11385,3,37,241,5,51,11,0,0.7273,,0.6875,,22.5455,0,0,,
5470647,1995,13115,1994,"AT","",286530,3,14,442,1,11,6,11,1,0.4959,0.8333,2.8182,13.3333,0,0,0,0
5471016,1995,13115,1994,"AT","",601715,2,6,174,4,41,1,1,1,0,0,1,19,0,0,0,0
5471495,1995,13115,1992,"AT","",613475,3,28,373,6,66,11,3,0.8182,0,0.4938,3.5,20.2727,0,0,0.5,0.3333
5471883,1995,13122,1994,"AT","",48850,3,8,73,4,43,9,0,1,,0.5185,,12.3333,0,0,,
5472071,1995,13122,1994,"AT","",322065,3,6,188,5,53,6,0,0.8333,,0.72,,22,0,0,,
5472178,1995,13122,1994,"AT","",613475,3,6,266,5,52,4,0,0.5,,0.5,,27.5,0,0,,
5472378,1995,13122,1994,"AT","",545230,3,9,454,5,59,6,1,0.5,0,0,2,31.1667,0,0,0,0
5472767,1995,13122,1994,"AT","",,1,12,428,6,69,6,2,1,0.5,0.5,2.5,13.6667,,,,
5473145,1995,13122,1994,"AT","",517215,3,6,235,5,59,8,0,1,,0.2188,,6.25,0,0,,
5473265,1995,13122,1994,"AT","",512710,3,1,326,4,46,6,0,1,,0.2778,,1.5,0,0,,
5474155,1995,13129,1995,"AT","",714052,3,10,188,5,53,4,0,0.5,,0,,42,0,0,,
5474276,1995,13129,1994,"AT","",683957,3,10,251,5,53,4,0,0.75,,0.6667,,20.75,0,0,,
5474321,1995,13129,1994,"AT","",353695,3,25,280,5,55,9,1,1,0,0,3,9.6667,0,0,0,0
5474375,1995,13129,1994,"AT","",298825,3,8,312,6,65,6,0,1,,0.4444,,2.6667,0.6,0.5,,
5474430,1995,13129,1994,"AT","",478430,3,8,417,5,53,4,0,0.5,,0.5,,24.25,0.5,0.25,,
5474692,1995,13129,1995,"AT","",247990,3,19,508,5,59,10,1,0.8,0,0,2,15.4,0,0,0,0
5474720,1995,13129,1994,"AT","",685104,3,10,264,5,51,9,1,0.8889,0,0.2188,2,15.4444,0,0,0,0
5475141,1995,13129,1994,"AT","",100350,3,9,564,1,14,11,3,0.9091,0.4444,0.74,2.6667,14.6364,0,0,0,0
5475196,1995,13129,1993,"AT","",,1,4,219,4,49,8,2,0.75,0.5,0.6111,3.5,23.625,,,,
5476124,1995,13136,1994,"AT","",,1,3,141,5,51,8,2,1,0.5,0.5313,2.5,5.75,,,,
5476319,1995,13136,1994,"AT","",,1,17,366,1,19,4,2,1,0,0.375,3,6,,,,
5476380,1995,13136,1994,"AT","",698473,3,14,433,3,39,11,4,1,0,0.1653,2.75,13,0,0,0,0
5476704,1995,13136,1994,"AT","",716893,3,10,428,6,69,10,1,0.9,0,0.7901,3,16.1,0,0,0,0
5477007,1995,13136,1993,"AT","",716911,3,6,174,4,41,3,0,1,,0.4444,,16.6667,0,0,,
5477572,1995,13143,1993,"AT","",83855,3,21,297,6,65,6,1,1,0,0.6111,3,10.5,0,0,0,0
5477590,1995,13143,1994,"AT","",230995,3,5,16,5,59,3,0,0.6667,,0,,16,0,0,,
5477653,1995,13143,1994,"AT","",156055,3,10,52,6,69,2,1,1,0,0,1,3,0.5,0.5,0,0
5477726,1995,13143,1992,"AT","",,1,11,73,4,43,12,0,1,,0.1528,,10,,,,
5477760,1995,13143,1995,"AT","",,1,9,83,5,51,8,0,0.5,,0,,31.625,,,,
5477787,1995,13143,1995,"AT","",659573,3,6,104,5,55,6,1,1,0,0.2778,0,8.3333,1,1,0,0
5477954,1995,13143,1995,"AT","",283895,3,2,198,5,59,2,1,1,0,0,0,13,0,0,0,0
5478056,1995,13143,1994,"AT","",613475,3,12,266,5,52,3,0,1,,0.4444,,4,0.3333,0.3333,,
5478093,1995,13143,1994,"AT","",142155,3,10,279,6,69,1,1,1,0,0,1,16,0,0,0,0
5478558,1995,13143,1995,"AT","",267890,3,2,424,3,31,1,2,1,0.5,0,1.5,3,0,0,0.5,0.5
5478995,1995,13143,1994,"AT","",517215,3,18,235,5,59,30,2,0.8333,0,0.8,2,16.5667,0,0,0,0
5479725,1996,13150,1994,"AT","",659573,3,22,37,6,64,14,0,1,,0.7347,,10.7857,0.6923,0.6429,,
5479807,1996,13150,1994,"AT","",613475,3,11,72,5,52,4,3,0.75,0.4444,0,3,22.75,0,0,0,0
5479915,1996,13150,1994,"AT","",,1,19,126,6,66,2,3,1,0,0,1.6667,12.5,,,,
5480070,1996,13150,1993,"AT","",144645,3,20,222,1,19,8,1,0.875,0,0.8163,3,22.25,0.2,0.125,0,0
5480429,1996,13150,1994,"AT","",701697,3,10,623,3,39,8,2,0.375,0,0.4444,4,50.5,0,0,0,0
5481035,1996,13150,1993,"AT","",100350,3,8,564,1,14,10,0,0.8,,0.6875,,22.1,0.1429,0.1,,
5481778,1996,13157,1993,"AT","",,1,12,15,6,69,3,1,0.6667,0,0,2,27.3333,,,,
5481782,1996,13157,1994,"AT","",230995,3,8,16,5,59,4,1,1,0,0,2,5.5,0.3333,0.25,0,0
5481982,1996,13157,1994,"AT","",659573,3,7,104,5,55,5,0,1,,0.32,,12.2,0.6,0.6,,
5482334,1996,13157,1993,"AT","",483691,3,6,292,6,69,13,1,0.6923,0,0.5679,4,25.6923,0,0,0,0
5482366,1996,13157,1994,"AT","",,1,12,366,1,19,10,1,0.2,0,0.5,1,50.7,,,,
5482462,1996,13157,1994,"AT","",698473,3,16,433,3,39,9,1,1,0,0.1975,1,12.1111,0,0,0,0
5483816,1996,13164,1994,"AT","",707337,3,4,73,4,43,3,0,0.3333,,0,,30.6667,0,0,,
5483832,1996,13164,1993,"AT","",,1,17,73,4,43,8,4,0.75,0.625,0.2778,4,20.125,,,,
5484199,1996,13164,1995,"AT","",298825,3,3,312,6,65,2,0,1,,0,,21,0,0,,
5484282,1996,13164,1993,"AT","",,1,11,433,3,39,3,2,1,0.5,0.6667,3,7.6667,,,,
5484928,1996,13164,1993,"AT","",64410,3,2,546,1,14,6,0,1,,0.6111,,8.6667,0.1667,0.1667,,
5485072,1996,13164,1993,"AT","",294665,3,4,318,4,45,2,0,1,,0.5,,5.5,0.5,0.5,,
5485516,1996,13164,1993,"AT","",512710,3,9,379,2,21,1,0,1,,0,,3,1,1,,
5485658,1996,13171,1994,"AT","",,1,8,24,6,63,8,0,0.5,,0.5,,47.375,,,,
5485695,1996,13171,1994,"AT","",,1,5,42,5,59,4,2,0.5,0,0,2.5,44,,,,
5486048,1996,13171,1994,"AT","",,1,15,366,1,19,11,1,0.8182,0,0.4938,3,21.1818,,,,
5486230,1996,13171,1994,"AT","",334005,3,5,106,1,12,2,1,1,0,0.5,1,7.5,0.5,0.5,1,1
5486412,1996,13171,1993,"AT","",334005,3,4,442,1,11,17,0,0.9412,,0.7656,,15.2941,0.0769,0.0588,,
5486990,1996,13171,1993,"AT","",716077,3,11,362,4,42,8,0,0.75,,0.2778,,20.625,0,0,,
5488135,1996,13178,1992,"AT","",491585,3,8,560,1,14,1,0,1,,0,,24,0,0,,
5488261,1996,13178,1994,"AT","",717919,3,11,310,4,45,6,2,0.5,0.5,0.4444,2.5,40.5,0,0,0,0
5488909,1996,13185,1993,"AT","",717988,3,4,102,1,19,8,0,1,,0,,11.5,0,0,,
5489148,1996,13185,1995,"AT","",230995,3,8,312,6,65,5,0,1,,0.48,,16,0,0,,
5489173,1996,13185,1993,"AT","",251885,3,8,411,5,59,3,6,1,0.6111,0.4444,3,3.6667,0,0,0.5,0.5
5490493,1996,13192,1993,"AT","",,1,22,124,5,59,5,0,1,,0.32,,8.2,,,,
5490636,1996,13192,1994,"AT","",,1,2,241,5,51,5,3,0.4,0,0,2,49.8,,,,
5490913,1996,13192,1994,"AT","",52295,3,20,204,1,19,1,2,1,0,0,2.5,3,0,0,0,0
5491255,1996,13192,1994,"AT","",100350,3,5,560,1,14,8,0,0.75,,0.6111,,20.625,0,0,,
5491635,1996,13192,1994,"AT","",448120,3,18,701,2,22,11,2,1,0.5,0.562,1.5,7.2727,0,0,0,0
5492189,1996,13199,1994,"AT","",48850,3,9,180,5,55,11,17,1,0.6644,0.314,1.7059,12.9091,0,0,0,0
5492400,1996,13199,1994,"AT","",298825,3,13,312,6,65,13,1,0.7692,0,0.54,1,28.5385,0.25,0.1538,1,1
5492566,1996,13199,1994,"AT","",,1,13,118,1,12,13,7,1,0.6122,0.8047,2.4286,11.0769,,,,
5492721,1996,13199,1993,"AT","",348325,3,4,427,1,12,18,0,0.7222,,0.7219,,26.1667,0.0909,0.0556,,
5493019,1996,13199,1994,"AT","",491585,3,11,540,1,14,0,0,,,,,,,,,
5493051,1996,13199,1994,"AT","",315905,3,12,562,1,14,1,0,1,,0,,3,1,1,,
5493499,1996,13199,1994,"AT","",659573,3,17,701,2,22,13,1,1,0,0.6982,2,6.4615,0.0769,0.0769,0,0
5493974,1996,13206,1994,"AT","",545230,3,8,102,1,19,3,1,0.6667,0,0,3,18.3333,0,0,0,0
5494233,1996,13206,1993,"AT","",601715,2,30,242,5,51,8,0,1,,0.5938,,11.625,0.2857,0.25,,
5494348,1996,13206,1993,"AT","",230995,3,5,312,6,65,3,2,1,0,0,3.5,9.3333,0,0,0,0
5494434,1996,13206,1994,"AT","",266170,3,9,425,5,51,1,0,1,,0,,9,0,0,,
5494516,1996,13206,1993,"AT","",491585,3,6,106,1,12,5,6,1,0.6667,0.32,2.8333,4.2,0.5,0.4,0.1667,0.1667
5494517,1996,13206,1993,"AT","",,5,27,118,1,12,22,0,0.7273,,0.5547,,22.5455,,,,
5494956,1996,13206,1994,"AT","",609790,3,10,524,1,15,10,0,1,,0.58,,9.8,0,0,,
5495731,1996,13213,1994,"AT","",483691,3,10,70,6,65,8,3,0.625,0,0.32,3,30,0,0,0,0
5495770,1996,13213,1993,"AT","",,1,9,73,4,43,8,0,0.25,,0.5,,38.625,,,,
5495958,1996,13213,1994,"AT","",83855,3,11,215,6,68,7,2,0.8571,0,0,3,15.1429,0,0,0,0
5496107,1996,13213,1995,"AT","",,5,1,366,1,19,14,0,0.9286,,0.8047,,15.9286,,,,
5496130,1996,13213,1994,"AT","",251885,3,5,404,6,69,2,0,1,,0,,20.5,0,0,,
5496521,1996,13213,1991,"AT","",683957,3,5,422,1,19,6,0,1,,0.6111,,12.8333,0,0,,
5496818,1996,13213,1993,"AT","",316820,3,7,514,3,31,4,2,1,0.5,0.5,2.5,6,0.25,0.25,0,0
5497132,1996,13213,1994,"AT","",718720,3,3,335,4,41,3,0,1,,0,,3.6667,0,0,,
5497750,1996,13220,1994,"AT","",478430,3,14,123,5,53,8,2,1,0,0,2,8.625,0,0,0,0
5497950,1996,13220,1994,"AT","",,1,14,241,5,51,10,1,0.7,0,0,1,25,,,,
5498017,1996,13220,1993,"AT","",605330,3,27,280,5,55,8,2,1,0,0.2188,3.5,7.25,0.2857,0.25,0,0
5498063,1996,13220,1994,"AT","",,5,9,297,6,65,9,1,1,0,0,3,8,,,,
5498069,1996,13220,1994,"AT","",688877,3,3,299,6,64,8,2,1,0,0,2.5,13.25,0,0,0,0
5498216,1996,13220,1994,"AT","",545230,3,12,477,5,53,5,9,0.8,0.4444,0,2.1111,18,0,0,0,0
5498431,1996,13220,1993,"AT","",,1,53,426,6,61,1,0,1,,0,,12,,,,
5499435,1996,13227,1994,"AT","",251885,3,5,29,5,52,7,0,0.7143,,0.56,,21.2857,0,0,,
5499507,1996,13227,1994,"AT","",718932,3,12,62,6,69,3,1,1,0,0,3,18.3333,0,0,0,0
5499625,1996,13227,1994,"AT","",310010,2,23,128,3,32,21,8,1,0.2188,0.3084,2,10.9524,0,0,0,0
5499774,1996,13227,1993,"AT","",718949,3,6,242,5,51,12,2,0.3333,0.5,0.5,3.5,42.0833,0,0,0,0
5499786,1996,13227,1993,"AT","",707337,3,8,246,5,55,3,0,0.3333,,0,,37.3333,0,0,,
5500032,1996,13227,1994,"AT","",613475,3,14,75,5,52,6,0,1,,0.5,,18.8333,0,0,,
5500996,1996,13234,1993,"AT","",512710,3,6,29,5,52,5,0,0.8,,0.375,,15.8,0,0,,
5501346,1996,13234,1995,"AT","",709672,3,20,212,5,59,1,1,1,0,0,0,24,0,0,0,0
5501409,1996,13234,1993,"AT","",719109,3,25,242,5,51,9,0,0.2222,,0,,39.2222,0,0,,
5502866,1996,13241,1994,"AT","",,1,2,15,6,69,8,0,0.25,,0,,31,,,,
5502879,1996,13241,1995,"AT","",570780,3,3,28,6,63,1,0,1,,0,,32,0,0,,
5502904,1996,13241,1994,"AT","",659573,3,17,37,6,64,8,2,1,0.5,0.6875,2,8.5,0.75,0.75,1,1
5503151,1996,13241,1994,"AT","",711553,3,13,600,3,32,13,2,1,0,0.3787,3,10.6923,0,0,0,0
5503337,1996,13241,1995,"AT","",,1,20,241,5,51,21,0,0.7143,,0.24,,25.381,,,,
5503519,1996,13241,1994,"AT","",,1,7,414,5,51,3,3,0.6667,0.4444,0.5,2.3333,16,,,,
5503749,1996,13241,1995,"AT","",334005,3,3,210,1,19,9,2,1,0,0.642,2.5,14.3333,0.4286,0.3333,0,0
5504807,1996,13241,1993,"AT","",601715,2,7,379,2,21,3,0,1,,0.4444,,8,0,0,,
5505058,1996,13248,1994,"AT","",718932,3,8,62,6,69,4,0,1,,0.375,,21.5,0,0,,
5505177,1996,13248,1994,"AT","",706882,3,11,123,5,53,10,4,1,0.625,0.66,2.5,9.9,0,0,0.5,0.5
5505249,1996,13248,1994,"AT","",613475,3,27,164,5,52,3,2,1,0,0,2,4.6667,0,0,0.5,0.5
5505899,1996,13248,1994,"AT","",169795,3,4,264,5,51,6,0,0.8333,,0.32,,29,0.2,0.1667,,
5505903,1996,13248,1994,"AT","",613475,3,18,419,5,52,10,2,0.8,0.5,0.4063,1.5,26,0,0,0,0
5506112,1996,13248,1992,"AT","",267890,3,18,435,3,33,9,0,1,,0.6667,,8.1111,0,0,,
5507682,1996,13255,1995,"AT","",588065,3,3,450,6,63,8,0,0.5,,0.625,,44.25,0,0,,
5507947,1996,13255,1994,"AT","",,1,8,210,1,19,2,0,1,,0.5,,8,,,,
5508598,1996,13255,1993,"AT","",,1,10,320,4,45,11,2,1,0,0,3.5,10.2727,,,,
5508742,1996,13255,1994,"AT","",601715,2,6,348,4,49,2,0,1,,0,,7,0,0,,
5508852,1996,13255,1994,"AT","",37645,3,5,359,5,54,6,0,0.6667,,0.375,,28.1667,0,0,,
5508886,1996,13255,1994,"AT","",,1,10,361,4,45,8,7,1,0.6531,0.5625,2.1429,7.25,,,,
5509626,1996,13262,1994,"AT","",719882,3,15,246,5,55,3,0,0.3333,,0,,41.6667,0,0,,
5509752,1996,13262,1995,"AT","",601715,2,30,403,6,67,10,2,0.8,0.5,0.6563,0.5,25.6,0.8,0.4,0,0
5510030,1996,13262,1994,"AT","",,1,15,210,1,19,4,0,0,,,,54.75,,,,
5511292,1996,13269,1995,"AT","",156055,3,2,24,6,63,4,0,0.5,,0,,30.75,0,0,,
5511294,1996,13269,1995,"AT","",,1,3,28,6,63,3,2,1,0,0,1.5,14.3333,,,,
5511484,1996,13269,1994,"AT","",659573,3,12,104,5,55,5,2,1,0.5,0.32,2.5,7,1,1,0.5,0.5
5511499,1996,13269,1994,"AT","",,1,9,111,6,61,6,0,0.6667,,0.375,,33.6667,,,,
5511668,1996,13269,1994,"AT","",,1,21,209,5,51,6,1,1,0,0,3,6.5,,,,
5511773,1996,13269,1994,"AT","",,1,18,271,5,51,8,0,1,,0.4063,,16.875,,,,
5512356,1996,13269,1995,"AT","",439095,3,1,442,1,11,4,1,1,0,0.375,0,13.25,0,0,0,0
5513423,1996,13276,1995,"AT","",570780,3,4,28,6,63,3,1,1,0,0.4444,2,2.3333,0.3333,0.3333,0,0
5513440,1996,13276,1994,"AT","",554880,3,15,33,6,69,8,2,0.75,0,0.4444,2.5,25.5,0,0,1,0.5
5513445,1996,13276,1994,"AT","",720210,3,14,34,1,19,5,0,0.8,,0.625,,13.2,0,0,,
5513446,1996,13276,1994,"AT","",12305,3,20,34,1,19,7,0,0.1429,,0,,62.1429,0,0,,
5513452,1996,13276,1994,"AT","",659573,3,7,37,6,64,13,1,1,0,0.568,3,9.6154,0.9091,0.7692,1,1
5513668,1996,13276,1994,"AT","",720242,3,6,134,6,69,2,4,1,0.625,0,2.75,7,0.5,0.5,0,0
5513674,1996,13276,1994,"AT","",254340,3,7,137,6,69,5,3,1,0.6667,0.64,3.6667,8.4,0,0,0,0
5513859,1996,13276,1995,"AT","",683957,3,4,277,6,67,7,0,0.8571,,0.2778,,25.4286,0,0,,
5514203,1996,13276,1995,"AT","",144645,3,8,75,5,52,4,3,1,0.6667,0.375,1.6667,14,0,0,0,0
5514325,1996,13276,1995,"AT","",83855,3,43,264,5,51,11,2,1,0.5,0.4628,1,12.7273,0,0,0,0
5514432,1996,13276,1993,"AT","",,1,2,428,6,69,9,1,1,0,0.3704,2,10.8889,,,,
5514685,1996,13276,1995,"AT","",491585,3,15,514,3,31,2,0,1,,0,,3,0,0,,
5515776,1996,13283,1995,"AT","",684162,3,16,100,5,59,7,0,0.4286,,0.4444,,47.1429,0,0,,
5515788,1996,13283,1994,"AT","",659573,3,9,104,5,55,10,1,1,0,0.18,2,6.4,0.9,0.9,1,1
5516141,1996,13283,1994,"AT","",701173,3,14,280,5,55,4,0,1,,0,,12.25,0,0,,
5516288,1996,13283,1993,"AT","",720501,3,20,433,3,39,8,1,1,0,0.2188,5,5,0,0,0,0
5516480,1996,13283,1995,"AT","",,5,13,264,5,51,10,1,1,0,0.68,0,10.7,,,,
5517834,1996,13290,1995,"AT","",356240,3,26,68,6,63,27,1,0.7037,0,0.7091,2,30.1111,0,0,0,0
5518129,1996,13290,1993,"AT","",709672,3,10,212,5,59,6,0,1,,0.6111,,20.1667,0,0,,
5518806,1996,13290,1993,"AT","",83855,3,21,428,6,69,2,6,1,0.7222,0.5,3.5,11,0,0,0,0
5519374,1996,13290,1994,"AT","",696632,3,11,338,4,41,11,0,1,,0.6612,,10.2727,0,0,,
5519904,1996,13297,1994,"AT","",,5,7,5,6,65,8,0,0.625,,0.56,,20.75,,,,
5520117,1996,13297,1995,"AT","",714052,3,24,105,5,55,4,0,0.75,,0.4444,,36.75,0,0,,
5520912,1996,13297,1994,"AT","",267890,3,9,424,3,31,2,1,1,0,0.5,1,5,0,0,1,1
5521136,1996,13297,1994,"AT","",609790,3,8,502,1,19,9,0,1,,0.6173,,7.5556,0.7778,0.7778,,
5521265,1996,13297,1995,"AT","",684001,3,5,526,1,15,5,1,1,0,0.72,1,4,0,0,0,0
5521801,1996,13297,1995,"AT","",716077,3,6,362,4,42,6,1,0.6667,0,0.375,2,23.5,0,0,0,0
5522098,1996,13304,1994,"AT","",,5,18,5,6,65,10,0,0.8,,0,,18.9,,,,
5522192,1996,13304,1994,"AT","",,1,22,52,6,69,6,0,0.6667,,0.375,,37.5,,,,
5522450,1996,13304,1994,"AT","",613475,3,11,164,5,52,5,1,1,0,0,3,9,0,0,0,0
5522518,1996,13304,1993,"AT","",83855,3,9,215,6,68,13,3,0.9231,0.4444,0.4167,2.6667,16,0.125,0.0769,0,0
5522579,1996,13304,1993,"AT","",721055,3,18,249,6,69,9,0,0.6667,,0,,33.5556,0,0,,
5522693,1996,13304,1995,"AT","",684162,3,19,414,5,51,2,1,1,0,0.5,2,18.5,0,0,0,0
5523085,1996,13304,1995,"AT","",491585,3,10,424,3,31,0,0,,,,,,,,,
5523565,1996,13304,1994,"AT","",171305,3,13,250,4,44,5,0,1,,0.72,,13,0,0,,
5523851,1996,13304,1994,"AT","",601715,2,4,386,4,49,4,1,1,0,0,2,9.75,0,0,0,0
5523935,1996,13304,1993,"AT","",,1,6,363,4,45,4,0,1,,0,,7,,,,
5524151,1996,13304,1995,"AT","",601715,2,8,381,4,49,5,1,0.6,0,0.4444,1,27.2,1,0.2,1,1
5524652,1996,13311,1994,"AT","",721222,3,11,134,6,69,13,1,0.8462,0,0.1653,4,14.3077,0,0,0,0
5524700,1996,13311,1994,"AT","",708038,3,26,164,5,52,8,0,0.875,,0.6939,,24.5,0.1429,0.125,,
5524738,1996,13311,1995,"AT","",545230,3,7,192,5,53,7,1,0.2857,0,0,2,37.2857,0,0,0,0
5524826,1996,13311,1994,"AT","",478430,3,9,239,5,59,4,3,1,0,0,3,16.75,0,0,0,0
5524999,1996,13311,1994,"AT","",169415,3,6,403,6,67,3,1,1,0,0.6667,4,9.6667,0,0,0,0
5525002,1996,13311,1994,"AT","",298825,3,12,403,6,67,9,1,1,0,0.4938,3,11.8889,0.25,0.2222,1,1
5525141,1996,13311,1994,"AT","",,1,16,75,5,52,7,2,1,0.5,0.2449,2.5,8.5714,,,,
5525203,1996,13311,1994,"AT","",371880,3,3,205,1,19,4,0,0.75,,0,,17.25,0,0,,
5525286,1996,13311,1994,"AT","",692229,3,3,264,5,51,3,0,1,,0.6667,,16.6667,0,0,,
5525512,1996,13311,1994,"AT","",721305,3,10,435,3,33,6,1,1,0,0.4444,2,16.3333,0,0,0,0
5526588,1996,13318,1995,"AT","",701173,3,10,36,6,63,8,1,1,0,0,3,7.125,0,0,0,0
5526636,1996,13318,1994,"AT","",,1,18,56,6,61,3,1,1,0,0,2,16.3333,,,,
5526991,1996,13318,1994,"AT","",,1,20,241,5,51,6,1,1,0,0.2778,4,5,,,,
5527057,1996,13318,1994,"AT","",701173,3,12,280,5,55,6,0,1,,0,,3.3333,0.1667,0.1667,,
5527058,1996,13318,1994,"AT","",701173,3,14,280,5,55,7,0,1,,0.449,,4.8571,0.2857,0.2857,,
5527190,1996,13318,1995,"AT","",397680,3,13,439,4,41,6,0,0.8333,,0,,13.6667,0,0,,
5527460,1996,13318,1993,"AT","",721498,3,26,210,1,19,7,4,1,0.625,0.4082,3.25,8.7143,0,0,0,0
5527540,1996,13318,1994,"AT","",,5,14,424,3,31,2,0,1,,0,,5,,,,
5527706,1996,13318,1994,"AT","",683957,3,9,436,1,19,11,0,1,,0.6446,,8,0.1,0.0909,,
5527796,1996,13318,1994,"AT","",100670,3,7,514,3,31,5,1,1,0,0.32,1,17,0,0,0,0
5528696,1996,13318,1994,"AT","",610925,3,4,381,4,49,3,0,1,,0,,8,0,0,,
5528805,1996,13325,1994,"AT","",570780,3,7,28,6,63,3,2,1,0,0.4444,2.5,16,0,0,0,0
5529331,1996,13325,1994,"AT","",701173,3,14,280,5,55,9,2,1,0.5,0,2,8.7778,0,0,0,0
5529598,1996,13325,1995,"AT","",613475,3,19,75,5,52,3,0,1,,0,,4.6667,0.3333,0.3333,,
5529624,1996,13325,1994,"AT","",,1,3,106,1,12,5,1,1,0,0.56,3,8.8,,,,
5529905,1996,13325,1994,"AT","",267890,3,21,435,3,33,2,0,1,,0.5,,7,0,0,,
5530103,1996,13325,1993,"AT","",267890,3,1,530,1,15,3,0,1,,0.4444,,6,0,0,,
5530682,1996,13325,1993,"AT","",,1,9,367,2,21,6,0,1,,0.5,,19.8333,,,,
5531215,1996,13332,1994,"AT","",,1,11,126,6,66,8,0,0.875,,0.2449,,20.875,,,,
5531218,1996,13332,1994,"AT","",769619,3,26,128,3,32,1,9,1,0.3704,0,2.3333,1,0,0,0,0
5532269,1996,13332,1994,"AT","",686950,3,13,514,3,31,0,1,,0,,4,,,,0,0
5533258,1996,13339,1995,"AT","",499111,2,8,29,5,52,8,0,0.875,,0.7755,,18.125,0,0,,
5533455,1996,13339,1995,"AT","",659573,3,6,62,6,69,3,0,1,,0,,13,0.6667,0.6667,,
5533481,1996,13339,1995,"AT","",478430,3,2,123,5,53,4,0,1,,0,,2,0.25,0.25,,
5533542,1996,13339,1994,"AT","",,1,8,135,6,69,8,0,0.75,,0.2778,,25.125,,,,
5533873,1996,13339,1995,"AT","",254340,3,12,417,5,53,6,0,1,,0.6111,,11.1667,0.25,0.1667,,
5533885,1996,13339,1994,"AT","",,1,4,425,5,51,6,0,1,,0,,15.8333,,,,
5534046,1996,13339,1995,"AT","",613475,3,9,75,5,52,2,3,1,0,0.5,2,5,0,0,0.5,0.3333
5534139,1996,13339,1994,"AT","",684162,3,16,210,1,19,6,0,1,,0.2778,,9.3333,0,0,,
5534436,1996,13339,1995,"AT","",100350,3,5,435,3,33,2,0,1,,0,,5,0,0,,
5535273,1996,13339,1994,"AT","",722127,3,39,379,2,21,3,0,1,,0.4444,,8.3333,0,0,,
5535482,1996,13346,1994,"AT","",230995,3,16,16,5,59,3,0,1,,0,,11.3333,0.3333,0.3333,,
5535660,1996,13346,1995,"AT","",722175,3,7,89,5,59,4,0,1,,0,,18.25,0,0,,
5535791,1996,13346,1994,"AT","",,1,41,141,5,51,16,3,0.8125,0.6667,0.7692,1.6667,22.5,,,,
5535991,1996,13346,1995,"AT","",613475,3,11,266,5,52,3,2,1,0,0.4444,2,4,0,0,0.5,0.5
5536083,1996,13346,1995,"AT","",298825,3,14,312,6,65,11,0,0.8182,,0.4938,,21,0.375,0.2727,,
5536154,1996,13346,1994,"AT","",,1,20,425,5,51,6,0,1,,0.6111,,9.5,,,,
5536449,1996,13346,1994,"AT","",512710,3,6,252,1,19,6,1,0.8333,0,0.32,3,14.6667,0,0,0,0
5537506,1996,13346,1991,"AT","",,1,19,392,4,41,3,0,0.6667,,0,,29,,,,
5537705,1996,13353,1994,"AT","",,1,33,15,6,69,11,0,0.4545,,0,,33.0909,,,,
5538145,1996,13353,1994,"AT","",722414,3,19,211,6,65,6,2,1,0,0.4444,3.5,11.5,0,0,0,0
5538172,1996,13353,1994,"AT","",251885,3,6,227,5,59,5,6,1,0.6667,0.48,2,15.4,0.6,0.6,0.5,0.5
5538187,1996,13353,1994,"AT","",478430,3,20,239,5,59,6,4,1,0,0,3,12,0,0,0,0
5538339,1996,13353,1994,"AT","",298825,3,17,312,6,65,10,7,0.8,0,0.2188,2.7143,23.9,0.2857,0.2,0.1667,0.1429
5538618,1996,13353,1994,"AT","",616075,3,8,205,1,19,3,0,1,,0.6667,,19,0.5,0.3333,,
5538682,1996,13353,1994,"AT","",692229,3,5,264,5,51,2,0,1,,0.5,,15.5,0,0,,
5538997,1996,13353,1994,"AT","",491585,3,5,514,3,31,1,1,1,0,0,2,9,0,0,0,0
5539364,1996,13353,1994,"AT","",718720,3,6,335,4,41,3,1,1,0,0,3,2.6667,0,0,0,0
5540515,1996,13360,1994,"AT","",298825,3,40,403,6,67,8,3,1,0.4444,0.6563,2,12.125,0.2857,0.25,0.3333,0.3333
5540666,1996,13360,1994,"AT","",267890,3,28,604,3,32,16,1,1,0,0.3203,4,12.0625,0,0,0,0
5540776,1996,13360,1994,"AT","",49535,2,14,118,1,12,29,0,0.931,,0.5761,,21.8966,0,0,,
5540846,1996,13360,1993,"AT","",684162,3,32,210,1,19,26,2,0.9615,0.5,0.8512,4.5,8.9231,0,0,0.5,0.5
5542805,1996,13367,1995,"AT","",,1,5,414,5,51,9,2,0.8889,0,0,1,13.3333,,,,
5543101,1996,13367,1995,"AT","",334005,3,7,264,5,51,2,3,1,0,0.5,2,14,0,0,0.6667,0.6667
5543370,1996,13367,1994,"AT","",169795,3,12,501,1,19,1,0,1,,0,,13,0,0,,
5543560,1996,13367,1994,"AT","",100350,3,7,560,1,14,5,0,1,,0.8,,7.8,0.2,0.2,,
5544037,1996,13367,1994,"AT","",706458,3,20,700,2,22,8,1,1,0,0.5938,1,4,0,0,0,0
5544249,1996,13367,1994,"AT","",14580,3,14,381,4,49,7,1,1,0,0,4,3,0,0,0,0
5544570,1996,13374,1994,"AT","",207575,3,1,99,6,61,7,1,1,0,0.2449,2,13.5714,0,0,0,0
5544757,1996,13374,1994,"AT","",684162,3,35,209,5,51,8,1,1,0,0.6875,3,7.125,0.125,0.125,0,0
5544898,1996,13374,1994,"AT","",315915,3,8,277,6,67,13,1,0.6154,0,0.75,2,32,0,0,1,1
5545654,1996,13374,1994,"AT","",64410,3,14,514,3,31,1,0,1,,0,,9,0,0,,
5547054,1996,13381,1994,"AT","",545230,3,12,192,5,53,6,0,0.8333,,0.32,,21.1667,0,0,,
5547120,1996,13381,1995,"AT","",169420,3,9,228,5,52,2,0,1,,0.5,,12.5,0,0,,
5547269,1996,13381,1993,"AT","",,1,9,312,6,65,0,0,,,,,,,,,
5548870,1996,13388,1994,"AT","",230995,3,6,16,5,59,7,0,1,,0,,4,0.4,0.2857,,
5548881,1996,13388,1995,"AT","",570780,3,2,28,6,63,3,1,1,0,0.4444,1,16,0,0,0,0
5549042,1996,13388,1995,"AT","",601715,2,11,99,6,61,9,5,1,0.56,0.8148,2.4,7.7778,0.4444,0.4444,0.5,0.2
5549187,1996,13388,1994,"AT","",545230,3,7,192,5,53,6,0,0.8333,,0.32,,21.1667,0,0,,
5549378,1996,13388,1994,"AT","",230995,3,11,312,6,65,1,0,1,,0,,9,0,0,,
5549435,1996,13388,1993,"AT","",52295,3,30,414,5,51,16,0,1,,0.625,,8.8125,0,0,,
5549712,1996,13388,1994,"AT","",423390,3,20,623,3,39,10,3,0.4,0.6667,0.5,3,34.5,0,0,0,0
5549715,1996,13388,1994,"AT","",723437,3,14,8,1,11,3,1,1,0,0.4444,2,7,0,0,0,0
5549893,1996,13388,1995,"AT","",267890,3,4,424,3,31,2,1,1,0,0,1,4.5,0,0,0,0
5549967,1996,13388,1995,"AT","",694487,2,17,442,1,11,7,3,1,0.4444,0.6531,1.6667,9.2857,0,0,0,0
5550051,1996,13388,1994,"AT","",267890,3,19,435,3,33,5,0,1,,0,,10.8,0.2,0.2,,
5550338,1996,13388,1995,"AT","",357970,3,15,181,6,69,6,0,1,,0.5,,6.1667,0.1667,0.1667,,
5550740,1996,13388,1994,"AT","",478430,3,9,701,2,22,5,0,1,,0.64,,9.2,0.2,0.2,,
5550744,1996,13388,1994,"AT","",174660,3,18,700,2,22,9,3,1,0,0.4938,2,4,0,0,0,0
5551092,1996,13395,1994,"AT","",701697,3,8,2,6,63,9,0,0.4444,,0.375,,45.5556,0,0,,
5551134,1996,13395,1994,"AT","",,1,4,28,6,63,1,2,1,0,0,3.5,32,,,,
5551164,1996,13395,1995,"AT","",711423,3,28,34,1,19,9,6,1,0,0.4444,1.5,4.6667,0,0,0.5,0.5
5551519,1996,13395,1994,"AT","",691498,3,10,173,5,51,12,0,0.9167,,0.314,,22.5,0,0,,
5551728,1996,13395,1994,"AT","",695515,3,17,280,5,55,3,5,0.3333,0,0,2,38.3333,0,0,0.2,0.2
5551779,1996,13395,1995,"AT","",251885,3,9,366,1,19,10,1,0.9,0,0.6173,2,22.3,0,0,0,0
5552354,1996,13395,1995,"AT","",715949,3,7,501,1,19,2,0,1,,0,,2,0,0,,
5553161,1996,13395,1994,"AT","",723700,3,9,382,2,22,11,0,1,,0.7273,,9.5455,0,0,,
5553338,1996,13402,1994,"AT","",723726,3,16,5,6,65,1,2,0,0,,2.5,49,0,0,0,0
5553400,1996,13402,1994,"AT","",701173,3,12,36,6,63,5,0,1,,0.32,,8.2,0,0,,
5553401,1996,13402,1994,"AT","",701173,3,11,36,6,63,7,0,1,,0.2449,,3.8571,0,0,,
5553674,1996,13402,1994,"AT","",659573,3,11,171,6,64,7,4,0.4286,0.5,0.6667,2.75,40.8571,1,0.4286,1,1
5554206,1996,13402,1995,"AT","",613475,3,16,75,5,52,5,4,1,0.375,0.56,1.25,9.8,0,0,0.25,0.25
5554255,1996,13402,1994,"AT","",52295,3,19,427,1,12,1,1,1,0,0,1,8,1,1,0,0
5554332,1996,13402,1995,"AT","",,1,3,264,5,51,11,1,0.9091,0,0.58,1,23.0909,,,,
5554618,1996,13402,1994,"AT","",237385,3,1,514,3,31,2,0,1,,0,,11,0,0,,
5554700,1996,13402,1994,"AT","",723852,3,18,525,1,15,7,3,1,0.4444,0.6531,3,14.8571,0,0,0,0
5555292,1996,13402,1995,"AT","",17020,3,3,379,2,21,9,3,1,0,0.1975,1,6.2222,0,0,0.3333,0.3333
5555941,1996,13409,1995,"AT","",659573,3,9,171,6,64,12,2,0.75,0.5,0.8148,1.5,24.5833,0.4286,0.25,0.5,0.5
5556075,1996,13409,1993,"AT","",,1,8,251,5,53,5,0,0.2,,0,,49.2,,,,
5556109,1996,13409,1994,"AT","",613475,3,22,277,6,67,5,0,1,,0.32,,15.8,0,0,,
5556183,1996,13409,1994,"AT","",298825,3,9,312,6,65,4,3,1,0,0,2.6667,4.75,0.25,0.25,0,0
5556452,1996,13409,1994,"AT","",334005,3,35,106,1,12,6,2,0.8333,0.5,0.56,2,24.5,0.2,0.1667,0.5,0.5
5556656,1996,13409,1995,"AT","",174660,3,22,425,5,51,4,7,1,0,0.5,1.7143,21.5,0.5,0.25,0.8333,0.7143
5556766,1996,13409,1994,"AT","",267890,3,3,435,3,33,1,0,1,,0,,2,1,1,,
5557102,1996,13409,1995,"AT","",707337,3,9,250,4,44,4,0,1,,0.75,,3,0,0,,
5557174,1996,13409,1994,"AT","",706458,3,5,315,4,42,6,0,1,,0,,9.6667,0,0,,
5557968,1996,13416,1995,"AT","",48850,3,5,73,4,43,4,5,1,0.32,0,2,12.25,0,0,0,0
5557979,1996,13416,1995,"AT","",688877,3,10,74,5,59,9,0,0.2222,,0.5,,53.4444,0,0,,
5558292,1996,13416,1994,"AT","",601715,2,6,242,5,51,8,0,1,,0.375,,10.375,0,0,,
5559025,1996,13416,1994,"AT","",69975,3,2,435,3,33,1,1,1,0,0,2,4,1,1,0,0
5559061,1996,13416,1995,"AT","",156055,3,12,501,1,19,7,0,0.8571,,0.5,,10.8571,0,0,,
5560289,1996,13423,1995,"AT","",724380,3,13,100,5,59,12,0,0.5,,0,,51.5833,0,0,,
5560338,1996,13423,1995,"AT","",706882,3,3,123,5,53,5,1,1,0,0.32,2,5,0.2,0.2,0,0
5560516,1996,13423,1995,"AT","",706561,3,10,221,5,51,6,0,1,,0,,10.1667,0,0,,
5561226,1996,13423,1993,"AT","",665855,3,8,536,1,14,6,1,1,0,0.7222,4,11.3333,0.25,0.1667,0,0
5561881,1996,13430,1995,"AT","",601715,2,32,15,6,69,2,5,1,0.32,0,2,10.5,0,0,0,0
5562444,1996,13430,1995,"AT","",,1,20,433,3,39,7,2,1,0,0,3.5,14.4286,,,,
5563140,1996,13430,1992,"AT","",724625,3,16,514,3,31,1,1,1,0,0,4,5,0,0,0,0
5563270,1996,13430,1995,"AT","",724629,3,4,544,1,14,2,1,1,0,0.5,1,13,0,0,1,1
5564144,1996,13437,1994,"AT","",83855,3,44,297,6,65,13,1,0.9231,0,0.5,3,16.0769,0,0,0,0
5564348,1996,13437,1994,"AT","",,1,20,110,6,66,6,1,0.3333,0,0,3,34.3333,,,,
5564637,1996,13437,1993,"AT","",348325,3,7,242,5,51,13,2,0.7692,0,0,4.5,21.3846,0,0,0,0
5564807,1996,13437,1995,"AT","",298825,3,23,312,6,65,13,2,0.9231,0,0.6389,1.5,17.6923,0.1818,0.1538,0,0
5565127,1996,13437,1994,"AT","",247990,3,17,508,5,59,11,1,1,0,0.5455,2,9.4545,0,0,0,0
5565390,1996,13437,1994,"AT","",715949,3,8,501,1,19,7,0,1,,0.2449,,6.4286,0,0,,
5566514,1996,13444,1995,"AT","",,1,18,52,6,69,15,0,0.8667,,0.142,,23.2,,,,
5566525,1996,13444,1994,"AT","",724911,3,8,52,6,69,11,1,1,0,0.314,3,8.7273,0,0,0,0
5566611,1996,13444,1995,"AT","",684162,3,44,100,5,59,13,0,0.5385,,0.5714,,34.0769,0,0,,
5566619,1996,13444,1995,"AT","",659573,3,6,104,5,55,6,0,1,,0.4444,,8.5,0.8333,0.8333,,
5566737,1996,13444,1994,"AT","",,5,12,160,6,69,2,2,1,0,0,2.5,24.5,,,,
5566912,1996,13444,1995,"AT","",707337,3,8,246,5,55,6,1,0.8333,0,0.64,1,16.5,0,0,0,0
5566967,1996,13444,1994,"AT","",701173,3,3,280,5,55,5,0,1,,0,,7,0.2,0.2,,
5567196,1996,13444,1994,"AT","",659573,3,10,451,5,51,5,1,1,0,0.32,3,7.8,0.4,0.4,0,0
