3609826,1971,4295,1969,"NO","",438920,2,,24,6,63,,1,,0,,25,,,,0,0
3609907,1971,4295,1969,"NO","",,1,,43,6,61,,1,,0,,19,,,,,
3610350,1971,4295,1969,"NO","",438920,2,,175,6,64,,0,,,,,,,,,
3610430,1971,4295,1969,"NO","",42430,3,,211,6,65,,0,,,,,,,,,
3613270,1971,4309,1970,"NO","",,1,,36,6,63,,8,,0.5625,,12.25,,,,,
3613783,1971,4309,1969,"NO","",438920,2,,166,6,64,,2,,0.5,,7.5,,,,0,0
3614336,1971,4309,1968,"NO","",,1,,369,2,24,,6,,0.2778,,12.5,,,,,
3615720,1971,4316,1968,"NO","",209440,3,,426,6,61,,3,,0.4444,,19.6667,,,,0,0
3616677,1971,4323,1969,"NO","",39580,3,,73,4,43,,8,,0.4063,,19.75,,,,0,0
3616776,1971,4323,1969,"NO","",,1,,114,5,55,,2,,0,,19,,,,,
3617235,1971,4323,1968,"NO","",407450,3,,71,1,11,,1,,0,,29,,,,0,0
3617444,1971,4323,1969,"NO","",15915,3,,162,1,19,,5,,0.48,,23.2,,,,0,0
3618233,1971,4330,1969,"NO","",,1,,36,6,63,,2,,0.5,,10.5,,,,,
3619163,1971,4330,1969,"NO","",169675,3,,71,1,11,,0,,,,,,,,,
3620389,1971,4337,1970,"NO","",554675,3,,414,5,51,,1,,0,,20,,,,0,0
3621535,1971,4344,1969,"NO","",,1,,425,5,51,,3,,0.6667,,16,,,,,
3621798,1971,4344,1969,"NO","",40720,3,,110,6,66,,1,,0,,21,,,,0,0
3621799,1971,4344,1969,"NO","",,1,,111,6,61,,2,,0,,21,,,,,
3624597,1971,4351,1969,"NO","",205070,3,,367,2,21,,0,,,,,,,,,
3625174,1971,4358,1969,"NO","",14550,3,,114,5,55,,0,,,,,,,,,
3625564,1971,4358,1969,"NO","",,1,,297,6,65,,0,,,,,,,,,
3626889,1971,4365,1970,"NO","",323860,3,,114,5,55,,0,,,,,,,,,
3626981,1971,4365,1970,"NO","",,1,,137,6,69,,4,,0.625,,13.5,,,,,
3628883,1971,4372,1969,"NO","",40575,3,,415,5,53,,0,,,,,,,,,
3628886,1971,4372,1969,"NO","",40575,3,,416,1,19,,2,,0,,7,,,,0.5,0.5
3634589,1972,4393,1970,"NO","",170630,3,,373,6,66,,0,,,,,,,,,
3637071,1972,4407,1969,"NO","",40805,3,,242,5,51,,1,,0,,16,,,,0,0
3637158,1972,4407,1969,"NO","",40805,3,,242,5,51,,2,,0,,13.5,,,,0,0
3637824,1972,4407,1969,"NO","",412805,3,,562,1,14,,5,,0.72,,15.2,,,,0,0
3638360,1972,4414,1970,"NO","",,1,,49,5,59,,2,,0,,20,,,,,
3640143,1972,4421,1970,"NO","",,1,,474,5,53,,0,,,,,,,,,
3640644,1972,4421,1970,"NO","",27825,3,,416,1,19,,3,,0,,13.3333,,,,0,0
3641966,1972,4428,1970,"NO","",407450,3,,116,6,69,,0,,,,,,,,,
3642383,1972,4428,1969,"NO","",40575,3,,416,1,19,,3,,0,,11.6667,,,,0,0
3644999,1972,4442,1969,"NO","",40575,3,,33,6,69,,0,,,,,,,,,
3647547,1972,4449,1970,"NO","",179750,2,,216,1,19,,0,,,,,,,,,
3650924,1972,4463,1970,"NO","",,1,,422,1,19,,0,,,,,,,,,
3651307,1972,4463,1970,"NO","",405540,3,,219,4,49,,0,,,,,,,,,
3651575,1972,4470,1970,"NO","",380480,3,,425,5,51,,0,,,,,,,,,
3652687,1972,4470,1968,"NO","",505480,3,,585,1,19,,2,,0,,8.5,,,,0,0
3653880,1972,4477,1970,"NO","",407450,3,,420,5,52,,2,,0.5,,18,,,,0,0
3655961,1972,4484,1970,"NO","",40810,3,,362,4,42,,6,,0.2778,,19,,,,0,0
3656743,1972,4491,1970,"NO","",,1,,271,5,51,,6,,0.6111,,10.8333,,,,,
3658204,1972,4498,1970,"NO","",233760,3,,220,6,68,,16,,0.7656,,15.625,,,,0,0
3659078,1972,4498,1970,"NO","",,1,,392,4,41,,6,,0.4444,,12.1667,,,,,
3659517,1972,4505,1970,"NO","",,1,,99,6,61,,8,,0.6875,,14.75,,,,,
3659575,1972,4505,1970,"NO","",,1,,123,5,53,,6,,0,,9.3333,,,,,
3660279,1972,4505,1970,"NO","",39510,3,,210,1,19,,3,,0.4444,,20.6667,,,,0,0
3660546,1972,4505,1970,"NO","",407475,3,,264,5,51,,8,,0.5313,,7.375,,,,0,0
3660603,1972,4505,1969,"NO","",601715,2,,379,2,21,,11,,0.314,,10.0909,,,,0,0
3660621,1972,4505,1970,"NO","",,1,,191,4,49,,0,,,,,,,,,
3661477,1972,4512,1969,"NO","",40575,3,,417,5,53,,3,,0.4444,,20.3333,,,,0,0
3662679,1972,4519,1970,"NO","",,1,,100,5,59,,0,,,,,,,,,
3663296,1972,4519,1970,"NO","",179750,2,,427,1,12,,3,,0.4444,,11.3333,,,,0,0
3663366,1972,4519,1969,"NO","",276655,3,,376,4,44,,5,,0,,18.6,,,,0,0
3663680,1972,4519,1969,"NO","",,1,,264,5,51,,6,,0.7222,,19.6667,,,,,
3663848,1972,4519,1971,"NO","",,1,,310,4,45,,4,,0,,18,,,,,
3664205,1972,4526,1970,"NO","",,1,,254,5,59,,2,,0.5,,12.5,,,,,
3664433,1972,4526,1970,"NO","",40605,3,,172,6,64,,2,,0.5,,8,,,,0,0
3664815,1972,4526,1969,"NO","",188835,3,,423,1,19,,2,,0,,6.5,,,,1,0.5
3665198,1972,4526,1969,"NO","",409205,3,,250,4,44,,4,,0.375,,7.75,,,,0,0
3665741,1972,4533,1971,"NO","",,1,,70,6,65,,1,,0,,11,,,,,
3665919,1972,4533,1970,"NO","",,1,,604,3,32,,3,,0.6667,,19.6667,,,,,
3666803,1972,4533,1969,"NO","",412805,3,,562,1,14,,5,,0,,21,,,,0,0
3666879,1972,4533,1970,"NO","",282100,2,,174,4,41,,6,,0.2778,,6.5,,,,0.1667,0.1667
3667851,1972,4540,1970,"NO","",407450,3,,356,4,43,,0,,,,,,,,,
3667859,1972,4540,1970,"NO","",40410,3,,415,5,53,,1,,0,,7,,,,0,0
3668368,1972,4540,1970,"NO","",,1,,219,4,49,,3,,0.4444,,11.6667,,,,,
3668933,1972,4547,1970,"NO","",,1,,73,4,43,,2,,0,,6,,,,,
3669856,1972,4547,1969,"NO","",,1,,205,1,19,,11,,0.314,,11.5455,,,,,
3670090,1972,4547,1970,"NO","",,1,,174,4,41,,0,,,,,,,,,
3670104,1972,4547,1970,"NO","",282100,2,,380,2,22,,8,,0.4063,,7.375,,,,0,0
3670108,1972,4547,1970,"NO","",352055,3,,379,2,21,,2,,0.5,,5.5,,,,0,0
3670971,1972,4554,1970,"NO","",39520,3,,241,5,51,,2,,0.5,,16.5,,,,0,0
3671353,1972,4554,1969,"NO","",,5,,156,1,19,,0,,,,,,,,,
3673031,1972,4561,1970,"NO","",175835,3,,156,1,19,,1,,0,,22,,,,0,0
3675368,1972,4575,1971,"NO","",41150,3,,47,6,61,,1,,0,,14,,,,0,0
3675532,1972,4575,1970,"NO","",,1,,87,6,63,,0,,,,,,,,,
3675856,1972,4575,1970,"NO","",226360,3,,239,5,59,,5,,0.56,,13.8,,,,0,0
3677021,1972,4582,1970,"NO","",323860,3,,62,6,69,,6,,0.7778,,16.1667,,,,0,0
3677181,1972,4582,1969,"NO","",41080,3,,102,1,19,,17,,0.1107,,12.7647,,,,0.2941,0.2941
3680323,1972,4596,1970,"NO","",323860,3,,62,6,69,,13,,0.6746,,8.1538,,,,0,0
3680819,1972,4596,1970,"NO","",,1,,248,6,69,,2,,0.5,,13.5,,,,,
3681433,1972,4596,1968,"NO","",412805,3,,560,1,14,,0,,,,,,,,,
3682670,1972,4603,1970,"NO","",486660,3,,106,1,12,,1,,0,,17,,,,0,0
3684481,1972,4610,1970,"NO","",188835,3,,428,6,69,,0,,,,,,,,,
3684490,1972,4610,1970,"NO","",143880,3,,423,1,19,,7,,0.6939,,7.4286,,,,0.2,0.1429
3684820,1972,4610,1970,"NO","",41080,3,,174,4,41,,2,,0.5,,5,,,,0,0
3685285,1972,4617,1970,"NO","",,1,,59,6,69,,3,,0.6667,,6.6667,,,,,
3687056,1972,4624,1971,"NO","",40810,3,,454,5,59,,0,,,,,,,,,
3687418,1972,4624,1970,"NO","",465030,3,,254,5,59,,5,,0.56,,22,,,,0,0
3687774,1972,4624,1970,"NO","",,1,,156,1,19,,2,,0.5,,9.5,,,,,
3687807,1972,4624,1969,"NO","",40760,3,,435,3,33,,2,,0,,5.5,,,,0,0
3689945,1972,4638,1970,"NO","",,1,,5,6,65,,8,,0.6875,,17.875,,,,,
3690087,1972,4638,1971,"NO","",40805,3,,53,6,68,,4,,0.375,,22.25,,,,0,0
3695264,1972,4659,1970,"NO","",,1,,128,3,32,,8,,0,,18.25,,,,,
3695783,1972,4659,1970,"NO","",,1,,417,5,53,,10,,0.48,,7.1,,,,,
3696774,1972,4666,1970,"NO","",323860,3,,114,5,55,,3,,0.6667,,13,,,,0,0
3696926,1972,4666,1971,"NO","",,1,,209,5,51,,5,,0.32,,11.4,,,,,
3697361,1972,4666,1970,"NO","",78480,3,,156,1,19,,1,,0,,8,,,,0,0
3697912,1972,4666,1969,"NO","",,1,,336,4,41,,1,,0,,7,,,,,
3698658,1972,4673,1969,"NO","",,1,,242,5,51,,5,,0,,21.6,,,,,
3701227,1972,4687,1970,"NO","",276655,3,,52,6,69,,2,,0.5,,7,,,,0,0
3701771,1972,4687,1970,"NO","",412805,3,,536,1,14,,39,,0.7258,,14.0256,,,,0.0256,0.0256
3702045,1972,4694,1971,"NO","",,1,,52,6,69,,2,,0.5,,15,,,,,
3702228,1972,4694,1971,"NO","",,1,,8,1,11,,1,,0,,3,,,,,
3702866,1972,4701,1969,"NO","",412805,3,,562,1,14,,10,,0.72,,14.2,,,,0,0
3702931,1972,4701,1971,"NO","",288805,3,,362,4,42,,2,,0.5,,15.5,,,,0,0
3705256,1972,4722,1970,"NO","",41080,3,,174,4,41,,1,,0,,19,,,,0,0
3705564,1972,4729,1971,"NO","",40040,3,,114,5,55,,1,,0,,18,,,,0,0
3705601,1972,4729,1971,"NO","",,1,,137,6,69,,0,,,,,,,,,
3705730,1972,4729,1970,"NO","",,1,,280,5,55,,2,,0,,11.5,,,,,
3706162,1972,4736,1971,"NO","",,1,,49,5,59,,2,,0,,7,,,,,
3709953,1973,4757,1970,"NO","",505480,3,,585,1,19,,7,,0.5714,,10.2857,,,,0,0
3712136,1973,4771,1970,"NO","",395105,2,,73,4,43,,7,,0.449,,16.5714,,,,0,0
3712661,1973,4771,1971,"NO","",,1,,294,5,59,,6,,0.2778,,6.8333,,,,,
3713304,1973,4778,1970,"NO","",,1,,62,6,69,,3,,0,,19,,,,,
3715127,1973,4785,1971,"NO","",,1,,280,5,55,,9,,0,,4.7778,,,,,
3716154,1973,4792,1971,"NO","",272430,3,,414,5,51,,3,,0.4444,,7.3333,,,,0,0
3716218,1973,4792,1971,"NO","",,1,,256,6,65,,0,,,,,,,,,
3716377,1973,4792,1969,"NO","",,1,,426,6,61,,2,,0,,8,,,,,
3716896,1973,4799,1971,"NO","",438920,2,,285,6,67,,0,,,,,,,,,
3717889,1973,4806,1971,"NO","",,1,,114,5,55,,0,,,,,,,,,
3719203,1973,4813,1971,"NO","",282100,2,,137,6,69,,9,,0.1975,,18.2222,,,,0,0
3721044,1973,4827,1971,"NO","",,4,,49,5,59,,6,,0.5,,14.5,,,,,
3722413,1973,4834,1970,"NO","",,1,,102,1,19,,1,,0,,13,,,,,
3723026,1973,4834,1971,"NO","",,1,,417,5,53,,11,,0.5124,,6.6364,,,,,
3724587,1973,4841,1971,"NO","",103125,3,,180,5,55,,1,,0,,17,,,,0,0
3727260,1973,4855,1971,"NO","",42430,3,,15,6,69,,7,,0.2449,,11.1429,,,,0,0
3728758,1973,4862,1970,"NO","",40075,3,,16,5,59,,4,,0.375,,15.75,,,,0.3333,0.25
3728986,1973,4862,1971,"NO","",574900,3,,118,1,12,,0,,,,,,,,,
3729550,1973,4862,1971,"NO","",407450,3,,423,1,19,,3,,0,,13,,,,0,0
3730166,1973,4869,1971,"NO","",,1,,126,6,66,,0,,,,,,,,,
3730745,1973,4869,1970,"NO","",486660,3,,106,1,12,,0,,,,,,,,,
3732054,1973,4876,1971,"NO","",345910,3,,425,5,51,,15,,0.32,,7.0667,,,,0,0
3733061,1973,4883,1970,"NO","",2785,3,,261,1,19,,4,,0.625,,7,,,,0,0
3735313,1973,4890,1972,"NO","",,1,,337,4,41,,0,,,,,,,,,
3735410,1973,4890,1971,"NO","",282100,2,,342,2,21,,1,,0,,9,,,,0,0
3735515,1973,4897,1971,"NO","",574245,3,,40,6,69,,1,,0,,21,,,,0,0
3735773,1973,4897,1971,"NO","",574900,3,,137,6,69,,1,,0,,17,,,,0,0
3736362,1973,4897,1970,"NO","",,1,,434,6,69,,10,,0,,16.3,,,,,
3737040,1973,4904,1971,"NO","",,1,,210,1,19,,16,,0,,12.5,,,,,
3737353,1973,4904,1971,"NO","",608035,3,,156,1,19,,3,,0.4444,,5,,,,0,0
3737940,1973,4911,1971,"NO","",,1,,15,6,69,,23,,0.586,,19.087,,,,,
3737943,1973,4911,1971,"NO","",,1,,16,5,59,,6,,0.7222,,10.8333,,,,,
3738307,1973,4911,1971,"NO","",41710,3,,440,5,55,,7,,0.449,,21.5714,,,,0,0
3738382,1973,4911,1970,"NO","",,1,,137,6,69,,2,,0.5,,21.5,,,,,
3739494,1973,4918,1971,"NO","",170630,3,,34,1,19,,0,,,,,,,,,
3740192,1973,4918,1970,"NO","",,1,,422,1,19,,0,,,,,,,,,
3740792,1973,4925,1971,"NO","",,1,,16,5,59,,14,,0.3367,,16.2143,,,,,
3741526,1973,4925,1971,"NO","",536930,3,,212,5,59,,4,,0.375,,14,,,,0,0
3741688,1973,4925,1971,"NO","",323860,3,,417,5,53,,4,,0.625,,10.5,,,,0,0
3742100,1973,4925,1970,"NO","",407450,3,,264,5,51,,2,,0.5,,22,,,,0,0
3742110,1973,4925,1971,"NO","",505480,3,,264,5,51,,2,,0,,12,,,,0,0
3742438,1973,4925,1971,"NO","",515365,3,,367,2,21,,3,,0,,17.3333,,,,0,0
3744824,1973,4939,1972,"NO","",230470,3,,285,6,67,,6,,0.5,,19.1667,,,,0,0
3746277,1973,4946,1971,"NO","",449070,2,,242,5,51,,0,,,,,,,,,
3747107,1973,4946,1972,"NO","",282100,2,,342,2,21,,5,,0,,12.6,,,,0,0
3747694,1973,4953,1971,"NO","",40700,3,,173,5,51,,4,,0,,7.5,,,,0,0
3749160,1973,4960,1970,"NO","",407450,3,,165,6,66,,11,,0.1653,,14.1818,,,,0,0
3751058,1973,4967,1971,"NO","",536930,3,,280,5,55,,7,,0.6122,,13.5714,,,,0,0
3751302,1973,4967,1970,"NO","",,1,,429,4,45,,0,,,,,,,,,
3751553,1973,4967,1971,"NO","",205010,3,,423,1,19,,1,,0,,6,,,,0,0
3753384,1973,4981,1971,"NO","",,1,,409,5,51,,19,,0.8421,,13.4211,,,,,
3754246,1973,4981,1971,"NO","",,1,,340,2,21,,0,,,,,,,,,
3754266,1973,4981,1971,"NO","",282100,2,,342,2,21,,2,,0,,16.5,,,,0,0
3755657,1973,4988,1971,"NO","",,1,,235,5,59,,3,,0.6667,,11,,,,,
3756278,1973,4995,1972,"NO","",336190,3,,137,6,69,,3,,0.4444,,8.6667,,,,0,0
3756938,1973,4995,1971,"NO","",39520,3,,204,1,19,,9,,0.3457,,6.6667,,,,0,0
3757021,1973,4995,1972,"NO","",170630,3,,373,6,66,,1,,0,,19,,,,0,0
3758652,1973,5002,1971,"NO","",505480,3,,264,5,51,,3,,0.4444,,12.3333,,,,0,0
3758718,1973,5002,1972,"NO","",597260,6,,178,2,21,,7,,0.4898,,7.8571,,,,0,0
3759696,1973,5009,1969,"NO","",407450,3,,75,5,52,,2,,0.5,,26.5,,,,0,0
3760050,1973,5009,1970,"NO","",407450,3,,264,5,51,,5,,0.56,,7.8,,,,0,0
3762171,1973,5023,1971,"NO","",,1,,405,6,64,,8,,0.8438,,19.875,,,,,
3763630,1973,5030,1972,"NO","",,1,,53,6,68,,0,,,,,,,,,
3765358,1973,5037,1971,"NO","",304415,3,,114,5,55,,1,,0,,14,,,,0,0
3766007,1973,5037,1970,"NO","",276655,3,,376,4,44,,3,,0,,12,,,,0,0
3767760,1973,5044,1971,"NO","",188835,3,,423,1,19,,11,,0.7438,,11.9091,,,,0.0909,0.0909
3768696,1973,5051,1971,"NO","",,1,,222,1,19,,3,,0.4444,,19.6667,,,,,
3769180,1973,5051,1971,"NO","",,1,,205,1,19,,8,,0.2188,,8.5,,,,,
3769776,1973,5058,1972,"NO","",276655,3,,95,1,13,,5,,0.56,,17.8,,,,0,0
3769900,1973,5058,1971,"NO","",546850,3,,99,6,61,,3,,0.6667,,7.6667,,,,0,0
3770541,1973,5058,1971,"NO","",608035,3,,156,1,19,,0,,,,,,,,,
3773383,1973,5072,1971,"NO","",,1,,297,6,65,,7,,0.2449,,12,,,,,
3774873,1973,5079,1971,"NO","",288400,3,,248,6,69,,14,,0.551,,12.2857,,,,0.1111,0.0714
3775680,1973,5079,1972,"NO","",39745,3,,324,4,43,,7,,0.6939,,15.2857,,,,0,0
3776164,1973,5086,1971,"NO","",40575,3,,440,5,55,,1,,0,,2,,,,0,0
3776586,1973,5086,1972,"NO","",592770,3,,294,5,59,,10,,0.76,,16,,,,0,0
3776682,1973,5086,1972,"NO","",475735,3,,425,5,51,,16,,0.6797,,10.5625,,,,0.1538,0.125
3777141,1973,5086,1972,"NO","",,1,,378,4,44,,4,,0,,16.25,,,,,
3777446,1973,5093,1972,"NO","",40475,3,,53,6,68,,10,,0.7,,14.9,,,,0,0
3778834,1973,5093,1972,"NO","",282100,2,,342,2,21,,2,,0.5,,12.5,,,,0,0
3779024,1973,5100,1971,"NO","",40360,3,,405,6,64,,5,,0.56,,11.8,,,,0,0
3779213,1973,5100,1971,"NO","",477125,3,,123,5,53,,11,,0.7769,,18.0909,,,,0,0
3779510,1973,5100,1972,"NO","",170630,3,,251,5,53,,2,,0.5,,9.5,,,,0,0
3779870,1973,5100,1971,"NO","",407450,3,,203,1,19,,3,,0.4444,,11.3333,,,,0,0
3783036,1974,5114,1971,"NO","",40575,3,,148,5,52,,2,,0.5,,9,,,,0,0
3786122,1974,5128,1971,"NO","",594875,3,,264,5,51,,30,,0.5267,,13.2667,,,,0.1071,0.1
3786738,1974,5135,1972,"NO","",189585,3,,454,5,59,,1,,0,,4,,,,0,0
3787835,1974,5135,1972,"NO","",282100,2,,341,2,22,,2,,0,,6.5,,,,0,0
3788866,1974,5142,1972,"NO","",170630,3,,501,1,19,,3,,0.6667,,11,,,,0,0
3789928,1974,5149,1972,"NO","",323935,3,,172,6,64,,2,,0,,11,,,,0,0
3790215,1974,5149,1972,"NO","",,1,,299,6,64,,4,,0.375,,11,,,,,
3790427,1974,5149,1971,"NO","",,1,,156,1,19,,2,,0.5,,3,,,,,
3791930,1974,5156,1970,"NO","",,1,,435,3,33,,26,,0.6923,,15.6538,,,,,
3792860,1974,5163,1972,"NO","",,1,,482,5,59,,28,,0.0689,,17.9643,,,,,
3795001,1974,5170,1972,"NO","",282100,2,,342,2,21,,2,,0,,5.5,,,,0,0
3797148,1974,5191,1973,"NO","",,1,,40,6,69,,1,,0,,21,,,,,
3799837,1974,5198,1971,"NO","",63900,3,,428,6,69,,1,,0,,4,,,,0,0
3800012,1974,5198,1973,"NO","",159870,3,,264,5,51,,1,,0,,4,,,,0,0
3800831,1974,5205,1972,"NO","",430670,3,,137,6,69,,0,,,,,,,,,
3800865,1974,5205,1971,"NO","",546850,3,,165,6,66,,23,,0.7713,,16.0435,,,,0,0
3802343,1974,5212,1973,"NO","",40575,3,,102,1,19,,6,,0.2778,,9.1667,,,,0.1667,0.1667
3804304,1974,5219,1972,"NO","",305005,3,,222,1,19,,3,,0.4444,,11.6667,,,,0,0
3805543,1974,5226,1972,"NO","",587345,3,,62,6,69,,2,,0.5,,14.5,,,,0,0
3805962,1974,5226,1972,"NO","",,1,,211,6,65,,4,,0,,13.25,,,,,
3806352,1974,5226,1972,"NO","",,1,,427,1,12,,3,,0.4444,,9,,,,,
3808753,1974,5240,1972,"NO","",,1,,451,5,51,,3,,0,,17.3333,,,,,
3809037,1974,5240,1972,"NO","",,1,,123,5,53,,1,,0,,8,,,,,
3809344,1974,5240,1972,"NO","",30810,3,,173,5,51,,6,,0.2778,,7.1667,,,,0,0
3809526,1974,5240,1973,"NO","",,1,,432,6,66,,1,,0,,12,,,,,
3809548,1974,5240,1971,"NO","",536930,3,,75,5,52,,2,,0,,18.5,,,,0,0
3810304,1974,5247,1969,"NO","",,1,,29,5,52,,4,,0.625,,13.25,,,,,
3811396,1974,5254,1973,"NO","",323860,3,,114,5,55,,3,,0.4444,,4.3333,,,,0,0
3811982,1974,5254,1972,"NO","",,1,,156,1,19,,4,,0.625,,20.75,,,,,
3813852,1974,5268,1973,"NO","",170630,3,,95,1,13,,1,,0,,19,,,,0,0
3815305,1974,5275,1971,"NO","",551355,3,,52,6,69,,0,,,,,,,,,
3815329,1974,5275,1973,"NO","",574900,3,,96,1,13,,5,,0.64,,15.4,,,,0,0
3815643,1974,5275,1972,"NO","",350815,3,,139,6,63,,2,,0,,21,,,,0.5,0.5
3817826,1974,5282,1972,"NO","",41955,3,,162,1,19,,5,,0.56,,6.2,,,,0,0
3818507,1974,5289,1973,"NO","",247345,2,,2,6,63,,2,,0.5,,9.5,,,,0,0
3818765,1974,5289,1972,"NO","",505480,3,,73,4,43,,40,,0.685,,17.9,,,,0,0
3819014,1974,5289,1972,"NO","",554675,3,,188,5,53,,4,,0.625,,8.75,,,,0,0
3819144,1974,5289,1972,"NO","",39520,3,,299,6,64,,3,,0.4444,,16.3333,,,,0,0
3821352,1974,5292,1973,"NO","",205010,3,,423,1,19,,3,,0.4444,,12.3333,,,,0,0
3822497,1974,5303,1973,"NO","",287760,3,,43,6,61,,0,,,,,,,,,
3822607,1974,5303,1972,"NO","",,1,,74,5,59,,12,,0.5694,,19.1667,,,,,
3823439,1974,5310,1970,"NO","",,1,,16,5,59,,4,,0.375,,10.25,,,,,
3823953,1974,5310,1972,"NO","",,1,,280,5,55,,11,,0.1653,,5.0909,,,,,
3824091,1974,5310,1972,"NO","",260915,3,,71,1,11,,2,,0,,9,,,,0,0
3824795,1974,5317,1972,"NO","",,1,,405,6,64,,7,,0,,3.4286,,,,,
3824943,1974,5317,1972,"NO","",,1,,114,5,55,,9,,0.3457,,10,,,,,
3826193,1974,5324,1973,"NO","",40575,3,,102,1,19,,6,,0.4444,,8.3333,,,,0.3333,0.3333
3827143,1974,5331,1973,"NO","",282100,2,,29,5,52,,0,,,,,,,,,
3828576,1974,5338,1973,"NO","",320825,3,,62,6,69,,1,,0,,22,,,,0,0
3828709,1974,5338,1972,"NO","",323860,3,,114,5,55,,4,,0.625,,7.5,,,,0,0
3829050,1974,5338,1972,"NO","",,1,,248,6,69,,2,,0,,17.5,,,,,
3829592,1974,5338,1970,"NO","",,1,,426,6,61,,10,,0.18,,18.1,,,,,
3829796,1974,5338,1972,"NO","",169750,3,,342,2,21,,2,,0,,21.5,,,,0,0
3830043,1974,5345,1972,"NO","",39520,3,,55,1,13,,10,,0.46,,13,,,,0,0
3830548,1974,5345,1973,"NO","",,1,,406,5,59,,4,,0.5,,7.75,,,,,
3830626,1974,5345,1972,"NO","",,1,,8,1,11,,3,,0,,8.3333,,,,,
3832099,1974,5352,1973,"NO","",594875,3,,425,5,51,,12,,0.4028,,7.1667,,,,0.0833,0.0833
3832434,1974,5352,1972,"NO","",170630,3,,264,5,51,,11,,0.7438,,14.8182,,,,0.1818,0.1818
3832958,1974,5359,1973,"NO","",159870,3,,109,6,69,,1,,0,,22,,,,0,0
3833667,1974,5359,1972,"NO","",14955,3,,568,1,14,,1,,0,,21,,,,0,0
3834954,1974,5366,1972,"NO","",159870,3,,149,1,19,,1,,0,,4,,,,0,0
3835198,1974,5366,,"NO","",438920,2,,585,1,19,,2,,0,,,,,,0,0
3835741,1974,5373,1972,"NO","",505480,3,,83,5,51,,4,,0.375,,12.5,,,,0,0
3836019,1974,5373,1973,"NO","",292005,3,,414,5,51,,9,,0.4444,,12.8889,,,,0,0
3838190,1974,5380,1972,"NO","",143880,3,,423,1,19,,9,,0.1975,,9.1111,,,,0,0
3838936,1974,5387,1973,"NO","",42220,3,,408,5,51,,7,,0.6939,,14.8571,,,,0,0
3841519,1974,5401,1973,"NO","",,1,,206,6,68,,6,,0.4444,,11.1667,,,,,
3841676,1974,5401,1972,"NO","",,1,,292,6,69,,0,,,,,,,,,
3842003,1974,5401,1973,"NO","",39510,3,,530,1,15,,4,,0.625,,18,,,,0,0
3843271,1974,5408,1973,"NO","",539180,3,,403,6,67,,1,,0,,4,,,,0,0
3843450,1974,5408,1971,"NO","",,1,,435,3,33,,21,,0.7664,,12.5238,,,,,
3843983,1974,5415,1972,"NO","",222740,3,,441,6,69,,4,,0.375,,20.25,,,,0,0
3845383,1974,5415,1973,"NO","",170630,3,,324,4,43,,0,,,,,,,,,
3846015,1974,5422,1973,"NO","",407515,3,,349,1,19,,8,,0.6875,,8.5,,,,0,0
3847670,1974,5429,1968,"NO","",,1,,429,4,45,,0,,,,,,,,,
3849263,1974,5436,1970,"NO","",,1,,205,1,19,,11,,0.1653,,13.0909,,,,,
3849821,1974,5443,1972,"NO","",406455,3,,14,6,69,,1,,0,,25,,,,0,0
3850200,1974,5443,1973,"NO","",,1,,137,6,69,,2,,0.5,,11,,,,,
3850439,1974,5443,1973,"NO","",,1,,280,5,55,,7,,0,,4.5714,,,,,
3850715,1974,5443,1972,"NO","",505480,3,,264,5,51,,2,,0.5,,7,,,,0,0
3851615,1974,5450,1973,"NO","",382685,3,,116,6,69,,6,,0.5,,9.8333,,,,0,0
3852122,1974,5450,1973,"NO","",39520,3,,148,5,52,,2,,0.5,,8,,,,0,0
3853131,1974,5457,1972,"NO","",,1,,460,6,61,,1,,0,,24,,,,,
3853767,1974,5457,1972,"NO","",430670,3,,210,1,19,,14,,0,,8.5714,,,,0,0
3854264,1974,5464,1972,"NO","",40775,3,,52,6,69,,1,,0,,25,,,,0,0
3855392,1974,5464,1971,"NO","",407450,3,,423,1,19,,8,,0.2188,,16.625,,,,0,0
3856078,1974,5471,1973,"NO","",430670,3,,165,6,66,,5,,0.56,,11,,,,0,0
3856164,1974,5471,1973,"NO","",,1,,414,5,51,,1,,0,,15,,,,,
3856291,1974,5471,1973,"NO","",,1,,269,6,69,,5,,0.56,,18.6,,,,,
3856691,1974,5471,1972,"NO","",569900,2,,508,5,59,,5,,0.56,,9.4,,,,0.2,0.2
3857801,1974,5478,1973,"NO","",407450,3,,521,1,15,,2,,0.5,,5.5,,,,0,0
3859737,1975,5492,1973,"NO","",,1,2,434,6,69,5,5,0.4,0.32,0.5,18.4,17.6,,,,
3859906,1975,5492,1973,"NO","",,1,4,99,6,61,2,2,0.5,0.5,0,14.5,24.5,,,,
3859987,1975,5492,1973,"NO","",,1,6,600,3,32,3,4,0.3333,0.375,0,18.75,20.3333,,,,
3861230,1975,5499,1973,"NO","",574900,3,3,474,5,53,5,2,0,0.5,,3.5,26.2,0,0,0,0
3863411,1975,5513,1973,"NO","",,1,4,52,6,69,1,0,1,,0,,7,,,,
3863457,1975,5513,1973,"NO","",272450,3,7,405,6,64,5,3,0.6,0,0.6667,4.3333,9.6,0,0,0,0
3865518,1975,5520,1971,"NO","",134690,3,3,417,5,53,3,2,0.3333,0.5,0,20,20.6667,0,0,0.5,0.5
3866556,1975,5527,1973,"NO","",,1,7,114,5,55,2,0,0,,,,32,,,,
3866927,1975,5527,1973,"NO","",,1,1,280,5,55,3,4,1,0.625,0.4444,12.75,8.3333,,,,
3868144,1975,5534,1973,"NO","",,1,7,297,6,65,4,6,0.75,0.2778,0,13.3333,7.75,,,,
3868740,1975,5541,1973,"NO","",35,3,6,15,6,69,0,9,,0.3457,,11.8889,,,,0,0
3869065,1975,5541,1972,"NO","",,1,8,221,5,51,5,16,0.8,0.6953,0.375,15.5625,6.2,,,,
3869309,1975,5541,1973,"NO","",407450,3,4,428,6,69,9,0,0.5556,,0.64,,10.5556,0,0,,
3869561,1975,5541,1973,"NO","",282100,2,12,174,4,41,5,3,0.2,0.4444,0,16.6667,31.6,0,0,0,0
3870003,1975,5548,1972,"NO","",,1,4,405,6,64,5,2,0.6,0,0.6667,8.5,11.4,,,,
3870081,1975,5548,1973,"NO","",41080,3,3,138,6,67,5,6,0.2,0.6667,0,10,33.2,0,0,0,0
3870168,1975,5548,1973,"NO","",321660,3,4,414,5,51,3,2,0.3333,0.5,0,11.5,31.3333,0,0,0,0
3870365,1975,5548,1973,"NO","",,1,15,297,6,65,3,0,0.6667,,0,,10,,,,
3870447,1975,5548,1974,"NO","",170630,3,3,425,5,51,5,1,0.8,0,0,11,7.6,0,0,0,0
3871286,1975,5555,1973,"NO","",,1,3,110,6,66,5,7,0.4,0.2449,0.5,11.8571,18.8,,,,
3872641,1975,5562,1973,"NO","",,1,7,52,6,69,7,3,0.8571,0.6667,0.5,12.3333,9.2857,,,,
3874161,1975,5569,1973,"NO","",77270,3,11,368,6,69,8,1,0.375,0,0.4444,19,25.5,0,0,0,0
3874296,1975,5569,1973,"NO","",40575,3,6,102,1,19,5,6,0.6,0.5,0,10.8333,11.8,0,0,0,0
3874684,1975,5569,1973,"NO","",,1,11,280,5,55,1,5,0,0,,6,27,,,,
3874991,1975,5569,1973,"NO","",625545,2,4,162,1,19,6,2,1,0,0,4.5,5.3333,0,0,0,0
3875549,1975,5569,1973,"NO","",515365,3,2,367,2,21,2,2,1,0,0,4,5,0,0,0,0
3875708,1975,5576,1973,"NO","",41150,3,5,52,6,69,8,4,0.25,0,0.5,14,40.5,0,0,0,0
3877205,1975,5583,1973,"NO","",606985,3,4,53,6,68,2,3,0.5,0,0,13.6667,8,0,0,0.5,0.3333
3877528,1975,5583,1973,"NO","",,1,3,173,5,51,6,1,0.6667,0,0,7,9.5,,,,
3878382,1975,5583,1973,"NO","",409100,3,11,702,2,22,5,2,0.8,0.5,0.625,14,7.2,0,0,0,0
3878857,1975,5590,1973,"NO","",,1,3,134,6,69,7,13,0.2857,0.3787,0.5,17.3077,19.1429,,,,
3879514,1975,5590,1972,"NO","",170630,3,3,264,5,51,5,1,1,0,0.32,21,4.6,0,0,0,0
3879952,1975,5597,1973,"NO","",,1,8,405,6,64,5,3,0.8,0,0.375,11.3333,7.2,,,,
3880455,1975,5597,1973,"NO","",,1,7,293,5,55,7,5,0.7143,0,0.32,10.8,16.2857,,,,
3880653,1975,5597,1971,"NO","",188835,3,7,205,1,19,7,10,0.8571,0.72,0.2778,10.6,6.4286,0.2,0.1429,0.125,0.1
3882288,1975,5604,1973,"NO","",,1,7,191,4,49,3,6,0.3333,0.5,0,8.3333,23.3333,,,,
3883081,1975,5611,1974,"NO","",71775,3,9,241,5,51,7,0,0.7143,,0.48,,7.1429,0,0,,
3883989,1975,5618,1973,"NO","",293840,3,16,47,6,61,10,6,0.5,0.7222,0.48,14.6667,21.4,0,0,0,0
3884503,1975,5618,1974,"NO","",,1,7,280,5,55,7,2,0.5714,0,0.375,7.5,12.8571,,,,
3884612,1975,5618,1973,"NO","",,1,23,425,5,51,8,12,0.25,0.4444,0,13.5,21,,,,
3885269,1975,5625,1974,"NO","",,1,3,16,5,59,3,1,1,0,0.6667,20,7.3333,,,,
3885514,1975,5625,1973,"NO","",,1,4,114,5,55,9,4,0.5556,0,0.32,17,19.3333,,,,
3886069,1975,5625,1973,"NO","",,1,10,95,1,13,3,3,0.3333,0.4444,0,16.6667,27.6667,,,,
3887359,1975,5632,1973,"NO","",170630,3,10,75,5,52,4,8,0.75,0.7813,0,10,9.25,0,0,0,0
3887679,1975,5632,1972,"NO","",188835,3,8,423,1,19,5,4,1,0.375,0.56,3.75,6.6,0.3333,0.2,0,0
3887992,1975,5639,1974,"NO","",475735,3,3,29,5,52,2,10,1,0.82,0.5,10.2,7,0,0,0,0
3888087,1975,5639,1973,"NO","",416275,2,2,405,6,64,7,16,0.4286,0.5781,0.4444,15.0625,20.4286,0,0,0,0
3890214,1975,5646,1974,"NO","",407450,3,5,205,1,19,2,1,0,0,,8,19,0,0,0,0
3890245,1975,5646,1973,"NO","",276655,3,2,502,1,19,1,5,1,0.72,0,17.4,10,0,0,0,0
3891018,1975,5653,1974,"NO","",170630,3,5,152,5,55,5,3,0,0,,9.6667,20,0,0,0.5,0.3333
3892233,1975,5660,1974,"NO","",,1,2,606,3,32,0,8,,0.4063,,11.625,,,,,
3893617,1975,5667,1974,"NO","",282100,2,2,714,2,22,5,4,1,0.625,0.56,10.75,5.4,0,0,0,0
3894287,1975,5667,1974,"NO","",282100,2,3,375,2,21,3,5,0.6667,0.64,0.5,15.8,10.3333,1,0.3333,0,0
3895175,1975,5674,1974,"NO","",170630,3,7,373,6,66,4,2,0.25,0,0,7,22.5,0,0,0.5,0.5
3895937,1975,5681,1974,"NO","",39520,3,8,420,5,52,8,7,0.875,0.4082,0.4082,11.5714,12.125,0,0,0,0
3896943,1975,5688,1973,"NO","",495300,3,8,414,5,51,2,5,0.5,0,0,7.8,15.5,0,0,0,0
3897527,1975,5688,1972,"NO","",,1,8,264,5,51,5,7,1,0,0.8,12,5,,,,
3897990,1975,5695,1974,"NO","",170630,3,10,118,1,12,4,3,0.25,0,0,5,15.25,0,0,0,0
3898015,1975,5695,1974,"NO","",574900,3,4,415,5,53,1,0,1,,0,,1,0,0,,
3898523,1975,5695,1973,"NO","",,1,4,315,4,42,2,3,1,0.4444,0,12,2,,,,
3899238,1975,5702,1974,"NO","",,1,3,439,4,41,1,0,0,,,,34,,,,
3900164,1975,5709,1974,"NO","",407450,3,6,239,5,59,3,0,0.6667,,0,,15.6667,1,0.3333,,
3900343,1975,5709,1973,"NO","",531850,3,8,429,4,45,3,0,0.6667,,0.5,,18.3333,0,0,,
3901156,1975,5716,1974,"NO","",40575,3,4,102,1,19,4,2,0.25,0,0,6,13.5,0,0,0,0
3902599,1975,5723,1973,"NO","",554290,3,1,206,6,68,9,12,0.7778,0.6944,0.4082,14.5,9.3333,1,0.1111,0,0
3903748,1975,5730,1973,"NO","",170630,3,7,74,5,59,10,7,0.6,0,0.2778,9.1429,12,0,0,0,0
3904306,1975,5730,1974,"NO","",574900,3,2,415,5,53,8,1,0.25,0,0.5,17,19.5,0,0,0,0
3905647,1975,5737,1974,"NO","",39520,3,15,299,6,64,3,1,0.6667,0,0.5,2,14.6667,0,0,0,0
3906735,1975,5744,1974,"NO","",,1,4,405,6,64,2,2,1,0.5,0,3,9,,,,
3906881,1975,5744,1973,"NO","",,1,4,114,5,55,7,3,0.5714,0,0,4.6667,29.2857,,,,
3907651,1975,5744,1974,"NO","",407450,3,9,205,1,19,3,4,0.6667,0.5,0,7.75,12.6667,0,0,0,0
3908551,1975,5751,1973,"NO","",40575,3,5,102,1,19,2,2,0.5,0,0,7.5,13,0,0,0.5,0.5
3909242,1975,5751,1973,"NO","",170630,3,6,75,5,52,2,2,1,0.5,0,22.5,2,0,0,0,0
3909370,1975,5751,1972,"NO","",276655,3,5,205,1,19,4,4,1,0.625,0.375,15.5,9.5,0,0,0,0
3909501,1975,5751,1974,"NO","",282100,2,9,174,4,41,4,1,1,0,0.75,21,5.25,0.5,0.25,0,0
3909592,1975,5751,1975,"NO","",445830,3,10,219,4,49,8,15,0.75,0.1244,0,5.7333,8.75,0,0,0,0
3910147,1975,5758,1973,"NO","",170630,3,4,83,5,51,3,2,0,0,,19,37.3333,0,0,0,0
3910217,1975,5758,1974,"NO","",,1,1,111,6,61,4,0,0.25,,0,,34.75,,,,
3910649,1975,5758,1974,"NO","",225075,3,18,305,5,55,4,8,0.5,0.2188,0,12.25,14.5,0,0,0,0
3911117,1975,5758,1974,"NO","",,1,4,514,3,31,5,5,0.4,0.64,0.5,15.6,11.4,,,,
3911687,1975,5765,1973,"NO","",,1,15,405,6,64,10,11,0.6,0,0.2778,7.0909,9.9,,,,
3911809,1975,5765,1974,"NO","",574900,3,2,100,5,59,3,0,0.3333,,0,,11.3333,0,0,,
3913292,1975,5772,1974,"NO","",39425,3,6,52,6,69,17,12,0.3529,0.4167,0.5,10.75,20.6471,0,0,0,0
3913335,1975,5772,1973,"NO","",,1,8,405,6,64,3,6,1,0,0.4444,5.8333,3.6667,,,,
3915677,1975,5779,1973,"NO","",,1,6,73,4,43,2,2,0.5,0,0,9,16.5,,,,
3916482,1975,5786,1974,"NO","",,1,4,452,6,61,9,7,0.7778,0,0,9.8571,15.5556,,,,
3916603,1975,5786,1974,"NO","",,1,7,53,6,68,2,5,1,0.32,0,12.6,6.5,,,,
3917775,1975,5786,1974,"NO","",,1,5,264,5,51,3,1,1,0,0.4444,8,4.6667,,,,
3921263,1975,5807,1974,"NO","",,1,4,24,6,63,3,0,0,,,,58.3333,,,,
3921996,1975,5807,1974,"NO","",,1,3,280,5,55,3,0,0.6667,,0,,8,,,,
3922809,1975,5814,1975,"NO","",,1,6,43,6,61,1,0,0,,,,16,,,,
3922908,1975,5814,1974,"NO","",406985,3,5,73,4,43,3,2,0.6667,0,0,11,13,0,0,0,0
3923605,1975,5814,1973,"NO","",,1,6,435,3,33,1,5,0,0.72,,12.6,13,,,,
3924440,1975,5821,1973,"NO","",,1,4,72,5,52,7,1,0.5714,0,0,16,20,,,,
3925058,1975,5821,1974,"NO","",170630,3,4,420,5,52,1,0,0,,,,22,0,0,,
3925997,1975,5828,1974,"NO","",272450,3,3,405,6,64,3,3,0.6667,0,0,7.3333,6.6667,0,0,0,0
3926450,1975,5828,1975,"NO","",,1,5,280,5,55,2,0,1,,0,,1,,,,
3926595,1975,5828,1974,"NO","",2785,3,9,55,1,13,6,17,0.3333,0.6644,0.5,11.7647,38.1667,0,0,0,0
3928386,1975,5835,1974,"NO","",,1,,549,1,14,0,4,,0.625,,9,,,,,
3928639,1975,5835,1973,"NO","",515890,3,,426,6,61,0,1,,0,,8,,,,0,0
3929263,1975,5842,1974,"NO","",407450,3,5,222,1,19,1,1,0,0,,20,23,0,0,0,0
3929958,1975,5842,1975,"NO","",475735,3,9,264,5,51,2,10,1,0.48,0.5,8.9,3.5,0,0,0,0
3930121,1975,5842,1974,"NO","",282100,2,6,375,2,21,3,9,1,0.6667,0.4444,6.2222,9.3333,0,0,0,0
3932100,1976,5856,1975,"NO","",39520,3,6,425,5,51,8,4,0.375,0.375,0,10,20.875,0,0,0,0
3932937,1976,5863,1975,"NO","",,1,4,30,6,65,5,3,0,0.4444,,16.6667,63.6,,,,
3933364,1976,5863,1972,"NO","",,1,7,280,5,55,2,5,0.5,0.72,0,14.4,16.5,,,,
3934510,1976,5870,1974,"NO","",40575,3,8,102,1,19,4,2,0.75,0,0.4444,8,8.25,0.5,0.25,0,0
3934694,1976,5870,1975,"NO","",,1,8,194,5,59,2,0,0,,,,54.5,,,,
3934932,1976,5870,1973,"NO","",292115,3,5,297,6,65,5,9,0.4,0,0,13.4444,18,0,0,0,0
3935878,1976,5877,1974,"NO","",,1,7,137,6,69,4,2,0,0.5,,21,54.25,,,,
3935969,1976,5877,1972,"NO","",,1,4,222,1,19,3,0,0.3333,,0,,18.6667,,,,
3936375,1976,5877,1974,"NO","",39510,3,10,530,1,15,5,9,0.6,0.7407,0.4444,5,13.2,0,0,0.1667,0.1111
3936588,1976,5877,1974,"NO","",170630,3,16,373,6,66,5,9,0.8,0.4938,0,6.2222,17.4,0,0,0.1111,0.1111
3936608,1976,5877,1974,"NO","",282100,2,7,377,4,49,2,3,0.5,0.4444,0,5.3333,14.5,0,0,0,0
3938206,1976,5891,1974,"NO","",,1,8,8,1,11,2,10,1,0.7,0.5,7.5,4.5,,,,
3938279,1976,5891,1974,"NO","",407450,3,3,47,6,61,4,3,0.5,0.6667,0.5,12.3333,18,0,0,0,0
3938289,1976,5891,1974,"NO","",,1,12,52,6,69,4,5,0.75,0.48,0.4444,10.8,15.5,,,,
3939792,1976,5898,1974,"NO","",,1,10,114,5,55,2,4,0.5,0,0,9.75,12.5,,,,
3940526,1976,5898,1974,"NO","",515890,3,5,428,6,69,5,1,1,0,0.56,22,9.4,0,0,0,0
3941377,1976,5905,1974,"NO","",,1,4,482,5,59,4,24,1,0.1563,0,14.7917,5.75,,,,
3941700,1976,5905,1974,"NO","",416840,3,7,210,1,19,5,3,0,0,,5.6667,22.2,0,0,1,0.3333
3942657,1976,5912,1974,"NO","",,1,8,414,5,51,2,0,1,,0,,7.5,,,,
3942771,1976,5912,1974,"NO","",,1,6,366,1,19,4,5,0.5,0.72,0,13.2,29,,,,
3942933,1976,5912,1974,"NO","",159870,3,3,425,5,51,7,1,0.8571,0,0.2778,20,10,0,0,0,0
3945212,1976,5926,1973,"NO","",,1,15,405,6,64,4,3,0.5,0.4444,0,4,12,,,,
3946253,1976,5926,1974,"NO","",282100,2,16,327,4,41,4,1,1,0,0.5,16,8.5,0,0,0,0
3946568,1976,5933,1975,"NO","",,1,6,405,6,64,4,3,1,0,0,19.6667,2.25,,,,
3946881,1976,5933,1974,"NO","",40040,3,5,212,5,59,2,2,1,0.5,0.5,9.5,3.5,0,0,0,0
3946924,1976,5933,1974,"NO","",230475,3,4,226,5,51,2,0,1,,0.5,,8,0,0,,
3947679,1976,5933,1974,"NO","",,1,5,362,4,42,6,0,1,,0.6111,,9.5,,,,
3948443,1976,5940,1974,"NO","",407450,3,17,239,5,59,8,1,0.25,0,0.5,10,26.25,0,0,0,0
3950250,1976,5947,1973,"NO","",170630,3,3,210,1,19,10,1,0.7,0,0.449,18,12.3,0,0,0,0
3952382,1976,5961,1974,"NO","",,5,2,24,6,63,2,12,0,0.7083,,12.5,36,,,,
3954069,1976,5968,1975,"NO","",390765,3,9,110,6,66,6,23,0.8333,0.4877,0.48,12.6957,9.6667,0,0,0,0
3954100,1976,5968,1974,"NO","",280360,2,10,600,3,32,10,13,0.8,0.6509,0.375,8.5385,11.7,0,0,0,0
3955179,1976,5968,1974,"NO","",,1,20,382,2,22,6,27,1,0.8505,0.7222,10.2593,8.1667,,,,
3957265,1976,5982,1974,"NO","",,1,8,271,5,51,3,0,1,,0.6667,,5,,,,
3958426,1976,5989,1972,"NO","",,1,5,405,6,64,8,0,0.875,,0.4898,,15.25,,,,
3958986,1976,5989,1974,"NO","",,1,6,423,1,19,2,5,1,0.72,0.5,9.6,6.5,,,,
3959493,1976,5989,1974,"NO","",486285,3,15,426,6,61,9,20,0.7778,0.535,0.4082,16.55,8.2222,0,0,0,0
3960261,1976,5996,1974,"NO","",,1,5,198,5,59,6,2,0.6667,0.5,0,13,12,,,,
3960340,1976,5996,1974,"NO","",40410,3,3,242,5,51,3,3,0.6667,0.4444,0,19,13.3333,0,0,0,0
3961407,1976,6003,1975,"NO","",,1,12,29,5,52,3,1,0.3333,0,0,21,11.3333,,,,
3961488,1976,6003,1974,"NO","",39425,3,9,405,6,64,6,3,0.8333,0,0.56,18,19.3333,0,0,0,0
3961489,1976,6003,1974,"NO","",,1,2,405,6,64,4,4,0.75,0.375,0,11,10,,,,
3962560,1976,6003,1974,"NO","",,1,8,392,4,41,8,0,0.125,,0,,29.625,,,,
3964146,1976,6017,1974,"NO","",407450,3,8,29,5,52,4,15,0.75,0.48,0.4444,8.2667,12,0,0,0,0
3964228,1976,6017,1971,"NO","",141930,3,4,428,6,69,5,3,0.8,0,0.625,16.6667,12.8,0,0,0,0
3964311,1976,6017,1975,"NO","",41840,3,12,73,4,43,4,11,0.25,0.1653,0,11.0909,30.25,0,0,0,0
3964836,1976,6017,1974,"NO","",574900,3,6,415,5,53,6,1,0.8333,0,0.64,15,14.3333,0,0,0,0
3965715,1976,6024,1975,"NO","",475735,3,6,72,5,52,6,2,0.3333,0.5,0.5,17.5,33.8333,0,0,0,0
3966386,1976,6024,1974,"NO","",,1,9,425,5,51,7,5,0.8571,0.72,0.6111,15,7.2857,,,,
3967650,1976,6031,1973,"NO","",608035,3,3,138,6,67,4,0,0.5,,0.5,,14.25,0,0,,
3967910,1976,6031,1975,"NO","",,1,5,403,6,67,4,3,0.75,0.6667,0.4444,6.3333,11.25,,,,
3968496,1976,6031,1975,"NO","",282100,2,7,343,2,21,3,11,0.6667,0.4463,0,11.1818,17.3333,0,0,0,0
3968764,1976,6038,1975,"NO","",386280,3,3,114,5,55,10,6,0.8,0.6111,0.6563,5.5,7.5,0,0,0.3333,0.3333
3968922,1976,6038,1975,"NO","",,1,1,229,6,68,4,12,0.75,0.1528,0,7.3333,8.75,,,,
3970814,1976,6045,1974,"NO","",170630,3,8,219,4,49,2,1,0.5,0,0,21,19.5,0,0,0,0
3971096,1976,6052,1974,"NO","",40765,3,6,15,6,69,4,10,0,0.76,,15.7,28.75,0,0,0,0
3972817,1976,6059,1975,"NO","",390765,3,8,210,1,19,4,5,0.25,0.32,0,10.4,23.25,0,0,0,0
3973688,1976,6066,1974,"NO","",,1,4,215,6,68,3,4,0.3333,0.375,0,21.75,15,,,,
3974069,1976,6066,1975,"NO","",,1,6,210,1,19,15,5,0.6,0.72,0.5679,9.6,18.4,,,,
3974349,1976,6066,1975,"NO","",188835,3,13,200,4,41,3,0,0.3333,,0,,13.6667,0,0,,
3975189,1976,6073,1974,"NO","",188835,3,5,205,1,19,7,2,0.4286,0,0.4444,7.5,26.2857,0.5,0.1429,0,0
3975575,1976,6073,1975,"NO","",170630,3,12,373,6,66,1,3,0,0.4444,,8.6667,20,0,0,0,0
3975576,1976,6073,1975,"NO","",170630,3,18,373,6,66,2,2,0.5,0,0,9.5,12,0,0,0,0
3975716,1976,6073,1974,"NO","",,1,7,400,5,59,7,0,1,,0.8163,,6.7143,,,,
3975958,1976,6080,1974,"NO","",395120,3,2,73,4,43,6,1,1,0,0.2778,13,10.6667,0,0,0,0
3976382,1976,6080,1973,"NO","",40575,3,19,356,4,43,14,40,0.9286,0.665,0.5562,13.425,8.2143,0,0,0,0
3976727,1976,6080,1975,"NO","",170630,3,5,261,1,19,12,0,0.4167,,0.72,,18.5833,0,0,,
3977030,1976,6087,1975,"NO","",,1,12,114,5,55,5,2,0.2,0.5,0,15.5,15.4,,,,
3977181,1976,6087,1975,"NO","",41050,3,6,59,6,69,3,2,0.6667,0.5,0.5,3.5,15.3333,0,0,0.5,0.5
3977325,1976,6087,1974,"NO","",41080,3,7,102,1,19,7,6,0.5714,0.2778,0.375,18.1667,12.8571,0,0,0,0
3977346,1976,6087,1974,"NO","",39425,3,13,114,5,55,10,10,0.5,0.18,0.56,14.4,13.7,0,0,0,0
3977347,1976,6087,1974,"NO","",,1,9,114,5,55,4,1,0.5,0,0,23,20.5,,,,
3977352,1976,6087,1974,"NO","",395380,3,3,114,5,55,7,1,0.2857,0,0,21,29.7143,0,0,0,0
3980020,1976,6101,1974,"NO","",41080,3,5,102,1,19,3,2,0.6667,0,0,11.5,16,1,0.3333,0,0
3980021,1976,6101,1974,"NO","",41080,3,4,102,1,19,3,3,1,0,0,8.6667,7,1,0.3333,0,0
3980741,1976,6101,1975,"NO","",159870,3,3,264,5,51,1,2,1,0,0,5,4,0,0,1,0.5
3981776,1976,6108,1974,"NO","",,1,37,435,3,33,1,21,1,0.8345,0,14.8571,2,,,,
3981934,1976,6108,1974,"NO","",159870,3,4,568,1,14,1,0,0,,,,50,0,0,,
3983210,1976,6115,1974,"NO","",143880,3,6,423,1,19,6,1,0.6667,0,0.625,4,14.5,0.5,0.1667,0,0
3983530,1976,6115,1975,"NO","",515365,3,12,367,2,21,5,2,0.8,0,0.625,7,9.8,0,0,0,0
3985085,1976,6129,1975,"NO","",40040,3,7,110,6,66,4,2,1,0,0,4,5.5,0,0,0,0
3985339,1976,6129,1974,"NO","",431940,3,1,254,5,59,4,0,0.5,,0.5,,15.25,0,0,,
3985608,1976,6129,1975,"NO","",,1,23,435,3,33,1,12,1,0.6667,0,13,2,,,,
3986539,1976,6136,1974,"NO","",,1,1,141,5,51,5,1,0.2,0,0,12,49.2,,,,
3986655,1976,6136,1976,"NO","",311790,2,6,229,6,68,8,4,0.875,0.375,0,11.25,4.625,0.2857,0.25,0,0
3987249,1976,6136,1975,"NO","",359825,3,6,370,2,21,1,2,1,0,0,19,3,0,0,0,0
3987969,1976,6143,1975,"NO","",323860,3,5,241,5,51,6,0,0,,,,63,0,0,,
3989918,1976,6150,1975,"NO","",170630,3,6,219,4,49,4,3,1,0.4444,0.375,11.3333,4.75,0,0,0,0
3990082,1976,6150,1975,"NO","",515365,3,14,346,4,49,1,1,1,0,0,1,2,0,0,0,0
3990254,1976,6157,1975,"NO","",,1,11,405,6,64,3,5,1,0,0,7,3.6667,,,,
3991105,1976,6157,1974,"NO","",412805,3,10,562,1,14,4,0,0.75,,0.4444,,9,0,0,,
3991492,1976,6164,1975,"NO","",,1,3,36,6,63,3,2,0.3333,0,0,14,26.6667,,,,
3991519,1976,6164,1975,"NO","",14675,3,9,49,5,59,5,1,0.6,0,0,6,14,0,0,0,0
3992996,1976,6171,1974,"NO","",41080,3,4,102,1,19,2,4,0.5,0,0,12.25,21.5,1,0.5,0,0
3993011,1976,6171,1976,"NO","",78150,2,10,414,5,51,5,8,0.6,0.375,0.4444,12.25,10.2,0,0,0,0
3994481,1976,6178,1974,"NO","",39520,3,12,266,5,52,2,1,1,0,0.5,12,5,0.5,0.5,0,0
3995536,1976,6185,1974,"NO","",295200,3,7,92,5,53,4,4,0.75,0.625,0.6667,12.75,9,0,0,0,0
3996126,1976,6185,1974,"NO","",,1,9,204,1,19,3,10,0.3333,0.68,0,17.5,51,,,,
3996340,1976,6185,1975,"NO","",170630,3,7,423,1,19,2,2,1,0.5,0,12.5,5,0,0,0,0
3996870,1976,6192,1975,"NO","",,1,9,114,5,55,4,5,0.25,0,0,5.8,45.5,,,,
3997445,1976,6192,1975,"NO","",205010,3,10,210,1,19,8,7,0.75,0.6939,0.7778,4.4286,13.75,0,0,0.1667,0.1429
3997563,1976,6192,1975,"NO","",,5,6,549,1,14,0,7,,0.6939,,4.4286,,,,,
3997996,1976,6199,1976,"NO","",390230,3,2,43,6,61,2,6,0.5,0,0,13,17,0,0,0,0
4000651,1977,6213,1976,"NO","",406290,3,4,73,4,43,3,4,0.6667,0.625,0,15.5,13,0,0,0,0
4000713,1977,6213,1975,"NO","",,1,4,114,5,55,4,1,1,0,0.625,6,6,,,,
4001488,1977,6213,1975,"NO","",170630,3,6,373,6,66,4,3,0.25,0.6667,0,15,30,1,0.25,0,0
4001489,1977,6213,1975,"NO","",282100,2,13,174,4,41,5,0,1,,0,,4.4,0,0,,
4002953,1977,6220,1975,"NO","",14785,3,3,361,4,45,3,6,0.6667,0.5,0,10.5,10.3333,0,0,0,0
4003259,1977,6227,1975,"NO","",395120,3,25,73,4,43,5,10,0.8,0.58,0.375,13.7,11,0,0,0,0
4003594,1977,6227,1975,"NO","",,1,9,293,5,55,9,3,0.5556,0,0,6.3333,18.5556,,,,
4003671,1977,6227,1974,"NO","",406990,3,10,415,5,53,8,3,0.625,0.6667,0.64,6.6667,21.125,0,0,0,0
4004535,1977,6234,1975,"NO","",39425,3,8,114,5,55,2,1,1,0,0.5,23,4.5,0,0,0,0
4005252,1977,6234,1975,"NO","",170630,3,4,373,6,66,3,3,0.6667,0,0,8.3333,9.6667,0.5,0.3333,0,0
4005477,1977,6234,1975,"NO","",280070,2,14,360,2,24,4,2,1,0,0.375,5.5,7.75,0,0,0.5,0.5
4005709,1977,6241,1976,"NO","",,1,12,602,3,32,4,16,0.75,0.6484,0,14.8125,7.5,,,,
4005755,1977,6241,1974,"NO","",,1,12,172,6,64,5,6,0,0.7222,,13.8333,68.2,,,,
4005875,1977,6241,1975,"NO","",,1,4,280,5,55,4,2,1,0,0,11.5,3.75,,,,
4006636,1977,6248,1975,"NO","",332935,3,22,73,4,43,6,9,0.8333,0,0.72,9.5556,6.5,0,0,0,0
4007558,1977,6255,1976,"NO","",,5,5,49,5,59,5,2,0.4,0,0,14,16.6,,,,
4007782,1977,6255,1975,"NO","",195450,3,10,166,6,64,6,6,0.8333,0.5,0.64,8.1667,9,0,0,0,0
4008019,1977,6255,1975,"NO","",390765,3,7,418,5,53,5,0,0,,,,59.2,0,0,,
4008064,1977,6255,1975,"NO","",407450,3,6,71,1,11,3,3,0.3333,0.6667,0,14.6667,19,0,0,0,0
4008134,1977,6255,1974,"NO","",,1,13,205,1,19,10,7,0.9,0.6939,0.4938,4.8571,8.3,,,,
4009746,1977,6269,1975,"NO","",,1,5,160,6,69,3,2,0.3333,0.5,0,6,44.3333,,,,
4010861,1977,6276,1975,"NO","",,1,5,215,6,68,7,11,0.5714,0,0.375,15.3636,14.4286,,,,
4011779,1977,6283,1976,"NO","",,1,8,83,5,51,12,11,0.9167,0.6281,0.314,7.3636,11.3333,,,,
4011867,1977,6283,1975,"NO","",154005,3,8,128,3,32,2,10,1,0.74,0.5,7.4,8,0,0,0,0
4011900,1977,6283,1975,"NO","",346610,3,7,160,6,69,2,0,1,,0.5,,13,0,0,,
4011964,1977,6283,1975,"NO","",386280,3,4,220,6,68,3,1,0.6667,0,0,2,8,0,0,0,0
4016603,1977,6304,1975,"NO","",280070,2,34,360,2,24,2,50,1,0.4928,0,14.26,11,0,0,0.2,0.2
4017097,1977,6311,1976,"NO","",,1,9,280,5,55,5,1,0.6,0,0,20,11,,,,
4017981,1977,6318,1975,"NO","",,1,2,34,1,19,6,4,0.5,0,0,15.25,23.1667,,,,
4019034,1977,6318,1975,"NO","",68525,3,10,702,2,22,1,3,1,0.4444,0,9,2,0,0,0,0
4019973,1977,6325,1975,"NO","",39520,3,4,204,1,19,1,1,1,0,0,14,6,0,0,0,0
4020886,1977,6332,1975,"NO","",407455,3,4,152,5,55,6,1,0.5,0,0.4444,7,28.6667,0,0,1,1
4021308,1977,6332,1974,"NO","",,1,12,435,3,33,3,9,0.3333,0.4938,0,13.8889,13.3333,,,,
4021481,1977,6332,1974,"NO","",412805,3,9,564,1,14,14,25,0.8571,0.5344,0.6528,11.76,8.4286,0.1111,0.0714,0.0833,0.08
4021863,1977,6339,1976,"NO","",380485,2,6,623,3,39,5,11,1,0.1653,0.32,8.4545,3.6,0,0,0,0
4022834,1977,6339,1975,"NO","",39985,3,5,540,1,14,1,23,1,0.7524,0,13.087,8,0,0,0,0
4025893,1977,6353,1975,"NO","",430630,3,11,338,4,41,4,2,0.5,0.5,0.5,6,17,0,0,0,0
4026239,1977,6360,1975,"NO","",40575,3,1,116,6,69,8,1,0.375,0,0.4444,8,19.625,0,0,0,0
4028189,1977,6367,1975,"NO","",323860,3,8,435,3,33,2,3,0.5,0.4444,0,15.6667,22.5,0,0,0,0
4030216,1977,6381,1975,"NO","",406245,2,17,37,6,64,9,6,1,0.6667,0.1975,10.5,6.3333,0,0,0,0
4030272,1977,6381,1976,"NO","",606985,3,3,53,6,68,2,2,1,0,0,14.5,5,1,0.5,0,0
4030475,1977,6381,1975,"NO","",40520,3,6,126,6,66,2,0,0,,,,35,0,0,,
4030864,1977,6381,1975,"NO","",272450,3,5,425,5,51,6,1,1,0,0.5,12,7.3333,0,0,0,0
4030872,1977,6381,1975,"NO","",475735,3,32,425,5,51,9,15,0.8889,0.6844,0.5313,7.3333,16.2222,0.2,0.1111,0,0
4032113,1977,6388,1975,"NO","",,1,9,43,6,61,3,0,1,,0.4444,,7.3333,,,,
4033596,1977,6395,1975,"NO","",,1,5,280,5,55,6,20,0.1667,0,0,18.15,43.1667,,,,
4033846,1977,6395,1975,"NO","",339625,3,4,204,1,19,5,6,1,0.5,0.48,11.1667,4,0,0,0,0
4034556,1977,6402,1975,"NO","",41050,3,6,59,6,69,2,8,0.5,0.7813,0,11.75,32.5,0,0,0,0
4035595,1977,6402,1975,"NO","",343455,3,3,200,4,41,2,3,0.5,0.4444,0,16.3333,11.5,0,0,0,0
4035954,1977,6409,1976,"NO","",,1,6,49,5,59,0,1,,0,,22,,,,,
4036126,1977,6409,1976,"NO","",606985,3,1,100,5,59,4,1,0,0,,8,64,0,0,0,0
4037346,1977,6416,1976,"NO","",,1,28,43,6,61,6,2,0.1667,0,0,13.5,47.3333,,,,
4037423,1977,6416,1975,"NO","",,1,8,405,6,64,7,1,0.7143,0,0.48,10,18.2857,,,,
4037874,1977,6416,1975,"NO","",406245,2,4,299,6,64,7,5,0.8571,0.56,0.4444,8.8,7.7143,0,0,0,0
4039268,1977,6423,1976,"NO","",40575,3,6,416,1,19,7,2,0.5714,0.5,0,5.5,12.5714,0.25,0.1429,0,0
4040263,1977,6430,1974,"NO","",40360,3,2,405,6,64,5,6,0.2,0,0,12.8333,29.4,0,0,0,0
4040759,1977,6430,1976,"NO","",,1,12,404,6,69,6,8,0.8333,0.4063,0.32,17.625,11.5,,,,
4041125,1977,6430,1976,"NO","",205010,3,3,423,1,19,3,5,0.6667,0.32,0,11.4,11.3333,0,0,0,0
