5567412,1996,13444,1994,"NO","",690813,3,12,424,3,31,2,1,1,0,0,1,6.5,0,0,0,0
5567413,1996,13444,1995,"NO","",690813,3,46,424,3,31,5,19,1,0.277,0.48,0.5789,5.4,0,0,0,0
5568327,1996,13444,1994,"NO","",560255,3,1,360,2,24,12,2,1,0,0,3,6.0833,0.0909,0.0833,0,0
5568811,1996,13451,1995,"NO","",611555,3,16,600,3,32,3,9,1,0,0,1.875,3.3333,0,0,0,0
5568957,1996,13451,1993,"NO","",,1,23,294,5,59,2,0,1,,0.5,,25,,,,
5569134,1996,13451,1994,"NO","",,1,4,482,5,59,5,1,1,0,0.64,4,14.2,,,,
5569352,1996,13451,1994,"NO","",695554,3,9,156,1,19,11,0,0.8182,,0,,16.4545,0,0,,
5569449,1996,13451,1995,"NO","",690813,3,13,424,3,31,1,7,1,0,0,0.8571,5,0,0,0,0
5571188,1996,13458,1995,"NO","",14910,3,22,623,3,39,10,0,1,,0.84,,7.4,0,0,,
5571477,1996,13458,1993,"NO","",407450,3,25,422,1,19,13,0,1,,0.8284,,9,0,0,,
5571951,1996,13458,1995,"NO","",725374,3,21,73,4,43,12,0,0.9167,,0.7273,,11.6667,0,0,,
5572486,1996,13458,1995,"NO","",141935,3,10,367,2,21,3,0,1,,0,,22.6667,0,0,,
5574097,1996,13465,1995,"NO","",690813,3,21,525,1,15,2,0,1,,0.5,,11,0,0,,
5577408,1996,13479,1994,"NO","",,1,17,70,6,65,15,1,0.6,0,0.1975,4,39.6667,,,,
5577874,1996,13479,1994,"NO","",,1,14,414,5,51,12,0,1,,0.625,,14,,,,
5579202,1996,13479,1995,"NO","",725984,3,10,361,4,45,17,1,0.8824,0,0.8089,2,18.9412,0,0,0,0
5579413,1996,13479,1994,"NO","",717933,3,5,382,2,22,3,3,1,0.6667,0.4444,0.6667,4.6667,0,0,0,0
5580414,1996,13486,1995,"NO","",,1,11,156,1,19,6,1,1,0,0,2,17,,,,
5582695,1996,13493,1995,"NO","",170605,3,15,204,1,19,12,0,0.8333,,0.66,,17.0833,0,0,,
5582791,1996,13493,1995,"NO","",170605,3,19,420,5,52,13,0,0.9231,,0.8056,,16.3846,0,0,,
5583043,1996,13493,1994,"NO","",237375,3,16,435,3,33,1,0,1,,0,,2,0,0,,
5583541,1996,13493,1995,"NO","",703718,3,12,345,2,23,14,5,1,0,0.7449,1.4,5.7857,0,0,0,0
5585080,1996,13500,1995,"NO","",170615,3,16,423,1,19,9,0,1,,0.5679,,14.7778,0,0,,
5585160,1996,13500,1994,"NO","",726540,3,3,428,6,69,6,0,1,,0.6667,,13.6667,0,0,,
5585241,1996,13500,1995,"NO","",695164,3,10,435,3,33,6,2,1,0,0.5,1.5,9,0,0,0.5,0.5
5585556,1996,13500,1995,"NO","",407450,3,8,73,4,43,13,0,0.8462,,0.5455,,15.6154,0,0,,
5588708,1996,13514,1995,"NO","",,1,23,297,6,65,2,1,0,0,,1,78.5,,,,
5588787,1996,13514,1995,"NO","",407450,3,7,406,5,59,6,0,0.3333,,0,,53,0,0,,
5589595,1996,13514,1995,"NO","",690813,3,27,540,1,14,7,2,1,0,0.2449,3,7.8571,0,0,0,0
5590487,1997,13521,1995,"NO","",,1,6,43,6,61,3,0,0,,,,99.6667,,,,
5590704,1997,13521,1995,"NO","",323870,3,7,165,6,66,9,1,0.6667,0,0.2778,1,30.5556,0,0,0,0
5590722,1997,13521,1996,"NO","",690183,3,14,172,6,64,8,1,1,0,0.375,0,22,0.5,0.125,1,1
5591679,1997,13521,1996,"NO","",727098,3,18,438,4,46,6,2,1,0,0.6111,0.5,12.8333,0,0,0,0
5593043,1997,13528,1995,"NO","",695164,3,4,209,5,51,9,0,0.2222,,0.5,,44.3333,0,0,,
5594998,1997,13535,1996,"NO","",323870,3,3,34,1,19,4,0,0.75,,0,,25.75,0,0,,
5595405,1997,13535,1994,"NO","",727395,3,4,285,6,67,9,1,0.7778,0,0.2449,3,27.7778,0,0,0,0
5596762,1997,13535,1990,"NO","",703718,3,14,710,2,22,4,0,1,,0.375,,7.75,0,0,,
5598802,1997,13549,1994,"NO","",,1,16,114,5,55,3,0,0.6667,,0,,30,,,,
5598920,1997,13549,1995,"NO","",475730,3,20,206,6,68,2,2,1,0.5,0,2,9.5,0,0,0,0
5601085,1997,13556,1995,"NO","",690813,3,8,600,3,32,1,10,1,0,0,2.2222,1,0,0,0,0
5603341,1997,13563,1995,"NO","",728015,3,5,134,6,69,0,0,,,,,,,,,
5603381,1997,13563,1995,"NO","",690183,3,20,172,6,64,6,2,1,0,0.2778,1,4.5,0.4,0.3333,1,1
5603418,1997,13563,1995,"NO","",,1,18,211,6,65,11,0,0.7273,,0.8125,,28.8182,,,,
5603745,1997,13563,1995,"NO","",407450,3,10,71,1,11,2,2,1,0,0.5,2.5,3.5,0,0,0,0
5603832,1997,13563,1995,"NO","",407450,3,3,210,1,19,10,0,1,,0.34,,6.7,0,0,,
5605192,1997,13570,1995,"NO","",141935,3,8,166,6,64,4,0,1,,0,,10.75,0,0,,
5606419,1997,13570,1995,"NO","",407450,3,4,356,4,43,4,0,1,,0.375,,20.75,0,0,,
5607170,1997,13577,1995,"NO","",728332,3,19,280,5,55,11,1,0.8182,0,0.3704,3,22.9091,0,0,0,0
5607333,1997,13577,1995,"NO","",719446,3,5,440,5,55,6,0,0.6667,,0.625,,34,0,0,,
5607558,1997,13577,1995,"NO","",,1,13,203,1,19,6,0,1,,0.5,,22.5,,,,
5607661,1997,13577,1994,"NO","",690813,3,40,424,3,31,4,0,0.75,,0.4444,,13.5,0.5,0.25,,
5607713,1997,13577,1995,"NO","",,1,12,426,6,61,2,0,1,,0,,10,,,,
5609843,1997,13584,1996,"NO","",407450,3,12,423,1,19,2,0,1,,0,,14,0,0,,
5610141,1997,13584,1994,"NO","",690813,3,11,514,3,31,1,0,1,,0,,20,0,0,,
5611196,1997,13591,1995,"NO","",728640,3,6,60,4,45,4,2,0.5,0,0.5,1.5,27.5,0,0,0,0
5611449,1997,13591,1994,"NO","",,1,10,220,6,68,9,0,0.7778,,0.2449,,21.5556,,,,
5612119,1997,13591,1995,"NO","",377880,2,7,428,6,69,23,0,0.6957,,0.5781,,27.3478,0.6429,0.3913,,
5612665,1997,13591,1996,"NO","",,1,20,340,2,21,7,1,1,0,0.6122,2,17.5714,,,,
5614168,1997,13598,1994,"NO","",714142,2,20,424,3,31,11,0,1,,0.5455,,12.7273,0,0,,
5614169,1997,13598,1995,"NO","",690813,3,13,424,3,31,3,8,1,0,0,0.875,6.3333,0,0,0,0
5615621,1997,13605,1994,"NO","",,1,19,108,6,69,12,0,0.5,,0.5,,41,,,,
5616467,1997,13605,1995,"NO","",412795,3,11,435,3,33,10,0,1,,0.42,,9.3,0,0,,
5618148,1997,13612,1995,"NO","",729232,3,26,414,5,51,14,1,0.8571,0,0.5139,2,21.5714,0,0,0,0
5619832,1997,13619,1994,"NO","",286231,3,10,52,6,69,9,3,1,0,0.7901,2.6667,14.2222,0.25,0.1111,0,0
5621436,1997,13619,1991,"NO","",703718,3,3,345,2,23,9,5,1,0.72,0.5185,5.8,7.1111,0,0,0,0
5622341,1997,13626,1995,"NO","",729563,3,19,248,6,69,7,3,0.8571,0.6667,0.2778,1.6667,19.7143,0,0,0,0
5622444,1997,13626,1995,"NO","",322075,3,18,403,6,67,3,1,1,0,0.4444,2,17.3333,0,0,0,0
5627140,1997,13640,1995,"NO","",686987,2,37,505,4,46,4,0,1,,0.625,,2,0,0,,
5628147,1997,13647,1995,"NO","",,1,7,47,6,61,7,0,0.7143,,0.64,,34.2857,,,,
5628408,1997,13647,1995,"NO","",579835,3,7,209,5,51,13,0,0.9231,,0.7361,,13.3077,0,0,,
5628657,1997,13647,1995,"NO","",141935,3,10,441,6,69,4,0,1,,0.375,,18,0,0,,
5628983,1997,13647,1995,"NO","",690813,3,34,424,3,31,12,0,1,,0.5417,,8.75,0,0,,
5629293,1997,13647,1994,"NO","",690813,3,14,514,3,31,10,0,1,,0.42,,9.5,0,0,,
5629816,1997,13647,1994,"NO","",703718,3,8,360,2,24,25,3,1,0,0.2848,2.3333,12.32,0,0,0,0
5630552,1997,13654,1994,"NO","",730244,3,9,239,5,59,10,0,1,,0.32,,7.6,0,0,,
5631127,1997,13654,1995,"NO","",705250,3,24,435,3,33,2,4,1,0,0,3,3.5,0,0,0.25,0.25
5631364,1997,13654,1994,"NO","",705250,3,17,540,1,14,3,0,1,,0.4444,,8,0,0,,
5632323,1997,13661,1994,"NO","",407450,3,3,164,5,52,7,0,0.8571,,0,,14.7143,0,0,,
5632357,1997,13661,1994,"NO","",,1,10,187,5,55,5,1,0.6,0,0.6667,4,37,,,,
5634511,1997,13668,1995,"NO","",407450,3,10,164,5,52,5,0,1,,0,,24,0,0,,
5634960,1997,13668,1995,"NO","",170615,3,11,75,5,52,11,1,1,0,0.2975,1,16.5455,0,0,0,0
5634985,1997,13668,1995,"NO","",407450,3,9,134,6,69,8,0,1,,0.5625,,3.875,0.125,0.125,,
5636479,1997,13675,1994,"NO","",,1,3,52,6,69,8,0,0.875,,0.6939,,25.375,,,,
5636595,1997,13675,1995,"NO","",,1,18,119,6,61,2,0,1,,0,,6.5,,,,
5636665,1997,13675,1995,"NO","",,1,10,141,5,51,6,0,1,,0.2778,,17.1667,,,,
5636945,1997,13675,1995,"NO","",,1,2,405,6,64,5,0,1,,0,,9,,,,
5637289,1997,13675,1994,"NO","",690813,3,20,424,3,31,3,1,1,0,0.4444,2,6,0,0,0,0
5638680,1997,13682,1996,"NO","",703771,3,2,60,4,45,5,0,0.8,,0.375,,20.2,0,0,,
5639444,1997,13682,1995,"NO","",690813,3,5,424,3,31,8,0,0.875,,0.449,,13.75,0,0,,
5640918,1997,13689,1995,"NO","",731129,3,2,114,5,55,2,0,1,,0.5,,18.5,0,0,,
5641517,1997,13689,1995,"NO","",731198,3,12,424,3,31,0,0,,,,,,,,,
5642793,1997,13696,1995,"NO","",703771,3,8,192,5,53,2,0,1,,0,,24,0,0,,
5644401,1997,13696,1995,"NO","",170615,3,4,356,4,43,1,0,1,,0,,5,0,0,,
5645003,1997,13703,1995,"NO","",,1,4,114,5,55,5,1,0.8,0,0,3,25.2,,,,
5646342,1997,13703,1995,"NO","",497495,2,24,73,4,43,10,0,1,,0.8,,9.6,0.2857,0.2,,
5646380,1997,13703,1995,"NO","",,1,19,181,6,69,9,1,1,0,0,2,6.7778,,,,
5648062,1997,13710,1995,"NO","",690813,3,18,424,3,31,3,1,1,0,0.4444,1,6,0,0,0,0
5650333,1997,13717,1995,"NO","",722317,3,26,436,1,19,5,0,1,,0.64,,15,0,0,,
5651708,1997,13724,1995,"NO","",732100,3,20,441,6,69,1,2,1,0,0,2,11,0,0,0,0
5651807,1997,13724,1995,"NO","",170615,3,9,75,5,52,5,2,1,0.5,0.8,2,7,0,0,0,0
5651955,1997,13724,1995,"NO","",690813,3,6,424,3,31,7,0,0.8571,,0.5,,14.5714,0,0,,
5652735,1997,13724,1995,"NO","",723176,3,5,367,2,21,12,0,1,,0.2778,,5.3333,0,0,,
5653182,1997,13731,1995,"NO","",732215,3,11,110,6,66,0,2,,0,,1,,,,0,0
5654460,1997,13731,1995,"NO","",170615,3,8,556,1,14,9,1,0.7778,0,0,3,16.4444,0,0,0,0
5654976,1997,13731,1995,"NO","",170635,3,19,373,6,66,3,2,1,0.5,0,1.5,17.3333,0,0,0,0
5655344,1997,13738,1994,"NO","",732400,3,6,52,6,69,15,0,0.5333,,0.2188,,37.2,0,0,,
5655378,1997,13738,1995,"NO","",695164,3,7,62,6,69,5,0,0.8,,0,,31.6,0,0,,
5655607,1997,13738,1995,"NO","",732427,3,10,166,6,64,5,1,0.8,0,0,3,25.4,0,0,0,0
5656667,1997,13738,1995,"NO","",407450,3,63,514,3,31,9,1,1,0,0.5926,1,12.7778,0,0,0,0
5656818,1997,13738,1995,"NO","",732526,3,22,250,4,44,5,0,1,,0.32,,12.8,0,0,,
5657593,1997,13745,1994,"NO","",,1,11,52,6,69,27,1,0.8889,0,0.2292,2,23.0741,,,,
5658018,1997,13745,1996,"NO","",732647,3,20,285,6,67,13,0,1,,0.142,,15,0,0,,
5659945,1997,13752,1995,"NO","",703718,3,6,29,5,52,4,0,1,,0,,5,0,0,,
5660141,1997,13752,1995,"NO","",,1,14,119,6,61,3,0,1,,0,,9.3333,,,,
5660235,1997,13752,1995,"NO","",713685,3,5,166,6,64,7,1,0.8571,0,0.5,2,21.5714,0,0,0,0
5662006,1997,13759,1994,"NO","",,1,14,74,5,59,2,1,1,0,0,3,15.5,,,,
5662107,1997,13759,1995,"NO","",690813,3,21,600,3,32,2,0,1,,0,,6,0,0,,
5662115,1997,13759,1995,"NO","",611555,3,7,600,3,32,10,4,1,0.375,0,2,4.4,0.1111,0.1,0,0
5663471,1997,13759,1994,"NO","",407450,3,9,585,1,19,5,2,1,0.5,0.64,3,6.4,0,0,0,0
5663730,1997,13759,1995,"NO","",,1,12,342,2,21,7,0,0.8571,,0,,13,,,,
5664797,1997,13766,1996,"NO","",,1,25,280,5,55,12,2,0.8333,0,0.18,1,16.3333,,,,
5666759,1997,13773,1995,"NO","",418620,3,2,43,6,61,7,1,0.5714,0,0.5,2,31,0,0,0,0
5667015,1997,13773,1996,"NO","",723189,2,8,166,6,64,19,0,0.5263,,0.18,,34.0526,0,0,,
5667254,1997,13773,1995,"NO","",731129,3,5,285,6,67,6,0,0.3333,,0.5,,44,0,0,,
5667740,1997,13773,1996,"NO","",733488,3,4,264,5,51,8,0,1,,0,,8.625,0,0,,
5668775,1997,13773,1995,"NO","",217325,3,13,367,2,21,8,1,1,0,0.4063,2,8.25,0,0,0,0
5671691,1997,13787,1996,"NO","",719446,3,4,114,5,55,5,0,0.8,,0,,43.4,0,0,,
5671857,1997,13787,1995,"NO","",733814,3,1,220,6,68,7,1,1,0,0.4898,2,22.8571,0,0,0,0
5674412,1997,13794,1995,"NO","",,1,9,219,4,49,13,1,0.9231,0,0.4444,3,15.6154,,,,
5674468,1997,13794,1994,"NO","",690813,3,25,424,3,31,4,1,1,0,0.375,2,1.75,0.75,0.75,1,1
5676925,1997,13801,1995,"NO","",690813,3,50,424,3,31,10,0,1,,0.18,,2,1,1,,
5676928,1997,13801,1995,"NO","",690813,3,19,424,3,31,4,9,1,0.1975,0,1.1111,11,0,0,0,0
5677373,1997,13801,1994,"NO","",695164,3,10,524,1,15,5,0,1,,0.72,,11.4,0,0,,
5677821,1997,13801,1995,"NO","",353580,3,7,361,4,45,0,0,,,,,,,,,
5678391,1997,13808,1995,"NO","",171220,3,14,53,6,68,6,1,1,0,0.5,2,18.3333,0,0,0,0
5678423,1997,13808,1995,"NO","",734397,3,3,62,6,69,9,0,1,,0.4938,,13.6667,0,0,,
5678457,1997,13808,1995,"NO","",734403,3,20,74,5,59,4,1,1,0,0,2,3.75,0,0,0,0
5678623,1997,13808,1996,"NO","",407450,3,19,164,5,52,6,0,1,,0,,10.1667,0.1667,0.1667,,
5678971,1997,13808,1995,"NO","",,1,7,414,5,51,6,0,0.5,,0,,30,,,,
5679198,1997,13808,1995,"NO","",377880,2,6,156,1,19,23,0,0.6957,,0.5781,,27.3478,0.6429,0.3913,,
5680219,1997,13808,1996,"NO","",,1,9,356,4,43,1,0,1,,0,,18,,,,
5681386,1997,13815,1995,"NO","",732903,3,5,106,1,12,10,0,1,,0.58,,10.3,0,0,,
5681478,1997,13815,1992,"NO","",712445,3,12,210,1,19,11,0,0.9091,,0.76,,17.6364,0.1429,0.0909,,
5682950,1997,13822,1995,"NO","",141935,3,12,166,6,64,7,0,0.4286,,0.4444,,40,0,0,,
5684575,1997,13822,1995,"NO","",,1,4,356,4,43,8,0,1,,0.4063,,6.375,,,,
5685378,1997,13829,1996,"NO","",690183,3,13,172,6,64,8,0,0.875,,0,,19.375,0.2,0.125,,
5685489,1997,13829,1996,"NO","",734980,3,5,239,5,59,8,0,0.75,,0,,25.75,0,0,,
5685781,1997,13829,1996,"NO","",735015,3,32,473,6,62,17,3,0.4118,0,0,0.3333,40.5882,0,0,0,0
5687666,1997,13836,1996,"NO","",,1,20,114,5,55,4,0,1,,0,,15.5,,,,
5687713,1997,13836,1995,"NO","",,1,13,128,3,32,20,0,0.75,,0.24,,29.45,,,,
5688257,1997,13836,1995,"NO","",382755,3,13,604,3,32,7,0,1,,0.449,,7.1429,0.1429,0.1429,,
5688387,1997,13836,1996,"NO","",,1,11,204,1,19,7,0,1,,0.6122,,13.7143,,,,
5689967,1997,13843,1996,"NO","",15050,3,7,62,6,69,8,0,1,,0,,18.125,0,0,,
5690098,1997,13843,1996,"NO","",715577,3,4,128,3,32,5,0,0.4,,0.5,,51.2,0,0,,
5691207,1997,13843,1993,"NO","",722317,3,26,436,1,19,5,0,1,,0.64,,15,0,0,,
5693005,1997,13850,1996,"NO","",,1,3,601,3,32,10,0,0.9,,0.642,,23.9,,,,
5693211,1997,13850,1995,"NO","",170605,3,4,205,1,19,4,0,1,,0.375,,12.25,0.25,0.25,,
5693321,1997,13850,1995,"NO","",690813,3,1,424,3,31,0,0,,,,,,,,,
5694755,1997,13857,1997,"NO","",735762,3,9,57,6,63,7,1,0.7143,0,0.8,0,39.2857,0,0,0,0
5695438,1997,13857,1995,"NO","",,1,13,482,5,59,3,1,1,0,0.6667,2,22.6667,,,,
5695518,1997,13857,1995,"NO","",,1,11,606,3,32,7,1,0.8571,0,0.5,3,18.7143,,,,
5696537,1997,13857,1991,"NO","",703718,3,17,345,2,23,14,0,1,,0.8776,,15.7143,0,0,,
5697447,1997,13864,1996,"NO","",723176,3,30,166,6,64,10,0,1,,0.18,,11.6,0,0,,
5697732,1997,13864,1996,"NO","",141935,3,21,405,6,64,6,1,1,0,0.7222,0,10.8333,0,0,1,1
5698594,1997,13864,1996,"NO","",407450,3,22,514,3,31,9,0,1,,0.5926,,12.7778,0,0,,
5701740,1997,13878,1995,"NO","",,1,37,60,4,45,6,1,0.8333,0,0.64,1,28.8333,,,,
5701835,1997,13878,1996,"NO","",723176,3,7,114,5,55,7,0,0.8571,,0.5,,15.4286,0,0,,
5701960,1997,13878,1996,"NO","",690183,3,18,172,6,64,9,0,0.8889,,0.2188,,13.7778,0.5,0.2222,,
5702130,1997,13878,1995,"NO","",732647,3,10,285,6,67,11,0,1,,0.314,,11.5455,0,0,,
5702158,1997,13878,1996,"NO","",,1,18,297,6,65,8,1,1,0,0.2188,2,10.625,,,,
5702952,1997,13878,1997,"NO","",705250,3,19,436,1,19,3,0,1,,0.4444,,8,0,0,,
5704991,1998,13885,1995,"NO","",736660,3,17,134,6,69,5,0,1,,0.32,,12,0,0,,
5706149,1998,13885,1996,"NO","",560255,3,12,360,2,24,12,2,1,0,0,1.5,7.4167,0.25,0.25,0,0
5707463,1998,13892,1995,"NO","",,1,19,152,5,55,9,0,0.8889,,0.4063,,24.4444,,,,
5709160,1998,13899,1995,"NO","",407450,3,10,110,6,66,4,0,0.75,,0.6667,,23.75,0,0,,
5709285,1998,13899,1995,"NO","",353580,3,7,188,5,53,8,1,0.5,0,0.625,2,37.125,0,0,0,0
5711239,1998,13906,1995,"NO","",723176,3,16,114,5,55,2,0,0,,,,70,0,0,,
5711374,1998,13906,1995,"NO","",737226,3,18,166,6,64,6,1,1,0,0.6111,1,9,0,0,0,0
5711776,1998,13906,1996,"NO","",407450,3,11,55,1,13,4,0,1,,0.625,,20.75,0,0,,
5713421,1998,13913,1996,"NO","",690183,3,9,172,6,64,3,0,0.6667,,0,,33.3333,0,0,,
5713770,1998,13913,1996,"NO","",737478,3,6,440,5,55,3,1,1,0,0,2,20,0,0,0,0
5716497,1998,13920,1996,"NO","",724979,3,24,162,1,19,6,0,1,,0,,8,0,0,,
5717131,1998,13920,1996,"NO","",141935,3,20,73,4,43,15,1,1,0,0.6489,0,8.8,0,0,1,1
5718458,1998,13927,1995,"NO","",732647,3,20,285,6,67,12,0,0.9167,,0.5455,,16,0,0,,
5718884,1998,13927,1995,"NO","",690813,3,23,424,3,31,3,0,1,,0,,6.6667,0,0,,
5721413,1998,13934,1995,"NO","",,1,9,219,4,49,11,0,0.2727,,0,,37.0909,,,,
5722529,1998,13941,1995,"NO","",407450,3,9,198,5,59,6,0,0.8333,,0.64,,26.5,0,0,,
5722719,1998,13941,1996,"NO","",738290,3,6,297,6,65,11,1,0.9091,0,0.66,2,14,0,0,0,0
5722796,1998,13941,1997,"NO","",,1,43,405,6,64,9,0,1,,0.6173,,17.6667,,,,
5723015,1998,13941,1995,"NO","",,1,6,623,3,39,10,0,1,,0,,16,,,,
5723346,1998,13941,1996,"NO","",695164,3,14,436,1,19,2,0,1,,0.5,,7,0,0,,
5724751,1998,13948,1996,"NO","",738442,3,11,34,1,19,4,0,1,,0.375,,20.5,0,0,,
5725011,1998,13948,1995,"NO","",,1,6,137,6,69,3,0,0,,,,93.3333,,,,
5725616,1998,13948,1996,"NO","",323865,3,3,48,1,13,11,0,0.3636,,0.375,,46.5455,0,0,,
5725840,1998,13948,1996,"NO","",690813,3,10,424,3,31,1,0,1,,0,,24,0,0,,
5727640,1998,13955,1995,"NO","",738726,3,11,175,6,64,12,0,1,,0.4861,,18.6667,0,0,,
5727765,1998,13955,1996,"NO","",736994,3,9,248,6,69,19,0,0.6316,,0.6944,,28.1579,0,0,,
5731289,1998,13962,1996,"NO","",690813,3,9,514,3,31,1,0,1,,0,,13,0,0,,
5731935,1998,13962,1996,"NO","",560255,3,5,360,2,24,5,0,1,,0.32,,7.6,0,0,,
5733271,1998,13969,1996,"NO","",,1,8,604,3,32,2,0,1,,0,,11,,,,
5733374,1998,13969,1996,"NO","",,1,11,118,1,12,3,0,1,,0.4444,,8.3333,,,,
5733525,1998,13969,1997,"NO","",690813,3,5,424,3,31,8,0,0.875,,0.449,,13.75,0.1429,0.125,,
5733650,1998,13969,1996,"NO","",,1,13,428,6,69,5,0,0.6,,0.4444,,28,,,,
5734332,1998,13969,1995,"NO","",739275,3,10,340,2,21,5,0,1,,0.32,,12.2,0,0,,
5735279,1998,13976,1995,"NO","",690813,3,12,600,3,32,3,0,1,,0,,4,0.6667,0.6667,,
5735953,1998,13976,1996,"NO","",722246,3,11,118,1,12,2,0,0.5,,0,,25,1,0.5,,
5737889,1998,13983,1996,"NO","",739572,3,10,52,6,69,2,0,1,,0.5,,16.5,0,0,,
5738107,1998,13983,1997,"NO","",,1,14,600,3,32,5,0,1,,0.32,,12.2,,,,
5738235,1998,13983,1996,"NO","",731129,3,20,220,6,68,5,0,1,,0.64,,19.4,0,0,,
5738837,1998,13983,1994,"NO","",690813,3,15,424,3,31,4,0,1,,0.375,,8.75,0,0,,
5739042,1998,13983,1996,"NO","",695164,3,12,436,1,19,14,0,1,,0.4898,,8.1429,0.0714,0.0714,,
5739318,1998,13983,1993,"NO","",694899,3,5,540,1,14,4,1,1,0,0.625,4,9,0.25,0.25,0,0
5739902,1998,13983,1996,"NO","",,1,11,356,4,43,5,0,1,,0.32,,9.4,,,,
5740662,1998,13990,1996,"NO","",323941,3,23,53,6,68,8,0,1,,0.375,,10.25,0.1667,0.125,,
5740868,1998,13990,1996,"NO","",690183,3,5,172,6,64,26,0,1,,0.2692,,19.4231,0.0625,0.0385,,
5741978,1998,13990,1997,"NO","",,1,4,73,4,43,4,0,1,,0.375,,16.5,,,,
5742068,1998,13990,1995,"NO","",721565,3,26,250,4,44,8,0,1,,0.5938,,12.875,0,0,,
5743378,1998,13997,1996,"NO","",740042,3,3,198,5,59,6,1,0.5,0,0,3,36.6667,0,0,0,0
5743400,1998,13997,1996,"NO","",740046,3,9,206,6,68,11,0,0.8182,,0.4444,,24.4545,0,0,,
5744094,1998,13997,1994,"NO","",171220,3,43,422,1,19,16,1,1,0,0.7656,2,13.3125,0,0,0,0
5744727,1998,13997,1996,"NO","",695164,3,13,73,4,43,11,0,1,,0.4959,,10.6364,0,0,,
5745436,1998,13997,1996,"NO","",217325,3,8,367,2,21,4,0,1,,0.375,,8.25,0,0,,
5746017,1998,14004,1996,"NO","",740265,3,4,37,6,64,5,0,0.8,,0,,24.4,0,0,,
5746314,1998,14004,1996,"NO","",,1,4,206,6,68,6,4,1,0,0,1.25,7.1667,,,,
5746983,1998,14004,1994,"NO","",,1,10,422,1,19,4,0,0.75,,0.6667,,26.5,,,,
5747724,1998,14004,1996,"NO","",691709,3,6,102,1,19,4,0,0.75,,0.6667,,34.25,0,0,,
5747754,1998,14004,1995,"NO","",141935,3,18,73,4,43,5,0,0.8,,0.375,,21.4,0,0,,
5748190,1998,14004,1995,"NO","",740464,3,14,345,2,23,15,4,1,0.625,0.8356,1.25,7.8,0,0,0,0
5749359,1998,14011,1994,"NO","",,1,32,128,3,32,13,1,0.9231,0,0.5278,3,15.8462,,,,
5749397,1998,14011,1995,"NO","",,1,4,138,6,67,8,0,1,,0.75,,16.625,,,,
5749758,1998,14011,1996,"NO","",141935,3,8,441,6,69,12,0,0.9167,,0.6446,,22.1667,0.2222,0.1667,,
5752386,1998,14018,1996,"NO","",,1,12,62,6,69,6,0,1,,0,,20.8333,,,,
5752909,1998,14018,1997,"NO","",171220,3,28,493,5,51,14,1,1,0,0.4388,0,9.1429,0.0714,0.0714,0,0
5755266,1998,14025,1996,"NO","",741002,3,4,138,6,67,7,0,0.2857,,0.5,,38.5714,0,0,,
5755945,1998,14025,1996,"NO","",741080,2,9,204,1,19,3,0,1,,0,,7.6667,0,0,,
5757248,1998,14025,1996,"NO","",702359,3,12,333,2,21,9,0,1,,0.1975,,10.4444,0,0,,
5758388,1998,14032,1996,"NO","",735015,3,5,16,5,59,5,0,1,,0,,11,0,0,,
5759027,1998,14032,1996,"NO","",407450,3,9,432,6,66,8,0,0.875,,0,,16.75,0.2,0.125,,
5759820,1998,14032,1994,"NO","",159010,3,12,435,3,33,2,0,1,,0.5,,11,0,0,,
5760292,1998,14032,1995,"NO","",732647,3,8,73,4,43,36,0,0.9444,,0.7336,,15.8889,0,0,,
5761607,1998,14032,1996,"NO","",741447,3,18,455,2,21,9,0,1,,0.8395,,7.7778,0,0,,
5761759,1998,14039,1995,"NO","",710993,3,8,15,6,69,6,0,1,,0.2778,,8.6667,0,0,,
5762253,1998,14039,1997,"NO","",733244,3,16,226,5,51,5,0,1,,0,,23.2,0,0,,
5762542,1998,14039,1996,"NO","",741552,3,14,451,5,51,8,0,1,,0.4063,,13.375,0,0,,
5762680,1998,14039,1996,"NO","",407450,3,11,75,5,52,1,0,1,,0,,11,0,0,,
5763203,1998,14039,1995,"NO","",695164,3,17,435,3,33,4,0,1,,0.625,,11.75,0,0,,
5765500,1998,14046,1995,"NO","",741802,3,10,114,5,55,2,0,0.5,,0,,32.5,0,0,,
5765834,1998,14046,1996,"NO","",702942,3,11,277,6,67,11,0,0.4545,,0.48,,42.8182,0,0,,
5766040,1998,14046,1996,"NO","",741858,3,20,439,4,41,2,0,1,,0,,5,0,0,,
5766644,1998,14046,1997,"NO","",,1,15,425,5,51,11,0,0.9091,,0.64,,28,,,,
5767299,1998,14046,1995,"NO","",690813,3,15,554,1,14,1,0,1,,0,,12,0,0,,
5768508,1998,14046,1997,"NO","",747350,3,30,709,2,22,15,4,1,0.375,0.7378,0.25,2.7333,0,0,0,0
5769170,1998,14053,1996,"NO","",690183,3,13,172,6,64,13,0,0.6923,,0.5926,,25.8462,0,0,,
5769513,1998,14053,1997,"NO","",,1,5,312,6,65,15,0,0.8667,,0.568,,19.3333,,,,
5769939,1998,14053,1997,"NO","",742196,3,8,106,1,12,7,0,1,,0.449,,7.5714,0,0,,
5770190,1998,14053,1996,"NO","",496870,2,16,424,3,31,0,0,,,,,,,,,
5770253,1998,14053,1996,"NO","",742239,3,6,426,6,61,2,0,1,,0,,27.5,0,0,,
5771202,1998,14053,1993,"NO","",217325,3,19,367,2,21,7,0,0.7143,,0,,25.7143,0,0,,
5771251,1998,14053,1997,"NO","",699376,3,16,372,4,42,8,0,1,,0.5625,,6.5,0,0,,
5772728,1998,14060,1997,"NO","",742196,3,8,75,5,52,5,0,1,,0.32,,13.6,0,0,,
5772984,1998,14060,1995,"NO","",690813,3,9,424,3,31,5,0,1,,0.32,,12.8,0,0,,
5775384,1998,14067,1997,"NO","",736994,3,29,141,5,51,6,0,1,,0.6111,,17.6667,0,0,,
5775697,1998,14067,1997,"NO","",742713,3,10,273,6,62,8,0,1,,0,,14,0,0,,
5778021,1998,14067,1996,"NO","",742196,3,12,373,6,66,8,0,0.875,,0.449,,22.5,0,0,,
5778655,1998,14074,1997,"NO","",737478,3,8,59,6,69,12,0,0.5,,0.5,,38,0,0,,
5779537,1998,14074,1996,"NO","",,1,10,454,5,59,5,1,0.6,0,0.4444,1,32.8,,,,
5780005,1998,14074,1996,"NO","",,1,7,423,1,19,2,0,1,,0,,15,,,,
5780166,1998,14074,1996,"NO","",743080,3,12,428,6,69,3,0,1,,0.6667,,14.3333,0,0,,
5781383,1998,14074,1993,"NO","",703718,3,15,360,2,24,11,0,1,,0.3967,,11.4545,0,0,,
5782532,1998,14081,1996,"NO","",,1,29,297,6,65,11,0,0.8182,,0,,23.4545,,,,
5782843,1998,14081,1996,"NO","",,1,20,606,3,32,2,0,1,,0.5,,16,,,,
5785085,1998,14088,1995,"NO","",743463,3,4,137,6,69,8,0,0.625,,0.48,,47.25,0,0,,
5785384,1998,14088,1997,"NO","",743500,3,7,297,6,65,4,0,0.75,,0.4444,,34.5,0,0,,
5785385,1998,14088,1995,"NO","",,1,2,297,6,65,4,0,1,,0,,17.5,,,,
5785416,1998,14088,1996,"NO","",,1,2,362,4,42,7,0,0.4286,,0,,46.5714,,,,
5785578,1998,14088,1996,"NO","",407450,3,13,451,5,51,10,0,0.9,,0,,17.1,0,0,,
5785790,1998,14088,1995,"NO","",377880,2,11,156,1,19,26,0,0.7308,,0.6316,,26.3077,0.6471,0.4231,,
5786163,1998,14088,1994,"NO","",718843,3,13,435,3,33,0,0,,,,,,,,,
5787982,1998,14095,1996,"NO","",743716,3,4,166,6,64,12,1,0.8333,0,0.62,1,18.8333,0,0,0,0
5787989,1998,14095,1996,"NO","",,1,6,169,6,69,7,0,1,,0.2449,,27.2857,,,,
5788288,1998,14095,1995,"NO","",732647,3,16,285,6,67,11,0,1,,0.1653,,12,0,0,,
5788393,1998,14095,1996,"NO","",,1,11,403,6,67,9,0,0.8889,,0.8438,,14.8889,,,,
5788945,1998,14095,1997,"NO","",742196,3,9,423,1,19,5,0,1,,0.56,,11.2,0,0,,
5789248,1998,14095,1996,"NO","",702161,2,13,435,3,33,0,0,,,,,,,,,
5791412,1998,14102,1997,"NO","",51205,2,15,166,6,64,9,0,0.7778,,0.449,,23.5556,0,0,,
5794291,1998,14109,1996,"NO","",,1,16,14,6,69,9,1,1,0,0.6667,1,14.8889,,,,
5795562,1998,14109,1995,"NO","",690813,3,20,424,3,31,0,0,,,,,,,,,
5795842,1998,14109,1996,"NO","",,1,9,502,1,19,3,0,1,,0.6667,,23,,,,
5797343,1998,14116,1996,"NO","",744573,3,13,114,5,55,2,0,0.5,,0,,57,0,0,,
5798212,1998,14116,1996,"NO","",705250,3,22,435,3,33,1,0,1,,0,,12,0,0,,
5800261,1998,14123,1996,"NO","",744857,3,2,454,5,59,3,0,0.3333,,0,,66.6667,0,0,,
5802805,1998,14130,1997,"NO","",,1,21,53,6,68,3,0,0.6667,,0.5,,30.3333,,,,
5803182,1998,14130,1996,"NO","",745109,3,6,173,5,51,5,0,1,,0.48,,12.6,0,0,,
5803186,1998,14130,1996,"NO","",51205,2,29,175,6,64,14,1,0.7143,0,0.46,1,21.0714,0,0,0,0
5803480,1998,14130,1996,"NO","",696689,3,16,280,5,55,7,0,1,,0,,18,0,0,,
5803689,1998,14130,1997,"NO","",742373,3,4,411,5,59,7,0,0.8571,,0.5,,18,0,0,,
5804199,1998,14130,1996,"NO","",703122,3,9,424,3,31,25,1,1,0,0.6304,0,8.36,0,0,0,0
5804328,1998,14130,1997,"NO","",141935,3,12,429,4,45,3,0,1,,0,,7.6667,0,0,,
5805287,1998,14130,1996,"NO","",690675,3,49,356,4,43,6,0,1,,0.2778,,10.3333,0.1667,0.1667,,
5806217,1998,14137,1996,"NO","",736994,3,2,40,6,69,31,0,0.7419,,0.741,,27.2581,0,0,,
5806624,1998,14137,1994,"NO","",,1,11,182,6,65,6,0,0.3333,,0.5,,81.6667,,,,
5806838,1998,14137,1997,"NO","",,1,9,254,5,59,3,0,1,,0.6667,,20.3333,,,,
5807027,1998,14137,1996,"NO","",745439,3,17,405,6,64,12,1,1,0,0.1528,2,13.3333,0,0,0,0
5808192,1998,14137,1996,"NO","",745524,3,20,73,4,43,6,0,1,,0.6111,,10.1667,0,0,,
5809327,1998,14137,1997,"NO","",43880,2,40,712,2,22,3,0,1,,0,,3.6667,0,0,,
5809501,1998,14137,1996,"NO","",566545,3,26,707,2,22,17,1,1,0,0.5882,1,5.7059,0,0,0,0
5809916,1998,14144,1996,"NO","",,1,4,166,6,64,7,0,1,,0,,6.5714,,,,
5810063,1998,14144,1996,"NO","",736994,3,10,141,5,51,6,0,1,,0.6667,,9.5,0,0,,
5810515,1998,14144,1996,"NO","",742373,3,3,405,6,64,4,1,1,0,0,2,12,0,0,0,0
5810578,1998,14144,1997,"NO","",,1,6,431,6,66,5,0,1,,0,,20.6,,,,
5810652,1998,14144,1997,"NO","",587355,3,10,452,6,61,11,0,0.6364,,0,,30.0909,0.25,0.0909,,
5811250,1998,14144,1995,"NO","",722317,3,17,435,3,33,2,0,1,,0,,3,0,0,,
5813106,1998,14151,1994,"NO","",707847,3,2,29,5,52,8,0,0.625,,0.32,,44.375,0,0,,
5813592,1998,14151,1996,"NO","",622355,3,18,228,5,52,6,0,0.8333,,0.72,,23.3333,0.5,0.1667,,
5814229,1998,14151,1996,"NO","",746041,3,8,210,1,19,10,0,0.9,,0.4938,,14.1,0,0,,
5814718,1998,14151,1997,"NO","",746083,3,15,73,4,43,2,0,1,,0.5,,4,0,0,,
5815068,1998,14151,1996,"NO","",,1,25,340,2,21,13,1,0.9231,0,0.5833,2,15,,,,
5815906,1998,14158,1996,"NO","",,1,18,29,5,52,5,0,1,,0.32,,7.2,,,,
5817289,1998,14158,1995,"NO","",690813,3,14,424,3,31,17,1,1,0,0.5882,3,14.2941,0,0,0,0
5817358,1998,14158,1996,"NO","",34175,3,29,426,6,61,4,0,1,,0.375,,16,0,0,,
5817596,1998,14158,1995,"NO","",141935,3,18,502,1,19,5,3,1,0.4444,0.56,2.3333,18.6,0,0,0.3333,0.3333
5819075,1998,14158,1995,"NO","",746451,2,14,713,2,22,3,0,1,,0.4444,,2.3333,0,0,,
5819389,1998,14165,1996,"NO","",727395,3,8,29,5,52,18,0,0.7778,,0.6735,,24.1111,0,0,,
5819542,1998,14165,1997,"NO","",746526,3,2,62,6,69,10,0,0.8,,0.5313,,27.9,0,0,,
5819977,1998,14165,1996,"NO","",731129,3,17,220,6,68,1,0,1,,0,,26,0,0,,
5820429,1998,14165,1997,"NO","",141935,3,10,441,6,69,5,0,1,,0.64,,23,0,0,,
5820561,1998,14165,1996,"NO","",611555,3,38,600,3,32,20,0,1,,0.095,,4.85,0.05,0.05,,
5822358,1998,14165,1997,"NO","",742196,3,12,373,6,66,4,0,1,,0.375,,11.75,0,0,,
5822902,1998,14172,1996,"NO","",736994,3,13,40,6,69,8,0,1,,0.75,,11.25,0,0,,
5824187,1998,14172,1997,"NO","",724979,3,27,162,1,19,6,0,1,,0,,8,0,0,,
5825177,1998,14172,1997,"NO","",739737,3,28,324,4,43,5,0,1,,0.72,,11.8,0,0,,
5827441,1998,14179,1996,"NO","",747257,3,12,249,6,69,8,1,0.875,0,0.5714,2,25.75,0,0,0,0
5827502,1998,14179,1995,"NO","",690813,3,38,424,3,31,4,0,1,,0,,3.25,0.25,0.25,,
5827645,1998,14179,1997,"NO","",705250,3,23,435,3,33,5,3,1,0,0.48,1,8.6,0,0,0.3333,0.3333
5828837,1998,14179,1996,"NO","",747350,3,55,709,2,22,14,0,1,,0.7347,,2.5714,0,0,,
5829471,1998,14186,1995,"NO","",,1,8,137,6,69,6,1,0.5,0,0.4444,3,37,,,,
5829915,1998,14186,1996,"NO","",,1,4,405,6,64,13,0,1,,0.142,,19.3846,,,,
5830058,1998,14186,1996,"NO","",747512,3,9,454,5,59,5,0,0.6,,0,,24,0,0,,
5832002,1998,14186,1997,"NO","",729385,3,23,714,2,22,10,0,1,,0,,18.9,0,0,,
5832712,1998,14193,1996,"NO","",737478,3,5,60,4,45,2,0,1,,0,,13.5,0,0,,
5833291,1998,14193,1996,"NO","",,1,26,294,5,59,7,0,0.8571,,0.5,,16,,,,
5834646,1998,14193,1997,"NO","",727098,3,41,73,4,43,3,0,1,,0.4444,,8.6667,0,0,,
5834721,1998,14193,1996,"NO","",745439,3,13,200,4,41,7,0,1,,0.4898,,18.2857,0,0,,
5835548,1998,14193,1997,"NO","",70495,3,12,376,4,44,4,0,0.75,,0.6667,,32,0,0,,
5836124,1998,14200,1996,"NO","",323870,3,4,52,6,69,9,0,1,,0.8148,,11,0,0,,
5837684,1998,14200,1995,"NO","",690813,3,6,514,3,31,1,0,1,,0,,6,0,0,,
5839330,1998,14207,1997,"NO","",620940,2,9,81,5,59,13,0,0.8462,,0.6446,,15.2308,0.2857,0.1538,,
5839387,1998,14207,1997,"NO","",748331,3,24,114,5,55,3,0,1,,0.4444,,8.3333,0,0,,
5839482,1998,14207,1997,"NO","",748344,3,3,139,6,63,7,0,0.7143,,0,,29.2857,0,0,,
5839866,1998,14207,1997,"NO","",620940,2,6,411,5,59,16,0,0.8125,,0.8166,,19.8125,0,0,,
5840967,1998,14207,1997,"NO","",690813,3,12,562,1,14,1,0,1,,0,,17,0,0,,
5842434,1998,14214,1997,"NO","",323865,3,6,114,5,55,5,0,1,,0.48,,17.2,0,0,,
5843216,1998,14214,1990,"NO","",697911,2,3,106,1,12,9,0,0.8889,,0.75,,23.5556,0,0,,
5844927,1998,14214,1996,"NO","",748773,3,23,372,4,42,7,2,1,0,0.5714,1,3.1429,0,0,0,0
5845588,1998,14221,1996,"NO","",708444,3,27,108,6,69,13,2,1,0.5,0,1.5,16.3077,0,0,0,0
5845602,1998,14221,1997,"NO","",,1,8,119,6,61,5,1,1,0,0,2,11.4,,,,
5845676,1998,14221,1996,"NO","",,1,9,137,6,69,11,0,0.1818,,0.5,,48.0909,,,,
5845764,1998,14221,1996,"NO","",,1,5,198,5,59,5,0,1,,0.48,,17.6,,,,
5845944,1998,14221,1997,"NO","",748878,3,7,285,6,67,6,0,0.8333,,0,,24.3333,0,0,,
5846296,1998,14221,1997,"NO","",,1,13,95,1,13,1,0,0,,,,84,,,,
5848642,1998,14228,1997,"NO","",749110,3,3,166,6,64,7,1,1,0,0.6939,1,8.7143,0,0,0,0
5848656,1998,14228,1996,"NO","",,1,7,175,6,64,8,0,1,,0.5313,,15.625,,,,
5850790,1998,14235,1997,"NO","",690183,3,14,111,6,61,10,0,1,,0.34,,10.8,0,0,,
5850844,1998,14235,1997,"NO","",749283,3,3,137,6,69,3,0,0.3333,,0,,33.3333,0,0,,
5851264,1998,14235,1996,"NO","",695164,3,12,75,5,52,1,0,1,,0,,25,0,0,,
5851320,1998,14235,1996,"NO","",407450,3,13,148,5,52,0,0,,,,,,,,,
5853134,1998,14242,1997,"NO","",141935,3,19,242,5,51,7,0,0.7143,,0.64,,34.5714,0,0,,
5853584,1998,14242,1997,"NO","",52460,3,7,210,1,19,8,0,0.5,,0.375,,53,0,0,,
5854939,1998,14242,1996,"NO","",43880,2,20,712,2,22,14,0,1,,0.5408,,5.0714,0,0,,
5855868,1999,14249,1996,"NO","",690813,3,,424,3,31,14,0,1,,0.2551,,8.2143,0,0,,
5856463,1999,14249,1996,"NO","",,1,,536,1,14,9,0,1,,0.642,,4.5556,,,,
5860294,1999,14263,1997,"NO","",695164,3,,62,6,69,5,0,1,,0,,15.4,0,0,,
5860392,1999,14263,1997,"NO","",750112,3,,119,6,61,2,0,1,,0.5,,5,0,0,,
5860462,1999,14263,1996,"NO","",736994,3,,141,5,51,20,0,0.6,,0.7361,,29.6,0,0,,
5860476,1999,14263,1996,"NO","",750123,3,,166,6,64,9,1,1,0,0.7407,0,12.6667,0,0,0,0
5860503,1999,14263,1997,"NO","",579835,3,,194,5,59,4,0,1,,0.375,,7,0,0,,
5860696,1999,14263,1996,"NO","",546365,3,,297,6,65,12,0,0.8333,,0.18,,15.5833,0,0,,
5862617,1999,14270,1996,"NO","",736994,3,,40,6,69,8,0,0.875,,0.8163,,20.875,0,0,,
5862620,1999,14270,1996,"NO","",,1,,43,6,61,12,0,1,,0,,13.3333,,,,
5862688,1999,14270,1997,"NO","",,1,,70,6,65,20,0,0.55,,0.5124,,45.25,,,,
5862770,1999,14270,1997,"NO","",,1,,114,5,55,2,0,1,,0,,24.5,,,,
5862771,1999,14270,1997,"NO","",323865,3,,114,5,55,2,0,1,,0,,6.5,0,0,,
5863586,1999,14270,1996,"NO","",407450,3,,426,6,61,4,0,1,,0.375,,19.25,0,0,,
5864028,1999,14270,1995,"NO","",695926,3,,536,1,14,3,0,1,,0.4444,,8.6667,0,0,,
5864975,1999,14277,1996,"NO","",736994,3,,40,6,69,32,0,0.75,,0.7569,,27.4688,0,0,,
5864977,1999,14277,1996,"NO","",736994,3,,40,6,69,9,1,0.7778,0,0.7755,2,39.1111,0,0,0,0
5865059,1999,14277,1997,"NO","",750570,3,,73,4,43,5,0,1,,0.56,,16.2,0,0,,
5865252,1999,14277,1997,"NO","",696774,2,,166,6,64,5,0,1,,0.32,,6,0,0,,
5865662,1999,14277,1996,"NO","",,1,,446,6,62,8,0,0.125,,0,,70.125,,,,
5868181,1999,14284,1997,"NO","",736994,3,,141,5,51,11,0,0.8182,,0.642,,20,0,0,,
5868207,1999,14284,1996,"NO","",690183,3,,172,6,64,4,0,1,,0.75,,17.25,0,0,,
5868298,1999,14284,1996,"NO","",748878,3,,228,5,52,2,0,0,,,,81,0,0,,
5868350,1999,14284,1997,"NO","",560255,3,,242,5,51,26,0,0.7692,,0.485,,24.6154,0.0667,0.0385,,
5868899,1999,14284,1996,"NO","",748654,3,,156,1,19,2,0,1,,0,,3.5,0,0,,
5868900,1999,14284,1996,"NO","",750897,3,,156,1,19,10,0,0.9,,0.1975,,21.7,0,0,,
5870246,1999,14284,1997,"NO","",560255,3,,360,2,24,17,0,1,,0.2145,,9.4118,0.4118,0.4118,,
5871137,1999,14291,1997,"NO","",,1,,228,5,52,16,0,0.9375,,0.3911,,16,,,,
5872007,1999,14291,1995,"NO","",702161,2,,435,3,33,0,0,,,,,,,,,
5872631,1999,14291,1997,"NO","",,1,,356,4,43,5,0,1,,0.32,,16.4,,,,
5872675,1999,14291,1997,"NO","",560255,3,,360,2,24,7,0,1,,0,,7.5714,0.5714,0.5714,,
5873993,1999,14298,1997,"NO","",,1,,205,1,19,8,0,0.625,,0.56,,29.875,,,,
5874118,1999,14298,1997,"NO","",751368,3,,426,6,61,3,0,1,,0.4444,,18,0,0,,
5875547,1999,14305,1997,"NO","",17045,3,,29,5,52,2,0,1,,0.5,,5,0,0,,
5876056,1999,14305,1996,"NO","",751520,3,,280,5,55,11,0,0.9091,,0,,10.6364,0,0,,
5876594,1999,14305,1994,"NO","",,1,,210,1,19,6,0,1,,0,,13.3333,,,,
5876989,1999,14305,1997,"NO","",751601,3,,435,3,33,5,1,1,0,0.32,1,8.2,0,0,0,0
5877308,1999,14305,1996,"NO","",702161,2,,536,1,14,0,0,,,,,,,,,
5877996,1999,14305,1996,"NO","",141935,3,,367,2,21,8,1,1,0,0.5625,2,9.875,0,0,0,0
5878814,1999,14312,1997,"NO","",141935,3,,166,6,64,8,1,1,0,0.6563,0,11,0,0,1,1
5881595,1999,14319,1995,"NO","",407450,3,,72,5,52,5,0,1,,0.48,,19.8,0.25,0.2,,
5881807,1999,14319,1997,"NO","",752006,3,,166,6,64,7,0,0.7143,,0.56,,27.2857,0,0,,
5881887,1999,14319,1995,"NO","",,1,,209,5,51,3,0,0.6667,,0.5,,19,,,,
5881960,1999,14319,1998,"NO","",560255,3,,242,5,51,13,0,0.9231,,0.1528,,21.4615,0,0,,
5884297,1999,14319,1997,"NO","",566545,3,,707,2,22,29,0,1,,0.6231,,6.4483,0.0385,0.0345,,
5885539,1999,14326,1997,"NO","",650,3,,423,1,19,4,0,1,,0.625,,22.25,0,0,,
5887119,1999,14326,1997,"NO","",,1,,392,4,41,10,0,0.5,,0.48,,37.1,,,,
5887832,1999,14333,1996,"NO","",,1,,248,6,69,2,0,1,,0.5,,16,,,,
5888154,1999,14333,1998,"NO","",,1,,473,6,62,13,0,1,,0.355,,14.2308,,,,
5888307,1999,14333,1997,"NO","",752566,3,,127,1,11,11,0,1,,0.876,,10.5455,0,0,,
5888382,1999,14333,1997,"NO","",51080,3,,210,1,19,9,0,1,,0,,10.5556,0,0,,
5890547,1999,14340,1997,"NO","",141935,3,,173,5,51,5,0,0.8,,0.375,,20.8,0.75,0.6,,
5890763,1999,14340,1996,"NO","",752750,3,,297,6,65,8,0,1,,0.5938,,9.375,0,0,,
5890841,1999,14340,1997,"NO","",17045,3,,405,6,64,6,0,1,,0.2778,,22.5,0,0,,
5891399,1999,14340,1997,"NO","",752810,3,,422,1,19,19,0,0.8947,,0.7543,,16.8421,0,0,,
5892147,1999,14340,1997,"NO","",751368,3,,73,4,43,16,0,0.9375,,0.6844,,17.3125,0,0,,
5893333,1999,14347,1997,"NO","",141935,3,,114,5,55,9,0,1,,0.4938,,21.5556,0,0,,
5893576,1999,14347,1998,"NO","",696689,3,,280,5,55,5,0,0.2,,0,,41.8,1,0.2,,
5894080,1999,14347,1996,"NO","",,1,,73,4,43,9,0,1,,0.1975,,15.3333,,,,
5895077,1999,14354,1996,"NO","",141935,3,,285,6,67,8,0,0.875,,0.449,,14.5,0.2,0.125,,
5897127,1999,14361,1997,"NO","",696689,3,,280,5,55,7,0,0.7143,,0,,19.2857,0,0,,
5898169,1999,14361,1996,"NO","",579835,3,,250,4,44,11,0,1,,0.562,,11.6364,0.0909,0.0909,,
5899003,1999,14368,1996,"NO","",695164,3,,34,1,19,1,0,1,,0,,13,0,0,,
5899384,1999,14368,1997,"NO","",52460,3,,239,5,59,5,0,1,,0.32,,17.2,0,0,,
5900151,1999,14368,1997,"NO","",751368,3,,210,1,19,4,0,1,,0,,3.25,0,0,,
5900154,1999,14368,1997,"NO","",753586,3,,210,1,19,10,0,0.9,,0.3457,,15.5,0,0,,
5900178,1999,14368,1997,"NO","",,1,,219,4,49,9,0,1,,0.8148,,7.6667,,,,
5901568,1999,14375,1997,"NO","",753728,3,,62,6,69,9,0,0.8889,,0.5313,,23.1111,0,0,,
5902958,1999,14375,1997,"NO","",753870,3,,174,4,41,6,0,0.8333,,0.64,,17.8333,0,0,,
5902984,1999,14375,1997,"NO","",753873,3,,235,5,59,10,0,1,,0.64,,17.2,0,0,,
5904191,1999,14382,1996,"NO","",736994,3,,141,5,51,18,0,0.5556,,0.82,,30.5,0,0,,
5904397,1999,14382,1997,"NO","",237420,3,,297,6,65,8,0,0.875,,0,,16.125,0,0,,
5904616,1999,14382,1998,"NO","",,1,,452,6,61,5,0,1,,0.32,,12,,,,
5905976,1999,14382,1996,"NO","",683664,3,,705,2,22,12,0,1,,0.1528,,2.9167,0,0,,
5906171,1999,14389,1997,"NO","",746526,3,,114,5,55,8,0,0.625,,0.32,,32.25,0,0,,
5908168,1999,14396,1997,"NO","",560255,3,,242,5,51,5,0,0.6,,0.4444,,40,0,0,,
5908332,1999,14396,1996,"NO","",16970,3,,439,4,41,2,0,1,,0,,20,0,0,,
5908999,1999,14396,1998,"NO","",746526,3,,89,5,59,6,0,1,,0,,16.8333,0,0,,
5909007,1999,14396,1997,"NO","",17045,3,,174,4,41,7,0,0.7143,,0.56,,21.2857,0,0,,
5909335,1999,14396,1997,"NO","",560255,3,,360,2,24,45,0,1,,0.5847,,10.7556,0.119,0.1111,,
5909869,1999,14403,1997,"NO","",754511,3,,254,5,59,8,0,0.75,,0.2778,,27.625,0,0,,
5909951,1999,14403,1996,"NO","",,1,,362,4,42,10,0,0.9,,0.716,,18.5,,,,
5910789,1999,14403,1997,"NO","",217325,3,,342,2,21,4,0,1,,0,,5.75,0,0,,
5911958,1999,14410,1997,"NO","",,1,,422,1,19,2,0,1,,0.5,,7,,,,
5912862,1999,14410,1997,"NO","",,1,,367,2,21,3,0,1,,0,,13.3333,,,,
5913280,1999,14417,1997,"NO","",754830,2,,114,5,55,3,0,1,,0,,8,0,0,,
5913290,1999,14417,1997,"NO","",737478,3,,123,5,53,6,0,0.6667,,0.375,,23,0,0,,
5913789,1999,14417,1997,"NO","",754882,3,,52,6,69,7,0,0.8571,,0.5,,21.4286,0,0,,
5914027,1999,14417,1997,"NO","",738442,3,,208,1,19,7,0,1,,0.4082,,20.4286,0,0,,
5915326,1999,14424,1997,"NO","",,1,,114,5,55,7,0,0.8571,,0.4444,,26.4286,,,,
5915455,1999,14424,1996,"NO","",407450,3,,164,5,52,6,0,1,,0.2778,,20.6667,0,0,,
5915634,1999,14424,1997,"NO","",,1,,241,5,51,4,0,1,,0.375,,8.25,,,,
5915905,1999,14424,1997,"NO","",755060,3,,414,5,51,3,0,1,,0,,8.3333,0,0,,
5916188,1999,14424,1997,"NO","",,1,,602,3,32,9,0,0.6667,,0.2778,,33.2222,,,,
5916399,1999,14424,1994,"NO","",377880,2,,156,1,19,32,0,0.75,,0.6563,,25.5,0.7368,0.4375,,
5917640,1999,14424,1997,"NO","",721565,3,,359,5,54,6,0,1,,0.6111,,11.8333,0,0,,
5918286,1999,14424,1997,"NO","",,1,,73,4,43,8,0,1,,0.4063,,12.75,,,,
5918297,1999,14424,1997,"NO","",,1,,84,6,69,6,0,0.3333,,0,,69,,,,
5918306,1999,14424,1998,"NO","",746526,3,,89,5,59,6,0,1,,0.2778,,15,0,0,,
5918530,1999,14431,1997,"NO","",755286,3,,92,5,53,6,0,0.6667,,0,,21,0,0,,
5918639,1999,14431,1996,"NO","",755299,3,,138,6,67,2,0,1,,0,,29.5,0,0,,
5918942,1999,14431,1998,"NO","",,1,,297,6,65,4,0,0.75,,0,,31,,,,
5919344,1999,14431,1998,"NO","",751368,3,,204,1,19,8,0,0.875,,0.4898,,20.625,0,0,,
5919434,1999,14431,1997,"NO","",690813,3,,424,3,31,10,0,1,,0.32,,5.4,0,0,,
5919708,1999,14431,1995,"NO","",705250,3,,436,1,19,6,0,1,,0.2778,,11.6667,0,0,,
5919739,1999,14431,1995,"NO","",141935,3,,507,6,64,13,1,1,0,0.5917,2,14.2308,0.0833,0.0769,0,0
5919753,1999,14431,1995,"NO","",690813,3,,514,3,31,1,0,1,,0,,18,0,0,,
5921283,1999,14438,1996,"NO","",736994,3,,138,6,67,21,0,0.7619,,0.75,,26.2857,0,0,,
5921565,1999,14438,1995,"NO","",,1,,280,5,55,10,0,0.7,,0.2449,,45.5,,,,
5921713,1999,14438,1998,"NO","",742373,3,,405,6,64,7,0,1,,0,,17.8571,0,0,,
5922269,1999,14438,1996,"NO","",708444,3,,264,5,51,15,0,0.9333,,0.1327,,18.9333,0,0,,
5922925,1999,14438,1998,"NO","",141935,3,,585,1,19,6,0,1,,0.6111,,16.5,0.1667,0.1667,,
5924498,1999,14445,1997,"NO","",141935,3,,173,5,51,8,0,1,,0.2188,,11.25,0,0,,
5924741,1999,14445,1997,"NO","",17045,3,,285,6,67,14,0,0.9286,,0.355,,21.3571,0,0,,
5924893,1999,14445,1997,"NO","",736151,3,,439,4,41,3,0,1,,0,,14.3333,0,0,,
5927065,1999,14452,1998,"NO","",707847,3,,60,4,45,2,0,0.5,,0,,26.5,0,0,,
5927902,1999,14452,1997,"NO","",751368,3,,405,6,64,10,0,1,,0.66,,19.1,0,0,,
5928626,1999,14452,1997,"NO","",690813,3,,424,3,31,3,0,1,,0.4444,,8,0,0,,
5931602,1999,14459,1996,"NO","",756450,3,,405,6,64,11,0,1,,0.4298,,12.1818,0,0,,
5932830,1999,14459,1998,"NO","",746526,3,,89,5,59,6,0,1,,0.2778,,17.1667,0,0,,
5934003,1999,14466,1998,"NO","",418620,3,,43,6,61,20,0,0.8,,0.1172,,21.6,0,0,,
5934379,1999,14466,1996,"NO","",407450,3,,169,6,69,6,0,0.8333,,0.56,,22.8333,0,0,,
5934392,1999,14466,1997,"NO","",141935,3,,175,6,64,4,0,1,,0.625,,7.25,0,0,,
5934440,1999,14466,1997,"NO","",756656,3,,194,5,59,3,0,0.6667,,0,,33,0,0,,
5934483,1999,14466,1997,"NO","",695164,3,,209,5,51,10,0,0.7,,0.2449,,23.9,0,0,,
5935625,1999,14466,1998,"NO","",751368,3,,426,6,61,2,0,1,,0.5,,5,0,0,,
5939289,1999,14473,1995,"NO","",757104,3,,435,3,33,0,0,,,,,,,,,
5939696,1999,14473,1997,"NO","",,1,,235,5,59,20,0,1,,0.35,,12.15,,,,
5941009,1999,14480,1997,"NO","",418620,3,,43,6,61,1,0,1,,0,,7,0,0,,
5941096,1999,14480,1998,"NO","",,1,,62,6,69,4,0,1,,0.625,,23.75,,,,
5941325,1999,14480,1997,"NO","",141935,3,,175,6,64,6,0,1,,0,,8.8333,0.5,0.5,,
5942697,1999,14480,1997,"NO","",757383,3,,73,4,43,4,0,1,,0.375,,20.5,0,0,,
5942750,1999,14480,1997,"NO","",757390,3,,250,4,44,10,0,1,,0.66,,8.6,0,0,,
5945318,1999,14487,1996,"NO","",407450,3,,435,3,33,8,0,1,,0.6563,,9,0.125,0.125,,
5947184,1999,14494,1997,"NO","",751368,3,,164,5,52,6,0,1,,0.2778,,14.6667,0,0,,
5947410,1999,14494,1997,"NO","",560255,3,,242,5,51,26,0,0.7692,,0.485,,24.6154,0.0667,0.0385,,
5948759,1999,14494,1997,"NO","",690813,3,,514,3,31,0,0,,,,,,,,,
5948940,1999,14494,1998,"NO","",690813,3,,564,1,14,5,0,0.8,,0.75,,23.4,0,0,,
5949597,1999,14494,1996,"NO","",703718,3,,360,2,24,10,0,1,,0.66,,9,0,0,,
5950388,1999,14501,1998,"NO","",758073,3,,52,6,69,4,0,0.75,,0.4444,,33.25,0,0,,
5951105,1999,14501,1997,"NO","",,1,,297,6,65,9,0,0.6667,,0,,23.5556,,,,
5951479,1999,14501,1998,"NO","",218550,2,,600,3,32,4,0,1,,0.375,,8.25,0.25,0.25,,
5951960,1999,14501,1997,"NO","",323865,3,,423,1,19,2,0,1,,0.5,,26.5,0,0,,
5954389,1999,14508,1996,"NO","",41085,3,,296,5,55,12,0,0.6667,,0.2188,,24.3333,0,0,,
5958717,1999,14515,1998,"NO","",705250,3,,435,3,33,7,0,1,,0.4082,,7.2857,0.2857,0.2857,,
5960842,1999,14522,1997,"NO","",736994,3,,141,5,51,7,0,0.7143,,0.8,,28.4286,0,0,,
5961558,1999,14522,1997,"NO","",737478,3,,701,2,22,8,0,1,,0.7188,,11.5,0,0,,
5961978,1999,14522,1995,"NO","",407450,3,,424,3,31,2,0,1,,0.5,,6,0,0,,
5962408,1999,14522,1997,"NO","",690813,3,,514,3,31,0,0,,,,,,,,,
5962418,1999,14522,1996,"NO","",690813,3,,514,3,31,6,0,1,,0.6111,,6.1667,0,0,,
5962626,1999,14522,1997,"NO","",690813,3,,528,1,15,1,0,1,,0,,2,0,0,,
5963395,1999,14522,1998,"NO","",560255,3,,360,2,24,3,0,1,,0.4444,,20.6667,0,0,,
5964278,1999,14529,1997,"NO","",323865,3,,165,6,66,4,0,1,,0.375,,17.75,0,0,,
5964390,1999,14529,1997,"NO","",748654,3,,226,5,51,13,0,0.8462,,0.562,,27.3077,0,0,,
5964407,1999,14529,1998,"NO","",730244,3,,239,5,59,5,0,1,,0.72,,6.4,0,0,,
5964586,1999,14529,1997,"NO","",759317,3,,431,6,66,9,0,0.6667,,0.2778,,31.3333,0,0,,
5965674,1999,14529,1996,"NO","",708444,3,,526,1,15,6,0,0.8333,,0.32,,22.8333,0,0,,
5967076,1999,14536,1998,"NO","",,1,,114,5,55,7,0,1,,0.6122,,14.4286,,,,
5967541,1999,14536,1997,"NO","",540965,2,,280,5,55,23,0,0.4783,,0.1653,,45.1739,0,0,,
5970646,1999,14543,1998,"NO","",418620,3,,43,6,61,10,0,1,,0,,15.1,0,0,,
5971604,1999,14543,1996,"NO","",695164,3,,366,1,19,11,0,0.9091,,0.34,,17.8182,0,0,,
5972641,1999,14543,1998,"NO","",760031,3,,435,3,33,22,0,1,,0.0868,,7.9545,0,0,,
5972926,1999,14543,1998,"NO","",690813,3,,514,3,31,0,0,,,,,,,,,
5973070,1999,14543,1997,"NO","",708444,3,,525,1,15,6,0,1,,0.7778,,9.3333,0,0,,
5973788,1999,14543,1998,"NO","",690675,3,,356,4,43,3,0,1,,0.4444,,3.3333,0.5,0.3333,,
5974987,1999,14550,1997,"NO","",690183,3,,111,6,61,14,0,0.9286,,0.4734,,18,0,0,,
5976211,1999,14550,1997,"NO","",760334,3,,71,1,11,12,0,0.8333,,0.46,,21.5,0,0,,
5976490,1999,14550,1998,"NO","",760363,3,,423,1,19,19,0,0.8421,,0.6641,,15.2632,0,0,,
5977437,1999,14550,1996,"NO","",134835,3,,800,3,33,0,0,,,,,,,,,
5978242,1999,14550,1997,"NO","",760469,3,,363,4,45,9,0,1,,0.1975,,8.1111,0,0,,
5978315,1999,14550,1997,"NO","",15975,3,,367,2,21,8,0,1,,0.4063,,25.25,0,0,,
5978410,1999,14550,1997,"NO","",742196,3,,373,6,66,7,0,1,,0.449,,15.5714,0,0,,
5979120,1999,14557,1998,"NO","",,1,,52,6,69,10,0,0.8,,0.5313,,23,,,,
5979353,1999,14557,1997,"NO","",723176,3,,114,5,55,9,0,1,,0.3704,,13.7778,0,0,,
5979506,1999,14557,1996,"NO","",14515,3,,138,6,67,14,0,0.9286,,0.5562,,20.1429,0,0,,
5980460,1999,14557,1998,"NO","",690813,3,,600,3,32,4,0,1,,0,,7.25,0,0,,
5980628,1999,14557,1998,"NO","",760721,3,,106,1,12,5,0,1,,0.56,,7,0,0,,
5982572,1999,14557,1993,"NO","",560255,3,,360,2,24,11,0,1,,0.314,,10.1818,0,0,,
5982576,1999,14557,1998,"NO","",560255,3,,360,2,24,3,0,1,,0.4444,,20.6667,0,0,,
5983225,1999,14557,1998,"NO","",723902,3,,707,2,22,9,0,1,,0.6173,,3.5556,0,0,,
5983251,1999,14557,1996,"NO","",716870,2,,708,2,22,4,0,1,,0.375,,8.25,0,0,,
5983931,1999,14564,1998,"NO","",141935,3,,137,6,69,19,0,0.8947,,0.7128,,20.0526,0,0,,
5984026,1999,14564,1997,"NO","",141935,3,,175,6,64,3,0,1,,0,,11,0.6667,0.6667,,
5984520,1999,14564,1999,"NO","",,1,,366,1,19,13,0,0.8462,,0.6942,,25.1538,,,,
5985620,1999,14564,1995,"NO","",695926,3,,435,3,33,4,0,1,,0.625,,7.75,0,0,,
5987306,1999,14564,1997,"NO","",566545,3,,455,2,21,12,0,1,,0.5139,,2.8333,0.1,0.0833,,
5988037,1999,14571,1997,"NO","",,1,,89,5,59,5,0,1,,0.56,,23.8,,,,
5989512,1999,14571,1995,"NO","",759565,3,,423,1,19,3,0,1,,0.4444,,16.3333,0,0,,
5990263,1999,14571,1996,"NO","",690813,3,,528,1,15,1,0,1,,0,,2,1,1,,
5990961,1999,14571,1997,"NO","",723902,3,,348,4,49,6,0,1,,0,,5.1667,0,0,,
5991765,1999,14571,1997,"NO","",761691,3,,707,2,22,28,0,1,,0.8163,,3.7857,0,0,,
5992277,1999,14578,1996,"NO","",134240,3,,82,5,51,5,0,0.8,,0.625,,22.4,0,0,,
5992819,1999,14578,1996,"NO","",704501,3,,251,5,53,4,0,1,,0,,16.5,0,0,,
5992827,1999,14578,1997,"NO","",761818,3,,254,5,59,9,0,0.7778,,0,,26.4444,0,0,,
5992873,1999,14578,1997,"NO","",696689,3,,280,5,55,20,0,0.95,,0.1884,,9.65,0.125,0.1,,
5993151,1999,14578,1998,"NO","",761842,3,,415,5,53,4,0,0.75,,0.4444,,29,0,0,,
5993328,1999,14578,1997,"NO","",752051,2,,473,6,62,16,0,0.5625,,0,,32,0,0,,
5993355,1999,14578,1997,"NO","",744415,3,,477,5,53,10,0,1,,0.18,,4.9,0,0,,
5993875,1999,14578,1998,"NO","",751368,3,,426,6,61,8,0,1,,0.5625,,8.625,0,0,,
5994811,1999,14578,1998,"NO","",761978,3,,310,4,45,3,0,1,,0,,8,0,0,,
5997045,1999,14585,1997,"NO","",751368,3,,285,6,67,9,0,1,,0.5185,,13.6667,0,0,,
5997058,1999,14585,1998,"NO","",751368,3,,293,5,55,6,0,0.8333,,0,,16,0,0,,
5997218,1999,14585,1997,"NO","",723176,3,,405,6,64,7,0,1,,0.4898,,15.2857,0,0,,
5997826,1999,14585,1997,"NO","",141935,3,,422,1,19,6,0,1,,0,,15.3333,0,0,,
5997837,1999,14585,1996,"NO","",759565,3,,423,1,19,5,0,1,,0.56,,19.2,0,0,,
6000278,1999,14592,1998,"NO","",,1,,73,4,43,11,0,0.9091,,0.68,,19.3636,,,,
6000430,1999,14592,1998,"NO","",,1,,137,6,69,5,0,0.4,,0,,34.8,,,,
6000471,1999,14592,1997,"NO","",,1,,166,6,64,10,0,0.9,,0.6667,,22.8,,,,
6000480,1999,14592,1997,"NO","",762455,3,,175,6,64,6,0,1,,0.6111,,15.8333,0,0,,
6000837,1999,14592,1997,"NO","",,1,,366,1,19,11,0,1,,0.562,,9.2727,,,,
6001316,1999,14592,1997,"NO","",751368,3,,423,1,19,3,0,1,,0.4444,,15.6667,0,0,,
6001328,1999,14592,1999,"NO","",751368,3,,423,1,19,8,0,1,,0.375,,12.25,0,0,,
6003377,1999,14599,1997,"NO","",762688,3,,73,4,43,5,0,1,,0.72,,13,0,0,,
6003462,1999,14599,1998,"NO","",306540,3,,114,5,55,1,0,1,,0,,13,0,0,,
6003603,1999,14599,1997,"NO","",141935,3,,166,6,64,5,0,1,,0.72,,14.6,0.25,0.2,,
6003607,1999,14599,1996,"NO","",696774,2,,166,6,64,11,0,0.9091,,0.42,,11.8182,0,0,,
6003873,1999,14599,1998,"NO","",17045,3,,277,6,67,6,0,0.8333,,0.64,,32,0,0,,
6005791,1999,14599,1998,"NO","",,1,,365,2,24,4,0,1,,0.75,,6.5,,,,
6005817,1999,14599,1998,"NO","",741447,3,,365,2,24,5,0,1,,0.56,,5.2,0,0,,
6007067,1999,14606,1996,"NO","",,1,,166,6,64,11,0,0.6364,,0.449,,20.3636,,,,
6007275,1999,14606,1997,"NO","",723176,3,,405,6,64,10,0,1,,0.5,,14.3,0,0,,
6007342,1999,14606,1997,"NO","",696069,3,,434,6,69,11,0,1,,0.4298,,18,0,0,,
6008004,1999,14606,1997,"NO","",57585,2,,435,3,33,0,0,,,,,,,,,
6008726,1999,14606,1998,"NO","",750075,3,,340,2,21,6,0,1,,0.5,,8.1667,0,0,,
