4042000,1977,6437,1976,"NO","",,1,3,152,5,55,3,0,0,,,,52.6667,,,,
4043138,1977,6444,1976,"NO","",272450,3,9,405,6,64,6,4,1,0,0.4444,7,6.3333,0,0,0.5,0.5
4043580,1977,6444,1976,"NO","",40580,3,5,294,5,59,3,2,0.3333,0,0,11,37.6667,0,0,0,0
4043789,1977,6444,1975,"NO","",407450,3,10,71,1,11,15,0,0.8,,0.6111,,11.8,0,0,,
4044079,1977,6444,1975,"NO","",430670,3,6,261,1,19,4,12,0.25,0.5972,0,5.1667,25.25,0,0,0,0
4044566,1977,6451,1975,"NO","",,1,5,405,6,64,4,2,0.75,0,0,4,6.5,,,,
4044608,1977,6451,1976,"NO","",42220,3,3,73,4,43,3,0,0.3333,,0,,68.6667,0,0,,
4044785,1977,6451,1976,"NO","",,1,3,137,6,69,4,3,0.25,0.4444,0,6,30.75,,,,
4044858,1977,6451,1975,"NO","",554675,3,15,182,6,65,7,2,0.8571,0,0,6,11,0,0,0,0
4044972,1977,6451,1975,"NO","",,1,8,244,5,55,8,3,0.25,0.4444,0,17.3333,31.625,,,,
4045309,1977,6451,1976,"NO","",407450,3,4,205,1,19,4,4,0.5,0.375,0,10,19.5,0,0,0,0
4045320,1977,6451,1976,"NO","",41255,3,8,204,1,19,6,4,0.3333,0.375,0,7.75,13.5,0,0,0,0
4045654,1977,6451,1976,"NO","",39520,3,9,219,4,49,8,7,0.375,0.449,0,5.8571,14.625,0,0,0,0
4046096,1977,6458,1976,"NO","",27825,3,5,440,5,55,5,6,0.2,0.6667,0,10.6667,25.2,0,0,0,0
4047486,1977,6465,1975,"NO","",40415,3,1,37,6,64,6,2,0.6667,0,0.5,3,11.6667,0,0,0,0
4047715,1977,6465,1975,"NO","",,1,6,482,5,59,3,11,0.6667,0.314,0,13.1818,22.6667,,,,
4047989,1977,6465,1976,"NO","",159870,3,3,149,1,19,2,4,1,0.625,0.5,6,2.5,0,0,0,0
4048686,1977,6472,1976,"NO","",316155,3,12,405,6,64,6,4,1,0.625,0.6667,6.5,4.8333,0,0,0,0
4048850,1977,6472,1976,"NO","",515365,3,9,73,4,43,4,4,0.75,0.75,0.4444,5.75,14.25,0,0,0,0
4049070,1977,6472,1975,"NO","",,1,3,180,5,55,9,7,0.7778,0.5714,0.6939,7.8571,11.4444,,,,
4049138,1977,6472,1975,"NO","",,1,2,414,5,51,8,2,0.625,0.5,0.72,16.5,16,,,,
4049248,1977,6472,1975,"NO","",39520,3,11,266,5,52,11,2,0.8182,0.5,0.5926,17,11.9091,0,0,0,0
4049773,1977,6472,1976,"NO","",407450,3,10,423,1,19,8,13,0.5,0.5562,0,6.7692,18.625,0,0,0,0
4051800,1977,6486,1976,"NO","",,1,3,114,5,55,5,2,0.6,0.5,0.4444,6.5,25,,,,
4051959,1977,6486,1976,"NO","",338525,3,5,414,5,51,3,5,0.6667,0.48,0,14.8,18.6667,0,0,0,0
4052143,1977,6486,1976,"NO","",495300,3,5,431,6,66,2,3,0.5,0,0,10,50.5,0,0,0,0
4052147,1977,6486,1975,"NO","",,1,5,431,6,66,4,1,0,0,,9,31.5,,,,
4052562,1977,6486,1975,"NO","",359825,3,5,370,2,21,6,12,0.8333,0.6111,0.56,9.1667,4.8333,0,0,0,0
4052772,1977,6493,1975,"NO","",343490,3,4,24,6,63,5,4,0.4,0.75,0.5,7.75,45.8,0,0,0,0
4053881,1977,6493,1975,"NO","",332935,3,4,342,2,21,3,0,0.3333,,0,,14.3333,0,0,,
4054961,1977,6507,1975,"NO","",222740,3,5,441,6,69,7,1,0.5714,0,0.625,4,18.8571,0,0,0,0
4055572,1977,6507,1976,"NO","",104245,2,6,548,1,14,3,2,1,0.5,0,8,10,0,0,0,0
4055834,1977,6507,1976,"NO","",,1,12,382,2,22,12,12,1,0.7361,0.5694,8.3333,5,,,,
4056227,1977,6514,1975,"NO","",,1,7,239,5,59,2,0,0,,,,17.5,,,,
4057058,1977,6521,1976,"NO","",,1,3,128,3,32,3,2,0,0,,15,49.6667,,,,
4058059,1977,6528,1975,"NO","",,1,11,101,6,69,13,11,0.3846,0.1653,0.56,13.8182,36.4615,,,,
4059514,1977,6535,1976,"NO","",170630,3,1,210,1,19,2,2,0.5,0,0,7.5,15,0,0,0,0
4060784,1977,6542,1976,"NO","",40730,3,14,336,4,41,3,8,0.6667,0.6563,0,12.75,22,0,0,0,0
4061459,1977,6549,1977,"NO","",,1,15,425,5,51,4,3,1,0.4444,0,8.3333,4.75,,,,
4061568,1977,6549,1975,"NO","",39510,3,3,210,1,19,10,10,0.6,0.18,0.4444,12.9,19.8,0.25,0.1,0,0
4062357,1977,6556,1976,"NO","",,1,9,128,3,32,4,5,0.25,0.32,0,13.8,17,,,,
4063296,1977,6556,1975,"NO","",515365,3,12,360,2,24,10,3,0.9,0.4444,0.3457,7,7.9,0,0,0,0
4063746,1977,6563,1976,"NO","",443365,3,6,280,5,55,2,5,1,0,0,7.4,7.5,0,0,0,0
4064276,1977,6563,1976,"NO","",633675,3,3,426,6,61,0,6,,0.6667,,7.3333,,,,0,0
4064669,1977,6570,1976,"NO","",,1,13,52,6,69,6,2,0.1667,0,0,6,52.5,,,,
4065117,1977,6570,1976,"NO","",,1,15,270,5,52,5,7,1,0.7755,0.72,14.5714,6,,,,
4065383,1977,6570,1976,"NO","",,1,7,210,1,19,8,7,0.875,0.449,0.6531,11.2857,7.875,,,,
4065551,1977,6570,1976,"NO","",170630,3,7,423,1,19,9,7,0.6667,0.2449,0,7.4286,16.2222,0,0,0,0
4067463,1978,6584,1976,"NO","",39835,3,4,414,5,51,6,1,0.6667,0,0.625,6,17.1667,0,0,0,0
4068399,1978,6591,1976,"NO","",,1,5,43,6,61,3,10,0.6667,0,0,8.9,24.6667,,,,
4069115,1978,6591,1977,"NO","",357055,3,8,205,1,19,2,0,0.5,,0,,17,0,0,,
4069644,1978,6598,1977,"NO","",102950,3,9,53,6,68,3,2,1,0,0.4444,12.5,5.3333,0,0,0,0
4069892,1978,6598,1976,"NO","",,1,3,182,6,65,4,5,0.25,0,0,6.8,60.75,,,,
4071161,1978,6605,1976,"NO","",424125,2,6,405,6,64,3,3,0.6667,0,0.5,10,18.3333,0,0,0.6667,0.6667
4072250,1978,6612,1976,"NO","",170630,3,2,222,1,19,6,1,0.1667,0,0,19,31.1667,0,0,0,0
4072998,1978,6612,1976,"NO","",39835,3,5,361,4,45,4,4,0.75,0,0.4444,11.25,13.5,0.5,0.25,0,0
4073714,1978,6619,1976,"NO","",407450,3,14,204,1,19,1,0,1,,0,,6,0,0,,
4074697,1978,6626,1976,"NO","",345910,3,6,137,6,69,8,6,0.125,0.5,0,7.6667,38,0,0,0,0
4077091,1978,6640,1976,"NO","",589485,3,5,24,6,63,7,6,0.1429,0.6667,0,12.8333,48.8571,0,0,0,0
4077133,1978,6640,1976,"NO","",390765,3,7,34,1,19,4,2,0.25,0.5,0,2.5,35,0,0,0,0
4077352,1978,6640,1977,"NO","",27825,3,7,440,5,55,0,1,,0,,4,,,,0,0
4077638,1978,6640,1976,"NO","",,1,4,280,5,55,7,2,0.5714,0,0,4.5,15.1429,,,,
4077887,1978,6640,1977,"NO","",,1,4,210,1,19,2,8,0,0,,15.125,33,,,,
4078768,1978,6647,1976,"NO","",41050,3,5,254,5,59,5,4,0.8,0.5,0.625,14.5,7.6,0.3333,0.2,0,0
4079493,1978,6654,1975,"NO","",,1,4,29,5,52,2,4,0,0.625,,13.5,63,,,,
4079781,1978,6654,1976,"NO","",253275,3,5,165,6,66,10,5,0.6,0.64,0.5,5.4,13.4,0,0,0,0
4079838,1978,6654,1976,"NO","",,1,4,211,6,65,7,9,0.2857,0.716,0.5,13.6667,32.2857,,,,
4080530,1978,6654,1976,"NO","",,1,14,362,4,42,4,15,0.75,0.6133,0,9.7333,8.25,,,,
4081178,1978,6661,1977,"NO","",170630,3,5,266,5,52,2,2,1,0,0,4,2.5,0,0,0,0
4083527,1978,6675,1976,"NO","",41150,3,6,249,6,69,4,0,1,,0.5,,4.5,0,0,,
4084361,1978,6682,1976,"NO","",,1,5,52,6,69,3,9,1,0.4938,0.4444,8.8889,6.6667,,,,
4084994,1978,6682,1976,"NO","",159870,3,7,149,1,19,2,2,1,0,0,4,8.5,0,0,0,0
4084995,1978,6682,1976,"NO","",159870,3,15,149,1,19,1,1,1,0,0,21,6,0,0,0,0
4086169,1978,6689,1976,"NO","",574900,3,14,210,1,19,6,2,0.3333,0,0,9,39.8333,0,0,0,0
4086693,1978,6696,1977,"NO","",,1,8,29,5,52,6,2,0.5,0.5,0.4444,10,14.8333,,,,
4087345,1978,6696,1977,"NO","",35945,3,9,204,1,19,3,7,1,0.4898,0.4444,7.7143,7.3333,0,0,0,0
4087984,1978,6703,1976,"NO","",40360,3,9,405,6,64,6,7,0.5,0,0.4444,12.4286,12.1667,0,0,0,0
4090560,1978,6717,1976,"NO","",39425,3,15,166,6,64,2,2,1,0.5,0,6,4,0,0,0,0
4091681,1978,6724,1977,"NO","",597180,6,4,73,4,43,3,3,1,0.4444,0.4444,2.3333,3.6667,0,0,0,0
4091740,1978,6724,1976,"NO","",,1,7,105,5,55,4,2,0.25,0.5,0,11,37.25,,,,
4092626,1978,6724,1976,"NO","",430630,3,7,338,4,41,3,5,0.3333,0.72,0,8.6,30,0,0,0,0
4094025,1978,6738,1976,"NO","",,1,2,5,6,65,5,4,0.6,0,0,17,31.4,,,,
4095871,1978,6745,1977,"NO","",,1,9,439,4,41,5,10,0.4,0.68,0.5,12.7,30.6,,,,
4096220,1978,6745,1975,"NO","",,1,3,264,5,51,7,1,1,0,0.4082,21,7.2857,,,,
4096246,1978,6745,1976,"NO","",39510,3,16,514,3,31,2,4,0.5,0.375,0,14.25,18,0,0,0.3333,0.25
4097573,1978,6752,1976,"NO","",475735,3,11,264,5,51,1,5,0,0.8,,7.2,31,0,0,0,0
4097644,1978,6752,1975,"NO","",286240,3,8,442,1,11,20,4,0.8,0.625,0.625,10.75,12.25,0,0,0,0
4098925,1978,6759,1977,"NO","",,1,10,427,1,12,3,3,0.6667,0.4444,0,8.6667,8.3333,,,,
4101230,1978,6773,1976,"NO","",,1,5,403,6,67,4,3,0.75,0.4444,0,8.3333,8.5,,,,
4102063,1978,6780,1977,"NO","",17955,3,3,36,6,63,3,6,1,0.5,0,5.8333,2,0,0,0,0
4102461,1978,6780,1977,"NO","",,1,8,414,5,51,5,7,0.2,0.449,0,9,30.8,,,,
4103272,1978,6780,1977,"NO","",,1,8,337,4,41,2,3,0.5,0.6667,0,12,34.5,,,,
4103438,1978,6787,1976,"NO","",,1,5,36,6,63,3,5,0.3333,0.32,0,14.2,23.3333,,,,
4103591,1978,6787,1976,"NO","",,1,4,91,5,53,4,5,0.75,0.8,0,7.4,12.25,,,,
4104743,1978,6794,1977,"NO","",,1,6,2,6,63,6,4,1,0.375,0,8.5,9.5,,,,
4104887,1978,6794,1976,"NO","",386280,3,8,62,6,69,4,0,1,,0.375,,7.5,0,0,,
4107904,1978,6808,1977,"NO","",587345,3,18,56,6,61,4,2,0.5,0.5,0.5,15,23,0,0,0,0
4107948,1978,6808,1977,"NO","",583790,3,11,464,5,53,9,24,0.5556,0.6389,0.56,8.2917,21.2222,0,0,0,0
4108719,1978,6808,1977,"NO","",276655,3,4,376,4,44,6,14,1,0.4082,0.5,13.9286,6.6667,0,0,0,0
4109601,1978,6815,1976,"NO","",517425,3,7,405,6,64,8,5,0.5,0.32,0.5,15.6,23.25,0,0,0,0
4109932,1978,6815,1977,"NO","",631480,3,7,280,5,55,3,4,0.6667,0,0,8.5,20.3333,0,0,0,0
4109961,1978,6815,1975,"NO","",546365,3,4,297,6,65,7,15,0.1429,0.48,0,14.7333,32.1429,0,0,0,0
4109996,1978,6815,1976,"NO","",505480,3,2,359,5,54,4,12,1,0.4028,0.625,14,6.75,0,0,0.1,0.0833
4110399,1978,6815,1977,"NO","",276655,3,12,423,1,19,11,6,1,0,0,3.6667,9.6364,0,0,0,0
4110592,1978,6815,1976,"NO","",316155,3,10,219,4,49,4,5,0.5,0.48,0,15.8,23.25,0,0,0.3333,0.2
4110975,1978,6822,1977,"NO","",,1,5,60,4,45,4,1,0.5,0,0.5,4,18.25,,,,
4112534,1978,6829,1977,"NO","",,1,8,15,6,69,3,4,0.6667,0.625,0,11.75,9.3333,,,,
4112866,1978,6829,1977,"NO","",27825,3,2,440,5,55,4,4,0.25,0.625,0,9.5,31,0,0,0,0
4112982,1978,6829,1977,"NO","",406760,3,9,139,6,63,1,10,1,0,0,4.9,3,0,0,0,0
4113281,1978,6829,1977,"NO","",384500,2,3,462,6,69,4,12,0.5,0.2917,0.5,11.4167,14.25,0.5,0.25,0.5,0.1667
4113687,1978,6829,1977,"NO","",515890,3,21,524,1,15,1,10,0,0.68,,8.1,27,0,0,0.4,0.4
4114345,1978,6836,1977,"NO","",141930,3,3,52,6,69,10,0,0.7,,0.449,,16.6,0,0,,
4114940,1978,6836,1976,"NO","",40555,3,6,294,5,59,3,0,0.3333,,0,,44,0,0,,
4115108,1978,6836,1976,"NO","",170630,3,5,75,5,52,4,0,0.75,,0,,12,0,0,,
4115497,1978,6836,1976,"NO","",171210,3,8,264,5,51,3,17,1,0.7543,0.4444,18.0588,4.6667,0,0,0,0
4115596,1978,6836,1976,"NO","",407445,3,4,426,6,61,2,11,0,0.5455,,10.1818,41.5,0,0,0,0
4116830,1978,6843,1977,"NO","",170630,3,5,264,5,51,9,5,0.6667,0.56,0.8333,10.8,15,0,0,0,0
4117941,1978,6850,1977,"NO","",227330,3,13,414,5,51,7,10,0.8571,0.64,0.2778,9.8,7.2857,0,0,0,0
4117960,1978,6850,1977,"NO","",,5,19,223,6,63,0,6,,0,,14.5,,,,,
4118242,1978,6850,1977,"NO","",14790,3,13,106,1,12,4,14,0.75,0.2551,0.6667,8.5,12.75,0,0,0,0
4120521,1978,6864,1977,"NO","",475735,3,6,285,6,67,18,10,0.6111,0.72,0.7107,8.7,18.8889,0.2,0.0556,0,0
4121792,1978,6871,1978,"NO","",,1,5,244,5,55,4,0,1,,0.375,,12,,,,
4121857,1978,6871,1977,"NO","",384500,2,4,462,6,69,3,11,0.3333,0,0,10.8182,18.3333,1,0.3333,0.6667,0.1818
4121879,1978,6871,1977,"NO","",,5,4,439,4,41,2,1,1,0,0.5,20,5,,,,
4122208,1978,6871,1977,"NO","",390765,3,9,426,6,61,8,7,0.375,0,0.4444,11.4286,28.375,0,0,0,0
4122880,1978,6878,1977,"NO","",170630,3,6,152,5,55,6,2,0.5,0,0.6667,13,15.3333,0,0,0,0
4122881,1978,6878,1977,"NO","",170630,3,1,152,5,55,5,1,0.4,0,0,1,19,1,0.2,0,0
4123317,1978,6878,1976,"NO","",390765,3,25,162,1,19,12,27,0.4167,0.1399,0.56,13.8889,21,0,0,0.1923,0.1852
4125219,1978,6892,1977,"NO","",,1,6,55,1,13,10,0,0.1,,0,,35.2,,,,
4126423,1978,6899,1977,"NO","",170630,3,7,23,1,19,7,9,0.7143,0.6914,0.64,12.2222,16.4286,0.2,0.1429,0,0
4126424,1978,6899,1977,"NO","",170630,3,3,23,1,19,7,7,0.7143,0.7347,0.72,9.2857,11.1429,0.2,0.1429,0,0
4126968,1978,6906,1977,"NO","",,1,6,451,5,51,1,0,0,,,,34,,,,
4127362,1978,6906,1977,"NO","",39425,3,5,417,5,53,2,1,0,0,,19,34.5,0,0,0,0
4129310,1978,6920,1977,"NO","",,1,4,280,5,55,2,1,0,0,,21,33,,,,
4130028,1978,6927,1977,"NO","",30270,3,2,74,5,59,8,1,0.375,0,0.6667,19,44,0,0,0,0
4130418,1978,6927,1977,"NO","",465395,3,4,420,5,52,2,2,1,0.5,0.5,12,9,0,0,0,0
4131269,1978,6934,1977,"NO","",,1,8,296,5,55,6,2,0.5,0.5,0.4444,12,20.1667,,,,
4132589,1979,6941,1975,"NO","",,1,3,162,1,19,3,3,0.3333,0.4444,0,19,63,,,,
4132644,1979,6941,1977,"NO","",40830,3,4,210,1,19,3,17,1,0.3045,0.4444,14.1176,7.3333,0,0,0,0
4133436,1979,6948,1977,"NO","",,1,4,414,5,51,4,6,1,0.7222,0.375,14.1667,7.75,,,,
4133657,1979,6948,1977,"NO","",170630,3,11,55,1,13,12,9,0.5833,0.716,0.6939,9.1111,23.0833,0,0,0,0
4134547,1979,6955,1976,"NO","",,5,9,239,5,59,2,10,0,0.76,,13.3,63,,,,
4134702,1979,6955,1977,"NO","",39425,3,7,405,6,64,2,2,0.5,0.5,0,10,15.5,0,0,0,0
4134832,1979,6955,1977,"NO","",,1,9,210,1,19,8,5,1,0.72,0.2188,6.6,3.125,,,,
4135448,1979,6962,1977,"NO","",,1,10,101,6,69,14,17,0.7143,0.1107,0.18,13.4706,21.4286,,,,
4135732,1979,6962,1977,"NO","",349030,3,7,280,5,55,2,4,0.5,0.375,0,6.5,16,0,0,0,0
4136402,1979,6969,1977,"NO","",611115,3,14,2,6,63,9,1,0.8889,0,0.6563,1,10.7778,0,0,1,1
4136499,1979,6969,1977,"NO","",,1,4,52,6,69,6,0,0.8333,,0.72,,15.5,,,,
4136723,1979,6969,1977,"NO","",407450,3,5,383,6,68,3,23,0.3333,0.31,0,8.087,19.6667,0,0,0.4706,0.3478
4137603,1979,6976,1977,"NO","",323905,3,11,16,5,59,6,9,0.8333,0.7407,0.72,12.5556,11.3333,0,0,0,0
4137758,1979,6976,1977,"NO","",,1,17,73,4,43,3,5,0.6667,0.48,0.5,8.8,12.6667,,,,
4137861,1979,6976,1977,"NO","",,1,6,114,5,55,7,3,0.8571,0.4444,0.6667,6.6667,10.8571,,,,
4138526,1979,6976,1976,"NO","",,5,9,428,6,69,12,7,0.8333,0.7755,0.76,8.2857,7.6667,,,,
4139411,1979,6983,1977,"NO","",390765,3,5,162,1,19,3,0,0,,,,64,0,0,,
4139467,1979,6983,1978,"NO","",390765,3,11,210,1,19,5,3,0.8,0.4444,0.375,9.3333,23,0,0,0,0
4140059,1979,6990,1977,"NO","",41080,3,7,102,1,19,4,3,0.25,0.4444,0,11.3333,24.75,0,0,0,0
4140582,1979,6990,1976,"NO","",,1,4,435,3,33,2,8,1,0.7188,0,15.25,4,,,,
4141285,1979,6997,1977,"NO","",,1,6,454,5,59,6,0,0.1667,,0,,46.3333,,,,
4141465,1979,6997,1977,"NO","",386280,3,4,220,6,68,3,1,1,0,0.6667,5,5.6667,0,0,0,0
4141486,1979,6997,1977,"NO","",,1,3,229,6,68,8,1,0.25,0,0.5,2,24,,,,
4141945,1979,6997,1977,"NO","",170630,3,3,264,5,51,2,2,0.5,0.5,0,9.5,26,0,0,0,0
4142636,1979,7004,1977,"NO","",,1,18,209,5,51,5,12,0.8,0.625,0.375,10,12.6,,,,
4143515,1979,7011,1977,"NO","",,1,4,60,4,45,4,1,0.75,0,0.4444,11,12.25,,,,
4144663,1979,7018,1977,"NO","",407110,3,6,40,6,69,5,3,0.4,0.4444,0,18.6667,36.8,0,0,0,0
4145092,1979,7018,1977,"NO","",231100,3,8,305,5,55,5,15,0.4,0.24,0,12.6667,15.4,0,0,0,0
4145854,1979,7025,1977,"NO","",442960,3,9,52,6,69,1,2,1,0,0,13.5,4,0,0,0,0
4145882,1979,7025,1977,"NO","",,1,5,60,4,45,2,2,1,0,0.5,5.5,7.5,,,,
4146791,1979,7025,1977,"NO","",276655,3,19,378,4,44,1,4,0,0.375,,11.75,17,0,0,0,0
4147330,1979,7032,1977,"NO","",40785,3,9,254,5,59,8,5,0.875,0.72,0.4082,9,10.875,0,0,0,0
4147454,1979,7032,1975,"NO","",406245,2,7,405,6,64,6,2,0.8333,0.5,0.72,11.5,11.1667,0,0,0,0
4147474,1979,7032,1977,"NO","",407450,3,11,417,5,53,3,1,0.3333,0,0,16,16.6667,0,0,0,0
4147500,1979,7032,1977,"NO","",170630,3,21,73,4,43,9,12,0.6667,0.8194,0.6667,7.3333,13.5556,0,0,0,0
4148110,1979,7039,1977,"NO","",,1,3,15,6,69,6,10,0.1667,0.18,0,10,29.5,,,,
4149336,1979,7046,1977,"NO","",418620,3,2,43,6,61,3,6,0.6667,0.2778,0.5,11.8333,34,0,0,0.5,0.3333
4149394,1979,7046,1978,"NO","",170630,3,7,70,6,65,3,14,0.6667,0,0,10.4286,13,0,0,0,0
4150249,1979,7046,1977,"NO","",40805,3,8,174,4,41,9,16,0.8889,0.3984,0.2188,8.0625,7.1111,0,0,0,0
4151207,1979,7053,1977,"NO","",71780,3,4,568,1,14,0,3,,0,,13.3333,,,,0.3333,0.3333
4152972,1979,7067,1977,"NO","",,1,7,92,5,53,3,2,1,0.5,0,11,14,,,,
4155322,1979,7081,1977,"NO","",,1,3,114,5,55,5,0,0.8,,0.375,,22.4,,,,
4155567,1979,7081,1977,"NO","",,1,1,280,5,55,2,0,0.5,,0,,24.5,,,,
4155821,1979,7081,1977,"NO","",188835,3,5,205,1,19,2,6,0.5,0.7222,0,10.5,30.5,0,0,0.1667,0.1667
4156120,1979,7081,1977,"NO","",,1,4,200,4,41,5,2,1,0.5,0.32,3.5,5,,,,
4157068,1979,7095,1977,"NO","",40575,3,11,102,1,19,4,5,1,0.32,0,5.8,5.5,0.6667,0.5,0,0
4157230,1979,7095,1978,"NO","",56205,3,4,405,6,64,4,1,0,0,,8,47,0,0,0,0
4157695,1979,7102,1977,"NO","",,1,13,114,5,55,6,2,0.6667,0,0.75,11,21,,,,
4157742,1979,7102,1978,"NO","",353185,3,3,182,6,65,5,5,0.8,0.56,0.5,4,10.2,0,0,0,0
4158933,1979,7116,1977,"NO","",323905,3,7,49,5,59,3,0,0.3333,,0,,44.6667,0,0,,
4160133,1979,7123,1978,"NO","",,1,5,381,4,49,5,9,0,0,,12.4444,33.4,,,,
4160408,1979,7130,1976,"NO","",,1,6,99,6,61,3,3,0,0.6667,,20.3333,78.3333,,,,
4160536,1979,7130,1978,"NO","",288400,3,17,248,6,69,6,15,0.8333,0.24,0.32,11.2667,8,0.25,0.1667,0,0
4160611,1979,7130,1978,"NO","",326505,3,10,405,6,64,2,2,0.5,0.5,0,12.5,50,0,0,0,0
4161501,1979,7137,1976,"NO","",170630,3,6,264,5,51,3,0,0.6667,,0,,20,0,0,,
4162137,1979,7144,1977,"NO","",574900,3,6,417,5,53,6,1,0.1667,0,0,14,35,0,0,0,0
4162284,1979,7144,1977,"NO","",170630,3,5,264,5,51,3,1,0.6667,0,0,5,10.6667,0,0,0,0
4164572,1979,7165,1978,"NO","",39510,3,26,514,3,31,4,3,0.25,0,0,12.6667,14.25,1,0.25,0,0
4165202,1979,7172,1978,"NO","",236725,3,6,414,5,51,3,2,0.6667,0.5,0.5,4.5,12.6667,0,0,0,0
4165582,1979,7179,1977,"NO","",,1,4,47,6,61,6,1,0.5,0,0.4444,7,19.6667,,,,
4166192,1979,7179,1978,"NO","",170630,3,2,373,6,66,1,0,0,,,,29,0,0,,
4166545,1979,7186,1977,"NO","",40410,3,5,414,5,51,6,6,0.8333,0.7222,0.48,5,8.8333,0,0,0,0
4166839,1979,7186,1977,"NO","",407450,3,15,423,1,19,5,7,0.4,0.2449,0.5,9.4286,24.2,0,0,0,0
4167140,1979,7193,1977,"NO","",41080,3,4,102,1,19,6,5,0.5,0,0.4444,8.2,15,0,0,0,0
4168093,1979,7200,1977,"NO","",170630,3,5,296,5,55,3,1,0.6667,0,0.5,18,19.3333,0,0,0,0
4168431,1979,7200,1978,"NO","",306695,2,18,378,4,44,3,8,0.3333,0.5625,0,8.5,15.6667,0,0,0,0
4168851,1979,7207,1978,"NO","",384500,2,3,462,6,69,5,11,0.4,0,0,11.3636,17,0.5,0.2,0.3333,0.0909
4169338,1979,7214,1977,"NO","",40785,3,4,52,6,69,14,10,0.7143,0.76,0.66,11.4,18.5,0,0,0,0
4169510,1979,7214,1977,"NO","",438920,2,8,175,6,64,6,5,0.5,0,0,9.8,18.8333,0,0,0,0
4169590,1979,7214,1978,"NO","",,1,2,482,5,59,5,3,0.6,0,0,16,18,,,,
4170365,1979,7221,1978,"NO","",39795,3,10,277,6,67,11,6,0.3636,0.4444,0.5,7.1667,25.6364,0,0,0.2,0.1667
4170433,1979,7221,1978,"NO","",236725,3,11,414,5,51,4,4,0.75,0.375,0.4444,4.5,11.25,0,0,0,0
4171247,1979,7228,1978,"NO","",407450,3,5,205,1,19,1,2,0,0.5,,5,48,0,0,0,0
4172689,1979,7242,1977,"NO","",,1,6,415,5,53,7,8,0.4286,0.75,0.4444,7.5,36.2857,,,,
4175084,1979,7263,1977,"NO","",505480,3,4,548,1,14,1,0,1,,0,,4,0,0,,
4176019,1979,7270,1978,"NO","",35945,3,25,205,1,19,3,7,1,0.6939,0.6667,12.7143,2,0,0,0,0
4176037,1979,7270,1978,"NO","",35945,3,4,204,1,19,4,2,0.75,0,0,2,5,0,0,0.5,0.5
4178018,1979,7284,1977,"NO","",384500,2,5,462,6,69,4,13,1,0.3787,0.375,10.8462,2,1,1,0.4,0.1538
4178784,1979,7291,1978,"NO","",299760,3,7,205,1,19,5,0,0.2,,0,,28.6,0,0,,
4180461,1979,7298,1978,"NO","",495945,3,14,210,1,19,3,2,1,0,0,10.5,7,0,0,0,0
4183240,1980,7319,1977,"NO","",554520,3,3,374,4,43,2,0,0.5,,0,,14.5,0,0,,
4184394,1980,7326,1978,"NO","",40760,3,6,83,5,51,3,5,0.3333,0.32,0,10.8,19.6667,0,0,0,0
4185803,1980,7333,1978,"NO","",,1,10,248,6,69,2,7,1,0.4898,0.5,8.7143,11.5,,,,
4186120,1980,7333,1977,"NO","",515890,3,5,524,1,15,5,19,1,0.7978,0,13.9474,6.6,0.25,0.2,0.1053,0.1053
4186198,1980,7333,1978,"NO","",412805,3,11,514,3,31,0,0,,,,,,,,,
4186464,1980,7340,1978,"NO","",458945,3,2,24,6,63,7,6,0.7143,0.6667,0.32,13.1667,24.8571,0,0,0,0
4186764,1980,7340,1977,"NO","",,5,6,137,6,69,5,5,0.8,0.56,0.375,14,12,,,,
4188157,1980,7347,1978,"NO","",40360,3,8,405,6,64,5,6,1,0.2778,0.48,4.6667,5,0,0,0,0
4188169,1980,7347,1977,"NO","",,1,4,416,1,19,1,3,1,0,0,10,5,,,,
4188763,1980,7354,1978,"NO","",286240,3,11,52,6,69,6,6,0.3333,0.5,0,11.3333,30.3333,0,0,0.1667,0.1667
4188790,1980,7354,1978,"NO","",39555,3,2,60,4,45,2,3,1,0,0,15.3333,7,0,0,0,0
4189202,1980,7354,1978,"NO","",237850,3,11,439,4,41,2,2,0,0.5,,17,42.5,0,0,0,0
4191229,1980,7368,1978,"NO","",407450,3,8,383,6,68,3,11,0.3333,0.1653,0,8.7273,20.6667,0,0,0.6667,0.5455
4191480,1980,7368,1978,"NO","",159870,3,6,366,1,19,4,6,0.5,0.4444,0.5,8.3333,21,0,0,0,0
4192704,1980,7375,1978,"NO","",,1,3,156,1,19,6,1,0.5,0,0,15,21.1667,,,,
4193110,1980,7375,1978,"NO","",,5,10,362,4,42,1,0,1,,0,,2,,,,
4193162,1980,7382,1977,"NO","",430670,3,17,16,5,59,1,1,0,0,,18,23,0,0,0,0
4193713,1980,7382,1978,"NO","",39425,3,4,405,6,64,2,3,1,0,0.5,3.6667,6.5,0,0,0,0
4193714,1980,7382,1978,"NO","",40360,3,4,405,6,64,2,7,1,0.2449,0,7.4286,7,0,0,0,0
4194367,1980,7389,1978,"NO","",40010,3,4,62,6,69,7,7,0.8571,0,0,9.8571,8.4286,0,0,0,0
4194712,1980,7389,1978,"NO","",,1,10,248,6,69,4,1,0.75,0,0.6667,7,7.75,,,,
4194958,1980,7389,1978,"NO","",35945,3,2,204,1,19,6,5,1,0.32,0.2778,4,5.8333,0,0,0,0
4195461,1980,7396,1978,"NO","",286240,3,13,52,6,69,9,7,0.4444,0.449,0.375,12,26.7778,0,0,0.1667,0.1429
4196499,1980,7403,1978,"NO","",,1,7,24,6,63,5,3,1,0.4444,0.48,7.3333,6,,,,
4196602,1980,7403,1978,"NO","",170630,3,6,70,6,65,11,8,0,0.5938,,10.375,46.8182,0,0,0,0
4196771,1980,7403,1977,"NO","",40780,3,4,165,6,66,5,3,0.2,0,0,12.6667,34.8,0,0,0,0
4196888,1980,7403,1978,"NO","",40410,3,10,254,5,59,5,2,1,0,0.72,5,8.2,0,0,0,0
4197034,1980,7403,1978,"NO","",574575,3,5,405,6,64,5,2,0.4,0,0,10,27.6,0,0,0,0
4198094,1980,7410,1978,"NO","",,1,9,297,6,65,5,24,0.4,0,0,12.8333,21.6,,,,
4198282,1980,7410,1978,"NO","",407450,3,11,204,1,19,2,1,0.5,0,0,8,16.5,0,0,0,0
4198678,1980,7410,1978,"NO","",282100,2,8,701,2,22,7,26,1,0.6864,0.6122,9.6154,4.5714,0.1429,0.1429,0,0
4200140,1980,7424,1977,"NO","",35945,3,17,164,5,52,13,1,0.5385,0,0.6939,7,22.5385,0,0,0,0
4200504,1980,7424,1977,"NO","",,1,13,205,1,19,5,1,0.8,0,0.375,8,9,,,,
4202646,1980,7438,1978,"NO","",,1,3,404,6,69,9,6,0.4444,0.7778,0.625,9.1667,32.2222,,,,
4202648,1980,7438,1978,"NO","",386280,3,6,405,6,64,3,1,1,0,0.6667,5,7.3333,0,0,0,0
4203294,1980,7445,1978,"NO","",,1,6,60,4,45,4,6,0.75,0.2778,0.4444,9.3333,19.5,,,,
4203470,1980,7445,1978,"NO","",492575,3,4,137,6,69,5,0,0.6,,0,,16,0,0,,
4204053,1980,7445,1978,"NO","",407450,3,5,528,1,15,0,0,,,,,,,,,
4205479,1980,7459,1978,"NO","",,1,7,43,6,61,8,3,0.75,0,0.6667,12,18.5,,,,
4206787,1980,7466,1978,"NO","",406750,3,3,139,6,63,3,6,1,0.2778,0.4444,6.6667,2.3333,0,0,0,0
4206867,1980,7466,1978,"NO","",185480,2,8,229,6,68,6,9,1,0.1975,0,10.3333,6.3333,0.4,0.3333,0.1429,0.1111
4212686,1980,7501,1978,"NO","",525,3,6,420,5,52,5,20,1,0.705,0.72,11.5,12.8,0,0,0,0
4213712,1980,7508,1978,"NO","",159870,3,18,366,1,19,5,2,1,0.5,0.32,15,6,0,0,0,0
4213825,1980,7508,1976,"NO","",,1,12,435,3,33,9,9,0.8889,0.6914,0.4063,15.3333,8.3333,,,,
4214545,1980,7515,1978,"NO","",41050,3,5,114,5,55,5,0,0.8,,0.375,,18.4,0,0,,
4215851,1980,7522,1978,"NO","",41710,3,9,254,5,59,6,3,1,0.4444,0.2778,7.3333,8,0,0,0,0
4216083,1980,7522,1978,"NO","",,1,6,210,1,19,4,8,1,0.4063,0.625,12.5,8,,,,
4217156,1980,7529,1978,"NO","",171210,3,8,156,1,19,16,1,0.625,0,0.7,11,17.25,0,0,0,0
4217530,1980,7529,1977,"NO","",,1,4,318,4,45,8,6,1,0.6111,0.6875,12,8.625,,,,
4218434,1980,7536,1978,"NO","",268215,3,2,424,3,31,5,2,0.8,0.5,0,17.5,9.2,0,0,0,0
4218883,1980,7543,1978,"NO","",39555,3,6,60,4,45,3,3,0.6667,0.6667,0,11.6667,17,0,0,0,0
4219006,1980,7543,1978,"NO","",,1,2,126,6,66,17,1,0.5294,0,0.7407,11,23.3529,,,,
4219938,1980,7550,1978,"NO","",41080,3,3,33,6,69,2,3,0,0.4444,,11,29.5,0,0,0,0
4220255,1980,7550,1978,"NO","",386280,3,7,220,6,68,5,0,1,,0.72,,5.4,0,0,,
4221067,1980,7557,1978,"NO","",,1,7,43,6,61,10,2,0.7,0.5,0.4082,10,19.3,,,,
4221273,1980,7557,1978,"NO","",505480,3,11,180,5,55,3,9,0.6667,0.1975,0,12.8889,16,0,0,0,0
4222194,1980,7564,1978,"NO","",,1,7,43,6,61,8,2,0.75,0,0,11.5,17,,,,
4222579,1980,7564,1978,"NO","",171210,3,15,280,5,55,2,3,1,0,0,15,5,0,0,0,0
4223709,1980,7571,1979,"NO","",407450,3,5,383,6,68,7,7,0.2857,0.2449,0,7.5714,42,0.5,0.1429,0.7143,0.7143
4224170,1980,7571,1978,"NO","",569900,2,12,508,5,59,4,2,0.75,0.5,0,12,9.5,0,0,0,0
4224782,1980,7578,1979,"NO","",574900,3,6,53,6,68,3,5,0,0.32,,6,31.6667,0,0,0,0
4226305,1980,7585,1978,"NO","",,1,5,188,5,53,4,1,0,0,,12,53.25,,,,
4227843,1980,7592,1978,"NO","",,1,8,410,5,55,5,5,1,0.72,0.48,11,10,,,,
4230524,1980,7606,1979,"NO","",71775,3,5,162,1,19,3,2,1,0,0,6,7.6667,0,0,0,0
4231393,1980,7613,1979,"NO","",41080,3,6,137,6,69,2,2,1,0.5,0,12,9,0,0,0,0
4231870,1980,7613,1979,"NO","",39425,3,2,210,1,19,5,1,0.4,0,0.5,8,21.2,0,0,0,0
4232209,1980,7613,1978,"NO","",,5,16,219,4,49,4,1,0.5,0,0,10,19.25,,,,
4232435,1980,7620,1978,"NO","",574900,3,2,26,6,63,5,8,0.6,0.7188,0.6667,11.5,22,0,0,0.125,0.125
4234270,1980,7627,1979,"NO","",40360,3,8,405,6,64,5,12,0.6,0.2917,0,9.5833,18.6,0,0,0,0
4235300,1980,7634,1979,"NO","",41715,3,7,180,5,55,6,1,0.1667,0,0,1,43.6667,0,0,0,0
4236731,1980,7641,1979,"NO","",384505,3,8,462,6,69,4,11,1,0.5785,0.375,8,3.5,0,0,0,0
4237111,1980,7641,1978,"NO","",407450,3,4,423,1,19,0,0,,,,,,,,,
4237463,1980,7641,1978,"NO","",39935,3,11,370,2,21,6,5,1,0.32,0.5,10.2,6,0,0,0,0
4238467,1980,7648,1979,"NO","",,1,3,423,1,19,0,8,,0.6563,,13.875,,,,,
4238634,1980,7648,1979,"NO","",170630,3,5,373,6,66,3,4,0,0,,10,21.3333,0,0,0,0
4239417,1980,7655,1978,"NO","",40360,3,10,405,6,64,4,0,1,,0.625,,7,0,0,,
4239719,1980,7655,1977,"NO","",544075,3,5,264,5,51,13,0,0.5385,,0.6531,,24.1538,0,0,,
4241153,1980,7662,1978,"NO","",570,3,27,430,1,19,3,3,1,0.4444,0,9.3333,6.3333,0,0,0,0
4242010,1980,7669,1978,"NO","",272450,3,10,405,6,64,9,7,0.3333,0,0,12.7143,35.8889,0,0,0,0
4243380,1981,7676,1979,"NO","",,1,2,432,6,66,9,0,0.7778,,0.7347,,16.6667,,,,
4245133,1981,7683,1979,"NO","",170630,3,10,373,6,66,1,0,1,,0,,4,0,0,,
4245748,1981,7690,1978,"NO","",386280,3,4,220,6,68,10,8,0.9,0.5938,0.716,11.75,13.9,0,0,0,0
4246266,1981,7690,1978,"NO","",412805,3,32,514,3,31,0,3,,0.6667,,12.3333,,,,0,0
4246781,1981,7697,1979,"NO","",299610,3,8,73,4,43,1,0,1,,0,,7,0,0,,
4246835,1981,7697,1978,"NO","",407445,3,15,99,6,61,6,3,0.1667,0.4444,0,12.3333,41.3333,0,0,0,0
4247306,1981,7697,1979,"NO","",170630,3,1,451,5,51,9,4,0.6667,0.625,0.7222,11.25,15.1111,0,0,0,0
4248153,1981,7704,1978,"NO","",40575,3,6,102,1,19,3,0,1,,0,,10.3333,0,0,,
4249610,1981,7711,1978,"NO","",492940,2,28,166,6,64,13,3,0.6923,0.6667,0.7654,14,15.5385,0,0,0,0
4250113,1981,7711,1979,"NO","",412805,3,4,564,1,14,2,49,1,0.5923,0.5,12.7347,6.5,1,1,0.0204,0.0204
4250583,1981,7718,1979,"NO","",,1,4,114,5,55,3,1,0.6667,0,0.5,7,12,,,,
4253165,1981,7725,1979,"NO","",,1,3,367,2,21,4,11,1,0.4463,0.375,7.4545,9.5,,,,
4253536,1981,7732,1979,"NO","",,1,9,180,5,55,4,3,0.75,0.4444,0.4444,7.6667,10.75,,,,
4254298,1981,7732,1978,"NO","",170630,3,1,373,6,66,3,3,0.6667,0,0,4.3333,9.6667,0,0,0,0
4255066,1981,7739,1978,"NO","",505480,3,12,405,6,64,3,0,0,,,,38.3333,0,0,,
4256336,1981,7746,1979,"NO","",,1,4,294,5,59,8,1,0.25,0,0.5,10,59.25,,,,
4257336,1981,7753,1979,"NO","",418620,3,7,110,6,66,4,0,0.75,,0.4444,,10,0,0,,
4257717,1981,7753,1977,"NO","",282100,2,3,405,6,64,8,2,0.875,0.5,0.8163,15.5,12.25,0,0,0,0
4258862,1981,7760,1979,"NO","",,1,1,222,1,19,7,2,0.4286,0.5,0.4444,16,43.8571,,,,
4260601,1981,7767,1979,"NO","",412805,3,9,514,3,31,0,3,,0,,7.6667,,,,0,0
4261663,1981,7774,1978,"NO","",,1,2,400,5,59,7,11,0.5714,0.4298,0.5,14.8182,21,,,,
4261778,1981,7774,1979,"NO","",40800,3,2,156,1,19,14,9,1,0.5185,0.3571,8.8889,8.7143,0,0,0,0
4262462,1981,7781,1978,"NO","",40760,3,7,52,6,69,3,0,0,,,,53.6667,0,0,,
4265567,1981,7795,1978,"NO","",39425,3,5,405,6,64,7,3,0.8571,0,0.7222,11.6667,10.4286,0,0,0,0
4265648,1981,7795,1979,"NO","",,1,3,55,1,13,4,3,0.75,0.4444,0.4444,12.6667,17.25,,,,
4265676,1981,7795,1979,"NO","",407450,3,10,148,5,52,1,4,1,0.625,0,7.75,4,0,0,0,0
4266114,1981,7795,1979,"NO","",296875,3,3,219,4,49,4,3,0.25,0.4444,0,10,30,0,0,0,0
4266316,1981,7802,1979,"NO","",35945,3,3,15,6,69,2,3,0,0.6667,,13.6667,51,0,0,0,0
4266496,1981,7802,1980,"NO","",39585,3,9,114,5,55,3,0,1,,0.4444,,11,0,0,,
4267775,1981,7809,1978,"NO","",40575,3,1,102,1,19,6,0,0.6667,,0.625,,12.6667,0.25,0.1667,,
4267929,1981,7809,1979,"NO","",590125,3,10,229,6,68,3,0,0.3333,,0,,34,0,0,,
4269219,1981,7816,1979,"NO","",,1,1,137,6,69,4,6,0.25,0.7778,0,8,22.25,,,,
4269247,1981,7816,1979,"NO","",407450,3,5,383,6,68,3,14,1,0.4694,0,7.5,13.3333,0,0,0.5714,0.5714
4269430,1981,7816,1979,"NO","",,1,18,280,5,55,3,2,0.6667,0,0,4,12,,,,
4269538,1981,7816,1978,"NO","",517695,3,6,405,6,64,7,7,0.8571,0.2449,0.6111,12.4286,11.4286,0,0,0,0
4270914,1981,7823,1979,"NO","",71780,3,4,8,1,11,3,4,1,0.75,0.4444,5,6.6667,1,0.3333,0,0
4271553,1981,7830,1979,"NO","",39545,3,11,114,5,55,7,6,0.4286,0.4444,0.4444,6.6667,36.4286,0,0,0,0
4271612,1981,7830,1980,"NO","",318735,3,3,37,6,64,10,0,0.5,,0.32,,43.2,0,0,,
4272577,1981,7837,1978,"NO","",29365,3,13,428,6,69,9,14,0.7778,0.6735,0.2449,11.2143,12.4444,0,0,0,0
4273235,1981,7837,1979,"NO","",579835,3,6,198,5,59,5,5,0.6,0.56,0.4444,7.6,23.8,0,0,0,0
4273370,1981,7837,1979,"NO","",,1,9,294,5,59,6,5,1,0,0.2778,16.2,5,,,,
4274184,1981,7844,1978,"NO","",,1,20,254,5,59,10,6,0.3,0.5,0.6667,14.5,42.1,,,,
4277102,1981,7858,1979,"NO","",282100,2,8,297,6,65,9,32,0.2222,0.2285,0.5,13.9063,58.1111,0,0,0,0
4277905,1981,7865,1979,"NO","",418620,3,10,43,6,61,3,9,1,0,0,6.8889,5.6667,0.5,0.3333,1,0.1111
4277909,1981,7865,1979,"NO","",,1,8,446,6,62,8,2,0,0.5,,7,56.125,,,,
4278355,1981,7865,1979,"NO","",,1,8,366,1,19,2,6,0.5,0.6111,0,15.5,18,,,,
4278496,1981,7865,1979,"NO","",390765,3,11,162,1,19,6,28,0.8333,0.0689,0.32,13.6786,8.5,0.2,0.1667,0.0357,0.0357
4278654,1981,7865,1979,"NO","",412805,3,10,424,3,31,3,5,1,0.56,0.4444,10.2,5.3333,0,0,0,0
4279171,1981,7872,1979,"NO","",,1,4,74,5,59,10,2,0.4,0,0.375,6.5,23.1,,,,
4279462,1981,7872,1979,"NO","",505480,3,17,359,5,54,2,0,1,,0,,6.5,0.5,0.5,,
4279529,1981,7872,1979,"NO","",407450,3,12,403,6,67,3,2,1,0,0.4444,5,10,0,0,0,0
4279694,1981,7872,1979,"NO","",390765,3,5,162,1,19,1,27,1,0.0713,0,13.6667,3,1,1,0,0
4280016,1981,7872,1979,"NO","",282100,2,5,174,4,41,6,1,0.5,0,0,5,25.8333,0,0,1,1
4280172,1981,7872,1979,"NO","",,1,10,362,4,42,3,5,1,0,0,6,5.6667,,,,
4282050,1981,7886,1979,"NO","",286240,3,1,156,1,19,4,8,1,0.2188,0,8.5,3.75,0,0,0,0
4282189,1981,7886,1980,"NO","",,1,13,423,1,19,5,0,1,,0.72,,9.4,,,,
4283357,1981,7893,1980,"NO","",588215,3,8,261,1,19,8,13,0.25,0.7574,0,10.5385,28.5,0,0,0,0
4286631,1981,7914,1979,"NO","",,1,3,139,6,63,4,6,1,0.5,0.375,11.8333,2.75,,,,
4287688,1981,7921,1976,"NO","",,5,4,451,5,51,6,7,0.1667,0.2449,0,10,32,,,,
4288396,1981,7921,1980,"NO","",,1,5,261,1,19,10,17,0.8,0.7266,0.6563,10.7059,16.2,,,,
4289949,1981,7928,1979,"NO","",515890,3,8,219,4,49,6,3,1,0,0.2778,9.6667,9.6667,0,0,0,0
4290157,1981,7935,1979,"NO","",,1,8,114,5,55,14,6,0.5714,0,0.6875,15.5,27.5714,,,,
4293143,1981,7949,1977,"NO","",6620,3,2,280,5,55,5,0,0.6,,0,,24,0,0,,
4293183,1981,7949,1979,"NO","",505480,3,3,359,5,54,4,0,1,,0,,9,0,0,,
4295895,1981,7963,1980,"NO","",407450,3,8,134,6,69,8,3,0.75,0.4444,0.5,8.3333,16.125,0,0,0.5,0.3333
4297326,1981,7970,1980,"NO","",170630,3,1,423,1,19,6,1,0.6667,0,0,2,21.1667,0,0,0,0
4297327,1981,7970,1980,"NO","",170630,3,4,423,1,19,7,3,0.4286,0.4444,0,8.6667,31.7143,0,0,0,0
4297483,1981,7970,1979,"NO","",407450,3,2,528,1,15,3,1,1,0,0,11,3.3333,0,0,0,0
4297960,1981,7977,1979,"NO","",386280,3,3,114,5,55,9,0,0.5556,,0.64,,15.5556,0.25,0.1111,,
4298430,1981,7977,1978,"NO","",495870,3,15,376,4,44,12,17,0.75,0.3945,0.6914,6.3529,12.75,0,0,0,0
4298921,1981,7977,1979,"NO","",288400,3,11,362,4,42,3,2,0.6667,0,0,5.5,14.3333,0,0,1,0.5
4299399,1981,7984,1979,"NO","",39795,3,5,277,6,67,7,5,1,0.32,0,10.4,9,0.2,0.1429,0,0
4299412,1981,7984,1977,"NO","",475730,3,10,285,6,67,13,9,0.8462,0.7407,0.7273,10.3333,12.6923,0,0,0,0
4300707,1981,7991,1979,"NO","",,1,7,224,6,68,4,16,0.75,0.4922,0,12.125,11,,,,
4300969,1981,7991,1980,"NO","",185480,2,3,156,1,19,4,13,1,0.426,0.75,11.1538,9,0,0,0.0769,0.0769
4301339,1981,7991,1979,"NO","",407450,3,8,218,4,49,5,0,0.4,,0.5,,23.8,0,0,,
4301606,1981,7998,1979,"NO","",397210,3,5,37,6,64,6,5,1,0.32,0,10.2,4.5,0,0,0,0
4301748,1981,7998,1980,"NO","",418620,3,6,110,6,66,6,0,0.8333,,0.72,,10.5,0,0,,
4302130,1981,7998,1979,"NO","",,1,6,405,6,64,9,0,0.8889,,0.5313,,8.2222,,,,
4303022,1981,8005,1980,"NO","",418620,3,3,110,6,66,9,1,0.6667,0,0.2778,5,19.7778,0,0,0,0
4303078,1981,8005,1980,"NO","",472730,3,4,460,6,61,8,4,0.375,0.375,0.4444,7,38.75,0,0,0,0
4304013,1981,8012,1979,"NO","",78985,3,4,4,6,65,11,0,0.7273,,0.7813,,18.6364,0,0,,
4304050,1981,8012,1979,"NO","",71780,3,6,34,1,19,3,0,0.3333,,0,,23.6667,0,0,,
4304188,1981,8012,1980,"NO","",,1,4,109,6,69,6,1,0.6667,0,0.375,2,20.6667,,,,
4304191,1981,8012,1979,"NO","",,1,2,114,5,55,3,0,0.3333,,0,,38.3333,,,,
4304506,1981,8012,1979,"NO","",40360,3,12,405,6,64,4,2,1,0,0.375,5,6.25,0,0,0,0
4305384,1981,8019,1979,"NO","",40700,3,2,126,6,66,18,3,1,0,0.1049,3.6667,3.2778,0,0,0,0
4305571,1981,8019,1979,"NO","",306535,3,4,254,5,59,3,4,1,0.375,0.6667,10,6.3333,0,0,0,0
4307477,1981,8033,1979,"NO","",40815,3,8,5,6,65,4,7,0.25,0,0,9.8571,58.5,0,0,0,0
4307870,1981,8033,1980,"NO","",170615,3,9,254,5,59,5,0,0.2,,0,,34.6,0,0,,
4308101,1981,8033,1979,"NO","",485,3,19,376,4,44,11,1,1,0,0.5455,2,9.6364,0,0,0,0
4308116,1981,8033,1980,"NO","",407450,3,7,205,1,19,5,2,0,0,,9,42.2,0,0,0,0
4308176,1981,8033,1980,"NO","",407450,3,6,502,1,19,3,7,1,0.6122,0.4444,6.2857,11.3333,0,0,0.1429,0.1429
4308718,1982,8040,1978,"NO","",,1,1,60,4,45,2,4,1,0.625,0.5,7.5,8.5,,,,
4309794,1982,8047,1980,"NO","",199230,3,5,452,6,61,5,2,0.8,0.5,0.375,8.5,15.4,0,0,0,0
4310052,1982,8047,1980,"NO","",40360,3,9,166,6,64,10,5,0.8,0.32,0.5938,7.2,14,0,0,0,0
4312054,1982,8054,1980,"NO","",515890,3,2,367,2,21,4,1,0.75,0,0.4444,11,12.25,0,0,0,0
4312147,1982,8061,1980,"NO","",,1,4,43,6,61,8,4,0.625,0,0.64,5,15.875,,,,
4312170,1982,8061,1979,"NO","",606985,3,3,53,6,68,4,2,0.75,0,0.4444,11.5,16.5,0,0,0,0
4314739,1982,8075,1979,"NO","",505480,3,9,359,5,54,1,0,1,,0,,9,0,0,,
4314846,1982,8075,1979,"NO","",,1,5,75,5,52,1,0,0,,,,21,,,,
4314954,1982,8075,1979,"NO","",51080,3,10,264,5,51,11,5,0.8182,0.56,0.6173,8.2,14.5455,0,0,0,0
4315469,1982,8082,1980,"NO","",,1,6,110,6,66,9,2,0.7778,0.5,0.7347,5,17.6667,,,,
4315702,1982,8082,1979,"NO","",414220,3,12,405,6,64,12,2,1,0,0.4028,9,8.0833,0,0,0,0
4316620,1982,8089,1979,"NO","",,1,1,280,5,55,0,1,,0,,13,,,,,
4316725,1982,8089,1980,"NO","",39425,3,11,95,1,13,6,6,0.3333,0.6667,0.5,10.6667,45.6667,0,0,0,0
4316788,1982,8089,1980,"NO","",35945,3,7,204,1,19,6,0,1,,0.4444,,3.8333,0.1667,0.1667,,
4317413,1982,8096,1980,"NO","",41080,3,5,102,1,19,3,0,0.6667,,0,,18.3333,0,0,,
4317853,1982,8096,1980,"NO","",286240,3,18,428,6,69,7,4,0.4286,0.5,0.4444,13.5,18,0.6667,0.2857,0,0
4318526,1982,8103,1979,"NO","",,1,5,248,6,69,4,4,0.75,0.5,0,8.25,28.75,,,,
4320908,1982,8117,1980,"NO","",40740,3,5,280,5,55,3,3,1,0,0,5.6667,4.3333,0,0,0,0
4321720,1982,8124,1979,"NO","",,1,7,441,6,69,8,17,0.875,0.4429,0.6531,9.1176,9.5,,,,
4323386,1982,8131,1981,"NO","",407450,3,6,71,1,11,3,0,1,,0.4444,,3.6667,0,0,,
4324305,1982,8138,1980,"NO","",,1,10,180,5,55,4,1,1,0,0.625,12,7.25,,,,
4324859,1982,8138,1979,"NO","",,1,65,435,3,33,4,17,1,0.7197,0.375,12.4706,7.75,,,,
4327656,1982,8159,1979,"NO","",,1,9,114,5,55,3,1,0,0,,4,63.3333,,,,
4328787,1982,8166,1979,"NO","",385910,3,21,126,6,66,11,2,0.3636,0.5,0.625,10.5,34.4545,0,0,0,0
4328991,1982,8166,1980,"NO","",,1,7,297,6,65,8,16,0.75,0,0.2778,6.5,13.5,,,,
4330346,1982,8173,1980,"NO","",159870,3,6,149,1,19,1,2,1,0.5,0,3,15,0,0,0,0
4332016,1982,8180,1980,"NO","",579835,3,4,367,2,21,8,23,1,0.6843,0.5938,8.4783,10.25,0,0,0,0
4332571,1982,8187,1978,"NO","",,1,7,440,5,55,8,1,0.375,0,0.4444,11,29.125,,,,
4332592,1982,8187,1979,"NO","",,1,7,23,1,19,3,6,0.6667,0.4444,0.5,8,16,,,,
4334562,1982,8201,1980,"NO","",40700,3,3,144,5,51,3,2,1,0,0,10,3,0,0,0,0
4336014,1982,8208,1980,"NO","",475730,3,13,425,5,51,4,5,1,0.56,0,5.2,7.5,0,0,0,0
4336030,1982,8208,1979,"NO","",,1,8,23,1,19,3,0,0.6667,,0.5,,16,,,,
4336173,1982,8208,1980,"NO","",515890,3,32,523,1,15,9,36,0.7778,0.8673,0.7755,9.9167,11.2222,0.1667,0.1111,0.0278,0.0278
4336764,1982,8215,1979,"NO","",386280,3,3,114,5,55,5,0,0.4,,0.5,,26.4,0,0,,
4337128,1982,8215,1981,"NO","",170615,3,14,205,1,19,10,15,1,0.7022,0.46,4.4,6.2,0,0,0.0909,0.0667
4337230,1982,8215,1981,"NO","",2785,3,9,423,1,19,4,2,1,0,0.375,10.5,8.75,0,0,0,0
4341752,1982,8243,1981,"NO","",407450,3,5,423,1,19,2,3,0.5,0.6667,0,7.3333,20.5,0,0,0,0
4341959,1982,8243,1980,"NO","",323860,3,16,290,4,45,4,1,1,0,0.75,10,7.75,0,0,0,0
4343211,1982,8257,1980,"NO","",574900,3,6,83,5,51,2,2,1,0.5,0.5,7,15,0,0,0,0
4343352,1982,8257,1980,"NO","",40810,3,3,165,6,66,5,3,0.4,0.4444,0,5,17.2,0,0,0,0
4343486,1982,8257,1980,"NO","",,1,5,280,5,55,3,1,0.3333,0,0,9,23,,,,
4343562,1982,8257,1979,"NO","",39425,3,11,403,6,67,4,5,1,0.48,0,8.2,9.25,0,0,0,0
4345861,1982,8271,1979,"NO","",,1,4,410,5,55,4,6,1,0.7778,0.625,9.6667,7.75,,,,
4346808,1982,8278,1979,"NO","",581670,3,14,212,5,59,3,3,0.6667,0.6667,0.5,13.6667,31,0,0,0,0
4348960,1982,8292,1980,"NO","",623880,3,2,104,5,55,4,3,0.5,0.6667,0,9.6667,15.5,0,0,0,0
4349060,1982,8292,1981,"NO","",170615,3,7,152,5,55,3,1,0.3333,0,0,9,31.6667,0,0,0,0
4349390,1982,8292,1980,"NO","",407450,3,8,148,5,52,4,1,0,0,,13,40.75,0,0,0,0
4352574,1982,8313,1979,"NO","",205010,3,1,366,1,19,5,0,0.6,,0.6667,,17.6,0.5,0.2,,
4353301,1982,8320,1980,"NO","",41080,3,2,102,1,19,5,6,0.6,0.2778,0.4444,9.5,24.2,0,0,0.1667,0.1667
4353302,1982,8320,1980,"NO","",41080,3,12,102,1,19,9,16,0.4444,0.1172,0,7.8125,29.6667,0.3333,0.1111,0,0
4354886,1982,8327,1981,"NO","",282100,2,6,156,1,19,7,2,0.8571,0,0.6667,5.5,15,0,0,0,0
4356596,1982,8341,1979,"NO","",587340,3,7,452,6,61,2,1,0.5,0,0,4,17,0,0,0,0
4357882,1982,8348,1980,"NO","",159870,3,10,109,6,69,5,0,0.6,,0.6667,,11.6,0,0,,
4357892,1982,8348,1980,"NO","",,1,3,114,5,55,3,2,0.6667,0.5,0,13,31.6667,,,,
4359014,1982,8355,1981,"NO","",,1,9,119,6,61,10,4,0.9,0,0,13.75,12.3,,,,
4359835,1982,8362,1981,"NO","",,1,5,43,6,61,3,1,1,0,0,11,3,,,,
4360599,1982,8362,1981,"NO","",101491,2,15,501,1,19,2,6,1,0.5,0,4.6667,9.5,1,1,0.5,0.5
4361072,1982,8369,1980,"NO","",,1,3,89,5,59,3,2,0.3333,0.5,0,15.5,54.3333,,,,
4361918,1982,8376,1979,"NO","",,1,7,5,6,65,14,4,0.7143,0,0.34,12.25,18,,,,
4362287,1982,8376,1980,"NO","",40575,3,4,248,6,69,7,1,0.5714,0,0.375,5,26.8571,0,0,0,0
4362438,1982,8376,1980,"NO","",39425,3,4,405,6,64,10,6,1,0,0.74,8.3333,7.2,0,0,0,0
4363947,1982,8383,1981,"NO","",282100,2,2,219,4,49,10,8,0.3,0.2188,0.6667,5.75,23.6,0,0,0,0
4364477,1982,8390,1978,"NO","",,1,4,206,6,68,8,9,0.75,0.7901,0.4444,11.5556,13.875,,,,
4364606,1982,8390,1980,"NO","",,1,8,297,6,65,4,0,1,,0.375,,8.5,,,,
4365485,1982,8397,1981,"NO","",40015,3,8,62,6,69,7,2,0.5714,0,0,8.5,17,0,0,0,0
4367215,1983,8404,1980,"NO","",170615,3,8,423,1,19,6,2,0.8333,0.5,0.72,10.5,13,0,0,0,0
4368894,1983,8418,1981,"NO","",475740,3,9,277,6,67,6,16,1,0.7344,0.5,6.9375,12.8333,0,0,0,0
4369538,1983,8425,1980,"NO","",,1,5,14,6,69,12,6,0.9167,0.5,0.5455,13.5,9.1667,,,,
4371347,1983,8432,1980,"NO","",,1,5,440,5,55,8,4,0.125,0,0,11.25,45.625,,,,
4371624,1983,8432,1980,"NO","",,1,8,435,3,33,5,10,0.6,0.74,0.4444,10.5,20.8,,,,
4373332,1983,8446,1980,"NO","",41840,3,12,60,4,45,7,2,0.8571,0.5,0.6667,12.5,11.2857,0,0,0,0
4375960,1983,8467,1981,"NO","",170615,3,6,432,6,66,6,0,0.8333,,0.8,,23.8333,0,0,,
4376083,1983,8467,1981,"NO","",159870,3,15,264,5,51,4,9,0.75,0.5926,0,7.6667,10.75,0,0,0,0
4376326,1983,8474,1981,"NO","",239200,3,9,452,6,61,4,1,0.75,0,0,8,13.25,0,0,0,0
4376381,1983,8474,1980,"NO","",170615,3,3,70,6,65,1,3,1,0,0,11,18,0,0,0,0
4376602,1983,8474,1980,"NO","",35945,3,1,406,5,59,3,3,0.3333,0.6667,0,4.6667,21.3333,0,0,0,0
4376702,1983,8474,1981,"NO","",,1,7,210,1,19,13,9,0.8462,0.3704,0.314,8.2222,13.1538,,,,
4377309,1983,8481,1979,"NO","",,1,16,297,6,65,24,12,0.5417,0.4167,0.7692,8.8333,21.5,,,,
4377987,1983,8488,1981,"NO","",,1,8,119,6,61,4,8,0.75,0,0,9.875,12.5,,,,
4378179,1983,8488,1981,"NO","",186585,2,14,405,6,64,9,16,0.8889,0.1172,0.4063,8.25,17,0.4,0.2222,0.3333,0.3125
4378745,1983,8495,1980,"NO","",407450,3,8,110,6,66,3,2,1,0,0,10,6.3333,0,0,0,0
4379849,1983,8502,1980,"NO","",,1,5,436,1,19,2,4,1,0.625,0,10.25,6,,,,
4380408,1983,8509,1981,"NO","",101491,2,9,405,6,64,7,5,1,0.48,0.6939,4,8.1429,1,0.5714,0.4,0.4
4380858,1983,8516,1980,"NO","",41080,3,4,29,5,52,4,1,1,0,0.625,5,4,0,0,0,0
4382073,1983,8523,1981,"NO","",170615,3,2,423,1,19,5,1,0.8,0,0.375,5,18.4,0,0,0,0
4382524,1983,8530,1979,"NO","",386280,3,1,220,6,68,6,1,0.3333,0,0,16,29,0.5,0.1667,0,0
4383564,1983,8537,1980,"NO","",,1,11,383,6,68,11,5,0.5455,0.56,0.7778,11.6,27.3636,,,,
4384427,1983,8544,1980,"NO","",,1,2,43,6,61,5,7,0.8,0.4082,0.75,5.5714,14.8,,,,
4384465,1983,8544,1980,"NO","",170630,3,4,70,6,65,5,10,0.4,0.46,0.5,11.1,43.8,0,0,0,0
4384642,1983,8544,1981,"NO","",587340,3,3,198,5,59,5,0,0.2,,0,,24.8,0,0,,
4385074,1983,8544,1981,"NO","",410585,3,9,426,6,61,32,8,0.4688,0.375,0,9.625,21.4063,0,0,0,0
4385751,1983,8551,1981,"NO","",35945,3,3,266,5,52,3,0,0.3333,,0,,44.6667,0,0,,
4385931,1983,8551,1981,"NO","",407450,3,9,75,5,52,3,4,0.3333,0.625,0,12.75,26,0,0,0,0
4385935,1983,8551,1981,"NO","",170615,3,4,106,1,12,4,11,1,0.4959,0,10.0909,8.75,0,0,0.0909,0.0909
4386874,1983,8558,1980,"NO","",39425,3,6,405,6,64,5,2,1,0,0.56,5,9,0,0,0,0
4388923,1983,8572,1981,"NO","",,1,9,604,3,32,4,5,0.75,0.64,0.4444,11.6,25.75,,,,
4389830,1983,8579,1981,"NO","",,1,7,52,6,69,10,0,0.4,,0.625,,33.2,,,,
4390423,1983,8579,1981,"NO","",416840,3,8,210,1,19,7,5,0.5714,0,0.375,8,18.2857,0,0,0.25,0.2
4391197,1983,8586,1980,"NO","",41080,3,3,102,1,19,9,4,0.7778,0,0,6.5,20.4444,0,0,0,0
4392088,1983,8586,1981,"NO","",,1,5,315,4,42,4,1,1,0,0.375,9,9,,,,
4392274,1983,8593,1981,"NO","",,1,8,452,6,61,6,6,1,0,0,9.5,6.3333,,,,
4393910,1983,8600,1981,"NO","",407450,3,3,383,6,68,7,8,1,0.4063,0.2449,7.375,3,0.5,0.4286,0.5,0.375
4394168,1983,8600,1981,"NO","",41080,3,9,420,5,52,1,5,1,0.56,0,10.6,5,0,0,0,0
4394267,1983,8600,1982,"NO","",305015,2,12,210,1,19,4,0,1,,0.5,,9.75,0,0,,
4395010,1983,8607,1981,"NO","",560255,3,6,248,6,69,8,19,0.625,0.2825,0.56,4.0526,26.25,0,0,0,0
4395406,1983,8607,1980,"NO","",412805,3,9,514,3,31,4,12,1,0.4444,0.375,7,9.25,0,0,0.0833,0.0833
4396597,1983,8614,1981,"NO","",412805,3,9,424,3,31,6,5,1,0.64,0.6111,8.2,4.5,0.3333,0.3333,0,0
4399140,1983,8628,1981,"NO","",412805,3,10,514,3,31,4,5,1,0.48,0.375,2.6,6.75,0,0,0.75,0.6
4400891,1983,8642,1981,"NO","",407450,3,16,34,1,19,2,0,1,,0.5,,13,0,0,,
4400994,1983,8642,1981,"NO","",323940,3,3,74,5,59,5,7,0.8,0.7347,0.625,7.7143,10.4,0,0,0,0
4403517,1983,8656,1981,"NO","",282760,3,10,73,4,43,10,5,0.6,0,0.2778,9.8,21.4,0,0,0,0
4403639,1983,8656,1981,"NO","",,1,2,152,5,55,5,1,0.6,0,0.4444,1,27.4,,,,
4405855,1983,8663,1980,"NO","",192910,3,6,219,4,49,3,7,1,0.6122,0.4444,9.1429,6,0,0,0,0
4407087,1983,8677,1981,"NO","",418620,3,5,43,6,61,4,4,1,0,0.625,3.75,4.5,0.5,0.5,0,0
4408877,1983,8684,1980,"NO","",179245,3,10,356,4,43,2,4,1,0.375,0,8,6,0,0,0,0
4416061,1983,8726,1981,"NO","",282100,2,7,29,5,52,4,1,0.5,0,0,16,20,0,0,0,0
4416565,1983,8726,1981,"NO","",,1,15,210,1,19,5,2,1,0,0.56,6.5,6.6,,,,
4417345,1983,8726,1981,"NO","",170615,3,7,373,6,66,1,0,0,,,,22,0,0,,
4417878,1983,8733,1981,"NO","",386280,3,5,440,5,55,4,1,0.75,0,0.4444,14,25.5,0,0,0,0
4418230,1983,8733,1982,"NO","",14955,3,13,568,1,14,3,9,1,0,0,7.8889,6,0,0,0,0
4418491,1983,8740,1979,"NO","",,1,2,43,6,61,10,2,0.7,0.5,0.6939,6,19,,,,
4419056,1983,8740,1981,"NO","",282100,2,20,417,5,53,6,5,0.6667,0.32,0.375,6.2,18.6667,0,0,0,0
4420004,1983,8747,1981,"NO","",,1,3,134,6,69,5,5,0.8,0,0,13.2,13.8,,,,
4420021,1983,8747,1981,"NO","",407450,3,9,141,5,51,2,3,0.5,0.4444,0,6.3333,14,0,0,1,1
4421369,1983,8754,1981,"NO","",,1,10,439,4,41,7,11,0.5714,0,0,9.8182,17.2857,,,,
4421551,1983,8754,1982,"NO","",407450,3,21,75,5,52,3,2,1,0.5,0.4444,2,2,0,0,0,0
4421612,1983,8754,1981,"NO","",276660,3,17,205,1,19,5,0,1,,0.56,,5.8,0,0,,
4421616,1983,8754,1981,"NO","",170615,3,5,205,1,19,2,7,1,0.4082,0.5,4.5714,8,0,0,0,0
4421649,1983,8754,1981,"NO","",407450,3,10,210,1,19,2,7,1,0.2449,0.5,7.1429,5,0,0,0,0
4422529,1983,8761,1981,"NO","",357825,3,3,184,5,59,5,1,0.6,0,0,3,24,0,0,0,0
4423047,1983,8761,1981,"NO","",412805,3,13,514,3,31,3,4,0.6667,0,0.5,12,15.3333,0,0,0,0
4423697,1984,8768,1981,"NO","",593380,3,7,114,5,55,5,1,0.8,0,0.375,3,15.4,0,0,0,0
4423866,1984,8768,1981,"NO","",,1,5,482,5,59,6,4,0.6667,0,0.375,10.25,30.8333,,,,
4424584,1984,8768,1981,"NO","",170615,3,15,373,6,66,1,2,0,0,,12,60,0,0,0,0
