4425165,1984,8775,1982,"NO","",101491,2,7,106,1,12,4,5,1,0.72,0.375,7.4,1.25,1,1,0,0
4425167,1984,8775,1982,"NO","",101491,2,4,106,1,12,3,5,1,0.48,0,6.6,4,0.6667,0.6667,0,0
4425297,1984,8775,1981,"NO","",495875,2,4,376,4,44,5,5,1,0.32,0.32,4.6,8,0.2,0.2,0.25,0.2
4426154,1984,8782,1981,"NO","",179245,3,6,356,4,43,10,7,1,0.449,0.58,8.4286,8.7,0,0,0,0
4426256,1984,8782,1982,"NO","",390765,3,9,162,1,19,7,16,0.7143,0.1172,0.32,11.0625,17.4286,0.5,0.2857,0,0
4426674,1984,8782,1981,"NO","",,1,11,361,4,45,5,3,0.4,0.4444,0.5,10,26.8,,,,
4426949,1984,8789,1981,"NO","",,1,4,114,5,55,2,0,0.5,,0,,34.5,,,,
4427033,1984,8789,1981,"NO","",282100,2,11,138,6,67,7,9,0.5714,0.7407,0,8.8889,42.8571,0,0,0,0
4428714,1984,8796,1981,"NO","",40575,3,20,415,5,53,13,5,0.6923,0.32,0.1975,7.2,18.8462,0,0,0,0
4429486,1984,8803,1982,"NO","",377395,3,20,446,6,62,10,2,0.1,0.5,0,10,42.3,0,0,0,0
4431042,1984,8810,1982,"NO","",407455,3,4,152,5,55,3,0,0.6667,,0,,24.6667,1,0.3333,,
4431346,1984,8810,1980,"NO","",,1,8,405,6,64,9,2,1,0,0,8.5,8.1111,,,,
4432859,1984,8817,1982,"NO","",,1,3,204,1,19,4,2,1,0,0.625,3,3.75,,,,
4434496,1984,8824,1981,"NO","",,1,8,373,6,66,2,0,0,,,,38.5,,,,
4435815,1984,8831,1982,"NO","",170615,3,13,373,6,66,2,4,1,0.75,0.5,4.5,9,0,0,0,0
4435817,1984,8831,1981,"NO","",170615,3,8,373,6,66,1,2,1,0.5,0,5,16,0,0,0,0
4435887,1984,8838,1982,"NO","",41080,3,2,29,5,52,5,2,0.4,0.5,0,3,38,0,0,0,0
4436034,1984,8838,1981,"NO","",41080,3,2,102,1,19,7,7,0.7143,0,0,10.4286,15.8571,0.25,0.1429,0,0
4436035,1984,8838,1982,"NO","",41080,3,5,102,1,19,9,4,0.5556,0,0.32,7,30,0.25,0.1111,0,0
4438516,1984,8845,1981,"NO","",170615,3,13,373,6,66,7,1,0,0,,5,49.1429,0,0,0,0
4438691,1984,8852,1982,"NO","",546845,3,10,100,5,59,1,2,0,0.5,,6.5,33,0,0,0.5,0.5
4438879,1984,8852,1982,"NO","",560255,3,3,226,5,51,5,5,0.6,0.56,0.6667,10.4,16.4,0,0,0.2,0.2
4439067,1984,8852,1981,"NO","",139585,3,4,405,6,64,3,2,0.3333,0,0,7.5,20.6667,0,0,0,0
4439396,1984,8852,1981,"NO","",495875,2,14,376,4,44,8,11,0.625,0.7769,0.56,6.7273,20,0,0,0.125,0.0909
4441730,1984,8866,1981,"NO","",,1,5,280,5,55,5,15,0.8,0.32,0,9.8,17,,,,
4441869,1984,8866,1982,"NO","",,1,18,418,5,53,3,2,0.3333,0.5,0,6.5,41.6667,,,,
4442593,1984,8873,1982,"NO","",35945,3,16,29,5,52,7,5,0.5714,0.72,0.75,7.4,17,0,0,0,0
4443131,1984,8873,1982,"NO","",272495,3,10,405,6,64,6,1,0.6667,0,0,5,15.1667,0,0,0,0
4443724,1984,8873,1982,"NO","",597260,6,16,310,4,45,10,2,1,0.5,0.58,4.5,10.6,0,0,0,0
4443879,1984,8873,1983,"NO","",170615,3,6,373,6,66,4,0,1,,0.375,,9,0,0,,
4443914,1984,8880,1982,"NO","",,1,10,24,6,63,3,1,1,0,0.6667,11,12.3333,,,,
4444112,1984,8880,1981,"NO","",41080,3,7,102,1,19,5,4,0.4,0,0,6.5,38,0,0,0,0
4445071,1984,8880,1982,"NO","",260265,2,1,315,4,42,6,0,0.8333,,0.48,,11.3333,0,0,,
4446804,1984,8894,1982,"NO","",386280,3,3,114,5,55,7,7,0.8571,0.4082,0.7222,11.2857,22.7143,0,0,0,0
4447247,1984,8894,1981,"NO","",,1,17,95,1,13,5,1,1,0,0.56,4,9,,,,
4447909,1984,8894,1982,"NO","",512710,3,1,375,2,21,4,3,1,0.4444,0.375,2.3333,4,0,0,0,0
4449456,1984,8908,1982,"NO","",41080,3,9,102,1,19,7,3,0.7143,0,0,5.3333,19.8571,0,0,0,0
4450044,1984,8908,1982,"NO","",390765,3,13,162,1,19,3,28,1,0.0689,0,10.5,7.3333,0.3333,0.3333,0,0
4450689,1984,8915,1982,"NO","",,1,7,60,4,45,6,1,0.8333,0,0,4,17.1667,,,,
4451460,1984,8915,1983,"NO","",406885,3,9,514,3,31,2,6,1,0.7222,0.5,4,9.5,0,0,0.5,0.3333
4452059,1984,8922,1981,"NO","",170615,3,10,70,6,65,5,6,1,0,0.56,9.5,7.6,0,0,0,0
4453330,1984,8929,1982,"NO","",,1,3,43,6,61,3,6,1,0,0,8.6667,8.3333,,,,
4453357,1984,8929,1980,"NO","",505480,3,16,52,6,69,5,16,1,0.5391,0.72,11.5625,11.4,0,0,0,0
4453593,1984,8929,1978,"NO","",574900,3,2,165,6,66,4,5,0.25,0.64,0,14.4,22.5,0,0,0,0
4455710,1984,8943,1982,"NO","",40075,3,6,16,5,59,6,0,0.6667,,0,,21.1667,0,0,,
4455712,1984,8943,1983,"NO","",170615,3,4,452,6,61,7,1,0.5714,0,0,2,27.2857,0,0,0,0
4455778,1984,8943,1982,"NO","",,1,8,43,6,61,3,0,0.6667,,0,,16,,,,
4457128,1984,8950,1982,"NO","",,1,8,57,6,63,6,0,0.3333,,0.5,,45.5,,,,
4458631,1984,8957,1981,"NO","",306535,3,3,114,5,55,3,2,1,0,0.4444,7.5,8.3333,0,0,0,0
4458988,1984,8957,1981,"NO","",407460,3,1,349,1,19,10,4,0.8,0.375,0.75,9.5,16.9,0,0,0,0
4459378,1984,8957,1982,"NO","",515890,3,19,523,1,15,5,36,1,0.7901,0.56,6.8611,5.2,0.5,0.4,0,0
4459802,1984,8964,1981,"NO","",40575,3,6,60,4,45,4,4,0.75,0.625,0.6667,8.75,10,0,0,0,0
4460313,1984,8964,1982,"NO","",40575,3,11,415,5,53,9,6,0.8889,0.6667,0.2188,8.3333,11.6667,0,0,0,0
4462960,1984,8978,1982,"NO","",409265,3,3,420,5,52,1,1,1,0,0,14,5,0,0,0,0
4463987,1984,8985,1981,"NO","",272425,3,4,299,6,64,3,0,0,,,,30,0,0,,
4465569,1984,8992,1983,"NO","",,1,12,205,1,19,2,6,1,0.2778,0.5,3.5,9,,,,
4467845,1984,9006,1982,"NO","",407450,3,13,141,5,51,1,4,1,0,0,6,19,0,0,0.5,0.25
4468286,1984,9006,1983,"NO","",390765,3,6,162,1,19,3,20,0.6667,0.095,0,9.95,18,0.5,0.3333,0,0
4468745,1984,9006,1981,"NO","",583800,3,,702,2,22,9,11,1,0.6612,0.716,8.1818,7,0,0,0,0
4469281,1984,9013,1982,"NO","",407450,3,8,241,5,51,4,3,1,0.4444,0.75,6.6667,7.25,0,0,0,0
4470725,1984,9020,1982,"NO","",272495,3,10,405,6,64,7,8,1,0,0.4082,6.625,8,0,0,0,0
4470948,1984,9020,1981,"NO","",625115,2,16,376,4,44,13,6,1,0.2778,0.6154,4.8333,8.8462,0.1667,0.1538,0.3333,0.3333
4471848,1984,9027,1982,"NO","",582075,2,14,180,5,55,8,4,0.75,0.5,0,7.25,12.5,0,0,0,0
4471975,1984,9027,1982,"NO","",582075,2,13,280,5,55,4,2,0.5,0,0.5,5.5,18,0,0,0,0
4474130,1984,9041,1983,"NO","",,1,9,114,5,55,4,4,0.75,0.375,0.6667,3.25,12.5,,,,
4474523,1984,9041,1982,"NO","",407450,3,6,414,5,51,3,4,0.3333,0,0,4.75,23.3333,0,0,0.5,0.25
4475324,1984,9048,1982,"NO","",323905,3,8,52,6,69,4,2,0.25,0.5,0,7.5,44.25,0,0,0,0
4476503,1984,9048,1982,"NO","",560255,3,14,360,2,24,5,23,1,0.2268,0.32,8.3478,7,0,0,0.3913,0.3913
4478384,1984,9062,1982,"NO","",,1,9,248,6,69,16,0,0.6875,,0.6942,,19.8125,,,,
4478839,1984,9062,1982,"NO","",412805,3,9,514,3,31,2,3,1,0,0.5,4.6667,4,0.5,0.5,0,0
4479151,1984,9062,1982,"NO","",560255,3,10,360,2,24,1,2,1,0,0,13,17,0,0,0,0
4479755,1984,9069,1982,"NO","",40575,3,18,415,5,53,9,10,1,0.18,0.3704,8.4,7.7778,0,0,0,0
4480928,1984,9076,1982,"NO","",170615,3,5,374,4,43,4,3,0.75,0.4444,0.4444,9.6667,13,0,0,0,0
4481637,1984,9076,1983,"NO","",170615,3,12,373,6,66,2,2,0.5,0,0,6.5,28,0,0,0,0
4481747,1984,9083,1982,"NO","",,1,7,52,6,69,8,4,0.875,0.625,0.2449,10.25,15.625,,,,
4481899,1984,9083,1982,"NO","",272450,3,8,114,5,55,13,1,0.6154,0,0.375,8,25.6923,0,0,0,0
4482273,1984,9083,1981,"NO","",,1,19,405,6,64,5,0,0.2,,0,,34.6,,,,
4482317,1984,9083,1982,"NO","",170615,3,6,432,6,66,3,0,0.6667,,0.5,,19.6667,0,0,,
4484516,1984,9097,1982,"NO","",,1,1,99,6,61,3,3,0.3333,0,0,11,26.6667,,,,
4484841,1984,9097,1982,"NO","",272495,3,13,405,6,64,8,1,0.875,0,0.449,5,12.375,0,0,0,0
4486396,1984,9104,1983,"NO","",407450,3,6,423,1,19,7,1,1,0,0.6939,11,9.8571,0,0,0,0
4488138,1984,9111,1982,"NO","",,1,4,337,4,41,5,0,1,,0.32,,14.2,,,,
4488542,1984,9118,1982,"NO","",,1,7,606,3,32,3,26,0,0,,9.0769,41,,,,
4489355,1984,9118,1982,"NO","",560255,3,12,360,2,24,4,10,1,0,0,6.1,6.5,0,0,0.1,0.1
4490897,1985,9132,1982,"NO","",,1,1,29,5,52,20,2,0.7,0,0.5,4.5,18.9,,,,
4491195,1985,9132,1982,"NO","",582075,2,18,187,5,55,8,2,0.75,0.5,0.5,3,18.125,0.1667,0.125,0,0
4491890,1985,9132,1982,"NO","",560255,3,12,360,2,24,6,9,1,0.1975,0,8.5556,6.8333,0,0,0.3333,0.3333
4492007,1985,9139,1983,"NO","",343470,3,17,24,6,63,6,5,1,0.32,0,4.4,3,0,0,0,0
4493337,1985,9146,1982,"NO","",,1,2,137,6,69,4,1,0.25,0,0,13,45.25,,,,
4493368,1985,9146,1982,"NO","",407450,3,8,165,6,66,16,3,0.125,0.4444,0,8.3333,42.75,0,0,0,0
4493519,1985,9146,1978,"NO","",,1,6,439,4,41,3,0,1,,0.4444,,12.3333,,,,
4494475,1985,9153,1982,"NO","",386280,3,18,114,5,55,8,2,0.875,0,0.7347,3,11.75,0,0,0,0
4495714,1985,9160,1983,"NO","",574900,3,7,34,1,19,0,4,,0.375,,12.25,,,,0,0
4495882,1985,9160,1983,"NO","",41045,3,2,114,5,55,7,0,1,,0.7755,,11.5714,0,0,,
4497471,1985,9167,1983,"NO","",39555,3,5,254,5,59,7,11,0.4286,0.6446,0.4444,7.5455,41.8571,0,0,0,0
4499081,1985,9174,1983,"NO","",412805,3,7,514,3,31,5,7,1,0.4082,0.64,6.8571,6,0,0,0,0
4499348,1985,9174,1982,"NO","",,1,5,200,4,41,4,2,1,0.5,0.75,6.5,10.5,,,,
4499670,1985,9181,1983,"NO","",127185,3,7,34,1,19,4,0,0.75,,0.4444,,20,0,0,,
4500369,1985,9181,1983,"NO","",407450,3,9,149,1,19,3,10,1,0.48,0,5.9,3,0,0,0,0
4501274,1985,9188,1982,"NO","",,1,13,606,3,32,5,4,0.4,0.375,0,10,34,,,,
4501956,1985,9188,1981,"NO","",282100,2,12,219,4,49,14,3,0.8571,0.6667,0.7778,8.3333,14.2143,0,0,0,0
4502544,1985,9195,1983,"NO","",323940,3,5,172,6,64,3,1,1,0,0,8,10.3333,0,0,0,0
4504359,1985,9202,1982,"NO","",574900,3,4,162,1,19,3,5,1,0.48,0.6667,12.8,8,0.3333,0.3333,0,0
4506352,1985,9209,1981,"NO","",220640,3,7,367,2,21,10,6,1,0.5,0,5,12,0,0,0.1667,0.1667
4506745,1985,9216,1984,"NO","",62755,3,9,175,6,64,4,4,1,0.625,0.625,8.25,10.25,0,0,0,0
4507129,1985,9216,1982,"NO","",407450,3,4,95,1,13,4,0,0.75,,0.4444,,11.25,0,0,,
4507636,1985,9216,1984,"NO","",393335,3,4,336,4,41,4,0,1,,0,,10,0,0,,
4509657,1985,9230,1982,"NO","",386280,3,8,220,6,68,11,0,0.8182,,0.7407,,20.4545,0,0,,
4509743,1985,9230,1983,"NO","",99290,2,10,482,5,59,8,11,0.75,0.4298,0.7222,6.3636,17.75,0,0,0,0
4513515,1985,9251,1983,"NO","",305005,3,21,34,1,19,4,2,0.75,0,0.4444,11,12.75,0,0,0,0
4513765,1985,9251,1982,"NO","",42410,3,4,137,6,69,5,1,1,0,0.64,7,6.2,0,0,0,0
4514916,1985,9258,1982,"NO","",401540,2,9,36,6,63,17,4,0.9412,0.625,0.375,7.25,10.9412,0,0,0,0
4515282,1985,9258,1984,"NO","",40700,3,1,212,5,59,9,1,0.2222,0,0.5,9,37.2222,0,0,0,0
4515329,1985,9258,1983,"NO","",170615,3,4,242,5,51,7,5,0.1429,0.72,0,9.8,34.4286,0,0,0,0
4516649,1985,9265,1982,"NO","",,1,2,180,5,55,6,4,0.3333,0.375,0,11.75,27.8333,,,,
4516726,1985,9265,1983,"NO","",,1,14,239,5,59,3,0,0.6667,,0.5,,34.3333,,,,
4518050,1985,9272,1983,"NO","",101491,2,5,175,6,64,11,17,0,0.2907,,9.2353,34.7273,0,0,0,0
4518051,1985,9272,1983,"NO","",101491,2,11,175,6,64,11,11,0.2727,0.1653,0.4444,9.8182,30.9091,0,0,0,0
4518438,1985,9272,1983,"NO","",407450,3,2,134,6,69,5,0,1,,0.32,,14.2,0.5,0.2,,
4518445,1985,9272,1984,"NO","",282100,2,14,156,1,19,5,6,1,0.7222,0.72,8.1667,9,0,0,0,0
4518638,1985,9272,1984,"NO","",,1,5,427,1,12,7,0,0.8571,,0.7222,,10.7143,,,,
4519228,1985,9279,1982,"NO","",587455,3,3,70,6,65,7,19,1,0.6316,0.6531,7.9474,10.2857,0,0,0.125,0.1053
4522010,1985,9293,1983,"NO","",386280,3,9,52,6,69,8,2,0.125,0.5,0,7,47.25,0,0,0,0
4522144,1985,9293,1984,"NO","",241270,3,5,114,5,55,4,5,0.5,0.56,0,6.4,26,0,0,0,0
4525105,1985,9307,1982,"NO","",555630,3,23,406,5,59,3,4,0.6667,0.625,0.5,8,17.6667,0,0,0,0
4525181,1985,9307,1984,"NO","",199860,3,9,95,1,13,12,3,0.5833,0.6667,0.6122,12,21.3333,0,0,0,0
4526224,1985,9314,1982,"NO","",170615,3,2,165,6,66,5,0,0.6,,0.4444,,20,0,0,,
4526237,1985,9314,1983,"NO","",323940,3,4,172,6,64,1,1,1,0,0,1,7,0,0,1,1
4526248,1985,9314,1983,"NO","",,1,2,180,5,55,7,2,0.2857,0.5,0.5,10,27.4286,,,,
4526422,1985,9314,1982,"NO","",,1,11,297,6,65,7,4,0.7143,0,0.32,9.5,25.8571,,,,
4526842,1985,9314,1983,"NO","",35945,3,9,428,6,69,8,2,0.5,0.5,0.625,7,21.625,0,0,0,0
4527329,1985,9321,1982,"NO","",88425,3,3,29,5,52,5,7,0.4,0.2449,0.5,12.2857,32.8,0,0,0,0
4527420,1985,9321,1982,"NO","",373640,2,8,73,4,43,5,9,1,0.1975,0,5.3333,6.8,0.5,0.4,0.1429,0.1111
4529414,1985,9328,1984,"NO","",,1,4,95,1,13,9,3,0.6667,0.4444,0,13,21.4444,,,,
4530639,1985,9335,1984,"NO","",40575,3,10,415,5,53,9,3,0.4444,0.6667,0.75,6.3333,34.3333,0,0,0,0
4530820,1985,9335,1983,"NO","",407450,3,7,423,1,19,3,3,0.6667,0.4444,0.5,9.6667,18.6667,0,0,0,0
4530956,1985,9335,1983,"NO","",515890,3,10,524,1,15,8,13,1,0.3787,0.5313,5,5.5,0.375,0.375,0,0
4531714,1985,9342,1983,"NO","",,1,11,254,5,59,4,2,1,0.5,0,11.5,4.5,,,,
4531885,1985,9342,1983,"NO","",229835,2,10,414,5,51,3,12,1,0.625,0.6667,4.9167,3.3333,0,0,0.25,0.25
4532859,1985,9349,1983,"NO","",579835,3,19,100,5,59,6,14,1,0.6633,0.2778,8.6429,5.3333,0,0,0.2,0.1429
4533983,1985,9349,1982,"NO","",,1,11,362,4,42,12,3,0.9167,0,0.4463,11.6667,11.5833,,,,
4534127,1985,9356,1984,"NO","",,1,11,43,6,61,9,5,0.4444,0,0,9,22.4444,,,,
4534380,1985,9356,1983,"NO","",,1,5,137,6,69,5,0,0.4,,0.5,,22,,,,
4534976,1985,9356,1983,"NO","",280765,2,15,514,3,31,2,3,1,0.6667,0,4.6667,3.5,0,0,0,0
4535628,1985,9363,1983,"NO","",,1,8,73,4,43,10,4,1,0.75,0.58,4,9.8,,,,
4536273,1985,9363,1983,"NO","",515890,3,4,204,1,19,4,1,1,0,0,9,8,0,0,0,0
4536999,1985,9370,1983,"NO","",227325,3,2,52,6,69,2,1,0.5,0,0,4,22.5,0,0,0,0
4537263,1985,9370,1982,"NO","",272495,3,13,173,5,51,6,4,1,0,0.5,9.5,6.5,0,0,0,0
4537551,1985,9370,1983,"NO","",170615,3,12,414,5,51,7,0,0.4286,,0.6667,,27.8571,0,0,,
4538410,1985,9377,1984,"NO","",40575,3,16,60,4,45,7,3,0.5714,0,0.75,9.6667,18.2857,0,0,0,0
4539194,1985,9377,1984,"NO","",170615,3,5,423,1,19,4,4,0.75,0.625,0.4444,3.25,11,0,0,0,0
4539324,1985,9377,1983,"NO","",412805,3,12,514,3,31,1,1,1,0,0,3,2,1,1,1,1
4540337,1985,9384,1983,"NO","",40575,3,8,415,5,53,10,4,0.5,0.625,0.48,10.5,33.6,0,0,0,0
4541766,1985,9391,1984,"NO","",,1,20,414,5,51,10,3,0.9,0,0.1975,7.3333,12.5,,,,
4541991,1985,9391,1983,"NO","",170615,3,9,422,1,19,13,1,0.6154,0,0.7813,3,25.3077,0,0,0,0
4542794,1985,9398,1982,"NO","",272495,3,5,173,5,51,5,3,1,0.6667,0.32,11.3333,6.2,0,0,0,0
4543281,1985,9398,1983,"NO","",40805,3,17,138,6,67,7,10,1,0.86,0.7755,7.5,7.4286,0,0,0,0
4543656,1985,9398,1983,"NO","",170615,3,3,373,6,66,5,1,0.4,0,0,2,25.8,0,0,1,1
4545604,1985,9412,1983,"NO","",,1,3,285,6,67,1,3,1,0.6667,0,5.3333,10,,,,
4546804,1985,9419,1983,"NO","",,1,2,144,5,51,2,5,1,0.56,0,8.8,8.5,,,,
4547626,1985,9419,1984,"NO","",282100,2,12,174,4,41,11,4,0.9091,0.5,0.58,9.25,9.7273,0.125,0.0909,0,0
4547818,1985,9419,1983,"NO","",560255,3,9,360,2,24,3,4,1,0,0,4.5,5,0,0,1,1
4549591,1985,9433,1984,"NO","",170615,3,12,152,5,55,3,3,1,0.4444,0,8.6667,9,0,0,0,0
4549847,1985,9433,1982,"NO","",40575,3,7,415,5,53,4,2,0.75,0.5,0.4444,8.5,16.5,0,0,0,0
4552086,1985,9447,1983,"NO","",220640,3,8,114,5,55,8,3,0.75,0.4444,0.5,2.6667,23.125,0,0,0.6667,0.6667
4552530,1985,9447,1983,"NO","",35945,3,11,432,6,66,6,6,0.5,0.5,0,8.6667,31.5,0,0,0,0
4552632,1985,9447,1984,"NO","",170615,3,4,205,1,19,4,5,1,0.72,0.375,3.6,7.25,0.25,0.25,0,0
4553877,1985,9454,1982,"NO","",,1,11,405,6,64,8,6,0.875,0,0.6939,6.8333,12.625,,,,
4557096,1985,9475,1983,"NO","",,1,12,52,6,69,0,2,,0,,9,,,,,
4559212,1985,9482,1984,"NO","",515890,3,2,423,1,19,4,3,0.75,0.6667,0.4444,7,17.75,0,0,0.3333,0.3333
4559952,1985,9489,1982,"NO","",611545,3,24,600,3,32,7,4,1,0,0.4082,11,4.5714,0,0,0,0
4560437,1985,9489,1984,"NO","",387300,3,2,162,1,19,5,3,1,0.4444,0.32,5.6667,10.2,0,0,0,0
4561073,1985,9489,1982,"NO","",220640,3,3,367,2,21,14,4,0.7857,0.625,0.4298,5,13.6429,0,0,0,0
4562343,1985,9496,1983,"NO","",587455,3,8,235,5,59,5,5,1,0.72,0.32,6.6,7.8,0,0,0.4,0.4
4563510,1986,9503,1984,"NO","",515890,3,15,526,1,15,1,6,0,0.6111,,10.5,37,0,0,0,0
4563563,1986,9503,1984,"NO","",316155,3,9,219,4,49,11,8,0.7273,0.4063,0.2188,7.375,23.6364,0.1429,0.0909,0.2,0.125
4564750,1986,9510,1984,"NO","",,1,4,235,5,59,8,1,0.625,0,0,12,22.75,,,,
4565003,1986,9517,1984,"NO","",438920,2,19,29,5,52,8,0,0.625,,0.8,,19.875,0,0,,
4565018,1986,9517,1985,"NO","",545255,3,6,37,6,64,6,5,0.6667,0,0.5,11.2,19.3333,0,0,0,0
4565124,1986,9517,1983,"NO","",546845,3,10,100,5,59,6,0,0.6667,,0.375,,15.3333,0.3333,0.1667,,
4565634,1986,9517,1983,"NO","",515890,3,5,210,1,19,4,6,0.75,0.6667,0.6667,8.8333,13,0,0,0,0
4565709,1986,9517,1984,"NO","",546845,3,27,426,6,61,11,7,0.9091,0.2449,0.18,8.7143,11.3636,0,0,0,0
4566215,1986,9524,1984,"NO","",,1,3,43,6,61,5,3,0.8,0,0,5,18.2,,,,
4566625,1986,9524,1983,"NO","",,1,8,228,5,52,9,6,0.7778,0.2778,0.449,5.6667,16,,,,
4567313,1986,9524,1984,"NO","",505480,3,9,585,1,19,10,0,1,,0,,14.6,0,0,,
4567684,1986,9531,1983,"NO","",,1,2,43,6,61,11,7,0.8182,0,0,8,14,,,,
4568385,1986,9531,1985,"NO","",35945,3,5,75,5,52,4,0,1,,0.625,,11.25,0,0,,
4569618,1986,9538,1984,"NO","",141935,3,8,405,6,64,14,0,0.6429,,0.4938,,28.7857,0,0,,
4570367,1986,9545,1985,"NO","",545255,3,5,34,1,19,8,4,0.875,0,0.5714,9.25,16.375,0,0,0,0
4571778,1986,9552,1984,"NO","",,1,12,452,6,61,4,2,0.75,0,0.4444,6.5,21.5,,,,
4573315,1986,9559,1984,"NO","",40575,3,14,60,4,45,11,7,0.1818,0,0.5,8.7143,29.1818,0,0,0,0
4573507,1986,9559,1984,"NO","",494820,3,1,144,5,51,5,1,0.8,0,0,13,10.2,0,0,0,0
4573868,1986,9559,1984,"NO","",40575,3,8,415,5,53,10,2,0.5,0.5,0.56,6.5,18.6,0,0,0,0
4577663,1986,9580,1984,"NO","",390765,3,8,138,6,67,5,4,0.2,0.625,0,9.25,31.6,0,0,0,0
4577810,1986,9580,1984,"NO","",170615,3,4,242,5,51,4,1,0,0,,4,38.25,0,0,0,0
4578484,1986,9580,1984,"NO","",71780,3,4,549,1,14,1,0,1,,0,,5,0,0,,
4579152,1986,9587,1983,"NO","",407450,3,3,141,5,51,10,1,0.6,0,0.6111,3,30.4,0.8333,0.5,0,0
4579267,1986,9587,1984,"NO","",579835,3,7,225,5,51,8,4,0.375,0.375,0,7,23.875,0,0,0,0
4579753,1986,9587,1984,"NO","",40705,3,6,428,6,69,1,8,1,0.6875,0,5.25,2,0,0,0,0
4581142,1986,9594,1984,"NO","",576770,3,9,210,1,19,15,6,0.5333,0.6111,0.8125,10.8333,20.7333,0,0,0,0
4582133,1986,9601,1984,"NO","",353580,3,6,166,6,64,6,3,0.8333,0,0.56,9,17.5,0,0,0,0
4583617,1986,9608,1984,"NO","",,1,2,182,6,65,8,0,0.125,,0,,56.25,,,,
4584705,1986,9608,1984,"NO","",407450,3,6,383,6,68,6,9,1,0.3704,0,6.2222,7.5,0.6,0.5,0.375,0.3333
4587922,1986,9629,1984,"NO","",,1,10,114,5,55,3,0,0.3333,,0,,59.3333,,,,
4588690,1986,9629,1984,"NO","",407450,3,13,435,3,33,1,1,1,0,0,2,8,0,0,1,1
4591323,1986,9643,1985,"NO","",41685,3,11,425,5,51,20,4,0.8,0.375,0.4141,5.25,16.45,0,0,0.25,0.25
4591556,1986,9643,1982,"NO","",,1,63,435,3,33,2,7,1,0.7347,0.5,12.1429,11,,,,
4593614,1986,9657,1985,"NO","",546845,3,4,99,6,61,3,3,1,0.4444,0.6667,5,5,0,0,0,0
4593773,1986,9657,1984,"NO","",353580,3,11,175,6,64,8,5,1,0.32,0.5,5,6.625,0,0,0,0
4593864,1986,9657,1985,"NO","",642550,3,3,242,5,51,8,3,1,0.4444,0.2188,7.3333,10.375,0,0,0,0
4593886,1986,9657,1984,"NO","",170615,3,9,266,5,52,1,0,1,,0,,17,0,0,,
4594696,1986,9657,1984,"NO","",220640,3,16,367,2,21,8,2,1,0,0.4063,2.5,6,0,0,0,0
4595074,1986,9664,1984,"NO","",60505,3,6,182,6,65,8,1,0.5,0,0.375,8,44.125,0,0,0,0
4595234,1986,9664,1984,"NO","",,1,9,297,6,65,6,7,0.6667,0.5714,0,8.7143,21.3333,,,,
4596236,1986,9671,1985,"NO","",35945,3,17,126,6,66,18,16,0.6111,0.8203,0.7934,7.25,18.3333,0,0,0,0
4596359,1986,9671,1985,"NO","",587455,3,3,234,5,51,3,3,0.6667,0.4444,0,1.6667,21,0,0,0,0
4596790,1986,9671,1984,"NO","",412805,3,7,514,3,31,3,2,1,0.5,0.4444,6,3.3333,0,0,0,0
4596870,1986,9671,1982,"NO","",412805,3,8,544,1,14,1,1,1,0,0,4,3,1,1,0,0
4597065,1986,9671,1984,"NO","",220640,3,15,367,2,21,2,6,1,0.6667,0,6.3333,1,0,0,0,0
4597216,1986,9678,1984,"NO","",,1,5,43,6,61,5,3,0.2,0,0,6.6667,35.2,,,,
4598352,1986,9678,1984,"NO","",282100,2,3,363,4,45,5,1,1,0,0,12,8.6,0,0,0,0
4598601,1986,9685,1983,"NO","",,1,2,74,5,59,9,4,0.3333,0.625,0.6667,5.5,32.8889,,,,
4599075,1986,9685,1984,"NO","",,1,9,441,6,69,9,3,0.4444,0,0.375,6.3333,34.4444,,,,
4602697,1986,9706,1985,"NO","",,1,19,182,6,65,4,4,0.5,0.75,0.5,7.25,19.5,,,,
4603649,1986,9713,1984,"NO","",,1,2,114,5,55,8,4,0.875,0.375,0.4082,10,16.625,,,,
4603745,1986,9713,1984,"NO","",323940,3,7,172,6,64,7,1,0.8571,0,0,6,17.2857,0,0,0,0
4605334,1986,9720,1983,"NO","",36435,2,10,403,6,67,11,1,0.7273,0,0.5938,14,19.5455,0,0,0,0
4606378,1986,9727,1985,"NO","",,1,5,138,6,67,6,3,0.8333,0.4444,0.64,11.6667,16,,,,
4607882,1986,9734,1984,"NO","",,1,20,297,6,65,4,10,0.25,0.42,0,7.6,60,,,,
4609309,1986,9741,1984,"NO","",60505,3,5,406,5,59,7,4,0.4286,0.625,0.6667,5.25,39.5714,0,0,0,0
4609959,1986,9741,1983,"NO","",560255,3,10,360,2,24,2,25,1,0.2784,0,8,1,0.5,0.5,0.3333,0.32
4610216,1986,9748,1985,"NO","",,1,6,118,1,12,4,5,1,0.32,0.375,9.2,9.25,,,,
4610365,1986,9748,1983,"NO","",40410,3,8,212,5,59,7,0,0.5714,,0.625,,34.8571,0,0,,
4610635,1986,9748,1984,"NO","",,1,1,441,6,69,8,5,0.25,0.56,0.5,5.4,40.25,,,,
4611753,1986,9755,1985,"NO","",,1,4,229,6,68,8,1,0.625,0,0,8,32,,,,
4611757,1986,9755,1984,"NO","",345910,3,8,236,6,69,8,4,0.625,0.375,0.48,3.25,26.875,0,0,0,0
4612151,1986,9755,1984,"NO","",170615,3,16,264,5,51,4,4,0.75,0.625,0.6667,8.5,16.75,0,0,0.25,0.25
4612745,1986,9762,1985,"NO","",,1,8,52,6,69,7,0,0.8571,,0.2778,,14,,,,
4612989,1986,9762,1985,"NO","",186585,2,12,166,6,64,10,4,1,0.625,0,4.75,14,0.1667,0.1,0,0
4613252,1986,9762,1985,"NO","",323860,3,5,405,6,64,3,0,0.3333,,0,,46.3333,0,0,,
4614070,1986,9769,1984,"NO","",,1,2,52,6,69,5,18,0.4,0.3765,0,8.0556,38.6,,,,
4614660,1986,9769,1985,"NO","",32755,3,6,426,6,61,3,6,1,0.6111,0,7.5,15.3333,0,0,0,0
4616969,1986,9783,1984,"NO","",,1,6,414,5,51,4,0,0.5,,0,,25.75,,,,
4617777,1986,9790,1984,"NO","",606985,3,2,52,6,69,8,1,0.625,0,0.72,9,17.625,0,0,0,0
4618427,1986,9790,1985,"NO","",35945,3,18,210,1,19,11,11,1,0.6612,0.6446,9.0909,11.4545,0,0,0,0
4620104,1986,9797,1983,"NO","",,1,26,250,4,44,7,16,1,0.1172,0.6122,8.0625,14.2857,,,,
4620393,1986,9804,1982,"NO","",323905,3,10,49,5,59,11,3,0.4545,0,0.32,7.3333,20.2727,0,0,0,0
4622606,1986,9811,1983,"NO","",560255,3,20,360,2,24,5,21,1,0.2449,0.32,9.0952,4.6,0,0,0.1429,0.1429
4624104,1986,9825,1984,"NO","",40575,3,8,60,4,45,5,3,0.6,0.4444,0.6667,7,18.2,0,0,0,0
4625107,1986,9825,1984,"NO","",579835,3,25,250,4,44,4,7,1,0.6939,0.625,7.8571,9,0,0,0.1667,0.1429
4627123,1986,9839,1985,"NO","",,1,4,5,6,65,4,4,1,0.375,0,11.5,14.25,,,,
4628687,1986,9846,1984,"NO","",40575,3,12,60,4,45,10,10,0.8,0,0.2188,8.2,14.1,0,0,0,0
4629014,1986,9846,1985,"NO","",423040,3,4,175,6,64,16,4,0.6875,0,0.6446,7.5,20.3125,0,0,0,0
4629432,1986,9846,1984,"NO","",74930,3,4,440,5,55,3,4,0.6667,0.375,0.5,6.75,26.6667,0,0,0,0
4631266,1986,9853,1985,"NO","",407450,3,4,502,1,19,2,3,1,0,0,6.3333,8.5,0.5,0.5,0,0
4635237,1987,9867,1983,"NO","",220645,3,7,367,2,21,4,5,1,0.48,0.625,5.6,5,0,0,0,0
4635478,1987,9874,1984,"NO","",560480,3,13,73,4,43,6,5,0.6667,0.32,0.375,5.8,30,0,0,0,0
4636890,1987,9874,1984,"NO","",560255,3,13,360,2,24,11,14,1,0,0.1653,7.1429,5.8182,0,0,0.1429,0.1429
4636903,1987,9874,1984,"NO","",560255,3,3,360,2,24,8,4,1,0.5,0.5313,11.25,8.25,0,0,0.25,0.25
4637878,1987,9881,1982,"NO","",305005,3,20,210,1,19,7,8,0.4286,0.6563,0.4444,12,26.4286,0.6667,0.2857,0.1429,0.125
4637952,1987,9881,1985,"NO","",,1,11,427,1,12,4,7,1,0.6122,0.625,5.2857,3.25,,,,
4638518,1987,9888,1985,"NO","",,1,7,5,6,65,10,9,1,0.3704,0,7.7778,9.2,,,,
4638583,1987,9888,1984,"NO","",,1,2,43,6,61,3,5,0.6667,0.32,0,8.2,24.6667,,,,
4639796,1987,9888,1984,"NO","",560255,3,9,360,2,24,1,16,1,0.3047,0,8.3125,8,0,0,0.375,0.375
4640661,1987,9895,1984,"NO","",,1,11,414,5,51,8,4,1,0.375,0.5,6.25,19.5,,,,
4640751,1987,9895,1985,"NO","",70485,3,8,205,1,19,3,5,1,0.72,0.4444,7,11.6667,0.5,0.3333,0,0
4641452,1987,9902,1986,"NO","",,1,11,43,6,61,5,4,1,0,0,6.5,4.2,,,,
4641495,1987,9902,1985,"NO","",40575,3,26,60,4,45,7,10,0.2857,0,0,9.6,29.8571,0,0,0,0
4642470,1987,9902,1984,"NO","",579835,3,14,250,4,44,5,8,1,0.75,0.72,8.125,6.6,0,0,0.125,0.125
4642822,1987,9909,1984,"NO","",406370,3,5,4,6,65,7,4,0.7143,0.5,0.56,5,24,0,0,0,0
4643098,1987,9909,1984,"NO","",41080,3,8,102,1,19,8,0,0.625,,0.32,,23.375,0,0,,
4643387,1987,9909,1984,"NO","",,1,5,249,6,69,7,2,0.1429,0,0,7.5,44.4286,,,,
4644097,1987,9909,1985,"NO","",540700,3,11,174,4,41,11,0,0.9091,,0.34,,9.0909,0,0,,
4644932,1987,9916,1984,"NO","",23500,3,6,126,6,66,6,0,1,,0.6111,,13.6667,0,0,,
4645082,1987,9916,1985,"NO","",170615,3,5,212,5,59,8,0,0.375,,0.6667,,38.5,0,0,,
4646317,1987,9916,1985,"NO","",170615,3,5,373,6,66,2,2,0.5,0,0,5.5,16,1,0.5,0,0
4646849,1987,9923,1984,"NO","",323940,3,3,172,6,64,19,9,0.7895,0.3704,0.7022,8.2222,16.5789,0.0909,0.0526,0,0
4648303,1987,9930,1985,"NO","",,1,6,84,6,69,7,1,0.2857,0,0,5,61.2857,,,,
4649237,1987,9930,1985,"NO","",40795,3,5,200,4,41,9,0,0.6667,,0.6111,,26.1111,0,0,,
4649509,1987,9930,1984,"NO","",512710,3,6,708,2,22,2,4,1,0.5,0.5,6.75,4.5,0,0,0.5,0.5
4649807,1987,9937,1985,"NO","",170615,3,5,454,5,59,2,4,1,0.75,0.5,6.25,14,0,0,0,0
4650520,1987,9937,1985,"NO","",,1,10,106,1,12,9,2,0.7778,0,0.4082,3.5,20.3333,,,,
4650960,1987,9937,1985,"NO","",540700,3,8,219,4,49,6,2,0.8333,0,0.72,10.5,18.1667,0,0,0,0
4651534,1987,9944,1986,"NO","",319030,3,6,60,4,45,13,8,0.8462,0.5,0.1653,6.375,14.2308,0,0,0,0
4653160,1987,9951,1983,"NO","",38795,2,14,29,5,52,6,15,1,0.6044,0.5,6.7333,8.3333,0.2,0.1667,0.1333,0.1333
4653198,1987,9951,1984,"NO","",546845,3,9,34,1,19,6,4,0.8333,0.625,0,8.5,10.3333,0,0,0,0
4653808,1987,9951,1984,"NO","",,1,13,297,6,65,19,9,0.4211,0.5185,0.6875,7,37.6842,,,,
4653851,1987,9951,1985,"NO","",282100,2,9,385,2,21,1,10,1,0.18,0,5.2,3,1,1,0,0
4654267,1987,9951,1983,"NO","",515890,3,9,428,6,69,5,13,1,0.7456,0.72,9.8462,7.4,0,0,0,0
4654938,1987,9958,1984,"NO","",134240,3,3,29,5,52,4,1,0.5,0,0.5,7,29.5,0,0,0,0
4656595,1987,9958,1983,"NO","",505480,3,18,702,2,22,6,10,0.6667,0.74,0.5,7.2,21.8333,0,0,0,0
4656968,1987,9965,1985,"NO","",,1,5,119,6,61,1,0,1,,0,,22,,,,
4657086,1987,9965,1985,"NO","",,1,9,169,6,69,4,3,1,0.4444,0.75,7,9.25,,,,
4657481,1987,9965,1986,"NO","",319030,3,16,415,5,53,27,9,0.5926,0.1975,0.3984,5.3333,22.8148,0,0,0,0
4657759,1987,9965,1984,"NO","",406885,3,2,514,3,31,1,5,1,0.48,0,4.6,3,1,1,0,0
4657868,1987,9965,1982,"NO","",,1,6,435,3,33,10,9,1,0.7901,0.18,11.1111,9.8,,,,
4658439,1987,9965,1985,"NO","",512710,3,14,455,2,21,8,12,1,0.7778,0.4063,7.1667,16.875,0.25,0.125,0,0
4658474,1987,9972,1986,"NO","",323905,3,11,16,5,59,6,2,0.3333,0.5,0,8.5,51.5,0,0,0,0
4659095,1987,9972,1985,"NO","",,1,5,280,5,55,4,5,0.5,0,0,11,57.25,,,,
4659442,1987,9972,1985,"NO","",642550,3,16,205,1,19,5,3,0.8,0.6667,0.625,3.6667,18,0,0,0,0
4660184,1987,9972,1985,"NO","",217340,3,10,367,2,21,5,3,0.8,0.4444,0.625,5.6667,16,0,0,0.3333,0.3333
4660628,1987,9979,1986,"NO","",546845,3,18,165,6,66,3,4,1,0.75,0,5.75,9.6667,0,0,0,0
4660678,1987,9979,1986,"NO","",536875,3,7,182,6,65,8,3,0.625,0.6667,0,3.6667,16.625,0,0,0,0
4661817,1987,9979,1984,"NO","",642250,3,16,342,2,21,3,6,1,0.6111,0.4444,8.5,7.6667,0,0,0,0
4662045,1987,9986,1984,"NO","",,1,3,29,5,52,9,9,0.8889,0.8148,0.8125,9.3333,16.5556,,,,
4662780,1987,9986,1985,"NO","",504445,3,2,405,6,64,9,1,0.8889,0,0,9,16.2222,0,0,0,0
4662797,1987,9986,1985,"NO","",249160,3,19,348,4,49,9,1,0.8889,0,0.5313,5,14.6667,0,0,0,0
4662807,1987,9986,1986,"NO","",,1,3,411,5,59,4,1,0.5,0,0.5,5,31.25,,,,
4663498,1987,9986,1985,"NO","",254860,3,19,174,4,41,4,2,0.75,0.5,0,3,24.75,0,0,0,0
4663844,1987,9993,1986,"NO","",170615,3,7,30,6,65,6,2,0.3333,0.5,0,4,54.1667,0,0,0,0
4664445,1987,9993,1986,"NO","",237420,3,4,297,6,65,5,5,0.6,0,0.4444,7.2,21.4,0,0,0,0
4664674,1987,9993,1985,"NO","",205070,3,21,44,1,19,7,6,0.4286,0.2778,0.4444,4.3333,33.7143,0,0,0.25,0.1667
4665302,1987,9993,1985,"NO","",540700,3,7,219,4,49,10,1,0.9,0,0.6667,8,8.6,0,0,0,0
4668015,1987,10007,1986,"NO","",,1,10,297,6,65,4,2,1,0,0,8,3.25,,,,
4668455,1987,10007,1985,"NO","",406885,3,4,264,5,51,5,2,1,0.5,0.48,5,2.2,0.2,0.2,0,0
4669650,1987,10014,1985,"NO","",,1,11,228,5,52,5,1,0.8,0,0.375,5,13,,,,
4669709,1987,10014,1986,"NO","",576200,3,10,266,5,52,1,0,1,,0,,13,0,0,,
4669792,1987,10014,1985,"NO","",,1,12,439,4,41,3,1,1,0,0,2,3.3333,,,,
4669917,1987,10014,1985,"NO","",407450,3,6,405,6,64,4,4,1,0.375,0,7.25,9,0,0,0,0
4669985,1987,10014,1985,"NO","",,1,12,434,6,69,14,1,0.5,0,0.4898,6,29.5714,,,,
4670228,1987,10014,1985,"NO","",40660,3,3,423,1,19,5,1,0.6,0,0,6,15.4,0,0,0,0
4670951,1987,10021,1986,"NO","",343460,3,7,24,6,63,6,1,1,0,0,7,8,0,0,0,0
4671945,1987,10021,1985,"NO","",,1,12,423,1,19,6,2,1,0.5,0.6111,9,5.6667,,,,
4674275,1987,10035,1986,"NO","",,1,3,60,4,45,5,1,0.6,0,0.6667,8,19.2,,,,
4674728,1987,10035,1986,"NO","",170615,3,17,266,5,52,2,1,1,0,0,11,10,0,0,0,0
4674919,1987,10035,1985,"NO","",409200,3,8,405,6,64,6,0,0.6667,,0,,24,0,0,,
4675674,1987,10035,1982,"NO","",,1,14,340,2,21,10,0,1,,0.18,,10.7,,,,
4675759,1987,10035,1985,"NO","",560255,3,8,360,2,24,4,1,1,0,0,6,4.5,0.25,0.25,0,0
4676525,1987,10042,1983,"NO","",589485,3,4,280,5,55,2,2,1,0,0,8,16.5,0,0,0,0
4677279,1987,10042,1986,"NO","",173825,3,5,392,4,41,2,3,0,0,,8.6667,29,0,0,0,0
4677907,1987,10049,1986,"NO","",32755,3,3,99,6,61,3,5,1,0.48,0,8.8,23,0,0,0,0
4678396,1987,10049,1985,"NO","",40575,3,13,415,5,53,8,0,0.5,,0.5,,20.625,0,0,,
4678434,1987,10049,1986,"NO","",170615,3,8,432,6,66,5,2,1,0.5,0.32,3.5,10.4,0,0,0,0
4678560,1987,10049,1985,"NO","",409000,2,19,209,5,51,1,0,1,,0,,23,0,0,,
4679104,1987,10049,1986,"NO","",560255,3,14,360,2,24,6,17,1,0.4567,0.2778,6.7647,7.3333,0.1667,0.1667,0.4118,0.4118
4679178,1987,10049,1985,"NO","",220640,3,7,367,2,21,6,7,1,0.5714,0.6111,6,11.1667,0,0,0,0
4679486,1987,10056,1985,"NO","",,1,4,89,5,59,6,2,0.1667,0.5,0,9,51,,,,
4679741,1987,10056,1985,"NO","",209055,3,16,241,5,51,9,4,0.1111,0,0,11.5,55.3333,0,0,0,0
4681688,1987,10063,1986,"NO","",282830,3,11,210,1,19,5,2,1,0,0,5.5,13.8,0,0,0,0
4683526,1987,10070,1986,"NO","",288400,3,20,362,4,42,11,5,0.6364,0,0.2449,7,24.2727,0.25,0.0909,0,0
4683759,1987,10077,1985,"NO","",569900,2,21,73,4,43,7,8,1,0.6875,0.7347,6.875,6.2857,0,0,0,0
4684090,1987,10077,1986,"NO","",,1,22,248,6,69,1,1,0,0,,2,84,,,,
4686660,1987,10084,1986,"NO","",220640,3,7,367,2,21,14,5,0.6429,0,0.5679,4.2,22.3571,0,0,0,0
4687014,1987,10091,1985,"NO","",,1,4,137,6,69,8,3,1,0.4444,0.6563,1.6667,10.5,,,,
4687524,1987,10091,1985,"NO","",35945,3,3,148,5,52,1,1,1,0,0,4,22,0,0,0,0
4688273,1987,10098,1985,"NO","",345910,3,9,4,6,65,11,5,0.6364,0.32,0.6531,7.4,22.8182,0,0,0,0
4688531,1987,10098,1986,"NO","",,1,4,123,5,53,6,0,0.3333,,0,,51.5,,,,
4688584,1987,10098,1986,"NO","",,1,11,132,6,65,8,6,0.75,0,0.2778,3,16,,,,
4688626,1987,10098,1985,"NO","",,1,4,165,6,66,2,4,0.5,0.625,0,4.75,37,,,,
4688967,1987,10098,1984,"NO","",272450,3,3,405,6,64,4,1,1,0,0,6,11,0.25,0.25,0,0
4689993,1987,10105,1986,"NO","",,1,21,73,4,43,3,10,1,0.58,0,5.7,9,,,,
4690052,1987,10105,1985,"NO","",,1,6,101,6,69,3,3,0.6667,0,0,8,19.6667,,,,
4690362,1987,10105,1985,"NO","",560340,3,10,248,6,69,7,8,0.4286,0.6875,0.4444,10.875,27,0,0,0,0
4690414,1987,10105,1986,"NO","",365930,3,4,277,6,67,8,10,0.75,0.82,0,7.3,18.875,0,0,0,0
4691198,1987,10105,1985,"NO","",,1,14,340,2,21,3,4,0.3333,0.625,0,4.25,43.6667,,,,
4693645,1987,10119,1986,"NO","",,1,7,409,5,51,14,1,0.2143,0,0,12,47.5714,,,,
4695935,1987,10126,1986,"NO","",17020,3,8,363,4,45,4,15,1,0.6933,0.625,6.1333,13.75,0,0,0,0
4696453,1987,10133,1986,"NO","",141935,3,8,251,5,53,11,0,0.7273,,0.5313,,14.8182,0,0,,
4696457,1987,10133,1986,"NO","",170615,3,16,266,5,52,2,0,1,,0.5,,17,0,0,,
4696659,1987,10133,1985,"NO","",,1,1,464,5,53,3,1,1,0,0.6667,2,6.3333,,,,
4697539,1987,10140,1986,"NO","",518490,3,6,114,5,55,4,1,0.5,0,0,3,17.75,0,0,0,0
4700628,1987,10154,1986,"NO","",41080,3,1,102,1,19,5,3,1,0.4444,0.8,3,9.8,0,0,0,0
4700667,1987,10154,1985,"NO","",,1,5,123,5,53,5,0,0.4,,0,,36.4,,,,
4701933,1987,10154,1986,"NO","",496020,3,8,373,6,66,3,1,0.3333,0,0,4,26.3333,0,0,0,0
4702347,1987,10161,1986,"NO","",,1,9,182,6,65,14,2,0.7857,0,0,8.5,23.4286,,,,
4702639,1987,10161,1985,"NO","",,1,12,404,6,69,14,4,0.4286,0.375,0.7222,4.25,38.9286,,,,
4702648,1987,10161,1985,"NO","",,1,9,405,6,64,5,9,1,0.1975,0.48,7.6667,10,,,,
4703253,1987,10161,1985,"NO","",,1,4,324,4,43,1,6,1,0.6667,0,7,24,,,,
4703254,1987,10161,1985,"NO","",,1,5,324,4,43,2,1,0.5,0,0,5,25,,,,
4703255,1987,10161,1985,"NO","",,1,4,324,4,43,1,8,1,0.7188,0,6,22,,,,
4704051,1987,10168,1985,"NO","",,1,8,405,6,64,9,0,1,,0.4938,,10.5556,,,,
4704861,1987,10175,1986,"NO","",40575,3,20,60,4,45,7,1,0.4286,0,0.4444,5,28.5714,0,0,0,0
4705791,1987,10175,1986,"NO","",412805,3,8,514,3,31,2,4,1,0,0,1.25,3,1,1,0,0
4707249,1987,10182,1985,"NO","",,1,5,209,5,51,11,0,0.5455,,0.6667,,38,,,,
4707255,1987,10182,1986,"NO","",416840,3,3,210,1,19,3,0,1,,0,,6.3333,0.6667,0.6667,,
4708014,1987,10189,1986,"NO","",642240,3,4,73,4,43,5,9,1,0,0.56,8.4444,10.8,0,0,0,0
4708090,1987,10189,1985,"NO","",15975,3,7,119,6,61,4,2,1,0,0.375,10,5.5,0,0,0,0
4708432,1987,10189,1985,"NO","",545550,3,12,385,2,21,2,1,1,0,0,2,2.5,0,0,0,0
4708749,1987,10189,1985,"NO","",35945,3,6,72,5,52,1,1,1,0,0,3,22,0,0,0,0
4709836,1987,10196,1986,"NO","",171210,3,10,222,1,19,10,5,0.9,0.32,0.4444,6,16.9,0,0,0,0
4711162,1987,10203,1986,"NO","",199860,3,7,454,5,59,1,0,0,,,,25,0,0,,
4711263,1987,10203,1986,"NO","",,5,4,137,6,69,3,2,0.6667,0,0.5,8,37,,,,
4711492,1987,10203,1986,"NO","",,1,14,297,6,65,5,5,0.4,0,0,7.4,37.6,,,,
4712509,1987,10210,1985,"NO","",,1,7,119,6,61,3,1,1,0,0.4444,6,10.3333,,,,
4712613,1987,10210,1986,"NO","",436660,3,17,166,6,64,6,25,1,0.1504,0.6667,8.16,5.5,0,0,0,0
4713108,1987,10210,1985,"NO","",407450,3,3,71,1,11,2,0,1,,0,,16.5,0,0,,
4713603,1987,10210,1985,"NO","",141935,3,4,324,4,43,5,11,1,0.54,0.56,7.2,18,0,0,0,0
4714607,1987,10217,1985,"NO","",412795,3,27,424,3,31,10,20,1,0.34,0.68,7.35,10.4,0,0,0,0
4714608,1987,10217,1986,"NO","",,1,10,424,3,31,0,9,,0,,7.6667,,,,,
4716553,1987,10224,1984,"NO","",220640,3,13,367,2,21,14,5,1,0,0.5,7.4,6.8571,0.1818,0.1429,0.3333,0.2
4717267,1988,10231,1986,"NO","",574900,3,4,384,5,59,5,1,0.6,0,0,10,28.8,0,0,0,0
4717426,1988,10231,1985,"NO","",,1,4,134,6,69,5,8,1,0.4063,0.64,8.75,14.8,,,,
4717470,1988,10231,1985,"NO","",,1,10,209,5,51,20,1,0.25,0,0.64,3,42.65,,,,
4718209,1988,10238,1985,"NO","",158675,3,15,52,6,69,5,8,1,0.2188,0.64,9.25,8.6,0.25,0.2,0.25,0.125
4722329,1988,10259,1985,"NO","",,1,3,602,3,32,8,7,0.875,0.7347,0.6939,6.2857,12.75,,,,
4722684,1988,10259,1986,"NO","",170615,3,8,432,6,66,5,2,0.6,0.5,0.6667,7,30,0.5,0.2,0,0
4723501,1988,10266,1986,"NO","",217340,3,12,114,5,55,8,3,1,0.4444,0.7188,8.3333,16.125,0.5,0.125,0,0
4724772,1988,10273,1986,"NO","",,1,10,104,5,55,7,2,0.8571,0.5,0.6667,4,13.8571,,,,
4727607,1988,10287,1986,"NO","",,1,5,5,6,65,10,6,1,0,0,6.3333,10.2,,,,
4727901,1988,10287,1987,"NO","",141935,3,7,137,6,69,10,9,0.9,0.3457,0.4938,2.7778,10.4,0,0,0.3333,0.3333
4728043,1988,10287,1982,"NO","",409000,2,3,241,5,51,2,2,0,0.5,,8.5,79.5,0,0,0,0
4728244,1988,10287,1986,"NO","",,1,4,414,5,51,7,12,0.5714,0.5833,0.625,7.75,21.1429,,,,
4728286,1988,10287,1986,"NO","",495790,3,3,431,6,66,4,6,0.25,0,0,5.3333,84,0,0,0,0
4728546,1988,10287,1985,"NO","",,1,24,427,1,12,1,0,1,,0,,7,,,,
4728899,1988,10287,1986,"NO","",560255,3,8,327,4,41,7,0,1,,0.6939,,8.8571,0,0,,
4729553,1988,10294,1986,"NO","",316155,3,5,269,6,69,7,1,0.1429,0,0,6,53.7143,0,0,0,0
4730285,1988,10294,1986,"NO","",,1,6,368,6,69,6,9,1,0.716,0.6667,4.7778,5,,,,
4730853,1988,10301,1986,"NO","",40575,3,10,285,6,67,6,5,0.8333,0.32,0.32,5.2,9.3333,0,0,0,0
4731386,1988,10301,1986,"NO","",515890,3,7,518,1,19,1,7,1,0.4898,0,4.5714,2,0,0,0,0
4733240,1988,10308,1987,"NO","",352750,3,4,342,2,21,0,2,,0.5,,2.5,,,,0,0
4733443,1988,10315,1986,"NO","",343470,3,1,24,6,63,7,3,1,0.4444,0,5.3333,7.1429,0,0,0,0
4733506,1988,10315,1986,"NO","",,1,7,52,6,69,10,2,0.8,0,0.5313,7.5,19.5,,,,
4733964,1988,10315,1986,"NO","",119100,3,8,356,4,43,0,0,,,,,,,,,
4734182,1988,10315,1986,"NO","",385915,3,21,204,1,19,4,2,0.25,0,0,6.5,30.75,0,0,0,0
4735439,1988,10322,1986,"NO","",516900,3,9,285,6,67,10,1,0.5,0,0.32,9,29.9,0,0,0,0
4736084,1988,10322,1986,"NO","",,1,6,219,4,49,7,3,0.2857,0.4444,0,6.3333,33.1429,,,,
4736449,1988,10322,1986,"NO","",407450,3,8,383,6,68,16,1,0.75,0,0.2917,2,33.625,0.2,0.0625,1,1
4737025,1988,10329,1987,"NO","",,1,8,356,4,43,3,4,1,0.625,0,5.5,5.6667,,,,
4737256,1988,10329,1986,"NO","",35945,3,7,204,1,19,5,0,1,,0,,11.4,0,0,,
4738067,1988,10336,1985,"NO","",,1,13,52,6,69,6,6,0.8333,0,0,6.3333,14.1667,,,,
4738566,1988,10336,1986,"NO","",14515,3,17,405,6,64,21,0,0.7619,,0.6016,,19.8095,0,0,,
4739662,1988,10343,1986,"NO","",373640,2,1,73,4,43,6,1,1,0,0,3,13.6667,0.25,0.1667,0,0
4741648,1988,10350,1987,"NO","",272450,3,1,405,6,64,7,2,1,0.5,0.5714,5,12.8571,0.2,0.1429,0,0
4742008,1988,10350,1986,"NO","",407450,3,4,435,3,33,4,0,1,,0,,6.75,0.25,0.25,,
4743141,1988,10357,1986,"NO","",489185,3,7,405,6,64,8,1,0.875,0,0.5714,8,17.375,0,0,0,0
4743742,1988,10357,1986,"NO","",,1,10,235,5,59,5,2,0.8,0,0.75,6,16.6,,,,
4743761,1988,10357,1986,"NO","",118225,2,4,250,4,44,3,1,1,0,0,9,9,0,0,0,0
4744019,1988,10357,1986,"NO","",288400,3,12,362,4,42,3,7,0.6667,0.6122,0.5,7,18,0,0,0,0
4744065,1988,10357,1987,"NO","",217320,3,17,367,2,21,11,0,0.9091,,0.76,,15,0,0,,
4744595,1988,10364,1986,"NO","",333035,3,11,294,5,59,2,7,1,0.5714,0,6.7143,15.5,0,0,0,0
4746245,1988,10371,1986,"NO","",141935,3,18,405,6,64,11,28,0.9091,0.3036,0.32,6.4286,9.7273,0,0,0,0
4747242,1988,10378,1986,"NO","",600410,3,5,52,6,69,4,8,1,0.625,0.75,7.875,14,0,0,0,0
4747362,1988,10378,1987,"NO","",,1,4,114,5,55,6,2,0.3333,0.5,0,6.5,37.5,,,,
4747778,1988,10378,1987,"NO","",,1,6,434,6,69,6,0,0.8333,,0.8,,12.5,,,,
4748599,1988,10378,1986,"NO","",217320,3,9,367,2,21,9,1,0.7778,0,0.449,5,17.6667,0,0,0,0
4749309,1988,10385,1986,"NO","",409200,3,6,405,6,64,6,0,1,,0,,12.8333,0,0,,
4749463,1988,10385,1987,"NO","",252205,3,13,204,1,19,6,4,1,0.5,0.6111,7.75,4.6667,0,0,0,0
4750795,1988,10392,1985,"NO","",540885,2,9,385,2,21,14,9,1,0.3704,0.5408,6.3333,4.5714,0,0,0,0
4750846,1988,10392,1987,"NO","",407450,3,10,383,6,68,6,2,1,0,0,5,13,0.3333,0.1667,1,1
4751842,1988,10399,1987,"NO","",569900,2,15,73,4,43,7,26,0.8571,0.568,0.6111,5,11.7143,0.1667,0.1429,0.1304,0.1154
4752218,1988,10399,1986,"NO","",170615,3,5,432,6,66,6,2,0.8333,0.5,0.56,4.5,19.1667,0,0,1,0.5
4752306,1988,10399,1986,"NO","",407450,3,6,95,1,13,8,14,0.375,0.7143,0.6667,5.5714,30.75,0,0,0,0
4752535,1988,10399,1986,"NO","",407450,3,6,428,6,69,11,7,0.9091,0.449,0.32,6.7143,9.8182,0,0,0,0
4753015,1988,10406,1987,"NO","",574900,3,5,34,1,19,7,1,0.4286,0,0,9,20.5714,0,0,0,0
4753552,1988,10406,1986,"NO","",323895,3,9,405,6,64,18,4,0.7222,0.375,0.6391,6.75,23,0,0,0,0
4753553,1988,10406,1986,"NO","",272510,3,26,405,6,64,11,8,0.8182,0.5313,0.6173,7.125,13.8182,0,0,0,0
4753603,1988,10406,1986,"NO","",,1,9,439,4,41,6,2,0.8333,0.5,0.64,5,18.3333,,,,
4754632,1988,10413,1987,"NO","",477600,3,13,72,5,52,5,0,0.4,,0.5,,38.2,0,0,,
4754913,1988,10413,1986,"NO","",407450,3,6,228,5,52,10,2,0.4,0,0.625,8,29.5,0.25,0.1,0.5,0.5
4756268,1988,10420,1987,"NO","",217325,3,10,114,5,55,3,4,0.6667,0.375,0.5,8.5,17.6667,0,0,0,0
4757765,1988,10427,1987,"NO","",,1,4,102,1,19,9,1,0.2222,0,0,10,74.4444,,,,
4757818,1988,10427,1986,"NO","",,1,7,600,3,32,4,10,1,0.46,0.375,6.1,3.25,,,,
4757969,1988,10427,1986,"NO","",343455,3,15,248,6,69,4,2,1,0,0.5,7,9.5,0,0,0,0
4758124,1988,10427,1987,"NO","",,1,7,411,5,59,8,5,0.625,0,0.32,4.6,19,,,,
4758236,1988,10427,1986,"NO","",,1,1,604,3,32,2,0,0.5,,0,,24,,,,
4760173,1988,10434,1987,"NO","",412795,3,1,562,1,14,3,5,1,0.48,0,6.6,4.3333,0,0,0,0
4761695,1988,10441,1986,"NO","",560255,3,11,360,2,24,3,0,0.6667,,0,,11,0.5,0.3333,,
4763216,1988,10448,1987,"NO","",560255,3,15,360,2,24,9,5,1,0,0.1975,5.6,7.1111,0,0,0,0
4764904,1988,10455,1985,"NO","",220640,3,19,367,2,21,5,5,1,0.64,0,9.8,7.4,0,0,0,0
4765807,1988,10462,1986,"NO","",407450,3,14,95,1,13,3,6,1,0.7222,0.6667,6.3333,5,0,0,0,0
4766552,1988,10462,1986,"NO","",35945,3,3,700,2,22,4,2,1,0.5,0.375,4,6,0,0,0,0
4767159,1988,10469,1986,"NO","",,1,4,297,6,65,10,11,0.5,0.314,0,6,26.7,,,,
4767160,1988,10469,1986,"NO","",,1,3,297,6,65,7,13,0.4286,0.2722,0.4444,5.5385,41.4286,,,,
4767473,1988,10469,1985,"NO","",35945,3,3,148,5,52,2,1,0.5,0,0,9,29.5,0,0,0,0
4768804,1988,10476,1986,"NO","",631480,3,5,280,5,55,2,11,0,0.1653,,6.9091,37,0,0,0,0
4770111,1988,10483,1987,"NO","",,1,8,111,6,61,8,0,1,,0.2188,,9.125,,,,
4770728,1988,10483,1985,"NO","",159870,3,14,149,1,19,9,2,1,0.5,0.6173,10.5,11.3333,0.125,0.1111,0,0
4771539,1988,10490,1988,"NO","",,1,20,30,6,65,3,0,0.6667,,0.5,,21.3333,,,,
4772981,1988,10490,1986,"NO","",,1,11,361,4,45,9,0,0.7778,,0.2449,,14.6667,,,,
4773029,1988,10490,1986,"NO","",,1,19,702,2,22,6,31,1,0.8387,0.7222,7.2581,11.6667,,,,
4773978,1988,10497,1987,"NO","",100420,3,6,204,1,19,6,0,0.5,,0.4444,,38,0,0,,
4774265,1988,10497,1986,"NO","",515890,3,12,521,1,15,8,17,1,0.872,0.6875,7.1176,6.25,0,0,0,0
4774418,1988,10497,1986,"NO","",40575,3,9,307,4,49,2,0,1,,0.5,,7.5,0,0,,
4774989,1988,10504,1986,"NO","",,1,12,160,6,69,1,0,1,,0,,9,,,,
4775027,1988,10504,1987,"NO","",624205,2,3,181,6,69,4,0,1,,0,,8.25,0,0,,
4775363,1988,10504,1987,"NO","",,1,9,604,3,32,3,23,1,0,0,3.5652,4.3333,,,,
4775910,1988,10504,1986,"NO","",560255,3,14,360,2,24,8,5,0.875,0,0.2449,7.4,9.125,0,0,0,0
4776221,1988,10511,1986,"NO","",17020,3,8,73,4,43,4,1,1,0,0,6,15,0,0,0,0
4776532,1988,10511,1987,"NO","",,1,7,244,5,55,5,1,0.8,0,0.625,1,14.2,,,,
4777466,1988,10511,1986,"NO","",505405,3,13,336,4,41,13,2,0.6923,0,0.3704,8,23.2308,0,0,0,0
4778308,1988,10518,1986,"NO","",489185,3,16,405,6,64,4,2,0.75,0.5,0,5,12.25,0,0,0,0
4778463,1988,10518,1987,"NO","",,1,4,623,3,39,1,8,1,0.375,0,4.75,1,,,,
4780038,1988,10525,1986,"NO","",,1,2,411,5,59,14,1,0.2143,0,0.4444,7,51.8571,,,,
4780888,1988,10525,1986,"NO","",560255,3,13,375,2,21,12,4,1,0.625,0.7639,4.5,11.6667,0,0,0,0
4781470,1988,10532,1986,"NO","",407450,3,16,383,6,68,26,2,0.8077,0.5,0.1769,5,23.7692,0.4615,0.2308,1,0.5
4781763,1988,10532,1987,"NO","",602620,3,2,134,6,69,2,0,1,,0.5,,5.5,0,0,,
4782194,1988,10532,1986,"NO","",17060,2,19,174,4,41,7,1,0.1429,0,0,11,35.7143,0,0,0,0
4782336,1988,10532,1984,"NO","",192880,3,21,345,2,23,5,6,1,0,0.72,9.6667,7.2,0,0,0,0
4783665,1988,10539,1986,"NO","",,1,10,343,2,21,11,6,0.9091,0,0.18,6.3333,14.1818,,,,
4784077,1988,10546,1987,"NO","",,1,11,114,5,55,11,1,1,0,0.3967,7,13.9091,,,,
4784540,1988,10546,1987,"NO","",,1,6,409,5,51,4,5,1,0,0.625,5.2,6.25,,,,
4784560,1988,10546,1987,"NO","",,1,1,414,5,51,9,0,0.7778,,0.4082,,24.2222,,,,
4784742,1988,10546,1986,"NO","",407450,3,9,204,1,19,4,0,1,,0.375,,6.75,0,0,,
4786308,1988,10553,1987,"NO","",,1,6,71,1,11,7,6,1,0.6111,0,4.8333,15,,,,
4787309,1988,10560,1987,"NO","",323870,3,6,100,5,59,4,0,0.5,,0,,50.5,0,0,,
4787320,1988,10560,1987,"NO","",,1,9,110,6,66,2,7,1,0.2449,0.5,4.7143,2,,,,
4789116,1988,10567,1987,"NO","",41080,3,8,244,5,55,10,1,0.7,0,0.6939,7,29.3,0,0,0,0
4789190,1988,10567,1987,"NO","",592730,3,6,291,5,59,12,2,0.6667,0.5,0.5313,5,23.25,0,0,0,0
4790172,1988,10574,1986,"NO","",489185,3,13,72,5,52,9,2,0.7778,0.5,0.7755,8.5,16,0,0,0,0
4790463,1988,10574,1987,"NO","",611235,3,6,224,6,68,7,6,0.5714,0.5,0.75,6.1667,29.8571,0,0,0,0
4790562,1988,10574,1987,"NO","",,1,6,280,5,55,6,5,0.8333,0.32,0.32,5.6,10.1667,,,,
4791735,1988,10581,1986,"NO","",,1,2,34,1,19,8,5,0.5,0.72,0.625,6.2,40.375,,,,
4791856,1988,10581,1987,"NO","",516900,3,3,92,5,53,7,9,0.5714,0.3704,0.375,4.7778,16,0,0,0,0
4791999,1988,10581,1986,"NO","",353580,3,6,175,6,64,11,0,0.9091,,0.5,,12,0,0,,
4792916,1988,10581,1986,"NO","",220640,3,9,708,2,22,9,2,1,0.5,0.3704,1.5,11.6667,0,0,0,0
4793013,1988,10588,1987,"NO","",,1,11,5,6,65,5,1,1,0,0,9,10,,,,
4793106,1988,10588,1986,"NO","",613215,3,9,52,6,69,19,1,0.5789,0,0.314,7,21.7895,0,0,0,0
4793161,1988,10588,1987,"NO","",305005,3,12,68,6,63,12,10,0.75,0.74,0.5926,3.6,23.4167,0.4286,0.25,0.6667,0.6
4793340,1988,10588,1986,"NO","",141935,3,10,128,3,32,2,5,1,0,0,6,9.5,0,0,0.25,0.2
4793739,1988,10588,1987,"NO","",14515,3,7,405,6,64,6,6,1,0.2778,0,7,6.5,0,0,0,0
4794169,1988,10588,1987,"NO","",66155,3,4,530,1,15,0,0,,,,,,,,,
4794882,1989,10595,1988,"NO","",493055,3,8,122,6,66,3,0,1,,0.6667,,7.6667,0,0,,
4795198,1989,10595,1987,"NO","",141935,3,12,285,6,67,4,0,0.5,,0,,20.5,0,0,,
4795628,1989,10595,1986,"NO","",68240,3,17,424,3,31,1,8,1,0,0,5.875,2,0,0,0,0
4796162,1989,10595,1987,"NO","",288400,3,1,362,4,42,2,4,1,0.375,0,3.5,5,0,0,0,0
4797104,1989,10602,1987,"NO","",,5,15,434,6,69,2,13,1,0.4852,0.5,5.6154,7.5,,,,
4798156,1989,10609,1987,"NO","",217325,3,10,114,5,55,6,7,0.8333,0.6939,0.64,8.2857,14,0,0,0.2857,0.2857
4798168,1989,10609,1987,"NO","",,1,6,119,6,61,7,7,1,0.449,0,5.5714,12.5714,,,,
4798498,1989,10609,1987,"NO","",41010,3,18,405,6,64,6,7,0.3333,0.5714,0,3.4286,28.5,0,0,0.3333,0.1429
4798696,1989,10609,1987,"NO","",41685,3,3,264,5,51,12,5,1,0.56,0.1528,7.6,18.0833,0.25,0.0833,0,0
4799274,1989,10616,1987,"NO","",39505,3,1,5,6,65,6,0,0.3333,,0.5,,40,0,0,,
4800922,1989,10623,1986,"NO","",,1,17,137,6,69,3,0,0.6667,,0,,12.6667,,,,
4801239,1989,10623,1987,"NO","",388780,3,4,414,5,51,9,2,1,0.5,0.7407,4,14.3333,0,0,0,0
4801573,1989,10623,1987,"NO","",141935,3,13,502,1,19,3,10,1,0.48,0.6667,6.3,9,0,0,0.1,0.1
4802664,1989,10630,1987,"NO","",2915,3,7,271,5,51,7,2,1,0,0,6,12,0,0,0,0
