4803704,1989,10630,1987,"NO","",560255,3,7,375,2,21,5,0,1,,0.56,,3,0,0,,
4805549,1989,10644,1987,"NO","",141935,3,8,114,5,55,7,1,1,0,0.2449,9,13.1429,0,0,0,0
4809092,1989,10651,1987,"NO","",560255,3,16,360,2,24,4,1,1,0,0,8,6.25,0.25,0.25,0,0
4810245,1989,10658,1987,"NO","",,1,2,604,3,32,6,2,0.3333,0.5,0,8.5,44.1667,,,,
4810284,1989,10658,1988,"NO","",407450,3,4,75,5,52,4,9,1,0.7901,0.5,6.6667,14.25,0,0,0,0
4811460,1989,10665,1987,"NO","",587355,3,7,452,6,61,8,0,0.25,,0,,47,0,0,,
4812978,1989,10665,1986,"NO","",220640,3,6,702,2,22,6,0,1,,0.6111,,9.5,0,0,,
4815167,1989,10679,1987,"NO","",587355,3,8,452,6,61,7,2,0.2857,0,0,2.5,47.4286,0,0,0,0
4815295,1989,10679,1987,"NO","",41080,3,7,60,4,45,2,1,0.5,0,0,5,21,0,0,0,0
4816032,1989,10679,1988,"NO","",,1,3,623,3,39,6,6,1,0.2778,0,6,5,,,,
4816129,1989,10679,1987,"NO","",407450,3,4,204,1,19,4,2,1,0.5,0.375,4,18.5,0,0,0,0
4816152,1989,10679,1987,"NO","",,1,10,210,1,19,5,5,0.8,0.48,0.375,6.8,21.6,,,,
4817220,1989,10686,1987,"NO","",41115,3,3,5,6,65,7,2,0.7143,0.5,0.56,5,27.5714,0,0,0,0
4819863,1989,10693,1988,"NO","",171210,3,17,229,6,68,19,0,0.8421,,0.6016,,15.7368,0,0,,
4820345,1989,10693,1987,"NO","",407465,3,33,106,1,12,9,3,0.6667,0.6667,0.2778,5.3333,24.8889,0,0,0.5,0.3333
4821486,1989,10700,1988,"NO","",,1,17,53,6,68,7,5,1,0.56,0,4.6,4.8571,,,,
4822230,1989,10700,1987,"NO","",353580,3,6,414,5,51,3,2,0.6667,0,0.5,4.5,22.3333,0,0,0,0
4825507,1989,10714,1987,"NO","",40075,3,3,16,5,59,7,9,0.1429,0.1975,0,7.8889,74.7143,1,0.1429,0,0
4825955,1989,10714,1986,"NO","",323940,3,10,172,6,64,9,3,0.8889,0,0,9,18.7778,0,0,0,0
4826183,1989,10714,1987,"NO","",,1,17,280,5,55,5,4,1,0,0.56,7.75,11.4,,,,
4826385,1989,10714,1987,"NO","",321735,3,9,414,5,51,8,2,0.625,0,0,6.5,24.875,0,0,0,0
4828150,1989,10721,1988,"NO","",,1,6,222,1,19,3,4,0.6667,0,0,6,34.3333,,,,
4828809,1989,10721,1986,"NO","",188830,3,24,423,1,19,9,3,0.8889,0.6667,0.4688,7,18.6667,0,0,0,0
4829306,1989,10721,1987,"NO","",407000,3,15,342,2,21,15,7,1,0.2449,0.48,4.5714,8.8,0,0,0,0
4830336,1989,10728,1988,"NO","",,1,9,254,5,59,10,0,0.9,,0.5679,,10.4,,,,
4831599,1989,10728,1987,"NO","",220640,3,13,367,2,21,5,2,1,0.5,0.64,3.5,11.6,0.6667,0.4,0,0
4831943,1989,10735,1988,"NO","",170635,3,13,110,6,66,3,20,1,0.78,0.4444,4.7,5.3333,0,0,0,0
4832497,1989,10735,1987,"NO","",405625,3,5,366,1,19,8,1,0.5,0,0.625,9,42.25,0,0,0,0
4832506,1989,10735,1985,"NO","",407450,3,10,383,6,68,18,4,0.7778,0.375,0.4694,9,21.3889,0.4,0.2222,0.3333,0.25
4832569,1989,10735,1987,"NO","",,1,23,416,1,19,9,3,0.4444,0.4444,0.5,7.6667,46.2222,,,,
4832803,1989,10735,1987,"NO","",,1,11,427,1,12,2,15,1,0.3378,0.5,5.6,3.5,,,,
4832940,1989,10735,1986,"NO","",412795,3,10,424,3,31,8,21,1,0.4671,0.625,7.8571,3.875,0,0,0,0
4833074,1989,10735,1987,"NO","",104245,2,15,435,3,33,0,4,,0.625,,5.25,,,,0.25,0.25
4833976,1989,10742,1985,"NO","",315785,3,9,92,5,53,6,6,1,0.7778,0.6667,10.6667,12.3333,0,0,0,0
4834014,1989,10742,1987,"NO","",,5,22,114,5,55,10,0,1,,0.32,,9.2,,,,
4834618,1989,10742,1987,"NO","",540700,3,14,417,5,53,7,1,0.5714,0,0.375,3,47.4286,0,0,0,0
4836181,1989,10749,1988,"NO","",,1,8,126,6,66,4,9,0.25,0.1975,0,6.4444,49.75,,,,
4837917,1989,10756,1987,"NO","",316155,3,4,29,5,52,6,0,0.6667,,0.375,,21.6667,0.25,0.1667,,
4837973,1989,10756,1987,"NO","",,1,7,47,6,61,16,1,0.6875,0,0.1653,4,23,,,,
4838995,1989,10756,1987,"NO","",574900,3,5,162,1,19,1,6,0,0.6667,,5.1667,45,0,0,0,0
4840047,1989,10763,1988,"NO","",305005,3,19,68,6,63,12,6,0.75,0.7222,0.5926,3,24.4167,0.4286,0.25,0.3333,0.3333
4840535,1989,10763,1988,"NO","",323870,3,2,415,5,53,6,3,0.5,0.6667,0.4444,3.6667,30.1667,0,0,0,0
4840546,1989,10763,1986,"NO","",,1,6,417,5,53,3,0,0,,,,50.6667,,,,
4841192,1989,10763,1987,"NO","",222535,3,6,310,4,45,8,3,1,0,0.5313,4.3333,12.25,0,0,0,0
4841716,1989,10770,1988,"NO","",594250,3,15,53,6,68,2,3,0.5,0,0,8.3333,44,0,0,0,0
4842075,1989,10770,1988,"NO","",381140,3,15,166,6,64,13,1,1,0,0.426,4,6.1538,0.25,0.2308,0,0
4843597,1989,10770,1987,"NO","",,1,15,367,2,21,2,10,1,0.74,0.5,6.9,6.5,,,,
4844464,1989,10777,1987,"NO","",,1,9,463,6,62,4,7,1,0.4898,0,4.2857,3,,,,
4845573,1989,10777,1987,"NO","",560255,3,13,360,2,24,7,1,1,0,0,9,12.7143,0.1667,0.1429,0,0
4846364,1989,10784,1988,"NO","",407450,3,7,220,6,68,6,4,1,0.625,0.7778,4,10.8333,0,0,0.5,0.5
4846434,1989,10784,1988,"NO","",288405,3,4,248,6,69,10,11,0.8,0.1653,0.4688,6.1818,14.9,0,0,0,0
4846622,1989,10784,1987,"NO","",273450,3,4,411,5,59,5,0,0.4,,0.5,,32.4,0,0,,
4846680,1989,10784,1988,"NO","",170615,3,5,432,6,66,8,0,0.875,,0.449,,15.375,0.1667,0.125,,
4846988,1989,10784,1987,"NO","",,1,17,252,1,19,6,3,1,0.6667,0.5,8.6667,10.1667,,,,
4847094,1989,10784,1987,"NO","",204985,3,11,425,5,51,11,3,0.9091,0.4444,0.66,6,12.9091,0,0,0,0
4847818,1989,10784,1988,"NO","",576095,2,14,368,6,69,9,43,0.8889,0.7085,0.6875,5.1628,8.8889,0.2,0.1111,0.2381,0.2326
4848354,1989,10791,1988,"NO","",611550,3,13,600,3,32,12,13,1,0.2722,0.4861,4.6154,8.4167,0,0,0,0
4848471,1989,10791,1987,"NO","",141935,3,23,166,6,64,13,2,0.6154,0.5,0.2188,4,25.2308,0,0,0,0
4848666,1989,10791,1988,"NO","",382050,3,1,239,5,59,5,0,0.8,,0,,15.8,0,0,,
4848966,1989,10791,1988,"NO","",14515,3,13,405,6,64,2,0,1,,0,,10.5,0,0,,
4850134,1989,10798,1987,"NO","",,1,7,47,6,61,22,3,0.7727,0,0.5467,8,25.2273,,,,
4850505,1989,10798,1988,"NO","",141935,3,6,220,6,68,8,0,0.625,,0.32,,27.75,0,0,,
4850603,1989,10798,1987,"NO","",,1,10,277,6,67,9,1,1,0,0,4,14.7778,,,,
4852294,1989,10805,1987,"NO","",,1,4,43,6,61,16,0,0.25,,0,,51.1875,,,,
4852391,1989,10805,1988,"NO","",141935,3,14,73,4,43,8,3,1,0.4444,0.6875,4.3333,9.125,0,0,0,0
4852519,1989,10805,1987,"NO","",34310,3,15,119,6,61,7,2,1,0,0.6531,5.5,15.4286,0,0,0,0
4852614,1989,10805,1987,"NO","",141935,3,22,138,6,67,19,1,0.8421,0,0.4141,5,15.3158,0,0,0,0
4854269,1989,10812,1988,"NO","",,1,19,119,6,61,1,4,1,0.375,0,5.25,10,,,,
4855536,1989,10812,1988,"NO","",17035,3,7,174,4,41,5,0,1,,0,,8,0,0,,
4856347,1989,10819,1987,"NO","",,1,7,73,4,43,4,3,0.5,0,0,6.3333,24.5,,,,
4857559,1989,10819,1988,"NO","",215305,2,16,518,1,19,1,8,1,0.2188,0,3.875,3,0,0,0,0
4858692,1989,10826,1988,"NO","",141935,3,10,166,6,64,2,2,1,0,0,3.5,4,0,0,0,0
4859862,1989,10826,1988,"NO","",579835,3,46,250,4,44,3,2,1,0.5,0.4444,6,11.3333,0,0,0.5,0.5
4860264,1989,10826,1988,"NO","",220640,3,7,367,2,21,4,0,0.75,,0.4444,,34.25,0,0,,
4860458,1989,10833,1987,"NO","",,1,5,33,6,69,5,3,1,0.4444,0.48,6.6667,10.6,,,,
4860681,1989,10833,1988,"NO","",141935,3,10,114,5,55,7,1,0.5714,0,0.625,4,23.7143,0,0,0,0
4860811,1989,10833,1988,"NO","",41695,3,9,160,6,69,7,2,0.2857,0,0.5,6.5,36.4286,0,0,0,0
4860987,1989,10833,1986,"NO","",363490,3,14,248,6,69,15,5,0.6667,0.72,0,8,24.5333,0,0,0,0
4863078,1989,10840,1988,"NO","",,1,16,223,6,63,4,10,0,0.58,,6.5,33.5,,,,
4863715,1989,10840,1985,"NO","",412795,3,36,424,3,31,5,21,1,0.1769,0,8.1905,3.8,0,0,0,0
4865702,1989,10847,1988,"NO","",407440,3,8,205,1,19,5,8,1,0.375,0.72,3.125,7.2,0,0,0,0
4866548,1989,10847,1987,"NO","",560255,3,5,360,2,24,7,18,1,0,0,5.7778,8.8571,0.5,0.4286,0.1667,0.1667
4868156,1989,10854,1987,"NO","",66155,3,2,514,3,31,2,0,1,,0,,8,0,0,,
4868737,1989,10854,1987,"NO","",560255,3,9,710,2,22,3,3,1,0.4444,0.4444,6,5.3333,0,0,0,0
4869345,1989,10861,1988,"NO","",,1,3,182,6,65,10,0,0.7,,0,,25.8,,,,
4869387,1989,10861,1988,"NO","",470645,3,21,62,6,69,11,2,0.9091,0.5,0.82,4.5,18.2727,0,0,0,0
4869810,1989,10861,1987,"NO","",,1,4,208,1,19,12,3,0.75,0.6667,0.7407,4.6667,20.4167,,,,
4870513,1989,10861,1986,"NO","",560255,3,13,360,2,24,2,0,0.5,,0,,15,0,0,,
4870626,1989,10861,1987,"NO","",141935,3,3,367,2,21,5,3,1,0.4444,0,5,12,0,0,0,0
4871145,1989,10868,1984,"NO","",195445,3,2,254,5,59,5,0,0.6,,0.4444,,27.2,0,0,,
4871279,1989,10868,1988,"NO","",,1,11,404,6,69,4,2,0.75,0,0,3,24.5,,,,
4871425,1989,10868,1988,"NO","",18240,3,4,162,1,19,6,0,1,,0.2778,,7,0,0,,
4872547,1989,10875,1988,"NO","",,1,4,198,5,59,2,0,0,,,,101.5,,,,
4872978,1989,10875,1987,"NO","",187160,3,14,210,1,19,2,0,1,,0,,10,0,0,,
4874780,1989,10882,1987,"NO","",407450,3,4,514,3,31,3,4,1,0.375,0.6667,6.75,8,0,0,0.5,0.5
4875354,1989,10889,1987,"NO","",,1,10,72,5,52,8,1,0.375,0,0,5,41.25,,,,
4876157,1989,10889,1988,"NO","",,1,6,428,6,69,4,10,0.5,0.66,0,4.9,20,,,,
4876964,1989,10896,1988,"NO","",465400,3,7,102,1,19,9,2,0.2222,0.5,0,2.5,34.1111,0,0,0,0
4877046,1989,10896,1988,"NO","",40015,3,4,137,6,69,6,0,0.8333,,0.64,,17,0,0,,
4880088,1989,10910,1988,"NO","",118225,2,13,188,5,53,9,2,1,0.5,0.6667,5.5,11.7778,0,0,0,0
4880102,1989,10910,1988,"NO","",,1,4,198,5,59,9,1,0.8889,0,0.2188,5,15.4444,,,,
4880763,1989,10910,1988,"NO","",141935,3,15,502,1,19,4,11,1,0.5124,0.625,5.3636,8.75,0,0,0,0
4880982,1989,10910,1987,"NO","",268470,3,11,250,4,44,6,1,1,0,0.2778,10,12.8333,0,0,0,0
4881286,1989,10917,1988,"NO","",305005,3,9,8,1,11,16,7,0.8125,0.7347,0.6272,6.5714,20.5625,0.6364,0.4375,0.1429,0.1429
4882995,1989,10924,1989,"NO","",,1,13,102,1,19,11,0,0.6364,,0,,24.0909,,,,
4883389,1989,10924,1987,"NO","",243620,3,11,405,6,64,11,0,0.8182,,0.4444,,24.1818,0,0,,
4884634,1989,10931,1987,"NO","",271545,3,4,166,6,64,21,2,0.9048,0.5,0.2825,6,16.0476,0,0,0,0
4884985,1989,10931,1985,"NO","",74930,3,4,440,5,55,3,2,0.6667,0.5,0.5,9.5,29.6667,0,0,0,0
4887605,1989,10945,1988,"NO","",,1,12,600,3,32,13,46,1,0.465,0.4852,5.087,4.3077,,,,
4887942,1989,10945,1988,"NO","",,1,7,417,5,53,10,2,0.9,0,0.4938,6.5,16.4,,,,
4888981,1989,10952,1985,"NO","",,1,4,73,4,43,1,2,1,0.5,0,9,17,,,,
4889197,1989,10952,1988,"NO","",407450,3,11,175,6,64,15,5,0.2,0.48,0.4444,5.6,40.8667,0,0,0,0
4890546,1990,10959,1988,"NO","",,1,7,454,5,59,5,2,0.6,0,0.4444,5,28,,,,
4890886,1990,10959,1988,"NO","",436545,3,36,297,6,65,2,5,0.5,0,0,7.8,34,0,0,0,0
4891917,1990,10966,1988,"NO","",,1,19,52,6,69,5,0,1,,0.32,,19,,,,
4892495,1990,10966,1988,"NO","",,1,10,441,6,69,3,30,1,0.54,0.4444,6.1333,11.3333,,,,
4893367,1990,10973,1989,"NO","",,1,1,5,6,65,6,6,0.8333,0.5,0.48,3.3333,25.8333,,,,
4893628,1990,10973,1988,"NO","",,1,15,600,3,32,3,9,1,0.3704,0.4444,4.3333,5,,,,
4895093,1990,10980,1988,"NO","",,1,7,114,5,55,7,2,0.4286,0.5,0.4444,2.5,41,,,,
4895319,1990,10980,1988,"NO","",,1,8,244,5,55,7,5,0.5714,0.32,0,6.4,25.5714,,,,
4895710,1990,10980,1987,"NO","",,5,9,423,1,19,3,2,0.6667,0.5,0,2.5,43,,,,
4896748,1990,10987,1988,"NO","",92425,2,9,187,5,55,19,6,0.7368,0.5,0.3673,5.5,17.4211,0,0,0,0
4896790,1990,10987,1988,"NO","",407450,3,20,220,6,68,4,4,1,0.75,0.625,6.75,21.5,0,0,0.25,0.25
4897140,1990,10987,1988,"NO","",,1,12,156,1,19,7,3,0.4286,0.6667,0.4444,4.6667,47.2857,,,,
4898273,1990,10994,1986,"NO","",470640,3,5,206,6,68,11,2,0.7273,0.5,0.6875,8.5,23,0,0,0,0
4898741,1990,10994,1988,"NO","",516895,3,4,426,6,61,2,4,1,0.75,0,5.25,11.5,0,0,0,0
4901752,1990,11008,1989,"NO","",542440,3,10,137,6,69,7,4,0.8571,0.375,0.7222,1,14.2857,0,0,0,0
4901956,1990,11008,1986,"NO","",,1,9,248,6,69,5,2,0.6,0.5,0.6667,5.5,31.8,,,,
4902204,1990,11008,1988,"NO","",323870,3,3,417,5,53,3,0,0.6667,,0,,20.3333,0,0,,
4903764,1990,11015,1988,"NO","",,1,5,166,6,64,3,0,1,,0,,18.6667,,,,
4903771,1990,11015,1988,"NO","",480610,3,8,166,6,64,6,2,1,0,0,5.5,18.1667,0,0,0,0
4904117,1990,11015,1988,"NO","",141935,3,6,405,6,64,6,1,0.5,0,0.4444,7,36.8333,0,0,0,0
4904121,1990,11015,1988,"NO","",41010,3,18,405,6,64,7,2,0.4286,0,0,7,25.4286,0.5,0.1429,0,0
4905492,1990,11022,1988,"NO","",234185,3,4,72,5,52,5,4,0.2,0.5,0,6.5,46.6,0,0,0.5,0.5
4905763,1990,11022,1989,"NO","",118225,2,1,166,6,64,2,0,1,,0,,20.5,0,0,,
4905958,1990,11022,1988,"NO","",436660,3,13,251,5,53,1,0,1,,0,,24,0,0,,
4906136,1990,11022,1988,"NO","",323875,3,8,405,6,64,4,6,1,0,0,5.6667,11.25,0,0,0,0
4908020,1990,11029,1988,"NO","",265825,3,6,604,3,32,2,5,1,0,0,2.4,2.5,0,0,0,0
4908491,1990,11029,1988,"NO","",407450,3,19,219,4,49,5,0,1,,0.64,,9.4,0,0,,
4909671,1990,11036,1988,"NO","",409195,3,7,405,6,64,3,2,1,0,0,3.5,9,0,0,0.5,0.5
4909858,1990,11036,1988,"NO","",407450,3,6,148,5,52,1,3,1,0.4444,0,5.6667,25,0,0,0,0
4910148,1990,11036,1987,"NO","",159010,3,14,435,3,33,3,17,1,0.7889,0.4444,7.6471,3,0,0,0,0
4912977,1990,11050,1989,"NO","",,1,47,73,4,43,9,2,0.6667,0.5,0.2778,4.5,23.4444,,,,
4913080,1990,11050,1988,"NO","",323945,3,12,114,5,55,6,5,0.8333,0.56,0.56,4.6,15.5,0,0,0,0
4913588,1990,11050,1988,"NO","",,1,7,405,6,64,8,2,1,0,0.7813,3.5,9.125,,,,
4913590,1990,11050,1988,"NO","",141935,3,7,405,6,64,4,2,0.75,0.5,0.4444,5,27,0,0,0,0
4913903,1990,11050,1989,"NO","",22715,2,9,424,3,31,24,24,1,0.7396,0.809,4.5417,10.625,0.4348,0.4167,0,0
4914959,1990,11057,1989,"NO","",141935,3,9,73,4,43,10,2,1,0.5,0.46,4.5,14.4,0,0,0,0
4915156,1990,11057,1988,"NO","",,1,12,164,5,52,1,1,1,0,0,7,24,,,,
4915357,1990,11057,1988,"NO","",271555,3,6,254,5,59,3,0,0,,,,41.3333,0,0,,
4915486,1990,11057,1987,"NO","",449445,3,12,349,1,19,8,11,1,0.6446,0.7813,5.8182,12.125,0,0,0,0
4915501,1990,11057,1987,"NO","",,1,4,356,4,43,3,4,1,0.625,0,6.5,12.6667,,,,
4916312,1990,11057,1988,"NO","",497495,2,18,250,4,44,11,1,0.2727,0,0,7,37.7273,0,0,0,0
4916797,1990,11064,1988,"NO","",,1,10,29,5,52,1,3,1,0,0,7,13,,,,
4916851,1990,11064,1989,"NO","",21955,3,3,43,6,61,3,0,0,,,,80,0,0,,
4916953,1990,11064,1988,"NO","",,1,7,73,4,43,5,1,1,0,0,8,10.2,,,,
4919231,1990,11071,1988,"NO","",,1,7,182,6,65,5,1,0.4,0,0,4,62.4,,,,
4920500,1990,11071,1987,"NO","",583795,3,12,700,2,22,6,14,1,0.6122,0,5.6429,8.8333,0,0,0,0
4921003,1990,11078,1988,"NO","",141935,3,3,137,6,69,12,4,0.6667,0,0.5313,5.75,25,0,0,0,0
4921304,1990,11078,1986,"NO","",,1,2,297,6,65,9,1,0.6667,0,0,9,20,,,,
4923457,1990,11085,1986,"NO","",271545,3,2,604,3,32,3,5,1,0.64,0.4444,8.2,9,0,0,0,0
4924642,1990,11092,1988,"NO","",,1,5,52,6,69,11,1,0.3636,0,0,5,34.3636,,,,
4925317,1990,11092,1988,"NO","",407450,3,19,383,6,68,3,3,1,0,0,5.6667,12,0.5,0.3333,0.5,0.3333
4926775,1990,11099,1988,"NO","",,1,9,114,5,55,2,3,1,0.4444,0.5,6.6667,16.5,,,,
4930691,1990,11113,1988,"NO","",407450,3,22,222,1,19,4,2,1,0.5,0.375,4.5,12.25,0,0,0.5,0.5
4931098,1990,11113,1988,"NO","",170615,3,13,106,1,12,4,5,0.75,0.56,0.6667,4.6,13,0,0,0,0
4931730,1990,11113,1987,"NO","",134425,3,11,324,4,43,5,17,0.8,0.4429,0.5,4.9412,19.2,0,0,0,0
4932415,1990,11120,1988,"NO","",611555,3,6,600,3,32,5,8,1,0.2188,0,5,2.6,0,0,0,0
4932848,1990,11120,1988,"NO","",323870,3,6,417,5,53,7,6,0.4286,0.6667,0,5.8333,31.5714,0,0,0,0
4933031,1990,11120,1987,"NO","",170610,3,19,106,1,12,11,4,1,0.625,0.595,6,9.8182,0,0,0,0
4934027,1990,11127,1989,"NO","",23510,3,13,452,6,61,7,5,0.8571,0,0,2.8,13.4286,0,0,0,0
4934373,1990,11127,1988,"NO","",611550,3,12,600,3,32,5,6,1,0.5,0.48,6.3333,7.8,0,0,0,0
4934872,1990,11127,1987,"NO","",14515,3,17,405,6,64,12,7,0.8333,0.4082,0.34,6.4286,20.6667,0,0,0,0
4935060,1990,11127,1989,"NO","",170615,3,17,106,1,12,2,15,1,0.5511,0.5,4.1333,4.5,0.5,0.5,0,0
4936727,1990,11134,1987,"NO","",,1,5,411,5,59,9,1,0,0,,7,67.6667,,,,
4938025,1990,11141,1988,"NO","",641820,3,9,60,4,45,4,1,0.75,0,0.4444,2,30,0,0,0,0
4938539,1990,11141,1989,"NO","",,1,4,300,6,69,1,5,1,0.48,0,4.6,6,,,,
4938632,1990,11141,1989,"NO","",409195,3,11,405,6,64,9,4,1,0,0.4938,3.5,9.4444,0,0,0,0
4940361,1990,11148,1989,"NO","",,1,7,405,6,64,5,1,1,0,0.56,3,8,,,,
4940362,1990,11148,1989,"NO","",,1,8,405,6,64,8,3,1,0.6667,0.2188,7.6667,6.625,,,,
4941511,1990,11155,1988,"NO","",141935,3,7,138,6,67,19,5,1,0.72,0.6094,5.2,10.6842,0,0,0,0
4942354,1990,11155,1989,"NO","",,1,1,205,1,19,6,5,1,0.56,0.7222,2.2,9.1667,,,,
4942903,1990,11162,1988,"NO","",161600,3,17,138,6,67,14,6,1,0.6111,0.3367,5.1667,9.3571,0,0,0,0
4943954,1990,11162,1989,"NO","",272165,3,10,367,2,21,2,4,1,0.625,0.5,5,11,0,0,0,0
4944604,1990,11169,1988,"NO","",407450,3,10,383,6,68,14,0,1,,0,,7.4286,0.5385,0.5,,
4944672,1990,11169,1989,"NO","",407450,3,6,432,6,66,3,1,1,0,0,7,7,0,0,1,1
4945276,1990,11169,1989,"NO","",141935,3,6,310,4,45,18,2,1,0.5,0.5494,4.5,12.4444,0,0,0,0
4947462,1990,11176,1988,"NO","",,1,10,219,4,49,20,2,0.45,0,0,7.5,27.85,,,,
4948232,1990,11183,1989,"NO","",,1,3,349,1,19,7,29,1,0.7015,0.449,5.931,7.2857,,,,
4948572,1990,11183,1989,"NO","",515890,3,15,423,1,19,5,1,0.8,0,0,1,21.2,0,0,1,1
4950348,1990,11190,1988,"NO","",171710,3,9,156,1,19,4,9,1,0.4938,0.625,5.3333,5.75,0,0,0,0
4950396,1990,11190,1989,"NO","",65910,3,7,210,1,19,13,10,0.8462,0,0,5.1,20.7692,0,0,0,0
4951438,1990,11197,1989,"NO","",422955,3,18,52,6,69,6,3,0.5,0.4444,0.4444,5.6667,44.6667,0,0,0,0
4951754,1990,11197,1989,"NO","",,1,6,169,6,69,7,0,0.4286,,0,,41.4286,,,,
4952379,1990,11197,1988,"NO","",407450,3,6,423,1,19,5,0,0.2,,0,,44.4,0,0,,
4953505,1990,11204,1989,"NO","",382010,3,15,119,6,61,6,2,0.8333,0,0.32,7.5,23.1667,0,0,0,0
4954228,1990,11204,1988,"NO","",100425,3,5,205,1,19,0,0,,,,,,,,,
4954234,1990,11204,1989,"NO","",100430,3,6,204,1,19,4,0,1,,0.375,,9.75,0,0,,
4956054,1990,11211,1989,"NO","",407450,3,20,205,1,19,4,2,1,0,0.625,3,9.75,0,0,0.5,0.5
4956344,1990,11211,1989,"NO","",237375,3,1,514,3,31,1,1,1,0,0,1,9,0,0,0,0
4957551,1990,11218,1988,"NO","",170615,3,12,75,5,52,3,7,1,0.6939,0.4444,5.5714,17,0,0,0,0
4958512,1990,11225,1989,"NO","",,1,1,73,4,43,9,5,0.8889,0.32,0.2188,6.6,11,,,,
4959222,1990,11225,1988,"NO","",110990,3,11,424,3,31,3,0,0.6667,,0,,15.6667,0,0,,
4959888,1990,11232,1989,"NO","",417545,3,8,452,6,61,7,2,1,0,0.449,6.5,11.2857,0,0,0,0
4960305,1990,11232,1987,"NO","",,1,19,297,6,65,17,2,0.5882,0,0.34,10.5,23.5882,,,,
4960341,1990,11232,1989,"NO","",39590,3,9,403,6,67,1,0,1,,0,,25,0,0,,
4960795,1990,11232,1988,"NO","",407450,3,12,514,3,31,1,14,1,0.6122,0,5.0714,4,0,0,0.0833,0.0714
4962807,1990,11246,1989,"NO","",407450,3,19,164,5,52,3,2,1,0,0,7.5,3.6667,0,0,0.5,0.5
4963878,1990,11246,1988,"NO","",,1,13,343,2,21,8,4,0.625,0,0,8.75,18.875,,,,
4965973,1990,11260,1988,"NO","",,1,26,52,6,69,4,14,0.5,0.5,0.5,6.0714,29.5,,,,
4968094,1990,11267,1989,"NO","",,1,4,297,6,65,6,6,0.8333,0.5,0.32,5,19.8333,,,,
4968183,1990,11267,1989,"NO","",323855,3,7,405,6,64,6,4,1,0.625,0.5,3.25,4.3333,0,0,0,0
4970146,1990,11274,1987,"NO","",243795,3,4,435,3,33,6,0,1,,0.5,,9.6667,0,0,,
4971307,1990,11281,1987,"NO","",141935,3,7,285,6,67,22,2,0.5909,0,0.8402,9,30.1364,0,0,0,0
4972656,1990,11288,1989,"NO","",594250,3,10,53,6,68,3,11,1,0.1653,0.4444,4.9091,5.3333,0,0,0,0
4972839,1990,11288,1988,"NO","",,1,31,600,3,32,7,12,1,0.5139,0.2449,5.1667,3.1429,,,,
4972955,1990,11288,1990,"NO","",,1,3,206,6,68,5,0,0.4,,0.5,,41.6,,,,
4973457,1990,11288,1989,"NO","",407450,3,4,423,1,19,1,3,1,0.4444,0,3,20,0,0,0,0
4975116,1990,11295,1989,"NO","",170635,3,6,75,5,52,3,2,1,0.5,0,1.5,17,0,0,0.5,0.5
4975234,1990,11295,1989,"NO","",204985,3,8,264,5,51,12,1,0.9167,0,0.6281,6,12.9167,0,0,0,0
4976586,1990,11302,1989,"NO","",305005,3,18,415,5,53,8,3,1,0.6667,0.6875,6,6.875,0.4286,0.375,0,0
4978342,1990,11309,1988,"NO","",,1,1,604,3,32,14,6,1,0.4444,0.602,6,10.9286,,,,
4978546,1990,11309,1989,"NO","",,1,20,426,6,61,4,5,0.5,0.32,0,4.8,21.25,,,,
4979356,1990,11316,1989,"NO","",353580,3,10,81,5,59,2,0,1,,0.5,,6,0,0,,
4982475,1991,11330,1989,"NO","",,1,3,16,5,59,8,2,0.375,0.5,0,3,67.375,,,,
4982680,1991,11330,1989,"NO","",568140,3,2,114,5,55,4,1,0.75,0,0.4444,9,18.75,0,0,0,0
4983342,1991,11330,1989,"NO","",407465,3,24,264,5,51,17,0,0.8235,,0.6531,,17.7647,0,0,,
4984111,1991,11330,1988,"NO","",560255,3,10,360,2,24,9,8,1,0,0,4.5,7.4444,0.2222,0.2222,0.25,0.25
4984846,1991,11337,1989,"NO","",292110,3,13,297,6,65,6,5,0.6667,0,0,6.2,18.6667,0,0,0,0
4984968,1991,11337,1989,"NO","",593375,3,2,416,1,19,4,0,0.75,,0.6667,,24.25,0,0,,
4985233,1991,11337,1985,"NO","",412795,3,22,424,3,31,12,24,0.9167,0.4722,0.6446,7.7917,10.9167,0,0,0,0
4986970,1991,11344,1989,"NO","",407450,3,6,423,1,19,6,2,1,0.5,0,3,4.8333,0,0,0,0
4986971,1991,11344,1989,"NO","",170615,3,6,423,1,19,3,1,1,0,0.4444,8,12.3333,0,0,0,0
4986980,1991,11344,1985,"NO","",412795,3,31,424,3,31,11,36,0.9091,0.3719,0.68,8.5556,11.5455,0,0,0,0
4987122,1991,11344,1988,"NO","",412795,3,6,514,3,31,0,1,,0,,2,,,,0,0
4988538,1991,11351,1989,"NO","",141935,3,5,427,1,12,6,4,0.5,0.375,0.6667,4.75,25.5,0,0,0,0
4990045,1991,11358,1989,"NO","",,1,14,414,5,51,4,2,0.25,0,0,3,40.5,,,,
4990601,1991,11358,1988,"NO","",456725,3,9,536,1,14,1,3,0,0.6667,,6.6667,105,0,0,0,0
4991614,1991,11365,1989,"NO","",323865,3,5,137,6,69,1,5,1,0.56,0,6.8,3,0,0,0,0
4991979,1991,11365,1989,"NO","",407450,3,13,383,6,68,6,4,1,0.625,0.2778,5.5,13.8333,0.3333,0.1667,0,0
4992119,1991,11365,1990,"NO","",407450,3,4,149,1,19,6,2,1,0,0.5,5.5,9,0,0,0,0
4992146,1991,11365,1988,"NO","",407450,3,7,205,1,19,3,0,1,,0,,15.6667,0,0,,
4992377,1991,11365,1988,"NO","",,1,4,435,3,33,7,10,1,0.74,0,7.5,13,,,,
4992797,1991,11365,1987,"NO","",407000,3,8,342,2,21,24,14,1,0.2551,0.4688,6.2857,9.0417,0,0,0,0
4992990,1991,11365,1990,"NO","",217325,3,18,367,2,21,4,4,1,0,0.375,2.75,4,0,0,0,0
4995052,1991,11372,1990,"NO","",205070,3,3,375,2,21,8,6,1,0.5,0.2188,3,4.5,0,0,0,0
4995469,1991,11379,1989,"NO","",92425,2,13,180,5,55,5,2,1,0.5,0.64,5,11.2,0,0,0,0
4996440,1991,11379,1990,"NO","",579835,3,18,250,4,44,2,3,1,0.6667,0.5,6,9.5,0,0,0,0
4998227,1991,11386,1989,"NO","",407450,3,18,367,2,21,9,1,0.8889,0,0.2188,2,11.3333,0,0,0,0
5002400,1991,11407,1989,"NO","",407450,3,25,383,6,68,4,6,1,0.5,0,6,9.25,0.25,0.25,0,0
5002433,1991,11407,1989,"NO","",227330,3,6,405,6,64,6,0,1,,0.6111,,9.1667,0,0,,
5004051,1991,11414,1989,"NO","",409195,3,22,166,6,64,7,1,1,0,0.449,1,14.1429,0,0,0,0
5004496,1991,11414,1990,"NO","",170615,3,17,75,5,52,5,6,1,0.4444,0.56,4.1667,12.2,0,0,0,0
5005272,1991,11421,1990,"NO","",,1,17,26,6,63,10,3,0.9,0.4444,0,7.6667,20.3,,,,
5006509,1991,11421,1988,"NO","",,1,3,514,3,31,1,1,1,0,0,7,5,,,,
5007413,1991,11428,1986,"NO","",,1,6,602,3,32,8,6,0.875,0.6111,0.449,8.3333,21.75,,,,
5007480,1991,11428,1989,"NO","",170615,3,28,166,6,64,6,1,0.8333,0,0.72,5,17.6667,0,0,0,0
5007769,1991,11428,1989,"NO","",170100,3,17,405,6,64,4,2,1,0,0.5,6,6.5,0,0,0,0
5008197,1991,11428,1989,"NO","",,1,9,435,3,33,4,2,1,0,0.375,4,7.25,,,,
5009349,1991,11435,1989,"NO","",,1,10,224,6,68,10,0,0.2,,0,,45.2,,,,
5009680,1991,11435,1990,"NO","",14515,3,6,95,1,13,2,1,1,0,0.5,2,4.5,0,0,0,0
5009792,1991,11435,1989,"NO","",407450,3,4,210,1,19,8,1,0.875,0,0.2449,3,16.5,0,0,0,0
5009908,1991,11435,1989,"NO","",15975,3,24,426,6,61,2,6,1,0.7778,0.5,3.6667,1.5,0,0,0,0
5010010,1991,11435,1989,"NO","",504390,3,38,435,3,33,10,11,1,0.6777,0,5.3636,7.8,0,0,0,0
5011285,1991,11442,1989,"NO","",407450,3,11,356,4,43,3,1,1,0,0.4444,6,8.6667,0,0,0,0
5011335,1991,11442,1989,"NO","",409195,3,15,405,6,64,7,2,0.7143,0,0,7.5,18.7143,0,0,0,0
5012756,1991,11449,1989,"NO","",,1,9,114,5,55,8,1,0.875,0,0.4082,2,13.5,,,,
5014249,1991,11449,1990,"NO","",217325,3,14,367,2,21,2,0,1,,0,,10,0,0,,
5015178,1991,11456,1989,"NO","",306540,3,2,432,6,66,8,0,0.375,,0.4444,,37.375,0,0,,
5015351,1991,11456,1989,"NO","",,1,18,204,1,19,3,7,1,0.6939,0,5,11.3333,,,,
5016411,1991,11463,1990,"NO","",41150,3,12,52,6,69,7,2,1,0.5,0.2449,4,13.7143,0,0,0,0
5016718,1991,11463,1990,"NO","",,5,5,175,6,64,8,15,0.5,0.1244,0,5.0667,29.75,,,,
5016880,1991,11463,1990,"NO","",,1,12,463,6,62,4,19,1,0.4986,0.375,4.4211,5.5,,,,
5018940,1991,11470,1990,"NO","",363925,3,7,414,5,51,3,6,0.6667,0.2778,0.5,3.8333,29,0,0,0,0
5022732,1991,11484,1989,"NO","",540885,2,34,385,2,21,17,2,1,0,0.4014,5,9.7647,0.4,0.3529,0.5,0.5
5023428,1991,11484,1989,"NO","",,1,8,219,4,49,2,1,1,0,0.5,4,17,,,,
5024433,1991,11491,1990,"NO","",,1,4,482,5,59,3,5,1,0.32,0.6667,4.4,11,,,,
5024484,1991,11491,1990,"NO","",,1,6,297,6,65,4,8,1,0.2188,0,4.25,12.25,,,,
5024551,1991,11491,1989,"NO","",,1,15,404,6,69,11,3,1,0.6667,0.562,4.6667,9,,,,
5025647,1991,11498,1989,"NO","",587455,3,7,70,6,65,11,5,0.7273,0,0.2188,3.4,24.4545,0,0,0.3333,0.2
5029186,1991,11505,1989,"NO","",545550,3,15,375,2,21,4,16,1,0.1172,0.375,3.375,5.75,0,0,0,0
5030163,1991,11512,1988,"NO","",358265,3,8,452,6,61,8,6,1,0,0,5.5,7.5,0,0,0,0
5030335,1991,11512,1990,"NO","",170605,3,10,204,1,19,1,1,1,0,0,3,15,0,0,0,0
5031486,1991,11519,1990,"NO","",487135,3,5,81,5,59,4,1,0.5,0,0,5,46,0,0,0,0
5031563,1991,11519,1989,"NO","",,1,20,114,5,55,10,2,0.1,0.5,0,8.5,39,,,,
5032041,1991,11519,1990,"NO","",407470,3,7,405,6,64,0,0,,,,,,,,,
5032610,1991,11519,1988,"NO","",407450,3,17,514,3,31,0,4,,0,,5.25,,,,0.3333,0.25
5032912,1991,11519,1989,"NO","",,1,1,348,4,49,7,9,0.7143,0.7654,0.32,5.4444,16.8571,,,,
5033908,1991,11526,1990,"NO","",388760,3,12,405,6,64,4,0,1,,0.375,,16.5,0,0,,
5035662,1991,11533,1989,"NO","",593375,3,6,440,5,55,2,0,1,,0,,14,0,0,,
5041762,1991,11554,1990,"NO","",,1,25,315,4,42,1,9,1,0.6173,0,4.6667,5,,,,
5042969,1991,11561,1989,"NO","",,1,20,417,5,53,2,2,0.5,0,0,3,25,,,,
5044440,1991,11568,1990,"NO","",323875,3,6,166,6,64,8,2,1,0.5,0.2188,3,12.875,0,0,0,0
5044821,1991,11568,1990,"NO","",444280,3,13,405,6,64,4,9,1,0.1975,0.375,5.5556,5.5,0,0,0,0
5045168,1991,11568,1990,"NO","",407450,3,16,204,1,19,4,3,1,0.4444,0.375,3.3333,13.75,0,0,0,0
5045454,1991,11568,1990,"NO","",364860,3,50,435,3,33,1,3,1,0.4444,0,3.3333,6,0,0,0,0
5045467,1991,11568,1988,"NO","",364860,3,26,435,3,33,5,4,1,0.625,0.56,5.25,5.8,0,0,0,0
5046571,1991,11575,1990,"NO","",,1,8,180,5,55,4,2,1,0.5,0.625,5.5,4.25,,,,
5048256,1991,11582,1989,"NO","",41150,3,21,52,6,69,2,0,0,,,,60.5,0,0,,
5048376,1991,11582,1990,"NO","",,1,7,81,5,59,8,0,0.125,,0,,52.125,,,,
5049396,1991,11582,1989,"NO","",407450,3,9,424,3,31,0,3,,0.4444,,4.6667,,,,0.3333,0.3333
5049412,1991,11582,1990,"NO","",409190,3,6,427,1,12,9,2,1,0,0.3704,4.5,12.5556,0,0,0,0
5050465,1991,11589,1990,"NO","",,1,7,81,5,59,7,1,0.1429,0,0,5,55.4286,,,,
5051035,1991,11589,1990,"NO","",227330,3,10,405,6,64,10,0,0.8,,0.75,,19.4,0,0,,
5051966,1991,11589,1989,"NO","",217325,3,22,367,2,21,6,4,1,0.625,0.2778,5,7.5,0,0,0.5,0.5
5052169,1991,11596,1990,"NO","",407450,3,15,53,6,68,6,3,0.6667,0,0.375,5,17.1667,0,0,0,0
5052594,1991,11596,1990,"NO","",171220,3,10,222,1,19,5,4,0.6,0.625,0,4.25,26.6,0,0,0,0
5052753,1991,11596,1990,"NO","",,1,4,297,6,65,4,2,1,0,0,5.5,12.25,,,,
5053108,1991,11596,1989,"NO","",305005,3,7,162,1,19,12,16,0.75,0,0.1975,5.375,25.6667,0.3333,0.1667,0,0
5054992,1991,11603,1989,"NO","",363925,3,3,414,5,51,8,0,1,,0.4063,,13.25,0,0,,
5055052,1991,11603,1990,"NO","",733847,3,19,434,6,69,5,10,1,0.18,0,4.6,4.6,0,0,0,0
5056707,1991,11610,1990,"NO","",171220,3,1,229,6,68,6,5,0.6667,0.32,0.625,5.6,24.3333,0.25,0.1667,0.2,0.2
5056777,1991,11610,1990,"NO","",449005,3,1,482,5,59,7,3,1,0,0,4,7.4286,0,0,0,0
5057359,1991,11610,1988,"NO","",446565,3,12,428,6,69,3,5,1,0.56,0.4444,6.2,17.6667,0,0,0,0
5057674,1991,11610,1990,"NO","",519170,2,6,219,4,49,10,10,1,0.74,0,6.4,6.9,0,0,0,0
5059225,1991,11617,1989,"NO","",,1,1,55,1,13,2,0,0,,,,50.5,,,,
5059972,1991,11617,1989,"NO","",,1,4,343,2,21,7,0,0.5714,,0.625,,20.1429,,,,
5060902,1991,11624,1990,"NO","",,1,1,248,6,69,6,1,0.6667,0,0.625,4,18,,,,
5061627,1991,11624,1989,"NO","",407450,3,7,435,3,33,1,2,1,0,0,5,1,0,0,0,0
5062270,1991,11631,1990,"NO","",186585,2,60,62,6,69,6,3,1,0,0.2778,5,6,0.1667,0.1667,1,0.6667
5062566,1991,11631,1990,"NO","",,1,11,228,5,52,4,4,1,0.625,0.625,4.75,12.5,,,,
5064329,1991,11638,1991,"NO","",361530,3,3,414,5,51,10,1,1,0,0.46,5,9.3,0,0,0,0
5064350,1991,11638,1990,"NO","",17035,3,5,417,5,53,6,0,0.8333,,0.64,,17.6667,0,0,,
5065465,1991,11645,1990,"NO","",,1,9,5,6,65,6,3,1,0.4444,0,4.3333,7.8333,,,,
5065689,1991,11645,1990,"NO","",458940,3,13,114,5,55,9,3,1,0.6667,0.4444,4.3333,10.3333,0,0,0,0
5067994,1991,11652,1989,"NO","",465400,3,16,148,5,52,2,3,1,0.6667,0.5,4.3333,13.5,0,0,0,0
5069005,1991,11659,1989,"NO","",170635,3,19,451,5,51,4,5,0.75,0.32,0,6.6,13.75,0,0,0,0
5069142,1991,11659,1991,"NO","",,1,10,108,6,69,7,5,0.2857,0.32,0.5,5.6,48,,,,
5069488,1991,11659,1990,"NO","",518770,3,12,285,6,67,10,0,0.7,,0.6939,,36,0,0,,
5069752,1991,11659,1990,"NO","",305005,3,8,162,1,19,5,5,0.6,0,0,4.6,20.2,0,0,0,0
5070700,1991,11666,1990,"NO","",,5,21,60,4,45,10,12,0.9,0,0,5.0833,13.5,,,,
5071079,1991,11666,1991,"NO","",594250,3,27,241,5,51,8,3,0.875,0,0.2449,4.6667,13.625,0,0,0,0
5071534,1991,11666,1990,"NO","",407450,3,19,204,1,19,1,3,0,0.4444,,5.6667,30,0,0,0,0
5074715,1991,11680,1990,"NO","",409195,3,6,405,6,64,3,2,1,0,0,4,12.3333,0,0,0,0
5076732,1991,11687,1990,"NO","",141935,3,10,405,6,64,7,0,0.8571,,0,,18,0,0,,
5078590,1992,11694,1990,"NO","",316055,3,28,425,5,51,1,1,1,0,0,3,3,0,0,0,0
5078849,1992,11694,1990,"NO","",407450,3,32,204,1,19,5,0,1,,0.64,,9.8,0.25,0.2,,
5079649,1992,11694,1990,"NO","",560255,3,12,366,1,19,3,2,1,0.5,0,3,18.6667,0,0,0.5,0.5
5081832,1992,11708,1991,"NO","",,5,18,60,4,45,21,10,0.4286,0,0,4.2,29.9048,,,,
5083452,1992,11715,1990,"NO","",505336,3,16,73,4,43,7,4,1,0,0.4082,4.25,6.7143,0,0,0,0
5083978,1992,11715,1990,"NO","",323941,3,6,460,6,61,4,0,0.75,,0.6667,,18.25,0,0,,
5085221,1992,11722,1990,"NO","",282970,2,20,600,3,32,5,13,1,0.4852,0,3.6923,4.4,0,0,0.0769,0.0769
5086339,1992,11722,1990,"NO","",141935,3,7,348,4,49,10,3,1,0.4444,0.62,2,7.6,0,0,0,0
5088757,1992,11736,1990,"NO","",631480,3,12,280,5,55,7,2,1,0.5,0.6122,4.5,7.7143,0,0,0,0
5089692,1992,11736,1988,"NO","",587455,3,11,235,5,59,8,5,1,0.32,0.7188,5.8,7.875,0.4,0.25,0.25,0.2
5090479,1992,11743,1990,"NO","",141935,3,15,166,6,64,7,1,1,0,0.2449,6,10,0,0,0,0
5092564,1992,11750,1990,"NO","",170635,3,7,266,5,52,8,0,0.875,,0.4898,,17.25,0.1667,0.125,,
5093365,1992,11750,1989,"NO","",407450,3,5,514,3,31,0,0,,,,,,,,,
5094832,1992,11757,1990,"NO","",170615,3,3,423,1,19,5,6,1,0.7222,0.72,5,10.8,0,0,0,0
5095653,1992,11764,1989,"NO","",,1,8,47,6,61,11,2,0.3636,0.5,0.375,6.5,37.6364,,,,
5096202,1992,11764,1990,"NO","",164861,3,10,273,6,62,3,6,1,0.4444,0.4444,4.8333,3.3333,0,0,0,0
5096303,1992,11764,1990,"NO","",406291,3,3,374,4,43,9,2,1,0,0.1975,4.5,15.2222,0,0,0,0
5096631,1992,11764,1990,"NO","",479321,3,29,264,5,51,6,1,1,0,0.6667,2,11,0,0,0,0
5096702,1992,11764,1990,"NO","",101385,2,3,424,3,31,9,11,1,0.4298,0.1975,3.5455,8.2222,0.1429,0.1111,0.4545,0.4545
5097026,1992,11764,1988,"NO","",,1,3,536,1,14,0,3,,0.4444,,5,,,,,
5097830,1992,11771,1990,"NO","",326600,2,28,607,3,32,6,30,1,0.3511,0.4444,4.9333,8.8333,0.25,0.1667,0,0
5098334,1992,11771,1990,"NO","",,1,18,452,6,61,6,3,0.6667,0,0,4.3333,26,,,,
5099992,1992,11778,1990,"NO","",,1,9,206,6,68,16,8,0.8125,0.75,0.6391,4.25,16.3125,,,,
5101810,1992,11785,1990,"NO","",609926,3,12,601,3,32,13,7,0.9231,0.7347,0.5278,4.1429,16.3846,0,0,0,0
5102851,1992,11785,1988,"NO","",141935,3,15,502,1,19,6,5,1,0.56,0.6111,6.8,8.8333,0,0,0,0
5103072,1992,11785,1990,"NO","",170635,3,20,219,4,49,8,3,1,0,0.5,4.3333,12.25,0,0,0,0
5103753,1992,11792,1991,"NO","",321656,3,4,114,5,55,1,1,1,0,0,6,23,0,0,0,0
5103767,1992,11792,1990,"NO","",587355,3,16,119,6,61,1,1,1,0,0,1,26,0,0,0,0
5105853,1992,11799,1990,"NO","",,5,10,137,6,69,7,2,0.7143,0,0.32,4.5,21.1429,,,,
5107642,1992,11806,1990,"NO","",286231,3,7,52,6,69,0,4,,0.625,,3.5,,,,0.5,0.25
5108625,1992,11806,1990,"NO","",515890,3,7,210,1,19,8,2,0.875,0.5,0.2449,3.5,13.75,0.3333,0.25,0,0
5111893,1992,11820,1990,"NO","",,1,15,175,6,64,4,1,0.75,0,0,6,19.75,,,,
5112106,1992,11820,1990,"NO","",682334,3,9,297,6,65,8,7,0.875,0.449,0,5.2857,12.25,0,0,0,0
5112584,1992,11820,1990,"NO","",407450,3,10,423,1,19,6,1,0.5,0,0,8,32,0,0,0,0
5112698,1992,11820,1990,"NO","",141935,3,20,428,6,69,7,1,0.5714,0,0.75,7,23.1429,0,0,0,0
5113376,1992,11820,1991,"NO","",217325,3,3,367,2,21,3,0,1,,0,,20.6667,0,0,,
5113778,1992,11827,1991,"NO","",227330,3,2,114,5,55,11,4,1,0.375,0.6942,2.25,15.9091,0,0,0,0
5114214,1992,11827,1990,"NO","",,1,14,300,6,69,9,13,0.3333,0.4615,0,4.3846,37.4444,,,,
5115466,1992,11827,1990,"NO","",17035,3,10,380,2,22,2,10,1,0.72,0.5,4.1,8.5,0,0,0.1,0.1
5116879,1992,11834,1990,"NO","",141935,3,3,518,1,19,8,3,1,0.6667,0.6875,4.6667,8.25,0.1429,0.125,0,0
5119244,1992,11841,1990,"NO","",560255,3,13,360,2,24,6,1,1,0,0,1,10.1667,0.1667,0.1667,0,0
5120514,1992,11848,1990,"NO","",407450,3,7,423,1,19,3,1,1,0,0.4444,8,7.3333,0,0,0,0
5122754,1992,11855,1990,"NO","",279635,3,50,324,4,43,4,34,1,0.6886,0,5.5,14,0,0,0,0
5125559,1992,11869,1991,"NO","",683759,2,7,228,5,52,5,2,0.4,0.5,0,5,38,0,0,0,0
5125618,1992,11869,1990,"NO","",,1,9,249,6,69,6,3,0.6667,0,0,4.3333,27.6667,,,,
5127872,1992,11876,1991,"NO","",,1,5,452,6,61,5,2,1,0,0,4,9.6,,,,
5128012,1992,11876,1991,"NO","",170605,3,10,204,1,19,5,2,0.6,0.5,0.6667,4.5,21.4,0,0,1,0.5
5128116,1992,11876,1990,"NO","",170615,3,17,423,1,19,5,5,1,0.72,0.72,4.2,10.8,0,0,0,0
5128121,1992,11876,1990,"NO","",412795,3,17,424,3,31,7,24,1,0.6701,0.7755,4.5417,7,0,0,0,0
5130145,1992,11883,1991,"NO","",407450,3,9,424,3,31,0,4,,0.375,,4.25,,,,0,0
5131493,1992,11890,1990,"NO","",684318,3,15,182,6,65,6,0,0.3333,,0,,66.6667,0,0,,
5132120,1992,11890,1991,"NO","",407450,3,5,426,6,61,9,0,0.7778,,0.6122,,19.5556,0.2,0.1111,,
5133154,1992,11897,1990,"NO","",,1,16,451,5,51,6,1,0.5,0,0.6667,7,35,,,,
5133530,1992,11897,1991,"NO","",,1,19,249,6,69,0,0,,,,,,,,,
5133700,1992,11897,1990,"NO","",,1,14,482,5,59,2,9,0.5,0,0,2.8889,45,,,,
5135050,1992,11904,1991,"NO","",141935,3,8,166,6,64,4,0,1,,0,,11.5,0,0,,
5135576,1992,11904,1990,"NO","",170615,3,19,106,1,12,6,1,1,0,0.6111,5,3.8333,0,0,0,0
5135668,1992,11904,1991,"NO","",684715,3,3,507,6,64,13,0,0.6923,,0.716,,20,0,0,,
5135948,1992,11904,1990,"NO","",407450,3,11,514,3,31,0,5,,0,,3.8,,,,0.3333,0.2
5137330,1992,11911,1990,"NO","",684891,3,3,297,6,65,5,3,0.6,0,0.4444,5.6667,28.2,0,0,0,0
5138582,1992,11911,1991,"NO","",217325,3,5,367,2,21,4,2,1,0.5,0.375,4,3.75,0,0,0,0
5138900,1992,11918,1991,"NO","",,1,19,74,5,59,2,9,0.5,0.1975,0,2.6667,48.5,,,,
5139284,1992,11918,1990,"NO","",,1,2,280,5,55,3,1,0.6667,0,0,5,23,,,,
5140925,1992,11925,1991,"NO","",321656,3,3,114,5,55,2,1,0.5,0,0,3,17,0,0,0,0
5141056,1992,11925,1991,"NO","",141935,3,11,166,6,64,7,0,0.7143,,0,,13.7143,0,0,,
5144016,1992,11932,1991,"NO","",685542,3,10,536,1,14,1,5,1,0.72,0,4.4,20,0,0,0,0
5144313,1992,11932,1991,"NO","",,1,14,342,2,21,3,9,1,0.6173,0,2.8889,13,,,,
5146469,1992,11939,1990,"NO","",170635,3,13,373,6,66,12,1,0.75,0,0.642,7,18.5833,0,0,0,0
5146524,1992,11939,1991,"NO","",,1,7,385,2,21,1,0,1,,0,,11,,,,
5147155,1992,11946,1991,"NO","",382755,3,7,406,5,59,6,0,0.6667,,0.625,,21.8333,0,0,,
5147193,1992,11946,1991,"NO","",641820,3,16,418,5,53,3,1,0,0,,6,87,0,0,0,0
5147264,1992,11946,1990,"NO","",,1,10,482,5,59,9,3,0.8889,0.4444,0.2188,4,21.6667,,,,
5147270,1992,11946,1991,"NO","",407450,3,12,493,5,51,4,1,1,0,0.625,4,14.75,0.25,0.25,0,0
5148406,1992,11946,1990,"NO","",217325,3,8,367,2,21,7,4,1,0.375,0,4.5,15.4286,0,0,0.25,0.25
5148858,1992,11953,1990,"NO","",686010,3,13,165,6,66,9,0,0.4444,,0,,37.5556,0,0,,
5149294,1992,11953,1992,"NO","",,1,2,452,6,61,7,1,0.7143,0,0,6,24.5714,,,,
5149370,1992,11953,1991,"NO","",238325,2,19,106,1,12,1,5,1,0.64,0,2.8,2,0,0,0.4,0.4
5149820,1992,11953,1989,"NO","",407450,3,1,548,1,14,1,4,1,0.625,0,5,2,0,0,0.6667,0.5
5151076,1992,11960,1991,"NO","",407450,3,7,493,5,51,3,0,1,,0.4444,,15.3333,0.5,0.3333,,
5154307,1992,11974,1991,"NO","",686533,3,4,220,6,68,9,0,1,,0.7901,,19.1111,0,0,,
5154395,1992,11974,1991,"NO","",141935,3,9,251,5,53,3,1,0.6667,0,0,3,17.6667,0.5,0.3333,0,0
5155353,1992,11974,1991,"NO","",560255,3,19,250,4,44,3,2,1,0.5,0.4444,1.5,7.3333,0,0,0,0
5156002,1992,11981,1991,"NO","",,5,19,60,4,45,10,15,0.8,0.1244,0.5313,3.8,20.3,,,,
5156778,1992,11981,1991,"NO","",686760,3,16,261,1,19,8,1,0.75,0,0.7778,5,32.25,0,0,0,0
5157636,1992,11981,1991,"NO","",217325,3,20,367,2,21,5,1,0.8,0,0,6,18,0,0,0,0
5158579,1992,11988,1990,"NO","",141935,3,18,95,1,13,4,1,1,0,0.75,3,14.5,0,0,0,0
5158613,1992,11988,1988,"NO","",407450,3,4,106,1,12,3,1,1,0,0.4444,8,13,0,0,0,0
5158838,1992,11988,1991,"NO","",,1,11,429,4,45,5,2,0.8,0,0,3.5,22.6,,,,
5159148,1992,11988,1990,"NO","",686968,3,1,89,5,59,5,0,0,,,,39.2,0,0,,
5160533,1992,11995,1990,"NO","",407450,3,6,75,5,52,2,0,0.5,,0,,32.5,0,0,,
5160620,1992,11995,1991,"NO","",687128,3,14,210,1,19,9,5,0.6667,0.32,0,3.6,27.6667,0,0,0,0
5161283,1992,12002,1991,"NO","",382755,3,10,19,1,11,7,1,1,0,0.5714,6,9.4286,0,0,0,0
5161294,1992,12002,1991,"NO","",,1,11,29,5,52,7,0,0.7143,,0.32,,24.5714,,,,
5161690,1992,12002,1992,"NO","",687241,3,10,206,6,68,7,6,0.8571,0,0.6111,1,13,0,0,0,0
5162780,1992,12002,1991,"NO","",560255,3,20,345,2,23,4,6,1,0.2778,0.625,3.1667,6,0,0,0,0
5163510,1992,12009,1991,"NO","",141935,3,36,166,6,64,13,4,0.7692,0.375,0.54,3.25,15.0769,0,0,0,0
5163515,1992,12009,1991,"NO","",141935,3,11,166,6,64,18,4,0.8889,0.375,0.3281,3.25,14.2778,0,0,0,0
5163604,1992,12009,1991,"NO","",,1,20,228,5,52,3,0,1,,0,,9,,,,
5164922,1992,12009,1991,"NO","",217325,3,17,367,2,21,5,1,1,0,0.32,3,6.2,0.25,0.2,0,0
5165098,1992,12009,1991,"NO","",687557,3,13,380,2,22,5,7,1,0.449,0.32,2.1429,12.8,0,0,0,0
5166137,1992,12016,1991,"NO","",687684,3,11,514,3,31,9,0,1,,0.6667,,7,0,0,,
5167362,1992,12023,1992,"NO","",683759,2,5,228,5,52,3,2,1,0.5,0.4444,4,5.6667,0,0,0,0
5167607,1992,12023,1991,"NO","",171220,3,9,493,5,51,5,5,0.8,0.48,0.5,4.4,19.6,0,0,0.4,0.4
5167700,1992,12023,1991,"NO","",407450,3,19,75,5,52,3,1,0.6667,0,0.5,3,30,0,0,0,0
5169634,1992,12030,1992,"NO","",32755,3,12,424,3,31,5,1,0.8,0,0.625,2,17,0,0,0,0
5169840,1992,12030,1991,"NO","",687684,3,16,514,3,31,6,1,1,0,0.7222,7,3.3333,0,0,0,0
5173036,1992,12044,1991,"NO","",688338,3,7,417,5,53,9,3,0.6667,0.4444,0.5,3.6667,26.3333,0,0,0,0
5174074,1992,12051,1991,"NO","",409195,3,11,52,6,69,7,0,0.4286,,0.4444,,37.1429,0,0,,
5176212,1993,12058,1992,"NO","",,1,10,175,6,64,13,5,0.6923,0,0,3.6,26,,,,
5176471,1993,12058,1991,"NO","",141935,3,10,405,6,64,3,1,1,0,0.4444,5,15.3333,0,0,0,0
