5181730,1993,12079,1991,"NO","",689187,3,20,285,6,67,20,3,0.55,0.4444,0.314,4,33.8,0,0,0,0
5181802,1993,12079,1991,"NO","",,1,12,405,6,64,10,3,0.9,0.4444,0.3704,4.6667,15.9,,,,
5183376,1993,12086,1990,"NO","",,1,6,414,5,51,2,1,1,0,0,8,5.5,,,,
5183388,1993,12086,1990,"NO","",689339,3,3,433,3,39,10,7,0.4,0,0.375,5.7143,46.2,0,0,0,0
5185265,1993,12093,1990,"NO","",516926,3,6,436,1,19,6,10,1,0.64,0.5,4.9,7,0,0,0,0
5188053,1993,12107,1990,"NO","",217325,3,14,114,5,55,7,0,0.7143,,0.32,,27.7143,0,0,,
5188658,1993,12107,1990,"NO","",170635,3,20,75,5,52,4,2,0.75,0.5,0,5.5,24.25,0,0,0,0
5190310,1993,12114,1990,"NO","",631480,3,19,280,5,55,8,8,0.875,0.2188,0.2449,4.625,9.5,0,0,0,0
5190436,1993,12114,1991,"NO","",92425,2,8,414,5,51,13,4,1,0.375,0.142,5,11.8462,0.1667,0.1538,0,0
5190856,1993,12114,1989,"NO","",,1,9,435,3,33,1,2,1,0,0,6.5,12,,,,
5191151,1993,12114,1991,"NO","",438920,2,51,95,1,13,9,4,1,0.625,0.8395,4.25,15.1111,0,0,0,0
5191941,1993,12121,1991,"NO","",690183,3,11,172,6,64,5,0,1,,0,,19.6,0,0,,
5192133,1993,12121,1991,"NO","",407450,3,8,383,6,68,18,4,0.8889,0.625,0.2266,5.75,16.3333,0.4615,0.3333,0,0
5193241,1993,12128,1991,"NO","",407450,3,7,15,6,69,5,1,0.4,0,0,5,53,0,0,0,0
5194087,1993,12128,1991,"NO","",407465,3,30,106,1,12,11,1,0.5455,0,0.7222,2,36.4545,0.2,0.0909,0,0
5194309,1993,12128,1989,"NO","",41695,3,6,428,6,69,5,2,0.6,0.5,0,7,23.2,0,0,0,0
5195519,1993,12135,1990,"NO","",,1,36,600,3,32,4,5,1,0.48,0.375,5.4,6.5,,,,
5195639,1993,12135,1992,"NO","",,1,3,206,6,68,13,1,0.8462,0,0.6942,2,20.8462,,,,
5195808,1993,12135,1990,"NO","",,1,6,303,5,53,11,3,1,0,0.6612,4,9.2727,,,,
5196047,1993,12135,1991,"NO","",170635,3,14,75,5,52,5,1,1,0,0,3,6.6,0,0,0,0
5196900,1993,12135,1990,"NO","",690675,3,15,356,4,43,6,18,1,0.784,0.2778,5.4444,5.6667,0,0,0.0625,0.0556
5198082,1993,12142,1989,"NO","",409190,3,3,205,1,19,7,5,0.7143,0.32,0.56,4.4,24.7143,0,0,0.2,0.2
5198208,1993,12142,1990,"NO","",690813,3,12,424,3,31,14,17,0.4286,0.2907,0.7222,3.9412,24.7143,0,0,0.1765,0.1765
5199003,1993,12142,1991,"NO","",217325,3,18,367,2,21,4,0,1,,0.375,,5.25,0,0,,
5199266,1993,12149,1992,"NO","",690904,3,7,62,6,69,15,6,1,0.6667,0.4444,3.6667,13.8,0,0,0,0
5201275,1993,12156,1991,"NO","",691106,3,6,114,5,55,6,0,0.6667,,0.5,,34.3333,0,0,,
5201644,1993,12156,1992,"NO","",691146,3,12,417,5,53,12,0,0.9167,,0.562,,16.3333,0,0,,
5202019,1993,12156,1991,"NO","",,1,3,210,1,19,11,1,0.6364,0,0,6,26.2727,,,,
5203684,1993,12163,1991,"NO","",691146,3,5,417,5,53,1,0,0,,,,69,0,0,,
5204086,1993,12163,1992,"NO","",690813,3,8,424,3,31,8,4,1,0.625,0.4688,2.75,12,0,0,0,0
5205930,1993,12170,1992,"NO","",691528,3,4,210,1,19,3,4,1,0.375,0.4444,2.75,15.6667,0,0,0,0
5206472,1993,12170,1991,"NO","",,1,4,219,4,49,5,0,1,,0,,22.6,,,,
5206780,1993,12170,1990,"NO","",17035,3,7,361,4,45,9,0,1,,0.716,,14.2222,0,0,,
5207794,1993,12177,1992,"NO","",691665,3,10,277,6,67,13,2,0.6923,0,0.3704,0.5,29.9231,0,0,0,0
5208324,1993,12177,1990,"NO","",690813,3,18,424,3,31,11,19,1,0.2825,0,4.1053,5.3636,0,0,0.0526,0.0526
5209673,1993,12184,1991,"NO","",206810,3,24,439,4,41,10,3,1,0,0.48,4,8.9,0,0,0,0
5210186,1993,12184,1991,"NO","",,1,15,530,1,15,5,0,1,,0.72,,13.2,,,,
5210718,1993,12184,1992,"NO","",217325,3,15,367,2,21,10,4,1,0.375,0.34,4,10,0,0,0,0
5210794,1993,12184,1990,"NO","",17020,3,19,380,2,22,12,19,1,0.7368,0.6111,5.6316,10.8333,0,0,0.0625,0.0526
5211545,1993,12191,1992,"NO","",,1,8,417,5,53,2,1,0.5,0,0,1,39.5,,,,
5211677,1993,12191,1991,"NO","",407450,3,14,73,4,43,9,4,1,0.75,0.6173,5,17,0,0,0,0
5211686,1993,12191,1991,"NO","",,1,9,137,6,69,7,0,1,,0,,12,,,,
5212235,1993,12191,1990,"NO","",173165,2,3,525,1,15,4,0,1,,0.625,,13.75,0,0,,
5212668,1993,12191,1991,"NO","",217325,3,20,367,2,21,2,0,1,,0,,17,0,0,,
5213759,1993,12198,1991,"NO","",171220,3,17,422,1,19,7,7,1,0.6122,0.449,4.1429,11.2857,0,0,0,0
5215410,1993,12205,1991,"NO","",409200,3,25,405,6,64,13,0,1,,0.4852,,17.7692,0,0,,
5216773,1993,12212,1991,"NO","",409195,3,7,14,6,69,5,1,0.6,0,0,5,18.6,0,0,0,0
5216863,1993,12212,1991,"NO","",,1,6,52,6,69,10,7,0.6,0.449,0.6667,4.4286,31.8,,,,
5216941,1993,12212,1991,"NO","",,1,9,81,5,59,17,2,0.2353,0,0.625,6,50.4118,,,,
5220173,1993,12219,1991,"NO","",692788,3,25,250,4,44,7,7,1,0,0.6939,4.4286,6.5714,0,0,0,0
5224323,1993,12240,1991,"NO","",323941,3,7,53,6,68,5,5,1,0.48,0.48,4.6,6.8,0,0,0.25,0.2
5224829,1993,12240,1991,"NO","",141935,3,9,137,6,69,16,2,0.9375,0.5,0.32,5,15.6875,0.1,0.0625,0,0
5224962,1993,12240,1992,"NO","",409195,3,19,405,6,64,9,0,0.7778,,0.6122,,22.4444,0.1429,0.1111,,
5226038,1993,12240,1991,"NO","",693314,3,2,370,2,21,5,1,1,0,0,4,6,0,0,0,0
5227776,1993,12247,1990,"NO","",,1,12,340,2,21,9,8,1,0.4063,0.1975,4.75,12.3333,,,,
5228005,1993,12247,1992,"NO","",217325,3,13,367,2,21,2,0,1,,0.5,,10,0,0,,
5228959,1993,12254,1990,"NO","",,1,2,205,1,19,5,2,0.6,0.5,0.4444,4,27,,,,
5229620,1993,12254,1991,"NO","",560255,3,16,250,4,44,10,2,1,0.5,0.62,3.5,6.2,0.3,0.3,0.5,0.5
5230877,1993,12261,1991,"NO","",407450,3,8,423,1,19,2,1,1,0,0,5,9.5,0,0,0,0
5232249,1993,12268,1991,"NO","",,1,21,285,6,67,16,3,0.3125,0.6667,0.64,4,48,,,,
5233927,1993,12275,1991,"NO","",465400,3,22,102,1,19,0,2,,0.5,,5,,,,0,0
5234398,1993,12275,1992,"NO","",171220,3,11,493,5,51,7,4,0.8571,0.625,0.5,4.25,19.7143,0,0,0.25,0.25
5234515,1993,12275,1992,"NO","",17035,3,10,156,1,19,7,4,0.4286,0.375,0.6667,3,31.4286,0,0,0,0
5234659,1993,12275,1991,"NO","",,1,6,266,5,52,3,1,0.6667,0,0,5,34,,,,
5235683,1993,12275,1989,"NO","",560255,3,8,710,2,22,12,0,1,,0.8194,,8.5,0,0,,
5236074,1993,12282,1992,"NO","",694255,3,10,194,5,59,1,6,1,0.2778,0,3,18,0,0,0,0
5236146,1993,12282,1992,"NO","",560255,3,16,242,5,51,8,2,1,0,0.4063,5,13.625,0,0,0.5,0.5
5236553,1993,12282,1991,"NO","",305005,3,10,162,1,19,9,3,0.7778,0.4444,0.449,5.3333,28.6667,0.5,0.2222,0,0
5238397,1993,12289,1991,"NO","",407450,3,11,431,6,66,7,0,0.8571,,0.6667,,17.8571,0,0,,
5240130,1993,12296,1991,"NO","",,1,2,215,6,68,10,4,0.8,0.625,0.7188,4,23,,,,
5241147,1993,12296,1991,"NO","",141935,3,9,219,4,49,11,0,0.7273,,0.5313,,27.5455,0,0,,
5242104,1993,12303,1992,"NO","",683759,2,12,228,5,52,5,2,1,0.5,0.64,4,6.4,0,0,0,0
5242683,1993,12303,1991,"NO","",690813,3,20,424,3,31,17,3,0.8824,0,0.6044,2.6667,9,0,0,0.3333,0.3333
5242842,1993,12303,1990,"NO","",694899,3,16,436,1,19,8,12,1,0.7083,0.4063,4.9167,7.375,0,0,0.0833,0.0833
5243262,1993,12303,1991,"NO","",560255,3,25,315,4,42,2,12,1,0,0.5,3.4167,3.5,0,0,0,0
5243662,1993,12303,1991,"NO","",694947,3,5,381,4,49,5,1,0.8,0,0.375,6,14.6,0,0,0,0
5244014,1993,12310,1992,"NO","",,5,6,137,6,69,9,0,1,,0.4444,,14.8889,,,,
5244329,1993,12310,1991,"NO","",713313,3,18,414,5,51,7,2,0.7143,0.5,0.56,2.5,22.7143,0,0,1,0.5
5245184,1993,12310,1992,"NO","",,1,11,250,4,44,5,1,1,0,0.56,5,7.2,,,,
5245810,1993,12317,1991,"NO","",,1,14,52,6,69,4,3,0.25,0,0,3.3333,52,,,,
5245836,1993,12317,1991,"NO","",695164,3,26,62,6,69,23,5,0.6957,0.32,0.2266,4.6,26.4783,0,0,0.2,0.2
5246080,1993,12317,1992,"NO","",141935,3,20,175,6,64,5,8,1,0.4063,0.32,3.25,18,0,0,0.7143,0.625
5247970,1993,12324,1992,"NO","",407450,3,17,141,5,51,5,1,0.2,0,0,5,39.6,0,0,0,0
5248102,1993,12324,1992,"NO","",579835,3,42,241,5,51,10,5,1,0,0.7,2,9.7,0.4,0.2,0,0
5249689,1993,12331,1992,"NO","",579835,3,19,209,5,51,9,0,0.5556,,0.32,,28.5556,0.5,0.1111,,
5249777,1993,12331,1991,"NO","",,1,6,254,5,59,11,0,0.2727,,0,,46,,,,
5249851,1993,12331,1992,"NO","",,1,7,303,5,53,11,7,1,0.2449,0.6612,2,9.2727,,,,
5250143,1993,12331,1992,"NO","",695554,3,8,156,1,19,4,1,1,0,0,2,10.25,0,0,0,0
5250807,1993,12331,1991,"NO","",407450,3,9,250,4,44,3,0,1,,0.4444,,17.6667,0,0,,
5251546,1993,12338,1992,"NO","",579835,3,17,100,5,59,14,2,0.9286,0,0.3905,1.5,14.7857,0.25,0.0714,0,0
5252049,1993,12338,1992,"NO","",695701,3,1,425,5,51,10,0,0.9,,0.3704,,11.2,0,0,,
5253223,1993,12338,1992,"NO","",141935,3,4,367,2,21,8,4,1,0,0.2188,2.25,10,0,0,0,0
5253464,1993,12345,1991,"NO","",695808,3,2,52,6,69,5,4,0.6,0,0,5,37,0,0,0,0
5253723,1993,12345,1992,"NO","",,1,5,175,6,64,4,1,1,0,0,4,13.75,,,,
5255674,1993,12352,1991,"NO","",205070,3,23,128,3,32,19,2,0.8421,0,0.4141,4.5,25.6316,0.125,0.0526,0,0
5255716,1993,12352,1991,"NO","",581530,3,5,138,6,67,11,4,0.6364,0.375,0.7755,3.25,28.5455,0,0,0,0
5255957,1993,12352,1991,"NO","",,1,9,297,6,65,7,5,0.7143,0,0,4.2,22.8571,,,,
5256501,1993,12352,1992,"NO","",205070,3,16,429,4,45,4,0,1,,0.375,,20,0,0,,
5256844,1993,12352,1991,"NO","",14515,3,12,219,4,49,26,1,0.8462,0,0.7645,3,24.5769,0,0,0,0
5257148,1993,12352,1992,"NO","",560255,3,7,360,2,24,8,8,1,0,0.2188,2,8.5,0.5,0.5,0.375,0.375
5257449,1993,12359,1992,"NO","",,1,1,29,5,52,4,0,0,,,,79.75,,,,
5257477,1993,12359,1991,"NO","",696178,2,8,49,5,59,10,1,0.6,0,0.2778,3,25.7,0,0,0,0
5257854,1993,12359,1991,"NO","",,1,8,297,6,65,5,2,0.8,0.5,0.375,3,27.6,,,,
5258053,1993,12359,1992,"NO","",170615,3,21,75,5,52,9,1,1,0,0.716,5,11,0,0,0,0
5259239,1993,12366,1992,"NO","",,1,4,73,4,43,1,6,1,0.5,0,3,4,,,,
5259597,1993,12366,1992,"NO","",217325,3,16,267,5,59,3,3,1,0.4444,0.4444,4.3333,3.6667,0,0,0,0
5260551,1993,12366,1991,"NO","",587455,3,8,235,5,59,5,3,1,0.4444,0.32,3,9,0.75,0.6,0,0
5262184,1993,12373,1992,"NO","",407450,3,4,426,6,61,1,1,1,0,0,5,18,0,0,0,0
5263428,1993,12380,1993,"NO","",691106,3,4,114,5,55,8,1,0.625,0,0.48,3,34,0,0,0,0
5263767,1993,12380,1991,"NO","",,5,10,297,6,65,8,3,0.625,0,0,4.6667,20.375,,,,
5264972,1993,12380,1991,"NO","",560255,3,16,360,2,24,9,2,1,0,0.4938,5.5,7.2222,0,0,0,0
5265066,1993,12380,1992,"NO","",141935,3,11,367,2,21,9,2,1,0,0,5,9.7778,0,0,0,0
5271114,1993,12408,1992,"NO","",,1,5,5,6,65,13,5,0.6923,0.32,0.1975,3.4,29.7692,,,,
5271701,1993,12408,1991,"NO","",697540,3,17,414,5,51,9,2,0.7778,0,0.2449,6,18,0,0,0,0
5272861,1993,12415,1992,"NO","",323941,3,18,56,6,61,7,3,0.5714,0,0.5,4.3333,23.2857,0,0,0,0
5275652,1994,12422,1993,"NO","",697911,2,16,106,1,12,14,1,0.9286,0,0.8284,3,16.5714,0,0,0,0
5276739,1994,12422,1992,"NO","",694947,3,45,381,4,49,2,11,1,0.4463,0,3.9091,5,0,0,0,0
5277252,1994,12429,1992,"NO","",407450,3,17,166,6,64,10,0,0.3,,0.4444,,28,0.5,0.1,,
5277386,1994,12429,1992,"NO","",698087,3,6,248,6,69,13,0,0.8462,,0.7273,,17.5385,0,0,,
5277760,1994,12429,1990,"NO","",,1,9,162,1,19,4,2,0.75,0,0,6.5,25.75,,,,
5277852,1994,12429,1992,"NO","",698147,3,13,264,5,51,15,4,1,0.625,0.5867,3,12.9333,0,0,0,0
5280529,1994,12436,1992,"NO","",17035,3,17,713,2,22,2,5,1,0.64,0,3.4,3.5,0.5,0.5,0,0
5280719,1994,12443,1991,"NO","",698431,3,14,73,4,43,1,1,1,0,0,5,17,0,0,0,0
5282508,1994,12450,1992,"NO","",437105,3,13,166,6,64,4,4,1,0,0.375,2.25,12,0,0,0,0
5283706,1994,12450,1991,"NO","",,1,3,361,4,45,6,6,1,0.6667,0.4444,4.5,10,,,,
5284163,1994,12457,1992,"NO","",,1,5,131,6,61,9,2,1,0,0.4938,3,8.2222,,,,
5285938,1994,12464,1992,"NO","",,1,2,224,6,68,10,2,0.8,0.5,0.6875,4,14.5,,,,
5286080,1994,12464,1993,"NO","",41085,3,16,296,5,55,9,2,0.8889,0.5,0.2188,4.5,12.8889,0,0,0,0
5286274,1994,12464,1992,"NO","",170635,3,20,75,5,52,6,4,1,0.625,0.5,2.5,11.5,0,0,0,0
5287008,1994,12464,1991,"NO","",560255,3,24,307,4,49,14,3,1,0.4444,0.8265,4,10.2143,0,0,0,0
5287846,1994,12471,1993,"NO","",699063,3,23,601,3,32,10,1,0.9,0,0.1975,2,18.3,0,0,0,0
5288174,1994,12471,1992,"NO","",699101,3,14,405,6,64,15,6,0.9333,0.2778,0,2,24.7333,0,0,0,0
5290606,1994,12478,1993,"NO","",,1,13,427,1,12,6,2,1,0.5,0.6667,1.5,12.5,,,,
5290938,1994,12478,1992,"NO","",699339,3,7,546,1,14,0,0,,,,,,,,,
5292644,1994,12485,1991,"NO","",,1,12,435,3,33,11,7,1,0,0,5.2857,11.2727,,,,
5293278,1994,12485,1992,"NO","",560255,3,17,360,2,24,3,2,1,0,0,3,13,0,0,0.5,0.5
5293838,1994,12492,1991,"NO","",,1,16,119,6,61,7,2,1,0,0.6939,4.5,8.5714,,,,
5293839,1994,12492,1992,"NO","",,1,5,119,6,61,1,2,1,0,0,3,1,,,,
5294791,1994,12492,1992,"NO","",560255,3,19,250,4,44,16,2,1,0.5,0.6328,2.5,6.5625,0.25,0.25,0,0
5294803,1994,12492,1991,"NO","",560255,3,57,250,4,44,15,2,1,0.5,0.6578,4,6.4667,0.2667,0.2667,0,0
5295905,1994,12499,1992,"NO","",,1,4,454,5,59,8,0,0.5,,0,,33.625,,,,
5300195,1994,12513,1988,"NO","",305005,3,20,162,1,19,9,3,0.8889,0,0.2188,8,20.7778,0.625,0.5556,0,0
5300221,1994,12513,1992,"NO","",,1,11,210,1,19,9,1,0.6667,0,0,4,30,,,,
5300491,1994,12513,1992,"NO","",32755,3,18,514,3,31,8,2,0.25,0,0,4,28.625,0,0,0,0
5301625,1994,12520,1993,"NO","",691106,3,4,114,5,55,9,0,0.5556,,0.48,,40.6667,0,0,,
5301732,1994,12520,1992,"NO","",405960,3,5,160,6,69,3,0,0.6667,,0.5,,29.6667,0,0,,
5302354,1994,12520,1992,"NO","",427225,2,14,422,1,19,5,9,1,0.716,0.72,3.5556,17.4,0.3333,0.2,0,0
5303897,1994,12527,1993,"NO","",700602,3,6,251,5,53,10,0,0.8,,0.5313,,24.4,0,0,,
5305852,1994,12534,1992,"NO","",,1,5,182,6,65,8,1,0.375,0,0.4444,4,61.875,,,,
5312277,1994,12555,1992,"NO","",701355,3,11,440,5,55,6,1,0.8333,0,0,1,16.6667,0,0,0,0
5312523,1994,12555,1992,"NO","",323870,3,3,162,1,19,2,2,1,0,0.5,5.5,9,0,0,0,0
5312526,1994,12555,1993,"NO","",,1,8,205,1,19,5,1,1,0,0.72,1,4.8,,,,
5313911,1994,12562,1992,"NO","",165770,3,9,119,6,61,2,1,1,0,0.5,2,8.5,0,0,0,0
5314028,1994,12562,1993,"NO","",690183,3,5,172,6,64,9,1,1,0,0,2,15,0,0,1,1
5316206,1994,12569,1992,"NO","",407450,3,15,228,5,52,5,3,1,0.6667,0.48,3.3333,5.4,0.6,0.6,0.3333,0.3333
5320722,1994,12583,1991,"NO","",,1,16,205,1,19,6,0,0.8333,,0.56,,16.6667,,,,
5321929,1994,12590,1992,"NO","",579835,3,6,53,6,68,7,1,0.8571,0,0.2778,3,24.5714,0,0,0,0
5322120,1994,12590,1992,"NO","",407450,3,9,166,6,64,10,0,0.8,,0.5625,,12.5,0.125,0.1,,
5322261,1994,12590,1992,"NO","",,1,13,251,5,53,8,0,1,,0.4688,,17.125,,,,
5322432,1994,12590,1992,"NO","",702308,3,6,425,5,51,15,1,0.5333,0,0.75,2,37.7333,0,0,0,0
5322681,1994,12590,1992,"NO","",690813,3,9,424,3,31,6,11,0.5,0.5455,0,3.2727,25.1667,0,0,0.1,0.0909
5323081,1994,12590,1992,"NO","",702359,3,18,310,4,45,5,1,1,0,0.56,3,10,0,0,0,0
5323280,1994,12590,1992,"NO","",560255,3,6,360,2,24,14,10,1,0.48,0.1327,3.7,10.1429,0.1538,0.1429,0.3,0.3
5324859,1994,12597,1993,"NO","",407450,3,2,568,1,14,2,0,1,,0,,1.5,0,0,,
5325714,1994,12604,1993,"NO","",51205,2,23,73,4,43,21,5,1,0.56,0.8254,2.4,5.1905,0,0,0.4,0.4
5326033,1994,12604,1992,"NO","",,1,14,239,5,59,11,1,0.8182,0,0.7901,4,20.9091,,,,
5327706,1994,12611,1992,"NO","",702797,3,9,53,6,68,5,2,1,0,0.32,3.5,6.4,0,0,0,0
5329071,1994,12611,1993,"NO","",217325,3,8,181,6,69,5,1,1,0,0.48,4,15.6,0,0,0,0
5329606,1994,12611,1993,"NO","",702942,3,11,385,2,21,5,1,1,0,0,4,4.6,0,0,0,0
5330067,1994,12618,1992,"NO","",407450,3,5,220,6,68,9,0,0.4444,,0.375,,46.5556,0,0,,
5330289,1994,12618,1992,"NO","",,1,9,210,1,19,4,0,0.25,,0,,65.5,,,,
5330514,1994,12618,1992,"NO","",696069,3,2,434,6,69,7,5,1,0,0,3.2,17.4286,0,0,0.2,0.2
5331148,1994,12618,1992,"NO","",,1,24,250,4,44,4,0,0.75,,0.4444,,14.75,,,,
5333497,1994,12632,1992,"NO","",703370,3,6,73,4,43,2,0,1,,0.5,,2.5,0,0,,
5333924,1994,12632,1992,"NO","",,1,18,294,5,59,19,0,0.2632,,0.32,,48.0526,,,,
5336020,1994,12639,1993,"NO","",407450,3,18,405,6,64,14,1,1,0,0.6939,4,16.2857,0,0,0,0
5336792,1994,12639,1992,"NO","",,1,7,554,1,14,5,1,1,0,0.56,3,5.6,,,,
5337297,1994,12639,1993,"NO","",703718,3,11,369,2,24,15,7,1,0.6939,0.4444,3.8571,8.2,0,0,0,0
5337564,1994,12646,1992,"NO","",703771,3,13,60,4,45,9,0,0.6667,,0.6111,,22.7778,0,0,,
5337596,1994,12646,1992,"NO","",141935,3,7,73,4,43,3,0,1,,0,,4.6667,0,0,,
5337671,1994,12646,1992,"NO","",465400,3,17,102,1,19,4,10,1,0.66,0.375,2.1,9.5,0,0,0,0
5337759,1994,12646,1993,"NO","",,1,7,600,3,32,5,0,0.8,,0.375,,19.2,,,,
5337819,1994,12646,1993,"NO","",141935,3,9,166,6,64,12,0,0.9167,,0,,12.1667,0,0,,
5337843,1994,12646,1993,"NO","",690183,3,7,175,6,64,18,1,0.4444,0,0.4063,5,40.5,0,0,0,0
5338053,1994,12646,1993,"NO","",696689,3,12,280,5,55,4,4,1,0,0,3,1,0,0,0.25,0.25
5338158,1994,12646,1992,"NO","",,1,8,417,5,53,3,1,0.6667,0,0.5,4,17.3333,,,,
5338335,1994,12646,1992,"NO","",407450,3,17,75,5,52,9,1,0.8889,0,0.6563,3,17.4444,0,0,1,1
5341745,1994,12660,1992,"NO","",,1,2,102,1,19,5,0,0.6,,0,,41.8,,,,
5341880,1994,12660,1993,"NO","",238325,2,17,166,6,64,12,5,0.9167,0,0.4463,3,14.0833,0,0,0,0
5341889,1994,12660,1992,"NO","",704207,3,7,175,6,64,3,0,1,,0,,17.6667,0,0,,
5342656,1994,12660,1992,"NO","",,1,5,427,1,12,8,0,1,,0.5625,,11.5,,,,
5343341,1994,12660,1992,"NO","",560255,3,5,360,2,24,2,3,1,0,0.5,1.6667,4.5,0,0,0,0
5343724,1994,12667,1993,"NO","",587455,3,1,70,6,65,8,2,0.875,0,0,2.5,17.5,0.3333,0.125,0,0
5344085,1994,12667,1991,"NO","",,1,7,241,5,51,5,0,0.8,,0.75,,24,,,,
5344705,1994,12667,1993,"NO","",377880,2,15,428,6,69,28,11,0.75,0.4298,0.6032,2.3636,21.1071,0.7368,0.5,0.8,0.7273
5346690,1994,12674,1992,"NO","",690813,3,19,424,3,31,5,4,1,0.375,0.32,3.75,2.8,0.2,0.2,0,0
5346709,1994,12674,1992,"NO","",704655,3,26,426,6,61,2,1,1,0,0.5,5,8.5,0,0,0,0
5347407,1994,12674,1992,"NO","",560255,3,14,360,2,24,4,1,1,0,0,1,14.75,0,0,0,0
5347907,1994,12681,1992,"NO","",465400,3,3,86,5,59,3,1,1,0,0,5,1.6667,0,0,0,0
5348876,1994,12681,1992,"NO","",159010,3,14,435,3,33,0,0,,,,,,,,,
5349085,1994,12681,1992,"NO","",690813,3,1,564,1,14,14,1,1,0,0.7041,2,17.7143,0,0,0,0
5350239,1994,12688,1993,"NO","",407450,3,31,383,6,68,13,1,1,0,0.3905,4,16.7692,0.125,0.0769,0,0
5351218,1994,12688,1993,"NO","",217325,3,15,367,2,21,2,0,1,,0,,6,0,0,,
5351430,1994,12695,1993,"NO","",306540,3,4,43,6,61,7,0,1,,0.2449,,14.8571,0,0,,
5351915,1994,12695,1993,"NO","",,1,4,244,5,55,9,1,1,0,0.7407,3,15.6667,,,,
5352616,1994,12695,1993,"NO","",705250,3,15,436,1,19,3,3,1,0.6667,0.4444,2,7,0,0,0,0
5353538,1994,12702,1994,"NO","",,1,22,42,5,59,13,3,0.3077,0.6667,0.625,1.6667,35.2308,,,,
5354024,1994,12702,1993,"NO","",686968,3,3,248,6,69,10,0,0.1,,0,,61,0,0,,
5354549,1994,12702,1991,"NO","",690813,3,7,424,3,31,1,25,1,0,0,4.12,8,0,0,0.08,0.08
5355838,1994,12709,1993,"NO","",165770,3,10,119,6,61,6,0,1,,0.7222,,11.1667,0,0,,
5357495,1994,12709,1992,"NO","",560255,3,13,369,2,24,4,10,1,0.56,0.625,3.4,12,0,0,0,0
5357661,1994,12716,1994,"NO","",323870,3,6,26,6,63,6,2,0.6667,0,0.625,3.5,26.8333,0,0,0,0
5357706,1994,12716,1993,"NO","",,1,9,43,6,61,2,0,1,,0,,10.5,,,,
5357892,1994,12716,1993,"NO","",217325,3,19,114,5,55,3,2,0.6667,0.5,0,1,28.3333,0,0,1,0.5
5358406,1994,12716,1993,"NO","",,1,11,433,3,39,7,1,1,0,0.2449,2,6.5714,,,,
5359957,1994,12723,1993,"NO","",407450,3,16,114,5,55,13,1,1,0,0.6272,4,14.7692,0,0,0,0
5360297,1994,12723,1992,"NO","",407450,3,10,406,5,59,10,1,0.6,0,0.5,1,23,0.1667,0.1,1,1
5361639,1994,12730,1993,"NO","",,1,10,73,4,43,6,1,1,0,0,3,14.6667,,,,
5361857,1994,12730,1993,"NO","",141935,3,11,175,6,64,10,2,0.9,0.5,0,4,21.2,0.1667,0.1,1,1
5361998,1994,12730,1993,"NO","",,1,21,241,5,51,9,1,0.8889,0,0.7813,3,19.8889,,,,
5362921,1994,12730,1992,"NO","",17035,3,13,174,4,41,4,2,1,0.5,0.75,5,15,0,0,0,0
5363901,1994,12737,1992,"NO","",170635,3,14,164,5,52,7,1,0.8571,0,0.6111,5,22.8571,0,0,0,0
5366901,1994,12744,1993,"NO","",407450,3,8,436,1,19,7,0,1,,0.6122,,9.8571,0,0,,
5367577,1994,12744,1992,"NO","",694255,3,19,382,2,22,7,13,1,0.3905,0.7347,3.6154,8.8571,0,0,0,0
5367973,1994,12751,1993,"NO","",,1,7,114,5,55,4,0,0.75,,0,,25.5,,,,
5368114,1994,12751,1993,"NO","",,1,12,175,6,64,9,1,0.8889,0,0.375,3,12.5556,,,,
5368709,1994,12751,1991,"NO","",706835,3,12,204,1,19,2,1,1,0,0,5,5.5,0,0,0,0
5369324,1994,12751,1993,"NO","",706881,3,10,310,4,45,4,5,1,0.56,0.375,3.6,12.5,0,0,0,0
5370005,1994,12758,1993,"NO","",,1,18,73,4,43,3,0,1,,0,,11,,,,
5370074,1994,12758,1992,"NO","",706975,3,28,114,5,55,7,2,1,0.5,0.4898,4.5,15.8571,0,0,0,0
5370561,1994,12758,1992,"NO","",,1,11,440,5,55,2,0,1,,0.5,,20,,,,
5370861,1994,12758,1994,"NO","",690813,3,8,424,3,31,3,4,1,0.625,0.6667,1.25,15.6667,0,0,0.5,0.5
5371640,1994,12758,1993,"NO","",703718,3,10,360,2,24,4,6,1,0.4444,0.375,2.8333,4.75,0,0,0,0
5372264,1994,12765,1993,"NO","",703718,3,24,211,6,65,12,2,0.9167,0.5,0.7769,1.5,15.25,0,0,0.5,0.5
5372468,1994,12765,1993,"NO","",407450,3,5,414,5,51,3,1,0.6667,0,0.5,1,36,0.5,0.3333,0,0
5373406,1994,12765,1993,"NO","",560255,3,22,360,2,24,11,3,1,0,0.1653,3,7.8182,0.1,0.0909,0.3333,0.3333
5373933,1994,12772,1993,"NO","",579835,3,7,198,5,59,7,7,1,0.5714,0.6122,2.5714,16.5714,0,0,0,0
5375245,1994,12772,1993,"NO","",560255,3,8,713,2,22,9,25,1,0.6304,0.716,2.16,6.8889,0,0,0,0
5375649,1994,12779,1993,"NO","",,1,14,165,6,66,6,2,0.8333,0.5,0.56,3.5,21.3333,,,,
5375671,1994,12779,1993,"NO","",141935,3,10,175,6,64,9,3,1,0.4444,0.1975,4,10.2222,0.25,0.1111,1,1
5377057,1994,12779,1992,"NO","",560255,3,7,360,2,24,5,2,1,0,0,4.5,5.4,0.2,0.2,0,0
5378039,1995,12786,1993,"NO","",684891,3,3,297,6,65,7,0,0.5714,,0.625,,20.4286,0,0,,
5379165,1995,12786,1993,"NO","",560255,3,10,360,2,24,5,9,1,0.1975,0,2.6667,6.6,0.2,0.2,0.1111,0.1111
5379510,1995,12793,1993,"NO","",,1,7,29,5,52,8,5,0.875,0.32,0.6122,3.4,20.5,,,,
5379716,1995,12793,1993,"NO","",,1,16,116,6,69,6,0,0.6667,,0.375,,29,,,,
5379798,1995,12793,1994,"NO","",707847,3,9,137,6,69,5,1,1,0,0,3,10,0,0,0,0
5380961,1995,12793,1993,"NO","",707944,3,4,191,4,49,6,1,0.6667,0,0.625,4,47,0,0,0,0
5381831,1995,12800,1993,"NO","",708036,3,14,137,6,69,1,0,0,,,,37,0,0,,
5381866,1995,12800,1993,"NO","",690183,3,13,172,6,64,8,3,1,0,0.2188,2.6667,12.375,0,0,1,1
5381984,1995,12800,1993,"NO","",708059,3,1,242,5,51,13,2,0.6154,0.5,0.375,4,24.2308,0,0,0,0
5382141,1995,12800,1993,"NO","",708072,3,6,417,5,53,5,0,0.8,,0.625,,23.8,0,0,,
5384109,1995,12807,1992,"NO","",690813,3,11,424,3,31,4,5,1,0.48,0.375,2.4,5.75,0,0,0.6667,0.4
5384764,1995,12807,1992,"NO","",708304,3,31,369,2,24,11,0,1,,0.6446,,9,0,0,,
5385060,1995,12814,1993,"NO","",,1,5,73,4,43,6,5,1,0,0.4444,3.2,18,,,,
5388317,1995,12828,1993,"NO","",170615,3,8,29,5,52,4,1,0.5,0,0.5,2,47.5,0,0,0,0
5388524,1995,12828,1992,"NO","",,1,7,102,1,19,8,0,1,,0,,11.625,,,,
5390703,1995,12835,1993,"NO","",700602,3,6,137,6,69,0,0,,,,,,,,,
5390739,1995,12835,1993,"NO","",141935,3,16,166,6,64,7,1,1,0,0,3,13.7143,0,0,0,0
5392170,1995,12835,1992,"NO","",560255,3,16,360,2,24,4,0,0.75,,0,,25,0,0,,
5392727,1995,12842,1993,"NO","",709023,3,9,114,5,55,4,1,0.75,0,0,2,38.75,0,0,0,0
5393525,1995,12842,1994,"NO","",690813,3,12,424,3,31,9,4,1,0,0,1.25,5,0,0,0,0
5393741,1995,12842,1991,"NO","",407450,3,5,514,3,31,8,0,1,,0.6875,,7.375,0.625,0.625,,
5394277,1995,12842,1992,"NO","",560255,3,9,360,2,24,14,10,1,0.18,0.2551,4.5,7.3571,0.1538,0.1429,0,0
5394278,1995,12842,1993,"NO","",560255,3,5,360,2,24,14,3,1,0,0.2551,2.3333,6.7143,0.1429,0.1429,0,0
5394709,1995,12849,1993,"NO","",695164,3,13,62,6,69,5,0,1,,0,,11.8,0,0,,
5395491,1995,12849,1993,"NO","",141935,3,60,205,1,19,3,1,1,0,0.4444,2,20.6667,0,0,0,0
5398629,1995,12863,1993,"NO","",141935,3,20,114,5,55,6,0,0.8333,,0.32,,19.8333,0,0,,
5398762,1995,12863,1993,"NO","",708072,3,5,166,6,64,8,0,0.875,,0.449,,18.25,0,0,,
5400732,1995,12870,1992,"NO","",709854,3,9,114,5,55,4,0,1,,0,,7,0,0,,
5400931,1995,12870,1993,"NO","",407450,3,11,222,1,19,3,0,0.6667,,0,,29,0,0,,
5402992,1995,12877,1994,"NO","",407450,3,12,266,5,52,2,0,1,,0.5,,17,0,0,,
5404953,1995,12884,1993,"NO","",407450,3,13,166,6,64,11,0,1,,0.2975,,15.2727,0,0,,
5405109,1995,12884,1993,"NO","",,1,5,248,6,69,9,10,0.5556,0.34,0.56,3.6,43,,,,
5405223,1995,12884,1993,"NO","",,1,9,405,6,64,14,3,1,0,0.7041,1.6667,11.0714,,,,
5405717,1995,12884,1993,"NO","",205070,3,11,429,4,45,7,0,0.8571,,0,,21.7143,0,0,,
5407437,1995,12891,1994,"NO","",,5,1,604,3,32,9,1,0.1111,0,0,0,55.6667,,,,
5407543,1995,12891,1994,"NO","",,1,8,205,1,19,5,2,0.8,0.5,0.375,2,22.6,,,,
5407644,1995,12891,1992,"NO","",141935,3,27,422,1,19,19,0,0.8947,,0.6021,,15.0526,0,0,,
5413310,1995,12912,1994,"NO","",141935,3,11,251,5,53,4,1,1,0,0.375,2,15.75,0,0,0,0
5413315,1995,12912,1994,"NO","",407450,3,13,266,5,52,7,0,0.7143,,0.32,,17.7143,0,0,,
5413318,1995,12912,1993,"NO","",711019,3,7,267,5,59,13,1,0.9231,0,0.7083,3,23.5385,0,0,0,0
5413388,1995,12912,1994,"NO","",,1,12,285,6,67,14,0,0.3571,,0.48,,44.5,,,,
5413461,1995,12912,1993,"NO","",,1,13,416,1,19,7,1,0.5714,0,0.625,4,26.4286,,,,
5414578,1995,12912,1993,"NO","",703718,3,15,360,2,24,4,7,1,0,0.375,3,8.75,0,0,0,0
5416223,1995,12919,1994,"NO","",690813,3,5,549,1,14,3,3,1,0.6667,0.6667,1.3333,16.6667,0,0,0.6667,0.6667
5418990,1995,12933,1993,"NO","",,1,9,5,6,65,4,0,0.75,,0,,29,,,,
5419270,1995,12933,1993,"NO","",711547,3,12,114,5,55,2,1,1,0,0.5,4,29.5,0,0,0,0
5419398,1995,12933,1994,"NO","",407450,3,20,166,6,64,10,1,0.8,0,0.6875,1,28.2,0,0,0,0
5419705,1995,12933,1993,"NO","",711581,3,14,434,6,69,6,10,1,0.18,0,2.3,6.3333,0,0,0,0
5419893,1995,12933,1993,"NO","",690813,3,12,424,3,31,18,3,0.6667,0,0.6389,3,17.5556,0,0,0,0
5419979,1995,12933,1993,"NO","",205070,3,5,429,4,45,5,0,1,,0,,4.8,0,0,,
5420040,1995,12933,1992,"NO","",407450,3,5,436,1,19,2,4,1,0.75,0,4,7,0,0,0,0
5420242,1995,12933,1993,"NO","",,5,10,530,1,15,12,0,1,,0,,10.5833,,,,
5421754,1995,12940,1994,"NO","",,1,11,440,5,55,5,0,1,,0.32,,7.2,,,,
5422090,1995,12940,1992,"NO","",713956,3,20,424,3,31,6,0,1,,0.2778,,6.1667,0,0,,
5422098,1995,12940,1992,"NO","",,1,5,424,3,31,8,0,0.875,,0,,14.375,,,,
5422375,1995,12940,1993,"NO","",141935,3,5,518,1,19,1,4,1,0.375,0,3.25,3,0,0,0,0
5423037,1995,12940,1994,"NO","",711889,3,15,707,2,22,7,25,1,0.5664,0.7755,1.76,5.4286,0,0,0,0
5423146,1995,12947,1993,"NO","",,1,3,43,6,61,5,0,0.2,,0,,50,,,,
5424031,1995,12947,1993,"NO","",170605,3,18,420,5,52,12,0,0.9167,,0.8099,,14.1667,0,0,,
5424697,1995,12947,1992,"NO","",693314,3,4,333,2,21,3,0,1,,0.4444,,8.3333,0,0,,
5425323,1995,12954,1993,"NO","",,1,7,114,5,55,7,0,1,,0.4082,,15.4286,,,,
5425566,1995,12954,1993,"NO","",,1,5,297,6,65,4,6,1,0,0,2.6667,12.5,,,,
5426835,1995,12961,1994,"NO","",712292,3,7,26,6,63,9,0,0.6667,,0,,36.3333,0,0,,
5427871,1995,12961,1993,"NO","",205070,3,20,429,4,45,5,0,0.6,,0,,35.2,0,0,,
5428451,1995,12961,1992,"NO","",712445,3,10,356,4,43,5,4,1,0.375,0.72,3.5,10.6,0,0,0.25,0.25
5429472,1995,12968,1993,"NO","",,1,5,414,5,51,12,1,0.9167,0,0.7107,2,22.1667,,,,
5429569,1995,12968,1994,"NO","",,1,8,482,5,59,4,2,1,0,0,2,7.5,,,,
5429927,1995,12968,1992,"NO","",159010,3,13,435,3,33,3,0,1,,0.4444,,6.3333,0,0,,
5430587,1995,12968,1993,"NO","",703718,3,5,360,2,24,9,3,1,0,0.1975,3,7.3333,0,0,0,0
5430991,1995,12975,1993,"NO","",703718,3,4,53,6,68,12,0,0.8333,,0.82,,22.25,0,0,,
5431417,1995,12975,1993,"NO","",712748,3,9,277,6,67,11,1,0.5455,0,0.4444,3,33.3636,0,0,0,0
5431757,1995,12975,1994,"NO","",159870,3,6,149,1,19,11,2,1,0,0,1,11.1818,0,0,0,0
5432439,1995,12975,1993,"NO","",712827,3,20,324,4,43,2,0,1,,0,,2.5,0,0,,
5435393,1995,12989,1993,"NO","",407450,3,20,166,6,64,3,1,1,0,0,3,4,0,0,0,0
5437527,1995,12996,1993,"NO","",713313,3,3,414,5,51,11,1,0.8182,0,0.716,2,21.1818,0.125,0.0909,0,0
5438469,1995,12996,1993,"NO","",560255,3,15,360,2,24,9,9,1,0.1975,0,3.4444,7.7778,0.2222,0.2222,0.3333,0.3333
5440392,1995,13003,1994,"NO","",690675,3,7,356,4,43,0,5,,0.48,,2.4,,,,0.5,0.2
5440435,1995,13003,1993,"NO","",703718,3,8,360,2,24,22,5,1,0.48,0.3182,3,11.5455,0,0,0,0
5440460,1995,13003,1993,"NO","",713582,3,3,362,4,42,7,0,0.8571,,0.5,,11.5714,0,0,,
5441008,1995,13010,1993,"NO","",323865,3,2,114,5,55,0,1,,0,,4,,,,0,0
5441732,1995,13010,1992,"NO","",19170,2,22,424,3,31,12,7,1,0.6122,0.5694,3.7143,10,0.0833,0.0833,0,0
5442590,1995,13010,1992,"NO","",141935,3,5,367,2,21,11,0,1,,0.1653,,12.9091,0,0,,
5442760,1995,13010,1993,"NO","",713796,3,8,712,2,22,16,32,1,0.2793,0.4844,3,6.875,0,0,0,0
5442963,1995,13017,1994,"NO","",707251,3,9,73,4,43,1,0,1,,0,,3,0,0,,
5443102,1995,13017,1994,"NO","",407450,3,21,141,5,51,8,1,0.875,0,0.4082,3,23.375,0.1667,0.125,0,0
5443126,1995,13017,1993,"NO","",690183,3,9,172,6,64,11,2,0.4545,0.5,0,2.5,38.1818,0,0,0,0
5444184,1995,13017,1993,"NO","",702942,3,12,174,4,41,20,1,0.9,0,0.4506,4,15.15,0,0,0,0
5444942,1995,13024,1993,"NO","",714042,3,11,49,5,59,4,0,0.25,,0,,44.5,0,0,,
5445663,1995,13024,1993,"NO","",407450,3,11,71,1,11,5,3,1,0.4444,0.32,1.6667,13.2,0,0,0,0
5445744,1995,13024,1993,"NO","",,1,17,210,1,19,9,1,1,0,0,3,17.3333,,,,
5447359,1995,13031,1992,"NO","",714253,3,12,297,6,65,12,1,0.3333,0,0,6,46.75,0,0,0,0
5448426,1995,13031,1994,"NO","",560255,3,9,360,2,24,3,2,1,0,0,2,5.6667,0,0,0,0
5452152,1995,13045,1991,"NO","",560255,3,13,360,2,24,4,3,1,0,0,6,5.75,0.6667,0.5,0,0
5452803,1995,13052,1993,"NO","",,1,9,206,6,68,16,1,0.9375,0,0.56,1,17.5625,,,,
5453286,1995,13052,1993,"NO","",171220,3,6,426,6,61,0,0,,,,,,,,,
5454257,1995,13059,1993,"NO","",407450,3,1,73,4,43,3,1,1,0,0,3,13,0,0,0,0
5455160,1995,13059,1993,"NO","",,1,7,435,3,33,0,0,,,,,,,,,
5456198,1995,13066,1994,"NO","",361530,3,5,114,5,55,2,1,0.5,0,0,2,42.5,0,0,0,0
5456305,1995,13066,1995,"NO","",,1,6,160,6,69,10,0,0.8,,0.2188,,22.9,,,,
5456622,1995,13066,1994,"NO","",141935,3,20,441,6,69,5,2,1,0.5,0.48,2.5,8.2,0,0,0.5,0.5
5456838,1995,13066,1993,"NO","",,1,4,210,1,19,4,1,0.75,0,0,1,32,,,,
5457472,1995,13066,1994,"NO","",715139,3,4,343,2,21,8,2,0.75,0,0.4444,3,16.875,0,0,0,0
5457586,1995,13066,1991,"NO","",560255,3,6,360,2,24,5,6,1,0,0,4.3333,11.4,0.6,0.6,0,0
5458157,1995,13073,1994,"NO","",350815,3,1,139,6,63,5,0,0.6,,0,,23.2,0.3333,0.2,,
5458779,1995,13073,1992,"NO","",715279,3,4,210,1,19,3,3,1,0.4444,0.4444,5,15.3333,0,0,0,0
5458869,1995,13073,1992,"NO","",714142,2,9,424,3,31,7,0,1,,0.6939,,15.4286,0,0,,
5459054,1995,13073,1993,"NO","",715307,2,2,435,3,33,4,3,1,0,0,3,9.5,0,0,0,0
5460164,1995,13080,1994,"NO","",715399,3,12,126,6,66,10,1,0.9,0,0.1975,1,28.7,0,0,0,0
5460733,1995,13080,1994,"NO","",715471,3,6,210,1,19,6,2,0.8333,0.5,0.32,3,17,0,0,0,0
5461510,1995,13080,1994,"NO","",,1,14,359,5,54,8,1,1,0,0.5938,0,3.25,,,,
5461899,1995,13087,1994,"NO","",407450,3,17,72,5,52,6,2,0.8333,0,0.32,3,26.3333,0,0,0,0
5461901,1995,13087,1994,"NO","",715577,3,5,73,4,43,8,2,0.625,0.5,0.56,2.5,26.125,0,0,0,0
5462232,1995,13087,1993,"NO","",,1,8,239,5,59,4,0,1,,0.625,,13.75,,,,
5464059,1995,13094,1994,"NO","",141935,3,23,166,6,64,8,1,1,0,0,3,12.125,0,0,0,0
5465723,1995,13101,1994,"NO","",611555,3,24,600,3,32,1,0,1,,0,,1,0,0,,
5468151,1995,13108,1993,"NO","",696069,3,23,434,6,69,14,1,1,0,0,4,14.5714,0.1429,0.0714,0,0
5468166,1995,13108,1994,"NO","",141935,3,12,441,6,69,4,0,1,,0.625,,10.5,0,0,,
5469606,1995,13115,1994,"NO","",,1,13,24,6,63,10,3,0.6,0.4444,0.5,2.6667,34,,,,
5472261,1995,13122,1993,"NO","",,1,14,297,6,65,7,3,1,0,0,3.3333,13.5714,,,,
5472501,1995,13122,1988,"NO","",697911,2,21,106,1,12,10,4,0.9,0,0.716,8,19.1,0,0,0,0
5472530,1995,13122,1995,"NO","",407450,3,8,149,1,19,1,0,1,,0,,13,0,0,,
5473628,1995,13122,1992,"NO","",407450,3,6,373,6,66,9,0,0.6667,,0.2778,,30.7778,0,0,,
5473874,1995,13129,1994,"NO","",716636,3,26,56,6,61,9,0,0.7778,,0.449,,24.8889,0,0,,
5474401,1995,13129,1993,"NO","",407450,3,5,406,5,59,3,0,0.6667,,0,,18.3333,1,0.3333,,
5475188,1995,13129,1994,"NO","",217325,3,11,181,6,69,4,1,1,0,0.375,3,5.5,0.25,0.25,0,0
5475548,1995,13129,1994,"NO","",703718,3,21,360,2,24,32,4,1,0.625,0.6797,2.5,9.5625,0.0357,0.0313,0,0
5476096,1995,13136,1995,"NO","",611555,3,20,600,3,32,3,10,1,0,0,1.8889,1,0,0,0,0
5476793,1995,13136,1993,"NO","",407450,3,7,436,1,19,1,0,1,,0,,18,0,0,,
5477717,1995,13143,1993,"NO","",717001,3,8,72,5,52,7,2,0.8571,0.5,0.2778,4,22,0,0,0,0
5477813,1995,13143,1994,"NO","",695164,3,8,119,6,61,6,1,1,0,0,3,12.3333,0,0,0,0
5479779,1996,13150,1994,"NO","",703771,3,7,60,4,45,7,0,1,,0.449,,11,0,0,,
5481080,1996,13150,1994,"NO","",323865,3,2,219,4,49,4,0,1,,0,,6.75,0,0,,
5481877,1996,13157,1993,"NO","",703771,3,1,60,4,45,15,1,0.2,0,0.4444,2,48.6667,0,0,0,0
5482227,1996,13157,1994,"NO","",306540,3,3,242,5,51,9,0,0.5556,,0.72,,31.3333,0,0,,
5482253,1996,13157,1994,"NO","",,1,6,251,5,53,4,0,0.75,,0,,25,,,,
5482484,1996,13157,1993,"NO","",407450,3,20,441,6,69,5,0,1,,0.64,,11,0,0,,
5484770,1996,13164,1991,"NO","",717626,3,12,514,3,31,0,1,,0,,3,,,,0,0
5485703,1996,13171,1994,"NO","",,1,3,52,6,69,9,2,0.2222,0,0,3,66.6667,,,,
5486674,1996,13171,1994,"NO","",323865,3,2,219,4,49,11,0,1,,0.4463,,12.8182,0,0,,
5487349,1996,13178,1994,"NO","",,1,18,114,5,55,6,2,1,0.5,0.2778,2,13.5,,,,
5488420,1996,13178,1994,"NO","",717933,3,17,348,4,49,5,0,1,,0.32,,7.4,0,0,,
5488920,1996,13185,1994,"NO","",217325,3,13,114,5,55,3,0,1,,0,,9.6667,0.3333,0.3333,,
5488980,1996,13185,1994,"NO","",458940,3,20,141,5,51,19,1,0.6842,0,0.6864,3,38.0526,0,0,0,0
5490539,1996,13192,1994,"NO","",715577,3,20,137,6,69,7,0,0.8571,,0.2778,,21.8571,0,0,,
5490715,1996,13192,1993,"NO","",,1,6,297,6,65,17,0,0.5294,,0.7901,,50.9412,,,,
5492075,1996,13199,1995,"NO","",141935,3,11,114,5,55,3,0,0.6667,,0,,32.3333,0,0,,
5494454,1996,13206,1994,"NO","",,1,2,439,4,41,4,2,1,0,0,2,6,,,,
5495791,1996,13213,1994,"NO","",,1,5,92,5,53,5,0,0.2,,0,,35,,,,
5495992,1996,13213,1992,"NO","",560255,3,4,242,5,51,6,0,1,,0,,9.5,0,0,,
5496534,1996,13213,1994,"NO","",690813,3,4,424,3,31,9,2,1,0.5,0.3704,1,7.3333,0.1667,0.1111,1,1
5497631,1996,13220,1994,"NO","",695164,3,11,62,6,69,6,0,0.8333,,0.32,,17.5,0.2,0.1667,,
5498524,1996,13220,1994,"NO","",718843,3,11,435,3,33,0,0,,,,,,,,,
5499838,1996,13227,1993,"NO","",696689,3,4,280,5,55,2,4,0.5,0,0,3.75,39,0,0,0.5,0.5
5500501,1996,13227,1995,"NO","",323865,3,3,219,4,49,1,1,1,0,0,1,13,0,0,0,0
5500964,1996,13234,1994,"NO","",719061,2,15,5,6,65,10,0,0.9,,0,,18.4,0,0,,
5501354,1996,13234,1994,"NO","",,1,4,220,6,68,6,1,1,0,0.2778,1,10.8333,,,,
5501549,1996,13234,1994,"NO","",707847,3,7,405,6,64,10,3,1,0.4444,0.46,3.3333,12.8,0,0,0,0
5501748,1996,13234,1993,"NO","",407450,3,9,148,5,52,5,0,0.8,,0.75,,16.4,0,0,,
5502077,1996,13234,1992,"NO","",407450,3,12,514,3,31,9,4,1,0.375,0.5926,3.75,11.7778,0,0,0.25,0.25
5502991,1996,13241,1994,"NO","",587455,3,12,70,6,65,9,0,0.7778,,0,,35.5556,0,0,,
5503906,1996,13241,1994,"NO","",377880,2,23,428,6,69,28,3,0.75,0.4444,0.6032,1.6667,23.1071,0.7368,0.5,0.6667,0.6667
5505118,1996,13248,1994,"NO","",205070,3,7,89,5,59,2,1,0,0,,3,73.5,0,0,0,0
5505151,1996,13248,1994,"NO","",719446,3,3,114,5,55,7,0,1,,0.449,,15.4286,0,0,,
5505534,1996,13248,1994,"NO","",,1,4,312,6,65,8,0,0.625,,0.32,,36.375,,,,
5506144,1996,13248,1993,"NO","",705250,3,18,436,1,19,4,2,1,0,0,3.5,8.5,0,0,0,0
5507573,1996,13255,1993,"NO","",,1,17,366,1,19,8,2,0.5,0.5,0,4.5,40,,,,
5507690,1996,13255,1994,"NO","",587355,3,8,452,6,61,4,2,0.75,0,0,3,22.5,0,0,1,0.5
5509838,1996,13262,1994,"NO","",141935,3,16,441,6,69,7,0,1,,0.5714,,9,0,0,,
5510178,1996,13262,1993,"NO","",377880,2,12,428,6,69,23,1,0.6957,0,0.5781,3,26.3478,0.6429,0.3913,0,0
5511633,1996,13269,1994,"NO","",,1,9,187,5,55,2,0,1,,0,,14.5,,,,
5511815,1996,13269,1995,"NO","",,1,9,280,5,55,4,1,1,0,0,1,4,,,,
5512439,1996,13269,1994,"NO","",159010,3,20,435,3,33,4,6,1,0.4444,0.75,2.3333,8.5,0,0,0,0
5515856,1996,13283,1996,"NO","",611555,3,19,600,3,32,13,1,1,0,0.142,0,7.2308,0,0,1,1
5518117,1996,13290,1994,"NO","",705726,3,11,206,6,68,11,1,0.3636,0,0.375,3,32.5455,0,0,0,0
5518353,1996,13290,1995,"NO","",,5,8,414,5,51,5,0,0.6,,0,,38,,,,
5518894,1996,13290,1993,"NO","",,1,56,435,3,33,9,2,1,0,0.1975,5,11.6667,,,,
5520890,1996,13297,1994,"NO","",141935,3,36,422,1,19,12,2,1,0,0.6806,2.5,8.5,0,0,0,0
5522311,1996,13304,1995,"NO","",579835,3,13,100,5,59,6,0,0.6667,,0,,30.3333,0,0,,
5522624,1996,13304,1994,"NO","",721058,2,10,285,6,67,11,0,0.5455,,0.5,,39.2727,0,0,,
5524768,1996,13311,1994,"NO","",407450,3,14,209,5,51,7,0,0.4286,,0.6667,,44.8571,0,0,,
5525493,1996,13311,1992,"NO","",159010,3,14,435,3,33,1,0,1,,0,,8,0,0,,
5525716,1996,13311,1993,"NO","",,1,14,536,1,14,0,2,,0,,3,,,,,
5526804,1996,13318,1994,"NO","",715577,3,7,128,3,32,24,1,0.9583,0,0.0832,3,14.5417,0,0,0,0
5526870,1996,13318,1995,"NO","",407450,3,5,164,5,52,2,1,1,0,0,0,8.5,0,0,0,0
5526887,1996,13318,1995,"NO","",480610,3,6,175,6,64,8,0,0.375,,0,,43.625,0,0,,
5527518,1996,13318,1994,"NO","",323865,3,4,423,1,19,4,1,0.75,0,0,2,37.5,0,0,0,0
5528517,1996,13318,1994,"NO","",721565,3,15,702,2,22,9,5,0.8889,0.56,0.8125,2.2,11,0,0,0,0
5529293,1996,13325,1993,"NO","",,1,14,267,5,59,9,1,0.7778,0,0.6122,4,23.6667,,,,
5529521,1996,13325,1994,"NO","",,1,7,441,6,69,5,2,1,0.5,0.48,3,8.8,,,,
5529766,1996,13325,1993,"NO","",690813,3,30,424,3,31,3,27,1,0.1399,0.4444,2.5185,3.3333,0,0,0.0741,0.0741
5531543,1996,13332,1995,"NO","",,1,13,405,6,64,2,3,0.5,0.6667,0,2,40.5,,,,
5531769,1996,13332,1994,"NO","",326600,2,25,607,3,32,5,1,1,0,0.32,2,15.4,0,0,0,0
5531978,1996,13332,1993,"NO","",690813,3,7,424,3,31,13,4,0.6154,0,0.6563,3,21.0769,0.1429,0.0769,0.25,0.25
5532216,1996,13332,1994,"NO","",269178,2,13,514,3,31,3,9,1,0.1975,0.6667,2.6667,4,0.3333,0.3333,0,0
5532975,1996,13332,1994,"NO","",217325,3,24,367,2,21,17,3,1,0.4444,0.4152,2.3333,12.3529,0.0588,0.0588,0,0
5534250,1996,13339,1993,"NO","",690813,3,13,424,3,31,2,2,0,0,,1.5,45,0,0,1,1
5534531,1996,13339,1993,"NO","",407450,3,4,514,3,31,2,0,1,,0.5,,5.5,1,1,,
5534868,1996,13339,1994,"NO","",722111,3,15,342,2,21,12,4,1,0.625,0,3,5.3333,0,0,0,0
5536314,1996,13346,1994,"NO","",722246,3,11,118,1,12,10,3,1,0,0.66,2,14.3,0,0,0.3333,0.3333
5536490,1996,13346,1993,"NO","",690813,3,40,424,3,31,4,32,1,0.2285,0.375,2.5,6.5,0,0,0.0625,0.0625
5536893,1996,13346,1994,"NO","",,1,20,585,1,19,5,1,1,0,0.72,3,15.8,,,,
5537213,1996,13346,1994,"NO","",722317,3,14,356,4,43,12,0,1,,0.4028,,13.3333,0,0,,
5537801,1996,13353,1994,"NO","",705726,3,4,53,6,68,9,0,0.8889,,0.2188,,18.8889,0,0,,
5537995,1996,13353,1994,"NO","",141935,3,17,128,3,32,11,0,0.9091,,0,,15.1818,0.1,0.0909,,
5538344,1996,13353,1994,"NO","",722436,3,7,366,1,19,9,2,0.7778,0.5,0.7347,2,27.7778,0,0,0,0
5538356,1996,13353,1994,"NO","",,1,6,403,6,67,7,1,0.8571,0,0,3,19.8571,,,,
5538619,1996,13353,1994,"NO","",409190,3,6,205,1,19,3,0,1,,0.4444,,4.3333,1,0.3333,,
5538689,1996,13353,1994,"NO","",,1,4,422,1,19,4,0,1,,0.625,,9.75,,,,
5540607,1996,13360,1995,"NO","",141935,3,12,441,6,69,3,1,1,0,0.4444,2,5.3333,0,0,0,0
5542082,1996,13360,1995,"NO","",560255,3,5,711,2,24,16,8,1,0.75,0.6484,1,7.625,0,0,0,0
5542417,1996,13367,1994,"NO","",715577,3,5,128,3,32,6,0,0.6667,,0,,20.8333,0,0,,
5543039,1996,13367,1994,"NO","",715279,3,2,210,1,19,3,3,1,0.4444,0.4444,2.6667,16.3333,0,0,0,0
5545065,1996,13374,1994,"NO","",141935,3,18,441,6,69,7,0,1,,0.5714,,10.8571,0,0,,
5545433,1996,13374,1994,"NO","",,1,10,427,1,12,0,0,,,,,,,,,
5546359,1996,13374,1995,"NO","",14515,3,15,367,2,21,10,0,1,,0.48,,12.2,0,0,,
5548480,1996,13381,1994,"NO","",703718,3,26,361,4,45,5,5,1,0.32,0,2,4.2,0,0,0,0
5548562,1996,13381,1993,"NO","",217325,3,54,367,2,21,13,2,1,0.5,0.7337,4.5,9.5385,0,0,0,0
5549076,1996,13388,1994,"NO","",,1,10,119,6,61,2,2,1,0,0,3.5,9.5,,,,
5549239,1996,13388,1994,"NO","",407450,3,3,228,5,52,9,0,1,,0.7654,,8.3333,0,0,,
5551794,1996,13395,1994,"NO","",,1,6,403,6,67,4,2,0.5,0,0.5,2.5,52,,,,
5552885,1996,13395,1994,"NO","",,1,7,356,4,43,5,0,1,,0.56,,11,,,,
5553651,1996,13402,1995,"NO","",,1,7,160,6,69,6,0,0.6667,,0.375,,24,,,,
5555404,1996,13402,1995,"NO","",723902,3,7,707,2,22,11,15,1,0.6311,0.7273,0.8,4.7273,0,0,0,0
5555609,1996,13409,1994,"NO","",46250,3,21,24,6,63,6,0,1,,0,,3.1667,0,0,,
5556756,1996,13409,1992,"NO","",412795,3,20,435,3,33,9,1,1,0,0.3457,4,7.8889,0,0,0,0
5558856,1996,13416,1994,"NO","",690813,3,35,424,3,31,1,19,1,0,0,1.5789,4,0,0,0.0526,0.0526
5558857,1996,13416,1993,"NO","",690813,3,12,424,3,31,1,8,1,0,0,2.125,5,0,0,0,0
5559266,1996,13416,1995,"NO","",690813,3,5,558,1,14,2,0,1,,0.5,,1.5,1,1,,
5559893,1996,13416,1995,"NO","",695164,3,14,381,4,49,6,1,1,0,0,2,5.1667,0,0,0,0
5560310,1996,13423,1995,"NO","",,1,20,114,5,55,4,0,1,,0,,15,,,,
5560363,1996,13423,1995,"NO","",611555,3,4,600,3,32,5,1,1,0,0,0,3.8,0,0,1,1
5561191,1996,13423,1995,"NO","",407450,3,14,524,1,15,2,1,1,0,0.5,2,3,0.5,0.5,0,0
5561196,1996,13423,1995,"NO","",141935,3,31,525,1,15,5,0,1,,0.32,,12.4,0,0,,
5561349,1996,13423,1994,"NO","",,1,20,315,4,42,1,0,1,,0,,10,,,,
5562325,1996,13430,1995,"NO","",,1,12,297,6,65,13,1,0.6923,0,0.716,2,23.4615,,,,
5562957,1996,13430,1995,"NO","",724614,3,4,428,6,69,1,1,1,0,0,3,6,0,0,0,0
5564957,1996,13437,1994,"NO","",141935,3,14,441,6,69,5,3,0.8,0.6667,0.375,2.3333,23.2,0,0,0.3333,0.3333
5565012,1996,13437,1995,"NO","",337845,2,8,55,1,13,15,1,0.8,0,0.4861,1,24.4,0,0,0,0
5566621,1996,13444,1995,"NO","",,1,8,104,5,55,10,0,0.7,,0.449,,24.8,,,,
5566754,1996,13444,1995,"NO","",620940,2,12,166,6,64,27,1,0.7407,0,0.265,1,20.037,0.2,0.1111,1,1
