3611029,1971,4295,1969,"IL","",597195,6,,361,4,45,,1,,0,,13,,,,0,0
3611942,1971,4302,1969,"IL","",286660,3,,102,1,19,,1,,0,,18,,,,0,0
3611943,1971,4302,1969,"IL","",286660,3,,102,1,19,,2,,0,,6,,,,0,0
3612951,1971,4302,1969,"IL","",295020,3,,361,4,45,,0,,,,,,,,,
3616416,1971,4316,1969,"IL","",263230,2,,204,1,19,,0,,,,,,,,,
3617550,1971,4323,1969,"IL","",263235,3,,210,1,19,,8,,0.625,,16.375,,,,0,0
3621870,1971,4344,1970,"IL","",475535,3,,137,6,69,,2,,0.5,,8.5,,,,0,0
3622624,1971,4344,1968,"IL","",592610,3,,562,1,14,,0,,,,,,,,,
3626518,1971,4365,1969,"IL","",,1,,623,3,39,,3,,0.4444,,18.6667,,,,,
3626895,1971,4365,1969,"IL","",,1,,111,6,61,,0,,,,,,,,,
3627132,1971,4365,1969,"IL","",177145,2,,210,1,19,,7,,0,,15.1429,,,,0.1429,0.1429
3627640,1971,4365,1968,"IL","",636865,3,,435,3,33,,4,,0.625,,9.75,,,,0,0
3627646,1971,4365,1969,"IL","",262870,2,,202,1,19,,5,,0.56,,5.2,,,,0,0
3628824,1971,4372,1969,"IL","",286660,3,,294,5,59,,6,,0.6667,,15.6667,,,,0,0
3629675,1971,4372,1970,"IL","",,1,,318,4,45,,10,,0.46,,14.8,,,,,
3631819,1972,4386,1969,"IL","",,1,,432,6,66,,2,,0.5,,11.5,,,,,
3632007,1972,4386,1969,"IL","",443245,3,,217,6,68,,5,,0.56,,17.4,,,,0,0
3632614,1972,4386,1968,"IL","",597175,6,,554,1,14,,1,,0,,16,,,,0,0
3633278,1972,4393,1970,"IL","",,1,,33,6,69,,1,,0,,6,,,,,
3633938,1972,4393,1970,"IL","",76320,3,,280,5,55,,2,,0,,7.5,,,,0,0
3634638,1972,4393,1970,"IL","",286615,3,,200,4,41,,8,,0.6875,,14.25,,,,0.5,0.375
3635805,1972,4400,1968,"IL","",286660,3,,205,1,19,,1,,0,,22,,,,0,0
3638517,1972,4414,1970,"IL","",,1,,81,5,59,,1,,0,,13,,,,,
3640368,1972,4421,1969,"IL","",542180,7,,400,5,59,,8,,0.75,,19.875,,,,0,0
3643910,1972,4435,1969,"IL","",,1,,249,6,69,,22,,0.6694,,16.1364,,,,,
3644177,1972,4435,1969,"IL","",682835,3,,435,3,33,,8,,0.2188,,18.25,,,,0,0
3647465,1972,4449,1968,"IL","",,5,,430,1,19,,5,,0.72,,20.8,,,,,
3647638,1972,4449,1968,"IL","",262870,2,,203,1,19,,6,,0.6667,,10.3333,,,,0,0
3649666,1972,4456,1967,"IL","",592610,3,,558,1,14,,0,,,,,,,,,
3650900,1972,4463,1968,"IL","",636865,3,,435,3,33,,4,,0.375,,5.5,,,,0.25,0.25
3650901,1972,4463,1968,"IL","",636865,3,,435,3,33,,2,,0,,5,,,,0,0
3651019,1972,4463,1965,"IL","",636865,3,,525,1,15,,9,,0.6173,,20.3333,,,,0,0
3651115,1972,4463,1967,"IL","",682835,3,,556,1,14,,7,,0.5714,,14.7143,,,,0,0
3651721,1972,4470,1970,"IL","",,1,,82,5,51,,0,,,,,,,,,
3652718,1972,4470,1971,"IL","",350010,3,,525,1,15,,3,,0.6667,,9.3333,,,,0,0
3653325,1972,4477,1969,"IL","",286660,7,,102,1,19,,0,,,,,,,,,
3653597,1972,4477,1970,"IL","",,1,,239,5,59,,1,,0,,5,,,,,
3659104,1972,4498,1970,"IL","",682835,3,,436,1,19,,12,,0.4861,,6.5833,,,,0.0909,0.0833
3662875,1972,4519,1970,"IL","",,1,,198,5,59,,6,,0.6667,,12.1667,,,,,
3663717,1972,4519,1970,"IL","",71450,2,,426,6,61,,9,,0.7654,,16.8889,,,,0,0
3664213,1972,4526,1970,"IL","",,1,,81,5,59,,11,,0.4463,,20.2727,,,,,
3669650,1972,4547,1970,"IL","",,1,,75,5,52,,5,,0.72,,7.6,,,,,
3673623,1972,4568,1970,"IL","",,1,,12,6,63,,5,,0.48,,25.6,,,,,
3674756,1972,4568,1968,"IL","",286640,3,,526,1,15,,0,,,,,,,,,
3675021,1972,4568,1969,"IL","",286660,3,,250,4,44,,1,,0,,6,,,,0,0
3675466,1972,4575,1970,"IL","",263235,3,,73,4,43,,6,,0,,13.5,,,,0,0
3676203,1972,4575,1970,"IL","",597250,6,,428,6,69,,10,,0.64,,16.4,,,,0.1,0.1
3677549,1972,4582,1971,"IL","",,1,,273,6,62,,6,,0.2778,,9.5,,,,,
3677668,1972,4582,1970,"IL","",,1,,418,5,53,,3,,0,,8.3333,,,,,
3678754,1972,4589,1969,"IL","",563495,3,,73,4,43,,6,,0.6667,,10.6667,,,,0,0
3678960,1972,4589,1970,"IL","",,1,,137,6,69,,20,,0.685,,15.85,,,,,
3679139,1972,4589,1970,"IL","",,1,,241,5,51,,2,,0.5,,20,,,,,
3685495,1972,4617,1971,"IL","",443245,3,,119,6,61,,7,,0,,10.5714,,,,0.25,0.1429
3685724,1972,4617,1971,"IL","",,1,,235,5,59,,0,,,,,,,,,
3686089,1972,4617,1968,"IL","",,1,,204,1,19,,15,,0,,16.5333,,,,,
3686269,1972,4617,1970,"IL","",592610,3,,558,1,14,,0,,,,,,,,,
3686270,1972,4617,1970,"IL","",592610,3,,558,1,14,,0,,,,,,,,,
3686386,1972,4617,1970,"IL","",58965,2,,264,5,51,,2,,0.5,,12.5,,,,0,0
3687142,1972,4624,1970,"IL","",,1,,600,3,32,,11,,0.7603,,14.3636,,,,,
3690312,1972,4638,1969,"IL","",,1,,600,3,32,,12,,0.6667,,17,,,,,
3692546,1972,4645,1970,"IL","",95655,3,,426,6,61,,4,,0,,14.75,,,,0,0
3698787,1972,4673,1971,"IL","",59445,2,,359,5,54,,7,,0,,13.8571,,,,0,0
3700576,1972,4680,1970,"IL","",263235,3,,204,1,19,,3,,0.4444,,20.6667,,,,0,0
3700610,1972,4680,1970,"IL","",636865,3,,521,1,15,,1,,0,,3,,,,0,0
3700720,1972,4680,1969,"IL","",636865,3,,560,1,14,,0,,,,,,,,,
3701901,1972,4687,1970,"IL","",171425,3,,250,4,44,,4,,0.5,,11,,,,0,0
3702607,1972,4701,1971,"IL","",,1,,128,3,32,,1,,0,,3,,,,,
3705466,1972,4729,1969,"IL","",,1,,446,6,62,,1,,0,,19,,,,,
3706633,1972,4736,1970,"IL","",759416,2,,435,3,33,,18,,0.5679,,12.2222,,,,0.0556,0.0556
3707102,1972,4743,1970,"IL","",24145,2,,83,5,51,,12,,0.8194,,17.8333,,,,0,0
3708060,1973,4750,1970,"IL","",,1,,72,5,52,,4,,0.75,,13.25,,,,,
3710020,1973,4757,1969,"IL","",,1,,358,2,21,,1,,0,,11,,,,,
3710117,1973,4757,1970,"IL","",682835,3,,436,1,19,,4,,0,,3.5,,,,0.3333,0.25
3710311,1973,4757,1970,"IL","",286615,3,,340,2,21,,4,,0.625,,21.25,,,,0,0
3713043,1973,4771,1970,"IL","",682835,3,,372,4,42,,3,,0,,7.3333,,,,0,0
3713801,1973,4778,1970,"IL","",100215,3,,71,1,11,,1,,0,,5,,,,0,0
3714010,1973,4778,1972,"IL","",597250,6,,204,1,19,,4,,0.625,,6,,,,0.25,0.25
3714181,1973,4778,1970,"IL","",24425,2,,548,1,14,,3,,0.6667,,20,,,,0,0
3715403,1973,4785,1968,"IL","",636865,3,,568,1,14,,0,,,,,,,,,
3717705,1973,4799,1970,"IL","",,1,,436,1,19,,5,,0,,22,,,,,
3724781,1973,4841,1971,"IL","",623340,3,,244,5,55,,6,,0.5,,13,,,,0.25,0.1667
3725528,1973,4841,1971,"IL","",682835,3,,423,1,19,,7,,0.6939,,7.5714,,,,0.1667,0.1429
3727356,1973,4855,1968,"IL","",,1,,52,6,69,,4,,0.375,,17.75,,,,,
3727812,1973,4855,1970,"IL","",,1,,223,6,63,,8,,0,,19.375,,,,,
3728314,1973,4855,1971,"IL","",263295,2,,525,1,15,,9,,0.716,,8.6667,,,,0.125,0.1111
3728317,1973,4855,1971,"IL","",263295,2,,525,1,15,,9,,0.8395,,7.6667,,,,0.1667,0.1111
3728452,1973,4855,1971,"IL","",1705,3,,514,3,31,,4,,0,,8,,,,0.25,0.25
3728541,1973,4855,1972,"IL","",635885,3,,378,4,44,,5,,0.56,,6.8,,,,0,0
3729273,1973,4862,1970,"IL","",59445,2,,417,5,53,,5,,0.64,,20.4,,,,0,0
3730336,1973,4869,1970,"IL","",,1,,206,6,68,,12,,0.7639,,20.6667,,,,,
3731060,1973,4869,1971,"IL","",635240,2,,209,5,51,,9,,0.642,,10.3333,,,,0,0
3731403,1973,4876,1972,"IL","",,1,,434,6,69,,0,,,,,,,,,
3731878,1973,4876,1971,"IL","",472600,3,,239,5,59,,1,,0,,4,,,,0,0
3732057,1973,4876,1971,"IL","",,1,,431,6,66,,4,,0.375,,16,,,,,
3732138,1973,4876,1971,"IL","",,1,,428,6,69,,13,,0.5562,,13.0769,,,,,
3733136,1973,4883,1971,"IL","",,1,,356,4,43,,7,,0.6939,,9.7143,,,,,
3733908,1973,4890,1971,"IL","",263235,3,,73,4,43,,5,,0,,15.2,,,,0,0
3734160,1973,4890,1970,"IL","",262870,2,,159,1,19,,5,,0.64,,9.6,,,,0,0
3735525,1973,4897,1971,"IL","",,1,,446,6,62,,5,,0.32,,11.8,,,,,
3736567,1973,4897,1971,"IL","",80670,2,,712,2,22,,54,,0.4822,,9.5741,,,,0,0
3737209,1973,4904,1972,"IL","",,1,,312,6,65,,3,,0.4444,,15.6667,,,,,
3737447,1973,4904,1970,"IL","",636865,3,,558,1,14,,4,,0.375,,9.25,,,,0,0
3737469,1973,4904,1971,"IL","",636865,3,,570,1,14,,4,,0,,8.75,,,,0.5,0.5
3738595,1973,4911,1970,"IL","",,1,,244,5,55,,2,,0,,9.5,,,,,
3740749,1973,4918,1971,"IL","",59445,2,,342,2,21,,2,,0.5,,7.5,,,,0,0
3741878,1973,4925,1972,"IL","",262870,2,,202,1,19,,8,,0.5938,,6,,,,0,0
3742019,1973,4925,1969,"IL","",432760,3,,558,1,14,,1,,0,,4,,,,0,0
3743092,1973,4932,1971,"IL","",,1,,209,5,51,,2,,0.5,,8.5,,,,,
3743503,1973,4932,1970,"IL","",160890,2,,430,1,19,,11,,0.6777,,22.0909,,,,0,0
3744424,1973,4939,1970,"IL","",286660,3,,102,1,19,,4,,0.375,,10.75,,,,0,0
3744492,1973,4939,1971,"IL","",,1,,604,3,32,,6,,0.5,,19.3333,,,,,
3747558,1973,4953,1972,"IL","",597180,6,,118,1,12,,15,,0.5333,,16.2,,,,0,0
3748599,1973,4953,1971,"IL","",682835,3,,324,4,43,,0,,,,,,,,,
3748805,1973,4960,1971,"IL","",,1,,52,6,69,,5,,0,,14.8,,,,,
3750246,1973,4967,1971,"IL","",235430,2,,492,5,59,,18,,0.7654,,19.6111,,,,0,0
3750354,1973,4967,1971,"IL","",,1,,52,6,69,,3,,0,,23,,,,,
3750435,1973,4967,1971,"IL","",,1,,70,6,65,,2,,0.5,,13,,,,,
3751075,1973,4967,1971,"IL","",,1,,285,6,67,,3,,0.4444,,5,,,,,
3751362,1973,4967,1971,"IL","",48350,2,,210,1,19,,0,,,,,,,,,
3751919,1973,4974,1970,"IL","",509460,2,,60,4,45,,6,,0.2778,,6,,,,0,0
3753887,1973,4981,1970,"IL","",263205,2,,204,1,19,,14,,0.4388,,10.2857,,,,0,0
3754220,1973,4981,1971,"IL","",563495,3,,340,2,21,,10,,0.7,,10.2,,,,0,0
3754223,1973,4981,1970,"IL","",636865,3,,340,2,21,,5,,0.72,,5,,,,0,0
3755088,1973,4988,1970,"IL","",262870,2,,202,1,19,,5,,0.72,,9.4,,,,0,0
3755237,1973,4988,1971,"IL","",633980,2,,524,1,15,,45,,0.7812,,13.4667,,,,0,0
3756250,1973,4995,1972,"IL","",,1,,131,6,61,,4,,0,,14.75,,,,,
3756614,1973,4995,1972,"IL","",,1,,280,5,55,,4,,0,,18.25,,,,,
3757439,1973,5002,1971,"IL","",,1,,37,6,64,,2,,0,,7,,,,,
3757962,1973,5002,1971,"IL","",542180,7,,414,5,51,,2,,0.5,,13.5,,,,0,0
3759066,1973,5009,1971,"IL","",,1,,464,5,53,,3,,0.6667,,21.6667,,,,,
3759167,1973,5009,1972,"IL","",,1,,99,6,61,,0,,,,,,,,,
3760372,1973,5009,1971,"IL","",430495,3,,377,4,49,,1,,0,,23,,,,0,0
3761595,1973,5016,1970,"IL","",,1,,514,3,31,,1,,0,,21,,,,,
3762129,1973,5023,1971,"IL","",,1,,53,6,68,,5,,0,,20,,,,,
3762492,1973,5023,1971,"IL","",,1,,180,5,55,,8,,0.5313,,9.5,,,,,
3762534,1973,5023,1971,"IL","",382535,3,,198,5,59,,7,,0.449,,10,,,,0.3333,0.2857
3763123,1973,5023,1970,"IL","",286640,3,,526,1,15,,8,,0.5938,,16.25,,,,0,0
3763448,1973,5023,1972,"IL","",,1,,335,4,41,,3,,0,,7.6667,,,,,
3764040,1973,5030,1972,"IL","",,1,,221,5,51,,2,,0.5,,21.5,,,,,
3764670,1973,5030,1970,"IL","",542110,3,,424,3,31,,1,,0,,11,,,,0,0
3766246,1973,5037,1968,"IL","",636865,3,,560,1,14,,0,,,,,,,,,
3766932,1973,5044,1971,"IL","",434840,3,,135,6,69,,21,,0.6259,,17.0476,,,,0,0
3770584,1973,5058,1972,"IL","",57720,3,,435,3,33,,2,,0,,10.5,,,,0,0
3770825,1973,5058,1970,"IL","",636865,3,,564,1,14,,0,,,,,,,,,
3773811,1973,5072,1968,"IL","",636865,3,,560,1,14,,0,,,,,,,,,
3774026,1973,5072,1972,"IL","",542180,7,,250,4,44,,4,,0.375,,20.5,,,,0,0
3775267,1973,5079,1973,"IL","",706518,2,,205,1,19,,3,,0.4444,,11,,,,0,0
3776060,1973,5086,1972,"IL","",,1,,74,5,59,,2,,0,,17.5,,,,,
3778661,1973,5093,1972,"IL","",,1,,313,4,42,,2,,0.5,,16,,,,,
3778927,1973,5100,1970,"IL","",,1,,446,6,62,,4,,0.75,,14.25,,,,,
3780067,1973,5100,1971,"IL","",41200,3,,549,1,14,,0,,,,,,,,,
3780215,1973,5100,1970,"IL","",252865,3,,348,4,49,,18,,0.2963,,13.0556,,,,0,0
3780732,1973,5107,1971,"IL","",,1,,604,3,32,,6,,0,,10.8333,,,,,
3781498,1973,5107,1972,"IL","",62085,3,,200,4,41,,5,,0.56,,9.2,,,,0,0
3783082,1974,5114,1971,"IL","",,1,,428,6,69,,3,,0.6667,,8.3333,,,,,
3785266,1974,5128,1971,"IL","",87490,3,,396,5,54,,2,,0,,4.5,,,,0.5,0.5
3785645,1974,5128,1972,"IL","",,1,,482,5,59,,2,,0,,13.5,,,,,
3786123,1974,5128,1971,"IL","",,1,,264,5,51,,28,,0.7398,,15.5357,,,,,
3787378,1974,5135,1973,"IL","",263295,2,,525,1,15,,4,,0.75,,7,,,,0.25,0.25
3787699,1974,5135,1971,"IL","",542180,7,,250,4,44,,4,,0.375,,16,,,,0,0
3788879,1974,5142,1971,"IL","",319680,3,,428,6,69,,8,,0.7813,,11.375,,,,0,0
3789990,1974,5149,1971,"IL","",,1,,210,1,19,,19,,0.2659,,14.6316,,,,,
3790045,1974,5149,1972,"IL","",,1,,223,6,63,,14,,0.551,,15.4286,,,,,
3791587,1974,5156,1973,"IL","",,1,,239,5,59,,7,,0.2449,,9.1429,,,,,
3792588,1974,5163,1972,"IL","",,1,,239,5,59,,10,,0.34,,11.8,,,,,
3794041,1974,5170,1971,"IL","",636865,3,,606,3,32,,38,,0.7147,,17.1579,,,,0,0
3794762,1974,5170,1972,"IL","",171425,3,,348,4,49,,3,,0.6667,,2.6667,,,,0,0
3796224,1974,5184,1973,"IL","",195190,3,,131,6,61,,0,,,,,,,,,
3796374,1974,5184,1972,"IL","",390890,3,,239,5,59,,0,,,,,,,,,
3796389,1974,5184,1972,"IL","",303360,3,,242,5,51,,4,,0,,14,,,,0,0
3796793,1974,5184,1971,"IL","",286640,3,,423,1,19,,9,,0.4938,,17.2222,,,,0,0
3797445,1974,5191,1971,"IL","",542180,7,,114,5,55,,1,,0,,3,,,,0,0
3798004,1974,5191,1972,"IL","",27350,3,,422,1,19,,31,,0.6035,,15.0645,,,,0,0
3801193,1974,5205,1973,"IL","",,1,,352,5,54,,0,,,,,,,,,
3802083,1974,5212,1972,"IL","",,1,,33,6,69,,15,,0,,16.6,,,,,
3802097,1974,5212,1972,"IL","",420505,3,,434,6,69,,6,,0,,7.3333,,,,0,0
3806004,1974,5226,1973,"IL","",,1,,222,1,19,,6,,0.5,,11.3333,,,,,
3806388,1974,5226,1971,"IL","",254755,3,,156,1,19,,7,,0.7755,,12.7143,,,,0,0
3806496,1974,5226,1972,"IL","",,1,,526,1,15,,2,,0,,15.5,,,,,
3808105,1974,5233,1969,"IL","",563495,3,,205,1,19,,6,,0.6111,,7.8333,,,,0,0
3810021,1974,5240,1972,"IL","",706518,2,,375,2,21,,2,,0,,7,,,,1,1
3812341,1974,5254,1972,"IL","",,1,,362,4,42,,1,,0,,19,,,,,
3813025,1974,5261,1971,"IL","",76320,3,,229,6,68,,6,,0.6667,,17.3333,,,,0,0
3813043,1974,5261,1973,"IL","",,1,,239,5,59,,3,,0,,12,,,,,
3813605,1974,5261,1972,"IL","",357270,2,,359,5,54,,11,,0.4463,,10.0909,,,,0,0
3813899,1974,5268,1972,"IL","",,1,,464,5,53,,1,,0,,24,,,,,
3814368,1974,5268,1972,"IL","",,1,,248,6,69,,2,,0.5,,18,,,,,
3814370,1974,5268,1970,"IL","",,1,,248,6,69,,5,,0.32,,7.4,,,,,
3814932,1974,5268,1972,"IL","",499870,3,,358,2,21,,8,,0.6563,,11.375,,,,0,0
3816739,1974,5275,1972,"IL","",,1,,362,4,42,,8,,0.2188,,15.375,,,,,
3817557,1974,5282,1972,"IL","",563495,3,,280,5,55,,0,,,,,,,,,
3818270,1974,5282,1972,"IL","",,1,,361,4,45,,1,,0,,21,,,,,
3819578,1974,5289,1971,"IL","",636865,3,,558,1,14,,1,,0,,17,,,,0,0
3819794,1974,5289,1972,"IL","",,1,,264,5,51,,2,,0.5,,19,,,,,
3820199,1974,5292,1972,"IL","",542180,7,,411,5,59,,1,,0,,25,,,,0,0
3820979,1974,5292,1972,"IL","",606890,3,,75,5,52,,11,,0.1653,,8.6364,,,,0,0
3821235,1974,5292,1972,"IL","",1705,3,,546,1,14,,0,,,,,,,,,
3823129,1974,5303,1971,"IL","",636865,3,,530,1,15,,3,,0.4444,,10,,,,0,0
3825118,1974,5317,1972,"IL","",542110,3,,209,5,51,,2,,0.5,,18,,,,0,0
3827058,1974,5324,1972,"IL","",,1,,346,4,49,,1,,0,,9,,,,,
3827899,1974,5331,1972,"IL","",95650,3,,106,1,12,,7,,0.6939,,16.4286,,,,0,0
3829367,1974,5338,1972,"IL","",,5,,205,1,19,,1,,0,,3,,,,,
3830064,1974,5345,1973,"IL","",421315,3,,60,4,45,,3,,0.6667,,18,,,,0,0
3830139,1974,5345,1972,"IL","",445260,3,,92,5,53,,8,,0.6563,,10.25,,,,0,0
3830692,1974,5345,1973,"IL","",682835,3,,162,1,19,,0,,,,,,,,,
3830706,1974,5345,1971,"IL","",,1,,203,1,19,,4,,0.625,,17.75,,,,,
3831016,1974,5345,1972,"IL","",,1,,708,2,22,,3,,0.4444,,5.3333,,,,,
3831028,1974,5345,1973,"IL","",597195,6,,250,4,44,,4,,0.75,,8.75,,,,0,0
3831853,1974,5352,1973,"IL","",,1,,239,5,59,,4,,0,,7.5,,,,,
3832475,1974,5352,1972,"IL","",95650,3,,426,6,61,,1,,0,,18,,,,0,0
3833795,1974,5359,1972,"IL","",171425,3,,101,6,69,,10,,0.58,,10.7,,,,0,0
3834084,1974,5366,1973,"IL","",582465,3,,451,5,51,,6,,0,,2.3333,,,,0,0
3834116,1974,5366,1973,"IL","",226430,3,,53,6,68,,0,,,,,,,,,
3834152,1974,5366,1972,"IL","",554060,3,,368,6,69,,18,,0.2037,,4.3889,,,,0.1176,0.1111
3834230,1974,5366,1972,"IL","",,1,,73,4,43,,4,,0,,8,,,,,
3834628,1974,5366,1973,"IL","",,1,,239,5,59,,11,,0.314,,8.8182,,,,,
3835103,1974,5366,1973,"IL","",286660,3,,526,1,15,,0,,,,,,,,,
3835128,1974,5366,1972,"IL","",350010,3,,549,1,14,,7,,0.7347,,7,,,,0,0
3835186,1974,5366,1973,"IL","",565235,3,,562,1,14,,0,,,,,,,,,
3837421,1974,5380,1971,"IL","",,1,,180,5,55,,3,,0.4444,,19,,,,,
3837837,1974,5380,1971,"IL","",458550,2,,504,1,11,,0,,,,,,,,,
3838280,1974,5380,1973,"IL","",,1,,250,4,44,,1,,0,,13,,,,,
3839119,1974,5387,1972,"IL","",,1,,156,1,19,,4,,0.625,,2.75,,,,,
3839198,1974,5387,1972,"IL","",,1,,210,1,19,,26,,0.6095,,15.0385,,,,,
3839365,1974,5387,1970,"IL","",606890,3,,549,1,14,,1,,0,,6,,,,0,0
3842593,1974,5408,1973,"IL","",421315,3,,60,4,45,,5,,0,,8.4,,,,1,0.4
3843059,1974,5408,1973,"IL","",,1,,239,5,59,,2,,0,,10.5,,,,,
3844564,1974,5415,1973,"IL","",,1,,273,6,62,,7,,0.4082,,9.5714,,,,,
3844904,1974,5415,1974,"IL","",706518,2,,205,1,19,,4,,0.375,,8.75,,,,0.25,0.25
3845026,1974,5415,1972,"IL","",636865,3,,526,1,15,,0,,,,,,,,,
3845628,1974,5422,1973,"IL","",421315,3,,60,4,45,,6,,0.6667,,9,,,,0.25,0.1667
3846377,1974,5422,1973,"IL","",19715,2,,264,5,51,,4,,0.375,,5.25,,,,0,0
3846630,1974,5422,1972,"IL","",,1,,250,4,44,,0,,,,,,,,,
3847161,1974,5429,1973,"IL","",,1,,131,6,61,,8,,0,,13.375,,,,,
3849550,1974,5436,1972,"IL","",636865,3,,424,3,31,,41,,0.4152,,23.2195,,,,0.0244,0.0244
3850802,1974,5443,1973,"IL","",61085,3,,210,1,19,,5,,0.32,,11,,,,0,0
3853084,1974,5457,1973,"IL","",,1,,114,5,55,,2,,0,,12,,,,,
3854273,1974,5464,1973,"IL","",,1,,56,6,61,,3,,0.4444,,16.3333,,,,,
3856208,1974,5471,1973,"IL","",,1,,239,5,59,,7,,0.7347,,15.1429,,,,,
3856584,1974,5471,1973,"IL","",286615,3,,148,5,52,,6,,0,,14.3333,,,,0,0
3856947,1974,5471,1971,"IL","",129795,3,,514,3,31,,0,,,,,,,,,
3857227,1974,5478,1974,"IL","",,1,,56,6,61,,2,,0,,4,,,,,
3857806,1974,5478,1971,"IL","",633980,2,,524,1,15,,1,,0,,14,,,,0,0
3858578,1975,5485,1974,"IL","",450440,2,9,600,3,32,8,27,0.375,0.6091,0.4444,17.6667,38.25,0,0,0,0
3858674,1975,5485,1972,"IL","",,1,11,180,5,55,7,17,0.5714,0.692,0,12.5882,15,,,,
3860582,1975,5492,1972,"IL","",569775,3,26,549,1,14,4,2,0.75,0.5,0,5.5,6.75,0,0,0,0
3862035,1975,5499,1973,"IL","",,1,5,210,1,19,3,3,1,0,0,19.6667,6.6667,,,,
3862418,1975,5499,1973,"IL","",,1,12,250,4,44,2,4,1,0.625,0.5,10.25,7,,,,
3862548,1975,5506,1973,"IL","",,1,8,62,6,69,6,2,0.5,0.5,0,15.5,11.5,,,,
3862854,1975,5506,1972,"IL","",542180,7,10,428,6,69,6,2,1,0.5,0.7778,10.5,7,0,0,1,0.5
3865071,1975,5520,1973,"IL","",286615,3,5,116,6,69,6,9,0.8333,0.1975,0.72,9.7778,10.6667,0,0,0,0
3865113,1975,5520,1972,"IL","",329640,3,28,606,3,32,2,81,1,0.307,0.5,16.5309,6,0,0,0.0161,0.0123
3865114,1975,5520,1973,"IL","",329640,3,10,606,3,32,3,23,1,0.3743,0.6667,13.6087,5,0,0,0.0556,0.0435
3867468,1975,5527,1972,"IL","",636865,3,5,570,1,14,5,5,0.2,0,0,8,20,1,0.2,0.4,0.4
3868308,1975,5534,1972,"IL","",286625,3,16,202,1,19,8,4,0.625,0.375,0.32,12,24.875,0,0,0,0
3869475,1975,5541,1973,"IL","",682835,3,6,549,1,14,0,4,,0.5,,8.75,,,,0,0
3870645,1975,5548,1973,"IL","",636865,3,6,424,3,31,1,4,1,0.375,0,14.5,2,0,0,0,0
3871211,1975,5555,1973,"IL","",,1,2,73,4,43,4,6,0.5,0,0.5,15,16,,,,
3871626,1975,5555,1973,"IL","",55665,3,5,366,1,19,0,8,,0.2188,,12.375,,,,0,0
3873426,1975,5562,1973,"IL","",375830,2,7,435,3,33,3,4,0.3333,0,0,6.25,20.3333,0,0,0,0
3875193,1975,5569,1973,"IL","",636865,3,1,204,1,19,3,0,1,,0.4444,,6.6667,0,0,,
3876051,1975,5576,1973,"IL","",,1,15,400,5,59,8,1,0.375,0,0.4444,3,41.75,,,,
3876160,1975,5576,1973,"IL","",,1,7,241,5,51,4,1,0.5,0,0,16,10.5,,,,
3876768,1975,5576,1974,"IL","",263295,2,11,424,3,31,6,5,0.8333,0,0.64,20.4,7.8333,0,0,0,0
3880567,1975,5597,1974,"IL","",40365,2,17,425,5,51,2,2,0.5,0,0,10.5,9.5,0,0,0,0
3881671,1975,5604,1973,"IL","",,1,8,244,5,55,11,9,0.6364,0,0,12.8889,10.6364,,,,
3881800,1975,5604,1974,"IL","",242085,2,3,359,5,54,4,6,0.5,0.6111,0.5,18.8333,14.5,0,0,0,0
3881812,1975,5604,1972,"IL","",,1,8,351,3,39,5,4,0.8,0,0,13,13.4,,,,
3882779,1975,5611,1973,"IL","",181385,3,1,102,1,19,2,7,0.5,0.449,0,5.7143,16,0,0,0.3333,0.2857
3882890,1975,5611,1972,"IL","",,1,1,137,6,69,5,0,0.2,,0,,45.8,,,,
3882929,1975,5611,1973,"IL","",421315,3,1,165,6,66,1,1,1,0,0,5,2,0,0,0,0
3883983,1975,5618,1973,"IL","",,1,11,446,6,62,3,6,0,0,,12.5,27,,,,
3884013,1975,5618,1974,"IL","",76320,3,4,53,6,68,4,1,0.25,0,0,7,36.75,0,0,0,0
3884067,1975,5618,1972,"IL","",,1,1,73,4,43,6,3,0.3333,0,0,18,23.1667,,,,
3885156,1975,5618,1974,"IL","",597195,6,7,250,4,44,5,0,0.4,,0,,15,0,0,,
3885281,1975,5625,1974,"IL","",285680,3,8,407,5,51,2,23,1,0,0,7.913,4,0,0,0.0909,0.087
3885366,1975,5625,1973,"IL","",,1,12,52,6,69,7,0,0.4286,,0.6667,,20.7143,,,,
3886748,1975,5632,1973,"IL","",421315,3,11,60,4,45,3,3,0.3333,0.4444,0,5,25.3333,0,0,0.3333,0.3333
3887138,1975,5632,1974,"IL","",,1,8,239,5,59,6,12,0.8333,0.7361,0.56,8,10.6667,,,,
3888393,1975,5639,1974,"IL","",,1,10,222,1,19,5,15,1,0.5244,0.56,14.2,6.4,,,,
3888461,1975,5639,1974,"IL","",597775,3,6,251,5,53,2,5,0,0.72,,14,43,0,0,0,0
3888514,1975,5639,1973,"IL","",,1,5,280,5,55,5,9,0.8,0,0,14.3333,7.6,,,,
3888547,1975,5639,1972,"IL","",,1,6,303,5,53,7,4,0.8571,0.5,0.2778,6.25,6.7143,,,,
3888759,1975,5639,1973,"IL","",636865,3,7,204,1,19,4,22,1,0.5124,0.375,12.0909,3.5,0,0,0,0
3888770,1975,5639,1971,"IL","",,1,1,210,1,19,2,18,1,0.6605,0,16.1111,5,,,,
3889760,1975,5646,1972,"IL","",563495,3,9,172,6,64,4,4,0.5,0.375,0,11,21.75,0,0,0,0
3891203,1975,5653,1973,"IL","",,1,14,271,5,51,4,3,0,0.4444,,15.6667,29.5,,,,
3891544,1975,5653,1973,"IL","",138375,3,4,209,5,51,9,2,0,0.5,,14.5,25.2222,0,0,0,0
3893308,1975,5667,1974,"IL","",475535,3,8,62,6,69,6,0,0.6667,,0,,17,0,0,,
3893363,1975,5667,1974,"IL","",,1,8,84,6,69,5,10,0.4,0.48,0.5,11.5,20.6,,,,
3894183,1975,5667,1974,"IL","",,1,11,178,2,21,7,13,1,0.5917,0.6939,7.7692,6.1429,,,,
3894322,1975,5674,1974,"IL","",285680,3,10,407,5,51,7,13,0.5714,0.4852,0.375,12.7692,20,0,0,0.25,0.2308
3895292,1975,5674,1974,"IL","",53240,3,5,324,4,43,2,2,1,0.5,0.5,16,1,0,0,0,0
3896978,1975,5688,1973,"IL","",,1,4,222,1,19,4,2,0.25,0,0,17,27.25,,,,
3897772,1975,5695,1974,"IL","",,1,9,125,5,51,2,2,0.5,0,0,13.5,41.5,,,,
3898761,1975,5702,1973,"IL","",463985,2,4,446,6,62,10,1,0.6,0,0.2778,16,18.6,0,0,0,0
3899104,1975,5702,1973,"IL","",27565,3,7,221,5,51,5,0,0.2,,0,,22.6,0,0,,
3899645,1975,5702,1972,"IL","",636865,3,11,379,2,21,7,24,1,0.0799,0.2449,11.9167,5,0,0,0,0
3900560,1975,5709,1973,"IL","",,1,5,424,3,31,6,1,0.5,0,0.6667,10,12.3333,,,,
3901527,1975,5716,1974,"IL","",,1,4,280,5,55,2,14,1,0.4694,0,12.5,7,,,,
3901990,1975,5716,1974,"IL","",,1,4,428,6,69,6,2,0.6667,0,0.75,7,9.3333,,,,
3902306,1975,5723,1974,"IL","",,1,10,56,6,61,7,3,0.2857,0.4444,0,10,52.1429,,,,
3902886,1975,5723,1971,"IL","",682835,3,8,71,1,11,7,1,0.4286,0,0.4444,26,14.1429,1,0.1429,0,0
3903247,1975,5723,1974,"IL","",267755,3,5,423,1,19,5,3,0.8,0.4444,0,4,13,0,0,0,0
3903414,1975,5723,1974,"IL","",563495,3,8,378,4,44,3,7,1,0.449,0,16.7143,7.6667,0,0,0,0
3903664,1975,5730,1973,"IL","",,1,4,52,6,69,2,2,1,0,0,11,6.5,,,,
3905271,1975,5737,1974,"IL","",443245,3,5,411,5,59,5,1,0.2,0,0,3,36.6,0,0,0,0
3906250,1975,5737,1974,"IL","",59670,3,31,290,4,45,2,7,1,0.5714,0,9.2857,3.5,0,0,0.25,0.1429
3907041,1975,5744,1972,"IL","",563495,3,14,172,6,64,7,0,0.1429,,0,,36.1429,0,0,,
3907788,1975,5744,1974,"IL","",25135,2,4,540,1,14,1,9,1,0,0,3.8889,1,0,0,0,0
3909454,1975,5751,1974,"IL","",,1,7,252,1,19,6,6,0.6667,0.6667,0.375,15.1667,17.1667,,,,
3910300,1975,5758,1973,"IL","",,1,8,137,6,69,5,14,0.2,0.6735,0,15.7857,19.2,,,,
3910984,1975,5758,1972,"IL","",442975,3,1,558,1,14,3,2,1,0.5,0.4444,16,4,0,0,0,0
3912052,1975,5765,1974,"IL","",,1,9,188,5,53,2,0,1,,0,,4,,,,
3912141,1975,5765,1974,"IL","",,1,8,150,6,69,6,3,0.1667,0.4444,0,3.3333,35,,,,
3912893,1975,5765,1974,"IL","",286615,3,12,200,4,41,4,6,0.5,0.7222,0.5,9.8333,14,0.5,0.25,0.1667,0.1667
3913582,1975,5772,1973,"IL","",329640,3,22,606,3,32,4,41,1,0.7341,0.375,13.0488,4.75,0,0,0.0571,0.0488
3914205,1975,5772,1974,"IL","",636865,3,9,527,1,15,2,4,1,0.375,0,21,5.5,0,0,0,0
3914548,1975,5772,1974,"IL","",,1,10,178,2,21,6,8,0.8333,0.6875,0.72,6,11.8333,,,,
3916805,1975,5786,1973,"IL","",186590,2,18,110,6,66,8,7,0.875,0.7347,0.8163,15.4286,8,0,0,0,0
3917527,1975,5786,1973,"IL","",636865,3,20,210,1,19,5,19,0.8,0.7258,0.625,14.8947,7,0,0,0,0
3918803,1975,5793,1974,"IL","",242085,2,2,353,5,54,4,2,0.5,0,0.5,18.5,14.5,0,0,0,0
3919206,1975,5793,1973,"IL","",636865,3,17,540,1,14,2,7,1,0.449,0,3.8571,3.5,0,0,0.7143,0.7143
3919208,1975,5793,1973,"IL","",636865,3,12,540,1,14,2,5,1,0.64,0,4.2,3.5,0,0,0.6,0.6
3919292,1975,5793,1973,"IL","",432760,3,12,560,1,14,4,0,0,,,,22.75,0,0,,
3920531,1975,5800,1974,"IL","",,1,5,204,1,19,2,0,1,,0.5,,6.5,,,,
3920582,1975,5800,1974,"IL","",267755,3,11,502,1,19,4,5,0.5,0.56,0.5,13.6,18,0,0,0,0
3921136,1975,5800,1973,"IL","",,1,19,382,2,22,12,13,1,0.3905,0.2917,14.7692,6.0833,,,,
3922877,1975,5814,1974,"IL","",,1,2,62,6,69,4,14,0.5,0,0,11.6429,22.75,,,,
3923990,1975,5814,1973,"IL","",,1,4,514,3,31,2,3,1,0,0.5,16,10,,,,
3924227,1975,5814,1973,"IL","",,1,10,345,2,23,11,19,0.9091,0.8144,0.76,14.7368,9,,,,
3924677,1975,5821,1974,"IL","",,4,16,166,6,64,7,7,0.5714,0.2449,0,18.8571,12.8571,,,,
3924689,1975,5821,1973,"IL","",563495,3,11,172,6,64,5,8,0.4,0.6875,0.5,9.125,24.2,0,0,0,0
3926051,1975,5828,1975,"IL","",,1,6,73,4,43,2,3,0.5,0.4444,0,15,41,,,,
3926182,1975,5828,1974,"IL","",365230,3,12,602,3,32,5,11,0.2,0.7273,0,14.6364,49.2,0,0,0.2,0.0909
3926524,1975,5828,1974,"IL","",636865,3,13,356,4,43,1,3,1,0.4444,0,15,2,0,0,0,0
3927206,1975,5828,1974,"IL","",263295,2,3,514,3,31,9,7,1,0.7755,0.716,15.2857,4.3333,0.25,0.2222,0,0
3929256,1975,5842,1974,"IL","",49015,3,11,221,5,51,4,2,0.5,0,0,13.5,14.5,0,0,0,0
3932306,1976,5856,1974,"IL","",267755,3,9,502,1,19,3,8,0.6667,0.8438,0.5,9.375,14.3333,0,0,0,0
3932718,1976,5856,1974,"IL","",,1,9,200,4,41,10,7,0.6,0.7755,0.4444,8.5714,12.8,,,,
3934927,1976,5870,1974,"IL","",36660,2,8,297,6,65,10,10,0.6,0.58,0,9.8,16.3,0,0,0,0
3936501,1976,5877,1974,"IL","",100215,3,5,564,1,14,0,2,,0,,7.5,,,,0,0
3938197,1976,5891,1974,"IL","",,1,13,623,3,39,4,7,1,0,0,15.7143,5.5,,,,
3938296,1976,5891,1974,"IL","",,1,14,312,6,65,7,3,0.5714,0.4444,0.625,18.3333,18.4286,,,,
3938552,1976,5891,1973,"IL","",,1,9,137,6,69,6,4,0.3333,0.5,0,7,19.6667,,,,
3939152,1976,5891,1974,"IL","",636865,3,10,540,1,14,1,0,1,,0,,10,0,0,,
3939359,1976,5891,1974,"IL","",558125,3,3,307,4,49,4,7,1,0.6122,0.5,7.8571,4.25,0,0,0,0
3939528,1976,5898,1974,"IL","",,1,4,15,6,69,4,2,0.5,0,0,13.5,26.5,,,,
3939755,1976,5898,1974,"IL","",27575,3,3,91,5,53,4,6,0,0.6667,,9.8333,40,0,0,0,0
3940564,1976,5898,1974,"IL","",558125,3,7,370,2,21,4,4,1,0,0,2.5,7.25,0,0,0,0
3941692,1976,5905,1975,"IL","",,1,6,210,1,19,5,23,1,0.8544,0.48,8.1304,7,,,,
3944437,1976,5919,1974,"IL","",,1,14,429,4,45,5,8,0.2,0.2188,0,12.125,21,,,,
3944676,1976,5919,1973,"IL","",95650,3,13,426,6,61,4,11,0.25,0.314,0,12.3636,19,0,0,0,0
3944832,1976,5919,1974,"IL","",,1,11,250,4,44,3,9,1,0.1975,0.4444,11.1111,6.6667,,,,
3945324,1976,5926,1971,"IL","",542180,7,6,102,1,19,6,0,0.1667,,0,,31.5,0,0,,
3945330,1976,5926,1974,"IL","",542180,7,6,111,6,61,6,7,1,0.6122,0,14.2857,9.6667,0,0,0,0
3946495,1976,5933,1973,"IL","",,1,23,34,1,19,8,5,0.5,0.8,0.5,16.2,25.375,,,,
3946601,1976,5933,1974,"IL","",563495,3,4,73,4,43,2,5,0.5,0.48,0,13.8,12,0,0,0,0
3947120,1976,5933,1974,"IL","",636865,3,21,356,4,43,4,8,0.75,0.875,0,15.75,13,0,0,0,0
3947128,1976,5933,1974,"IL","",,1,16,356,4,43,3,12,0.6667,0.5694,0,17.25,11.3333,,,,
3947968,1976,5940,1975,"IL","",,1,8,33,6,69,5,2,0.2,0,0,12.5,62.2,,,,
3948833,1976,5940,1973,"IL","",95650,3,16,524,1,15,6,3,0.3333,0,0.5,9.3333,19.1667,0,0,0,0
3948904,1976,5940,1974,"IL","",636865,3,38,540,1,14,1,3,1,0.4444,0,6,2,0,0,0.3333,0.3333
3950544,1976,5947,1974,"IL","",95650,3,8,426,6,61,4,11,0.5,0.314,0,9.9091,12,0,0,0,0
3950757,1976,5947,1975,"IL","",56785,3,7,343,2,21,2,5,0.5,0,0,15,19.5,0,0,0,0
3950957,1976,5954,1974,"IL","",,1,28,62,6,69,6,10,0.8333,0.32,0,18.2,10.8333,,,,
3951345,1976,5954,1974,"IL","",,1,10,239,5,59,7,2,1,0,0.2449,4.5,3,,,,
3951378,1976,5954,1974,"IL","",420200,3,6,251,5,53,4,2,1,0.5,0.625,12.5,7.75,0,0,0,0
3953732,1976,5961,1973,"IL","",599875,2,26,250,4,44,3,12,0.6667,0.1528,0.5,15.9167,9,0,0,0,0
3954615,1976,5968,1974,"IL","",682835,3,11,210,1,19,11,4,0.9091,0.75,0.18,16.5,5.2727,0,0,0,0
3954876,1976,5968,1974,"IL","",636865,3,8,568,1,14,5,3,0.4,0,0,3.6667,12.4,0,0,0,0
3954996,1976,5968,1974,"IL","",1705,3,13,514,3,31,1,0,1,,0,,3,0,0,,
3955052,1976,5968,1974,"IL","",558125,3,7,379,2,21,1,9,1,0.1975,0,5,6,0,0,0,0
3955280,1976,5975,1973,"IL","",,1,6,433,3,39,8,28,0.75,0,0.5,14,16.875,,,,
3955415,1976,5975,1975,"IL","",636865,3,6,73,4,43,5,6,0.2,0.4444,0,9.5,27.6,0,0,0,0
3957542,1976,5982,1975,"IL","",286615,3,11,148,5,52,1,2,1,0,0,6,2,0,0,0,0
3957740,1976,5982,1974,"IL","",263295,2,5,525,1,15,3,9,1,0.7901,0.4444,8.3333,5.3333,0.5,0.3333,0,0
3958437,1976,5989,1975,"IL","",,1,1,72,5,52,5,1,0.4,0,0.5,4,27,,,,
3958760,1976,5989,1975,"IL","",,1,10,239,5,59,3,12,0,0.2917,,5.5833,45.6667,,,,
3959067,1976,5989,1974,"IL","",34120,3,6,159,1,19,8,3,0.125,0.6667,0,11.3333,18.875,0,0,0,0
3959237,1976,5989,1972,"IL","",263295,2,8,525,1,15,6,21,1,0.8481,0.7778,12.8095,6.6667,0,0,0,0
3961199,1976,5996,1974,"IL","",421315,3,4,290,4,45,5,12,0.6,0.5417,0,15.0833,10.6,0,0,0,0
3961604,1976,6003,1974,"IL","",59445,2,2,123,5,53,7,4,1,0.625,0.449,5,7.2857,0,0,0,0
3961894,1976,6003,1974,"IL","",682835,3,11,436,1,19,3,11,1,0.4298,0,9.9091,3.3333,0.6667,0.6667,0,0
3962208,1976,6003,1975,"IL","",542180,7,18,530,1,15,2,1,1,0,0.5,15,4,0.5,0.5,0,0
3962416,1976,6003,1973,"IL","",,1,7,424,3,31,3,74,0.6667,0.6081,0,19.2568,18.6667,,,,
3962816,1976,6010,1974,"IL","",,1,2,446,6,62,3,7,0.3333,0.6122,0,13.7143,14,,,,
3963765,1976,6010,1974,"IL","",,1,12,552,1,14,2,0,1,,0,,3,,,,
3965255,1976,6017,1974,"IL","",164225,3,9,424,3,31,4,18,1,0,0.375,12.4444,6,0,0,0,0
3965775,1976,6024,1974,"IL","",,1,4,74,5,59,2,8,1,0.5625,0.5,13,10,,,,
3965934,1976,6024,1974,"IL","",,1,11,137,6,69,6,4,0.3333,0.625,0,12.75,19.6667,,,,
3966122,1976,6024,1975,"IL","",,1,12,239,5,59,4,1,1,0,0,13,4.5,,,,
3966232,1976,6024,1971,"IL","",440515,3,4,283,6,69,6,4,0.1667,0,0,8.75,46.8333,0,0,0,0
3966326,1976,6024,1975,"IL","",464090,3,15,356,4,43,4,7,0.5,0.7755,0,13.4286,15.75,0,0,0,0
3966777,1976,6024,1975,"IL","",636865,3,16,552,1,14,2,8,1,0.625,0.5,7.25,2,0,0,0,0
3966831,1976,6024,1975,"IL","",636865,3,7,570,1,14,2,4,1,0,0,11.75,2,1,1,0.25,0.25
3967902,1976,6031,1974,"IL","",636865,3,11,356,4,43,2,4,1,0.625,0.5,13.25,7,0,0,0,0
3968816,1976,6038,1975,"IL","",,1,3,137,6,69,4,1,0.5,0,0.5,16,24.75,,,,
3970597,1976,6045,1974,"IL","",,1,4,525,1,15,2,13,0.5,0.7101,0,6.3077,14,,,,
3970897,1976,6045,1974,"IL","",563495,3,14,361,4,45,6,9,1,0.7407,0,10.3333,7.5,0,0,0,0
3971341,1976,6052,1974,"IL","",,1,4,119,6,61,3,3,1,0.4444,0.6667,18.6667,8,,,,
3971942,1976,6052,1974,"IL","",464090,3,19,250,4,44,7,5,1,0,0,8.6,4.7143,0,0,0,0
3971952,1976,6052,1974,"IL","",636865,3,8,250,4,44,3,6,1,0.6667,0.4444,4.6667,1.6667,0,0,0,0
3973005,1976,6059,1974,"IL","",,1,4,424,3,31,1,3,1,0.6667,0,11.6667,3,,,,
3973524,1976,6066,1974,"IL","",,1,9,123,5,53,8,5,0.25,0,0.5,5,36.125,,,,
3973631,1976,6066,1975,"IL","",,1,12,169,6,69,4,3,0.5,0.4444,0.5,11.6667,16,,,,
3973759,1976,6066,1974,"IL","",267755,3,20,366,1,19,6,9,0.8333,0,0.72,15.4444,11.5,0,0,0,0
3974110,1976,6066,1974,"IL","",636865,3,7,525,1,15,2,1,1,0,0,15,3,0,0,0,0
3975722,1976,6073,1975,"IL","",,1,3,340,2,21,3,5,0.6667,0.72,0.5,13.2,7.6667,,,,
3975934,1976,6080,1975,"IL","",,1,10,70,6,65,4,4,0.25,0,0,10,33.75,,,,
3976905,1976,6080,1974,"IL","",464090,3,11,313,4,42,5,6,1,0.7778,0.32,12.8333,6.8,0,0,0,0
3978072,1976,6087,1974,"IL","",1705,3,3,546,1,14,0,0,,,,,,,,,
3979070,1976,6094,1975,"IL","",,1,7,239,5,59,4,7,1,0,0.375,10.1429,1.5,,,,
3980718,1976,6101,1972,"IL","",636865,3,12,568,1,14,2,4,0,0,,6.5,29,0,0,0,0
3980722,1976,6101,1973,"IL","",636865,3,6,570,1,14,1,2,1,0,0,15,1,1,1,0.5,0.5
3980980,1976,6101,1974,"IL","",507720,3,16,335,4,41,6,5,0.8333,0.8,0.56,15.8,12.5,0,0,0,0
3981162,1976,6108,1973,"IL","",,1,7,68,6,63,4,12,0.5,0.7361,0.5,14.4167,16.5,,,,
3981300,1976,6108,1975,"IL","",,1,5,128,3,32,7,4,0.5714,0.5,0.625,10.75,15,,,,
3981452,1976,6108,1975,"IL","",,1,7,239,5,59,5,12,1,0.6806,0,13.1667,2.4,,,,
3982331,1976,6115,1975,"IL","",420505,3,7,273,6,62,8,0,0.5,,0.375,,15.875,0,0,,
3983370,1976,6115,1975,"IL","",500070,3,12,700,2,22,0,8,,0.6563,,6.375,,,,0,0
3986055,1976,6129,1976,"IL","",,4,9,327,4,41,6,5,0.8333,0.72,0.32,5.6,9.1667,,,,
3986785,1976,6136,1975,"IL","",,1,3,415,5,53,6,4,0,0.375,,6.5,73.8333,,,,
3987813,1976,6143,1975,"IL","",443245,3,3,137,6,69,9,2,0.2222,0,0,10.5,36.7778,0,0,0,0
3988420,1976,6143,1975,"IL","",286620,3,6,423,1,19,2,1,0.5,0,0,1,9.5,0,0,0,0
3989595,1976,6150,1975,"IL","",,1,5,435,3,33,4,2,1,0.5,0,11,3.5,,,,
3990278,1976,6157,1975,"IL","",,5,8,70,6,65,3,3,0.3333,0.4444,0,10.3333,29.6667,,,,
3990696,1976,6157,1975,"IL","",267340,3,9,271,5,51,6,6,0.5,0.5,0,12.6667,29.5,0,0,0,0
3991174,1976,6157,1975,"IL","",462900,3,6,436,1,19,2,6,1,0.6111,0.5,8.8333,5,0,0,0,0
3991175,1976,6157,1975,"IL","",462900,3,14,436,1,19,3,2,1,0.5,0,6.5,7.3333,0,0,0,0
3991595,1976,6164,1974,"IL","",,1,7,70,6,65,7,14,0.1429,0.5612,0,13.2143,58.1429,,,,
3993137,1976,6171,1975,"IL","",,1,15,169,6,69,6,9,0.6667,0.5185,0.5,13,11.1667,,,,
3993729,1976,6171,1974,"IL","",138375,3,21,423,1,19,2,1,1,0,0,6,6.5,0,0,0,0
3994875,1976,6178,1975,"IL","",636865,3,21,540,1,14,0,1,,0,,3,,,,0,0
3995709,1976,6185,1975,"IL","",,1,11,180,5,55,5,1,0.4,0,0.5,19,29.4,,,,
3995847,1976,6185,1975,"IL","",,1,12,270,5,52,4,3,0.5,0.4444,0.5,19,15.25,,,,
3997410,1976,6192,1975,"IL","",,1,14,205,1,19,6,4,0.6667,0.375,0,3.75,13.6667,,,,
3997543,1976,6192,1975,"IL","",,1,2,546,1,14,0,1,,0,,8,,,,,
3998391,1976,6199,1975,"IL","",,1,18,239,5,59,6,12,1,0.2917,0.2778,9.0833,1.5,,,,
3999213,1976,6199,1974,"IL","",601715,2,14,257,4,46,10,15,1,0.4444,0.58,11.6,4.7,0.3333,0.3,0.0667,0.0667
3999711,1976,6206,1975,"IL","",375355,3,5,239,5,59,5,0,0.4,,0,,21.4,0,0,,
3999880,1976,6206,1975,"IL","",,1,7,408,5,51,6,0,0.5,,0,,21.3333,,,,
3999990,1976,6206,1974,"IL","",563495,3,18,430,1,19,6,2,1,0,0,5,4.6667,0,0,0,0
4000853,1977,6213,1976,"IL","",,1,9,239,5,59,4,2,0.5,0.5,0,2.5,14.5,,,,
4000959,1977,6213,1975,"IL","",,1,8,418,5,53,3,2,0.3333,0.5,0,10.5,37.6667,,,,
4001428,1977,6213,1975,"IL","",447000,2,16,514,3,31,3,3,1,0.6667,0,5.6667,3,0,0,0,0
4001591,1977,6213,1975,"IL","",171425,3,17,250,4,44,1,4,1,0.625,0,6.25,12,0,0,0,0
4002108,1977,6220,1975,"IL","",,1,3,454,5,59,12,6,0.4167,0.5,0.64,15,21.0833,,,,
4002295,1977,6220,1976,"IL","",,1,7,239,5,59,2,2,0.5,0,0,11,23.5,,,,
4002296,1977,6220,1976,"IL","",,1,4,239,5,59,2,0,0.5,,0,,13.5,,,,
4003663,1977,6227,1975,"IL","",636865,3,4,356,4,43,1,0,1,,0,,5,0,0,,
4003706,1977,6227,1976,"IL","",59670,3,24,436,1,19,0,5,,0,,8.8,,,,0,0
4003989,1977,6227,1975,"IL","",,1,12,424,3,31,3,2,0.6667,0.5,0,10.5,18.6667,,,,
4004041,1977,6227,1975,"IL","",253570,3,14,426,6,61,3,4,0.6667,0.5,0,16.5,16.3333,0,0,0,0
4005523,1977,6241,1975,"IL","",,1,10,438,4,46,3,1,0.3333,0,0,20,15.6667,,,,
4005878,1977,6241,1975,"IL","",263295,2,10,283,6,69,10,2,0.7,0.5,0.7755,20.5,17.1,0,0,0,0
4005884,1977,6241,1975,"IL","",,1,7,285,6,67,4,11,0.5,0.4463,0,10.5455,22.75,,,,
4005902,1977,6241,1975,"IL","",,1,5,297,6,65,5,1,0.6,0,0,22,36.8,,,,
4006679,1977,6248,1975,"IL","",164490,3,11,100,5,59,6,3,0.3333,0.6667,0,10.3333,27,0,0,0,0
4006903,1977,6248,1975,"IL","",,1,10,273,6,62,5,6,0.6,0.4444,0.4444,9.8333,10,,,,
4007739,1977,6255,1975,"IL","",,1,7,604,3,32,4,7,0.75,0.6122,0,15.5714,10.5,,,,
4008191,1977,6255,1975,"IL","",636865,3,9,524,1,15,8,4,0.875,0.75,0.6939,9.25,7.25,0,0,0,0
4011794,1977,6283,1974,"IL","",,1,8,89,5,59,6,2,0.5,0,0,16,30,,,,
4011884,1977,6283,1975,"IL","",,1,5,137,6,69,9,5,0.1111,0.56,0,14,36.5556,,,,
4012176,1977,6283,1975,"IL","",,1,10,417,5,53,7,5,0.4286,0.56,0.4444,11.6,26.2857,,,,
4012558,1977,6283,1974,"IL","",138370,3,14,524,1,15,6,7,0.5,0.8163,0.6667,12.8571,14.3333,0,0,0,0
4013071,1977,6290,1975,"IL","",,1,4,606,3,32,3,53,0.3333,0.4742,0,16.6038,21,,,,
4013446,1977,6290,1975,"IL","",193095,3,3,504,1,11,3,6,0.6667,0.5,0,9.6667,19.6667,0,0,0,0
4013511,1977,6290,1974,"IL","",636865,3,1,435,3,33,3,3,1,0,0.4444,20.3333,5.3333,0.3333,0.3333,0,0
4014473,1977,6297,1975,"IL","",,1,6,239,5,59,2,5,1,0.32,0.5,11.4,2.5,,,,
4015906,1977,6304,1975,"IL","",329640,3,32,356,4,43,5,6,1,0.7222,0,11.3333,4.2,0,0,0,0
4016351,1977,6304,1976,"IL","",,1,15,536,1,14,6,3,0.1667,0.6667,0,10.3333,29.8333,,,,
4016719,1977,6311,1976,"IL","",563495,3,6,60,4,45,3,5,0.6667,0.32,0,12.8,21.3333,0,0,0,0
4018594,1977,6318,1975,"IL","",263295,2,5,504,1,11,7,2,0.8571,0.5,0.7778,17,9.5714,0,0,0,0
4019331,1977,6325,1976,"IL","",563495,3,9,405,6,64,8,3,1,0.6667,0.75,7.6667,5.5,0,0,0.5,0.3333
4021149,1977,6332,1975,"IL","",577110,3,9,417,5,53,5,6,0.6,0,0,8.5,11,0,0,0,0
4023595,1977,6346,1976,"IL","",375355,3,13,138,6,67,4,8,0.75,0.4063,0.4444,11.875,9.5,0,0,0,0
4024279,1977,6346,1975,"IL","",636865,3,2,514,3,31,0,2,,0,,17,,,,0,0
4025093,1977,6353,1975,"IL","",443245,3,5,285,6,67,10,5,0.3,0.32,0,15.6,19.9,0,0,0,0
4025165,1977,6353,1975,"IL","",636865,3,12,359,5,54,1,5,1,0.56,0,17.2,4,0,0,0,0
4025844,1977,6353,1975,"IL","",464090,3,14,324,4,43,4,10,1,0.76,0.625,11.2,6.75,0,0,0,0
4026469,1977,6360,1975,"IL","",542110,7,21,239,5,59,8,5,0.5,0,0,14,16.25,0,0,0,0
4026806,1977,6360,1976,"IL","",,1,10,210,1,19,3,13,0.6667,0,0,12.2308,10.6667,,,,
4027663,1977,6367,1975,"IL","",636865,3,5,600,3,32,8,11,1,0.1653,0.2188,7.6364,7.125,0,0,0,0
4028704,1977,6367,1975,"IL","",56785,3,11,343,2,21,5,17,0.6,0.1107,0.4444,14.5882,14.4,0,0,0,0
4028934,1977,6374,1975,"IL","",636865,3,7,73,4,43,3,15,1,0.5244,0,15.5333,2.3333,0,0,0,0
4029521,1977,6374,1975,"IL","",636865,3,4,136,4,45,3,3,1,0.4444,0.6667,9.3333,7.3333,0,0,0,0
4030964,1977,6381,1976,"IL","",597195,6,5,117,1,19,9,7,1,0.6531,0.7654,8,7.4444,0,0,0.1429,0.1429
4031435,1977,6381,1976,"IL","",507720,3,9,361,4,45,3,3,0.6667,0.4444,0.5,15.3333,8,0,0,0,0
4033304,1977,6395,1975,"IL","",,1,20,123,5,53,8,23,0.125,0,0,9.3478,45,,,,
4033548,1977,6395,1975,"IL","",,1,2,249,6,69,4,1,0.5,0,0.5,4,33,,,,
4033850,1977,6395,1975,"IL","",636865,3,12,204,1,19,5,7,1,0.2449,0,17.8571,7.4,0,0,0,0
4034226,1977,6395,1974,"IL","",53240,3,10,372,4,42,0,1,,0,,3,,,,0,0
4034554,1977,6402,1975,"IL","",281745,2,7,368,6,69,5,0,0.2,,0,,46.2,0,0,,
4035638,1977,6402,1975,"IL","",,1,17,250,4,44,2,9,1,0.4938,0,5.6667,5,,,,
4035900,1977,6409,1976,"IL","",,1,24,29,5,52,5,3,0.8,0.4444,0.375,8.6667,11.8,,,,
4037037,1977,6409,1974,"IL","",636865,3,3,525,1,15,3,2,0.6667,0,0.5,7,10.6667,0,0,0,0
4037376,1977,6416,1975,"IL","",,1,14,52,6,69,8,4,0.375,0.75,0.4444,18.5,21,,,,
4037440,1977,6416,1975,"IL","",,1,3,70,6,65,3,13,0.3333,0.355,0,12.4615,35.3333,,,,
4037663,1977,6416,1972,"IL","",,1,6,166,6,64,6,1,1,0,0.2778,17,6.8333,,,,
4038986,1977,6423,1975,"IL","",,1,6,606,3,32,4,9,1,0.1975,0,15.7778,4.25,,,,
4040628,1977,6430,1976,"IL","",,1,7,273,6,62,4,11,0.75,0.1653,0,11.9091,11.5,,,,
4041160,1977,6430,1975,"IL","",1705,3,15,514,3,31,2,1,0.5,0,0,2,10,0,0,0,0
