4425743,1984,8782,1980,"IL","",,1,13,52,6,69,5,13,0.2,0.8047,0,10.5385,38.2,,,,
4425787,1984,8782,1981,"IL","",531020,3,10,73,4,43,3,4,1,0,0.4444,10.5,12.3333,0,0,0,0
4426404,1984,8782,1981,"IL","",181175,3,11,427,1,12,4,23,1,0.8431,0.75,10.2609,9.25,0,0,0,0
4426522,1984,8782,1982,"IL","",1705,3,12,544,1,14,1,2,1,0,0,3.5,3,0,0,0,0
4426719,1984,8782,1981,"IL","",682835,3,11,378,4,44,2,3,0.5,0,0,8.3333,22,0,0,0,0
4427134,1984,8789,1981,"IL","",,1,9,222,1,19,4,4,1,0.625,0.375,9.75,13.25,,,,
4427174,1984,8789,1981,"IL","",263300,3,9,251,5,53,3,4,0.6667,0.375,0.5,12.5,28.6667,0,0,0,0
4427838,1984,8789,1981,"IL","",,1,13,136,4,45,3,5,1,0.48,0.4444,5.6,4.3333,,,,
4428190,1984,8796,1981,"IL","",421315,3,3,60,4,45,5,1,1,0,0.32,5,9.2,0,0,0,0
4428339,1984,8796,1981,"IL","",,1,15,123,5,53,4,0,1,,0.5,,8.25,,,,
4428397,1984,8796,1982,"IL","",,1,4,137,6,69,11,11,0.3636,0.7107,0,8.3636,36.5455,,,,
4429181,1984,8796,1981,"IL","",,5,9,381,4,49,11,6,1,0,0.4298,9.5,8.2727,,,,
4429226,1984,8796,1982,"IL","",171415,2,28,250,4,44,6,8,0.8333,0.4063,0.32,6.5,8.1667,0,0,0,0
4429701,1984,8803,1981,"IL","",,1,19,600,3,32,1,3,1,0,0,8,4,,,,
4430120,1984,8803,1981,"IL","",,1,9,75,5,52,3,0,1,,0.4444,,6.6667,,,,
4431231,1984,8810,1981,"IL","",227320,3,11,297,6,65,8,6,1,0,0,8.6667,8.125,0,0,0,0
4432059,1984,8810,1980,"IL","",171425,3,32,250,4,44,11,2,1,0.5,0.2975,8,5.5455,0,0,0.5,0.5
4432573,1984,8817,1981,"IL","",,1,6,292,6,69,9,5,0.1111,0.32,0,11.6,49.6667,,,,
4432591,1984,8817,1981,"IL","",379120,2,8,312,6,65,13,14,0.5385,0.7347,0.4898,10.7143,27.4615,0,0,0.125,0.0714
4433051,1984,8817,1981,"IL","",636865,3,4,435,3,33,2,7,0.5,0.7347,0,10.5714,14.5,0,0,0,0
4433427,1984,8817,1982,"IL","",171415,2,24,378,4,44,5,9,0.8,0.3704,0,5.4444,8.8,0,0,0,0
4433522,1984,8824,1981,"IL","",319695,3,10,52,6,69,6,9,0.6667,0.3704,0,10.4444,30.5,0,0,0,0
4433577,1984,8824,1981,"IL","",,1,9,73,4,43,8,13,0.875,0.6272,0.6122,7.8462,9.875,,,,
4433794,1984,8824,1981,"IL","",466175,2,11,221,5,51,5,0,0.6,,0.6667,,20.2,0,0,,
4434211,1984,8824,1983,"IL","",,1,7,428,6,69,8,8,0.875,0.7813,0.8571,5.5,10,,,,
4434235,1984,8824,1982,"IL","",59670,3,13,436,1,19,10,8,1,0.6563,0.58,6.375,9.6,0,0,0,0
4434771,1984,8831,1982,"IL","",,1,10,123,5,53,5,5,0.6,0.72,0,11,27.6,,,,
4436539,1984,8838,1981,"IL","",563495,3,10,62,6,69,6,8,1,0.6875,0,12,5.8333,0,0,0,0
4436686,1984,8838,1982,"IL","",,1,5,264,5,51,3,1,1,0,0.4444,2,13.3333,,,,
4437098,1984,8838,1981,"IL","",357915,3,16,340,2,21,2,4,0.5,0.5,0,8.5,17.5,0,0,0,0
4437263,1984,8845,1981,"IL","",636865,3,13,47,6,61,8,4,0.375,0.375,0.4444,12.75,34.5,0,0,0,0
4437382,1984,8845,1981,"IL","",,1,10,86,5,59,3,2,1,0.5,0.6667,10.5,8,,,,
4437665,1984,8845,1982,"IL","",,1,5,273,6,62,8,0,0.375,,0.4444,,40.875,,,,
4438668,1984,8852,1982,"IL","",,1,4,81,5,59,2,1,0,0,,13,76,,,,
4438952,1984,8852,1981,"IL","",499820,3,10,285,6,67,5,1,0.4,0,0,12,28.2,0,0,0,0
4439408,1984,8852,1982,"IL","",682835,3,9,423,1,19,6,0,1,,0,,9.3333,0.2,0.1667,,
4440001,1984,8859,1982,"IL","",180010,3,1,62,6,69,14,2,0.2857,0,0,10.5,27.6429,0,0,0,0
4440148,1984,8859,1980,"IL","",531020,3,36,126,6,66,11,7,1,0.7755,0.6777,7.8571,6.4545,0,0,0.5714,0.5714
4440540,1984,8859,1980,"IL","",,1,2,414,5,51,7,3,0.8571,0,0.2778,14,10.1429,,,,
4440903,1984,8859,1978,"IL","",464090,3,4,525,1,15,8,5,1,0.56,0.5938,7.8,7.5,0,0,0,0
4442601,1984,8873,1982,"IL","",405705,3,3,30,6,65,3,2,0.3333,0,0,12.5,33,0,0,1,1
4442670,1984,8873,1982,"IL","",,1,18,60,4,45,2,3,1,0,0,9,2.5,,,,
4443896,1984,8880,1983,"IL","",,1,9,4,6,65,1,4,1,0.75,0,3.5,4,,,,
4443992,1984,8880,1981,"IL","",,1,8,52,6,69,4,6,0.75,0.5,0,7.5,15.5,,,,
4444149,1984,8880,1982,"IL","",443245,3,9,119,6,61,9,6,0.7778,0.2778,0,7.5,15.4444,0,0,0.25,0.1667
4445070,1984,8880,1981,"IL","",171525,3,10,315,4,42,9,2,1,0,0.5679,8.5,9.4444,0,0,0,0
4445175,1984,8880,1981,"IL","",386735,2,9,340,2,21,13,0,1,,0.8876,,8,0,0,,
4445376,1984,8887,1982,"IL","",563495,3,19,73,4,43,4,40,0.75,0.6175,0,8.65,12.25,0,0,0,0
4445512,1984,8887,1982,"IL","",418095,3,3,607,3,32,6,5,1,0,0.5,5.2,9.6667,0,0,0,0
4446025,1984,8887,1982,"IL","",531020,3,19,210,1,19,4,3,1,0.6667,0.375,5,4.75,0.3333,0.25,0.5,0.3333
4446482,1984,8887,1982,"IL","",639685,2,12,348,4,49,4,4,1,0,0.375,8,7.25,0.25,0.25,0,0
4446700,1984,8894,1981,"IL","",531020,3,20,60,4,45,2,3,1,0.4444,0,8,4,0,0,0,0
4447850,1984,8894,1982,"IL","",,1,12,361,4,45,4,6,1,0.6111,0.625,8,9.75,,,,
4448292,1984,8901,1981,"IL","",,1,4,190,6,69,5,8,1,0.2188,0.56,7.75,10.6,,,,
4448353,1984,8901,1982,"IL","",723017,3,10,239,5,59,2,1,1,0,0,6,13.5,0,0,0,0
4448475,1984,8901,1982,"IL","",,1,12,428,6,69,15,1,0.6667,0,0.68,9,15.0667,,,,
4449534,1984,8908,1981,"IL","",,1,11,604,3,32,5,1,0.8,0,0.375,9,11.4,,,,
4449669,1984,8908,1981,"IL","",,1,8,239,5,59,11,1,0.5455,0,0.2778,4,34.5455,,,,
4449942,1984,8908,1982,"IL","",,1,10,434,6,69,4,1,0.25,0,0,8,22,,,,
4451023,1984,8915,1981,"IL","",376675,3,10,251,5,53,7,2,0.8571,0.5,0.5,6,13.5714,0,0,0,0
4451491,1984,8915,1981,"IL","",59670,3,8,426,6,61,4,6,1,0,0,9.1667,12.5,0,0,0,0
4452614,1984,8922,1981,"IL","",,1,2,96,1,13,3,2,0.3333,0.5,0,13.5,49.6667,,,,
4453342,1984,8929,1981,"IL","",,1,2,446,6,62,3,1,0.6667,0,0,15,13.3333,,,,
4454231,1984,8929,1980,"IL","",563495,3,32,435,3,33,9,8,0.7778,0.5313,0.6939,7.125,11.6667,0,0,0.375,0.375
4454365,1984,8929,1983,"IL","",27895,2,9,585,1,19,8,1,1,0,0.4063,7,7.375,0.25,0.25,0,0
4455497,1984,8936,1982,"IL","",636865,3,3,310,4,45,10,3,1,0.4444,0.66,7.3333,10.4,0.1429,0.1,0,0
4455616,1984,8936,1981,"IL","",171425,3,16,250,4,44,7,6,1,0.6111,0,10.8333,7.2857,0.1667,0.1429,0,0
4456026,1984,8943,1982,"IL","",443245,3,11,137,6,69,7,6,0.5714,0.5,0,7.6667,28.1429,0,0,0,0
4456441,1984,8943,1982,"IL","",,1,4,418,5,53,9,0,0.2222,,0,,54.1111,,,,
4456665,1984,8943,1982,"IL","",464090,3,12,429,4,45,3,2,1,0,0,13,3.6667,0,0,0,0
4456690,1984,8943,1982,"IL","",563495,3,22,436,1,19,10,8,0.8,0.6875,0.75,7.75,10.9,0,0,0.125,0.125
4456924,1984,8943,1982,"IL","",500070,3,6,358,2,21,3,64,1,0.3759,0,9.2063,9,0,0,0.2881,0.2656
4458143,1984,8950,1982,"IL","",390980,3,5,235,5,59,6,4,1,0.625,0.6667,12.25,8.8333,0,0,0,0
4458248,1984,8950,1982,"IL","",240975,2,15,343,2,21,9,7,0.4444,0.6939,0.375,7.7143,30.3333,0,0,0,0
4458441,1984,8957,1981,"IL","",,1,11,446,6,62,5,5,0.8,0.48,0,10.2,19.8,,,,
4458493,1984,8957,1982,"IL","",421315,3,9,60,4,45,10,1,0.3,0,0.4444,5,37,0,0,0,0
4458694,1984,8957,1981,"IL","",636865,3,9,600,3,32,1,12,1,0.1528,0,12.4167,2,0,0,0.0833,0.0833
4459027,1984,8957,1981,"IL","",542090,7,11,356,4,43,2,19,0.5,0.7091,0,8.5263,19,0,0,0.0556,0.0526
4459112,1984,8957,1982,"IL","",,1,16,433,3,39,7,13,0.1429,0.4852,0,6.6154,53,,,,
4459828,1984,8964,1981,"IL","",,1,12,62,6,69,2,2,1,0,0.5,4.5,7.5,,,,
4459990,1984,8964,1982,"IL","",171415,2,33,600,3,32,8,19,1,0.4377,0.5625,6.8947,7.5,0,0,0,0
4460006,1984,8964,1982,"IL","",161150,2,20,137,6,69,11,2,0.9091,0.5,0.68,10,15.0909,0.5,0.2727,0,0
4460711,1984,8964,1982,"IL","",286600,3,11,521,1,15,5,4,0.6,0.75,0.4444,10.75,16.8,0,0,0,0
4461140,1984,8971,1982,"IL","",157810,3,15,56,6,61,9,4,0.2222,0,0.5,8,26.8889,0,0,0,0
4461161,1984,8971,1983,"IL","",,1,7,70,6,65,12,1,0.6667,0,0.2188,12,24.1667,,,,
4461276,1984,8971,1981,"IL","",421315,3,37,126,6,66,1,3,1,0,0,8,6,0,0,0,0
4461815,1984,8971,1982,"IL","",464090,3,10,429,4,45,3,1,1,0,0.4444,5,4.3333,0,0,1,1
4461853,1984,8971,1983,"IL","",,1,8,523,1,15,2,8,1,0.75,0,8.5,6,,,,
4462111,1984,8971,1982,"IL","",171415,2,20,378,4,44,5,0,0.6,,0,,18.6,0,0,,
4462389,1984,8978,1983,"IL","",,1,15,126,6,66,3,0,1,,0.4444,,3,,,,
4462622,1984,8978,1982,"IL","",194895,3,7,285,6,67,12,6,0.9167,0,0,4.5,6.9167,0,0,0,0
4462725,1984,8978,1981,"IL","",285680,3,6,407,5,51,9,4,0.7778,0.625,0,8.5,17.4444,0,0,0,0
4462831,1984,8978,1982,"IL","",465185,3,6,106,1,12,8,11,0.875,0.843,0.8571,5.5455,10.375,0,0,0,0
4463651,1984,8985,1982,"IL","",,1,10,84,6,69,2,2,0.5,0,0,7.5,42.5,,,,
4464839,1984,8992,1982,"IL","",62085,3,14,33,6,69,5,4,0.8,0.75,0.375,2,14.6,0,0,0,0
4464915,1984,8992,1981,"IL","",,1,6,70,6,65,5,3,0,0.4444,,12,64.8,,,,
4465056,1984,8992,1981,"IL","",531020,3,22,126,6,66,7,1,1,0,0.4898,12,6.2857,0,0,0,0
4465065,1984,8992,1983,"IL","",,1,9,606,3,32,4,12,1,0.1528,0,8.6667,9.5,,,,
4465258,1984,8992,1982,"IL","",,1,2,251,5,53,9,1,0.7778,0,0.5714,9,15.5556,,,,
4465847,1984,8992,1982,"IL","",464090,3,1,549,1,14,0,2,,0,,7.5,,,,0,0
4466288,1984,8999,1981,"IL","",286615,3,13,73,4,43,3,8,0.3333,0.75,0,10.375,38,0,0,0,0
4466555,1984,8999,1981,"IL","",466175,2,15,221,5,51,7,3,0.2857,0.6667,0.5,7.3333,31.1429,0,0,0.5,0.3333
4466931,1984,8999,1982,"IL","",217640,2,7,264,5,51,17,17,0.9412,0.8512,0.8359,8.2353,7.8235,0,0,0.1176,0.1176
4467190,1984,8999,1981,"IL","",,5,13,250,4,44,2,10,1,0.7,0.5,6.6,5.5,,,,
4467694,1984,9006,1982,"IL","",286615,3,6,89,5,59,9,13,0.2222,0.426,0.5,7.9231,32.8889,0,0,0.625,0.3846
4467735,1984,9006,1982,"IL","",62085,3,8,112,6,63,5,1,0.8,0,0,12,13.4,0,0,0,0
4470245,1984,9020,1982,"IL","",,1,4,56,6,61,4,1,0.25,0,0,6,25.5,,,,
4470544,1984,9020,1980,"IL","",220650,2,12,239,5,59,3,2,1,0.5,0.6667,14.5,10,0,0,1,0.5
4470805,1984,9020,1982,"IL","",,1,4,432,6,66,2,2,1,0,0.5,2.5,7.5,,,,
4470978,1984,9020,1982,"IL","",1705,3,7,514,3,31,0,3,,0.4444,,2,,,,0,0
4471621,1984,9027,1980,"IL","",421315,3,18,60,4,45,6,4,1,0,0,8.25,12,0.6667,0.3333,0.3333,0.25
4471763,1984,9027,1982,"IL","",530370,3,5,126,6,66,2,3,1,0.4444,0,10,3,0,0,0.5,0.3333
4472065,1984,9027,1982,"IL","",,1,12,368,6,69,5,4,1,0,0.32,8.75,6,,,,
4472320,1984,9027,1982,"IL","",,1,5,558,1,14,1,1,1,0,0,9,7,,,,
4473166,1984,9034,1982,"IL","",9170,3,8,220,6,68,7,5,0.8571,0.72,0.2778,9.6,14.1429,0,0,0,0
4473525,1984,9034,1979,"IL","",,1,4,264,5,51,10,13,1,0.5799,0.56,10.8462,7.7,,,,
4473651,1984,9034,1982,"IL","",319685,3,10,436,1,19,1,2,1,0.5,0,8,3,0,0,0,0
4473867,1984,9034,1982,"IL","",421930,3,9,362,4,42,1,0,1,,0,,12,0,0,,
4474021,1984,9041,1983,"IL","",,1,6,62,6,69,6,17,0.5,0.1107,0,10.4118,14.5,,,,
4474207,1984,9041,1979,"IL","",,1,7,137,6,69,6,6,0.3333,0.5,0,11.1667,28.5,,,,
4474300,1984,9041,1982,"IL","",,1,14,211,6,65,4,14,0.5,0.4388,0,11.1429,40,,,,
4474660,1984,9041,1983,"IL","",337670,3,6,204,1,19,4,0,0,,,,73.5,0,0,,
4474757,1984,9041,1981,"IL","",636865,3,13,424,3,31,0,13,,0.6272,,6.5385,,,,0,0
4474773,1984,9041,1982,"IL","",636865,3,29,514,3,31,6,10,1,0.48,0.5,9,4.5,0,0,0.1111,0.1
4475342,1984,9048,1982,"IL","",,5,8,60,4,45,4,5,0.75,0.72,0,8.8,14.75,,,,
4475535,1984,9048,1980,"IL","",531020,3,43,126,6,66,3,4,1,0.5,0.4444,8.5,9.6667,0,0,0.6667,0.5
4475704,1984,9048,1981,"IL","",6735,3,11,248,6,69,8,3,0.875,0.4444,0.6939,6.3333,12.625,0,0,0,0
4475942,1984,9048,1982,"IL","",222365,3,20,504,1,11,4,9,1,0.3457,0.625,13.4444,9.25,0,0,0,0
4477100,1984,9055,1981,"IL","",,1,14,280,5,55,4,7,1,0.4082,0.375,13.4286,10,,,,
4477281,1984,9055,1982,"IL","",,1,4,106,1,12,4,1,0.25,0,0,10,40.5,,,,
4477634,1984,9055,1982,"IL","",18415,3,10,525,1,15,0,9,,0,,7.2222,,,,0.3333,0.3333
4478276,1984,9062,1981,"IL","",,1,9,165,6,66,3,2,1,0.5,0.4444,6,9,,,,
4478699,1984,9062,1981,"IL","",636865,3,12,204,1,19,3,3,1,0.6667,0.4444,9.3333,5.6667,0.5,0.3333,0,0
4478770,1984,9062,1982,"IL","",636865,3,8,264,5,51,18,3,0.7778,0.4444,0.551,10.3333,13.6111,0,0,0,0
4479015,1984,9062,1983,"IL","",213155,3,9,568,1,14,0,3,,0,,5,,,,0,0
4479584,1984,9069,1981,"IL","",509690,3,2,211,6,65,9,1,0.2222,0,0.5,6,28.6667,0,0,0,0
4479654,1984,9069,1982,"IL","",,1,9,273,6,62,6,1,0.5,0,0,15,32.8333,,,,
4479775,1984,9069,1982,"IL","",516685,3,6,431,6,66,5,6,0.4,0.2778,0.5,10.5,34.8,0,0,0,0
4480234,1984,9069,1981,"IL","",171525,3,4,331,4,41,6,3,1,0.6667,0.7222,8.3333,5.5,0,0,0,0
4480632,1984,9076,1982,"IL","",,5,9,126,6,66,12,5,1,0.32,0.4167,6.8,7,,,,
4480635,1984,9076,1983,"IL","",465515,3,5,126,6,66,4,4,0.5,0.75,0,6.25,18.75,0,0,0,0
4481158,1984,9076,1982,"IL","",531210,3,11,264,5,51,11,6,0.9091,0.6667,0.74,6.1667,10.3636,0,0,0,0
4481195,1984,9076,1981,"IL","",,5,13,514,3,31,6,13,0.8333,0.7574,0.72,13,7.5,,,,
4482424,1984,9083,1983,"IL","",706518,2,16,216,1,19,5,7,1,0.7755,0.64,7.8571,1.8,0.6,0.6,0.1429,0.1429
4482534,1984,9083,1983,"IL","",204290,2,28,424,3,31,11,28,0.9091,0.2577,0.48,6.5714,11.4545,0,0,0.0385,0.0357
4482856,1984,9083,1982,"IL","",563495,3,12,320,4,45,5,0,1,,0.56,,11.2,0,0,,
4484387,1984,9097,1983,"IL","",,1,9,483,5,59,3,9,0.6667,0.642,0.5,6,31.3333,,,,
4484418,1984,9097,1983,"IL","",636865,3,5,451,5,51,7,2,0.1429,0.5,0,2,45.8571,0,0,0,0
4484851,1984,9097,1982,"IL","",,1,13,414,5,51,7,5,0.8571,0,0.2778,10.4,10.1429,,,,
4485306,1984,9097,1982,"IL","",,1,6,250,4,44,6,3,1,0,0.6667,7.3333,5,,,,
4486099,1984,9104,1983,"IL","",601600,2,29,366,1,19,6,9,1,0.4938,0.6111,3.8889,5,0.5,0.5,0.5,0.4444
4486356,1984,9104,1983,"IL","",222365,3,7,562,1,14,8,8,1,0.375,0.5,9,6.625,0.125,0.125,0,0
4486835,1984,9104,1981,"IL","",636865,3,10,378,4,44,5,27,0.8,0.3813,0,10.3704,9.8,1,0.4,0.0417,0.037
4486974,1984,9111,1982,"IL","",23415,3,15,43,6,61,7,1,0.4286,0,0,11,26.5714,1,0.1429,0,0
4488683,1984,9118,1981,"IL","",369935,3,2,239,5,59,8,2,1,0.5,0.375,7,9.75,0,0,0,0
4488731,1984,9118,1982,"IL","",,1,15,279,6,69,6,0,0.6667,,0.375,,25.3333,,,,
4489888,1984,9125,1982,"IL","",,1,10,239,5,59,3,0,1,,0,,4.3333,,,,
4490523,1984,9125,1981,"IL","",,4,4,536,1,14,4,1,0.5,0,0,8,14.75,,,,
4490832,1984,9125,1982,"IL","",374470,2,19,378,4,44,1,0,1,,0,,18,0,0,,
4490937,1985,9132,1983,"IL","",23415,3,17,43,6,61,7,7,0.4286,0.2449,0,8.4286,27.5714,1,0.1429,0,0
4491053,1985,9132,1982,"IL","",286615,3,9,89,5,59,9,10,0.2222,0,0.5,7.6,35.7778,0,0,0.8571,0.6
4491335,1985,9132,1982,"IL","",,1,11,280,5,55,20,5,0.45,0.48,0.5679,8.4,34.6,,,,
4491367,1985,9132,1982,"IL","",,1,9,299,6,64,6,1,1,0,0.7778,9,10.3333,,,,
4491727,1985,9132,1981,"IL","",464090,3,10,356,4,43,5,13,1,0.5799,0.8,8.3077,5.2,0,0,0,0
4491932,1985,9132,1981,"IL","",636865,3,10,382,2,22,7,9,1,0.7901,0.4082,7,12,0,0,0,0
4492140,1985,9139,1982,"IL","",285680,3,9,83,5,51,7,2,0.1429,0.5,0,11,88.4286,0,0,0,0
4492579,1985,9139,1983,"IL","",,1,10,433,3,39,10,10,0.2,0.34,0,5,49.9,,,,
4493247,1985,9146,1983,"IL","",23415,3,11,454,5,59,4,3,1,0.4444,0.625,9,10.5,0,0,0,0
4493276,1985,9146,1982,"IL","",62085,3,4,112,6,63,4,23,1,0.0832,0.375,9.913,7,0,0,0,0
4493458,1985,9146,1981,"IL","",,1,16,239,5,59,8,3,1,0.4444,0.2188,7.3333,8.875,,,,
4494467,1985,9153,1982,"IL","",,1,1,110,6,66,11,0,1,,0.5455,,10.5455,,,,
4495946,1985,9160,1981,"IL","",,1,7,128,3,32,9,7,0.8889,0,0.2188,12.4286,12.7778,,,,
4496132,1985,9160,1982,"IL","",,1,4,251,5,53,5,2,0.8,0.5,0.625,5,15.4,,,,
4496155,1985,9160,1982,"IL","",,1,15,273,6,62,3,8,1,0.4063,0.4444,8,6.3333,,,,
4496325,1985,9160,1982,"IL","",,1,9,440,5,55,17,10,0.7059,0.54,0.4861,10.5,24.9412,,,,
4496861,1985,9160,1982,"IL","",278220,2,14,327,4,41,3,27,1,0.3868,0,9.2963,11.6667,0,0,0.3333,0.3333
4498300,1985,9174,1982,"IL","",531020,3,3,60,4,45,5,3,1,0.4444,0.56,9.3333,4,0.3333,0.2,0,0
4498404,1985,9174,1982,"IL","",62085,3,5,112,6,63,10,33,1,0.1653,0.34,7.6061,11.4,0,0,0,0
4498454,1985,9174,1981,"IL","",,1,18,126,6,66,5,2,1,0,0.72,3.5,9.8,,,,
4498459,1985,9174,1982,"IL","",59670,3,8,126,6,66,9,4,0.8889,0.375,0.6875,4.75,16,0,0,0,0
4498850,1985,9174,1981,"IL","",,1,15,417,5,53,4,6,0.25,0,0,11.3333,25.75,,,,
4499160,1985,9174,1983,"IL","",,1,16,429,4,45,10,8,1,0.4063,0.18,5.75,8.1,,,,
4499284,1985,9174,1982,"IL","",565915,3,13,548,1,14,0,1,,0,,13,,,,0,0
4499428,1985,9174,1983,"IL","",278220,2,13,330,4,41,0,2,,0.5,,10,,,,0.5,0.5
4499856,1985,9181,1983,"IL","",,1,5,119,6,61,5,3,0.8,0.4444,0,9.3333,24.4,,,,
4499952,1985,9181,1981,"IL","",,1,18,169,6,69,6,2,1,0,0.6667,8,12.5,,,,
4500126,1985,9181,1983,"IL","",563495,3,14,294,5,59,2,2,1,0,0.5,2,6.5,0,0,0,0
4500411,1985,9181,1983,"IL","",563495,3,10,204,1,19,5,1,1,0,0.72,6,10.8,0,0,0,0
4500873,1985,9181,1982,"IL","",62085,3,10,340,2,21,5,7,0.6,0,0,6.8571,17.8,0,0,0,0
4501159,1985,9188,1982,"IL","",,1,25,73,4,43,4,1,1,0,0.625,14,9,,,,
4502064,1985,9188,1983,"IL","",48865,3,9,347,2,23,4,2,1,0.5,0.625,4.5,8.25,0,0,0,0
4502209,1985,9195,1983,"IL","",706518,2,9,438,4,46,3,35,1,0.5208,0.4444,7.7143,11,0.5,0.3333,0.0882,0.0857
4504041,1985,9202,1981,"IL","",166725,3,9,254,5,59,2,0,1,,0.5,,10,0,0,,
4504396,1985,9202,1982,"IL","",,1,5,210,1,19,7,4,1,0.75,0.6939,12.75,15.1429,,,,
4505119,1985,9209,1983,"IL","",,1,2,62,6,69,11,3,0.9091,0.4444,0.76,8.6667,14.4545,,,,
4505208,1985,9209,1983,"IL","",,1,11,109,6,69,7,1,0.4286,0,0,3,35.4286,,,,
4505408,1985,9209,1983,"IL","",311450,2,6,222,1,19,2,10,0,0.84,,8.3,49.5,0,0,0,0
4505451,1985,9209,1982,"IL","",313310,3,5,251,5,53,4,4,0.75,0,0.4444,9.25,18.75,0,0,0,0
4505498,1985,9209,1982,"IL","",567135,3,11,283,6,69,3,9,1,0.6173,0,10.3333,7.6667,0,0,0,0
4505795,1985,9209,1983,"IL","",,1,22,204,1,19,6,2,1,0.5,0.7778,8,14.6667,,,,
4505901,1985,9209,1983,"IL","",421945,2,18,514,3,31,4,0,0.75,,0.6667,,15,0,0,,
4506359,1985,9209,1982,"IL","",168605,3,15,370,2,21,3,4,0.6667,0,0,3.25,13.6667,0,0,0,0
4506502,1985,9216,1983,"IL","",58090,3,4,60,4,45,5,8,0.6,0.4688,0.6667,7.625,21.2,0,0,0,0
4506877,1985,9216,1982,"IL","",495135,2,6,271,5,51,4,3,1,0.4444,0,5.6667,5.75,0,0,0,0
4507112,1985,9216,1984,"IL","",284725,2,81,604,3,32,5,8,1,0.375,0.8,4.5,9.6,0,0,0,0
4507116,1985,9216,1982,"IL","",,1,16,604,3,32,5,31,1,0.4433,0.64,9.8065,9,,,,
4507144,1985,9216,1983,"IL","",464090,3,4,504,1,11,1,1,1,0,0,6,7,0,0,0,0
4507250,1985,9216,1984,"IL","",222365,3,12,562,1,14,5,14,1,0.5,0.32,8.5,8.6,0,0,0,0
4507263,1985,9216,1983,"IL","",,1,10,419,5,52,2,6,1,0.6667,0,7.3333,6.5,,,,
4507830,1985,9223,1983,"IL","",,1,7,24,6,63,11,0,0.2727,,0.6667,,54.2727,,,,
4507911,1985,9223,1982,"IL","",542110,7,14,56,6,61,9,2,0.5556,0,0.64,12,25.2222,0,0,0,0
4508374,1985,9223,1982,"IL","",443245,3,7,285,6,67,8,7,0.625,0.449,0,7.1429,25.125,0,0,0,0
4508378,1985,9223,1983,"IL","",,1,14,292,6,69,2,3,0,0.4444,,5.6667,57,,,,
4508829,1985,9223,1982,"IL","",569780,3,14,436,1,19,6,10,1,0.58,0.7222,7.4,4,0,0,0,0
4509601,1985,9230,1983,"IL","",535795,3,5,169,6,69,4,1,1,0,0.625,3,10.25,0,0,0,0
4509756,1985,9230,1981,"IL","",,1,11,273,6,62,4,3,0,0.4444,,14,73.75,,,,
4510058,1985,9230,1983,"IL","",563495,3,26,210,1,19,5,5,1,0.32,0.32,6,11.6,0,0,0,0
4511543,1985,9237,1984,"IL","",396105,3,8,423,1,19,4,1,0.75,0,0,3,21,0,0,0,0
4512036,1985,9237,1981,"IL","",,1,32,359,5,54,17,6,1,0.6667,0.699,10.3333,8.1765,,,,
4512328,1985,9244,1983,"IL","",,1,29,126,6,66,8,3,0.375,0,0.4444,8.6667,41.75,,,,
4512517,1985,9244,1982,"IL","",,1,1,239,5,59,8,2,0.375,0,0,9.5,31,,,,
4512519,1985,9244,1982,"IL","",375350,3,4,239,5,59,5,2,0.4,0,0,7,45.8,0,0,0,0
4514617,1985,9251,1983,"IL","",,1,8,392,4,41,2,6,0.5,0.2778,0,6.3333,15.5,,,,
4514987,1985,9258,1983,"IL","",475535,3,6,62,6,69,9,10,1,0.32,0.7407,4.2,13.8889,0,0,0,0
4515138,1985,9258,1979,"IL","",,1,6,123,5,53,12,0,0.5833,,0.6122,,23.9167,,,,
4515276,1985,9258,1983,"IL","",542110,7,17,209,5,51,6,5,0.1667,0.56,0,4.6,41.6667,0,0,0,0
4515373,1985,9258,1984,"IL","",420505,3,17,273,6,62,2,2,0.5,0.5,0,3,23,0,0,0,0
4515590,1985,9258,1983,"IL","",1705,3,17,604,3,32,3,5,1,0,0,5.4,8.3333,0,0,0,0
4516018,1985,9258,1981,"IL","",345655,2,10,250,4,44,2,2,1,0.5,0,10.5,8,0,0,0,0
4516532,1985,9265,1984,"IL","",,1,16,119,6,61,5,1,0.8,0,0,14,20.4,,,,
4516950,1985,9265,1982,"IL","",178570,3,16,446,6,62,6,23,1,0.4915,0.7778,8.8261,6.6667,0,0,0,0
4517142,1985,9265,1981,"IL","",682835,3,14,264,5,51,26,5,0.6923,0.64,0.642,5.6,18.5769,0,0,0,0
4517388,1985,9265,1983,"IL","",,1,7,568,1,14,4,1,0.75,0,0,13,14.5,,,,
4517563,1985,9265,1982,"IL","",149470,3,12,340,2,21,7,24,1,0.4201,0.449,7.5,7,0,0,0,0
4517750,1985,9272,1984,"IL","",,1,12,33,6,69,13,0,0.5385,,0.449,,26.6154,,,,
4517808,1985,9272,1984,"IL","",23415,3,7,62,6,69,1,4,1,0,0,6.25,2,0,0,0,0
4519161,1985,9279,1984,"IL","",,1,9,47,6,61,7,3,1,0.6667,0.449,6,9.5714,,,,
4519218,1985,9279,1984,"IL","",,1,12,62,6,69,1,1,1,0,0,2,6,,,,
4519317,1985,9279,1983,"IL","",685926,7,3,102,1,19,5,2,0.4,0,0.5,3.5,27.4,0,0,0,0
4519546,1985,9279,1982,"IL","",390890,3,19,239,5,59,3,5,1,0,0.4444,6,4.3333,0,0,0.4,0.4
4519656,1985,9279,1981,"IL","",,1,11,312,6,65,10,2,0.5,0.5,0.72,8,31.4,,,,
4519675,1985,9279,1983,"IL","",,1,16,359,5,54,8,2,0.625,0.5,0,13,19.375,,,,
4519964,1985,9279,1984,"IL","",483780,3,6,264,5,51,8,4,0.75,0.75,0.6667,6.75,15.25,0,0,0,0
4520020,1985,9279,1982,"IL","",542110,7,22,424,3,31,0,3,,0.4444,,8,,,,0,0
4520873,1985,9286,1983,"IL","",180020,3,10,172,6,64,8,3,0.625,0,0.32,6.3333,19.75,0,0,0,0
4520968,1985,9286,1983,"IL","",,1,5,242,5,51,7,5,0.5714,0.48,0,9.4,22,,,,
4521768,1985,9286,1982,"IL","",171430,3,1,340,2,21,8,11,1,0.4463,0.2188,8.0909,8,0,0,0,0
4522720,1985,9293,1983,"IL","",180015,3,5,210,1,19,5,1,0.8,0,0.375,4,12.8,0,0,0,0
4523309,1985,9293,1979,"IL","",168605,3,31,370,2,21,8,3,0.625,0.4444,0,8,16.25,0,0,0,0
4523584,1985,9300,1983,"IL","",364275,2,11,600,3,32,5,13,1,0.3787,0,7.1538,3.6,1,0.6,0.5,0.2308
4524520,1985,9307,1983,"IL","",,1,11,33,6,69,7,14,0.7143,0.7143,0.72,6.5,15.7143,,,,
4524720,1985,9307,1983,"IL","",500790,3,10,119,6,61,2,1,0,0,,11,55,0,0,0,0
4524772,1985,9307,1983,"IL","",,1,30,606,3,32,6,17,0.1667,0,0,6.2941,38,,,,
4524913,1985,9307,1984,"IL","",,1,10,239,5,59,12,3,0.5833,0.6667,0,10,22.4167,,,,
4525342,1985,9307,1984,"IL","",,1,5,424,3,31,16,11,0.4375,0,0,6.8182,39.625,,,,
4525415,1985,9307,1982,"IL","",285680,3,6,428,6,69,4,19,1,0.3601,0.625,9.1053,8.75,0,0,0,0
4526472,1985,9314,1984,"IL","",514275,3,13,366,1,19,4,2,1,0.5,0,8,2.5,0,0,0,0
4526902,1985,9314,1983,"IL","",96310,2,9,514,3,31,1,27,1,0.6036,0,9.5556,7,0,0,0.08,0.0741
4527150,1985,9314,1982,"IL","",62090,3,16,340,2,21,11,8,0.9091,0.4063,0.48,7.375,7.3636,0,0,0,0
4527567,1985,9321,1982,"IL","",636865,3,22,607,3,32,10,24,1,0.4688,0.68,10,10.7,0,0,0,0
4530278,1985,9335,1982,"IL","",542110,7,4,99,6,61,4,6,0.25,0.4444,0,9,34.5,0,0,0.4,0.3333
4530850,1985,9335,1984,"IL","",59670,3,14,423,1,19,15,3,1,0.4444,0.1244,8.3333,8,0.0769,0.0667,0,0
4531237,1985,9335,1983,"IL","",,1,5,455,2,21,8,23,0.75,0.8431,0.7222,7.8696,16.75,,,,
4532220,1985,9342,1982,"IL","",636865,3,18,436,1,19,7,6,1,0.2778,0.2449,6.1667,4.5714,0,0,0,0
4532425,1985,9342,1982,"IL","",171415,2,10,250,4,44,2,9,1,0.1975,0,9.3333,6.5,0,0,0,0
4532916,1985,9349,1983,"IL","",,1,5,126,6,66,12,0,0.9167,,0.5124,,7.5833,,,,
4533252,1985,9349,1982,"IL","",636865,3,10,356,4,43,3,3,1,0.6667,0.6667,8,5.6667,0,0,0,0
4533283,1985,9349,1984,"IL","",285680,3,3,407,5,51,12,4,0.9167,0.625,0.1653,7,17.4167,0.1429,0.0833,0.3333,0.25
4533506,1985,9349,1983,"IL","",636865,3,8,562,1,14,5,2,0.6,0.5,0,9.5,15.4,0.3333,0.2,0.5,0.5
4533540,1985,9349,1984,"IL","",204290,2,12,424,3,31,11,14,1,0.2551,0.6281,7,5.7273,0.0909,0.0909,0,0
4533906,1985,9349,1982,"IL","",62085,3,10,340,2,21,9,10,0.4444,0.18,0.375,9,60.1111,0,0,0,0
4534072,1985,9356,1984,"IL","",,1,4,4,6,65,5,6,0.2,0,0,5.6667,33,,,,
4534175,1985,9356,1983,"IL","",215190,3,23,60,4,45,3,3,0.3333,0.4444,0,9,45.6667,0,0,0,0
4534510,1985,9356,1984,"IL","",,1,18,239,5,59,3,3,1,0,0,9.3333,14.3333,,,,
4535246,1985,9356,1982,"IL","",59670,3,12,250,4,44,4,5,0.75,0.32,0,10.2,10.5,0,0,0,0
4535510,1985,9363,1983,"IL","",,1,7,19,1,11,5,5,0.4,0,0.5,5,18,,,,
4536092,1985,9363,1984,"IL","",,1,5,366,1,19,1,3,0,0.6667,,5.6667,79,,,,
4536966,1985,9370,1984,"IL","",542125,7,6,33,6,69,2,2,0.5,0.5,0,7,40.5,0,0,0,0
4537030,1985,9370,1982,"IL","",,1,1,60,4,45,1,2,0,0,,8,51,,,,
4537032,1985,9370,1983,"IL","",421315,3,6,60,4,45,2,3,0.5,0,0,11.6667,45.5,0,0,0.3333,0.3333
4537033,1985,9370,1984,"IL","",171425,3,14,62,6,69,5,6,1,0.2778,0.32,4.3333,13.8,0,0,0,0
4537760,1985,9370,1984,"IL","",563490,3,15,423,1,19,3,7,0.6667,0.6939,0.5,7.5714,32.3333,0,0,0,0
4537992,1985,9370,1984,"IL","",10730,3,12,564,1,14,2,7,1,0.5714,0,6.1429,6,0,0,0.1429,0.1429
4538618,1985,9377,1984,"IL","",,1,11,600,3,32,5,3,1,0,0,2.3333,9,,,,
4539061,1985,9377,1983,"IL","",636865,3,15,156,1,19,1,100,1,0.7718,0,8.8,3,0,0,0,0
4539829,1985,9384,1983,"IL","",,5,5,70,6,65,2,3,0.5,0,0,5.3333,53.5,,,,
4540002,1985,9384,1982,"IL","",,1,7,600,3,32,2,6,1,0.2778,0,8.3333,7.5,,,,
4540125,1985,9384,1983,"IL","",390890,3,28,239,5,59,3,14,1,0,0.4444,8.4286,14.3333,0,0,0,0
4541244,1985,9391,1983,"IL","",531020,3,21,60,4,45,13,2,1,0.5,0.7219,6.5,6.6923,0.25,0.1538,1,1
4541450,1985,9391,1982,"IL","",,1,5,137,6,69,10,2,0.4,0.5,0.625,9,38.6,,,,
4542625,1985,9398,1984,"IL","",,1,10,60,4,45,2,26,1,0.2848,0,9.16,14,,,,
4543037,1985,9398,1984,"IL","",563495,3,7,415,5,53,5,2,0.8,0,0.625,3,23.6,0,0,0,0
4543663,1985,9398,1984,"IL","",,1,21,359,5,54,18,3,1,0,0.679,4.3333,7.8889,,,,
4543965,1985,9405,1983,"IL","",59670,3,7,600,3,32,9,10,1,0.34,0.1975,8.3,7.8889,0,0,0,0
4544174,1985,9405,1983,"IL","",,1,7,280,5,55,4,0,0.75,,0.4444,,28.25,,,,
4544910,1985,9405,1982,"IL","",,1,5,340,2,21,4,17,1,0.6159,0,8.6471,7.75,,,,
4545459,1985,9412,1983,"IL","",,1,3,180,5,55,5,3,1,0.6667,0.48,5.3333,11.4,,,,
4547106,1985,9419,1983,"IL","",,1,7,405,6,64,12,11,0.5833,0.6942,0.2449,8.6364,21.5,,,,
4547124,1985,9419,1983,"IL","",,1,11,416,1,19,16,2,0.75,0,0.625,5.5,20.75,,,,
4548058,1985,9426,1982,"IL","",,1,4,70,6,65,3,10,0.3333,0,0,7.1,49.6667,,,,
4548411,1985,9426,1984,"IL","",,1,4,273,6,62,0,2,,0,,6,,,,,
4548417,1985,9426,1983,"IL","",,1,11,279,6,69,14,0,0.3571,,0.32,,31.5714,,,,
4548551,1985,9426,1984,"IL","",577105,3,17,417,5,53,5,5,0.6,0.32,0.4444,8.4,27.2,0,0,0,0
4549011,1985,9426,1983,"IL","",420880,3,40,536,1,14,15,4,0.8667,0.75,0.8639,3.75,8.6667,0,0,0,0
4549672,1985,9433,1985,"IL","",,1,20,220,6,68,10,8,0.9,0.5313,0.4938,5.125,14.6,,,,
4550712,1985,9440,1983,"IL","",530370,3,10,126,6,66,6,2,1,0.5,0,9.5,5.8333,1,0.1667,0,0
4550878,1985,9440,1983,"IL","",,1,17,239,5,59,3,2,1,0,0.4444,3.5,6.3333,,,,
4551458,1985,9440,1983,"IL","",350010,3,13,514,3,31,5,1,0.8,0,0,4,17.4,0,0,1,1
4551613,1985,9440,1983,"IL","",,1,12,392,4,41,5,2,0,0,,6.5,45.2,,,,
4551980,1985,9447,1983,"IL","",421315,3,10,60,4,45,1,7,1,0.6939,0,9.1429,17,0,0,0.25,0.1429
4552053,1985,9447,1983,"IL","",286615,3,4,89,5,59,13,15,0.3077,0.4178,0.375,6.9333,31.5385,0,0,0.6364,0.4667
4552655,1985,9447,1981,"IL","",,1,10,210,1,19,6,16,0.8333,0,0,7.375,13.6667,,,,
4552812,1985,9447,1981,"IL","",636865,3,25,428,6,69,8,17,1,0.782,0.8438,9.8235,7.875,0,0,0.0625,0.0588
4552922,1985,9447,1983,"IL","",636865,3,23,525,1,15,4,5,1,0.64,0.375,5.6,5.75,0,0,0,0
4553135,1985,9447,1982,"IL","",286615,3,29,340,2,21,7,3,0.7143,0,0,12,11.2857,0,0,0,0
4553243,1985,9447,1982,"IL","",,1,16,372,4,42,12,2,1,0,0.2917,7.5,9.3333,,,,
4553529,1985,9454,1982,"IL","",531020,3,8,126,6,66,3,0,1,,0.4444,,3,0.5,0.3333,,
4553839,1985,9454,1983,"IL","",,1,6,356,4,43,0,3,,0.4444,,9.6667,,,,,
4554317,1985,9454,1983,"IL","",,1,21,424,3,31,5,23,1,0.8355,0.8,9.2609,14.4,,,,
4554956,1985,9461,1983,"IL","",,1,8,141,5,51,9,2,0.8889,0.5,0.6563,3,15.6667,,,,
4555727,1985,9461,1983,"IL","",420110,3,5,348,4,49,7,3,1,0.6667,0.7347,5.3333,9.1429,0,0,0,0
4555728,1985,9461,1983,"IL","",171425,3,34,378,4,44,1,11,1,0.1653,0,7.7273,1,0,0,0,0
4555851,1985,9468,1984,"IL","",,1,9,33,6,69,3,0,0.6667,,0.5,,32.3333,,,,
4556068,1985,9468,1983,"IL","",597195,6,12,600,3,32,6,0,1,,0.6111,,2.1667,0,0,,
4556882,1985,9468,1982,"IL","",161150,2,31,340,2,21,17,10,1,0.48,0.4014,9.3,10.1765,0,0,0.125,0.1
4557404,1985,9475,1982,"IL","",134295,3,5,222,1,19,8,6,0.125,0.2778,0,10.3333,54.375,0,0,0,0
4558570,1985,9482,1983,"IL","",,1,2,62,6,69,3,1,1,0,0,3,9.3333,,,,
4558719,1985,9482,1984,"IL","",,1,7,137,6,69,4,1,0.25,0,0,2,44,,,,
4558974,1985,9482,1984,"IL","",285680,3,10,407,5,51,10,15,0.4,0.1244,0.375,6.6667,48.7,0.3333,0.1,0.2857,0.2667
4559282,1985,9482,1984,"IL","",597195,6,24,429,4,45,3,1,1,0,0,2,3.3333,0,0,0,0
4559912,1985,9489,1982,"IL","",170720,3,3,123,5,53,10,6,1,0.6111,0.72,6,8.9,0,0,0,0
4560108,1985,9489,1984,"IL","",,1,3,239,5,59,3,10,0.3333,0,0,5.7,57.3333,,,,
4560241,1985,9489,1983,"IL","",,1,11,349,1,19,2,26,1,0.074,0,8.1538,6.5,,,,
4560568,1985,9489,1984,"IL","",,1,13,426,6,61,4,4,0.75,0.625,0.6667,6.5,16.25,,,,
4561551,1985,9496,1983,"IL","",,1,18,212,5,59,9,2,0.5556,0.5,0.64,5,30.8889,,,,
4561809,1985,9496,1984,"IL","",285680,3,3,407,5,51,7,7,1,0,0,5.4286,10,0.1667,0.1429,0,0
4561845,1985,9496,1984,"IL","",,1,19,433,3,39,3,4,1,0.375,0,1.75,9.6667,,,,
4562133,1985,9496,1984,"IL","",636865,3,11,430,1,19,3,0,1,,0,,9.6667,0,0,,
4562659,1986,9503,1983,"IL","",,1,20,42,5,59,5,3,0.4,0,0,6.6667,38.8,,,,
4563386,1986,9503,1984,"IL","",96695,3,6,442,1,11,4,17,1,0.7612,0.5,10.4706,10.25,0,0,0,0
4563701,1986,9503,1983,"IL","",171425,3,11,378,4,44,4,7,1,0.6939,0.375,7,5,0,0,0,0
4563914,1986,9510,1983,"IL","",271430,3,4,475,5,53,7,8,0.8571,0.2188,0.6111,7.875,10.4286,0,0,0,0
4564594,1986,9510,1983,"IL","",165265,2,12,435,3,33,10,3,0.6,0,0.2778,5.6667,21.6,0,0,0.5,0.3333
4564761,1986,9510,1983,"IL","",104555,3,24,250,4,44,5,4,1,0.625,0.32,7.25,13.4,0,0,0,0
4564947,1986,9510,1982,"IL","",369915,3,10,372,4,42,1,3,1,0,0,6,2,1,1,0,0
4565201,1986,9517,1983,"IL","",194210,3,17,600,3,32,12,10,1,0,0.1528,7.6,12.25,0,0,0,0
4565499,1986,9517,1984,"IL","",,1,12,417,5,53,13,2,0.8462,0,0.7438,5,18.1538,,,,
4566588,1986,9524,1983,"IL","",600775,3,14,206,6,68,11,8,0.8182,0.5313,0.3704,7.625,17.1818,0,0,0,0
4566633,1986,9524,1984,"IL","",,1,19,239,5,59,3,2,1,0,0,6,9.3333,,,,
4566766,1986,9524,1983,"IL","",235860,3,26,353,5,54,4,1,1,0,0.375,3,10.75,0,0,0,0
4566995,1986,9524,1985,"IL","",1705,3,11,540,1,14,4,4,1,0.375,0.375,4.25,5.25,0,0,0,0
4567825,1986,9531,1984,"IL","",,1,3,101,6,69,5,0,1,,0,,13.6,,,,
4567831,1986,9531,1984,"IL","",542125,7,7,102,1,19,6,3,0.8333,0,0.32,7.6667,19,0,0,0,0
4568700,1986,9531,1983,"IL","",636865,3,11,521,1,15,5,2,0.8,0.5,0.375,11.5,19.2,0,0,0,0
4569015,1986,9531,1983,"IL","",280070,2,4,709,2,22,6,21,1,0.6213,0.7222,10.8571,5.3333,0,0,0.8947,0.8095
4569175,1986,9538,1984,"IL","",,1,2,52,6,69,8,8,0.625,0.2188,0,7.375,26.25,,,,
4569188,1986,9538,1981,"IL","",542110,7,13,56,6,61,9,1,0.6667,0,0.5,6,20.7778,0,0,0,0
4569369,1986,9538,1984,"IL","",,1,9,137,6,69,4,1,0.5,0,0,4,38.75,,,,
4569399,1986,9538,1984,"IL","",535795,3,9,169,6,69,7,2,0.7143,0.5,0.64,5.5,31,0,0,0,0
4569590,1986,9538,1983,"IL","",542090,7,9,356,4,43,1,3,1,0.4444,0,10,15,0,0,0,0
4569747,1986,9538,1984,"IL","",636865,3,7,204,1,19,9,5,0.7778,0.48,0,4.6,15.1111,0.2,0.1111,0.2,0.2
4570224,1986,9538,1982,"IL","",171415,2,22,378,4,44,2,12,1,0.5,0,6.75,6,0,0,0,0
4570420,1986,9545,1984,"IL","",180020,3,12,53,6,68,8,1,0.5,0,0,3,27.625,0,0,0,0
4570857,1986,9545,1983,"IL","",,1,5,239,5,59,6,2,0.8333,0.5,0.48,8.5,18.3333,,,,
4571455,1986,9545,1983,"IL","",,1,3,379,2,21,5,9,1,0.3704,0.32,7,7.4,,,,
4571947,1986,9552,1984,"IL","",531020,3,13,60,4,45,8,2,0.5,0.5,0.625,5.5,36.75,1,0.125,1,1
4571948,1986,9552,1984,"IL","",,1,16,60,4,45,10,3,0.5,0.6667,0.56,9.6667,23,,,,
4572463,1986,9552,1982,"IL","",,1,5,244,5,55,9,2,0.5556,0,0.64,13.5,26.2222,,,,
4572784,1986,9552,1984,"IL","",,1,15,210,1,19,7,12,1,0,0,4.4167,7.2857,,,,
4573122,1986,9552,1982,"IL","",171425,3,16,250,4,44,6,2,1,0.5,0,6,8.5,0.1667,0.1667,0,0
4573300,1986,9559,1981,"IL","",134950,3,14,52,6,69,21,3,0.6667,0.4444,0.4592,13.3333,19.7619,0,0,0.5,0.3333
4573640,1986,9559,1982,"IL","",263300,3,10,239,5,59,4,9,1,0.4938,0.625,8.1111,11.25,0,0,0.5,0.4444
4574041,1986,9559,1984,"IL","",563495,3,8,205,1,19,7,1,0.8571,0,0.6111,7,11.8571,0,0,0,0
4574335,1986,9559,1984,"IL","",421290,3,7,362,4,42,10,3,0.5,0.6667,0.32,9.6667,27.7,0,0,0,0
4574381,1986,9559,1982,"IL","",369915,3,8,372,4,42,5,1,1,0,0.32,8,10.8,0,0,0,0
4576248,1986,9573,1985,"IL","",,1,6,182,6,65,9,2,0.3333,0.5,0.6667,10.5,68.3333,,,,
4577618,1986,9580,1984,"IL","",531020,3,3,126,6,66,3,0,1,,0.4444,,4,0.5,0.3333,,
4578306,1986,9580,1983,"IL","",540725,2,20,442,1,11,4,3,1,0.4444,0.375,8,13.5,0,0,0,0
4578565,1986,9580,1984,"IL","",,1,9,392,4,41,2,2,1,0.5,0,6,2,,,,
4578953,1986,9587,1984,"IL","",421310,2,20,60,4,45,1,4,0,0,,7,34,0,0,0,0
4579105,1986,9587,1984,"IL","",531020,3,13,126,6,66,4,0,0.75,,0.4444,,20,0.5,0.25,,
4579730,1986,9587,1984,"IL","",237135,3,4,424,3,31,0,17,,0.4567,,7.4118,,,,0,0
4580034,1986,9587,1983,"IL","",,1,1,392,4,41,5,2,0.6,0,0.4444,3.5,27,,,,
4580054,1986,9587,1984,"IL","",171415,2,30,250,4,44,4,2,1,0,0.375,4,5.25,0,0,0,0
4580292,1986,9587,1984,"IL","",,1,6,359,5,54,19,2,1,0.5,0.7036,6,8.5263,,,,
4580397,1986,9594,1984,"IL","",542110,7,4,56,6,61,4,1,1,0,0,4,13.5,0,0,0,0
4580574,1986,9594,1984,"IL","",,1,5,600,3,32,5,11,1,0.1653,0.32,8.4545,5.8,,,,
4580876,1986,9594,1983,"IL","",,1,14,349,1,19,8,9,1,0.1975,0.4063,7.1111,7.25,,,,
4583328,1986,9608,1982,"IL","",213610,2,6,451,5,51,22,0,0.1818,,0.625,,49.1364,0,0,,
4583370,1986,9608,1983,"IL","",220650,2,10,60,4,45,2,1,1,0,0.5,13,3.5,0,0,0,0
4583597,1986,9608,1985,"IL","",,1,11,169,6,69,3,5,1,0.72,0.6667,6.6,13,,,,
4583689,1986,9608,1984,"IL","",,1,16,239,5,59,6,5,0.5,0,0,4.4,25.3333,,,,
4583887,1986,9608,1983,"IL","",285680,3,3,407,5,51,6,11,0.3333,0,0.5,7.3636,27,0,0,0.1818,0.1818
4583941,1986,9608,1983,"IL","",59670,3,5,431,6,66,7,0,0.1429,,0,,57.8571,0,0,,
4583978,1986,9608,1984,"IL","",,1,13,604,3,32,8,8,0.75,0,0.6667,6.375,22.25,,,,
4583979,1986,9608,1984,"IL","",,1,9,604,3,32,5,3,1,0,0.32,9.6667,6.8,,,,
4584103,1986,9608,1982,"IL","",18415,3,18,210,1,19,5,13,1,0.2722,0.56,6.0769,9.2,0,0,0.0909,0.0769
4584320,1986,9608,1985,"IL","",,1,13,514,3,31,1,5,1,0.8,0,5.4,3,,,,
4584368,1986,9608,1978,"IL","",,5,2,536,1,14,5,6,0.6,0.4444,0.4444,15.3333,17.6,,,,
4584661,1986,9608,1984,"IL","",,1,13,708,2,22,6,14,1,0.1327,0,4.7857,8.1667,,,,
4584722,1986,9615,1983,"IL","",636865,3,13,623,3,39,7,25,0.8571,0.1472,0.6111,6.88,14.1429,0,0,0,0
4584800,1986,9615,1982,"IL","",385405,3,3,52,6,69,7,2,0.7143,0.5,0.56,10,17.8571,0,0,0,0
4585438,1986,9615,1983,"IL","",,1,10,604,3,32,7,11,1,0.562,0.5714,10.6364,10.4286,,,,
4585636,1986,9615,1984,"IL","",396105,3,10,423,1,19,7,2,1,0.5,0.2449,6.5,8.1429,0,0,0,0
4587107,1986,9622,1983,"IL","",396100,3,10,423,1,19,9,6,0.6667,0.4444,0.4444,8.8333,17,0,0,0,0
4587221,1986,9622,1983,"IL","",563495,3,19,436,1,19,11,6,0.8182,0.6111,0.7654,7.5,12.6364,0,0,0,0
4587396,1986,9622,1983,"IL","",329640,3,31,219,4,49,4,28,1,0.8087,0.75,9.25,6.25,0,0,0.2593,0.25
4588307,1986,9629,1984,"IL","",194205,2,8,374,4,43,14,7,0.7857,0.7755,0.2975,6,12.7857,0,0,0,0
4588778,1986,9629,1985,"IL","",597260,6,7,525,1,15,1,5,1,0.72,0,3,10,0,0,0,0
4588897,1986,9629,1983,"IL","",171425,3,11,250,4,44,8,6,1,0,0.2188,7.6667,7.75,0.1429,0.125,0,0
4590005,1986,9636,1985,"IL","",,1,6,540,1,14,3,8,1,0.4688,0,9.625,7.3333,,,,
4590077,1986,9636,1981,"IL","",59670,3,13,426,6,61,7,6,1,0.7222,0,10.6667,15.8571,0,0,0,0
4590384,1986,9636,1983,"IL","",421315,3,12,290,4,45,9,2,1,0,0.3704,8,8.5556,0,0,0,0
4590518,1986,9636,1983,"IL","",171425,3,10,378,4,44,5,5,1,0.56,0.64,3.8,3.6,0,0,0,0
4590681,1986,9643,1984,"IL","",542090,7,6,33,6,69,6,1,0.3333,0,0.5,14,24.8333,0,0,0,0
4590801,1986,9643,1985,"IL","",551140,2,62,73,4,43,6,68,0.5,0.4308,0.4444,7.6765,25.5,0,0,0.1212,0.1176
4590804,1986,9643,1984,"IL","",568420,2,17,73,4,43,18,10,0.7222,0.34,0.2722,10.2,15.7778,0,0,0,0
4590844,1986,9643,1983,"IL","",286615,3,3,89,5,59,15,14,0.4,0.1327,0.5,7.7857,28.2,0.5,0.1333,0.5714,0.2857
4592355,1986,9650,1984,"IL","",,1,3,606,3,32,2,23,1,0.31,0,9.8696,9.5,,,,
4592839,1986,9650,1984,"IL","",,1,7,210,1,19,15,19,0.6667,0.1939,0,5.8947,26.6667,,,,
4592873,1986,9650,1985,"IL","",77360,3,5,558,1,14,3,0,0.6667,,0,,23.6667,0,0,,
4593137,1986,9650,1984,"IL","",636865,3,9,585,1,19,4,3,1,0.6667,0.375,7.3333,3.25,0,0,0.3333,0.3333
4593212,1986,9650,1984,"IL","",386735,2,8,326,4,46,8,17,1,0.4429,0.2188,6.4706,3.125,0.5,0.5,0.1765,0.1765
4593359,1986,9650,1983,"IL","",,1,7,701,2,22,7,6,1,0.2778,0.2449,5.3333,3.1429,,,,
4593538,1986,9657,1984,"IL","",59670,3,7,62,6,69,11,4,0.6364,0,0.2449,13,22.3636,0,0,0,0
4593857,1986,9657,1984,"IL","",443240,3,14,239,5,59,11,3,0.9091,0.4444,0,7.3333,14.3636,0,0,0,0
4595020,1986,9664,1983,"IL","",194215,2,4,600,3,32,8,6,1,0.6667,0.4063,5.3333,6.75,0,0,0,0
4595365,1986,9664,1984,"IL","",,1,5,433,3,39,7,10,0.5714,0.34,0.625,6.9,31.4286,,,,
4595505,1986,9664,1984,"IL","",531020,3,6,504,1,11,5,4,1,0.375,0.72,4.5,5.4,0.4,0.4,0,0
4595695,1986,9664,1983,"IL","",569780,3,3,514,3,31,5,0,1,,0,,7.6,0,0,,
4595900,1986,9664,1984,"IL","",171425,3,14,335,4,41,2,2,1,0.5,0,3,3,0,0,0,0
4595949,1986,9664,1984,"IL","",,1,48,378,4,44,6,9,1,0.4938,0,4.1111,7,,,,
4596268,1986,9671,1985,"IL","",313310,3,7,137,6,69,2,3,1,0.6667,0.5,8.3333,17,0,0,0,0
4596575,1986,9671,1984,"IL","",418095,3,25,604,3,32,6,19,1,0.4931,0,6.8421,4.6667,0,0,0,0
4596944,1986,9671,1984,"IL","",,1,2,315,4,42,9,2,0.2222,0.5,0.5,3.5,54.3333,,,,
4597271,1986,9678,1985,"IL","",,1,11,62,6,69,7,2,1,0,0,11.5,14,,,,
4597380,1986,9678,1984,"IL","",329640,3,16,600,3,32,14,28,1,0.648,0.5612,7.0357,7.8571,0.3636,0.2857,0.0435,0.0357
4597787,1986,9678,1984,"IL","",286590,3,9,65,5,51,2,9,1,0.4444,0.5,6,9.5,0,0,0,0
4598040,1986,9678,1983,"IL","",,1,15,430,1,19,13,4,0.9231,0.375,0,7,16.7692,,,,
4599033,1986,9685,1984,"IL","",166725,3,5,414,5,51,14,2,0.5714,0.5,0.6563,6.5,21.9286,0,0,0,0
4599083,1986,9685,1984,"IL","",,1,4,623,3,39,3,3,0.6667,0.4444,0.5,5.6667,17.3333,,,,
4599221,1986,9685,1984,"IL","",542090,7,4,423,1,19,4,3,1,0.4444,0.375,8.6667,5,0,0,0,0
4599623,1986,9685,1983,"IL","",,1,9,343,2,21,13,10,0.9231,0.42,0.4028,7.2,15.1538,,,,
4599839,1986,9692,1982,"IL","",,1,5,52,6,69,9,0,0.7778,,0,,23.7778,,,,
4600304,1986,9692,1983,"IL","",542090,7,8,356,4,43,5,4,0.8,0.625,0,8,16.2,0.3333,0.2,0,0
4600493,1986,9692,1985,"IL","",385825,2,14,204,1,19,28,7,0.9643,0.5714,0.2661,2.8571,10.3214,0,0,0.5714,0.5714
4601011,1986,9692,1985,"IL","",,1,17,713,2,22,24,34,1,0.8322,0.8715,5.8529,5.875,,,,
4601296,1986,9699,1983,"IL","",636865,3,8,607,3,32,2,72,1,0.6614,0.5,10.1408,11.5,0,0,0,0
4602498,1986,9706,1985,"IL","",682835,3,6,73,4,43,6,2,0.8333,0.5,0,7,13,0,0,0,0
4602625,1986,9706,1985,"IL","",364275,2,8,600,3,32,6,4,1,0,0,5.5,4,1,0.6667,0.5,0.25
4602843,1986,9706,1982,"IL","",636865,3,22,359,5,54,6,4,1,0,0.5,9.5,12.1667,0,0,0,0
4604202,1986,9713,1984,"IL","",23415,3,7,210,1,19,16,3,0.0625,0.6667,0,6,79.25,0,0,0,0
4604204,1986,9713,1983,"IL","",18415,3,19,210,1,19,9,10,1,0.6,0.6173,5.9,10.3333,0,0,0.2,0.2
4604524,1986,9713,1984,"IL","",,1,17,250,4,44,3,7,1,0.6122,0,8.1429,3,,,,
4605086,1986,9720,1984,"IL","",,1,20,180,5,55,6,8,0.5,0.7188,0.6667,9.125,31,,,,
4605602,1986,9720,1984,"IL","",174605,2,12,429,4,45,2,2,1,0,0,6.5,1,1,1,0,0
4605708,1986,9720,1985,"IL","",350120,3,10,525,1,15,2,1,1,0,0.5,1,7.5,0,0,0,0
4605749,1986,9720,1985,"IL","",542165,3,9,549,1,14,2,5,1,0.32,0.5,2.8,7,0,0,0,0
4605916,1986,9720,1984,"IL","",685926,7,9,333,2,21,4,6,0.25,0.7778,0,8.5,22.75,0,0,0.2,0.1667
4606852,1986,9727,1985,"IL","",77360,3,15,252,1,19,6,1,1,0,0.7222,0,6.6667,0,0,0,0
4607144,1986,9727,1984,"IL","",566135,3,48,379,2,21,6,14,1,0.6224,0.2778,7.7143,4.5,0,0,0,0
4607561,1986,9734,1984,"IL","",,1,3,89,5,59,2,1,0,0,,8,72,,,,
4607826,1986,9734,1984,"IL","",563495,3,4,266,5,52,3,11,1,0.7603,0.6667,8.6364,5,0,0,0,0
4608020,1986,9734,1984,"IL","",,1,5,433,3,39,2,1,0.5,0,0,11,47,,,,
4608547,1986,9734,1985,"IL","",166770,3,5,335,4,41,3,1,0.3333,0,0,2,19.6667,0,0,0,0
4608869,1986,9741,1984,"IL","",72120,2,16,73,4,43,8,1,0.625,0,0.56,7,15.5,0,0,0,0
4609154,1986,9741,1984,"IL","",,1,19,239,5,59,8,2,0.625,0,0.64,9.5,24,,,,
4609333,1986,9741,1985,"IL","",319695,3,12,417,5,53,6,2,0.5,0.5,0.6667,6,37.3333,0,0,0,0
4609740,1986,9741,1982,"IL","",636865,3,2,549,1,14,0,1,,0,,5,,,,0,0
4610151,1986,9748,1985,"IL","",56440,2,19,68,6,63,5,0,1,,0.72,,14.6,0,0,,
4610253,1986,9748,1984,"IL","",75690,2,18,607,3,32,3,1,1,0,0,7,3.3333,0,0,0,0
4610978,1986,9748,1984,"IL","",682835,3,26,514,3,31,5,20,1,0.375,0.64,6.35,7.4,0,0,0,0
4611411,1986,9755,1985,"IL","",,1,9,36,6,63,7,1,0.4286,0,0,12,27.1429,,,,
4611760,1986,9755,1984,"IL","",723017,3,4,239,5,59,4,2,0.5,0,0,3,38,0,0,0,0
4612066,1986,9755,1985,"IL","",,1,7,148,5,52,1,15,1,0.5778,0,4.1333,2,,,,
4612477,1986,9755,1983,"IL","",635905,2,11,315,4,42,5,4,1,0.375,0.64,8.25,10,0,0,0,0
4613587,1986,9762,1984,"IL","",636865,3,12,514,3,31,0,6,,0.6667,,9.6667,,,,0,0
4613837,1986,9762,1984,"IL","",171425,3,11,333,2,21,1,8,1,0.5,0,5.25,10,0,0,0,0
4614039,1986,9769,1984,"IL","",542090,7,9,33,6,69,6,1,0.6667,0,0,14,23.6667,0,0,0,0
4614328,1986,9769,1984,"IL","",350260,3,20,251,5,53,7,2,0.4286,0,0,4.5,20.4286,0,0,0,0
4614581,1986,9769,1984,"IL","",,1,25,210,1,19,10,12,0.8,0,0.4688,6.8333,14.3,,,,
4614917,1986,9769,1985,"IL","",558130,3,20,331,4,41,3,11,1,0.314,0.4444,7.4545,5.3333,0,0,0,0
4616318,1986,9776,1983,"IL","",171415,2,12,378,4,44,7,8,1,0.6563,0.6531,9.375,4.8571,0,0,0,0
4616333,1986,9776,1984,"IL","",171425,3,30,708,2,22,4,7,1,0.6122,0.625,7.1429,4.75,0,0,0,0
4616939,1986,9783,1984,"IL","",,1,5,374,4,43,7,1,1,0,0.449,10,6.5714,,,,
4617120,1986,9783,1985,"IL","",194895,3,15,210,1,19,9,0,0.7778,,0.2449,,15.8889,0,0,,
4617378,1986,9783,1984,"IL","",636865,3,14,530,1,15,3,5,1,0.56,0.4444,4,3.6667,0,0,0.2,0.2
4617800,1986,9790,1985,"IL","",220650,2,16,60,4,45,0,5,,0,,9.4,,,,0,0
4617911,1986,9790,1984,"IL","",,1,21,126,6,66,7,0,0.8571,,0,,17.8571,,,,
4617938,1986,9790,1984,"IL","",,1,16,600,3,32,5,13,1,0.4615,0,8,6.8,,,,
4618185,1986,9790,1985,"IL","",,1,10,297,6,65,5,3,0,0,,2.6667,58.2,,,,
4618952,1986,9790,1983,"IL","",194055,3,11,370,2,21,12,3,0.5,0.4444,0.7222,4,31.0833,0,0,0,0
4619099,1986,9797,1984,"IL","",,1,8,52,6,69,4,4,0.75,0,0.4444,7,15.75,,,,
4619184,1986,9797,1985,"IL","",542125,7,5,89,5,59,12,0,0.4167,,0,,36.4167,0,0,,
4619724,1986,9797,1982,"IL","",,1,13,156,1,19,8,7,0.875,0.6122,0.5714,12.4286,11.25,,,,
4620390,1986,9804,1984,"IL","",,1,18,47,6,61,7,7,0.5714,0.449,0.75,8.1429,23.7143,,,,
4620484,1986,9804,1985,"IL","",447580,3,9,102,1,19,9,3,0.6667,0.4444,0.2778,5.3333,26,0,0,0,0
4621135,1986,9804,1985,"IL","",636865,3,4,530,1,15,9,5,1,0,0.4938,10.6,6,0.1667,0.1111,0.2,0.2
4621418,1986,9811,1984,"IL","",,1,4,29,5,52,4,0,0.75,,0.6667,,18.25,,,,
4622292,1986,9811,1983,"IL","",636865,3,15,435,3,33,0,0,,,,,,,,,
4622472,1986,9811,1984,"IL","",421315,3,17,290,4,45,5,2,1,0.5,0.48,12.5,6.4,0.25,0.2,0,0
4622949,1986,9818,1984,"IL","",531020,3,26,126,6,66,10,3,0.9,0.4444,0.8148,7.6667,15,0,0,1,0.6667
4623893,1986,9818,1983,"IL","",542125,7,7,343,2,21,1,23,1,0.0832,0,8,2,0,0,0,0
4624215,1986,9825,1984,"IL","",,1,9,119,6,61,5,4,1,0,0.48,7,8,,,,
4624785,1986,9825,1984,"IL","",,1,3,210,1,19,4,20,0.75,0.095,0,5.5,12,,,,
4624923,1986,9825,1986,"IL","",636865,3,9,424,3,31,6,14,1,0.8367,0.8333,5.6429,6.6667,0,0,0,0
4626815,1986,9832,1984,"IL","",59670,3,10,336,4,41,3,0,0.3333,,0,,30.3333,0,0,,
4626991,1986,9832,1983,"IL","",171415,2,9,378,4,44,11,5,1,0.64,0.5455,5.6,3.9091,0,0,0,0
4627242,1986,9839,1984,"IL","",604870,2,8,62,6,69,4,7,1,0.2449,0,8,7.75,0,0,0,0
4627554,1986,9839,1985,"IL","",,1,17,222,1,19,5,7,0.4,0.7755,0,5,21.8,,,,
4627952,1986,9839,1985,"IL","",254155,2,18,264,5,51,5,6,0.6,0.7778,0.6667,6.6667,15,1,0.4,0,0
4628056,1986,9839,1984,"IL","",560995,3,10,514,3,31,3,1,0.6667,0,0,2,23.6667,0,0,0,0
4628357,1986,9839,1984,"IL","",171425,3,14,378,4,44,8,4,1,0.375,0.75,6.75,7.25,0,0,0,0
4628474,1986,9839,1984,"IL","",386735,2,7,708,2,22,6,1,1,0,0.7778,9,8.1667,0,0,0,0
4628921,1986,9846,1984,"IL","",,1,17,606,3,32,9,10,0.5556,0,0,8.3,24.5556,,,,
4629129,1986,9846,1984,"IL","",,1,8,239,5,59,5,0,1,,0,,13.2,,,,
4629154,1986,9846,1985,"IL","",600775,3,17,248,6,69,8,2,0.25,0.5,0.5,8.5,49.375,0,0,0,0
4629503,1986,9846,1985,"IL","",464090,3,14,75,5,52,3,2,0.3333,0,0,10,45.6667,0,0,0,0
4630614,1986,9853,1985,"IL","",,1,8,600,3,32,10,18,1,0.6049,0.32,8.2778,7.8,,,,
4630934,1986,9853,1986,"IL","",,1,11,368,6,69,7,3,1,0.4444,0.449,5.6667,9.8571,,,,
4631291,1986,9853,1984,"IL","",636865,3,2,514,3,31,0,0,,,,,,,,,
4631908,1986,9860,1985,"IL","",,1,4,56,6,61,12,0,0.1667,,0.5,,37.9167,,,,
4632033,1986,9860,1984,"IL","",542125,7,3,102,1,19,5,0,0.4,,0,,29.8,0,0,,
4632313,1986,9860,1983,"IL","",,1,9,239,5,59,13,5,0.5385,0,0.4898,10.6,27.6154,,,,
4632566,1986,9860,1985,"IL","",,5,20,366,1,19,5,5,0.6,0.64,0,5.4,16.2,,,,
4632757,1986,9860,1985,"IL","",,1,17,210,1,19,1,14,1,0,0,6.0714,4,,,,
4633196,1986,9860,1985,"IL","",386735,2,5,341,2,22,2,4,1,0.375,0.5,4.75,13.5,0,0,0,0
4633906,1987,9867,1985,"IL","",238840,3,15,137,6,69,7,5,0.7143,0,0,8.4,13.4286,0,0,0,0
4634590,1987,9867,1984,"IL","",636865,3,7,424,3,31,5,11,1,0.314,0.56,7.6364,3.8,0,0,0.3636,0.3636
4634795,1987,9867,1985,"IL","",177565,3,4,562,1,14,5,4,0.8,0.5,0.5,4.25,16.2,0,0,0.25,0.25
4635395,1987,9874,1985,"IL","",23415,3,19,49,5,59,3,3,0.3333,0.6667,0,8.3333,24.3333,0,0,0,0
4635638,1987,9874,1985,"IL","",213590,3,20,606,3,32,1,54,1,0.072,0,9.7222,9,0,0,0,0
4635801,1987,9874,1984,"IL","",,1,8,211,6,65,14,8,0.5,0.75,0.6122,7.625,29.6429,,,,
4635917,1987,9874,1984,"IL","",542125,7,17,271,5,51,6,6,0.8333,0.2778,0,4.6667,21.8333,0,0,0.3333,0.3333
4636106,1987,9874,1985,"IL","",592525,3,20,403,6,67,8,18,0.375,0.858,0.4444,7,36.875,0,0,0,0
4636112,1987,9874,1985,"IL","",531020,3,13,405,6,64,5,6,0.6,0.5,0,3.3333,29.8,0,0,0.4,0.3333
4637274,1987,9881,1985,"IL","",312435,3,6,74,5,59,10,4,1,0.375,0,9,9.7,0,0,0,0
4638250,1987,9881,1984,"IL","",198930,2,28,324,4,43,14,8,0.7857,0.5313,0.6446,7.625,16.7143,0,0,0,0
4638355,1987,9881,1984,"IL","",171425,3,8,378,4,44,2,2,1,0.5,0.5,5.5,7,0,0,0,0
4638453,1987,9881,1983,"IL","",386735,2,11,710,2,22,3,5,1,0.56,0.4444,6.6,6.3333,0,0,0.4,0.4
4639132,1987,9888,1984,"IL","",542180,7,7,356,4,43,2,3,1,0.4444,0,9.6667,8.5,0,0,0,0
4639222,1987,9888,1983,"IL","",542125,7,12,434,6,69,12,4,0.8333,0.625,0.58,8.75,11.9167,0,0,0,0
4639958,1987,9895,1985,"IL","",,1,7,5,6,65,11,6,0.2727,0.6667,0,8.5,34.0909,,,,
4639997,1987,9895,1985,"IL","",568420,2,5,29,5,52,26,3,0.6923,0.4444,0.5309,8.6667,19.1154,0,0,0,0
4640705,1987,9895,1983,"IL","",10730,3,10,504,1,11,0,3,,0,,10,,,,0.3333,0.3333
4640816,1987,9895,1984,"IL","",84480,2,15,419,5,52,14,14,1,0.6735,0.6633,5.3571,9,0.0714,0.0714,0,0
4641182,1987,9895,1984,"IL","",235860,3,26,348,4,49,11,0,1,,0.7934,,9.0909,0,0,,
4641352,1987,9895,1984,"IL","",,1,38,382,2,22,5,15,1,0.3467,0.48,7.8667,5,,,,
4641802,1987,9902,1984,"IL","",542125,7,5,244,5,55,2,2,1,0,0,8.5,5,0,0,0,0
4642120,1987,9902,1984,"IL","",464090,3,8,623,3,39,0,81,,0.7657,,9.642,,,,0,0
4642182,1987,9902,1985,"IL","",,1,14,210,1,19,10,15,0.3,0,0,3.8,35.5,,,,
4642479,1987,9902,1985,"IL","",386735,2,13,307,4,49,5,7,1,0.6122,0.72,4.4286,5.2,0,0,0,0
4642738,1987,9902,1986,"IL","",,1,11,362,4,42,15,8,0.6,0.8125,0.4938,8.125,19,,,,
4643400,1987,9909,1980,"IL","",62085,3,8,256,6,65,14,2,0.2143,0,0.6667,14,64.5714,0,0,0,0
4643693,1987,9909,1985,"IL","",,1,6,446,6,62,13,6,0.6923,0.6111,0.7407,6,20.1538,,,,
4643828,1987,9909,1985,"IL","",194895,3,9,210,1,19,5,8,0.4,0,0,8.5,28.6,0,0,0,0
4644280,1987,9909,1984,"IL","",171425,3,23,324,4,43,2,10,1,0.46,0,5.4,4.5,0,0,0.1111,0.1
4644398,1987,9909,1983,"IL","",171425,3,30,348,4,49,6,5,0.6667,0.48,0.625,9.4,13.1667,0,0,0,0
4644801,1987,9916,1985,"IL","",131770,3,19,73,4,43,6,18,1,0.642,0.7778,8.1111,5.6667,0,0,0,0
4644959,1987,9916,1984,"IL","",,1,7,600,3,32,3,1,1,0,0,6,11,,,,
4645620,1987,9916,1983,"IL","",,1,4,252,1,19,7,6,1,0.7222,0.2449,7.8333,8.7143,,,,
4645747,1987,9916,1983,"IL","",563495,3,14,436,1,19,6,3,1,0.4444,0.4444,7,5.5,0.4,0.3333,0,0
4645895,1987,9916,1985,"IL","",464090,3,37,219,4,49,2,12,0.5,0.6667,0,5.8333,45,0,0,0,0
4647259,1987,9923,1984,"IL","",636865,3,10,405,6,64,7,1,0.8571,0,0.2778,8,16.2857,0,0,0,0
4647454,1987,9923,1983,"IL","",283355,3,13,530,1,15,3,8,1,0.2188,0.4444,6.75,7,0,0,0,0
4647880,1987,9923,1986,"IL","",542125,7,17,333,2,21,5,0,1,,0,,11.6,0,0,,
4648405,1987,9930,1985,"IL","",171425,3,9,600,3,32,3,6,1,0.5,0.4444,4.1667,11,0,0,0,0
4649110,1987,9930,1984,"IL","",531020,3,13,435,3,33,26,1,0.9231,0,0.75,3,13.4615,0,0,0,0
4649218,1987,9930,1981,"IL","",636865,3,4,564,1,14,1,1,1,0,0,11,15,0,0,0,0
4649866,1987,9937,1985,"IL","",443245,3,17,119,6,61,2,1,1,0,0.5,7,5.5,0.5,0.5,0,0
4650446,1987,9937,1985,"IL","",613945,3,22,474,5,53,3,5,0.6667,0.56,0.5,5,17,0,0,0,0
4651026,1987,9937,1984,"IL","",386735,2,17,327,4,41,1,12,1,0.5139,0,7,5,1,1,0.1818,0.1667
4651313,1987,9937,1984,"IL","",,1,6,369,2,24,9,3,0.8889,0.4444,0.7188,7,17,,,,
4651343,1987,9937,1984,"IL","",,1,8,385,2,21,19,7,1,0.2449,0.6593,10.1429,9.4737,,,,
4651357,1987,9944,1985,"IL","",,1,5,2,6,63,5,3,1,0.4444,0.56,10,9.4,,,,
4651648,1987,9944,1986,"IL","",542125,7,10,102,1,19,7,9,0.2857,0.4938,0.5,3.4444,40.5714,0,0,0,0
4651765,1987,9944,1985,"IL","",27570,3,20,137,6,69,7,4,0.4286,0.75,0.4444,4.5,28.7143,0,0,0,0
4651849,1987,9944,1986,"IL","",507840,3,20,180,5,55,10,8,0.7,0.2188,0.6939,5,25.7,0,0,0,0
4651992,1987,9944,1985,"IL","",131770,3,8,273,6,62,3,3,0.3333,0.4444,0,6.3333,49.3333,0,0,0,0
4652348,1987,9944,1986,"IL","",563495,3,10,205,1,19,1,6,1,0.4444,0,5.3333,18,0,0,0,0
4652378,1987,9944,1984,"IL","",531020,3,30,210,1,19,10,0,1,,0.46,,9.4,0.4,0.2,,
4652519,1987,9944,1984,"IL","",636865,3,4,435,3,33,2,20,1,0.59,0.5,8.15,4,0,0,0,0
4652811,1987,9944,1984,"IL","",314965,3,5,324,4,43,9,4,1,0.375,0.642,8.75,11.2222,0,0,0,0
4652865,1987,9944,1986,"IL","",,1,15,340,2,21,1,15,1,0,0,4.5333,11,,,,
4653430,1987,9951,1986,"IL","",,1,10,119,6,61,5,0,0.6,,0,,22,,,,
4653605,1987,9951,1985,"IL","",641270,3,8,307,4,49,8,5,1,0.72,0.7188,8.2,3.625,0,0,0,0
4654143,1987,9951,1985,"IL","",,1,13,210,1,19,19,13,0.6842,0,0,3.5385,18.4211,,,,
4654323,1987,9951,1985,"IL","",53240,3,37,514,3,31,1,0,1,,0,,3,0,0,,
4654391,1987,9951,1985,"IL","",636865,3,12,525,1,15,0,0,,,,,,,,,
4654795,1987,9951,1984,"IL","",171425,3,15,250,4,44,12,7,0.9167,0.6531,0.6612,5.4286,7,0.1,0.0833,0,0
4654877,1987,9951,1984,"IL","",171425,3,52,382,2,22,3,10,1,0.68,0.6667,6.2,5,0,0,0.1111,0.1
4655397,1987,9958,1984,"IL","",390890,3,31,239,5,59,1,7,1,0.449,0,7.8571,7,0,0,0,0
4655855,1987,9958,1985,"IL","",597180,6,7,148,5,52,0,4,,0.75,,3.25,,,,0.5,0.5
4655910,1987,9958,1986,"IL","",36695,3,14,210,1,19,4,15,0.75,0,0,3.0667,16.25,0,0,0,0
4655911,1987,9958,1986,"IL","",36695,3,10,210,1,19,3,12,1,0,0,2.4167,12,0,0,0,0
4656130,1987,9958,1985,"IL","",682835,3,10,435,3,33,10,4,0.9,0.375,0.3457,6.5,9.5,0,0,0,0
4656424,1987,9958,1984,"IL","",,1,14,324,4,43,9,4,1,0,0.3457,5.25,3.6667,,,,
4656425,1987,9958,1984,"IL","",636865,3,2,324,4,43,4,9,1,0.3457,0.375,10,7.5,0,0,0,0
4656678,1987,9965,1985,"IL","",,1,7,4,6,65,11,10,0.5455,0.46,0.6667,5.2,28.2727,,,,
4656946,1987,9965,1984,"IL","",542125,7,5,102,1,19,4,2,0.75,0,0.6667,6.5,15,0,0,0,0
4656947,1987,9965,1985,"IL","",542125,7,5,102,1,19,4,4,0.75,0,0.6667,7.25,15,0,0,0,0
4656996,1987,9965,1985,"IL","",,1,7,126,6,66,10,4,0.7,0.5,0.449,6.5,17.5,,,,
4657101,1987,9965,1985,"IL","",597270,6,16,180,5,55,8,0,1,,0.75,,5.875,0.4286,0.375,,
4657632,1987,9965,1985,"IL","",563830,3,26,216,1,19,3,12,1,0.7222,0.4444,6.5,7.3333,0,0,0.0909,0.0833
4658852,1987,9972,1985,"IL","",,1,21,137,6,69,2,6,1,0,0,8.8333,16.5,,,,
4659015,1987,9972,1985,"IL","",,1,20,239,5,59,6,0,0.6667,,0.375,,24.5,,,,
4659090,1987,9972,1985,"IL","",131770,3,18,273,6,62,3,12,1,0.6111,0,7.9167,17.6667,0,0,0,0
4659474,1987,9972,1983,"IL","",18415,3,8,210,1,19,4,16,1,0.4609,0.375,5.1875,6,0,0,0.1333,0.125
4659665,1987,9972,1984,"IL","",464090,3,8,435,3,33,1,10,1,0.68,0,5.3,17,0,0,0,0
4659704,1987,9972,1985,"IL","",464090,3,5,514,3,31,1,0,1,,0,,5,0,0,,
4660566,1987,9979,1985,"IL","",194205,2,31,600,3,32,6,6,1,0,0,5.6667,11.6667,0,0,0,0
4660765,1987,9979,1985,"IL","",,1,11,239,5,59,5,4,0.4,0,0,6,45.6,,,,
4660769,1987,9979,1983,"IL","",,1,12,239,5,59,6,3,1,0,0,8.3333,10.3333,,,,
4661133,1987,9979,1985,"IL","",563495,3,16,62,6,69,2,2,1,0.5,0.5,6,8.5,0,0,0,0
4661250,1987,9979,1985,"IL","",,1,18,210,1,19,11,3,0.4545,0.4444,0,7.3333,26.6364,,,,
4661649,1987,9979,1985,"IL","",682835,3,10,136,4,45,1,2,1,0.5,0,5,3,0,0,0,0
4661783,1987,9979,1981,"IL","",597270,6,11,331,4,41,14,2,1,0.5,0.2551,7.5,11.7857,0,0,0,0
4662396,1987,9986,1985,"IL","",489295,3,7,137,6,69,2,10,1,0.58,0.5,8,5.5,0,0,0,0
4662598,1987,9986,1984,"IL","",61075,3,5,251,5,53,6,1,0.8333,0,0.48,7,24.8333,0,0,0,0
4663678,1987,9986,1984,"IL","",414325,2,10,360,2,24,11,22,1,0.6116,0.314,6.0909,7.0909,0,0,0,0
4665063,1987,9993,1985,"IL","",462900,3,2,514,3,31,2,6,1,0.5,0,9.8333,6,0,0,0,0
4665622,1987,10000,1985,"IL","",166225,3,9,33,6,69,8,20,0.875,0.69,0.6939,7.65,14.375,0,0,0,0
4665857,1987,10000,1986,"IL","",286615,3,10,114,5,55,5,3,0.8,0.4444,0.375,5.6667,17.8,0,0,0,0
4666163,1987,10000,1986,"IL","",420505,3,20,273,6,62,5,7,0.8,0.6531,0.375,7.5714,16.4,0,0,0,0
4666337,1987,10000,1984,"IL","",,1,19,405,6,64,8,3,0.75,0.4444,0,10.6667,22.5,,,,
4666389,1987,10000,1985,"IL","",569985,2,11,425,5,51,22,7,0.2273,0.6122,0.72,4.7143,54,0,0,0,0
4666748,1987,10000,1985,"IL","",,1,17,428,6,69,9,4,0.7778,0,0.7347,6.25,18,,,,
4667573,1987,10007,1985,"IL","",328815,3,13,92,5,53,11,3,0.7273,0.4444,0.4063,3,21.3636,0,0,0,0
4670326,1987,10014,1985,"IL","",540725,2,19,442,1,11,8,8,0.625,0.375,0.48,5.875,31.75,0,0,0.2857,0.25
4670426,1987,10014,1984,"IL","",636865,3,3,514,3,31,3,6,1,0,0.4444,7.6667,3,0,0,0,0
4670840,1987,10014,1986,"IL","",171415,2,11,378,4,44,8,8,1,0.4063,0.5313,6,5,0,0,0,0
4672950,1987,10028,1982,"IL","",531020,3,25,126,6,66,5,1,1,0,0.56,11,8.2,1,0.4,0,0
4673257,1987,10028,1985,"IL","",48350,2,14,359,5,54,4,5,1,0.32,0,3,6.25,0,0,0,0
4673260,1987,10028,1984,"IL","",636865,3,4,359,5,54,9,2,0.4444,0,0.375,11.5,27.8889,0,0,0,0
4673770,1987,10028,1985,"IL","",,1,16,136,4,45,6,3,1,0,0.6111,4.3333,4.6667,,,,
4673831,1987,10028,1983,"IL","",558125,3,11,327,4,41,6,4,0.6667,0.625,0.375,7.25,16.6667,0,0,0,0
4674477,1987,10035,1981,"IL","",499820,3,3,126,6,66,4,0,1,,0,,8,0,0,,
4674490,1987,10035,1986,"IL","",613745,3,18,128,3,32,5,3,0.6,0.6667,0,3.3333,17.6,0,0,0,0
4674725,1987,10035,1985,"IL","",447960,3,29,248,6,69,4,1,0.5,0,0.5,12,23.75,0,0,0,0
4675326,1987,10035,1985,"IL","",,1,11,514,3,31,1,7,1,0,0,10.5714,22,,,,
4676165,1987,10042,1986,"IL","",542125,7,4,102,1,19,4,1,0.75,0,0,9,18.75,0,0,0,0
4676751,1987,10042,1986,"IL","",,1,17,433,3,39,12,8,0.75,0.375,0.6667,4.75,21.9167,,,,
4677099,1987,10042,1984,"IL","",636865,3,10,514,3,31,1,8,1,0.4063,0,7.25,6,0,0,0,0
4677138,1987,10042,1984,"IL","",636865,3,15,522,1,15,4,2,1,0.5,0.75,7.5,8.25,0,0,0,0
4677294,1987,10042,1980,"IL","",535795,3,12,250,4,44,4,4,1,0,0,10.75,12.25,0.3333,0.25,0,0
4677805,1987,10049,1985,"IL","",,1,12,52,6,69,9,4,0.7778,0.75,0.7755,7.5,20.7778,,,,
4678004,1987,10049,1985,"IL","",,1,14,137,6,69,5,0,0.6,,0,,21.4,,,,
4678317,1987,10049,1985,"IL","",495135,2,12,399,5,54,4,13,1,0.3905,0,6.1538,9.25,0.25,0.25,0,0
4678619,1987,10049,1979,"IL","",311125,3,1,376,4,44,8,3,0.875,0,0,18,18.875,0,0,0,0
4678649,1987,10049,1986,"IL","",396105,3,9,423,1,19,5,2,0.8,0,0.375,4,14.8,0,0,0,0
4678685,1987,10049,1985,"IL","",563495,3,24,427,1,12,9,3,0.5556,0.4444,0.56,8.3333,28.3333,0.2,0.1111,0,0
4678772,1987,10049,1984,"IL","",682835,3,2,514,3,31,0,2,,0.5,,6,,,,0,0
4679615,1987,10056,1985,"IL","",8245,3,10,165,6,66,3,10,0.3333,0.84,0,6.3,53.6667,0,0,0,0
4681130,1987,10063,1986,"IL","",36695,3,2,137,6,69,3,1,0.6667,0,0,8,30,0,0,0,0
4681646,1987,10063,1985,"IL","",613945,3,9,156,1,19,7,4,0.8571,0.625,0.7778,7,15.8571,0,0,0,0
4681681,1987,10063,1984,"IL","",,1,15,210,1,19,24,3,0.5417,0,0.2722,9.3333,23.4167,,,,
4682062,1987,10063,1986,"IL","",,1,18,307,4,49,20,21,1,0.6485,0.74,5.0476,8.6,,,,
4682291,1987,10063,1984,"IL","",171425,3,18,378,4,44,5,9,1,0.5679,0.56,4.3333,4.6,0,0,0.1111,0.1111
4683060,1987,10070,1985,"IL","",,1,24,210,1,19,12,14,0.5833,0,0,3.5,21.0833,,,,
4683135,1987,10070,1986,"IL","",636865,3,15,530,1,15,1,5,1,0.48,0,2,5,0,0,0.2,0.2
4683322,1987,10070,1985,"IL","",350010,3,8,558,1,14,1,0,1,,0,,19,0,0,,
4683356,1987,10070,1986,"IL","",286615,3,13,200,4,41,7,6,0.8571,0,0.6111,5.6667,14.2857,0.6667,0.2857,0,0
4684066,1987,10077,1985,"IL","",,1,16,239,5,59,8,2,0.375,0,0.4444,7,32.625,,,,
4685146,1987,10077,1984,"IL","",171425,3,34,382,2,22,12,16,1,0.2266,0.6528,6.1875,4.0833,0,0,0,0
4685161,1987,10084,1986,"IL","",,1,6,5,6,65,5,1,0.4,0,0,5,42.4,,,,
4685258,1987,10084,1985,"IL","",17200,3,11,52,6,69,2,9,1,0.3704,0,7.3333,10.5,0,0,0,0
4685445,1987,10084,1986,"IL","",,1,20,126,6,66,1,3,1,0.4444,0,6.6667,1,,,,
4685617,1987,10084,1985,"IL","",220650,2,17,237,6,66,1,1,0,0,,5,33,0,0,1,1
4685679,1987,10084,1986,"IL","",,1,4,273,6,62,5,4,0.2,0,0,7.5,69.6,,,,
4685940,1987,10084,1985,"IL","",,1,11,96,1,13,12,21,1,0.8209,0.8333,9.0952,9,,,,
4686772,1987,10091,1986,"IL","",166225,3,14,33,6,69,4,12,1,0.75,0.5,4.9167,10,0,0,0,0
4687143,1987,10091,1986,"IL","",390890,3,12,239,5,59,11,12,1,0,0,6.8333,5.7273,0.1667,0.0909,0,0
4687746,1987,10091,1985,"IL","",464090,3,9,435,3,33,6,4,1,0.625,0.6667,4.5,19.5,0,0,0,0
4688462,1987,10098,1986,"IL","",,1,20,84,6,69,3,2,0.6667,0,0,4.5,22.6667,,,,
4689344,1987,10098,1984,"IL","",177565,3,19,514,3,31,5,4,0.8,0.625,0.5,8,16.2,0,0,0.25,0.25
4689562,1987,10098,1983,"IL","",171425,3,10,324,4,43,15,0,1,,0.2311,,6.4667,0,0,,
4690030,1987,10105,1984,"IL","",286615,3,15,89,5,59,15,9,0.4,0.4444,0.6111,6.4444,27.3333,0.3333,0.1333,0.4,0.2222
4690132,1987,10105,1986,"IL","",,1,18,600,3,32,2,5,0.5,0.32,0,8,37.5,,,,
4690139,1987,10105,1986,"IL","",,1,17,606,3,32,5,6,0.8,0,0.375,7.8333,19.6,,,,
4690224,1987,10105,1985,"IL","",,1,2,172,6,64,7,6,0.5714,0.7222,0.375,7.8333,26.4286,,,,
4690368,1987,10105,1985,"IL","",,1,9,249,6,69,9,2,0.4444,0,0.375,8,29,,,,
4690397,1987,10105,1985,"IL","",,1,8,472,6,62,6,1,0.1667,0,0,2,51.6667,,,,
4690507,1987,10105,1985,"IL","",398990,2,33,248,6,69,14,3,0.9286,0.4444,0.6627,6,15.2143,0,0,0,0
4690761,1987,10105,1986,"IL","",,5,4,210,1,19,0,2,,0,,1,,,,,
4690765,1987,10105,1985,"IL","",18415,3,27,210,1,19,3,15,1,0.4444,0.6667,4.2,7.6667,0,0,0.1429,0.1333
4690766,1987,10105,1985,"IL","",18415,3,26,210,1,19,5,14,1,0.3673,0.72,5,9,0,0,0.0714,0.0714
4691163,1987,10105,1985,"IL","",171425,3,14,324,4,43,3,18,1,0.4012,0,6,5,0,0,0.0556,0.0556
4691366,1987,10105,1984,"IL","",171425,3,16,382,2,22,5,23,1,0.5331,0.32,6.2174,3.8,0,0,0,0
4692050,1987,10112,1985,"IL","",,1,5,403,6,67,19,4,0.4737,0.375,0.8642,6.5,29.5789,,,,
4692247,1987,10112,1986,"IL","",27570,3,3,210,1,19,1,2,1,0.5,0,9,19,0,0,0,0
4692387,1987,10112,1986,"IL","",165265,2,19,428,6,69,8,2,1,0.5,0.8438,2,6.875,0.1429,0.125,0,0
4692864,1987,10112,1985,"IL","",171425,3,29,600,3,32,6,11,1,0.5455,0.4444,6.0909,5.3333,0,0,0,0
4693099,1987,10119,1986,"IL","",,1,6,70,6,65,10,21,0.2,0.3311,0.5,7.0476,54.7,,,,
4693842,1987,10119,1985,"IL","",531020,3,8,516,1,19,27,7,0.9259,0.6939,0.768,5,13.1481,0,0,0.1667,0.1429
4694339,1987,10119,1984,"IL","",171425,3,14,348,4,49,1,1,1,0,0,10,3,0,0,0,0
4694761,1987,10126,1986,"IL","",,1,6,112,6,63,4,0,1,,0,,12,,,,
4694844,1987,10126,1985,"IL","",,1,9,15,6,69,7,12,0.5714,0.2917,0,8.25,21.7143,,,,
4694856,1987,10126,1985,"IL","",,1,3,137,6,69,5,4,0.6,0.375,0.4444,5,31.2,,,,
4696030,1987,10126,1987,"IL","",171425,3,7,379,2,21,13,11,0.9231,0.7769,0.6667,5.9091,9.4615,0,0,0,0
4696347,1987,10133,1986,"IL","",,1,20,169,6,69,8,5,0.5,0.48,0.5,9.4,29.375,,,,
4696625,1987,10133,1986,"IL","",,1,7,417,5,53,3,4,0.6667,0.375,0.5,4.75,12.6667,,,,
4697241,1987,10133,1985,"IL","",515460,2,39,395,2,22,12,82,1,0.2674,0.7361,7.9268,8.6667,0,0,0,0
4697989,1987,10140,1984,"IL","",,1,17,417,5,53,7,5,0.4286,0.32,0.4444,9.2,27.4286,,,,
4698021,1987,10140,1985,"IL","",,1,11,433,3,39,12,9,0.75,0.5679,0.6667,5.2222,21.9167,,,,
4698208,1987,10140,1985,"IL","",636865,3,8,422,1,19,9,2,1,0.5,0.7407,7.5,9.5556,0,0,0,0
4699238,1987,10147,1986,"IL","",,1,10,180,5,55,5,21,0.6,0.2585,0,5.619,32.2,,,,
4699423,1987,10147,1987,"IL","",464090,3,20,297,6,65,6,7,0.3333,0.5714,0,7.2857,38.5,0,0,0,0
4699601,1987,10147,1986,"IL","",420505,3,11,446,6,62,5,2,0.6,0.5,0.6667,8.5,37.4,0,0,0,0
4700191,1987,10147,1986,"IL","",,1,20,342,2,21,4,24,0.5,0.2882,0.5,4.5417,21,,,,
4700543,1987,10154,1985,"IL","",421315,3,10,60,4,45,3,3,0.6667,0,0,10.6667,16.3333,0,0,1,0.3333
4700639,1987,10154,1985,"IL","",,1,4,110,6,66,9,8,0.7778,0.4063,0.7347,9.625,11.4444,,,,
4700703,1987,10154,1986,"IL","",,5,4,227,5,59,4,21,1,0.185,0,8.85,4,,,,
4701128,1987,10154,1985,"IL","",,1,11,433,3,39,7,4,0.1429,0.375,0,8.5,58.4286,,,,
4701444,1987,10154,1984,"IL","",464090,3,4,514,3,31,4,1,1,0,0.625,12,7,0,0,0,0
4701607,1987,10154,1985,"IL","",36080,3,4,250,4,44,2,7,1,0.6939,0.5,5.4286,8.5,0,0,0,0
4702095,1987,10161,1987,"IL","",,1,5,70,6,65,8,6,0.5,0.2778,0.375,6.3333,29.375,,,,
4702171,1987,10161,1986,"IL","",542125,7,6,102,1,19,3,9,1,0,0.6667,4.1111,15.3333,0,0,0,0
4702250,1987,10161,1986,"IL","",213590,3,18,606,3,32,3,22,0.6667,0.5413,0,7.8182,18,0,0,0,0
4702280,1987,10161,1986,"IL","",723017,3,1,137,6,69,6,5,0.6667,0,0.5,8,18.5,0,0,0,0
4702719,1987,10161,1985,"IL","",592525,3,7,446,6,62,10,5,0.3,0.64,0.6667,6,33.9,0,0,0,0
4703259,1987,10161,1985,"IL","",386735,2,17,324,4,43,2,2,0.5,0.5,0,9.5,25.5,0,0,0,0
4703360,1987,10161,1986,"IL","",,1,8,348,4,49,8,4,1,0,0.2188,5,7.75,,,,
4703721,1987,10168,1986,"IL","",443245,3,5,119,6,61,3,1,1,0,0.6667,4,9.6667,0.5,0.3333,0,0
4703926,1987,10168,1986,"IL","",542125,7,16,271,5,51,11,3,0.9091,0.4444,0.48,8.6667,10,0.1429,0.0909,0,0
4704089,1987,10168,1986,"IL","",,1,42,433,3,39,2,3,0.5,0.4444,0,4,52.5,,,,
4704189,1987,10168,1984,"IL","",220650,2,31,159,1,19,10,8,0.7,0.75,0.6122,9.375,23.8,0,0,0.1667,0.125
4704360,1987,10168,1983,"IL","",437130,3,29,435,3,33,10,12,1,0.5833,0.7,8.5,5.5,0.75,0.6,0.1111,0.0833
4704846,1987,10175,1985,"IL","",542110,7,15,53,6,68,6,1,0.8333,0,0.8,3,11.6667,0,0,0,0
4704851,1987,10175,1986,"IL","",563495,3,20,56,6,61,5,0,1,,0.8,,11.6,0,0,,
4704944,1987,10175,1986,"IL","",542125,7,5,89,5,59,2,2,0,0,,6.5,71,0,0,0,0
4704985,1987,10175,1986,"IL","",406855,2,4,118,1,12,10,5,0.5,0.32,0.56,5.4,24.3,0,0,0.4,0.4
4704993,1987,10175,1986,"IL","",220650,2,13,122,6,66,1,1,0,0,,10,52,0,0,0,0
4705177,1987,10175,1985,"IL","",,1,6,211,6,65,14,1,0.0714,0,0,10,66.9286,,,,
4705237,1987,10175,1986,"IL","",542125,7,4,244,5,55,5,6,1,0,0,3.5,12.2,0,0,0,0
4706275,1987,10175,1985,"IL","",10100,3,,379,2,21,5,70,1,0.4069,0.32,9.1143,9,0,0,0,0
4707077,1987,10182,1986,"IL","",260265,2,5,349,1,19,10,13,1,0.6627,0.48,5.2308,11.3,0.7,0.7,0.0833,0.0769
4707258,1987,10182,1986,"IL","",,1,15,210,1,19,55,16,0.6182,0,0.1125,3.3125,21.3636,,,,
4707438,1987,10182,1985,"IL","",565915,3,22,435,3,33,2,12,1,0.5139,0,7,3,0,0,0,0
4707559,1987,10182,1986,"IL","",,1,12,568,1,14,1,0,1,,0,,4,,,,
4707995,1987,10189,1985,"IL","",220650,2,46,62,6,69,8,2,0.625,0,0.72,3.5,22.5,0,0,0.5,0.5
4708035,1987,10189,1986,"IL","",,1,1,81,5,59,3,0,1,,0.4444,,17.3333,,,,
4708051,1987,10189,1986,"IL","",490220,3,17,89,5,59,1,2,0,0,,4.5,30,0,0,0,0
4708052,1987,10189,1986,"IL","",490220,3,19,89,5,59,2,0,0.5,,0,,37.5,0,0,,
4708333,1987,10189,1985,"IL","",542125,7,9,270,5,52,10,7,0.8,0.7755,0.2188,8,17.5,0.1667,0.1,0,0
4708356,1987,10189,1985,"IL","",,1,13,280,5,55,4,7,0,0.4082,,8.7143,81,,,,
4708537,1987,10189,1986,"IL","",285680,3,3,407,5,51,2,1,0.5,0,0,2,24,0,0,0,0
4709100,1987,10189,1986,"IL","",77360,3,11,568,1,14,1,3,1,0.4444,0,7.3333,9,0,0,0.3333,0.3333
4709701,1987,10196,1986,"IL","",364550,2,2,607,3,32,4,20,0.5,0.515,0,8.7,23.75,0,0,0,0
4710284,1987,10196,1985,"IL","",27570,3,17,209,5,51,4,5,1,0.48,0.375,9.6,6.75,0,0,0,0
4710384,1987,10196,1986,"IL","",,1,6,424,3,31,10,21,1,0.2585,0.56,4.2381,13.6,,,,
4710713,1987,10196,1986,"IL","",411355,2,26,324,4,43,6,24,1,0,0,7.5,15.3333,0,0,0.3478,0.3333
4710716,1987,10196,1985,"IL","",171425,3,12,324,4,43,6,20,1,0.59,0.2778,5.55,3.8333,0,0,0,0
4711047,1987,10203,1985,"IL","",542125,7,9,42,5,59,4,1,0.5,0,0,10,42,0,0,0,0
4711399,1987,10203,1986,"IL","",,1,6,239,5,59,5,1,0.6,0,0,10,18.2,,,,
4711423,1987,10203,1986,"IL","",447960,3,20,248,6,69,6,9,0.1667,0.8395,0,5.3333,33.6667,0,0,0,0
4711896,1987,10203,1986,"IL","",177565,3,8,514,3,31,0,6,,0,,9,,,,0,0
4713342,1987,10210,1984,"IL","",682835,3,15,424,3,31,2,10,1,0.32,0.5,8.8,3,0,0,0,0
4713651,1987,10210,1986,"IL","",,1,5,340,2,21,7,3,1,0.6667,0.7755,7.3333,14,,,,
4713725,1987,10210,1986,"IL","",,1,3,361,4,45,4,1,0.5,0,0.5,11,31.5,,,,
4713945,1987,10217,1986,"IL","",171425,3,15,62,6,69,9,1,1,0,0.1975,10,2.6667,0,0,0,0
4714298,1987,10217,1984,"IL","",70060,2,14,303,5,53,14,1,0.7857,0,0,5,17.3571,0.1,0.0714,1,1
4714319,1987,10217,1983,"IL","",,1,13,359,5,54,6,14,0.5,0.568,0.4444,9,31.6667,,,,
4714552,1987,10217,1986,"IL","",36695,3,16,210,1,19,1,8,1,0,0,6.5,8,0,0,0,0
4714613,1987,10217,1982,"IL","",636945,2,6,424,3,31,4,5,1,0.56,0.375,7.6,6,0,0,0,0
4714885,1987,10217,1986,"IL","",171425,3,9,324,4,43,3,7,1,0,0,4.7143,1,0,0,0.1429,0.1429
4714902,1987,10217,1985,"IL","",48355,2,16,359,5,54,12,1,0.9167,0,0,6,14.4167,0,0,0,0
4714997,1987,10217,1986,"IL","",171415,2,7,600,3,32,6,4,1,0.625,0.6667,5.25,5.6667,0,0,0,0
4715282,1987,10224,1986,"IL","",542125,7,6,102,1,19,10,4,1,0,0.42,4,8.8,0,0,0,0
4715304,1987,10224,1986,"IL","",,1,19,114,5,55,7,11,0.8571,0.18,0,6.4,17.8571,,,,
4715543,1987,10224,1986,"IL","",,1,20,239,5,59,4,2,1,0,0.625,6.5,11.25,,,,
4715875,1987,10224,1986,"IL","",286590,3,18,65,5,51,5,6,1,0,0.48,4.6667,9.2,0,0,0,0
4715894,1987,10224,1985,"IL","",563830,3,16,106,1,12,6,15,0.8333,0.7111,0.72,6.9333,17.5,0,0,0,0
4716662,1988,10231,1985,"IL","",,1,7,36,6,63,20,9,0.7,0.5679,0.5408,8.7778,20.8,,,,
4717076,1988,10231,1986,"IL","",444170,3,11,239,5,59,7,1,0.4286,0,0,3,38.1429,0,0,0,0
4717164,1988,10231,1986,"IL","",,1,30,280,5,55,5,3,1,0.4444,0.32,7.3333,5.2,,,,
4717220,1988,10231,1986,"IL","",464090,3,20,359,5,54,1,0,1,,0,,10,0,0,,
4717291,1988,10231,1986,"IL","",70060,2,11,408,5,51,13,4,0.6154,0.5,0.2188,3,19.8462,0,0,0,0
4717815,1988,10231,1985,"IL","",,1,15,235,5,59,5,28,1,0.7806,0.48,7.4286,3.6,,,,
4717877,1988,10231,1986,"IL","",411355,2,25,324,4,43,7,25,0.8571,0,0.2778,7.96,19.2857,0,0,0.28,0.28
4717878,1988,10231,1986,"IL","",411355,2,15,324,4,43,6,21,1,0,0.4444,7.4762,18.1667,0,0,0.4,0.381
4717958,1988,10231,1986,"IL","",166225,3,19,348,4,49,3,10,1,0.18,0.4444,4.9,9,0,0,0,0
4718608,1988,10238,1986,"IL","",263300,3,8,239,5,59,15,4,0.8,0,0.5139,7.25,15.5333,0.25,0.0667,0.3333,0.25
4719759,1988,10245,1986,"IL","",531020,3,31,60,4,45,4,3,1,0,0.625,4,8.75,0.6667,0.5,0,0
4719902,1988,10245,1986,"IL","",,5,2,126,6,66,5,0,0.8,,0,,9.6,,,,
4719915,1988,10245,1986,"IL","",,1,9,606,3,32,0,13,,0.355,,7.7692,,,,,
4720005,1988,10245,1986,"IL","",382540,3,12,198,5,59,4,2,0.5,0.5,0,4.5,43.25,0,0,0,0
4720345,1988,10245,1986,"IL","",18415,3,27,210,1,19,9,5,1,0.56,0.3704,2.4,12.7778,0.125,0.1111,0,0
4720965,1988,10252,1986,"IL","",563495,3,18,56,6,61,2,0,0.5,,0,,36,0,0,,
4721331,1988,10252,1986,"IL","",,1,20,285,6,67,6,15,1,0.5867,0,8.7333,6.1667,,,,
4722401,1988,10259,1986,"IL","",535795,3,12,169,6,69,4,0,1,,0,,14.75,0,0,,
4722605,1988,10259,1986,"IL","",542090,7,13,356,4,43,3,8,0.3333,0.5625,0,5.5,30.3333,0,0,0,0
4723341,1988,10266,1987,"IL","",254115,3,13,452,6,61,3,0,0.3333,,0,,31.3333,0,0,,
4725638,1988,10273,1986,"IL","",77360,3,8,524,1,15,10,3,1,0.6667,0.68,4.3333,12.8,0,0,0.3333,0.3333
4725735,1988,10273,1985,"IL","",23410,3,18,250,4,44,3,4,1,0.75,0,6.25,11.6667,0,0,0,0
4725784,1988,10273,1984,"IL","",464090,3,26,324,4,43,4,37,1,0.6574,0.375,10.3514,5,0,0,0,0
4726120,1988,10280,1987,"IL","",,1,20,33,6,69,3,0,0,,,,38.6667,,,,
4726155,1988,10280,1986,"IL","",,1,19,52,6,69,7,6,0.8571,0.5,0,7.3333,23,,,,
4726375,1988,10280,1987,"IL","",218855,3,19,606,3,32,6,20,0.5,0,0,2.6,29.6667,0,0,0,0
4726745,1988,10280,1986,"IL","",,1,19,417,5,53,8,2,1,0,0.5938,6.5,15.125,,,,
4727023,1988,10280,1985,"IL","",265840,3,13,435,3,33,1,4,1,0.375,0,8.25,5,0,0,0,0
4727593,1988,10280,1985,"IL","",,1,15,359,5,54,7,5,1,0.56,0.449,6,9.5714,,,,
4727611,1988,10287,1986,"IL","",36085,3,7,8,1,11,11,0,1,,0.562,,12.4545,0,0,,
4727876,1988,10287,1985,"IL","",,1,3,606,3,32,5,4,0.8,0.625,0.375,8.25,18,,,,
4727940,1988,10287,1985,"IL","",286615,3,9,171,6,64,19,11,0.3684,0.3967,0.6939,6.9091,33.1579,0.2,0.0526,0.5714,0.3636
4728042,1988,10287,1985,"IL","",390890,3,3,239,5,59,9,8,1,0.6563,0,7.625,10.3333,0.3333,0.1111,0,0
4728267,1988,10287,1987,"IL","",577105,3,15,417,5,53,5,0,0.8,,0,,16.8,0,0,,
4728808,1988,10287,1986,"IL","",,1,8,307,4,49,5,19,1,0.6925,0.32,6.5263,6,,,,
4729171,1988,10294,1987,"IL","",,1,17,33,6,69,9,8,1,0,0.1975,4.375,9,,,,
4729543,1988,10294,1986,"IL","",507820,3,3,251,5,53,11,2,0.5455,0.5,0.5,6,25.5455,0,0,0,0
4729647,1988,10294,1986,"IL","",286615,3,12,359,5,54,4,0,1,,0.625,,7.25,0,0,,
4729949,1988,10294,1983,"IL","",53240,3,47,435,3,33,31,12,0.9032,0.6806,0.8571,9.5833,15.0645,0,0,0.1667,0.1667
4730503,1988,10301,1986,"IL","",479275,3,11,74,5,59,8,6,0.75,0.2778,0,5.8333,28.125,0,0,0,0
4730559,1988,10301,1987,"IL","",542125,7,4,102,1,19,5,1,0.8,0,0,8,9.4,0,0,0,0
4730809,1988,10301,1984,"IL","",286615,3,9,256,6,65,14,3,0.3571,0,0.48,9.3333,46,0.3333,0.0714,0,0
4731178,1988,10301,1986,"IL","",,1,19,210,1,19,8,7,0.625,0.4898,0.48,6.5714,16.375,,,,
4731788,1988,10301,1986,"IL","",171225,3,28,372,4,42,5,5,1,0.32,0,4.2,12.2,0,0,0,0
4732158,1988,10308,1981,"IL","",464090,3,15,600,3,32,4,23,1,0.1626,0,9.7391,10.5,0,0,0,0
4732227,1988,10308,1986,"IL","",563495,3,18,175,6,64,2,1,1,0,0.5,8,21.5,0,0,0,0
4732438,1988,10308,1986,"IL","",166225,3,20,348,4,49,7,3,1,0,0.6122,6,6.4286,0,0,0,0
4732681,1988,10308,1986,"IL","",464090,3,10,210,1,19,1,15,1,0.6933,0,7.8,3,0,0,0,0
4732811,1988,10308,1986,"IL","",636865,3,8,428,6,69,7,14,0.8571,0.7755,0.2778,7.2143,10.8571,0,0,0,0
4733685,1988,10315,1986,"IL","",,1,8,137,6,69,2,1,1,0,0,9,19.5,,,,
4734094,1988,10315,1986,"IL","",,1,5,604,3,32,6,16,0.8333,0.3203,0.8,7.375,12.8333,,,,
4734373,1988,10315,1986,"IL","",,1,11,435,3,33,29,8,0.931,0.375,0.2058,4.875,12.1379,,,,
4734509,1988,10315,1986,"IL","",569780,3,19,548,1,14,1,0,1,,0,,7,0,0,,
4734796,1988,10315,1983,"IL","",,1,8,360,2,24,8,14,1,0.7449,0.7188,9,7.125,,,,
4735363,1988,10322,1986,"IL","",444170,3,5,239,5,59,7,1,0.8571,0,0.5,5,16,0,0,0,0
4735798,1988,10322,1985,"IL","",,1,4,424,3,31,2,8,1,0.5,0.5,8.125,15,,,,
4735997,1988,10322,1985,"IL","",636865,3,6,525,1,15,8,0,1,,0.6563,,13.5,0.1667,0.125,,
4736671,1988,10329,1986,"IL","",,1,14,91,5,53,4,2,0.75,0.5,0.6667,6,16.75,,,,
4738570,1988,10336,1986,"IL","",285680,3,4,407,5,51,2,0,1,,0,,4,1,1,,
4739791,1988,10343,1987,"IL","",,1,15,137,6,69,4,0,0.5,,0.5,,29.5,,,,
4740188,1988,10343,1986,"IL","",,1,9,446,6,62,7,7,0.8571,0.2449,0.2778,8.4286,18.2857,,,,
4740302,1988,10343,1986,"IL","",,1,20,210,1,19,3,11,0,0.314,,5.3636,46.3333,,,,
4740353,1988,10343,1986,"IL","",193095,3,12,420,5,52,0,2,,0.5,,6.5,,,,0,0
4741244,1988,10350,1987,"IL","",685926,7,4,89,5,59,4,5,0.75,0,0,5.4,16,0,0,0.2,0.2
4741774,1988,10350,1986,"IL","",,1,19,523,1,15,6,9,1,0.5926,0.7778,6,10.1667,,,,
4742004,1988,10350,1984,"IL","",66230,2,15,435,3,33,3,19,1,0.5208,0.4444,9.0526,9.3333,0,0,0.75,0.6316
4742340,1988,10350,1986,"IL","",286315,2,16,340,2,21,1,4,1,0.375,0,4.75,6,0,0,0.5,0.25
4742590,1988,10357,1986,"IL","",542125,7,3,14,6,69,7,2,0.7143,0.5,0.32,10,31.2857,0,0,0,0
4742682,1988,10357,1982,"IL","",220650,2,17,60,4,45,2,3,1,0.4444,0,10.3333,11.5,0,0,0.3333,0.3333
4742861,1988,10357,1986,"IL","",,1,11,164,5,52,1,19,1,0.8199,0,7.0526,18,,,,
4744470,1988,10364,1986,"IL","",759399,7,14,209,5,51,7,3,0.4286,0,0,6.3333,28.2857,0,0,0,0
4744901,1988,10364,1986,"IL","",,1,14,210,1,19,1,16,0,0,,2.5,38,,,,
4745483,1988,10364,1983,"IL","",171415,2,1,386,4,49,14,1,1,0,0.6327,4,10.0714,0,0,0,0
4745963,1988,10371,1985,"IL","",220650,2,18,165,6,66,4,3,0.75,0.4444,0.6667,9,25.25,0,0,0,0
4746166,1988,10371,1987,"IL","",641990,3,10,297,6,65,4,4,0.75,0,0.4444,6,29.5,0,0,0,0
4746504,1988,10371,1986,"IL","",66230,2,22,424,3,31,4,16,1,0.4141,0.625,7.3125,5.75,0,0,0,0
4747096,1988,10371,1986,"IL","",161940,3,18,370,2,21,2,9,1,0.716,0,4.4444,3,0,0,0.1111,0.1111
4747515,1988,10378,1986,"IL","",542125,7,4,221,5,51,9,3,0.5556,0.4444,0.56,5,28.5556,0,0,0,0
4747628,1988,10378,1987,"IL","",580260,3,8,292,6,69,3,1,0.3333,0,0,4,35,0,0,0,0
4748021,1988,10378,1984,"IL","",682835,3,16,424,3,31,0,7,,0.5714,,8.5714,,,,0,0
4748286,1988,10378,1987,"IL","",636865,3,6,570,1,14,6,2,1,0,0,3,6.5,0.3333,0.3333,0,0
4748668,1988,10378,1986,"IL","",636865,3,42,380,2,22,0,68,,0.7526,,6.8529,,,,0.0702,0.0588
4749575,1988,10385,1986,"IL","",64560,3,10,424,3,31,34,44,0.9118,0.2097,0.5224,4.8864,12.3529,0,0,0,0
4749948,1988,10385,1985,"IL","",171425,3,14,324,4,43,4,7,1,0.2449,0,5.1429,2.5,0,0,0,0
4750283,1988,10392,1987,"IL","",,1,8,40,6,69,3,3,0.6667,0.4444,0,5,11.6667,,,,
4750474,1988,10392,1986,"IL","",,1,5,600,3,32,13,18,0.7692,0.5988,0.7,7.0556,16.6923,,,,
4751000,1988,10392,1987,"IL","",,1,3,210,1,19,12,10,0.5833,0.18,0,2.2,22.0833,,,,
4751064,1988,10392,1984,"IL","",636865,3,6,424,3,31,3,3,1,0.6667,0.6667,4.3333,6.3333,0,0,0.3333,0.3333
4751812,1988,10399,1986,"IL","",,1,5,56,6,61,10,3,0.7,0.6667,0.6122,9.6667,19,,,,
4752373,1988,10399,1986,"IL","",385825,2,13,204,1,19,14,1,0.7143,0,0.46,11,16.9286,0,0,0,0
4752614,1988,10399,1987,"IL","",53240,3,6,514,3,31,2,4,1,0.75,0.5,1.75,5.5,0,0,1,0.5
4752644,1988,10399,1987,"IL","",350010,3,26,546,1,14,7,2,1,0.5,0,4,9.5714,0,0,0,0
4752916,1988,10399,1986,"IL","",,1,12,367,2,21,6,17,0.8333,0.1172,0,5.625,10.8333,,,,
4753725,1988,10406,1981,"IL","",18415,3,34,210,1,19,8,10,1,0,0.4063,11,12,0.1429,0.125,0.1,0.1
4753731,1988,10406,1987,"IL","",,1,16,210,1,19,16,10,0.4375,0,0,1.5,27.6875,,,,
4754168,1988,10406,1987,"IL","",394010,2,4,327,4,41,6,4,1,0,0.6111,6.25,6.5,0,0,0,0
4754675,1988,10413,1986,"IL","",,1,1,83,5,51,2,1,0.5,0,0,8,41,,,,
4754925,1988,10413,1985,"IL","",,1,4,239,5,59,11,10,0.5455,0.18,0,6.6,24.7273,,,,
4755092,1988,10413,1985,"IL","",213740,3,20,411,5,59,18,3,0.2778,0.6667,0.56,9,41.8889,0,0,0,0
4755440,1988,10413,1987,"IL","",464090,3,14,429,4,45,3,0,1,,0,,4.6667,0.3333,0.3333,,
4755671,1988,10413,1986,"IL","",286315,2,14,250,4,44,5,4,1,0.375,0,5,11.4,0,0,0,0
4755675,1988,10413,1986,"IL","",284955,3,12,250,4,44,8,3,1,0.4444,0.75,6.3333,5.875,0,0,0,0
4755764,1988,10413,1981,"IL","",563495,3,24,359,5,54,7,2,1,0,0.449,10.5,10.1429,0,0,0,0
4755954,1988,10413,1985,"IL","",171425,3,13,345,2,23,11,11,1,0.6116,0.7273,6.2727,3.7273,0,0,0,0
4756255,1988,10420,1987,"IL","",,1,6,102,1,19,3,2,0.6667,0,0,2.5,16.3333,,,,
4756261,1988,10420,1985,"IL","",509030,3,3,112,6,63,5,12,1,0.2917,0.32,6.0833,11.6,0,0,0,0
4757290,1988,10420,1987,"IL","",171425,3,13,333,2,21,1,8,1,0.2188,0,3.625,2,0,0,0.125,0.125
4757730,1988,10427,1986,"IL","",,1,2,81,5,59,5,1,0.4,0,0.5,0,45.2,,,,
4758382,1988,10427,1986,"IL","",569780,3,16,552,1,14,3,7,1,0.6122,0.6667,6.5714,8.3333,0,0,0,0
4758888,1988,10427,1987,"IL","",420430,3,15,348,4,49,5,6,1,0.7222,0.56,6.1667,5.8,0,0,0,0
4759382,1988,10434,1987,"IL","",,1,1,137,6,69,2,6,0.5,0.7778,0,4.1667,37,,,,
4759418,1988,10434,1987,"IL","",,1,11,180,5,55,2,5,1,0,0,3.6,10,,,,
4759920,1988,10434,1986,"IL","",396105,3,11,423,1,19,11,0,0.6364,,0,,27.9091,0,0,,
4760644,1988,10441,1986,"IL","",,1,5,30,6,65,5,2,0.6,0.5,0.4444,5.5,44.6,,,,
4760705,1988,10441,1986,"IL","",421315,3,25,60,4,45,5,2,0.6,0,0,7,29.4,0,0,0,0
4760901,1988,10441,1987,"IL","",,1,15,188,5,53,10,0,0.4,,0.625,,36.9,,,,
4760957,1988,10441,1987,"IL","",,1,8,239,5,59,5,4,1,0.375,0.64,6.5,13,,,,
4760958,1988,10441,1987,"IL","",444165,3,15,239,5,59,6,4,0,0,,5,65.1667,0,0,0,0
4760959,1988,10441,1986,"IL","",390890,3,18,239,5,59,6,1,0.8333,0,0.32,5,10.5,0.2,0.1667,0,0
4761098,1988,10441,1987,"IL","",,1,3,405,6,64,7,1,0.5714,0,0.375,9,36.1429,,,,
4761139,1988,10441,1986,"IL","",,1,19,434,6,69,7,2,0.7143,0.5,0,7.5,31.4286,,,,
4761233,1988,10441,1987,"IL","",366765,3,32,210,1,19,2,10,1,0.86,0.5,6.1,2,0,0,0,0
4761302,1988,10441,1987,"IL","",597195,6,18,427,1,12,7,3,1,0.6667,0.5714,2.3333,3.5714,0,0,0,0
4761427,1988,10441,1985,"IL","",77360,3,10,514,3,31,7,3,0.8571,0.4444,0.6667,5.6667,17.1429,0,0,0.6667,0.6667
4761490,1988,10441,1985,"IL","",53240,3,7,549,1,14,4,5,1,0.72,0.625,6.2,3.5,0,0,1,0.4
4761861,1988,10448,1987,"IL","",,1,2,24,6,63,8,1,0.625,0,0.64,10,43.125,,,,
4762058,1988,10448,1987,"IL","",,5,10,99,6,61,28,5,0.6071,0.32,0.3806,7.2,23.1429,,,,
4762121,1988,10448,1982,"IL","",365860,3,8,601,3,32,9,10,0.7778,0,0.2449,10.1,22.2222,0.25,0.1111,0.1429,0.1
4762615,1988,10448,1987,"IL","",,1,20,210,1,19,4,13,1,0,0,3.8462,3.25,,,,
4762705,1988,10448,1984,"IL","",,5,9,424,3,31,0,5,,0.32,,10.4,,,,,
4763839,1988,10455,1987,"IL","",444170,3,15,239,5,59,8,1,0.5,0,0,4,23.625,0,0,0,0
4764011,1988,10455,1986,"IL","",367325,3,11,356,4,43,4,15,0.75,0.6044,0,7.1333,19.5,0,0,0,0
4764116,1988,10455,1987,"IL","",,1,7,433,3,39,1,3,0,0,,8,59,,,,
4764143,1988,10455,1986,"IL","",,5,7,446,6,62,24,10,0.625,0.58,0.3467,6.8,28.8333,,,,
4764398,1988,10455,1986,"IL","",464090,3,11,427,1,12,7,4,1,0.375,0.6939,5.75,6.7143,0,0,0,0
4764461,1988,10455,1987,"IL","",53240,3,7,435,3,33,2,2,1,0.5,0.5,3,5.5,0,0,1,0.5
4765244,1988,10462,1986,"IL","",535795,3,39,102,1,19,17,6,0.9412,0.7778,0.7813,5.1667,11.7059,0,0,0,0
4765254,1988,10462,1986,"IL","",580260,3,14,109,6,69,17,1,0.2941,0,0.48,6,56.4118,0,0,0,0
4765260,1988,10462,1987,"IL","",,1,6,111,6,61,9,0,0.6667,,0.5,,26.4444,,,,
4765362,1988,10462,1987,"IL","",,1,8,137,6,69,5,2,1,0.5,0.48,7.5,8.8,,,,
4765413,1988,10462,1986,"IL","",535795,3,5,169,6,69,7,7,1,0.7347,0.449,3.7143,7.4286,0,0,0,0
4765576,1988,10462,1987,"IL","",,1,14,248,6,69,9,13,0.7778,0.2722,0.449,7.6154,21.2222,,,,
4765728,1988,10462,1986,"IL","",240030,3,5,351,3,39,5,21,1,0.2585,0,7.9524,8,0,0,0,0
4765740,1988,10462,1986,"IL","",563495,3,30,356,4,43,2,2,1,0,0,2.5,3,0,0,0,0
4765914,1988,10462,1986,"IL","",531020,3,12,210,1,19,10,0,1,,0.46,,10.4,0.4,0.2,,
4767402,1988,10469,1986,"IL","",357270,2,12,604,3,32,6,39,1,0.5602,0.6111,7.2308,6.5,0,0,0.1,0.0769
4767645,1988,10469,1987,"IL","",18415,3,23,427,1,12,3,6,1,0.7778,0,5.1667,9.6667,0,0,0,0
4767714,1988,10469,1985,"IL","",563495,3,14,435,3,33,3,2,1,0.5,0.4444,3.5,12.3333,0,0,0,0
4768403,1988,10476,1987,"IL","",380745,3,3,81,5,59,4,7,0,0.6122,,3.5714,55.5,0,0,0,0
4768880,1988,10476,1986,"IL","",540885,2,31,356,4,43,10,3,1,0.6667,0.54,4.3333,5.3,0.3333,0.3,0,0
4769143,1988,10476,1987,"IL","",421925,3,7,210,1,19,3,18,1,0,0.4444,6.1667,9.3333,0,0,0,0
4769997,1988,10483,1986,"IL","",,1,1,62,6,69,2,2,1,0,0,4,3,,,,
4770165,1988,10483,1986,"IL","",,1,22,601,3,32,6,11,0.5,0.6446,0.4444,8.0909,24.6667,,,,
4770201,1988,10483,1987,"IL","",35110,3,8,137,6,69,7,7,0.8571,0,0.2778,6.8571,15.7143,0,0,0,0
4770256,1988,10483,1987,"IL","",,1,10,175,6,64,19,3,0.7895,0.4444,0.5244,7,20.5263,,,,
4771005,1988,10483,1984,"IL","",178450,3,18,436,1,19,17,5,0.7647,0.64,0.6627,9.2,16.2941,0,0,0,0
4771692,1988,10490,1987,"IL","",542125,7,4,102,1,19,5,2,0.8,0.5,0.375,4.5,11.4,0,0,1,0.5
4771985,1988,10490,1987,"IL","",218855,3,17,251,5,53,3,5,1,0.48,0.4444,7.8,16.6667,0,0,0,0
4772235,1988,10490,1986,"IL","",286610,3,4,439,4,41,7,1,0.1429,0,0,7,37.8571,0,0,0,0
4772469,1988,10490,1977,"IL","",,1,5,424,3,31,0,0,,,,,,,,,
4772540,1988,10490,1985,"IL","",53240,3,18,430,1,19,9,6,0.8889,0.7778,0.5625,7.6667,15.4444,0,0,0.1667,0.1667
4773268,1988,10497,1986,"IL","",,1,4,73,4,43,6,1,1,0,0.7222,9,4,,,,
4773430,1988,10497,1986,"IL","",637045,3,10,600,3,32,7,1,1,0,0.4898,11,9.8571,0,0,0,0
4774173,1988,10497,1984,"IL","",420880,3,14,435,3,33,5,5,0.8,0.32,0,9.2,11.8,0,0,0,0
4774618,1988,10497,1986,"IL","",,1,18,360,2,24,2,8,1,0.75,0.5,7.75,4.5,,,,
4774787,1988,10504,1987,"IL","",,1,23,47,6,61,8,0,0.5,,0,,25.75,,,,
4774788,1988,10504,1986,"IL","",85725,3,5,451,5,51,6,9,1,0.7654,0.5,7.5556,11,0,0,0,0
4774874,1988,10504,1987,"IL","",,1,8,92,5,53,5,2,1,0.5,0.56,7.5,12.6,,,,
4774904,1988,10504,1986,"IL","",,1,10,118,1,12,2,0,1,,0,,3.5,,,,
4775934,1988,10504,1986,"IL","",636865,3,6,709,2,22,4,9,1,0.716,0.375,6,5,0,0,0.125,0.1111
4776013,1988,10504,1987,"IL","",483590,3,19,380,2,22,9,37,0.7778,0.7334,0.2449,6.4595,17.5556,0,0,0,0
4776794,1988,10511,1986,"IL","",,1,2,433,3,39,20,11,0.8,0.314,0.3047,7,11,,,,
4777171,1988,10511,1985,"IL","",53240,3,4,514,3,31,3,0,0.6667,,0,,15.3333,0,0,,
4777439,1988,10511,1987,"IL","",171425,3,6,324,4,43,4,8,0.75,0.4688,0,3.75,10.5,0,0,0.125,0.125
4777476,1988,10511,1987,"IL","",347960,3,15,340,2,21,14,7,1,0.2449,0.551,4.2857,4.6429,0,0,0.1667,0.1429
4777620,1988,10511,1985,"IL","",171425,3,8,382,2,22,14,10,1,0.76,0.7653,6.8,4.9286,0.0714,0.0714,0,0
4777725,1988,10518,1986,"IL","",405705,3,1,30,6,65,2,4,0,0.625,,8.75,28.5,0,0,1,0.5
4778204,1988,10518,1986,"IL","",,1,4,285,6,67,7,6,0.5714,0.6667,0.375,6.5,53.1429,,,,
4778391,1988,10518,1987,"IL","",,1,20,434,6,69,14,19,0.7143,0.5097,0.68,6.3684,21.0714,,,,
4778470,1988,10518,1985,"IL","",,1,4,623,3,39,5,0,0.6,,0.4444,,31.2,,,,
4778596,1988,10518,1986,"IL","",18415,3,35,210,1,19,5,13,1,0.2722,0.32,6.3077,4,0.4,0.4,0.0833,0.0769
4779212,1988,10518,1986,"IL","",,1,4,702,2,22,7,20,1,0.66,0.7755,7.8,6.7143,,,,
4779277,1988,10518,1983,"IL","",597270,6,24,372,4,42,14,2,1,0.5,0.2449,9.5,11.0714,0.1667,0.1429,0,0
4779348,1988,10525,1986,"IL","",,1,12,33,6,69,7,3,0.8571,0.4444,0.6111,5.3333,14,,,,
4779606,1988,10525,1986,"IL","",,1,20,126,6,66,3,0,0,,,,52.3333,,,,
4780151,1988,10525,1985,"IL","",194895,3,1,134,6,69,8,4,0.875,0.375,0.7347,9.25,15.7143,0,0,0.25,0.25
4780212,1988,10525,1987,"IL","",357270,2,20,210,1,19,4,17,1,0.7682,0.625,6.2353,6.25,0.3333,0.25,0.25,0.2353
4780307,1988,10525,1985,"IL","",462900,3,15,423,1,19,11,0,0.6364,,0.7755,,20.2727,0,0,,
4780414,1988,10525,1986,"IL","",66230,2,38,435,3,33,1,7,1,0,0,5,3,0,0,0,0
4780677,1988,10525,1987,"IL","",171425,3,17,324,4,43,9,4,1,0.375,0,5,1.4444,0,0,0,0
4780882,1988,10525,1988,"IL","",564675,3,17,372,4,42,5,2,1,0,0.32,7,11.2,0,0,0,0
4780885,1988,10525,1985,"IL","",,1,18,375,2,21,4,19,1,0.7479,0.375,7.7368,16.25,,,,
4781101,1988,10532,1987,"IL","",,1,7,89,5,59,9,2,0.2222,0.5,0.5,5.5,50.2222,,,,
4781128,1988,10532,1987,"IL","",,1,8,110,6,66,6,0,0.8333,,0,,10.6667,,,,
4781148,1988,10532,1986,"IL","",224430,3,4,119,6,61,12,0,0.4167,,0.32,,34.5,0,0,,
4781217,1988,10532,1987,"IL","",,1,16,137,6,69,13,12,0.4615,0.4861,0.2778,5.75,27.3846,,,,
4782812,1988,10539,1987,"IL","",,1,13,126,6,66,6,2,0.8333,0.5,0.64,6,12.1667,,,,
4783005,1988,10539,1987,"IL","",,1,6,239,5,59,5,2,0.6,0,0,5,28.4,,,,
4783053,1988,10539,1987,"IL","",,1,15,254,5,59,7,11,0.8571,0.7438,0.2778,5.3636,12,,,,
4783336,1988,10539,1985,"IL","",636865,3,13,424,3,31,8,21,1,0.7302,0.7813,9.2857,8.375,0.1429,0.125,0,0
4784071,1988,10546,1987,"IL","",,1,11,112,6,63,3,5,1,0.32,0.4444,1.2,2.6667,,,,
4784850,1988,10546,1985,"IL","",390360,3,11,424,3,31,3,4,1,0.625,0.4444,3.75,3,0,0,0,0
4784990,1988,10546,1985,"IL","",66230,2,1,514,3,31,1,17,1,0.4567,0,7.4706,9,0,0,0,0
4784991,1988,10546,1987,"IL","",66230,2,2,514,3,31,4,11,1,0.4298,0.625,6.8182,5.75,0,0,0,0
4785215,1988,10546,1987,"IL","",286615,3,21,310,4,45,10,15,1,0.6933,0.58,5.7333,3.4,0,0,0,0
4785260,1988,10546,1986,"IL","",281360,2,4,331,4,41,1,4,1,0.625,0,5,18,0,0,0.6667,0.5
4785587,1988,10553,1982,"IL","",636865,3,6,451,5,51,6,1,0.1667,0,0,7,52.3333,0,0,0,0
4785845,1988,10553,1987,"IL","",,1,15,137,6,69,7,4,1,0.5,0.8163,5,6.2857,,,,
4785936,1988,10553,1987,"IL","",,1,16,206,6,68,10,1,0.2,0,0.5,8,62.9,,,,
4786208,1988,10553,1986,"IL","",531020,3,19,405,6,64,6,4,0.6667,0,0,5.75,25.8333,0.3333,0.1667,0.3333,0.25
4787290,1988,10560,1987,"IL","",490220,3,17,89,5,59,6,1,0.5,0,0,11,30.1667,0,0,0,0
4787695,1988,10560,1985,"IL","",,1,8,385,2,21,12,3,1,0,0,8.3333,6.5,,,,
4788039,1988,10560,1987,"IL","",178450,3,7,422,1,19,2,3,1,0.4444,0.5,6.6667,7,0,0,0,0
4788063,1988,10560,1985,"IL","",286660,7,5,424,3,31,4,20,1,0.61,0.75,7.65,4,0,0,0,0
4788526,1988,10560,1986,"IL","",,1,10,340,2,21,20,7,0.85,0.5714,0.6782,5.8571,17.6,,,,
4789743,1988,10567,1987,"IL","",521250,3,18,544,1,14,2,2,1,0.5,0,5.5,15.5,0,0,0,0
4789830,1988,10567,1987,"IL","",171425,3,17,324,4,43,2,3,1,0.4444,0,5.6667,1,0,0,0,0
4790062,1988,10574,1987,"IL","",,1,19,29,5,52,4,0,0.75,,0.4444,,9.75,,,,
4790187,1988,10574,1987,"IL","",464090,3,20,73,4,43,6,2,1,0,0,5.5,8.1667,0,0,0,0
4790304,1988,10574,1985,"IL","",,1,22,606,3,32,11,18,0.9091,0,0.6,9.7778,15.1818,,,,
4790497,1988,10574,1987,"IL","",,1,13,244,5,55,3,1,0.6667,0,0,4,27.6667,,,,
4790523,1988,10574,1986,"IL","",213740,3,15,270,5,52,18,2,1,0,0.2963,6,11.2778,0,0,0,0
4790680,1988,10574,1987,"IL","",507840,3,13,402,5,59,8,5,0,0.56,,6.4,58.75,0,0,0,0
4790699,1988,10574,1987,"IL","",23415,3,4,409,5,51,0,7,,0.6939,,5,,,,0,0
4790710,1988,10574,1986,"IL","",186605,3,4,414,5,51,4,3,1,0.4444,0.5,6,10.25,0,0,0,0
4790714,1988,10574,1986,"IL","",,1,9,446,6,62,1,3,1,0.4444,0,7.6667,22,,,,
4790836,1988,10574,1986,"IL","",,1,19,604,3,32,8,13,0.875,0.5917,0.2449,9.1538,18,,,,
4790912,1988,10574,1986,"IL","",563825,3,43,427,1,12,2,27,1,0.8395,0,6.5556,18.5,0,0,0,0
4791884,1988,10581,1987,"IL","",,1,11,119,6,61,6,0,0.3333,,0,,49.1667,,,,
4792083,1988,10581,1987,"IL","",,1,5,229,6,68,7,6,0.8571,0.6111,0.4444,7,17.4286,,,,
4792552,1988,10581,1987,"IL","",1705,3,7,514,3,31,5,3,1,0,0.32,5.6667,5.2,0,0,0,0
4792625,1988,10581,1987,"IL","",682835,3,10,564,1,14,0,2,,0,,2,,,,0,0
4792759,1988,10581,1987,"IL","",171425,3,11,324,4,43,5,7,1,0,0,5.4286,9.8,0,0,0.1667,0.1429
4793010,1988,10588,1987,"IL","",218855,3,20,5,6,65,10,6,0.9,0.6667,0,8,13.6,0,0,0,0
4793109,1988,10588,1986,"IL","",,1,8,52,6,69,8,4,0.75,0,0.7222,4.5,21.875,,,,
4793151,1988,10588,1987,"IL","",,5,12,62,6,69,15,7,0.4,0.6939,0.4444,6.7143,30.8667,,,,
4793165,1988,10588,1987,"IL","",,1,16,70,6,65,6,3,0.1667,0.4444,0,7,53.8333,,,,
4793940,1988,10588,1988,"IL","",59670,3,2,252,1,19,4,2,1,0.5,0.5,1,4.25,0,0,0,0
4794671,1989,10595,1987,"IL","",,1,17,19,1,11,3,0,0.6667,,0,,41.6667,,,,
4794830,1989,10595,1988,"IL","",218855,3,18,81,5,59,3,0,1,,0.4444,,4.3333,0,0,,
4795627,1989,10595,1984,"IL","",599850,2,15,548,1,14,0,2,,0,,9,,,,0,0
4795635,1989,10595,1987,"IL","",,1,1,424,3,31,1,6,1,0.5,0,7.5,2,,,,
4795645,1989,10595,1986,"IL","",737315,3,13,424,3,31,9,1,1,0,0.6667,2,9.7778,0,0,0,0
4795705,1989,10595,1985,"IL","",144845,3,11,800,3,33,0,2,,0,,5,,,,0,0
4795978,1989,10595,1987,"IL","",202025,3,14,324,4,43,2,1,1,0,0,5,3.5,0,0,0,0
4796012,1989,10595,1987,"IL","",335425,3,7,340,2,21,0,2,,0.5,,3,,,,0,0
4796090,1989,10595,1986,"IL","",,1,11,348,4,49,4,17,1,0.6159,0.625,6.3529,17.5,,,,
4796161,1989,10595,1987,"IL","",,1,14,362,4,42,6,1,1,0,0.2778,2,15.5,,,,
4796334,1989,10602,1986,"IL","",,1,1,19,1,11,1,5,1,0.48,0,3.4,4,,,,
4796660,1989,10602,1987,"IL","",351110,3,9,137,6,69,6,16,0.8333,0.5625,0.48,7.3125,14.8333,0,0,0,0
4796810,1989,10602,1987,"IL","",,5,2,239,5,59,7,4,0.5714,0,0,7,31.2857,,,,
4796815,1989,10602,1988,"IL","",,1,20,239,5,59,2,1,0.5,0,0,6,16.5,,,,
4797100,1989,10602,1987,"IL","",,1,10,433,3,39,3,0,0.3333,,0,,56.3333,,,,
4797285,1989,10602,1985,"IL","",682835,3,5,424,3,31,3,15,1,0.24,0.4444,7.7333,4.6667,0,0,0,0
4797615,1989,10602,1987,"IL","",171425,3,16,324,4,43,8,6,1,0.2778,0,8.1667,2.125,0,0,0,0
4797684,1989,10602,1987,"IL","",170405,3,18,343,2,21,5,2,1,0.5,0.32,7,11.2,0,0,0,0
4797894,1989,10602,1987,"IL","",635240,2,19,372,4,42,3,10,1,0.18,0,6.9,2,0.6667,0.6667,0,0
4798211,1989,10609,1986,"IL","",,1,13,600,3,32,1,4,1,0,0,6,5,,,,
4799141,1989,10609,1987,"IL","",636865,3,9,700,2,22,1,12,1,0.5694,0,5.75,2,0,0,0,0
4799276,1989,10616,1987,"IL","",,1,20,5,6,65,10,18,0.9,0.4568,0.1975,6.4444,15.6,,,,
4800060,1989,10616,1982,"IL","",636865,3,10,376,4,44,6,4,1,0.375,0.7222,11.5,14.1667,0,0,0,0
4800132,1989,10616,1987,"IL","",346500,2,18,428,6,69,18,4,0.7222,0.5,0.4615,6.25,20.0556,0,0,0,0
4800901,1989,10623,1987,"IL","",,1,17,128,3,32,5,35,1,0.7167,0.64,7.1714,9,,,,
4801547,1989,10623,1987,"IL","",464090,3,19,435,3,33,7,4,1,0,0.7347,7.75,13.8571,0,0,0,0
4801716,1989,10623,1987,"IL","",350010,3,24,546,1,14,2,2,1,0,0,3,6.5,0,0,0,0
4801811,1989,10623,1980,"IL","",220650,2,47,290,4,45,6,0,0.6667,,0.75,,28.5,0,0,,
4802085,1989,10623,1987,"IL","",394010,2,5,710,2,22,6,29,1,0.5826,0.7778,4.4828,5.3333,0,0,0.0345,0.0345
4802318,1989,10630,1987,"IL","",,1,15,52,6,69,6,6,1,0.2778,0.5,7.1667,9,,,,
4802489,1989,10630,1987,"IL","",292930,3,12,600,3,32,7,3,1,0.4444,0,3,6.5714,0,0,0,0
