4041855,1977,6437,1976,"IL","",164490,3,6,100,5,59,6,3,0.3333,0.6667,0,15.6667,27,0,0,0,0
4042504,1977,6437,1976,"IL","",,1,32,210,1,19,6,24,0.8333,0,0,11,8.1667,,,,
4043360,1977,6444,1975,"IL","",269075,3,6,138,6,67,5,2,0.8,0.5,0.625,15.5,10.4,0,0,0,0
4043903,1977,6444,1975,"IL","",,1,2,47,6,61,9,6,0.7778,0.4444,0.6939,17.8333,20.6667,,,,
4043915,1977,6444,1977,"IL","",,1,2,210,1,19,3,1,1,0,0.4444,20,11.3333,,,,
4043978,1977,6444,1974,"IL","",636865,3,10,528,1,15,2,1,0.5,0,0,5,13.5,0,0,0,0
4045013,1977,6451,1974,"IL","",,1,2,273,6,62,3,1,0.6667,0,0,17,9.6667,,,,
4045345,1977,6451,1976,"IL","",,1,9,210,1,19,4,18,0.75,0,0,10.5556,10.25,,,,
4049200,1977,6472,1976,"IL","",,1,7,239,5,59,6,3,0.5,0.4444,0.4444,12.3333,16.3333,,,,
4050736,1977,6479,1976,"IL","",,1,5,297,6,65,7,1,0.7143,0,0,19,16.4286,,,,
4051598,1977,6486,1975,"IL","",,1,1,433,3,39,7,31,1,0.6493,0.7755,8.0968,2.7143,,,,
4052860,1977,6493,1975,"IL","",176705,3,9,405,6,64,4,6,1,0.2778,0,9,2.5,0,0,0,0
4053109,1977,6493,1976,"IL","",,1,11,239,5,59,5,11,1,0.7107,0,10.9091,5,,,,
4055491,1977,6507,1976,"IL","",,1,10,210,1,19,8,29,0.75,0.6207,0.5,13.2759,10.125,,,,
4056588,1977,6514,1974,"IL","",267755,3,5,264,5,51,4,6,1,0.8333,0.625,11,9.5,0,0,0,0
4056970,1977,6521,1975,"IL","",636865,3,6,73,4,43,4,21,1,0.5488,0.375,17.2381,11,0,0,0,0
4057173,1977,6521,1976,"IL","",,1,11,222,1,19,5,10,0.8,0.34,0.375,11.2,7.8,,,,
4057578,1977,6521,1976,"IL","",474410,3,9,562,1,14,7,0,0.4286,,0.4444,,15.8571,0,0,,
4057579,1977,6521,1974,"IL","",474410,3,19,562,1,14,0,0,,,,,,,,,
4058286,1977,6528,1973,"IL","",,1,5,251,5,53,12,3,0.25,0.4444,0.4444,12.3333,32.5833,,,,
4059107,1977,6535,1976,"IL","",39240,3,7,604,3,32,3,32,0.6667,0.0605,0,15.875,8,0,0,0,0
4059230,1977,6535,1977,"IL","",,1,9,239,5,59,5,1,0.4,0,0,18,26.6,,,,
4060200,1977,6542,1975,"IL","",263300,3,8,239,5,59,5,10,1,0.46,0.56,9.5,4.6,0,0,0.5,0.4
4060483,1977,6542,1976,"IL","",,1,15,210,1,19,5,10,0.8,0,0,10.4,13.2,,,,
4060730,1977,6542,1974,"IL","",171425,3,33,250,4,44,5,18,1,0.4568,0,8.4444,2.4,0,0,0.0588,0.0556
4061236,1977,6549,1976,"IL","",,1,13,414,5,51,1,3,1,0.6667,0,5.3333,6,,,,
4061339,1977,6549,1976,"IL","",420505,3,7,273,6,62,6,5,0.1667,0,0,7.4,38,0,0,0,0
4062940,1977,6556,1977,"IL","",1705,3,11,514,3,31,2,0,1,,0,,2.5,0.5,0.5,,
4063069,1977,6556,1976,"IL","",,1,1,219,4,49,20,7,0.55,0.2449,0.7934,13,14.65,,,,
4064220,1977,6563,1976,"IL","",267755,3,12,423,1,19,6,6,0.6667,0.6111,0.375,8.1667,13,0,0,0,0
4064326,1977,6563,1977,"IL","",636865,3,18,429,4,45,0,19,,0.5873,,3.9474,,,,0.1667,0.1579
4064879,1977,6570,1976,"IL","",369985,2,19,604,3,32,6,9,0.6667,0.3457,0.375,12.2222,25.5,0,0,0,0
4065702,1977,6570,1976,"IL","",,1,10,318,4,45,2,5,1,0.8,0,10.4,2,,,,
4066082,1978,6577,1976,"IL","",464090,3,6,606,3,32,4,10,0.75,0.46,0.6667,15.1,8.75,0,0,0,0
4066387,1978,6577,1976,"IL","",542115,7,15,8,1,11,2,4,0.5,0.625,0,15.5,16,0,0,0,0
4066401,1978,6577,1976,"IL","",,1,7,422,1,19,13,14,0.5385,0.8061,0.7347,11.7857,17.7692,,,,
4066785,1978,6577,1973,"IL","",636865,3,3,514,3,31,2,0,1,,0.5,,10.5,0,0,,
4067812,1978,6584,1976,"IL","",,1,6,210,1,19,8,11,0.75,0.314,0,11.5455,10.625,,,,
4069049,1978,6591,1976,"IL","",636865,3,10,430,1,19,9,3,1,0.4444,0.1975,5.6667,5.3333,0,0,0,0
4069810,1978,6598,1976,"IL","",,1,1,126,6,66,6,3,0.6667,0,0,3.3333,15.3333,,,,
4069811,1978,6598,1976,"IL","",,1,8,126,6,66,4,19,1,0.349,0,7.4737,2,,,,
4070469,1978,6598,1976,"IL","",1705,3,9,514,3,31,0,2,,0.5,,10,,,,0,0
4071116,1978,6605,1975,"IL","",507720,3,10,187,5,55,4,4,0.75,0.375,0.4444,14.5,12,0,0,0,0
4071412,1978,6605,1975,"IL","",542070,3,10,435,3,33,2,8,1,0.2188,0,14.25,7.5,0,0,0,0
4071770,1978,6605,1976,"IL","",171425,3,9,250,4,44,3,7,1,0.449,0.4444,12.5714,2.6667,0,0,0,0
4072806,1978,6612,1976,"IL","",267755,3,13,526,1,15,7,2,0.7143,0,0.32,5.5,9.8571,0,0,0,0
4073195,1978,6619,1976,"IL","",,1,10,74,5,59,5,1,0.4,0,0,11,31.6,,,,
4073875,1978,6619,1976,"IL","",682835,3,8,423,1,19,7,1,0.4286,0,0,16,35.5714,0,0,0,0
4075194,1978,6626,1976,"IL","",636865,3,3,530,1,15,0,10,,0.74,,6.6,,,,0,0
4076024,1978,6633,1976,"IL","",,1,8,126,6,66,2,3,1,0.4444,0.5,4,2.5,,,,
4076303,1978,6633,1976,"IL","",,1,1,297,6,65,7,1,0,0,,3,44.2857,,,,
4076463,1978,6633,1976,"IL","",,1,10,417,5,53,4,16,1,0.6328,0.375,9.6875,7.25,,,,
4077371,1978,6640,1976,"IL","",,1,7,123,5,53,8,2,0.625,0,0.8,4,19.625,,,,
4077425,1978,6640,1973,"IL","",,1,7,137,6,69,7,3,0.5714,0,0,21.6667,12,,,,
4078094,1978,6640,1976,"IL","",,1,13,426,6,61,5,8,0.4,0.5313,0.5,12.125,27,,,,
4078804,1978,6647,1976,"IL","",,1,7,273,6,62,5,3,0.6,0,0,9,30.4,,,,
4079741,1978,6654,1976,"IL","",,1,10,606,3,32,5,30,0,0.1244,,13.9333,42.4,,,,
4081908,1978,6668,1976,"IL","",,1,6,433,3,39,3,5,1,0.32,0,10,3.3333,,,,
4082859,1978,6668,1975,"IL","",,1,12,426,6,61,5,11,0.4,0.1653,0.5,8.3636,30.2,,,,
4083587,1978,6675,1977,"IL","",443245,3,3,285,6,67,11,1,0.4545,0,0,8,24.1818,0,0,0,0
4083985,1978,6675,1976,"IL","",458540,2,15,514,3,31,1,7,1,0.2449,0,15,4,0,0,0.1429,0.1429
4084557,1978,6682,1976,"IL","",,1,12,123,5,53,3,3,0.6667,0,0,8.6667,20.6667,,,,
4084749,1978,6682,1976,"IL","",,1,7,239,5,59,5,10,0.8,0.34,0.75,10.2,6.6,,,,
4085261,1978,6682,1975,"IL","",636865,3,5,525,1,15,9,14,0.8889,0.8061,0.6875,11,7.2222,0,0,0,0
4086331,1978,6689,1976,"IL","",563495,3,15,424,3,31,8,14,0.625,0.8878,0.72,11.7857,21.875,0,0,0,0
4087427,1978,6696,1967,"IL","",,1,11,546,1,14,8,0,0.875,,0.7347,,12.125,,,,
4087490,1978,6696,1976,"IL","",350010,3,6,558,1,14,4,1,1,0,0.375,8,9.25,0,0,0,0
4087534,1978,6696,1977,"IL","",,1,15,514,3,31,3,5,0.3333,0.56,0,6.8,18.6667,,,,
4088749,1978,6703,1976,"IL","",462900,3,3,436,1,19,4,3,1,0,0.375,6,4.75,0,0,0,0
4089184,1978,6710,1976,"IL","",66505,3,18,62,6,69,9,9,0.6667,0.6173,0.5,11.8889,15.5556,0,0,0,0
4089217,1978,6710,1976,"IL","",565030,3,10,73,4,43,4,8,0.5,0.5,0.5,11.375,11.5,0,0,0,0
4089428,1978,6710,1976,"IL","",,1,6,414,5,51,3,0,0,,,,46,,,,
4089451,1978,6710,1976,"IL","",,1,8,226,5,51,5,5,0.4,0.72,0,12.8,28.4,,,,
4089471,1978,6710,1976,"IL","",269075,3,11,239,5,59,5,6,0.8,0,0.375,12.5,7.4,0,0,0,0
4089899,1978,6710,1976,"IL","",193095,3,6,564,1,14,14,8,0.5,0.6875,0.6122,11.375,15.9286,0,0,0,0
4091806,1978,6724,1977,"IL","",,1,4,606,3,32,2,36,1,0.1975,0,13.8611,5.5,,,,
4092138,1978,6724,1976,"IL","",66505,3,19,433,3,39,9,3,0.8889,0.4444,0.5625,15,10.1111,0,0,0,0
4093607,1978,6731,1976,"IL","",636865,3,17,530,1,15,4,29,1,0.585,0.75,9.2414,2.75,0,0,0.0385,0.0345
4094268,1978,6738,1977,"IL","",597195,6,4,117,1,19,10,2,0.9,0,0.6914,9,10.8,0,0,0,0
4094331,1978,6738,1977,"IL","",,1,8,135,6,69,7,10,0.8571,0.58,0,15.5,11.1429,,,,
4095108,1978,6738,1976,"IL","",171425,3,5,250,4,44,3,16,1,0.2266,0,8.5625,3.3333,0,0,0.3125,0.3125
4095750,1978,6745,1975,"IL","",,1,8,239,5,59,7,8,0.5714,0.8125,0.625,10.375,25.1429,,,,
4096644,1978,6752,1976,"IL","",,1,6,434,6,69,6,1,0.6667,0,0,10,13.3333,,,,
4098089,1978,6759,1976,"IL","",563495,3,23,405,6,64,4,4,1,0,0,8.75,9,0,0,0,0
4099701,1978,6766,1976,"IL","",,1,6,251,5,53,5,10,0.6,0.7,0.4444,13.9,13.4,,,,
4099799,1978,6766,1977,"IL","",,1,4,384,5,59,5,25,1,0.2848,0,15.72,4.2,,,,
4100413,1978,6766,1976,"IL","",171425,3,9,250,4,44,1,3,1,0,0,8.6667,5,0,0,0,0
4100520,1978,6766,1975,"IL","",59670,3,23,336,4,41,12,0,0.9167,,0.7934,,8.75,0,0,,
4101301,1978,6773,1976,"IL","",563495,3,10,65,5,51,3,4,0.6667,0.625,0,10.25,10.3333,0,0,0,0
4101380,1978,6773,1976,"IL","",472130,3,31,435,3,33,2,33,1,0.8228,0.5,16.6667,2.5,0,0,0,0
4102956,1978,6780,1976,"IL","",,1,2,264,5,51,9,7,0.4444,0.6939,0.625,13.8571,19.7778,,,,
4103439,1978,6787,1976,"IL","",369985,2,4,36,6,63,5,1,0.2,0,0,19,25.8,0,0,0,0
4103675,1978,6787,1977,"IL","",,1,9,126,6,66,7,5,0.8571,0,0.7222,3,11,,,,
4104290,1978,6787,1976,"IL","",253570,3,19,554,1,14,5,5,0.4,0.32,0,16,20.6,0,0,0,0
4104397,1978,6787,1976,"IL","",458540,2,8,514,3,31,1,6,1,0.2778,0,14,6,0,0,0,0
4104535,1978,6787,1976,"IL","",421315,3,14,290,4,45,3,3,1,0.4444,0,7.3333,4.6667,0.5,0.3333,0.5,0.3333
4105162,1978,6794,1977,"IL","",,1,6,239,5,59,5,6,0.8,0.2778,0.625,6.5,7.6,,,,
4107545,1978,6801,1977,"IL","",391375,3,4,307,4,49,1,3,1,0.4444,0,10.6667,1,0,0,0,0
4107934,1978,6808,1976,"IL","",66505,3,15,62,6,69,11,8,0.9091,0.4688,0.34,12.25,11.2727,0,0,0,0
4109408,1978,6815,1977,"IL","",23415,3,25,43,6,61,7,7,0.5714,0.449,0,6.7143,20.2857,0,0,0.5,0.4286
4109465,1978,6815,1977,"IL","",,1,6,60,4,45,3,1,0.3333,0,0,3,43,,,,
4110379,1978,6815,1977,"IL","",350010,3,15,564,1,14,3,2,1,0.5,0.6667,0.5,5,0,0,0,0
4111607,1978,6822,1976,"IL","",27575,3,8,417,5,53,5,2,0,0,,8,26.8,0,0,0,0
4112082,1978,6822,1975,"IL","",542160,7,9,514,3,31,2,1,1,0,0,7,13,0,0,0,0
4113921,1978,6829,1977,"IL","",,1,11,429,4,45,3,2,1,0,0,14.5,6.3333,,,,
4114453,1978,6836,1977,"IL","",59670,3,10,73,4,43,2,4,0,0.625,,10.5,22.5,0,0,0,0
4114659,1978,6836,1977,"IL","",,5,5,141,5,51,2,2,0,0.5,,11,22,,,,
4114963,1978,6836,1977,"IL","",552425,3,2,229,6,68,2,7,0.5,0.7347,0,13.5714,20,0,0,0,0
4115949,1978,6843,1977,"IL","",636865,3,16,47,6,61,3,14,0.6667,0.8367,0,10.7143,13.6667,0,0,0.0769,0.0714
4116216,1978,6843,1976,"IL","",,1,4,137,6,69,3,17,0.3333,0.692,0,8.8235,15.6667,,,,
4117442,1978,6843,1977,"IL","",,1,10,337,4,41,1,0,0,,,,27,,,,
4118152,1978,6850,1977,"IL","",,1,4,417,5,53,3,12,0,0.625,,14.9167,62.3333,,,,
4118575,1978,6850,1975,"IL","",102810,3,3,560,1,14,2,0,1,,0.5,,5.5,0,0,,
4120213,1978,6864,1975,"IL","",,1,66,475,5,53,9,4,0.8889,0,0.5625,15,12.4444,,,,
4120548,1978,6864,1976,"IL","",,1,8,312,6,65,9,3,0.6667,0,0.4444,12.6667,29.7778,,,,
4120649,1978,6864,1976,"IL","",,1,25,8,1,11,3,34,0.6667,0.7924,0,13.7647,6.6667,,,,
4121769,1978,6871,1976,"IL","",,1,12,239,5,59,6,10,0.5,0,0,11.3,35.8333,,,,
4122260,1978,6871,1977,"IL","",636865,3,13,540,1,14,7,1,1,0,0,1,7.1429,0,0,1,1
4122348,1978,6871,1977,"IL","",171425,3,30,250,4,44,3,4,1,0.375,0,13,4.3333,0,0,0,0
4122832,1978,6878,1977,"IL","",,1,9,126,6,66,5,5,1,0,0,3.4,1.8,,,,
4123143,1978,6878,1976,"IL","",329640,3,5,33,6,69,4,16,1,0.7109,0.375,12,6.75,1,0.25,0,0
4124761,1978,6885,1977,"IL","",636865,3,7,540,1,14,1,2,1,0,0,2,2,0,0,0.5,0.5
4126200,1978,6899,1977,"IL","",499820,3,27,180,5,55,5,16,0.8,0.8359,0,9.5,8,0,0,0,0
4126998,1978,6906,1977,"IL","",,1,11,405,6,64,16,7,0.8125,0.6939,0.7219,13.5714,18,,,,
4127062,1978,6906,1977,"IL","",,1,6,100,5,59,5,4,0.4,0.375,0,10,22,,,,
4127253,1978,6906,1977,"IL","",,1,6,248,6,69,5,1,0.4,0,0,5,49.6,,,,
4128906,1978,6920,1977,"IL","",,1,16,4,6,65,6,3,0.8333,0.4444,0,5.6667,13,,,,
4129290,1978,6920,1977,"IL","",447950,3,14,267,5,59,4,2,0.5,0.5,0.5,8,33.75,0,0,0,0
4130495,1978,6927,1976,"IL","",59670,3,12,508,5,59,3,4,0,0.375,,9.5,39.6667,0,0,0,0
4130640,1978,6927,1977,"IL","",,1,7,510,1,19,4,7,0.5,0.4898,0.5,11.1429,14.25,,,,
4131233,1978,6934,1977,"IL","",,1,10,239,5,59,7,10,0.8571,0.56,0.2778,10.1,5.8571,,,,
4131800,1978,6934,1977,"IL","",171425,3,17,250,4,44,2,11,1,0.7603,0,12.2727,2.5,0,0,0,0
4132619,1979,6941,1977,"IL","",542140,7,17,204,1,19,7,29,0.8571,0.7372,0.6667,10.4483,7.5714,0,0,0,0
4132837,1979,6941,1978,"IL","",600155,2,35,429,4,45,1,5,1,0.32,0,10,3,0,0,0,0
4136284,1979,6962,1977,"IL","",171425,3,11,378,4,44,1,0,1,,0,,4,0,0,,
4136647,1979,6969,1977,"IL","",,1,3,123,5,53,7,4,0,0,,13,44.4286,,,,
4136775,1979,6969,1977,"IL","",514275,3,9,206,6,68,5,13,0.8,0.7456,0,9.7692,9.4,0,0,0,0
4137320,1979,6969,1976,"IL","",442975,3,22,514,3,31,0,1,,0,,14,,,,0,0
4138973,1979,6983,1977,"IL","",,1,4,123,5,53,11,13,0.0909,0,0,14.3846,43.8182,,,,
4139228,1979,6983,1977,"IL","",286615,3,10,294,5,59,3,15,1,0.8622,0,8.8,9,0,0,0,0
4139388,1979,6983,1975,"IL","",636865,3,7,430,1,19,7,1,1,0,0.2449,16,7.1429,0,0,0,0
4139502,1979,6983,1977,"IL","",636865,3,11,423,1,19,1,4,1,0.625,0,5.5,3,0,0,0,0
4139703,1979,6983,1977,"IL","",636865,3,7,540,1,14,1,0,1,,0,,3,0,0,,
4139864,1979,6983,1976,"IL","",,1,8,348,4,49,2,11,1,0.8264,0.5,14.0909,4.5,,,,
4140747,1979,6990,1977,"IL","",286620,3,11,423,1,19,10,3,0.6,0.6667,0.5,7.3333,19.7,0,0,0,0
4141074,1979,6990,1977,"IL","",,1,3,708,2,22,5,3,1,0.6667,0.72,16.6667,3.6,,,,
4141194,1979,6997,1977,"IL","",,1,5,53,6,68,4,5,0.75,0,0,5.2,16.5,,,,
4142389,1979,7004,1977,"IL","",,1,6,70,6,65,3,7,0,0,,13.2857,63.6667,,,,
4142650,1979,7004,1977,"IL","",,1,5,222,1,19,7,6,0.8571,0.6111,0.2778,13.1667,11.4286,,,,
4143271,1979,7004,1976,"IL","",171425,3,4,250,4,44,2,2,1,0,0,9,10,0,0,0,0
4143711,1979,7011,1978,"IL","",66505,3,3,165,6,66,5,5,1,0.32,0.32,6.2,11,0,0,0,0
4143735,1979,7011,1978,"IL","",,5,15,180,5,55,3,6,1,0.2778,0.6667,7.5,7.3333,,,,
4144877,1979,7018,1976,"IL","",636865,3,14,600,3,32,10,17,0.9,0.3806,0.6667,13.0588,7.9,0,0,0.0714,0.0588
4145208,1979,7018,1977,"IL","",193095,3,13,71,1,11,2,1,0,0,,21,42,0,0,0,0
4145885,1979,7025,1977,"IL","",,1,7,60,4,45,4,7,0,0.2449,,10,77.75,,,,
4145992,1979,7025,1977,"IL","",224685,3,10,119,6,61,3,1,0.3333,0,0,6,30.3333,0,0,0,0
4146245,1979,7025,1977,"IL","",,1,6,280,5,55,4,0,0.25,,0,,63.5,,,,
4146628,1979,7025,1977,"IL","",,1,5,514,3,31,0,1,,0,,13,,,,,
4146784,1979,7025,1976,"IL","",636865,3,16,250,4,44,3,13,1,0.6627,0.6667,4.6154,3.3333,0,0,0,0
4148193,1979,7039,1977,"IL","",,1,5,405,6,64,8,0,0.875,,0.6939,,15.25,,,,
4148998,1979,7039,1977,"IL","",636865,3,17,540,1,14,10,0,1,,0,,7.4,0,0,,
4149073,1979,7039,1977,"IL","",464090,3,14,250,4,44,1,1,1,0,0,10,5,0,0,0,0
4149079,1979,7039,1976,"IL","",171425,3,34,378,4,44,6,6,1,0.5,0.2778,9.5,2.8333,0,0,0.1667,0.1667
4149381,1979,7046,1977,"IL","",,1,14,60,4,45,2,4,0,0.75,,9,17.5,,,,
4150224,1979,7046,1977,"IL","",636865,3,6,540,1,14,2,2,1,0,0,9,3.5,0,0,0,0
4150487,1979,7053,1978,"IL","",,1,9,33,6,69,3,1,0.3333,0,0,17,27.3333,,,,
4151577,1979,7053,1976,"IL","",23415,3,7,361,4,45,7,4,0.8571,0.375,0.4444,6.5,10.7143,0,0,0,0
4151833,1979,7060,1977,"IL","",,1,13,600,3,32,8,4,1,0.375,0.7813,7.5,3.5,,,,
4151910,1979,7060,1978,"IL","",,1,11,206,6,68,5,9,0.2,0.716,0,13.7778,43.4,,,,
4152224,1979,7060,1977,"IL","",542140,7,15,205,1,19,1,3,1,0.4444,0,13,5,0,0,0,0
4152898,1979,7067,1977,"IL","",57215,2,22,60,4,45,1,8,1,0.5625,0,10.875,3,0,0,0,0
4154020,1979,7074,1978,"IL","",,1,10,47,6,61,3,1,1,0,0,10,6.3333,,,,
4154070,1979,7074,1977,"IL","",,1,6,70,6,65,4,10,0.75,0.48,0.4444,13.1,21.25,,,,
4154549,1979,7074,1978,"IL","",563495,3,11,405,6,64,2,4,1,0,0,8.5,11.5,0,0,0,0
4154674,1979,7074,1977,"IL","",636865,3,12,210,1,19,2,4,1,0.625,0.5,10.75,2.5,0,0,0,0
4154966,1979,7074,1977,"IL","",138370,3,13,568,1,14,3,4,1,0.625,0.6667,11.75,3.6667,0,0,0,0
4155588,1979,7081,1976,"IL","",,1,6,297,6,65,6,10,1,0.72,0.5,13.6,7,,,,
4156515,1979,7088,1977,"IL","",,1,8,248,6,69,3,13,0.6667,0.5917,0.5,8.9231,30,,,,
4156651,1979,7088,1978,"IL","",263300,3,11,210,1,19,4,30,0.5,0.0644,0,11,19.5,0,0,0,0
4157711,1979,7102,1978,"IL","",464090,3,3,600,3,32,3,4,1,0,0.4444,7.25,6.6667,0,0,0,0
4158337,1979,7109,1977,"IL","",,1,5,109,6,69,5,3,0.4,0,0,15.3333,31.2,,,,
4158961,1979,7116,1977,"IL","",,1,15,73,4,43,9,9,1,0.3704,0.3457,13.6667,7.3333,,,,
4160078,1979,7123,1976,"IL","",563495,3,15,526,1,15,6,0,0.6667,,0.75,,16,0,0,,
4160454,1979,7130,1977,"IL","",600055,2,10,604,3,32,7,18,1,0.1975,0.449,9.2222,7.4286,0,0,0,0
4161035,1979,7130,1977,"IL","",286630,3,2,345,2,23,7,0,1,,0.7755,,3.2857,0,0,,
4161718,1979,7137,1977,"IL","",386745,3,13,714,2,22,6,4,1,0.625,0.2778,13.25,5.6667,0,0,0,0
4161881,1979,7144,1977,"IL","",,1,8,374,4,43,8,4,0.5,0.75,0.375,10.5,19.75,,,,
4163276,1979,7151,1977,"IL","",,1,5,362,4,42,9,5,0.5556,0,0.32,7.6,18.8889,,,,
4163560,1979,7158,1977,"IL","",,1,3,273,6,62,5,4,0.4,0.5,0,8,26,,,,
4163666,1979,7158,1978,"IL","",,1,10,423,1,19,4,16,1,0.8516,0.625,6.3125,3.5,,,,
4166103,1979,7179,1977,"IL","",27350,3,34,436,1,19,4,2,1,0,0.625,4.5,1.75,0,0,0,0
4166104,1979,7179,1977,"IL","",27350,3,34,436,1,19,4,15,1,0.56,0.625,8,1.75,0,0,0,0
4166404,1979,7186,1978,"IL","",,1,9,83,5,51,5,6,0.6,0.5,0.4444,11.6667,16.6,,,,
4166411,1979,7186,1977,"IL","",,1,6,91,5,53,8,1,0.125,0,0,13,43.75,,,,
4166439,1979,7186,1977,"IL","",,1,1,123,5,53,10,0,0.9,,0.4938,,7.9,,,,
4168591,1979,7207,1977,"IL","",,1,3,43,6,61,5,3,0.4,0,0,17.6667,21.4,,,,
4168616,1979,7207,1977,"IL","",,1,10,70,6,65,11,4,0.1818,0.375,0,11,43.4545,,,,
4169596,1979,7214,1977,"IL","",,1,6,273,6,62,6,4,0,0,,14.5,72.6667,,,,
4169677,1979,7214,1977,"IL","",427965,3,10,356,4,43,7,2,0.4286,0.5,0.4444,12.5,22.2857,0,0,0,0
4169886,1979,7214,1978,"IL","",,1,4,424,3,31,0,10,,0.32,,5.1,,,,,
4170810,1979,7228,1978,"IL","",,1,9,24,6,63,7,10,0.5714,0.84,0.75,9.7,17.8571,,,,
4171547,1979,7235,1977,"IL","",,1,17,4,6,65,10,4,0.6,0,0,9.5,24.5,,,,
4171707,1979,7235,1977,"IL","",59670,3,9,137,6,69,9,5,0.7778,0.56,0.6939,16,10.3333,0,0,0,0
4172249,1979,7235,1977,"IL","",612150,2,23,338,4,41,5,9,0.8,0.6173,0.5,6.1111,8.6,0,0,0,0
4172942,1979,7242,1978,"IL","",636865,3,7,540,1,14,4,1,1,0,0.375,2,2.25,0.75,0.75,0,0
4173309,1979,7249,1977,"IL","",,1,21,239,5,59,3,12,1,0.5694,0,9.9167,4.6667,,,,
4173582,1979,7249,1976,"IL","",193095,3,5,564,1,14,0,7,,0.7347,,10,,,,0,0
4173892,1979,7256,1978,"IL","",,1,15,73,4,43,2,4,0.5,0.625,0,8.75,11,,,,
4174446,1979,7256,1977,"IL","",1705,3,9,544,1,14,1,0,1,,0,,4,0,0,,
4175882,1979,7270,1976,"IL","",,1,8,405,6,64,5,13,1,0.6982,0.32,13.4615,3.6,,,,
4176683,1979,7277,1977,"IL","",319160,3,18,137,6,69,6,9,0.8333,0.7901,0.64,12.7778,10,0,0,0,0
4176772,1979,7277,1977,"IL","",636865,3,7,224,6,68,5,19,0,0.5651,,10.8947,68.4,0,0,0,0
4176953,1979,7277,1978,"IL","",504695,3,16,356,4,43,0,7,,0.449,,6.1429,,,,0,0
4179517,1979,7291,1976,"IL","",682835,3,15,514,3,31,1,8,1,0.2188,0,14.875,2,0,0,0.5,0.5
4179547,1979,7291,1978,"IL","",636865,3,6,524,1,15,3,4,1,0.625,0,8.75,9.6667,0,0,0,0
4180660,1979,7298,1978,"IL","",636865,3,12,540,1,14,1,1,1,0,0,12,13,0,0,0,0
4181051,1980,7305,1977,"IL","",,1,12,83,5,51,2,8,0.5,0.75,0,9.125,15,,,,
4182013,1980,7312,1978,"IL","",563495,3,8,29,5,52,2,8,0,0.625,,7,36.5,0,0,0,0
4182582,1980,7312,1977,"IL","",44195,3,11,405,6,64,44,32,0.6591,0.8086,0.6468,10.4063,21.0227,0,0,0,0
4183738,1980,7319,1977,"IL","",280725,2,5,71,1,11,7,4,1,0.625,0.2449,6.25,6.2857,0,0,0,0
4183938,1980,7319,1977,"IL","",458540,2,5,514,3,31,0,1,,0,,14,,,,0,0
4184676,1980,7326,1977,"IL","",,1,9,273,6,62,3,3,0.6667,0,0.5,12.6667,9.6667,,,,
4184776,1980,7326,1978,"IL","",,1,9,366,1,19,7,2,0.4286,0,0.6667,13.5,17,,,,
4184899,1980,7326,1978,"IL","",286615,3,9,148,5,52,3,4,1,0.5,0,16.5,4.3333,0,0,0,0
4185062,1980,7326,1978,"IL","",520090,3,5,264,5,51,7,4,1,0.375,0.7347,15.25,7.2857,0,0,0,0
4185820,1980,7333,1977,"IL","",,1,13,273,6,62,4,0,0.75,,0.4444,,10.5,,,,
4186520,1980,7340,1978,"IL","",542110,7,12,47,6,61,4,2,0.75,0,0.6667,8,11,0,0,0,0
4187873,1980,7347,1973,"IL","",,1,1,137,6,69,7,2,0.5714,0,0,23,15.2857,,,,
4188911,1980,7354,1978,"IL","",,1,10,119,6,61,4,4,0.5,0,0,11.25,17.25,,,,
4189991,1980,7361,1978,"IL","",414855,3,9,99,6,61,3,4,0.6667,0.375,0,8.75,13.3333,0,0,0,0
4191439,1980,7368,1978,"IL","",476425,3,14,312,6,65,5,9,1,0.4938,0.32,11.6667,5.8,0,0,0,0
4191901,1980,7368,1977,"IL","",59670,3,11,310,4,45,13,7,0.7692,0.6939,0.18,5,23,0,0,0,0
4192563,1980,7375,1978,"IL","",,1,9,312,6,65,9,3,0.3333,0,0.6667,12.3333,31.8889,,,,
4195087,1980,7389,1977,"IL","",1705,3,26,514,3,31,6,3,1,0.4444,0.7222,7,7.5,0,0,0,0
4195595,1980,7396,1978,"IL","",,1,11,119,6,61,20,6,0.6,0.2778,0.2917,13.1667,15.4,,,,
4195784,1980,7396,1977,"IL","",,1,28,239,5,59,6,15,1,0.3378,0.2778,8.5333,5.3333,,,,
4197240,1980,7403,1977,"IL","",636865,3,10,540,1,14,5,3,1,0.4444,0,3.3333,6.2,0,0,0,0
4197446,1980,7403,1977,"IL","",173740,3,8,392,4,41,4,1,0,0,,10,53.75,0,0,0,0
4197450,1980,7403,1978,"IL","",504695,3,8,377,4,49,3,0,1,,0.6667,,11.6667,0,0,,
4199679,1980,7417,1976,"IL","",,1,26,250,4,44,11,1,1,0,0.314,7,5.5455,,,,
4199682,1980,7417,1978,"IL","",535795,3,5,250,4,44,4,6,1,0.4444,0.5,10.3333,6.5,0,0,0.1667,0.1667
4199722,1980,7417,1976,"IL","",,1,12,375,2,21,15,3,0.7333,0.6667,0.6446,6.3333,10.9333,,,,
4199867,1980,7424,1979,"IL","",,1,8,33,6,69,4,1,1,0,0,7,10.25,,,,
4199895,1980,7424,1978,"IL","",636865,3,11,47,6,61,6,14,0.5,0.8673,0,12.2857,15,0.5,0.1667,0,0
4200656,1980,7424,1978,"IL","",138370,3,3,426,6,61,15,8,0.4,0.75,0.5,9.875,22.6,0,0,0,0
4200747,1980,7424,1978,"IL","",636865,3,8,540,1,14,2,1,1,0,0,8,3,0.5,0.5,0,0
4201526,1980,7431,1977,"IL","",,1,2,418,5,53,10,0,0.2,,0,,54.8,,,,
4202133,1980,7438,1978,"IL","",,1,3,446,6,62,2,1,1,0,0,17,10,,,,
4202396,1980,7438,1978,"IL","",,1,26,160,6,69,19,52,0.1579,0.7345,0.6667,11.5192,33.4211,,,,
4202892,1980,7438,1978,"IL","",569780,3,44,514,3,31,2,2,1,0.5,0.5,10.5,5,0,0,0,0
4204531,1980,7452,1978,"IL","",,1,11,606,3,32,2,24,1,0.0799,0,14,4.5,,,,
4205058,1980,7452,1977,"IL","",27350,3,44,436,1,19,1,23,1,0.6578,0,9.5217,2,0,0,0.0455,0.0435
4205674,1980,7459,1977,"IL","",,1,1,602,3,32,4,5,0.75,0.48,0,12.2,16,,,,
4205952,1980,7459,1977,"IL","",563495,3,35,436,1,19,4,49,1,0.6397,0.75,11.0612,3.75,0,0,0.0455,0.0408
4206235,1980,7459,1977,"IL","",636865,3,16,514,3,31,7,1,0.8571,0,0.6667,8,11.5714,0.5,0.1429,0,0
4206603,1980,7466,1978,"IL","",,1,9,60,4,45,5,10,0.2,0.68,0,13.8,19.8,,,,
4206769,1980,7466,1978,"IL","",,1,17,600,3,32,1,2,1,0.5,0,6,3,,,,
4207034,1980,7466,1978,"IL","",,1,6,417,5,53,3,4,0.6667,0.375,0,8.5,19,,,,
4207181,1980,7466,1978,"IL","",,1,12,210,1,19,3,12,0.6667,0,0,9.9167,11.6667,,,,
4207417,1980,7466,1977,"IL","",636865,3,10,536,1,14,8,2,1,0.5,0.4688,3,11.375,0,0,0.5,0.5
4208592,1980,7473,1978,"IL","",,1,3,290,4,45,2,11,0,0.7107,,11.7273,22.5,,,,
4209032,1980,7480,1978,"IL","",,1,13,137,6,69,3,3,0.3333,0,0,11.6667,19.6667,,,,
4209131,1980,7480,1978,"IL","",386735,2,30,239,5,59,4,43,1,0.7658,0.625,10.7907,5.75,0,0,0.0417,0.0233
4209133,1980,7480,1977,"IL","",,1,6,239,5,59,6,22,0.8333,0.5083,0.72,10.7727,10.3333,,,,
4210287,1980,7487,1978,"IL","",263300,3,14,239,5,59,6,14,1,0.3571,0.2778,9.6429,4.3333,0.5,0.1667,0.2857,0.1429
4210592,1980,7487,1977,"IL","",350010,3,14,549,1,14,1,0,1,,0,,10,0,0,,
4210859,1980,7487,1978,"IL","",563495,3,51,323,4,45,20,3,0.45,0.6667,0.5926,11.6667,26.65,0,0,0,0
4211016,1980,7494,1979,"IL","",,1,8,434,6,69,3,3,1,0,0,6,7,,,,
4211062,1980,7494,1977,"IL","",,1,6,56,6,61,9,2,0.5556,0,0.48,12.5,19.7778,,,,
4211441,1980,7494,1978,"IL","",447950,3,10,292,6,69,5,0,0,,,,48.6,0,0,,
4212814,1980,7501,1979,"IL","",1705,3,6,549,1,14,0,0,,,,,,,,,
4215219,1980,7515,1977,"IL","",636865,3,4,546,1,14,0,1,,0,,15,,,,0,0
4215673,1980,7522,1978,"IL","",,1,3,126,6,66,11,3,1,0,0.1653,2.6667,2.1818,,,,
4215822,1980,7522,1978,"IL","",263300,3,19,239,5,59,5,11,1,0.2975,0,7,5.4,0,0,0.3333,0.2727
4215871,1980,7522,1979,"IL","",605020,3,2,279,6,69,7,5,0,0.64,,11.8,73.5714,0,0,0,0
4216188,1980,7522,1977,"IL","",636865,3,15,423,1,19,2,56,1,0.6817,0.5,11.7636,8.5,0,0,0,0
4217200,1980,7529,1978,"IL","",636865,3,15,204,1,19,4,20,0.75,0.585,0,9.4,13.75,0,0,0.0526,0.05
4217456,1980,7529,1978,"IL","",,1,4,546,1,14,3,0,1,,0.4444,,12.6667,,,,
4218860,1980,7543,1978,"IL","",,1,3,52,6,69,3,0,0.6667,,0,,15.6667,,,,
4219392,1980,7543,1979,"IL","",636865,3,21,205,1,19,4,12,1,0.6111,0,4.9167,2.75,0,0,0.1111,0.0833
4220726,1980,7550,1977,"IL","",636865,3,17,521,1,15,2,14,1,0.8265,0.5,9.9286,10,0,0,0.1667,0.1429
4221082,1980,7557,1979,"IL","",241430,3,8,451,5,51,6,1,0.5,0,0.4444,13,25.6667,0,0,0,0
4221236,1980,7557,1978,"IL","",,1,22,137,6,69,4,3,0.75,0.4444,0.6667,9.6667,11.25,,,,
4221361,1980,7557,1978,"IL","",53425,3,4,251,5,53,2,8,0.5,0.5938,0,12.625,20.5,0,0,0,0
4221893,1980,7557,1978,"IL","",350010,3,9,524,1,15,8,11,0.625,0.7107,0,10.6364,14,0,0,0,0
4222401,1980,7564,1979,"IL","",,1,8,135,6,69,7,3,0.4286,0.4444,0,17,28.4286,,,,
4222641,1980,7564,1978,"IL","",,1,20,353,5,54,8,37,0.625,0.6998,0.56,9.5405,25.125,,,,
4223863,1980,7571,1978,"IL","",,1,6,248,6,69,8,8,0.875,0.4063,0.449,9.75,7.5,,,,
4224389,1980,7571,1978,"IL","",464090,3,11,429,4,45,5,5,1,0.32,0,4,7,0,0,0,0
4224448,1980,7571,1977,"IL","",,1,26,546,1,14,8,1,0.875,0,0.7347,9,14.125,,,,
4224625,1980,7571,1979,"IL","",166225,3,11,343,2,21,2,1,1,0,0.5,16,10,0,0,0,0
4225657,1980,7578,1978,"IL","",,1,9,429,4,45,6,1,0.8333,0,0.56,10,17.1667,,,,
4226688,1980,7585,1978,"IL","",636865,3,16,204,1,19,4,5,0.75,0.56,0,11.2,11.25,0,0,0.3333,0.2
4226996,1980,7585,1978,"IL","",458540,2,2,546,1,14,1,1,1,0,0,1,6,0,0,1,1
4227358,1980,7592,1978,"IL","",563495,3,16,52,6,69,3,1,0.3333,0,0,5,28,0,0,0,0
4227518,1980,7592,1979,"IL","",,1,10,606,3,32,2,30,1,0.2378,0,11.4333,6.5,,,,
4228106,1980,7592,1979,"IL","",362255,3,9,570,1,14,3,2,1,0.5,0,17,6.6667,0,0,0,0
4228341,1980,7592,1978,"IL","",329640,3,11,219,4,49,5,11,1,0.7769,0.56,10.2727,6.4,0,0,0.125,0.0909
4228470,1980,7592,1978,"IL","",,1,14,360,2,24,6,7,1,0.7755,0.6667,11.8571,3.8333,,,,
4229363,1980,7599,1978,"IL","",636865,3,9,558,1,14,8,0,1,,0.5313,,5.125,0.375,0.375,,
4229574,1980,7599,1979,"IL","",636865,3,5,540,1,14,1,0,1,,0,,4,0,0,,
4229690,1980,7599,1978,"IL","",563835,3,9,323,4,45,3,2,1,0,0.4444,4.5,6.3333,0,0,0,0
4229710,1980,7599,1978,"IL","",,1,15,372,4,42,2,23,1,0.6389,0,11.7391,8,,,,
4229957,1980,7606,1977,"IL","",,1,22,70,6,65,2,1,0,0,,10,34.5,,,,
4230221,1980,7606,1977,"IL","",382535,3,6,198,5,59,7,10,0.2857,0.54,0,11,33.7143,0.5,0.1429,0,0
4230664,1980,7606,1979,"IL","",563495,3,14,422,1,19,9,9,1,0.6667,0.7901,8,4.8889,0,0,0,0
4230667,1980,7606,1978,"IL","",,1,25,422,1,19,5,8,0.8,0.5313,0.375,10.5,7.8,,,,
4230801,1980,7606,1979,"IL","",66215,3,23,435,3,33,2,21,1,0.7937,0.5,8.4762,4,0,0,0,0
4231189,1980,7613,1978,"IL","",,1,2,47,6,61,4,3,0.25,0.4444,0,8,46.25,,,,
4231740,1980,7613,1979,"IL","",,1,13,433,3,39,2,5,0.5,0.56,0,7.6,13.5,,,,
4232677,1980,7620,1978,"IL","",,1,5,604,3,32,5,13,1,0.3905,0.56,9.2308,8,,,,
4233434,1980,7620,1978,"IL","",,1,19,528,1,15,7,11,1,0.7273,0.6939,8.9091,7.1429,,,,
4233774,1980,7627,1979,"IL","",,1,3,446,6,62,6,3,0.1667,0,0,4,40.1667,,,,
4233783,1980,7627,1979,"IL","",,5,6,451,5,51,2,0,0,,,,18.5,,,,
4233986,1980,7627,1978,"IL","",10755,3,10,607,3,32,8,11,0.625,0.5124,0,10,14.25,0,0,0,0
4234396,1980,7627,1979,"IL","",,1,12,205,1,19,5,11,0.8,0.314,0,6.7273,17.8,,,,
4234689,1980,7627,1979,"IL","",66215,3,21,435,3,33,2,17,1,0.7958,0.5,6.1765,4,0,0,0,0
4236002,1980,7634,1977,"IL","",636865,3,7,540,1,14,8,0,1,,0,,7,0.1667,0.125,,
4236512,1980,7641,1979,"IL","",,1,4,606,3,32,3,13,0.6667,0,0,10.9231,13.3333,,,,
4236615,1980,7641,1978,"IL","",,1,6,190,6,69,6,20,0.1667,0.665,0,12.95,35,,,,
4236860,1980,7641,1978,"IL","",,1,27,414,5,51,5,9,0.6,0.3704,0,7.8889,14.8,,,,
4237658,1980,7648,1979,"IL","",241430,3,10,451,5,51,8,3,0.25,0.4444,0,5,34.625,0,0,0,0
4237931,1980,7648,1979,"IL","",224685,3,5,137,6,69,2,9,1,0.1975,0,8.7778,12,0,0,0,0
4238306,1980,7648,1979,"IL","",472130,3,13,204,1,19,3,3,0.6667,0,0.5,8.3333,11.6667,0,0,0,0
4238307,1980,7648,1979,"IL","",472130,3,12,562,1,14,3,2,0.6667,0,0.5,8,11.6667,0,0,0,0
4238515,1980,7648,1979,"IL","",432870,3,7,426,6,61,3,7,1,0.2449,0,11.5714,3.3333,0,0,0,0
4239603,1980,7655,1978,"IL","",,1,26,203,1,19,10,4,0.7,0.75,0.7755,7.75,14.1,,,,
4241757,1980,7669,1979,"IL","",,1,5,137,6,69,7,3,0.2857,0,0.5,12.6667,25.5714,,,,
4241923,1980,7669,1979,"IL","",284220,3,9,273,6,62,6,2,0.6667,0,0.5,4.5,17.3333,0,0,0,0
4243039,1981,7676,1979,"IL","",,1,10,606,3,32,5,3,0.4,0.4444,0.5,7.3333,27.6,,,,
4243749,1981,7676,1978,"IL","",375875,3,11,435,3,33,2,26,1,0.6598,0.5,10.8846,4.5,0,0,0,0
4244215,1981,7683,1979,"IL","",,1,11,73,4,43,4,2,0.5,0.5,0,11,21.25,,,,
4244374,1981,7683,1978,"IL","",,1,4,126,6,66,6,1,1,0,0.2778,2,4.8333,,,,
4244885,1981,7683,1977,"IL","",636865,3,12,562,1,14,4,0,0.5,,0,,13.75,0,0,,
4245042,1981,7683,1979,"IL","",636865,3,6,435,3,33,4,8,1,0.5313,0.625,8.75,7.25,0,0,0,0
4246092,1981,7690,1978,"IL","",472130,3,7,204,1,19,7,3,1,0.4444,0.449,10,7.4286,0,0,0,0
4246727,1981,7697,1979,"IL","",241430,3,8,451,5,51,2,2,0.5,0,0,8.5,32.5,0,0,0,0
4246936,1981,7697,1979,"IL","",,1,2,138,6,67,10,7,0.6,0.7347,0.7222,12.1429,22,,,,
4247220,1981,7697,1978,"IL","",,1,25,405,6,64,5,2,1,0.5,0.32,9,9.2,,,,
4247401,1981,7697,1978,"IL","",18415,3,5,210,1,19,6,10,1,0.58,0.5,6.2,10,0,0,0.1,0.1
4248855,1981,7704,1976,"IL","",263295,2,16,424,3,31,7,18,1,0.6296,0.2449,13.8333,7.8571,0,0,0,0
4249018,1981,7704,1979,"IL","",375830,2,2,560,1,14,3,0,1,,0.6667,,8,0,0,,
4249513,1981,7711,1977,"IL","",636865,3,9,126,6,66,7,1,1,0,0.2449,5,4.5714,0,0,0,0
4250084,1981,7711,1978,"IL","",636865,3,9,530,1,15,5,14,1,0.6627,0.48,7.9231,8,0,0,0.0833,0.0714
4250694,1981,7718,1979,"IL","",,1,8,53,6,68,5,2,0.8,0,0,15.5,13.4,,,,
4250894,1981,7718,1978,"IL","",636865,3,8,600,3,32,9,27,1,0.1399,0.5926,11.5185,6.6667,0.25,0.1111,0.0435,0.037
4251078,1981,7718,1978,"IL","",365865,2,1,273,6,62,7,0,0.8571,,0,,11,0,0,,
4251332,1981,7718,1979,"IL","",375830,2,3,205,1,19,5,1,1,0,0,5,8.8,0,0,0,0
4251631,1981,7718,1979,"IL","",472130,3,15,435,3,33,5,10,1,0.18,0,7.7,6.2,0,0,0,0
4254029,1981,7732,1979,"IL","",442975,3,20,540,1,14,2,8,1,0,0,5,7,0,0,0,0
4254128,1981,7732,1978,"IL","",569780,3,7,514,3,31,5,3,1,0.6667,0.72,13.3333,7.2,0,0,0,0
4254791,1981,7739,1980,"IL","",,1,5,137,6,69,4,13,1,0.5917,0.625,10,5.75,,,,
4254818,1981,7739,1979,"IL","",,1,8,165,6,66,3,3,0.3333,0.4444,0,7,27.3333,,,,
4255208,1981,7739,1979,"IL","",464090,3,18,438,4,46,10,27,1,0.7298,0.66,10.9259,8.3,0,0,0,0
4256116,1981,7746,1978,"IL","",563495,3,123,607,3,32,8,13,0.875,0.142,0.2449,9.8462,11.125,0,0,0,0
4256262,1981,7746,1979,"IL","",,1,9,239,5,59,2,10,0.5,0.18,0,9.9,15.5,,,,
4256632,1981,7746,1979,"IL","",636865,3,4,530,1,15,5,10,1,0.58,0.48,7.9,5.8,0,0,0,0
4256704,1981,7746,1979,"IL","",,1,21,423,1,19,12,4,0.5833,0.625,0.5714,9,22.8333,,,,
4256814,1981,7746,1979,"IL","",636865,3,13,429,4,45,10,4,1,0.75,0.74,5.75,4.5,0,0,0.5,0.25
4257224,1981,7753,1978,"IL","",470565,3,21,60,4,45,6,6,0.6667,0.7222,0.625,15.5,14.3333,0,0,0,0
4258354,1981,7753,1979,"IL","",,1,18,340,2,21,3,55,1,0.8298,0.6667,10.0727,7.6667,,,,
4258699,1981,7760,1978,"IL","",319695,3,9,126,6,66,5,1,1,0,0,7,7.8,0,0,0,0
4259127,1981,7760,1978,"IL","",560435,3,9,156,1,19,5,6,0.4,0.8333,0.5,4.5,21.8,0,0,0,0
4259891,1981,7767,1979,"IL","",,1,7,89,5,59,7,3,0.8571,0.4444,0,7.3333,19.5714,,,,
4259942,1981,7767,1977,"IL","",,1,2,126,6,66,5,0,0.8,,0,,9,,,,
4260166,1981,7767,1978,"IL","",,1,7,277,6,67,4,2,0.5,0.5,0,14,16,,,,
4261515,1981,7774,1979,"IL","",,1,10,239,5,59,6,5,0.1667,0,0,10.4,31.6667,,,,
4261883,1981,7774,1979,"IL","",599425,2,6,530,1,15,1,8,1,0.5,0,5.5,3,0,0,0,0
4263279,1981,7781,1978,"IL","",636865,3,4,424,3,31,5,10,1,0.42,0.32,7.8,8,0.25,0.2,0,0
4263971,1981,7788,1978,"IL","",,1,16,169,6,69,12,1,0.75,0,0.7654,7,14.1667,,,,
4264651,1981,7788,1979,"IL","",563495,3,14,427,1,12,3,3,0.3333,0,0,6.3333,31.3333,0,0,0.5,0.3333
4266609,1981,7802,1979,"IL","",563495,3,14,166,6,64,9,0,1,,0.5926,,7.3333,0.2,0.1111,,
4267339,1981,7802,1976,"IL","",442975,3,27,548,1,14,0,1,,0,,5,,,,0,0
4268825,1981,7809,1974,"IL","",146690,2,9,340,2,21,7,10,0.7143,0.86,0.56,17.2,15.8571,0.75,0.4286,0.1111,0.1
4269222,1981,7816,1979,"IL","",,1,13,137,6,69,11,6,0.3636,0.6111,0.375,7.8333,25.5455,,,,
4270185,1981,7816,1978,"IL","",386745,3,10,711,2,24,4,4,1,0.75,0.625,9.5,6.75,0,0,0,0
4270304,1981,7823,1978,"IL","",,1,11,446,6,62,8,5,0.375,0.32,0.4444,12,26.375,,,,
4270613,1981,7823,1978,"IL","",,1,11,169,6,69,10,7,0.8,0.449,0.6563,9.7143,13.8,,,,
4271018,1981,7823,1979,"IL","",,1,8,210,1,19,8,26,0.625,0.142,0,10.1154,19.25,,,,
4271331,1981,7823,1979,"IL","",273255,3,5,381,4,49,4,2,1,0.5,0.75,12,3.75,0,0,0,0
4271336,1981,7823,1979,"IL","",286615,3,10,200,4,41,4,0,0.5,,0,,18.5,0,0,,
4273580,1981,7837,1979,"IL","",,1,10,433,3,39,5,9,0.8,0.5185,0.75,7.6667,9.4,,,,
4273613,1981,7837,1978,"IL","",464090,3,25,376,4,44,4,3,1,0,0,19,9.75,0,0,0,0
4274573,1981,7844,1979,"IL","",,1,9,225,5,51,9,10,0.4444,0.66,0.625,12.1,28.2222,,,,
4275234,1981,7844,1973,"IL","",267755,3,19,562,1,14,2,29,0.5,0.7467,0,19.5172,13.5,0,0,0,0
4276077,1981,7851,1979,"IL","",563495,3,21,71,1,11,1,8,1,0.6875,0,6.5,13,0,0,0.125,0.125
4276094,1981,7851,1979,"IL","",66215,3,14,134,6,69,5,16,0.8,0.7969,0.375,10.1875,9.8,0,0,0,0
4276712,1981,7858,1979,"IL","",23415,3,7,43,6,61,3,0,0.6667,,0.5,,18.6667,1,0.3333,,
4278540,1981,7865,1980,"IL","",,1,9,210,1,19,2,15,1,0.1244,0.5,7.8,4,,,,
4279267,1981,7872,1979,"IL","",,1,4,137,6,69,2,0,0.5,,0,,21,,,,
4280415,1981,7879,1979,"IL","",,1,25,110,6,66,6,6,0.6667,0.5,0.625,7,18.5,,,,
4280677,1981,7879,1979,"IL","",,1,7,249,6,69,19,4,0.4211,0.375,0.2188,11.75,28.6316,,,,
4281320,1981,7879,1979,"IL","",,1,6,340,2,21,9,9,0.6667,0.3704,0.7778,12,20.4444,,,,
4281543,1981,7886,1979,"IL","",,1,14,374,4,43,14,5,0.5714,0.56,0.4063,8.2,19.8571,,,,
4281798,1981,7886,1979,"IL","",,1,8,239,5,59,4,5,1,0.32,0,8.6,5.75,,,,
4282070,1981,7886,1978,"IL","",,1,55,203,1,19,11,5,0.5455,0.64,0.5,8.4,25.0909,,,,
4282248,1981,7886,1979,"IL","",,1,12,514,3,31,0,2,,0.5,,11.5,,,,,
4282421,1981,7886,1979,"IL","",,1,7,392,4,41,3,7,0,0.6122,,10.8571,52,,,,
4283010,1981,7893,1979,"IL","",,5,8,239,5,59,4,2,0.25,0,0,14.5,43.25,,,,
4283451,1981,7893,1979,"IL","",640360,3,9,428,6,69,5,4,0.8,0.625,0.5,9.25,10.8,0,0,0,0
4283913,1981,7900,1978,"IL","",283190,2,16,60,4,45,4,7,1,0.2449,0.625,4.1429,8.5,0,0,0,0
4284234,1981,7900,1979,"IL","",,1,8,494,1,19,6,0,0.8333,,0.32,,10.8333,,,,
4284826,1981,7900,1979,"IL","",350010,3,3,568,1,14,6,3,1,0.4444,0.7222,12.3333,11.5,0,0,0,0
4285902,1981,7907,1978,"IL","",483780,3,7,264,5,51,18,6,0.7778,0.8333,0.6735,12.5,13.6667,0,0,0,0
4286124,1981,7907,1979,"IL","",,1,4,312,6,65,3,4,1,0.625,0,3.5,8,,,,
4287040,1981,7914,1980,"IL","",216145,3,10,204,1,19,4,11,0.5,0.7273,0.5,12.8182,33,0,0,0,0
4287570,1981,7914,1979,"IL","",278220,2,1,365,2,24,3,48,1,0.3819,0,13.5625,7.6667,0,0,0.4054,0.3125
4288035,1981,7921,1979,"IL","",,1,15,239,5,59,2,3,1,0,0.5,4.3333,6.5,,,,
4288241,1981,7921,1979,"IL","",,1,2,71,1,11,5,8,0.8,0.6563,0.375,6.125,12,,,,
4288502,1981,7921,1980,"IL","",636865,3,21,429,4,45,4,2,0.75,0.5,0.4444,4,9.5,0,0,0.5,0.5
4288778,1981,7921,1979,"IL","",,1,16,307,4,49,2,14,1,0.6633,0,13.2857,8,,,,
4288950,1981,7928,1979,"IL","",,1,19,52,6,69,7,0,0.5714,,0,,23.7143,,,,
4289262,1981,7928,1979,"IL","",,1,14,225,5,51,9,21,0.6667,0.6168,0.2778,11.4762,14.7778,,,,
4289386,1981,7928,1979,"IL","",,1,4,351,3,39,2,1,0.5,0,0,15,30,,,,
4290197,1981,7935,1980,"IL","",,1,4,30,6,65,4,1,0.25,0,0,1,40.5,,,,
4290557,1981,7935,1980,"IL","",,1,9,239,5,59,5,4,0.6,0,0,12,17.8,,,,
4291007,1981,7935,1980,"IL","",682835,3,17,423,1,19,5,11,1,0.5455,0,5.6364,11,0,0,0.1,0.0909
4291682,1981,7942,1979,"IL","",,1,4,126,6,66,5,1,1,0,0.32,4,3.8,,,,
4291708,1981,7942,1978,"IL","",636865,3,16,600,3,32,11,20,1,0.27,0.314,13.05,7.3636,0,0,0.1053,0.1
4291887,1981,7942,1979,"IL","",,1,4,277,6,67,5,5,0.8,0,0,8.2,13.6,,,,
4292453,1981,7942,1979,"IL","",350010,3,13,570,1,14,3,10,0.6667,0.58,0.5,9.9,21.6667,0,0,0,0
4293030,1981,7949,1978,"IL","",421315,3,8,165,6,66,9,9,0.2222,0.4938,0,10.8889,41.8889,0,0,0,0
4293045,1981,7949,1979,"IL","",,1,10,173,5,51,5,3,0.4,0,0.5,9.3333,23.8,,,,
4293840,1981,7949,1979,"IL","",286615,3,11,340,2,21,5,10,1,0.48,0.32,6.2,3.8,0,0,0,0
4294524,1981,7956,1980,"IL","",,1,17,353,5,54,3,46,1,0.7665,0.4444,7.0435,3.6667,,,,
4294767,1981,7956,1980,"IL","",276380,3,8,549,1,14,3,1,1,0,0,11,4.3333,0,0,0,0
4295103,1981,7956,1978,"IL","",,1,33,372,4,42,9,6,1,0.2778,0.3457,5.1667,9.5556,,,,
4295331,1981,7963,1979,"IL","",,1,6,60,4,45,2,0,0.5,,0,,21,,,,
4295814,1981,7963,1979,"IL","",,1,6,425,5,51,2,1,1,0,0.5,17,8.5,,,,
4295963,1981,7963,1980,"IL","",,1,15,210,1,19,3,22,1,0,0,7.4091,5.3333,,,,
4296188,1981,7963,1980,"IL","",636865,3,8,429,4,45,6,2,1,0.5,0.6667,1.5,4,0.1667,0.1667,0.5,0.5
4297679,1981,7970,1978,"IL","",311115,3,12,341,2,22,6,8,1,0.375,0,14.5,11.5,0,0,0,0
4297832,1981,7977,1979,"IL","",542110,7,10,56,6,61,4,1,0.75,0,0.4444,14,10.5,0,0,0,0
4298384,1981,7977,1979,"IL","",636865,3,5,106,1,12,8,2,0.875,0.5,0.7347,13,13.625,0,0,0,0
4298714,1981,7977,1980,"IL","",636865,3,8,525,1,15,3,6,1,0.6667,0.4444,12,7.3333,0,0,0.1667,0.1667
4299454,1981,7984,1979,"IL","",613140,2,35,359,5,54,11,13,1,0,0.1653,9.2308,5.6364,0.1,0.0909,0,0
4300817,1981,7991,1979,"IL","",601760,2,37,359,5,54,5,41,0.6,0.138,0.4444,8.439,17.2,0,0,0.35,0.3415
4301139,1981,7991,1979,"IL","",27350,3,37,436,1,19,4,32,1,0.707,0.5,10.6563,1.75,0.25,0.25,0,0
4301814,1981,7998,1979,"IL","",,1,12,600,3,32,12,1,0.9167,0,0.7438,9,8.25,,,,
4302533,1981,7998,1980,"IL","",636865,3,5,435,3,33,2,2,1,0.5,0,8,5,0,0,0,0
4302534,1981,7998,1978,"IL","",286635,7,3,435,3,33,8,13,1,0.5562,0.2188,12.1538,6.375,0,0,0,0
4302676,1981,7998,1973,"IL","",,1,8,250,4,44,2,4,1,0.375,0,10.5,12,,,,
4302760,1981,7998,1980,"IL","",558125,3,10,343,2,21,4,7,1,0,0,12.2857,5.5,0,0,0,0
4303161,1981,8005,1980,"IL","",,1,6,206,6,68,6,1,0.6667,0,0.625,7,24.8333,,,,
4303438,1981,8005,1978,"IL","",563495,3,5,71,1,11,4,8,0.25,0.75,0,10.875,20.25,0,0,0.1667,0.125
4303786,1981,8005,1978,"IL","",464085,3,11,536,1,14,5,6,1,0.7778,0.8,9.3333,9,0,0,0,0
4304466,1981,8012,1979,"IL","",613140,2,14,359,5,54,4,12,1,0.2917,0,10.1667,1.25,0,0,0,0
4305113,1981,8012,1980,"IL","",,1,1,361,4,45,4,1,0.25,0,0,2,32,,,,
4305163,1981,8019,1979,"IL","",59670,3,12,4,6,65,13,5,0.6923,0,0,14.2,15.7692,0,0,0,0
4305932,1981,8019,1978,"IL","",1705,3,32,514,3,31,5,2,0.6,0.5,0.6667,11,18,0,0,0.5,0.5
4307841,1981,8033,1979,"IL","",263300,3,17,239,5,59,5,14,1,0.5816,0.32,9.3571,5.2,0.5,0.2,0.4167,0.3571
4307923,1981,8033,1979,"IL","",,1,10,312,6,65,10,5,0.4,0.72,0.375,10.8,29.4,,,,
4308680,1982,8040,1980,"IL","",,1,5,40,6,69,5,0,0.8,,0,,12.2,,,,
4309110,1982,8040,1979,"IL","",,1,14,356,4,43,3,13,1,0.5799,0.4444,12.1538,8.3333,,,,
4309205,1982,8040,1980,"IL","",542110,7,8,504,1,11,0,5,,0,,7.6,,,,0,0
4309257,1982,8040,1980,"IL","",636865,3,3,205,1,19,3,0,0.6667,,0.5,,25,0,0,,
4309544,1982,8040,1979,"IL","",458540,2,2,546,1,14,2,0,1,,0.5,,3,1,1,,
4310022,1982,8047,1980,"IL","",224680,3,10,137,6,69,4,8,1,0.4063,0.375,6.875,11,0,0,0,0
4310040,1982,8047,1980,"IL","",,1,3,206,6,68,5,2,0.2,0.5,0,11.5,28.2,,,,
4310504,1982,8047,1979,"IL","",27350,3,19,436,1,19,1,3,1,0.4444,0,8.3333,5,0,0,0,0
4311711,1982,8054,1980,"IL","",1705,3,5,514,3,31,1,0,1,,0,,8,0,0,,
4311829,1982,8054,1980,"IL","",437130,3,6,536,1,14,6,12,1,0.7778,0.6111,5.8333,3.6667,0,0,0.5833,0.5833
4311830,1982,8054,1980,"IL","",437130,3,11,536,1,14,6,9,1,0.6667,0.6111,5.2222,3.6667,0,0,0.7778,0.7778
4311831,1982,8054,1980,"IL","",437130,3,3,536,1,14,6,9,1,0.6667,0.6111,5.2222,3.6667,0,0,0.7778,0.7778
4311832,1982,8054,1980,"IL","",437130,3,3,536,1,14,6,5,1,0.56,0.6111,4.8,3.6667,0,0,0.8,0.8
4312374,1982,8061,1980,"IL","",,1,11,137,6,69,6,13,0.1667,0.355,0,6.9231,40.8333,,,,
4312854,1982,8061,1979,"IL","",27350,3,17,424,3,31,5,1,1,0,0,5,8.2,0,0,0,0
4313305,1982,8068,1979,"IL","",,1,57,60,4,45,5,0,1,,0.64,,9.2,,,,
4313316,1982,8068,1980,"IL","",558125,3,1,62,6,69,6,0,0,,,,37.3333,0,0,,
4313927,1982,8068,1979,"IL","",27350,3,11,435,3,33,2,4,1,0.375,0.5,10.75,2.5,0,0,0,0
4314582,1982,8075,1976,"IL","",,1,3,137,6,69,9,4,0.5556,0.375,0.32,8,20.5556,,,,
4314936,1982,8075,1980,"IL","",636865,3,19,530,1,15,2,10,1,0.34,0,12.5,7,0,0,0,0
4315411,1982,8082,1980,"IL","",558125,3,3,62,6,69,7,9,1,0,0.2449,13.6667,15.2857,0,0,0,0
4315817,1982,8082,1978,"IL","",447950,3,6,209,5,51,9,4,0.7778,0.375,0.6122,8.5,15.1111,0,0,0,0
4315907,1982,8082,1979,"IL","",27350,3,37,435,3,33,2,27,1,0.5322,0.5,9.5185,2.5,0,0,0,0
4315908,1982,8082,1979,"IL","",,1,9,424,3,31,8,5,1,0.32,0.4063,10.2,3.375,,,,
4315973,1982,8082,1980,"IL","",636865,3,14,429,4,45,5,8,1,0.7188,0.72,5.375,4.2,0,0,0.1429,0.125
4317824,1982,8096,1977,"IL","",1705,3,24,514,3,31,2,0,1,,0,,12.5,0,0,,
4317887,1982,8096,1979,"IL","",636865,3,10,521,1,15,3,2,1,0.5,0.4444,9.5,3,0.3333,0.3333,0,0
4318697,1982,8103,1980,"IL","",,1,7,433,3,39,0,0,,,,,,,,,
4318698,1982,8103,1980,"IL","",,1,6,433,3,39,4,0,0.25,,0,,50,,,,
4319297,1982,8103,1980,"IL","",,1,15,361,4,45,2,2,1,0.5,0.5,10.5,10.5,,,,
4319712,1982,8110,1980,"IL","",,1,7,236,6,69,4,8,0.75,0.5625,0.6667,10.625,8,,,,
4320914,1982,8117,1980,"IL","",62085,3,7,294,5,59,2,4,1,0.75,0,13.25,11.5,0,0,0,0
4322287,1982,8124,1981,"IL","",542110,7,8,209,5,51,5,5,0.8,0,0.375,6.4,16.6,0,0,0.25,0.2
4323050,1982,8131,1980,"IL","",,1,6,125,5,51,4,0,0.5,,0.5,,33.25,,,,
4324547,1982,8138,1979,"IL","",612150,2,58,433,3,39,4,10,1,0.66,0.625,11.7,8.25,0,0,0,0
4324774,1982,8138,1980,"IL","",193085,3,11,423,1,19,3,0,1,,0.4444,,9.3333,0,0,,
4325005,1982,8138,1979,"IL","",,1,25,315,4,42,3,0,1,,0.4444,,6.3333,,,,
4325406,1982,8145,1980,"IL","",,1,5,137,6,69,5,2,0.4,0,0,15.5,35.6,,,,
4325727,1982,8145,1979,"IL","",636865,3,15,504,1,11,4,1,1,0,0.5,10,7.25,0.25,0.25,0,0
4325979,1982,8145,1980,"IL","",59670,3,16,426,6,61,3,4,1,0.375,0,8.5,10.6667,0,0,0.25,0.25
4326104,1982,8145,1979,"IL","",558125,3,4,379,2,21,9,11,1,0,0.1975,9,5.5556,0,0,0,0
4326138,1982,8145,1980,"IL","",636865,3,4,310,4,45,3,0,1,,0,,12,0,0,,
4326264,1982,8145,1978,"IL","",386735,2,2,340,2,21,7,28,1,0.6352,0.6939,11.1429,8.4286,0,0,0,0
4327074,1982,8152,1979,"IL","",499330,3,3,424,3,31,3,3,1,0.4444,0.4444,5.3333,7.3333,0,0,0,0
4327593,1982,8159,1980,"IL","",62085,3,12,73,4,43,4,4,0.5,0.5,0.5,11,23,0,0,0,0
4327596,1982,8159,1980,"IL","",62085,3,9,74,5,59,5,9,0.8,0.716,0.375,6.4444,13.8,0,0,0,0
4327919,1982,8159,1979,"IL","",420505,3,9,273,6,62,9,1,0.5556,0,0.32,4,38,0,0,0,0
4327973,1982,8159,1980,"IL","",329640,3,12,351,3,39,0,3,,0.4444,,8.6667,,,,0,0
4328788,1982,8166,1981,"IL","",,1,43,126,6,66,11,8,1,0.4063,0.5455,2.625,5.5455,,,,
4328944,1982,8166,1979,"IL","",447950,3,9,248,6,69,6,1,0.1667,0,0,5,27.5,0,0,0,0
4331294,1982,8180,1979,"IL","",285350,3,12,239,5,59,14,9,0.2143,0.1975,0,10.1111,32,0,0,0,0
4332105,1982,8187,1978,"IL","",6605,3,4,47,6,61,27,19,0.6296,0.4377,0.6436,12.8947,20.5556,0,0,0,0
4333736,1982,8194,1980,"IL","",531020,3,29,23,1,19,1,2,1,0.5,0,4,14,0,0,0,0
4334095,1982,8194,1980,"IL","",375830,2,10,562,1,14,2,8,1,0.5938,0.5,10.25,5,0,0,0,0
4334807,1982,8201,1980,"IL","",285680,3,4,407,5,51,7,3,1,0,0,11.3333,13.7143,0,0,0.5,0.3333
4335074,1982,8201,1980,"IL","",,1,7,422,1,19,13,10,0.4615,0.8,0.6111,9.8,28.4615,,,,
4335191,1982,8201,1980,"IL","",558125,3,5,429,4,45,8,7,1,0,0,7,2.75,0,0,0,0
4336999,1982,8215,1980,"IL","",531020,3,45,366,1,19,9,7,0.2222,0.6531,0.5,4.8571,38.6667,0,0,0.6667,0.5714
4337391,1982,8215,1979,"IL","",,1,23,235,5,59,10,0,0.3,,0.4444,,37.5,,,,
4337760,1982,8222,1979,"IL","",,5,10,604,3,32,2,20,1,0.765,0.5,12.65,3,,,,
4338190,1982,8222,1977,"IL","",44195,3,2,210,1,19,8,15,1,0.6578,0.5313,11.4667,8.25,0,0,0,0
4338347,1982,8222,1980,"IL","",59670,3,16,426,6,61,3,6,1,0,0,9,8.3333,0,0,0,0
4338481,1982,8222,1980,"IL","",,1,10,136,4,45,1,4,1,0.375,0,8.75,13,,,,
4338820,1982,8229,1980,"IL","",464090,3,21,73,4,43,3,6,1,0.2778,0.4444,11.1667,10.3333,0,0,0,0
4338923,1982,8229,1980,"IL","",365860,3,8,601,3,32,7,13,0.4286,0.5799,0.4444,8.9231,22.8571,0,0,0.3333,0.1538
4340051,1982,8236,1981,"IL","",,1,13,604,3,32,4,4,0.75,0.375,0.4444,9,24.5,,,,
4340475,1982,8236,1980,"IL","",44195,3,7,210,1,19,10,5,1,0.32,0.34,7.4,10.3,0,0,0,0
4340586,1982,8236,1977,"IL","",,1,3,424,3,31,0,16,,0.5391,,15.6875,,,,,
4341038,1982,8243,1980,"IL","",,1,23,47,6,61,2,12,1,0.8056,0,9.1667,3,,,,
4343159,1982,8257,1980,"IL","",558125,3,9,62,6,69,11,1,0.8182,0,0,11,14.8182,0,0,0,0
4343305,1982,8257,1980,"IL","",,1,20,604,3,32,10,22,0.7,0.7314,0.4898,13,27.7,,,,
4344776,1982,8264,1981,"IL","",23415,3,5,96,1,13,6,4,0.6667,0.375,0.375,8.25,12.8333,0,0,0,0
4345581,1982,8271,1980,"IL","",531020,3,10,126,6,66,11,10,0.7273,0.76,0.8125,4.7,22.6364,0,0,0.25,0.2
4345582,1982,8271,1979,"IL","",,1,14,126,6,66,6,3,1,0,0.5,4,5.6667,,,,
4345762,1982,8271,1980,"IL","",,1,14,273,6,62,8,10,0.625,0.58,0.56,9.2,12.25,,,,
4345871,1982,8271,1980,"IL","",,1,5,414,5,51,3,1,0.6667,0,0,15,21.6667,,,,
4346318,1982,8271,1979,"IL","",636865,3,6,310,4,45,6,12,0.6667,0.4028,0.75,7.8333,20.5,0,0,0.0833,0.0833
4346562,1982,8278,1980,"IL","",66505,3,19,62,6,69,7,12,0.8571,0.2917,0,11.5,11.1429,0,0,0,0
4346596,1982,8278,1980,"IL","",349350,3,12,73,4,43,7,7,0.4286,0,0.4444,10,27.1429,0,0,0,0
4346735,1982,8278,1979,"IL","",59670,3,8,137,6,69,10,9,0.6,0.3704,0.2778,10.1111,28.7,0,0,0,0
4346802,1982,8278,1979,"IL","",447950,3,3,198,5,59,7,9,0.1429,0.5185,0,10.3333,63.1429,0,0,0,0
4347965,1982,8285,1980,"IL","",,1,6,228,5,52,4,6,1,0.6111,0.5,9.8333,8.25,,,,
4348984,1982,8292,1980,"IL","",500790,3,7,119,6,61,5,2,1,0,0,8.5,5.8,0,0,0,0
4349492,1982,8292,1981,"IL","",,1,10,264,5,51,1,1,1,0,0,6,7,,,,
4350016,1982,8299,1981,"IL","",66505,3,10,62,6,69,10,0,0.6,,0,,16,0,0,,
4350207,1982,8299,1981,"IL","",,1,8,171,6,64,5,8,0.8,0.6875,0.375,10.5,10.8,,,,
4350996,1982,8299,1980,"IL","",500070,3,18,358,2,21,3,45,1,0.3743,0,9.4889,7,0,0,0.1163,0.1111
4351011,1982,8299,1981,"IL","",39835,3,8,361,4,45,4,5,1,0.48,0.5,4.6,5,0.3333,0.25,0.2,0.2
4351503,1982,8306,1980,"IL","",,1,8,244,5,55,8,6,0.375,0,0.4444,7.1667,29.625,,,,
4351823,1982,8306,1980,"IL","",,5,11,436,1,19,2,9,1,0.3704,0.5,11,0,,,,
4352458,1982,8313,1980,"IL","",319695,3,9,239,5,59,2,1,0,0,,4,26.5,0,0,0,0
4352772,1982,8313,1980,"IL","",247045,3,12,264,5,51,7,14,0.8571,0.6939,0.6667,10.6429,18.2857,0,0,0,0
4353523,1982,8320,1979,"IL","",,1,10,251,5,53,15,4,0.4667,0.625,0.6939,10,22.6,,,,
4355399,1982,8327,1981,"IL","",706518,2,15,375,2,21,4,59,1,0.3568,0.375,11.2373,1.75,0.5,0.5,0.0172,0.0169
4355518,1982,8334,1980,"IL","",66505,3,18,62,6,69,14,1,0.7857,0,0.5455,14,17,0,0,0,0
4356974,1982,8341,1981,"IL","",,1,10,239,5,59,2,10,1,0.34,0,6.7,5,,,,
4357804,1982,8348,1981,"IL","",66505,3,6,62,6,69,4,0,1,,0.375,,13.25,0,0,,
4358694,1982,8348,1980,"IL","",,1,22,310,4,45,4,4,0.75,0.375,0.6667,10.75,14.25,,,,
4359205,1982,8355,1980,"IL","",557770,3,8,254,5,59,4,1,0,0,,5,55.75,0,0,0,0
4359739,1982,8355,1979,"IL","",286615,3,14,342,2,21,8,0,0.75,,0.6667,,14,0,0,,
4359878,1982,8362,1981,"IL","",180010,3,5,62,6,69,3,0,1,,0,,6,0,0,,
4359885,1982,8362,1979,"IL","",,1,22,70,6,65,2,2,0.5,0,0,9.5,23,,,,
4360007,1982,8362,1980,"IL","",636865,3,7,128,3,32,7,13,0.7143,0.7574,0.56,8.1538,20.7143,0,0,0,0
4360480,1982,8362,1980,"IL","",44195,3,12,558,1,14,2,1,1,0,0.5,7,7,0,0,0,0
4360779,1982,8362,1980,"IL","",464090,3,6,324,4,43,2,0,1,,0.5,,4.5,0,0,,
4361280,1982,8369,1979,"IL","",,1,5,239,5,59,3,3,0,0.6667,,15,48,,,,
4361987,1982,8376,1980,"IL","",213610,2,15,451,5,51,11,4,0.0909,0,0,4.75,42.3636,0,0,0,0
4362034,1982,8376,1980,"IL","",257775,3,8,70,6,65,13,8,0.5385,0.2188,0,15,28.8462,0,0,0,0
4363216,1982,8383,1980,"IL","",,1,13,60,4,45,7,5,1,0.64,0.4082,10.6,9.7143,,,,
4363513,1982,8383,1979,"IL","",,1,8,296,5,55,5,7,0,0,,10.5714,45.2,,,,
4364914,1982,8390,1981,"IL","",237645,3,9,423,1,19,1,1,0,0,,4,23,0,0,0,0
4365304,1982,8390,1980,"IL","",636865,3,19,382,2,22,4,39,1,0.7153,0,6.3333,5,0,0,0,0
4365560,1982,8397,1980,"IL","",181385,3,2,102,1,19,9,3,0.4444,0,0,11.6667,30.4444,0.25,0.1111,0,0
4365727,1982,8397,1980,"IL","",,1,3,222,1,19,4,7,0.25,0,0,14,40,,,,
4366926,1983,8404,1980,"IL","",263300,3,8,239,5,59,8,6,1,0.2778,0,11.3333,5.5,1,0.5,0,0
4367367,1983,8404,1981,"IL","",,1,8,136,4,45,5,1,1,0,0,14,4.2,,,,
4367459,1983,8404,1981,"IL","",,1,23,340,2,21,3,14,0,0.2551,,6.3571,51,,,,
4367506,1983,8404,1980,"IL","",,1,15,361,4,45,2,2,1,0.5,0.5,11.5,11.5,,,,
4367551,1983,8404,1980,"IL","",597180,6,17,372,4,42,0,7,,0.5714,,7.8571,,,,0.1667,0.1429
4367990,1983,8411,1980,"IL","",285680,3,4,407,5,51,8,12,1,0,0,7.6667,7.875,0.1429,0.125,0,0
4368138,1983,8411,1980,"IL","",,1,19,252,1,19,4,1,0.5,0,0.5,1,21.5,,,,
4368216,1983,8411,1980,"IL","",636865,3,26,427,1,12,4,6,0.75,0.7778,0.6667,5.6667,13.5,0.3333,0.25,0.2,0.1667
4368858,1983,8418,1980,"IL","",,1,3,242,5,51,6,0,0.8333,,0.64,,12.8333,,,,
4368963,1983,8418,1979,"IL","",,1,11,353,5,54,9,44,1,0.6911,0.5185,11.0682,7.7778,,,,
4369199,1983,8418,1978,"IL","",,1,14,426,6,61,29,7,0.5862,0.6939,0.7266,9.1429,29.8966,,,,
4369495,1983,8418,1980,"IL","",171425,3,13,250,4,44,6,6,1,0.2778,0,5.8333,5.5,0.1667,0.1667,0,0
4369805,1983,8425,1981,"IL","",27565,3,11,137,6,69,11,4,1,0.625,0.7107,9.25,11.7273,0,0,0,0
4369923,1983,8425,1980,"IL","",,1,8,239,5,59,3,7,1,0.2449,0,9.8571,5.3333,,,,
4370413,1983,8425,1981,"IL","",563495,3,8,435,3,33,5,1,1,0,0,1,5.8,0,0,0,0
4370859,1983,8432,1979,"IL","",,5,16,60,4,45,3,3,0.6667,0.4444,0,10.6667,18.3333,,,,
4370860,1983,8432,1980,"IL","",531025,3,44,60,4,45,3,9,1,0.5185,0,7,6,0,0,0,0
4370888,1983,8432,1980,"IL","",447950,3,4,73,4,43,9,7,0.7778,0.449,0.4082,9.4286,17.4444,0,0,0,0
4371681,1983,8432,1981,"IL","",,1,7,526,1,15,4,0,1,,0.625,,11.75,,,,
4372586,1983,8439,1980,"IL","",,1,15,285,6,67,6,2,0.6667,0.5,0,4.5,22.6667,,,,
4372818,1983,8439,1980,"IL","",263120,3,17,202,1,19,11,4,0.4545,0.375,0.72,7.75,44.0909,0,0,0,0
4373022,1983,8439,1979,"IL","",,5,13,430,1,19,8,3,0.625,0,0,12.6667,21.25,,,,
4373524,1983,8446,1980,"IL","",,1,26,604,3,32,3,5,1,0.56,0.6667,5.6,6,,,,
4373589,1983,8446,1981,"IL","",508160,3,7,171,6,64,7,4,0.5714,0.5,0.75,8,29.7143,0,0,0,0
4375346,1983,8460,1980,"IL","",44195,3,4,417,5,53,9,5,0.6667,0,0.2778,13.2,18.2222,0,0,0,0
4375583,1983,8460,1981,"IL","",275160,3,18,379,2,21,0,1,,0,,15,,,,0,0
4375853,1983,8467,1981,"IL","",569985,2,5,209,5,51,3,5,0,0.32,,8.6,46.6667,0,0,0,0
4376733,1983,8474,1981,"IL","",,1,19,549,1,14,3,2,0.6667,0.5,0.5,10,17.6667,,,,
4377071,1983,8481,1980,"IL","",531020,3,21,60,4,45,2,13,1,0.568,0.5,4.2308,3.5,0,0,0.8182,0.6923
4377855,1983,8481,1980,"IL","",394010,2,12,365,2,24,1,13,1,0.6746,0,10.5385,2,0,0,0,0
4378342,1983,8488,1981,"IL","",237645,3,11,423,1,19,3,2,0.3333,0,0,6.5,26,0,0,0,0
4378352,1983,8488,1980,"IL","",636865,3,7,514,3,31,3,9,1,0.5926,0.4444,9,8.6667,0.3333,0.3333,0,0
4378549,1983,8488,1980,"IL","",612150,2,7,338,4,41,3,4,0.6667,0,0.5,8,14,0,0,0.6667,0.5
4379977,1983,8502,1981,"IL","",685926,7,7,378,4,44,2,3,1,0.4444,0,13.3333,7.5,0,0,0,0
4380504,1983,8509,1980,"IL","",437130,3,3,516,1,19,2,9,1,0.7407,0.5,10,7,0,0,0.3333,0.3333
4380725,1983,8509,1981,"IL","",286615,3,10,320,4,45,5,5,1,0.72,0.56,7.8,7.2,0,0,0,0
4381343,1983,8516,1981,"IL","",569780,3,10,435,3,33,3,5,1,0,0,8.4,7,0,0,0,0
4381460,1983,8516,1980,"IL","",394010,2,5,326,4,46,8,9,1,0.642,0.6875,6.1111,4.75,0,0,0,0
4381463,1983,8516,1980,"IL","",59670,3,14,310,4,45,4,5,0.75,0.48,0,10.2,17.25,0,0,0,0
4382077,1983,8523,1981,"IL","",350010,3,10,424,3,31,5,2,0.6,0.5,0.4444,6.5,24.4,0,0,0,0
4382460,1983,8530,1981,"IL","",,1,4,160,6,69,2,3,0.5,0.4444,0,14.6667,18,,,,
4382502,1983,8530,1980,"IL","",382535,3,12,198,5,59,3,2,0.6667,0.5,0,7.5,30,0.5,0.3333,0,0
4383179,1983,8530,1980,"IL","",,1,8,250,4,44,2,5,1,0.56,0,5,6,,,,
4383414,1983,8537,1981,"IL","",66505,3,34,62,6,69,6,5,1,0,0,9.6,12,0,0,0,0
4383424,1983,8537,1981,"IL","",,1,8,62,6,69,4,0,0.75,,0,,27.5,,,,
4384680,1983,8544,1980,"IL","",263300,3,5,239,5,59,5,3,1,0,0.64,7.3333,6.6,0,0,1,0.3333
4385763,1983,8551,1981,"IL","",,1,9,273,6,62,11,6,0.7273,0,0.4063,8.3333,20.7273,,,,
4386142,1983,8551,1980,"IL","",636865,3,29,429,4,45,4,9,1,0.716,0.5,7.1111,6.5,0,0,0,0
4386499,1983,8558,1980,"IL","",421315,3,21,60,4,45,3,0,0.6667,,0,,17.3333,0,0,,
4386662,1983,8558,1981,"IL","",,1,8,172,6,64,8,5,0.5,0,0,6.4,23.875,,,,
4386826,1983,8558,1980,"IL","",,1,7,349,1,19,3,17,1,0.7266,0,8.2941,7,,,,
4387205,1983,8558,1981,"IL","",563495,3,9,527,1,15,3,4,1,0.75,0.4444,11.25,3.6667,0.6667,0.6667,0,0
4387455,1983,8558,1981,"IL","",,1,34,370,2,21,5,4,1,0.375,0.56,9.75,9.2,,,,
4387876,1983,8565,1981,"IL","",8225,3,9,248,6,69,9,6,0.5556,0.5,0.32,7.6667,16.7778,0,0,0,0
4388868,1983,8572,1980,"IL","",181385,3,10,102,1,19,7,1,0.7143,0,0,4,18.1429,0.25,0.1429,0,0
4390177,1983,8579,1981,"IL","",,1,9,482,5,59,8,12,0.625,0,0.32,8.0833,15.25,,,,
4390526,1983,8579,1980,"IL","",636865,3,5,514,3,31,4,5,1,0.56,0.625,12.6,8.25,0,0,0,0
4390722,1983,8579,1981,"IL","",636865,3,5,562,1,14,3,1,0.3333,0,0,2,20,0,0,1,1
4391055,1983,8586,1980,"IL","",421290,3,5,42,5,59,4,0,0.75,,0,,11.5,0,0,,
4391601,1983,8586,1981,"IL","",,1,8,8,1,11,1,0,1,,0,,3,,,,
4392155,1983,8586,1980,"IL","",464090,3,16,348,4,49,2,0,1,,0,,13.5,0,0,,
4392960,1983,8593,1976,"IL","",44195,3,1,210,1,19,6,4,1,0.625,0.6111,11.5,11,0,0,0,0
4394306,1983,8600,1981,"IL","",267755,3,15,252,1,19,3,2,1,0.5,0.4444,7,8.6667,0,0,0,0
4395201,1983,8607,1981,"IL","",,1,13,417,5,53,4,10,0.5,0,0.5,9.2,48.75,,,,
4395353,1983,8607,1980,"IL","",437130,3,10,516,1,19,2,7,1,0.6939,0.5,6.2857,7,0,0,0.6,0.4286
4395354,1983,8607,1980,"IL","",437130,3,28,516,1,19,2,13,1,0.7692,0.5,6.6923,7,0,0,0.6923,0.6923
4396920,1983,8614,1980,"IL","",,1,9,343,2,21,3,3,1,0,0,9.6667,5.3333,,,,
4397302,1983,8621,1980,"IL","",,1,7,126,6,66,3,2,1,0.5,0.4444,9.5,6.3333,,,,
4397463,1983,8621,1982,"IL","",,1,10,273,6,62,3,8,1,0,0,13,10,,,,
4397676,1983,8621,1982,"IL","",222365,3,12,504,1,11,4,8,1,0.375,0.625,10.5,7.25,0,0,0.125,0.125
4398892,1983,8628,1981,"IL","",,1,8,434,6,69,6,5,0.5,0.72,0,9,19,,,,
4399003,1983,8628,1981,"IL","",682835,3,11,205,1,19,2,9,1,0.7654,0.5,13.1111,5,0,0,0,0
4400921,1983,8642,1980,"IL","",,1,3,52,6,69,3,2,0.6667,0.5,0,8,15.3333,,,,
4402460,1983,8649,1981,"IL","",390890,3,17,239,5,59,1,4,1,0,0,6.25,12,0,0,0.25,0.25
4402614,1983,8649,1980,"IL","",,1,10,356,4,43,5,0,1,,0.72,,7,,,,
4402945,1983,8649,1981,"IL","",1705,3,4,514,3,31,1,0,1,,0,,2,1,1,,
4403137,1983,8649,1981,"IL","",,1,10,392,4,41,3,6,0.3333,0.4444,0,6.8333,26.6667,,,,
4403669,1983,8656,1982,"IL","",180020,3,10,177,6,69,3,10,0.6667,0.76,0,8.7,12.6667,0,0,0,0
4403731,1983,8656,1982,"IL","",166700,3,3,237,6,66,7,7,0.7143,0.4082,0.64,12.1429,10.7143,0,0,0,0
4404186,1983,8656,1981,"IL","",464090,3,5,424,3,31,3,12,1,0,0.4444,13,5.3333,0,0,0,0
4404297,1983,8656,1983,"IL","",77360,3,18,523,1,15,2,7,0,0.6122,,5.4286,24,0,0,0,0
4404653,1983,8656,1981,"IL","",636865,3,10,365,2,24,2,8,1,0.5625,0,8.375,11,0,0,0,0
4404660,1983,8656,1980,"IL","",394010,2,16,365,2,24,1,3,1,0.4444,0,12.6667,9,0,0,0,0
4405074,1983,8663,1981,"IL","",322950,2,15,228,5,52,8,3,0.875,0.4444,0.6939,9.6667,14.75,0,0,0,0
4405771,1983,8663,1981,"IL","",636865,3,7,528,1,15,6,1,1,0,0.6667,9,12,0,0,0,0
4406616,1983,8670,1981,"IL","",,1,10,431,6,66,2,1,0.5,0,0,4,28,,,,
4407509,1983,8677,1982,"IL","",563495,3,9,277,6,67,4,3,0.75,0.4444,0,7.3333,18.25,0,0,0,0
4410213,1983,8691,1981,"IL","",,1,13,297,6,65,14,11,0.2143,0,0,9.4545,34.6429,,,,
4410609,1983,8691,1981,"IL","",,1,19,429,4,45,4,9,1,0.1975,0,13.5556,6.25,,,,
4410887,1983,8691,1980,"IL","",,1,17,345,2,23,9,40,1,0.6388,0.8395,6.55,7.7778,,,,
4411292,1983,8698,1981,"IL","",,1,10,138,6,67,4,0,0,,,,38,,,,
4412694,1983,8705,1980,"IL","",,1,11,285,6,67,8,5,0.25,0,0.5,12.2,42,,,,
4413224,1983,8705,1982,"IL","",,1,2,323,4,45,7,14,1,0.3673,0.6939,7.5714,6.2857,,,,
4413567,1983,8712,1980,"IL","",181385,3,5,102,1,19,5,3,0.8,0,0,8.3333,20.6,0.3333,0.2,0,0
4413786,1983,8712,1980,"IL","",263300,3,6,239,5,59,4,4,1,0,0,11,2.75,1,0.75,0,0
4413787,1983,8712,1981,"IL","",,1,24,239,5,59,2,9,1,0.6667,0,9.6667,3.5,,,,
4413999,1983,8712,1982,"IL","",472130,3,52,8,1,11,5,4,0.8,0.75,0.625,9,15,0,0,0,0
4415500,1983,8719,1981,"IL","",636865,3,5,556,1,14,13,9,1,0.716,0.5562,11.5556,2.7692,0,0,0,0
4417833,1983,8733,1980,"IL","",285680,3,13,407,5,51,11,8,0.5455,0.4688,0.4444,11.25,40.3636,0,0,0.1429,0.125
4419367,1983,8740,1980,"IL","",682835,3,4,514,3,31,2,0,1,,0.5,,19,0,0,,
4420373,1983,8747,1981,"IL","",,1,14,202,1,19,13,7,0.3846,0.5714,0.48,11,30.6154,,,,
4420695,1983,8747,1981,"IL","",394010,2,2,327,4,41,4,9,0.75,0.6914,0.4444,6.3333,16,0,0,0.1111,0.1111
4421061,1983,8754,1982,"IL","",443245,3,14,119,6,61,10,2,1,0,0.18,6,9.8,0.3333,0.2,0.5,0.5
4421321,1983,8754,1983,"IL","",,1,8,277,6,67,6,6,1,0,0.2778,6.6667,7.8333,,,,
4421347,1983,8754,1981,"IL","",443245,3,9,285,6,67,5,7,0.4,0.2449,0,11.4286,31.8,0,0,0,0
4421781,1983,8754,1982,"IL","",588110,2,24,427,1,12,3,7,0.6667,0.5714,0.5,7.7143,22.3333,0,0,0,0
4421835,1983,8754,1981,"IL","",636865,3,28,429,4,45,12,1,1,0,0.1528,6,2.8333,0.5,0.5,0,0
4422312,1983,8761,1980,"IL","",,1,6,70,6,65,17,2,0.1176,0.5,0.5,12.5,59.2353,,,,
4423164,1983,8761,1982,"IL","",,1,7,523,1,15,10,5,0.9,0.72,0.7901,6.2,9.7,,,,
4423838,1984,8768,1981,"IL","",390890,3,11,239,5,59,7,7,0.7143,0.6939,0,10.7143,17.4286,0,0,0,0
4424348,1984,8768,1978,"IL","",,5,4,536,1,14,0,7,,0.449,,13.2857,,,,,
4424446,1984,8768,1980,"IL","",171425,3,19,250,4,44,6,12,1,0,0.2778,11.4167,6.1667,0.2,0.1667,0,0
