5227791,1993,12247,1991,"SI","",,1,1,341,2,22,2,1,1,0,0,1,21,,,,
5255689,1993,12352,1992,"SI","",,1,4,600,3,32,13,0,1,,0.7101,,15.0769,,,,
5267596,1993,12394,1992,"SI","",697150,3,6,152,5,55,6,1,0.6667,0,0,4,33.5,0,0,0,0
5280935,1994,12443,1993,"SI","",,1,3,280,5,55,12,1,0.5,0,0,4,45.25,,,,
5288724,1994,12471,1992,"SI","",699154,3,16,514,3,31,3,0,1,,0.4444,,24,0,0,,
5310898,1994,12548,1993,"SI","",699154,3,4,540,1,14,4,9,1,0.6173,0.625,2.1111,8.25,0,0,0.1111,0.1111
5353492,1994,12702,1992,"SI","",705326,3,8,29,5,52,3,4,1,0.625,0,3.25,19.6667,0,0,0,0
5359086,1994,12716,1993,"SI","",705873,3,6,548,1,14,3,4,1,0.375,0.4444,3.75,2.3333,0,0,0,0
5371334,1994,12758,1992,"SI","",,1,20,219,4,49,8,0,0.875,,0,,15.25,,,,
5389654,1995,12828,1993,"SI","",708769,3,1,514,3,31,2,1,1,0,0,3,7.5,0,0,0,0
5419673,1995,12933,1993,"SI","",711579,2,5,414,5,51,2,6,0.5,0.6111,0,2.6667,28,0,0,0,0
5434685,1995,12982,1993,"SI","",310735,2,6,349,1,19,11,4,1,0,0.1653,3.25,4.1818,0.125,0.0909,0.25,0.25
5438145,1995,12996,1994,"SI","",713378,3,5,546,1,14,2,1,1,0,0,2,7.5,0,0,0,0
5480885,1996,13150,1993,"SI","",708769,3,3,514,3,31,3,1,1,0,0.4444,4,26,0,0,0,0
5498788,1996,13220,1995,"SI","",699154,3,6,540,1,14,5,1,1,0,0.48,0,8.2,0.2,0.2,0,0
5504600,1996,13241,1995,"SI","",310735,2,6,349,1,19,17,4,1,0,0.3945,1.75,6.8235,0.3,0.1765,0.25,0.25
5511588,1996,13269,1995,"SI","",,1,12,139,6,63,8,1,1,0,0,1,8.75,,,,
5519012,1996,13290,1994,"SI","",720755,3,10,514,3,31,4,1,1,0,0.5,2,6,0,0,0,0
5520539,1996,13297,1994,"SI","",720873,2,2,433,3,39,3,1,1,0,0,3,6.6667,0,0,0,0
5527906,1996,13318,1993,"SI","",333310,3,2,540,1,14,5,1,1,0,0.32,3,7.8,0,0,0,0
5532527,1996,13332,1993,"SI","",,1,13,307,4,49,10,4,1,0.75,0.82,3.25,10.6,,,,
