5573450,1996,13465,1993,"SI","",,1,7,451,5,51,3,0,1,,0,,5.3333,,,,
5583892,1996,13493,1994,"SI","",,5,81,375,2,21,9,0,1,,0.3704,,9.8889,,,,
5608052,1997,13577,1995,"SI","",708769,3,4,536,1,14,5,1,1,0,0.48,0,9.2,0,0,0,0
5611299,1997,13591,1994,"SI","",,1,7,122,6,66,0,0,,,,,,,,,
5614199,1997,13598,1995,"SI","",720755,3,8,424,3,31,5,1,1,0,0.48,1,9.2,0,0,0,0
5627398,1997,13640,1994,"SI","",729971,3,1,257,4,46,4,1,1,0,0.625,2,8.25,0,0,0,0
5639102,1997,13682,1996,"SI","",,1,15,277,6,67,12,0,0.75,,0.4938,,29.8333,,,,
5643317,1997,13696,1994,"SI","",731356,3,19,606,3,32,8,2,1,0,0.2188,3,10.125,0,0,0,0
5645659,1997,13703,1996,"SI","",,1,14,152,5,55,13,0,0.5385,,0.2449,,32,,,,
5709993,1998,13899,1996,"SI","",,1,8,435,3,33,2,0,1,,0.5,,5,,,,
5712130,1998,13906,1995,"SI","",705027,3,5,435,3,33,3,0,1,,0.4444,,9,0,0,,
5712521,1998,13906,1992,"SI","",,1,3,310,4,45,10,1,1,0,0.18,5,17.1,,,,
5713395,1998,13913,1996,"SI","",,1,18,139,6,63,15,0,1,,0,,16.2667,,,,
5736804,1998,13976,1995,"SI","",739477,3,8,310,4,45,4,0,1,,0.375,,9,0,0,,
5739598,1998,13983,1996,"SI","",,1,23,307,4,49,5,0,1,,0.64,,8.8,,,,
5744888,1998,13997,1996,"SI","",740174,3,16,310,4,45,12,0,1,,0.1528,,10.8333,0,0,,
5765425,1998,14046,1997,"SI","",,1,3,72,5,52,2,0,1,,0.5,,17.5,,,,
5765764,1998,14046,1996,"SI","",,1,11,241,5,51,6,0,1,,0.7778,,9.5,,,,
5771928,1998,14060,1996,"SI","",742374,3,4,137,6,69,2,0,0,,,,72.5,0,0,,
5780274,1998,14074,1996,"SI","",743085,3,15,435,3,33,6,1,1,0,0.6111,1,10.3333,0,0,1,1
5782245,1998,14081,1996,"SI","",720873,2,2,128,3,32,3,0,1,,0,,15,0,0,,
5807354,1998,14137,1996,"SI","",,1,12,604,3,32,13,0,1,,0.4852,,6.7692,,,,
5819651,1998,14165,1997,"SI","",746533,3,12,101,6,69,11,1,1,0,0.4463,1,20,0,0,0,0
5824652,1998,14172,1996,"SI","",746994,3,19,514,3,31,1,0,1,,0,,4,0,0,,
5840714,1998,14207,1996,"SI","",720755,3,29,514,3,31,6,0,1,,0.5,,9.5,0,0,,
5853720,1998,14242,1997,"SI","",720755,3,17,424,3,31,1,0,1,,0,,5,0,0,,
5854390,1998,14242,1997,"SI","",720755,3,34,530,1,15,1,0,1,,0,,7,0,0,,
5859238,1999,14256,1997,"SI","",699154,3,,540,1,14,2,0,1,,0.5,,14.5,0,0,,
5900814,1999,14368,1996,"SI","",,1,,340,2,21,1,0,1,,0,,5,,,,
5928521,1999,14452,1997,"SI","",351245,3,,210,1,19,9,0,1,,0.3457,,11.8889,0,0,,
5942858,1999,14480,1996,"SI","",757397,3,,315,4,42,6,0,1,,0.7778,,12.8333,0,0,,
5947997,1999,14494,1997,"SI","",628950,3,,606,3,32,9,0,1,,0.1975,,11,0,0,,
5951900,1999,14501,1997,"SI","",,1,,219,4,49,4,0,1,,0.375,,13.75,,,,
5975243,1999,14550,1997,"SI","",,1,,182,6,65,1,0,1,,0,,2,,,,
5985625,1999,14564,1998,"SI","",743085,3,,435,3,33,9,0,1,,0.7407,,12.5556,0,0,,
5994534,1999,14578,1997,"SI","",743085,3,,540,1,14,14,0,1,,0.7449,,5.4286,0.0833,0.0714,,
6000651,1999,14592,1998,"SI","",71870,3,,241,5,51,9,0,0.5556,,0.32,,40.2222,0,0,,
