5181324,1993,12079,1991,"DK","",689140,3,9,33,6,69,14,0,0.6429,,0.1975,,34.1429,0,0,,
5181340,1993,12079,1991,"DK","",613215,3,2,49,5,59,7,0,0.7143,,0.56,,24.5714,0,0,,
5182081,1993,12079,1990,"DK","",299735,3,3,422,1,19,4,0,0.75,,0,,17,0,0,,
5182279,1993,12079,1991,"DK","",410090,3,6,514,3,31,0,5,,0.48,,4.4,,,,0.25,0.2
5183832,1993,12086,1991,"DK","",55665,3,2,522,1,15,2,2,1,0,0.5,5.5,9.5,0,0,0,0
5185955,1993,12100,1991,"DK","",,1,19,49,5,59,6,0,0.5,,0,,39.6667,,,,
5186208,1993,12100,1991,"DK","",320335,3,9,137,6,69,9,2,0.5556,0.5,0.56,6.5,30.3333,0.2,0.1111,0,0
5186580,1993,12100,1991,"DK","",,1,9,405,6,64,9,0,1,,0.6173,,16.4444,,,,
5186611,1993,12100,1992,"DK","",,1,7,417,5,53,6,2,0.6667,0.5,0,2.5,28.5,,,,
5186677,1993,12100,1991,"DK","",517970,3,20,452,6,61,3,4,0.6667,0,0.5,4.25,28.6667,0,0,0,0
5187164,1993,12100,1991,"DK","",410090,3,6,514,3,31,4,1,1,0,0.5,3,9.5,0,0,0,0
5189203,1993,12107,1988,"DK","",238050,3,6,560,1,14,4,8,1,0.375,0.5,6.875,15,0,0,0.375,0.375
5190066,1993,12114,1990,"DK","",689979,3,11,135,6,69,4,0,0.75,,0.6667,,21,0,0,,
5190088,1993,12114,1991,"DK","",689983,3,10,144,5,51,4,2,0.5,0.5,0.5,5.5,38.25,0,0,0,0
5190135,1993,12114,1992,"DK","",287515,3,2,198,5,59,3,3,0.6667,0,0.5,1.6667,23,0.5,0.3333,0,0
5190166,1993,12114,1991,"DK","",,1,10,211,6,65,2,2,0.5,0.5,0,2.5,66,,,,
5190371,1993,12114,1991,"DK","",432910,3,7,366,1,19,7,1,0.8571,0,0.2778,4,14.5714,0,0,0,0
5190731,1993,12114,1991,"DK","",238050,3,4,422,1,19,5,2,0.4,0,0,4,39.6,0,0,0,0
5190935,1993,12114,1991,"DK","",709942,3,7,514,3,31,1,17,1,0.2907,0,3.7059,8,0,0,0.2,0.1765
5191071,1993,12114,1991,"DK","",410090,3,38,510,1,19,15,5,1,0.56,0.7733,4.4,8,0,0,0.6,0.6
5191947,1993,12121,1990,"DK","",,1,10,177,6,69,10,2,0.8,0.5,0.375,7,20.6,,,,
5192181,1993,12121,1991,"DK","",,1,11,414,5,51,8,0,1,,0.75,,13.5,,,,
5192434,1993,12121,1992,"DK","",153510,3,14,210,1,19,6,2,1,0,0.5,1.5,13.5,0,0,0,0
5193337,1993,12128,1992,"DK","",845,3,3,60,4,45,6,1,0.6667,0,0,2,24.8333,0,0,0,0
5193745,1993,12128,1990,"DK","",,1,34,239,5,59,23,2,1,0.5,0.5217,4.5,11.6087,,,,
5194478,1993,12128,1991,"DK","",40110,3,10,524,1,15,7,7,1,0.6122,0.7347,3.8571,9.8571,0,0,0,0
5195319,1993,12135,1992,"DK","",,1,12,60,4,45,32,5,0.875,0.48,0.7806,2,12.875,,,,
5196657,1993,12135,1991,"DK","",,1,1,200,4,41,7,2,0.8571,0,0.2778,4.5,25.5714,,,,
5197204,1993,12142,1991,"DK","",43680,3,8,34,1,19,4,1,1,0,0,6,12,0,0,0,0
5197310,1993,12142,1991,"DK","",54650,3,3,70,6,65,3,2,1,0.5,0,5.5,13.3333,0,0,0,0
5197684,1993,12142,1991,"DK","",690760,3,8,241,5,51,5,1,0.8,0,0.375,3,14.6,0,0,0,0
5197939,1993,12142,1991,"DK","",17920,3,1,494,1,19,22,1,0.8636,0,0.5596,4,19.8182,0,0,0,0
5197957,1993,12142,1992,"DK","",111345,3,14,604,3,32,17,1,0.9412,0,0.6641,5,9.5882,0.2727,0.1765,0,0
5198206,1993,12142,1990,"DK","",238050,3,19,423,1,19,0,1,,0,,7,,,,0,0
5198451,1993,12142,1990,"DK","",410090,3,13,514,3,31,5,0,1,,0.32,,4.4,0,0,,
5198461,1993,12142,1991,"DK","",397621,3,16,514,3,31,2,8,1,0.4063,0.5,3.875,11.5,0,0,0.25,0.25
5199349,1993,12149,1992,"DK","",690915,3,19,99,6,61,14,3,0.5,0,0.6122,2.3333,36.3571,0,0,0,0
5199544,1993,12149,1991,"DK","",690938,3,6,194,5,59,3,3,0.3333,0.4444,0,2.3333,50.3333,0,0,0,0
5199557,1993,12149,1990,"DK","",363160,3,12,200,4,41,18,7,0.9444,0.2449,0.4775,5.2857,13.1111,0,0,0,0
5199649,1993,12149,1991,"DK","",687948,3,4,239,5,59,16,7,0.8125,0.449,0.142,3.5714,17.1875,0,0,0,0
5200223,1993,12149,1991,"DK","",691004,3,14,426,6,61,15,6,0.8667,0.5,0.5207,4.5,18.1333,0,0,0,0
5200328,1993,12149,1990,"DK","",410090,3,11,435,3,33,4,6,1,0.7222,0.5,4.8333,10,0,0,0.1667,0.1667
5200422,1993,12149,1991,"DK","",397621,3,8,514,3,31,1,13,1,0.2722,0,4.6154,26,0,0,0.0833,0.0769
5201006,1993,12149,1990,"DK","",423105,3,13,381,4,49,7,9,1,0.6667,0.449,6.2222,7.7143,0.1667,0.1429,0,0
5201121,1993,12156,1991,"DK","",135455,2,7,30,6,65,12,0,0.5,,0.6111,,34.5833,0,0,,
5201626,1993,12156,1991,"DK","",,1,7,414,5,51,5,2,1,0,0,5,16.6,,,,
5202415,1993,12156,1990,"DK","",410090,3,6,530,1,15,1,1,1,0,0,8,9,0,0,0,0
5202596,1993,12156,1991,"DK","",233895,3,7,310,4,45,10,1,1,0,0.82,3,7.4,0.1,0.1,0,0
5202927,1993,12156,1991,"DK","",580370,3,7,381,4,49,31,9,1,0.1975,0.5702,4.4444,10.1935,0.0909,0.0645,0.1429,0.1111
5203332,1993,12163,1990,"DK","",690813,3,8,600,3,32,9,3,1,0.4444,0.3704,5.3333,8.4444,0,0,0,0
5203495,1993,12163,1992,"DK","",691294,3,3,229,6,68,3,6,0.6667,0.5,0,3,19.3333,0,0,0,0
5203664,1993,12163,1990,"DK","",691309,3,4,414,5,51,8,2,0.75,0.5,0.6667,4,25.5,0,0,0,0
5203692,1993,12163,1991,"DK","",202035,3,6,431,6,66,4,2,0.75,0.5,0.4444,3,29.75,0,0,0,0
5204566,1993,12163,1991,"DK","",134690,3,14,310,4,45,6,0,1,,0.2778,,12.8333,0,0,,
5206144,1993,12170,1990,"DK","",410070,3,13,435,3,33,12,4,1,0.375,0.4861,5,7.5,0,0,0,0
5206229,1993,12170,1990,"DK","",709942,3,10,514,3,31,6,12,1,0.4028,0.5,5.25,8.8333,0,0,0.1818,0.1667
5207031,1993,12177,1991,"DK","",,1,8,451,5,51,5,1,0.8,0,0.625,5,23.2,,,,
5208147,1993,12177,1992,"DK","",721306,3,4,435,3,33,5,3,1,0.4444,0.48,3.6667,5.2,0,0,0,0
5208158,1993,12177,1990,"DK","",410090,3,12,435,3,33,3,3,1,0.4444,0.4444,3,6.6667,0,0,0.3333,0.3333
5208232,1993,12177,1991,"DK","",410090,3,10,514,3,31,0,0,,,,,,,,,
5209312,1993,12184,1992,"DK","",,1,10,177,6,69,3,5,1,0.64,0.4444,2.6,3,,,,
5209624,1993,12184,1991,"DK","",691821,3,19,412,6,69,13,0,0.9231,,0.625,,17.0769,0,0,,
5209629,1993,12184,1991,"DK","",691822,3,3,414,5,51,6,3,0.6667,0,0.375,5.3333,26,0,0,0,0
5211640,1993,12191,1992,"DK","",111345,3,13,604,3,32,5,4,1,0.375,0.56,2,6,0,0,0,0
5211880,1993,12191,1991,"DK","",238050,3,12,252,1,19,3,0,1,,0.4444,,9.3333,0,0,,
5212936,1993,12198,1991,"DK","",692128,3,5,56,6,61,10,0,1,,0,,7.8,0,0,,
5212960,1993,12198,1992,"DK","",415365,3,8,62,6,69,8,1,1,0,0.6875,1,9.25,0,0,0,0
5213278,1993,12198,1992,"DK","",692177,3,11,156,1,19,10,1,0.8,0,0.2188,4,16.4,0,0,0,0
5213494,1993,12198,1991,"DK","",483510,3,17,431,6,66,9,0,0.6667,,0.2778,,37.4444,0,0,,
5213808,1993,12198,1990,"DK","",755151,3,36,424,3,31,15,21,1,0.6803,0.6756,5.1429,8.2667,0,0,0,0
5213830,1993,12198,1990,"DK","",692238,3,2,426,6,61,5,1,1,0,0.72,7,11.8,0,0,0,0
5214054,1993,12198,1990,"DK","",410090,3,32,514,3,31,6,0,1,,0,,6.3333,0,0,,
5214057,1993,12198,1991,"DK","",410090,3,5,514,3,31,2,0,1,,0.5,,2.5,0,0,,
5214930,1993,12205,1992,"DK","",134690,3,2,62,6,69,3,0,1,,0.6667,,9.3333,0,0,,
5215035,1993,12205,1991,"DK","",,1,13,119,6,61,4,0,1,,0.5,,11.5,,,,
5215158,1993,12205,1991,"DK","",134690,3,1,180,5,55,4,2,1,0,0.625,3,7.5,0,0,0.5,0.5
5215453,1993,12205,1992,"DK","",134690,3,6,418,5,53,2,0,1,,0,,11,1,0.5,,
5215469,1993,12205,1992,"DK","",23220,3,5,434,6,69,8,4,0.5,0.375,0.375,4.25,28,0,0,0,0
5216001,1993,12205,1991,"DK","",253580,3,14,514,3,31,5,10,1,0.18,0.32,4,12,0.5,0.4,0.3,0.3
5217156,1993,12212,1992,"DK","",,1,6,228,5,52,4,1,0.75,0,0,4,20,,,,
5217936,1993,12212,1992,"DK","",238050,3,9,502,1,19,3,0,1,,0.4444,,6.3333,0,0,,
5218859,1993,12219,1991,"DK","",134690,3,12,73,4,43,6,0,1,,0.5,,17.8333,0,0,,
5219479,1993,12219,1991,"DK","",692744,3,26,508,5,59,6,0,1,,0.5,,8.5,0,0,,
5219583,1993,12219,1991,"DK","",447330,3,20,425,5,51,7,0,1,,0,,17,0,0,,
5219993,1993,12219,1991,"DK","",410090,3,3,530,1,15,1,0,1,,0,,5,0,0,,
5220095,1993,12219,1990,"DK","",238050,3,11,585,1,19,7,17,0.8571,0.5813,0.5,5,18.5714,0,0,0.4706,0.4706
5220953,1993,12226,1992,"DK","",135040,3,11,164,5,52,3,0,1,,0,,18.6667,0,0,,
5221193,1993,12226,1992,"DK","",311690,3,8,417,5,53,5,0,1,,0.72,,3.4,0,0,,
5222337,1993,12233,1991,"DK","",480105,3,5,52,6,69,5,2,0.8,0,0,5,17.8,0,0,0,0
5223088,1993,12233,1991,"DK","",684469,3,10,159,1,19,11,6,0.6364,0.2778,0.5714,3.8333,24.5455,0,0,0,0
5223124,1993,12233,1990,"DK","",410090,3,12,204,1,19,5,2,1,0,0.32,3.5,9.4,0,0,0,0
5223527,1993,12233,1992,"DK","",397621,3,6,514,3,31,1,1,1,0,0,3,1,0,0,0,0
5223619,1993,12233,1991,"DK","",693123,3,3,544,1,14,1,1,1,0,0,3,7,0,0,0,0
5223660,1993,12233,1990,"DK","",,5,10,84,6,69,6,2,1,0.5,0,5.5,11.6667,,,,
5223761,1993,12233,1991,"DK","",218550,2,3,310,4,45,10,0,0.3,,0,,55.7,0,0,,
5224287,1993,12240,1991,"DK","",,1,5,43,6,61,8,0,0.875,,0,,17.25,,,,
5224389,1993,12240,1990,"DK","",233895,3,8,73,4,43,10,3,1,0.6667,0.56,3,8,0,0,0,0
5225604,1993,12240,1991,"DK","",397621,3,3,568,1,14,13,1,1,0,0.7692,3,11.6154,0.1,0.0769,0,0
5226776,1993,12247,1991,"DK","",,1,1,414,5,51,9,2,0.8889,0.5,0.5625,3,22,,,,
5226935,1993,12247,1992,"DK","",693430,3,10,96,1,13,9,2,0.5556,0.5,0.32,5.5,38.5556,0,0,0,0
5227018,1993,12247,1991,"DK","",684469,3,24,159,1,19,15,1,0.8,0,0.6944,6,17.4667,0,0,0,0
5227379,1993,12247,1991,"DK","",410090,3,14,514,3,31,0,0,,,,,,,,,
5227488,1993,12247,1990,"DK","",410090,3,7,546,1,14,2,0,1,,0,,15.5,0,0,,
5228826,1993,12254,1991,"DK","",,1,7,414,5,51,10,0,1,,0.58,,11.4,,,,
5229291,1993,12254,1990,"DK","",410070,3,16,435,3,33,0,3,,0.6667,,5,,,,0,0
5229404,1993,12254,1991,"DK","",410090,3,20,514,3,31,5,0,1,,0,,5,0,0,,
5231106,1993,12261,1991,"DK","",410090,3,21,514,3,31,3,1,1,0,0,3,5.3333,0,0,0,0
5231168,1993,12261,1989,"DK","",693821,3,7,530,1,15,4,4,0.75,0.625,0,5.5,34.5,0,0,0,0
5231354,1993,12261,1991,"DK","",693834,3,25,324,4,43,7,1,1,0,0.6939,3,6.1429,0,0,0,0
5231788,1993,12268,1991,"DK","",,1,5,43,6,61,5,0,0.6,,0,,33.2,,,,
5232720,1993,12268,1991,"DK","",686646,3,6,426,6,61,6,1,1,0,0,5,12.3333,0,0,0,0
5232763,1993,12268,1992,"DK","",692177,3,9,428,6,69,1,1,1,0,0,4,6,0,0,0,0
5233787,1993,12275,1992,"DK","",376460,3,1,43,6,61,7,3,0.7143,0.6667,0.32,4.3333,23.8571,0,0,0,0
5233801,1993,12275,1991,"DK","",,1,14,52,6,69,6,2,1,0,0,4,15.6667,,,,
5234098,1993,12275,1992,"DK","",688847,3,3,198,5,59,6,0,0.1667,,0,,33,0,0,,
5234457,1993,12275,1991,"DK","",72095,2,60,606,3,32,19,55,1,0.7068,0.5263,4.5818,4.6316,0.0667,0.0526,0.1277,0.1091
5234605,1993,12275,1991,"DK","",,1,23,210,1,19,4,4,0,0,,3.25,57.5,,,,
5234754,1993,12275,1988,"DK","",,1,37,428,6,69,30,3,0.7667,0.4444,0.5369,7.3333,28.5,,,,
5234823,1993,12275,1990,"DK","",410070,3,10,435,3,33,0,2,,0.5,,4,,,,0,0
5234932,1993,12275,1992,"DK","",709942,3,5,514,3,31,2,1,1,0,0,3,3,0,0,0,0
5236110,1993,12282,1991,"DK","",683395,3,15,224,6,68,4,2,1,0,0,4,6.5,0,0,0,0
5236124,1993,12282,1992,"DK","",,1,4,236,6,69,6,0,0.3333,,0.5,,53.3333,,,,
5236904,1993,12282,1989,"DK","",505030,2,21,514,3,31,3,12,1,0.375,0.4444,6.1667,8.6667,0,0,0.1111,0.0833
5238945,1993,12289,1992,"DK","",253580,3,3,514,3,31,4,0,1,,0,,5.75,0.5,0.5,,
5240710,1993,12296,1992,"DK","",,5,48,424,3,31,12,18,1,0.537,0.4861,2.5556,9.1667,,,,
5241365,1993,12296,1990,"DK","",345015,3,6,356,4,43,9,2,1,0,0.4938,5.5,9.7778,0.125,0.1111,0,0
5242092,1993,12303,1992,"DK","",682680,3,3,222,1,19,4,4,1,0.375,0.625,4,5.5,0,0,0.25,0.25
5242630,1993,12303,1992,"DK","",601715,2,5,264,5,51,8,1,1,0,0.75,1,10.125,0.125,0.125,0,0
5242835,1993,12303,1992,"DK","",721306,3,42,436,1,19,8,5,1,0.72,0.75,4,11.125,0,0,0.5,0.2
5242918,1993,12303,1992,"DK","",397621,3,10,514,3,31,1,3,1,0,0,3.6667,24,0,0,1,1
5243484,1993,12303,1991,"DK","",27770,3,4,360,2,24,2,0,1,,0,,9.5,0,0,,
5243616,1993,12303,1991,"DK","",694943,3,4,372,4,42,4,1,0.5,0,0.5,4,26.25,0,0,0,0
5244062,1993,12310,1991,"DK","",695010,3,9,188,5,53,6,4,0.8333,0.625,0.32,3.25,17.6667,0,0,0,0
5244608,1993,12310,1991,"DK","",695065,3,5,264,5,51,7,2,0.5714,0.5,0.5,4.5,25.8571,0,0,0,0
5244664,1993,12310,1992,"DK","",709942,3,10,424,3,31,1,1,1,0,0,1,2,0,0,0,0
5245014,1993,12310,1990,"DK","",410090,3,6,530,1,15,7,1,1,0,0,5,5.5714,0,0,0,0
5245100,1993,12310,1992,"DK","",695087,3,5,585,1,19,2,6,1,0,0.5,4.1667,18.5,0,0,0,0
5245464,1993,12310,1992,"DK","",695116,3,18,359,5,54,10,6,1,0.5,0.34,3.8333,13.2,0,0,0,0
5246204,1993,12317,1991,"DK","",,1,1,251,5,53,2,2,1,0,0,4.5,6.5,,,,
5246912,1993,12317,1991,"DK","",61446,3,15,504,1,11,17,1,0.9412,0,0.5391,3,17.9412,0,0,0,0
5246935,1993,12317,1991,"DK","",410090,3,27,514,3,31,6,3,0.8333,0.4444,0.48,2.6667,14.1667,0,0,0,0
5247338,1993,12317,1991,"DK","",695285,3,10,356,4,43,5,5,1,0.64,0.56,4.8,8.2,0,0,0,0
5248085,1993,12324,1992,"DK","",233890,3,13,237,6,66,1,1,1,0,0,6,6,0,0,0,0
5248387,1993,12324,1991,"DK","",684469,3,8,159,1,19,9,2,0.6667,0,0.5,5,22.6667,0,0,0,0
5248429,1993,12324,1991,"DK","",550875,2,24,210,1,19,8,2,0.875,0.5,0.6939,3.5,12.875,0,0,0,0
5249374,1993,12331,1992,"DK","",603140,3,3,34,1,19,13,0,0.8462,,0.6446,,15.3077,0,0,,
5250476,1993,12331,1992,"DK","",238050,3,16,501,1,19,8,0,1,,0.8125,,6.5,0,0,,
5250514,1993,12331,1992,"DK","",410090,3,14,514,3,31,6,1,1,0,0,3,6,0,0,0,0
5250538,1993,12331,1992,"DK","",410090,3,10,514,3,31,3,1,1,0,0.4444,3,7.6667,0,0,0,0
5251716,1993,12338,1991,"DK","",134690,3,1,180,5,55,5,0,1,,0.32,,14.6,0,0,,
5252303,1993,12338,1992,"DK","",,1,4,422,1,19,8,6,1,0.6667,0.5313,4,11.5,,,,
5252464,1993,12338,1992,"DK","",89815,3,11,435,3,33,5,0,1,,0.64,,8,0,0,,
5252726,1993,12338,1992,"DK","",410090,3,2,536,1,14,0,4,,0.375,,3.25,,,,0.5,0.5
5252829,1993,12338,1992,"DK","",739677,3,27,250,4,44,5,4,1,0,0.32,3.5,7,0,0,0,0
5254174,1993,12345,1992,"DK","",134835,3,8,127,1,11,9,6,0.7778,0.6667,0.2449,3.6667,25.1111,0.5,0.1111,0,0
5255428,1993,12352,1991,"DK","",84480,2,9,29,5,52,4,2,1,0.5,0.625,5,4.75,0,0,0,0
5255670,1993,12352,1992,"DK","",,1,5,128,3,32,11,1,0.9091,0,0.72,3,19.3636,,,,
5256183,1993,12352,1992,"DK","",407450,3,8,75,5,52,4,3,1,0.6667,0.625,3.6667,3.5,0,0,0,0
5257177,1993,12352,1991,"DK","",134690,3,17,700,2,22,4,12,1,0.6111,0.375,4.75,3.75,0,0,0,0
5257587,1993,12359,1992,"DK","",202035,3,18,110,6,66,3,5,1,0.32,0.6667,3.2,8.6667,0,0,0,0
5257737,1993,12359,1991,"DK","",134690,3,4,236,6,69,6,1,0.8333,0,0.72,4,22.8333,0,0,0,0
5258285,1993,12359,1988,"DK","",739677,3,10,435,3,33,9,8,1,0.4063,0.1975,8.375,14.7778,0,0,0,0
5258454,1993,12359,1992,"DK","",696258,3,36,525,1,15,4,4,1,0.75,0.75,3.5,11.5,0,0,0,0
5259653,1993,12366,1991,"DK","",,1,5,294,5,59,11,1,0.2727,0,0.4444,5,31.8182,,,,
5259876,1993,12366,1992,"DK","",202035,3,2,106,1,12,9,1,1,0,0.1975,5,14.4444,0.5,0.4444,0,0
5260019,1993,12366,1991,"DK","",696420,3,8,422,1,19,7,1,1,0,0.8163,2,13,0,0,0,0
5260298,1993,12366,1992,"DK","",410090,3,11,514,3,31,2,0,1,,0,,3,0.5,0.5,,
5260311,1993,12366,1991,"DK","",410090,3,15,514,3,31,6,4,1,0.375,0,4.75,3,0.3333,0.3333,0.75,0.75
5260314,1993,12366,1991,"DK","",410090,3,36,514,3,31,2,32,1,0.4082,0,4.0938,2,1,1,0.1786,0.1563
5261727,1993,12373,1992,"DK","",696559,3,20,297,6,65,8,1,0.875,0,0,4,9.75,0,0,0,0
5262427,1993,12373,1988,"DK","",410090,3,22,514,3,31,12,7,1,0,0.1528,6.8571,6.9167,0,0,0.4,0.2857
5262430,1993,12373,1991,"DK","",410090,3,18,514,3,31,1,1,1,0,0,5,14,0,0,0,0
5262443,1993,12373,1992,"DK","",238050,3,12,518,1,19,4,0,1,,0.375,,6,0,0,,
5263321,1993,12380,1991,"DK","",134690,3,1,60,4,45,3,2,1,0,0.4444,5,7,0.5,0.3333,0,0
5263482,1993,12380,1990,"DK","",693834,3,18,600,3,32,4,3,1,0.4444,0.375,5.3333,11.5,0,0,0,0
5263724,1993,12380,1992,"DK","",613990,3,7,277,6,67,11,3,0.7273,0.6667,0.4063,2.6667,26,0,0,0,0
5264444,1993,12380,1991,"DK","",410090,3,12,514,3,31,6,3,1,0.4444,0,4.6667,3,0.3333,0.3333,0.6667,0.6667
5265841,1993,12387,1993,"DK","",134690,3,13,251,5,53,3,0,1,,0.4444,,10.3333,0,0,,
5266251,1993,12387,1992,"DK","",697020,3,4,264,5,51,6,1,1,0,0.4444,3,11.1667,0,0,0,0
5269190,1993,12401,1991,"DK","",,1,8,73,4,43,3,5,0.6667,0.56,0,5,21.3333,,,,
5269652,1993,12401,1991,"DK","",,1,5,416,1,19,5,0,0.6,,0,,25,,,,
5270306,1993,12401,1991,"DK","",397621,3,7,514,3,31,0,0,,,,,,,,,
5272950,1993,12415,1992,"DK","",,1,20,84,6,69,9,1,0.5556,0,0.32,1,35.6667,,,,
5272964,1993,12415,1993,"DK","",697660,3,8,99,6,61,12,5,0.8333,0.56,0.48,3,16.5,0,0,0.2,0.2
5273896,1993,12415,1990,"DK","",410090,3,4,435,3,33,8,9,1,0.6667,0.6563,4.5556,14.375,0,0,0.6667,0.6667
5274962,1994,12422,1992,"DK","",684288,3,5,451,5,51,6,4,0.8333,0,0,2.25,15.6667,0,0,1,0.75
5275251,1994,12422,1991,"DK","",134690,3,14,180,5,55,8,0,1,,0.4063,,4,0.125,0.125,,
5275788,1994,12422,1993,"DK","",,1,30,422,1,19,9,6,1,0.6111,0.4938,1.6667,10.7778,,,,
5276028,1994,12422,1992,"DK","",697940,3,7,514,3,31,7,1,1,0,0.5714,7,8.4286,0,0,0,0
5276035,1994,12422,1992,"DK","",410090,3,15,514,3,31,10,0,0.9,,0.3457,,10.2,0.1429,0.1,,
5276233,1994,12422,1991,"DK","",238050,3,5,585,1,19,8,1,0.75,0,0.6667,4,20,0,0,0,0
5276958,1994,12429,1993,"DK","",218550,2,4,29,5,52,10,2,0.3,0.5,0,3,56.7,0,0,0.5,0.5
5277037,1994,12429,1991,"DK","",77275,3,3,62,6,69,4,1,0.75,0,0,4,16.5,0,0,0,0
5279320,1994,12436,1992,"DK","",698285,3,8,137,6,69,1,1,1,0,0,5,9,0,0,1,1
5279948,1994,12436,1992,"DK","",410090,3,25,435,3,33,2,0,1,,0.5,,12,0,0,,
5279962,1994,12436,1992,"DK","",410090,3,1,435,3,33,10,5,1,0.48,0.32,4,5,0,0,0,0
5280873,1994,12443,1993,"DK","",134690,3,7,251,5,53,3,0,1,,0,,24,0,0,,
5281511,1994,12443,1992,"DK","",698508,3,15,430,1,19,8,0,0.75,,0.8333,,23.125,0,0,,
5284046,1994,12457,1992,"DK","",698730,3,24,73,4,43,5,1,0.6,0,0,4,32.6,0,0,0,0
5284435,1994,12457,1992,"DK","",601715,2,12,425,5,51,7,2,1,0.5,0.6939,3.5,7.1429,0.1429,0.1429,0,0
5284847,1994,12457,1992,"DK","",410090,3,7,514,3,31,2,0,1,,0,,4,0,0,,
5284859,1994,12457,1991,"DK","",410090,3,11,514,3,31,6,1,1,0,0,5,4,0.3333,0.3333,1,1
5285867,1994,12464,1991,"DK","",134690,3,19,180,5,55,9,0,0.8889,,0.75,,10.6667,0,0,,
5285930,1994,12464,1992,"DK","",698908,3,10,222,1,19,13,4,0.4615,0.625,0.5,4.75,37.2308,0,0,0,0
5285937,1994,12464,1992,"DK","",683395,3,17,224,6,68,1,0,1,,0,,13,0,0,,
5286385,1994,12464,1993,"DK","",,5,17,210,1,19,5,3,1,0.4444,0.72,1.3333,5.8,,,,
5286404,1994,12464,1992,"DK","",410090,3,33,510,1,19,0,4,,0,,3.5,,,,0,0
5286900,1994,12464,1992,"DK","",238050,3,6,560,1,14,4,4,1,0,0.625,4,9.25,0.5,0.5,0.5,0.5
5287854,1994,12471,1991,"DK","",693834,3,11,600,3,32,6,1,1,0,0,5,9.3333,0,0,0,0
5288500,1994,12471,1992,"DK","",688370,3,16,424,3,31,13,6,0.8462,0.4444,0.1653,2.6667,16.2308,0,0,0,0
5288624,1994,12471,1991,"DK","",410090,3,11,435,3,33,2,1,1,0,0.5,6,16,0,0,0,0
5288627,1994,12471,1992,"DK","",410090,3,2,435,3,33,3,5,1,0.32,0.4444,2.4,9.6667,0,0,1,1
5288646,1994,12471,1991,"DK","",721306,3,48,436,1,19,20,2,1,0.5,0.845,6,6.3,0,0,0,0
5288929,1994,12471,1992,"DK","",699166,3,7,570,1,14,1,0,1,,0,,2,0,0,,
5289643,1994,12478,1993,"DK","",684469,3,5,34,1,19,0,0,,,,,,,,,
5290795,1994,12478,1992,"DK","",410090,3,10,514,3,31,7,1,1,0,0.4082,4,9.7143,0,0,0,0
5291346,1994,12478,1992,"DK","",52565,3,2,360,2,24,4,8,1,0.2188,0.625,2.75,7.5,0,0,0,0
5291689,1994,12485,1992,"DK","",684288,3,11,451,5,51,4,3,0.5,0,0,2.6667,43,0,0,0.6667,0.6667
5292727,1994,12485,1992,"DK","",709942,3,2,514,3,31,2,2,1,0,0,1.5,2,0,0,0.5,0.5
5293008,1994,12485,1992,"DK","",423105,3,12,181,6,69,3,3,1,0.6667,0.4444,5.3333,6,0,0,0,0
5293770,1994,12492,1990,"DK","",721306,3,29,73,4,43,13,5,0.8462,0.64,0.4298,6.4,11.7692,0,0,0,0
5296493,1994,12499,1991,"DK","",397621,3,17,514,3,31,0,1,,0,,2,,,,0,0
5298224,1994,12506,1992,"DK","",410090,3,5,422,1,19,14,7,1,0.6531,0.6429,2.8571,14.7143,0,0,0.1667,0.1429
5299512,1994,12513,1992,"DK","",202035,3,8,110,6,66,3,1,1,0,0.4444,3,14.3333,0,0,0,0
5300867,1994,12513,1992,"DK","",613215,3,9,318,4,45,8,0,1,,0.6875,,9.75,0,0,,
5300904,1994,12513,1992,"DK","",580370,3,4,334,4,41,13,2,0.3077,0.5,0.375,1.5,43.0769,0,0,0,0
5301790,1994,12520,1992,"DK","",320330,3,7,198,5,59,7,4,1,0.625,0.449,3.25,18,0,0,0,0
5301795,1994,12520,1993,"DK","",135040,3,6,198,5,59,11,1,0.9091,0,0.48,3,19,0.1,0.0909,0,0
5303308,1994,12520,1992,"DK","",226925,3,16,381,4,49,4,3,1,0.4444,0.5,4.3333,5.25,0.5,0.5,0,0
5303782,1994,12527,1993,"DK","",,1,8,137,6,69,6,1,1,0,0.2778,3,19.1667,,,,
5304394,1994,12527,1992,"DK","",489515,3,7,427,1,12,1,4,1,0,0,2.75,3,0,0,0,0
5304744,1994,12527,1993,"DK","",,1,22,177,6,69,1,9,1,0.1975,0,2.2222,1,,,,
5305869,1994,12534,1993,"DK","",357080,3,20,198,5,59,6,3,1,0,0,2,8.1667,0.25,0.1667,0,0
5306634,1994,12534,1993,"DK","",410090,3,4,435,3,33,6,0,1,,0.5,,6.3333,0,0,,
5306841,1994,12534,1993,"DK","",,1,4,558,1,14,4,0,1,,0.625,,6,,,,
5307923,1994,12541,1993,"DK","",357080,3,11,198,5,59,6,5,1,0,0,2.8,7.3333,0,0,0,0
5308277,1994,12541,1993,"DK","",,1,3,446,6,62,6,1,0.3333,0,0,3,36.8333,,,,
5308845,1994,12541,1992,"DK","",410090,3,8,514,3,31,2,7,1,0.2449,0,3.1429,4.5,0,0,0,0
5309066,1994,12541,1992,"DK","",297130,3,12,315,4,42,10,1,1,0,0.58,5,8.5,0.25,0.1,0,0
5309775,1994,12548,1992,"DK","",721306,3,23,73,4,43,9,1,1,0,0.7901,2,10.2222,0,0,0,0
5309792,1994,12548,1993,"DK","",698508,3,5,76,5,52,4,0,1,,0.625,,15.75,0,0,,
5310160,1994,12548,1993,"DK","",134690,3,2,251,5,53,3,0,1,,0.4444,,17.6667,0.3333,0.3333,,
5310283,1994,12548,1992,"DK","",701184,3,10,405,6,64,8,3,1,0.4444,0,4,14,0,0,0,0
5310676,1994,12548,1992,"DK","",40825,3,36,435,3,33,7,4,1,0.4444,0.2449,5,10.8571,0,0,0,0
5310756,1994,12548,1992,"DK","",410090,3,32,514,3,31,2,0,1,,0,,9,0,0,,
5311595,1994,12548,1991,"DK","",701264,3,33,713,2,22,14,17,1,0.8858,0.6531,3.7647,6.1429,0,0,0,0
5312736,1994,12555,1992,"DK","",410090,3,9,435,3,33,1,10,1,0.54,0,2.7,2,0,0,0.1,0.1
5312806,1994,12555,1992,"DK","",480105,3,2,501,1,19,7,13,0.7143,0.2722,0.32,4.0769,21.1429,0,0,0.3077,0.3077
5314047,1994,12562,1993,"DK","",701516,3,6,191,4,49,7,0,1,,0.8571,,16.8571,0,0,,
5314069,1994,12562,1992,"DK","",140855,3,7,206,6,68,14,1,0.7857,0,0.7107,4,22.5,0.125,0.0714,0,0
5314412,1994,12562,1991,"DK","",410090,3,3,604,3,32,10,9,1,0.3704,0.7,4,10.1,0,0,0,0
5314510,1994,12562,1993,"DK","",73040,3,11,44,1,19,17,0,1,,0.6505,,16.6471,0,0,,
5314681,1994,12562,1993,"DK","",693834,3,19,424,3,31,11,12,1,0.6528,0.314,2.5,6.2727,0,0,0,0
5314878,1994,12562,1991,"DK","",701589,3,13,514,3,31,15,0,1,,0.7556,,9.2,0,0,,
5314909,1994,12562,1993,"DK","",367520,2,3,514,3,31,1,3,1,0.4444,0,1.3333,16,1,1,0,0
5315016,1994,12562,1992,"DK","",701602,3,52,549,1,14,2,0,1,,0.5,,5,0,0,,
5315211,1994,12562,1992,"DK","",31520,2,13,315,4,42,6,1,1,0,0.5,4,17.1667,0,0,0,0
5315844,1994,12569,1992,"DK","",,1,11,62,6,69,3,1,1,0,0,5,18.3333,,,,
5316911,1994,12569,1989,"DK","",,1,29,435,3,33,2,14,1,0.6735,0,6.1429,10,,,,
5316923,1994,12569,1992,"DK","",410090,3,10,435,3,33,2,0,1,,0,,6,0,0,,
5317092,1994,12569,1992,"DK","",410090,3,19,530,1,15,11,0,1,,0.314,,7,0,0,,
5317496,1994,12569,1992,"DK","",,1,12,363,4,45,11,1,1,0,0,5,5.3636,,,,
5318010,1994,12576,1992,"DK","",701880,3,20,600,3,32,9,1,1,0,0,5,17.6667,0,0,0,0
5318176,1994,12576,1992,"DK","",701896,3,2,211,6,65,7,0,0.5714,,0.375,,30.2857,0,0,,
5318714,1994,12576,1992,"DK","",410090,3,15,510,1,19,11,4,0.9091,0.625,0.48,3.5,14.8182,0,0,0,0
5318782,1994,12576,1993,"DK","",,1,21,424,3,31,23,11,0.9565,0.8099,0.8264,2.4545,12.0435,,,,
5319843,1994,12583,1990,"DK","",238050,3,11,29,5,52,11,2,1,0.5,0,4.5,2.4545,0,0,0,0
5322065,1994,12590,1990,"DK","",693834,3,3,600,3,32,6,1,1,0,0.6111,7,5.5,0,0,0,0
5322211,1994,12590,1993,"DK","",702284,3,10,229,6,68,23,2,0.6957,0,0.1172,2.5,25.5652,0,0,0,0
5322421,1994,12590,1993,"DK","",702306,3,7,417,5,53,5,2,0.8,0,0,3.5,17.6,0,0,0,0
5322522,1994,12590,1992,"DK","",111345,3,7,604,3,32,5,2,1,0,0.32,4,7,0,0,0,0
5322523,1994,12590,1992,"DK","",111345,3,10,604,3,32,11,2,0.8182,0,0,4,10.4545,0,0,0,0
5322656,1994,12590,1992,"DK","",702331,3,16,264,5,51,18,0,0.5,,0.3704,,29.2222,0,0,,
5322851,1994,12590,1993,"DK","",253580,3,13,514,3,31,7,4,1,0,0.449,2.75,13.1429,0.3333,0.2857,0,0
5323515,1994,12597,1993,"DK","",702425,3,7,24,6,63,8,2,0.125,0.5,0,4,68,0,0,0,0
5323728,1994,12597,1993,"DK","",,5,4,116,6,69,9,3,1,0.6667,0.8148,1.3333,11.5556,,,,
5324304,1994,12597,1992,"DK","",628950,3,9,606,3,32,9,19,1,0.4321,0.5679,4.2105,6.4444,0.1667,0.1111,0,0
5324641,1994,12597,1992,"DK","",410090,3,10,435,3,33,5,1,1,0,0.64,4,3,0.6,0.6,1,1
5324949,1994,12597,1991,"DK","",702562,3,8,250,4,44,7,1,1,0,0.5714,3,13.1429,0,0,1,1
5325872,1994,12604,1992,"DK","",580370,3,13,128,3,32,3,2,1,0,0.4444,4,3.6667,0,0,0,0
5325972,1994,12604,1991,"DK","",320330,3,2,209,5,51,6,2,1,0.5,0.5,5,14.3333,0,0,0,0
5326452,1994,12604,1992,"DK","",721306,3,20,204,1,19,7,0,1,,0.5714,,13.7143,0.3333,0.2857,,
5328917,1994,12611,1993,"DK","",410090,3,10,514,3,31,5,0,1,,0.48,,7.6,0.4,0.4,,
5328923,1994,12611,1991,"DK","",410090,3,8,514,3,31,2,18,1,0.4012,0,3.7778,3,1,1,0.1111,0.1111
5328924,1994,12611,1991,"DK","",410090,3,10,514,3,31,2,17,1,0.4152,0,3.8235,3,1,1,0.1176,0.1176
5328925,1994,12611,1991,"DK","",410090,3,8,514,3,31,6,2,1,0,0,5,4,0.3333,0.3333,1,1
5329863,1994,12618,1993,"DK","",686695,3,4,108,6,69,3,0,0.3333,,0,,51,1,0.3333,,
5330827,1994,12618,1992,"DK","",703117,3,20,428,6,69,5,2,1,0.5,0.72,3.5,10.6,0,0,0,0
5330990,1994,12618,1992,"DK","",410090,3,14,514,3,31,0,2,,0,,3,,,,0,0
5331954,1994,12625,1993,"DK","",410090,3,16,128,3,32,9,3,1,0,0.3457,1.3333,5.3333,0,0,0,0
5332012,1994,12625,1993,"DK","",703224,3,10,141,5,51,17,0,0.9412,,0.7422,,14.7059,0,0,,
5332025,1994,12625,1992,"DK","",135040,3,6,164,5,52,6,3,1,0,0.2778,3.6667,9.6667,0.3333,0.1667,0.6667,0.6667
5332369,1994,12625,1992,"DK","",233890,3,10,417,5,53,7,6,0.8571,0.5,0,3.5,11.4286,0.25,0.1429,0,0
5333507,1994,12632,1993,"DK","",134690,3,6,73,4,43,3,4,1,0.375,0,2.5,10.3333,0,0,0,0
5333630,1994,12632,1993,"DK","",703380,3,10,134,6,69,8,1,0.875,0,0.2449,0,23,0,0,0,0
5335163,1994,12632,1993,"DK","",495980,3,5,363,4,45,6,2,1,0.5,0.5,2.5,9.3333,0.2,0.1667,0,0
5335461,1994,12639,1992,"DK","",613215,3,6,52,6,69,4,0,1,,0.625,,20,0,0,,
5337544,1994,12646,1992,"DK","",357070,3,2,56,6,61,5,5,1,0,0,3.6,6.2,0,0,0,0
5337778,1994,12646,1993,"DK","",134690,3,11,137,6,69,1,1,1,0,0,0,2,0,0,0,0
5337838,1994,12646,1993,"DK","",,1,15,175,6,64,9,4,1,0.625,0.6173,2.5,10.3333,,,,
5338162,1994,12646,1993,"DK","",311690,3,8,417,5,53,4,4,0.75,0.625,0.4444,3,20,0,0,0,0
5338403,1994,12646,1993,"DK","",410090,3,13,162,1,19,2,0,1,,0,,14.5,0,0,,
5338562,1994,12646,1992,"DK","",202675,2,31,426,6,61,5,10,1,0.42,0,4,7,0.25,0.2,0.2,0.2
5338661,1994,12646,1989,"DK","",,1,13,435,3,33,0,2,,0.5,,6,,,,,
5339674,1994,12653,1992,"DK","",686986,3,8,73,4,43,9,2,0.8889,0,0.5,3.5,15.6667,0,0,0,0
5342768,1994,12660,1991,"DK","",410090,3,18,435,3,33,2,1,1,0,0,5,7.5,0,0,1,1
5343997,1994,12667,1992,"DK","",,1,13,198,5,59,10,0,0.8,,0.2188,,17.7,,,,
5344481,1994,12667,1993,"DK","",202045,3,4,96,1,13,4,1,1,0,0.375,2,16.75,0,0,1,1
5344537,1994,12667,1993,"DK","",704463,3,2,205,1,19,1,0,1,,0,,17,0,0,,
5344722,1994,12667,1992,"DK","",238050,3,11,429,4,45,2,0,1,,0.5,,6.5,0,0,,
5344780,1994,12667,1993,"DK","",,1,13,436,1,19,18,3,1,0.6667,0.8148,3,14.6111,,,,
5345693,1994,12674,1992,"DK","",704560,3,4,34,1,19,5,1,0.8,0,0.375,4,25.6,0,0,0,0
5348167,1994,12681,1993,"DK","",,1,2,211,6,65,5,15,1,0.5511,0.56,2.9333,6.2,,,,
5348965,1994,12681,1992,"DK","",410090,3,16,514,3,31,1,0,1,,0,,29,0,0,,
5349734,1994,12688,1991,"DK","",279465,3,5,29,5,52,6,6,1,0,0.6111,6,13.8333,0,0,0,0
5349910,1994,12688,1993,"DK","",202035,3,8,110,6,66,3,1,1,0,0.4444,5,5,0,0,0,0
5350478,1994,12688,1992,"DK","",376480,2,6,156,1,19,8,3,0.875,0.4444,0.5714,4,22.125,0,0,0.6667,0.6667
5350619,1994,12688,1992,"DK","",705032,3,4,428,6,69,3,4,1,0.5,0.6667,3.25,20.3333,0,0,0,0
5350641,1994,12688,1993,"DK","",205005,3,16,429,4,45,5,4,1,0,0.48,2.5,2.6,0,0,0,0
5351118,1994,12688,1991,"DK","",705054,3,40,356,4,43,16,6,0.9375,0.6111,0.5067,3.8333,13.125,0,0,0,0
5351411,1994,12695,1993,"DK","",,1,8,33,6,69,6,3,1,0.4444,0.2778,2.6667,8.1667,,,,
5351501,1994,12695,1992,"DK","",,1,15,62,6,69,1,0,1,,0,,7,,,,
5351738,1994,12695,1993,"DK","",613215,3,12,160,6,69,5,0,0.8,,0,,19.6,0,0,,
5352756,1994,12695,1993,"DK","",697802,3,21,525,1,15,4,2,1,0,0.375,3,3.75,0,0,0,0
5354002,1994,12702,1993,"DK","",202035,3,8,241,5,51,5,0,0.8,,0.375,,16.4,0.3333,0.2,,
5354250,1994,12702,1993,"DK","",,1,7,482,5,59,7,1,0.4286,0,0.4444,4,43.1429,,,,
5354427,1994,12702,1993,"DK","",,1,8,162,1,19,16,1,0.6875,0,0.4463,2,28.3125,,,,
5354606,1994,12702,1994,"DK","",705455,3,9,442,1,11,1,1,1,0,0,0,4,0,0,0,0
5354760,1994,12702,1992,"DK","",410090,3,11,514,3,31,3,3,1,0,0.4444,4.6667,4.3333,0.3333,0.3333,0.6667,0.6667
5355618,1994,12709,1992,"DK","",,1,8,47,6,61,4,1,1,0,0.625,5,12.25,,,,
5355929,1994,12709,1993,"DK","",135040,3,7,164,5,52,8,3,0.625,0,0,2.6667,17.25,0.25,0.125,0,0
5356075,1994,12709,1993,"DK","",705605,3,21,239,5,59,12,0,0.8333,,0.18,,16.75,0,0,,
5356266,1994,12709,1993,"DK","",233890,3,14,417,5,53,7,0,1,,0.2449,,12.1429,0.1667,0.1429,,
5356437,1994,12709,1993,"DK","",410090,3,15,8,1,11,2,7,1,0.7755,0.5,1.1429,6.5,0,0,0.2857,0.2857
5356450,1994,12709,1993,"DK","",480105,3,14,65,5,51,6,1,1,0,0,4,13,0.25,0.1667,0,0
5356517,1994,12709,1992,"DK","",410090,3,13,162,1,19,3,0,1,,0.4444,,18,0,0,,
5356798,1994,12709,1993,"DK","",410090,3,6,435,3,33,1,0,1,,0,,4,0,0,,
5356810,1994,12709,1992,"DK","",224590,3,1,435,3,33,1,3,1,0,0,2,1,0,0,0.3333,0.3333
5356912,1994,12709,1993,"DK","",410090,3,5,514,3,31,3,0,1,,0,,3.3333,0.3333,0.3333,,
5357686,1994,12716,1993,"DK","",705752,3,5,34,1,19,1,0,1,,0,,5,0,0,,
5357688,1994,12716,1993,"DK","",684469,3,21,34,1,19,6,3,1,0.6667,0.5,1.6667,11.6667,0,0,0.3333,0.3333
5358306,1994,12716,1992,"DK","",705817,3,11,297,6,65,6,0,0.3333,,0.5,,38.6667,0,0,,
5358865,1994,12716,1993,"DK","",410090,3,9,435,3,33,11,2,1,0.5,0.4298,2.5,11.6364,0,0,0.5,0.5
5359833,1994,12723,1993,"DK","",705954,3,9,53,6,68,4,0,0.25,,0,,51.75,0,0,,
5359834,1994,12723,1993,"DK","",415365,3,3,53,6,68,9,4,1,0.625,0.6667,1.25,6.1111,0,0,0,0
5360364,1994,12723,1993,"DK","",279465,3,8,446,6,62,8,7,0.5,0,0.375,3.8571,44.125,1,0.125,0,0
5360440,1994,12723,1992,"DK","",72095,2,35,607,3,32,5,2,1,0.5,0.72,4.5,3.6,0,0,0,0
5362321,1994,12730,1992,"DK","",706196,3,36,106,1,12,3,1,0.6667,0,0,5,25.3333,0,0,0,0
5362414,1994,12730,1993,"DK","",410090,3,9,510,1,19,3,2,1,0,0,2.5,10.3333,0,0,1,1
5362719,1994,12730,1993,"DK","",709942,3,2,514,3,31,3,2,1,0,0,3,1.3333,0.3333,0.3333,0,0
5363979,1994,12737,1993,"DK","",552445,3,3,220,6,68,8,1,0.875,0,0.449,4,13.375,0,0,0,0
5364251,1994,12737,1993,"DK","",691004,3,5,418,5,53,5,0,0,,,,49.8,0,0,,
5364353,1994,12737,1993,"DK","",,1,7,604,3,32,6,3,1,0.4444,0.6111,3.6667,11.3333,,,,
5364658,1994,12737,1993,"DK","",706418,3,15,427,1,12,5,0,1,,0.72,,9.2,0,0,,
5365035,1994,12737,1993,"DK","",706446,3,6,219,4,49,4,1,1,0,0,5,10.75,0,0,0,0
5366504,1994,12744,1992,"DK","",72095,2,29,623,3,39,18,41,1,0.5509,0.642,4,8,0,0,0.0541,0.0488
5366540,1994,12744,1993,"DK","",202045,3,6,96,1,13,8,3,0.875,0,0.449,3,20.125,0,0,0.3333,0.3333
5366903,1994,12744,1994,"DK","",721306,3,12,436,1,19,31,7,1,0.5714,0.8512,2.4286,6.4839,0.04,0.0323,0,0
5367449,1994,12744,1992,"DK","",,1,25,700,2,22,6,1,1,0,0.5,5,5.1667,,,,
5368064,1994,12751,1994,"DK","",706755,3,6,137,6,69,10,0,0.6,,0.5,,28.7,0,0,,
5368722,1994,12751,1993,"DK","",238050,3,5,208,1,19,7,1,1,0,0.6531,3,6.1429,0,0,0,0
5369019,1994,12751,1990,"DK","",706866,3,9,435,3,33,1,0,1,,0,,7,0,0,,
5369113,1994,12751,1993,"DK","",397621,3,9,514,3,31,0,2,,0,,2.5,,,,0,0
5369922,1994,12758,1994,"DK","",572415,3,5,52,6,69,9,2,0.8889,0,0,2.5,16.7778,0,0,0,0
5370065,1994,12758,1993,"DK","",43680,3,11,110,6,66,4,2,1,0.5,0,2.5,4.75,0,0,0,0
5370221,1994,12758,1993,"DK","",65510,2,10,206,6,68,43,4,0.814,0.625,0.6596,2.25,16.3023,0,0,0,0
5370746,1994,12758,1992,"DK","",707031,3,10,134,6,69,4,0,1,,0,,19,0,0,,
5370801,1994,12758,1993,"DK","",707033,3,43,210,1,19,25,5,0.96,0.72,0.4861,3,15.76,0,0,0,0
5370834,1994,12758,1992,"DK","",707035,3,11,264,5,51,8,2,1,0.5,0,3.5,6,0,0,0,0
5371020,1994,12758,1993,"DK","",721306,3,27,436,1,19,12,1,1,0,0.7361,0,6.8333,0.0909,0.0833,0,0
5371080,1994,12758,1992,"DK","",410090,3,36,514,3,31,5,1,1,0,0.48,5,9.2,0,0,0,0
5371089,1994,12758,1994,"DK","",505030,2,20,514,3,31,6,3,1,0,0.2778,2.3333,9.3333,0.25,0.1667,1,0.3333
5371198,1994,12758,1992,"DK","",410090,3,21,530,1,15,4,1,1,0,0.375,2,8.75,0,0,1,1
5373053,1994,12765,1992,"DK","",696258,3,44,525,1,15,1,0,1,,0,,20,0,0,,
5373090,1994,12765,1990,"DK","",410090,3,6,530,1,15,2,4,1,0.5,0,5,5,0,0,0,0
5373246,1994,12765,1993,"DK","",386735,2,6,329,4,41,2,1,1,0,0,3,10,0,0,0,0
5373647,1994,12772,1992,"DK","",707301,3,25,34,1,19,4,3,0.75,0.4444,0.4444,3.3333,17.25,0,0,0,0
5373758,1994,12772,1993,"DK","",,1,19,76,5,52,11,1,0.9091,0,0.46,1,17.7273,,,,
5373791,1994,12772,1993,"DK","",279465,3,8,104,5,55,7,7,0.1429,0.2449,0,3.7143,52.5714,0,0,0,0
5373794,1994,12772,1992,"DK","",,1,7,108,6,69,6,1,0,0,,3,59.6667,,,,
5373880,1994,12772,1993,"DK","",547040,3,9,144,5,51,8,0,0.5,,0.375,,32,0.6667,0.25,,
5374234,1994,12772,1994,"DK","",17920,3,12,494,1,19,7,5,0.7143,0.56,0,1.8,28.2857,0,0,0,0
5374629,1994,12772,1992,"DK","",709942,3,6,514,3,31,0,2,,0,,5,,,,0,0
5374636,1994,12772,1993,"DK","",397621,3,9,514,3,31,1,6,1,0.5,0,3.6667,20,0,0,0,0
5375668,1994,12779,1992,"DK","",707497,3,8,175,6,64,4,4,1,0.625,0.375,3.5,8.5,0,0,0,0
5375980,1994,12779,1994,"DK","",707534,3,27,417,5,53,2,0,0,,,,60,0,0,,
5376079,1994,12779,1993,"DK","",,1,23,604,3,32,22,3,0.9545,0.4444,0.6893,3.3333,12,,,,
5376288,1994,12779,1993,"DK","",410090,3,13,510,1,19,7,1,1,0,0.6939,3,12.1429,0,0,0,0
5376301,1994,12779,1993,"DK","",153490,3,16,510,1,19,9,10,1,0.6,0.5185,2.8,16.5556,0,0,0.1,0.1
5376651,1994,12779,1993,"DK","",709942,3,6,514,3,31,5,1,1,0,0,3,2,0.6,0.6,0,0
5376668,1994,12779,1993,"DK","",410090,3,15,514,3,31,2,1,1,0,0,3,3,1,1,0,0
5377020,1994,12779,1992,"DK","",707584,3,8,358,2,21,1,4,1,0.625,0,2.75,1,0,0,0.6667,0.5
5377383,1995,12786,1993,"DK","",,1,7,15,6,69,11,5,0.8182,0,0.1975,3.2,15.3636,,,,
5378148,1995,12786,1993,"DK","",,1,6,433,3,39,6,1,0.5,0,0,3,34.3333,,,,
5378191,1995,12786,1993,"DK","",279465,3,10,446,6,62,13,6,0.7692,0,0.58,4,25.5385,0,0,0,0
5378614,1995,12786,1993,"DK","",410090,3,8,435,3,33,5,1,1,0,0.32,2,3,0.2,0.2,0,0
5378695,1995,12786,1993,"DK","",709942,3,8,514,3,31,0,3,,0.4444,,2,,,,0.6667,0.6667
5378714,1995,12786,1992,"DK","",410090,3,17,514,3,31,4,4,1,0.375,0.5,2.75,10.25,0,0,0,0
5378811,1995,12786,1993,"DK","",410090,3,4,530,1,15,2,0,1,,0,,10,0,0,,
5379883,1995,12793,1994,"DK","",357080,3,7,198,5,59,8,0,1,,0,,3.75,0,0,,
5379979,1995,12793,1993,"DK","",,1,10,248,6,69,13,2,0.6923,0.5,0.5679,2.5,23.3846,,,,
5380232,1995,12793,1994,"DK","",279465,3,6,446,6,62,16,9,0.875,0.1975,0.7347,2.4444,18.8125,0,0,0.1429,0.1111
5380453,1995,12793,1994,"DK","",707914,3,22,510,1,19,6,3,1,0.4444,0.5,2,11.1667,0,0,0,0
5380600,1995,12793,1993,"DK","",238050,3,3,429,4,45,6,1,1,0,0,4,12.1667,0,0,0,0
5380965,1995,12793,1993,"DK","",707945,3,3,200,4,41,3,1,1,0,0,2,6.3333,0,0,0,0
5382403,1995,12800,1993,"DK","",,1,16,264,5,51,7,0,0.8571,,0.6111,,20.4286,,,,
5382574,1995,12800,1992,"DK","",410090,3,19,514,3,31,6,0,0.5,,0,,28.3333,0,0,,
5383786,1995,12807,1993,"DK","",23220,3,6,434,6,69,7,1,0.8571,0,0.2778,4,18.4286,0,0,0,0
5385104,1995,12814,1993,"DK","",708363,3,14,110,6,66,5,2,1,0,0.72,2,12,0,0,0,0
5386476,1995,12814,1993,"DK","",226890,3,3,381,4,49,3,2,1,0.5,0,2,12,0,0,0,0
5387148,1995,12821,1993,"DK","",279465,3,10,446,6,62,10,6,0.4,0,0.375,4,52,0,0,0,0
5387175,1995,12821,1992,"DK","",17920,3,4,494,1,19,11,0,0.7273,,0,,31.6364,0.25,0.0909,,
5387221,1995,12821,1993,"DK","",,1,10,606,3,32,13,21,0.8462,0,0,2.4286,22.3077,,,,
5387250,1995,12821,1992,"DK","",447330,3,22,24,6,63,15,0,0.8,,0.6528,,25.3333,0,0,,
5387503,1995,12821,1992,"DK","",410090,3,55,435,3,33,4,3,1,0.4444,0,2.3333,8.25,0,0,0,0
5387582,1995,12821,1992,"DK","",709942,3,7,514,3,31,0,0,,,,,,,,,
5388311,1995,12828,1993,"DK","",447330,3,20,24,6,63,8,2,0.875,0.5,0.7347,2.5,24.875,0,0,0,0
5388736,1995,12828,1992,"DK","",,1,9,224,6,68,6,0,1,,0,,5.6667,,,,
5388757,1995,12828,1994,"DK","",708704,3,4,229,6,68,11,0,1,,0.5124,,17.1818,0,0,,
5389307,1995,12828,1993,"DK","",410090,3,14,510,1,19,4,2,1,0,0.5,1,8.75,0,0,0,0
5389524,1995,12828,1992,"DK","",309735,3,64,435,3,33,11,9,1,0.5926,0.6942,4.1111,9.3636,0,0,0,0
5390693,1995,12835,1994,"DK","",134690,3,15,137,6,69,3,0,1,,0.4444,,5.6667,0,0,,
5390857,1995,12835,1994,"DK","",238050,3,9,239,5,59,5,0,0.4,,0.5,,56.6,0,0,,
5391059,1995,12835,1993,"DK","",707497,3,2,417,5,53,13,4,0.7692,0.625,0.42,4.25,23.1538,0,0,0,0
5391357,1995,12835,1993,"DK","",,1,24,422,1,19,10,1,1,0,0.58,0,10.7,,,,
5391371,1995,12835,1993,"DK","",410090,3,13,424,3,31,0,2,,0.5,,4,,,,0,0
5392531,1995,12842,1994,"DK","",705752,3,23,34,1,19,7,1,0.7143,0,0.72,2,24.2857,0,0,0,0
5393535,1995,12842,1991,"DK","",,1,6,424,3,31,4,5,0.75,0.64,0.4444,5.4,25.75,,,,
5393761,1995,12842,1993,"DK","",253580,3,10,514,3,31,3,0,1,,0,,9.3333,0.5,0.3333,,
5393933,1995,12842,1993,"DK","",,1,3,174,4,41,10,1,0.9,0,0.3704,1,13.5,,,,
5394649,1995,12849,1991,"DK","",613215,3,19,49,5,59,24,1,0.4583,0,0.5124,3,34.5833,0,0,1,1
5394836,1995,12849,1991,"DK","",,1,4,119,6,61,12,0,0.8333,,0.72,,20.5833,,,,
5395298,1995,12849,1994,"DK","",,1,9,383,6,68,5,1,0.8,0,0.75,3,20.4,,,,
5395622,1995,12849,1993,"DK","",709341,3,3,424,3,31,5,0,1,,0.56,,15,0,0,,
5395922,1995,12849,1994,"DK","",410090,3,46,530,1,15,0,3,,0.4444,,1,,,,0.6667,0.6667
5396017,1995,12849,1993,"DK","",238050,3,6,585,1,19,1,2,1,0,0,3.5,1,0,0,0,0
5396018,1995,12849,1993,"DK","",238050,3,14,585,1,19,2,4,1,0.625,0,4.25,8,0,0,0.5,0.5
5396732,1995,12856,1993,"DK","",,1,9,49,5,59,6,4,0.6667,0,0.375,3.25,22.6667,,,,
5396747,1995,12856,1993,"DK","",,1,6,52,6,69,6,1,0.6667,0,0.375,5,48,,,,
5396780,1995,12856,1993,"DK","",134690,3,3,62,6,69,2,5,1,0,0,2.2,8,0,0,0,0
5397771,1995,12856,1993,"DK","",709545,3,29,514,3,31,1,4,1,0.5,0,3.25,16,0,0,0,0
5398580,1995,12863,1994,"DK","",698508,3,19,83,5,51,4,3,1,0.4444,0.625,2.3333,16.75,0,0,0,0
5399195,1995,12863,1994,"DK","",703117,3,43,106,1,12,3,7,1,0.6122,0.4444,1.8571,16.3333,0,0,0,0
5400297,1995,12863,1993,"DK","",15805,3,10,367,2,21,4,1,1,0,0.625,3,12.5,0,0,0,0
5401731,1995,12870,1993,"DK","",709942,3,7,514,3,31,3,10,1,0.18,0.4444,2,15.6667,0,0,0,0
5401732,1995,12870,1993,"DK","",709942,3,7,514,3,31,0,6,,0,,2.5,,,,0.1667,0.1667
5401868,1995,12870,1992,"DK","",709942,3,7,558,1,14,7,0,1,,0.8163,,13.8571,0,0,,
5403127,1995,12877,1993,"DK","",,1,11,405,6,64,7,2,0.7143,0.5,0,2.5,19.7143,,,,
5403450,1995,12877,1993,"DK","",710100,3,26,435,3,33,3,2,1,0.5,0.4444,2.5,9,0,0,0,0
5404580,1995,12877,1994,"DK","",386735,2,22,455,2,21,6,22,1,0.3802,0.2778,1.5909,5.5,0.3333,0.3333,0.2727,0.2727
5405047,1995,12884,1994,"DK","",410090,3,9,221,5,51,6,0,1,,0,,10.1667,0,0,,
5405091,1995,12884,1993,"DK","",202035,3,4,241,5,51,7,0,0.7143,,0,,24,0,0,,
5405414,1995,12884,1993,"DK","",410090,3,9,8,1,11,4,0,1,,0.625,,8.75,0,0,,
5405694,1995,12884,1993,"DK","",710303,3,9,428,6,69,15,1,0.9333,0,0.7041,3,16,0,0,0,0
5405834,1995,12884,1992,"DK","",,1,7,514,3,31,2,1,1,0,0,4,13.5,,,,
5405857,1995,12884,1993,"DK","",693123,3,3,514,3,31,1,0,1,,0,,13,0,0,,
5406442,1995,12884,1993,"DK","",710347,3,15,361,4,45,7,1,1,0,0.6939,5,8.4286,0,0,0,0
5406750,1995,12891,1993,"DK","",613215,3,12,49,5,59,14,2,0.4286,0,0.2778,3,41.8571,0,0,1,1
5406751,1995,12891,1993,"DK","",613215,3,18,49,5,59,7,0,0.8571,,0.2778,,17.2857,0,0,,
5407271,1995,12891,1993,"DK","",710447,3,3,366,1,19,7,0,0.7143,,0.32,,26.5714,0,0,,
5409550,1995,12898,1993,"DK","",,1,10,136,4,45,2,0,1,,0,,9.5,,,,
5409951,1995,12898,1993,"DK","",410090,3,7,514,3,31,0,1,,0,,2,,,,1,1
5410855,1995,12905,1993,"DK","",407450,3,7,52,6,69,5,2,1,0,0.32,2.5,25.8,0,0,0,0
5411552,1995,12905,1994,"DK","",,1,8,623,3,39,10,18,1,0.6667,0.32,1.7778,12.3,,,,
5413001,1995,12912,1993,"DK","",710974,3,3,73,4,43,4,0,1,,0.75,,9.75,0,0,,
5413934,1995,12912,1993,"DK","",,1,10,435,3,33,2,0,1,,0,,3,,,,
5414009,1995,12912,1993,"DK","",410090,3,28,514,3,31,3,2,1,0,0,2.5,3.3333,1,1,0,0
5416006,1995,12919,1991,"DK","",,1,17,435,3,33,1,2,1,0.5,0,4,4,,,,
5416131,1995,12919,1993,"DK","",600315,3,16,523,1,15,11,4,1,0.625,0.7603,3,8.1818,0,0,0,0
5417121,1995,12926,1994,"DK","",721306,3,14,73,4,43,17,1,0.8824,0,0.7911,2,15.1176,0.2,0.1176,0,0
5417231,1995,12926,1993,"DK","",,1,6,134,6,69,7,0,0.1429,,0,,61.2857,,,,
5417760,1995,12926,1994,"DK","",202035,3,17,106,1,12,7,0,1,,0.5714,,13,0.1667,0.1429,,
5417996,1995,12926,1993,"DK","",711446,3,2,426,6,61,2,1,0.5,0,0,4,34.5,0,0,0,0
5418240,1995,12926,1993,"DK","",410090,3,21,514,3,31,2,12,1,0.1528,0,2.3333,4,1,1,0.625,0.4167
5419237,1995,12933,1993,"DK","",,1,6,92,5,53,6,0,1,,0.2778,,11.1667,,,,
5419738,1995,12933,1993,"DK","",711588,3,18,452,6,61,8,1,1,0,0,3,5.5,0,0,0,0
5422245,1995,12940,1992,"DK","",711830,3,2,435,3,33,1,0,1,,0,,7,0,0,,
5422352,1995,12940,1992,"DK","",701602,3,14,514,3,31,2,3,1,0.4444,0.5,4.6667,8.5,0,0,0,0
5425868,1995,12954,1993,"DK","",721306,3,9,204,1,19,8,4,1,0.625,0.2188,2.75,11.625,0.4286,0.375,0,0
5426345,1995,12954,1994,"DK","",30030,3,8,315,4,42,3,1,1,0,0.4444,1,4,0.3333,0.3333,0,0
5426898,1995,12961,1993,"DK","",613215,3,11,52,6,69,6,0,0.5,,0,,31.8333,0,0,,
5427558,1995,12961,1993,"DK","",279465,3,6,446,6,62,16,6,0.6875,0,0.1653,4,32.375,0.3333,0.0625,0,0
5427779,1995,12961,1990,"DK","",40825,3,26,424,3,31,1,0,1,,0,,24,0,0,,
5428006,1995,12961,1993,"DK","",709545,3,22,514,3,31,1,5,1,0.48,0,3,16,0,0,0.2,0.2
5428036,1995,12961,1993,"DK","",253580,3,11,514,3,31,4,0,1,,0.75,,18,0.3333,0.25,,
5428476,1995,12961,1994,"DK","",545065,2,10,359,5,54,2,0,1,,0,,21,0,0,,
5429603,1995,12968,1992,"DK","",712561,3,21,604,3,32,18,1,0.8889,0,0.4219,5,21.3889,0,0,0,0
5429625,1995,12968,1994,"DK","",712564,3,10,604,3,32,13,1,0.9231,0,0.4167,0,12.1538,0,0,0,0
5429771,1995,12968,1994,"DK","",153490,3,11,510,1,19,9,4,1,0.375,0.5185,2.25,17.5556,0,0,0,0
5429809,1995,12968,1994,"DK","",238050,3,3,422,1,19,3,2,0,0.5,,3,69,0,0,0.5,0.5
5430016,1995,12968,1990,"DK","",410090,3,18,514,3,31,9,2,1,0.5,0.3704,3.5,6.2222,0.3333,0.3333,1,1
5430027,1995,12968,1993,"DK","",410090,3,19,514,3,31,5,2,1,0,0.48,3.5,15.4,0,0,0,0
5430406,1995,12968,1994,"DK","",5795,2,15,327,4,41,9,1,1,0,0.5185,0,8.8889,0,0,0,0
5431636,1995,12975,1993,"DK","",712769,3,4,604,3,32,4,1,1,0,0,4,14.75,0,0,0,0
5431849,1995,12975,1991,"DK","",410090,3,23,510,1,19,8,1,1,0,0.375,5,9.625,0,0,0,0
5432164,1995,12975,1992,"DK","",410090,3,30,514,3,31,1,1,1,0,0,3,21,0,0,1,1
5433352,1995,12982,1993,"DK","",39820,3,7,222,1,19,8,2,0.75,0,0.5,3,28.75,0,0,0,0
5435054,1995,12989,1993,"DK","",693651,2,33,29,5,52,9,6,1,0.5,0.1975,2.8333,5.1111,0.1111,0.1111,0.6667,0.6667
5435103,1995,12989,1993,"DK","",613215,3,15,49,5,59,7,0,0.7143,,0.32,,15.2857,0,0,,
5435134,1995,12989,1993,"DK","",713086,3,7,60,4,45,5,0,0.6,,0.6667,,34,0,0,,
5435991,1995,12989,1994,"DK","",693834,3,9,424,3,31,7,0,1,,0.449,,5,0,0,,
5436250,1995,12989,1993,"DK","",397621,3,8,514,3,31,2,2,1,0,0.5,4,14.5,1,0.5,1,1
5436508,1995,12989,1993,"DK","",,5,15,290,4,45,4,0,0.75,,0.6667,,22.25,,,,
5437376,1995,12996,1993,"DK","",713294,3,11,211,6,65,12,2,0.75,0,0.1975,2,21.9167,0,0,0,0
5437393,1995,12996,1993,"DK","",713298,2,18,222,1,19,22,5,0.7273,0,0.3984,2.6,25.5455,0,0,0,0
5437774,1995,12996,1993,"DK","",641540,2,59,204,1,19,11,1,1,0,0.314,2,9.6364,0,0,0,0
5439473,1995,13003,1993,"DK","",713509,3,3,606,3,32,14,9,1,0,0.3571,3.3333,6.7143,0,0,0,0
5439644,1995,13003,1994,"DK","",,5,9,422,1,19,5,1,1,0,0.64,1,3.4,,,,
5439922,1995,13003,1992,"DK","",253580,3,1,514,3,31,4,2,1,0,0,3.5,4.5,0.5,0.5,1,1
5441074,1995,13010,1994,"DK","",706755,3,6,137,6,69,12,1,0.6667,0,0.4688,2,29.8333,0,0,0,0
5441083,1995,13010,1992,"DK","",713679,3,4,138,6,67,10,2,0.4,0,0.625,4,41.1,0,0,0,0
5441098,1995,13010,1992,"DK","",713681,3,1,165,6,66,7,0,1,,0.8163,,15.5714,0,0,,
5441440,1995,13010,1994,"DK","",684288,3,21,451,5,51,3,1,0.6667,0,0,1,23,1,0.6667,1,1
5442876,1995,13017,1993,"DK","",,1,7,43,6,61,7,1,0.8571,0,0.5,4,12.2857,,,,
5443077,1995,13017,1993,"DK","",721306,3,18,600,3,32,4,1,1,0,0.375,4,8,0,0,0,0
5443115,1995,13017,1994,"DK","",713851,3,5,165,6,66,5,1,1,0,0,3,13.4,0,0,0,0
5443202,1995,13017,1994,"DK","",691294,3,7,229,6,68,7,2,0.8571,0.5,0,2.5,22.4286,0,0,0.5,0.5
5443361,1995,13017,1994,"DK","",,1,10,415,5,53,7,1,0.7143,0,0.64,2,29.1429,,,,
5444070,1995,13017,1993,"DK","",397621,3,9,514,3,31,0,0,,,,,,,,,
5444073,1995,13017,1993,"DK","",253580,3,3,514,3,31,2,0,1,,0,,5.5,1,1,,
5444121,1995,13017,1993,"DK","",713955,3,7,525,1,15,4,1,1,0,0.5,4,10.75,0,0,0,0
5446034,1995,13024,1994,"DK","",709942,3,8,514,3,31,0,2,,0,,2.5,,,,0,0
5447119,1995,13031,1994,"DK","",,1,12,119,6,61,5,1,0.4,0,0,2,39.4,,,,
5447510,1995,13031,1994,"DK","",714269,3,13,606,3,32,8,2,1,0.5,0.5313,2.5,3.625,0,0,0,0
5447649,1995,13031,1992,"DK","",410090,3,17,8,1,11,9,1,1,0,0.4938,4,14.4444,0,0,0,0
5447731,1995,13031,1993,"DK","",34175,3,7,426,6,61,6,0,1,,0,,11,0.1667,0.1667,,
5447912,1995,13031,1993,"DK","",505030,2,23,514,3,31,11,3,1,0.4444,0.562,3.3333,6.3636,0.1,0.0909,0,0
5447924,1995,13031,1992,"DK","",709942,3,6,514,3,31,14,6,1,0.2778,0.4592,4.3333,5.3571,0.0714,0.0714,0,0
5449283,1995,13038,1994,"DK","",432910,3,8,425,5,51,11,0,0.6364,,0,,31.0909,0,0,,
5449404,1995,13038,1994,"DK","",202035,3,6,106,1,12,0,2,,0,,3.5,,,,0,0
5449817,1995,13038,1994,"DK","",238050,3,10,560,1,14,2,0,1,,0.5,,18,0,0,,
5451286,1995,13045,1993,"DK","",714613,3,21,156,1,19,3,0,0.6667,,0,,26,0,0,,
5452189,1995,13045,1993,"DK","",714670,3,9,362,4,42,13,0,0.3846,,0.32,,34.8462,0,0,,
5452579,1995,13052,1993,"DK","",134690,3,5,60,4,45,2,1,1,0,0,4,2.5,0,0,0,0
5452686,1995,13052,1994,"DK","",238050,3,7,122,6,66,12,2,0.9167,0,0.7603,2,9.8333,0,0,1,0.5
5452878,1995,13052,1993,"DK","",134690,3,24,251,5,53,6,6,1,0.6111,0.2778,2.5,4.1667,0,0,0,0
5454489,1995,13059,1995,"DK","",110775,2,11,222,1,19,23,4,0.8261,0,0.4875,2.5,20.7826,0,0,0,0
5454520,1995,13059,1994,"DK","",202035,3,22,241,5,51,7,1,0.7143,0,0.48,1,24.2857,0.25,0.1429,0,0
5455281,1995,13059,1993,"DK","",238050,3,7,518,1,19,2,0,0.5,,0,,25,0,0,,
5456585,1995,13066,1994,"DK","",,1,4,418,5,53,7,0,0.2857,,0.5,,35.2857,,,,
5456982,1995,13066,1993,"DK","",703117,3,40,428,6,69,12,10,1,0.76,0.8194,3.5,11.3333,0,0,0,0
5457045,1995,13066,1993,"DK","",410090,3,4,435,3,33,0,1,,0,,3,,,,0,0
5457046,1995,13066,1994,"DK","",410090,3,25,435,3,33,2,2,1,0.5,0.5,2,6.5,0,0,0.5,0.5
5457115,1995,13066,1994,"DK","",253580,3,9,514,3,31,1,1,1,0,0,3,5,1,1,0,0
5457258,1995,13066,1994,"DK","",238050,3,3,585,1,19,3,0,1,,0.6667,,9.6667,0,0,,
5457767,1995,13066,1994,"DK","",631550,3,7,392,4,41,2,1,1,0,0,2,28,0,0,0,0
5458769,1995,13073,1994,"DK","",,1,12,210,1,19,31,3,0.4839,0.4444,0.7111,1.6667,39.4516,,,,
5459052,1995,13073,1993,"DK","",410090,3,20,435,3,33,4,4,1,0.625,0.5,2.75,4.5,0,0,0,0
5459505,1995,13073,1993,"DK","",715333,3,24,347,2,23,7,6,1,0.7778,0.7347,3,10.8571,0,0,0,0
5460299,1995,13080,1994,"DK","",,5,11,222,1,19,3,1,0.6667,0,0,4,28.6667,,,,
5460324,1995,13080,1994,"DK","",715420,3,17,229,6,68,15,1,0.6,0,0.3704,3,34.6,0,0,0,0
5460823,1995,13080,1994,"DK","",134930,3,18,424,3,31,9,1,0.8889,0,0.75,3,21.4444,0,0,0,0
5461002,1995,13080,1993,"DK","",,1,7,438,4,46,9,4,0.8889,0.375,0.5313,3.75,15.5556,,,,
5462153,1995,13087,1994,"DK","",579835,3,19,198,5,59,6,1,0.8333,0,0.32,1,19.3333,0,0,0,0
5462478,1995,13087,1994,"DK","",715635,3,22,452,6,61,16,1,1,0,0.4219,3,14.375,0,0,0,0
5462535,1995,13087,1994,"DK","",410090,3,10,604,3,32,3,6,1,0,0.4444,1.6667,1,0,0,0.3333,0.3333
5462716,1995,13087,1994,"DK","",,1,8,422,1,19,40,2,0.975,0,0.7824,1,11.65,,,,
5462948,1995,13087,1993,"DK","",253580,3,3,514,3,31,1,2,1,0,0,3.5,8,1,1,0.5,0.5
5463628,1995,13087,1991,"DK","",386735,2,18,370,2,21,9,3,1,0.4444,0.7407,4.3333,3.5556,0.2222,0.2222,0,0
5464821,1995,13094,1993,"DK","",710876,3,9,514,3,31,6,2,1,0.5,0.5,1.5,5.6667,0,0,0,0
5466032,1995,13101,1994,"DK","",407450,3,28,296,5,55,20,2,0.8,0,0.6484,2,22.05,0.0833,0.05,0,0
5466353,1995,13101,1994,"DK","",715989,3,20,204,1,19,4,0,1,,0.375,,16.25,0,0,,
5466594,1995,13101,1993,"DK","",410090,3,10,510,1,19,2,3,1,0.4444,0,3,1,0.5,0.5,0.3333,0.3333
5467608,1995,13108,1994,"DK","",11346,3,12,62,6,69,3,1,0.6667,0,0,1,34.3333,0,0,0,0
5468274,1995,13108,1993,"DK","",480105,3,25,65,5,51,6,2,0.5,0.5,0,3.5,31.1667,0,0,1,1
5468416,1995,13108,1994,"DK","",410090,3,8,510,1,19,1,5,1,0,0,3,2,1,1,0,0
5468510,1995,13108,1994,"DK","",716187,3,76,426,6,61,11,2,1,0,0,3,15.1818,0,0,0,0
5468650,1995,13108,1994,"DK","",716195,3,14,436,1,19,3,0,1,,0.6667,,7.3333,0,0,,
5468748,1995,13108,1994,"DK","",,1,12,514,3,31,6,1,1,0,0,2,3.8333,,,,
5469292,1995,13108,1994,"DK","",716235,3,17,359,5,54,6,2,1,0,0.4444,2,12.8333,0,0,0,0
5469776,1995,13115,1994,"DK","",134690,3,16,92,5,53,6,3,1,0.4444,0.6111,2,16.6667,0,0,0.6667,0.6667
5469889,1995,13115,1994,"DK","",356950,2,44,137,6,69,5,3,1,0,0,2.3333,11.2,0,0,0.5,0.3333
5470566,1995,13115,1995,"DK","",716360,3,2,424,3,31,5,0,0.6,,0,,39,0,0,,
5470717,1995,13115,1994,"DK","",224590,3,11,435,3,33,3,1,1,0,0.6667,3,13.3333,0,0,0,0
5470850,1995,13115,1994,"DK","",410090,3,7,514,3,31,3,1,1,0,0,1,8.3333,0.3333,0.3333,1,1
5471187,1995,13115,1994,"DK","",394010,2,24,340,2,21,12,1,1,0,0.6111,2,5.25,0,0,0,0
5471196,1995,13115,1992,"DK","",,1,2,340,2,21,4,4,1,0.375,0.625,3.75,9.75,,,,
5471257,1995,13115,1993,"DK","",,1,7,351,3,39,3,1,0.3333,0,0,2,28,,,,
5471786,1995,13122,1994,"DK","",480105,3,7,47,6,61,3,1,1,0,0.4444,1,6.6667,0,0,0,0
5472325,1995,13122,1994,"DK","",600315,3,8,417,5,53,12,0,1,,0.6111,,15.4167,0,0,,
5472865,1995,13122,1993,"DK","",410090,3,9,510,1,19,0,0,,,,,,,,,
5472921,1995,13122,1994,"DK","",238050,3,8,502,1,19,2,0,1,,0,,7.5,0.5,0.5,,
5475015,1995,13129,1994,"DK","",397621,3,8,514,3,31,1,0,1,,0,,2,1,1,,
5475489,1995,13129,1993,"DK","",,1,14,356,4,43,7,5,1,0.72,0.6122,3.2,8.8571,,,,
5476111,1995,13136,1994,"DK","",296205,2,35,134,6,69,6,4,1,0.625,0.5,1,4.1667,0,0,0.75,0.75
5476986,1995,13136,1994,"DK","",,1,3,585,1,19,1,1,1,0,0,2,11,,,,
5477369,1995,13136,1985,"DK","",601715,2,18,359,5,54,4,0,1,,0,,7,0.3333,0.25,,
5478002,1995,13143,1994,"DK","",717036,3,5,227,5,59,4,2,1,0,0.625,2.5,7.25,0,0,0,0
5478074,1995,13143,1994,"DK","",,1,8,473,6,62,11,3,0.4545,0,0,2.6667,35.4545,,,,
5478845,1995,13143,1994,"DK","",410090,3,30,514,3,31,3,2,1,0,0,1,3.3333,0,0,0,0
5478859,1995,13143,1994,"DK","",397621,3,7,514,3,31,0,3,,0,,2.6667,,,,0,0
5480378,1996,13150,1994,"DK","",,1,34,604,3,32,40,1,0.975,0,0.7824,1,12.65,,,,
5481617,1996,13150,1993,"DK","",52565,3,6,381,4,49,8,3,1,0.4444,0.4063,2.6667,9.75,0,0,0,0
5482156,1996,13157,1994,"DK","",357080,3,21,198,5,59,4,4,1,0,0,2.25,4,0,0,0,0
5482849,1996,13157,1991,"DK","",410090,3,45,435,3,33,11,5,1,0.32,0,4,3.6364,0.1,0.0909,0.2,0.2
5483166,1996,13157,1993,"DK","",,1,22,324,4,43,7,1,0.7143,0,0.56,3,17.7143,,,,
5484635,1996,13164,1994,"DK","",,1,6,428,6,69,5,0,1,,0.32,,14,,,,
5484774,1996,13164,1993,"DK","",410090,3,28,514,3,31,1,1,1,0,0,2,21,0,0,1,1
5485880,1996,13171,1995,"DK","",705954,3,9,165,6,66,4,1,1,0,0.375,1,26,0,0,0,0
5486158,1996,13171,1994,"DK","",111345,3,14,602,3,32,10,3,1,0.6667,0.54,2,10.9,0.2857,0.2,0,0
5486461,1996,13171,1994,"DK","",410090,3,13,435,3,33,7,1,1,0,0.5714,3,7.2857,0,0,0,0
5487012,1996,13171,1994,"DK","",580370,3,38,700,2,22,2,3,1,0.4444,0.5,2,4.5,0,0,0,0
5487362,1996,13178,1992,"DK","",717835,3,9,123,5,53,7,4,1,0,0,4,13.8571,0,0,0,0
5487574,1996,13178,1995,"DK","",717859,3,4,292,6,69,6,0,0.3333,,0,,44.5,0,0,,
5487902,1996,13178,1994,"DK","",717905,3,16,426,6,61,7,3,1,0,0.2449,2.6667,10.7143,0,0,0,0
5487916,1996,13178,1994,"DK","",,1,18,427,1,12,5,0,1,,0.72,,11.4,,,,
5489154,1996,13185,1995,"DK","",238050,3,2,366,1,19,4,0,0.75,,0,,15.75,0,0,,
5489271,1996,13185,1994,"DK","",72095,2,14,604,3,32,32,4,0.9688,0,0.5494,2.5,8.5938,0,0,0.3333,0.25
5490429,1996,13192,1995,"DK","",710974,3,7,73,4,43,4,0,1,,0.75,,10.75,0,0,,
5490813,1996,13192,1994,"DK","",718172,3,38,454,5,59,6,1,0.6667,0,0.375,2,35.3333,0,0,0,0
5492207,1996,13199,1992,"DK","",407450,3,6,188,5,53,12,1,1,0,0.8611,4,16.5833,0,0,0,0
5492649,1996,13199,1994,"DK","",238050,3,5,252,1,19,1,4,1,0.625,0,3,21,0,0,0,0
5492891,1996,13199,1994,"DK","",410090,3,3,514,3,31,1,1,1,0,0,1,6,0,0,1,1
5493861,1996,13206,1994,"DK","",134690,3,2,60,4,45,5,3,1,0.4444,0,3,6.4,0,0,0,0
5494044,1996,13206,1994,"DK","",718420,3,9,600,3,32,13,2,1,0,0.6272,2,12.7692,0,0,0,0
5494094,1996,13206,1994,"DK","",135040,3,6,164,5,52,0,0,,,,,,,,,
5494471,1996,13206,1994,"DK","",279465,3,6,446,6,62,3,7,1,0.2449,0.4444,3,15.6667,0,0,0,0
5494696,1996,13206,1994,"DK","",718493,3,16,426,6,61,3,6,1,0.5,0.4444,2.6667,7.6667,0,0,0,0
5494724,1996,13206,1994,"DK","",376460,3,5,428,6,69,14,1,1,0,0.2551,1,16.4286,0.0909,0.0714,0,0
5495930,1996,13213,1994,"DK","",690938,3,9,194,5,59,0,1,,0,,0,,,,0,0
5495952,1996,13213,1994,"DK","",718614,3,8,211,6,65,11,2,0.8182,0.5,0.6173,2,20.7273,0,0,0,0
5496170,1996,13213,1994,"DK","",238050,3,5,431,6,66,13,0,0.6154,,0.4063,,34.8462,0,0,,
5496296,1996,13213,1994,"DK","",712564,3,11,604,3,32,11,4,1,0.375,0.5785,2.25,10.1818,0,0,0.25,0.25
5496297,1996,13213,1994,"DK","",111345,3,18,604,3,32,2,0,1,,0,,7.5,0,0,,
5496530,1996,13213,1993,"DK","",238050,3,2,423,1,19,6,1,0.8333,0,0.56,2,25,0,0,0,0
5496670,1996,13213,1993,"DK","",696258,3,43,430,1,19,0,0,,,,,,,,,
5497620,1996,13220,1992,"DK","",,1,19,60,4,45,32,2,0.875,0.5,0.7806,3.5,15.875,,,,
5497768,1996,13220,1994,"DK","",,1,5,128,3,32,6,1,1,0,0,2,19,,,,
5498141,1996,13220,1994,"DK","",718804,3,6,417,5,53,17,0,0.8235,,0.6531,,19.1765,0,0,,
5498404,1996,13220,1994,"DK","",238050,3,4,423,1,19,6,0,1,,0.6111,,11.6667,0,0,,
5498816,1996,13220,1994,"DK","",238050,3,4,585,1,19,5,0,1,,0,,13,0,0,,
5498820,1996,13220,1994,"DK","",238050,3,4,585,1,19,5,2,1,0,0,2,9.4,0.2,0.2,1,1
5498832,1996,13220,1993,"DK","",718860,3,31,800,3,33,4,1,1,0,0.625,2,8,0,0,0,0
5499120,1996,13220,1994,"DK","",386735,2,19,349,1,19,0,1,,0,,2,,,,0,0
5499563,1996,13227,1994,"DK","",718933,3,4,82,5,51,3,3,1,0.6667,0,2.3333,10,0,0,0,0
5501031,1996,13234,1994,"DK","",,5,14,43,6,61,4,1,0.5,0,0,2,34.25,,,,
5501291,1996,13234,1994,"DK","",719095,3,5,180,5,55,9,0,0.8889,,0,,27.2222,0,0,,
5501678,1996,13234,1994,"DK","",111345,3,13,604,3,32,4,4,1,0.375,0,2.5,9.5,0,0,0,0
5502179,1996,13234,1994,"DK","",719169,3,34,536,1,14,11,0,0.8182,,0.716,,25.4545,0,0,,
5502578,1996,13234,1994,"DK","",707584,3,47,358,2,21,4,6,1,0.7222,0.625,1.6667,2.5,0,0,0.4,0.3333
5502959,1996,13241,1994,"DK","",719239,3,6,56,6,61,6,1,1,0,0,3,16.1667,0,0,0,0
5504085,1996,13241,1994,"DK","",410090,3,24,514,3,31,5,0,1,,0.48,,10.2,0,0,,
5504457,1996,13241,1993,"DK","",386735,2,4,330,4,41,5,2,1,0.5,0.32,2,5.4,0.4,0.4,0,0
5505212,1996,13248,1994,"DK","",410090,3,9,600,3,32,8,1,0.875,0,0.2449,1,11.625,0,0,0,0
5505365,1996,13248,1994,"DK","",719481,3,10,228,5,52,5,1,0.6,0,0.4444,2,31.4,0,0,0,0
5506096,1996,13248,1994,"DK","",719566,3,17,435,3,33,11,4,1,0,0.7107,2.25,12,0,0,0.5,0.25
5509244,1996,13262,1993,"DK","",,1,11,52,6,69,4,4,0.5,0,0,2.5,51.5,,,,
5510184,1996,13262,1994,"DK","",254145,3,8,428,6,69,2,0,1,,0.5,,15,0,0,,
5510249,1996,13262,1995,"DK","",410090,3,2,435,3,33,0,0,,,,,,,,,
5511163,1996,13262,1994,"DK","",719986,3,6,714,2,22,3,8,1,0.2188,0.4444,2.375,6,0,0,0,0
5511626,1996,13269,1995,"DK","",720057,3,2,175,6,64,9,1,1,0,0.4444,3,9.8889,0,0,0,0
5511872,1996,13269,1994,"DK","",720080,3,16,312,6,65,10,0,0.9,,0.1975,,17.7,0,0,,
5512562,1996,13269,1994,"DK","",410090,3,7,514,3,31,2,0,1,,0,,11.5,0,0,,
5513284,1996,13269,1995,"DK","",716235,3,10,385,2,21,2,0,1,,0.5,,12,0,0,,
5514343,1996,13276,1994,"DK","",40825,3,23,422,1,19,26,1,1,0,0.6509,3,16.7692,0,0,0,0
5514390,1996,13276,1994,"DK","",720323,3,10,426,6,61,2,4,1,0.375,0,3.25,5,0,0,0.5,0.5
5514562,1996,13276,1994,"DK","",410090,3,9,435,3,33,8,0,1,,0.6563,,14,0,0,,
5514585,1996,13276,1995,"DK","",410090,3,7,435,3,33,0,1,,0,,2,,,,0,0
5514648,1996,13276,1993,"DK","",410090,3,7,514,3,31,0,1,,0,,2,,,,1,1
5514668,1996,13276,1994,"DK","",701589,3,17,514,3,31,17,0,1,,0.7889,,10.4706,0,0,,
5516536,1996,13283,1995,"DK","",134835,3,14,426,6,61,7,0,0.4286,,0.4444,,31.2857,0,0,,
5517102,1996,13283,1994,"DK","",134690,3,12,318,4,45,4,1,1,0,0.375,4,6.25,0,0,0,0
5517832,1996,13290,1994,"DK","",592485,3,13,66,6,63,7,0,0.5714,,0.375,,27.5714,0,0,,
5518180,1996,13290,1994,"DK","",705752,3,7,239,5,59,6,0,1,,0.5,,13.6667,0,0,,
5519120,1996,13290,1993,"DK","",720759,3,13,530,1,15,1,2,1,0.5,0,2.5,8,0,0,0,0
5520009,1996,13297,1994,"DK","",480105,3,73,62,6,69,3,0,1,,0.4444,,12.3333,0,0,,
5520088,1996,13297,1995,"DK","",134690,3,5,92,5,53,7,4,0.8571,0.375,0.4444,1.5,17.2857,0,0,0.5,0.5
5520658,1996,13297,1994,"DK","",76070,2,27,604,3,32,22,2,0.9545,0,0.6893,2.5,14,0,0,0,0
5520935,1996,13297,1993,"DK","",410090,3,13,426,6,61,8,0,1,,0.5313,,13.5,0,0,,
5521612,1996,13297,1993,"DK","",720951,3,10,345,2,23,5,0,1,,0.56,,8.6,0,0,,
5522189,1996,13304,1994,"DK","",613215,3,11,52,6,69,8,1,0.75,0,0,3,23.75,0,0,0,0
5522803,1996,13304,1995,"DK","",721078,3,8,604,3,32,5,8,1,0.2188,0,1.25,8.2,0,0,0,0
5523237,1996,13304,1993,"DK","",410090,3,17,435,3,33,10,1,1,0,0.64,0,14.3,0,0,1,1
5523560,1996,13304,1994,"DK","",410090,3,25,250,4,44,9,2,1,0.5,0.8148,2.5,15.5556,0,0,0,0
5524443,1996,13311,1994,"DK","",631550,3,5,62,6,69,6,1,1,0,0,2,14.8333,0,0,0,0
5524471,1996,13311,1994,"DK","",175520,3,13,72,5,52,5,0,0.4,,0.5,,66,0,0,,
5524520,1996,13311,1994,"DK","",,1,8,84,6,69,2,0,1,,0,,10,,,,
5525351,1996,13311,1993,"DK","",,1,23,424,3,31,18,3,0.8333,0.4444,0.6667,3.3333,19.7222,,,,
5525364,1996,13311,1994,"DK","",720323,3,14,426,6,61,1,4,1,0.375,0,3.25,7,0,0,0.5,0.5
5525483,1996,13311,1994,"DK","",714625,3,39,435,3,33,3,2,1,0,0,2.5,26.3333,0,0,0.5,0.5
5525518,1996,13311,1991,"DK","",721306,3,2,436,1,19,31,2,1,0.5,0.8512,5.5,8.4839,0.04,0.0323,0,0
5525900,1996,13311,1994,"DK","",15805,3,35,324,4,43,10,2,1,0,0.34,1.5,10.8,0,0,0,0
5526742,1996,13318,1993,"DK","",,1,17,101,6,69,5,4,0.6,0.375,0,4,28.4,,,,
5527012,1996,13318,1994,"DK","",721441,3,45,249,6,69,17,1,0.9412,0,0.6406,3,20.1765,0,0,0,0
5527171,1996,13318,1994,"DK","",721462,3,8,425,5,51,8,0,1,,0.6563,,17.625,0,0,,
5527406,1996,13318,1993,"DK","",721490,3,12,156,1,19,8,7,0.875,0.4082,0.4082,3.1429,13.625,0,0,0,0
5527487,1996,13318,1993,"DK","",410090,3,15,510,1,19,10,3,1,0.4444,0.34,3,6.9,0,0,0.3333,0.3333
5527813,1996,13318,1994,"DK","",410090,3,38,514,3,31,3,2,1,0,0,3.5,4.3333,1,1,0.5,0.5
5528667,1996,13318,1995,"DK","",601715,2,6,455,2,21,9,2,1,0,0.3704,0.5,4.8889,0,0,0,0
5531795,1996,13332,1995,"DK","",410090,3,4,8,1,11,7,0,0.7143,,0.72,,23,0,0,,
5531918,1996,13332,1994,"DK","",410090,3,8,510,1,19,4,0,1,,0,,7.25,0,0,,
5532007,1996,13332,1994,"DK","",410090,3,7,426,6,61,4,0,1,,0.375,,11.5,0,0,,
5532236,1996,13332,1994,"DK","",410090,3,32,514,3,31,1,1,1,0,0,2,13,0,0,0,0
5533391,1996,13339,1994,"DK","",613215,3,12,73,4,43,6,4,1,0.625,0.7778,2.25,10.8333,0,0,0,0
5533553,1996,13339,1994,"DK","",110775,2,13,141,5,51,9,0,0.6667,,0.6111,,22.1111,0,0,,
5534049,1996,13339,1995,"DK","",722046,3,20,524,1,15,12,2,1,0.5,0.7778,1.5,16,0,0,0,0
5534435,1996,13339,1995,"DK","",410090,3,7,435,3,33,1,0,1,,0,,4,0,0,,
5534528,1996,13339,1995,"DK","",410090,3,7,514,3,31,2,0,1,,0,,5,1,1,,
5535551,1996,13346,1995,"DK","",613215,3,8,49,5,59,9,0,0.6667,,0.6667,,19.3333,0,0,,
5535559,1996,13346,1994,"DK","",447330,3,13,52,6,69,10,2,0.7,0.5,0.6531,2,23.5,0,0,0,0
5535806,1996,13346,1994,"DK","",613215,3,12,160,6,69,13,2,0.3846,0,0,2,52,0,0,0.5,0.5
5536407,1996,13346,1995,"DK","",687068,2,23,210,1,19,5,2,1,0,0,1.5,7,0,0,0,0
5536661,1996,13346,1994,"DK","",410090,3,7,435,3,33,9,5,1,0.32,0.1975,1.4,8.6667,0,0,1,1
5536721,1996,13346,1995,"DK","",410090,3,23,514,3,31,0,4,,0,,2,,,,0.25,0.25
5538083,1996,13353,1994,"DK","",,1,12,168,6,69,5,0,0.2,,0,,78,,,,
5538954,1996,13353,1994,"DK","",39820,3,15,514,3,31,4,1,1,0,0.625,1,20.75,0.5,0.25,0,0
5539082,1996,13353,1993,"DK","",,1,3,530,1,15,2,12,1,0.7222,0.5,3.5833,4,,,,
5539393,1996,13353,1993,"DK","",722508,3,28,340,2,21,13,10,1,0.8,0.7692,3.1,6.7692,0,0,0,0
5540016,1996,13360,1992,"DK","",407450,3,15,52,6,69,8,0,0.875,,0.7347,,18.375,0,0,,
5540139,1996,13360,1995,"DK","",134690,3,10,92,5,53,2,3,1,0,0.5,1,19.5,0,0,0.6667,0.6667
5540462,1996,13360,1995,"DK","",,1,18,281,6,69,7,1,0.8571,0,0.2778,2,14.1429,,,,
5540923,1996,13360,1991,"DK","",722665,3,17,424,3,31,1,1,1,0,0,4,5,0,0,0,0
5540992,1996,13360,1994,"DK","",703117,3,35,442,1,11,8,4,1,0.375,0.8125,3,13.125,0,0,0,0
5541092,1996,13360,1994,"DK","",410090,3,19,435,3,33,0,0,,,,,,,,,
5542228,1996,13367,1993,"DK","",722756,3,9,52,6,69,9,0,0.1111,,0,,72.8889,0,0,,
5542276,1996,13367,1994,"DK","",175520,3,6,72,5,52,3,1,0.6667,0,0,2,32,0,0,0,0
5542411,1996,13367,1994,"DK","",410090,3,14,128,3,32,8,0,0.875,,0.449,,18.25,0,0,,
5542476,1996,13367,1994,"DK","",,1,5,172,6,64,10,0,1,,0.64,,8.9,,,,
5542618,1996,13367,1993,"DK","",202035,3,4,241,5,51,7,1,1,0,0,3,8.2857,0,0,0,0
5542978,1996,13367,1994,"DK","",296205,2,14,118,1,12,5,3,1,0.4444,0.56,2.3333,9,0.2,0.2,1,1
5543038,1996,13367,1995,"DK","",,1,12,210,1,19,17,3,0.8235,0,0.1327,1.6667,21.5882,,,,
5543114,1996,13367,1995,"DK","",,1,3,422,1,19,5,4,1,0.625,0.32,2.25,8.6,,,,
5543332,1996,13367,1991,"DK","",722869,3,15,436,1,19,23,3,1,0.6667,0.8544,6,13.913,0,0,0,0
5543502,1996,13367,1995,"DK","",410090,3,5,530,1,15,0,0,,,,,,,,,
5544166,1996,13367,1995,"DK","",710347,3,9,370,2,21,4,0,1,,0,,13.5,0,0,,
5544395,1996,13374,1994,"DK","",,1,8,24,6,63,11,0,0.4545,,0.56,,37.3636,,,,
5545541,1996,13374,1989,"DK","",688370,3,14,435,3,33,2,0,1,,0,,7.5,0,0,,
5545633,1996,13374,1994,"DK","",709942,3,15,514,3,31,0,1,,0,,1,,,,0,0
5546860,1996,13381,1995,"DK","",623430,3,8,101,6,69,5,3,1,0,0,2,5.6,0,0,0,0
5546881,1996,13381,1994,"DK","",,1,9,114,5,55,1,0,1,,0,,5,,,,
5546964,1996,13381,1995,"DK","",,1,4,128,3,32,3,0,0.6667,,0.5,,22.3333,,,,
5547015,1996,13381,1994,"DK","",135040,3,9,164,5,52,5,0,0.4,,0,,24.6,1,0.4,,
5547127,1996,13381,1994,"DK","",684929,3,3,237,6,66,5,0,0.8,,0.375,,13.6,0,0,,
5547153,1996,13381,1994,"DK","",723201,3,7,248,6,69,16,0,0.6875,,0.6116,,27.875,0,0,,
5547275,1996,13381,1995,"DK","",135455,2,14,366,1,19,12,0,0.75,,0.4938,,25.9167,0.25,0.0833,,
5547424,1996,13381,1994,"DK","",175520,3,14,470,5,59,12,1,0.5,0,0.4444,4,42.6667,0,0,0,0
5547567,1996,13381,1995,"DK","",723245,3,6,210,1,19,11,0,1,,0.6446,,11.2727,0,0,,
5547578,1996,13381,1994,"DK","",684929,3,10,210,1,19,0,0,,,,,,,,,
5547691,1996,13381,1994,"DK","",699081,3,22,426,6,61,4,0,1,,0,,5.5,0,0,,
5547696,1996,13381,1994,"DK","",410090,3,12,424,3,31,4,1,1,0,0.75,1,7,0,0,1,1
5547930,1996,13381,1993,"DK","",410090,3,11,514,3,31,3,4,1,0.5,0.4444,2.5,3.3333,0.3333,0.3333,0.5,0.5
5550043,1996,13388,1995,"DK","",519205,2,7,435,3,33,0,0,,,,,,,,,
5551422,1996,13395,1994,"DK","",70025,3,101,600,3,32,24,11,1,0.1653,0.6806,2.0909,7.4583,0,0,0.3,0.2727
5551910,1996,13395,1995,"DK","",345015,3,2,452,6,61,13,1,1,0,0.4615,2,5.2308,0,0,0,0
5552385,1996,13395,1995,"DK","",410090,3,15,514,3,31,1,1,1,0,0,0,6,0,0,1,1
5553739,1996,13402,1994,"DK","",410090,3,1,221,5,51,8,0,0.625,,0,,27.875,0,0,,
5554134,1996,13402,1994,"DK","",410090,3,4,604,3,32,12,1,0.9167,0,0.1653,3,10.25,0,0,0,0
5554141,1996,13402,1994,"DK","",723804,3,13,604,3,32,21,0,1,,0.7029,,11.3333,0,0,,
5554168,1996,13402,1994,"DK","",723806,3,7,606,3,32,9,1,0.7778,0,0.2449,1,27,0,0,0,0
5554210,1996,13402,1995,"DK","",202045,3,10,96,1,13,10,1,0.8,0,0,2,21.2,0.4286,0.3,0,0
5554351,1996,13402,1994,"DK","",238050,3,8,423,1,19,7,1,0.2857,0,0.5,2,35.4286,0,0,0,0
5554599,1996,13402,1995,"DK","",709942,3,13,514,3,31,0,2,,0.5,,1,,,,0,0
5554626,1996,13402,1993,"DK","",397621,3,9,514,3,31,1,0,1,,0,,3,0,0,,
5554630,1996,13402,1995,"DK","",397621,3,7,514,3,31,2,1,1,0,0,3,3,1,1,1,1
5554632,1996,13402,1994,"DK","",397621,3,6,514,3,31,2,3,1,0,0,3.6667,3,1,1,0.6667,0.6667
5557415,1996,13409,1994,"DK","",724105,3,26,356,4,43,23,2,0.8696,0.5,0.69,2,18.7391,0,0,0,0
5557804,1996,13416,1994,"DK","",724149,3,17,2,6,63,15,0,0.7333,,0.6446,,24.2667,0,0,,
5558561,1996,13416,1995,"DK","",684288,3,2,451,5,51,3,0,0.6667,,0,,23.6667,1,0.6667,,
5558847,1996,13416,1995,"DK","",,1,20,423,1,19,10,2,0.8,0,0,2,16.2,,,,
5559106,1996,13416,1994,"DK","",410090,3,25,514,3,31,1,2,1,0,0,2.5,14,0,0,0.5,0.5
5559136,1996,13416,1995,"DK","",410090,3,12,514,3,31,2,0,1,,0,,5,1,1,,
5559138,1996,13416,1995,"DK","",410090,3,5,514,3,31,8,0,1,,0,,5.625,0.25,0.25,,
5560316,1996,13423,1995,"DK","",135455,2,18,119,6,61,21,2,0.8571,0,0.6111,2,19.8571,0,0,0,0
5562014,1996,13430,1994,"DK","",205005,3,6,74,5,59,4,0,1,,0,,6.5,0,0,,
5562443,1996,13430,1995,"DK","",202035,3,5,432,6,66,7,0,0.4286,,0,,46.4286,0.3333,0.1429,,
5562697,1996,13430,1995,"DK","",628950,3,14,623,3,39,2,12,1,0.1528,0.5,1.3333,8.5,0,0,0.2222,0.1667
5563047,1996,13430,1995,"DK","",410090,3,4,435,3,33,10,0,1,,0.74,,5.3,0,0,,
5563160,1996,13430,1995,"DK","",709942,3,9,514,3,31,0,2,,0,,1.5,,,,0.5,0.5
5564349,1996,13437,1995,"DK","",202035,3,20,110,6,66,1,1,1,0,0,2,4,0,0,0,0
5564419,1996,13437,1994,"DK","",721306,3,17,600,3,32,24,0,1,,0.8472,,7.5833,0.0526,0.0417,,
5565006,1996,13437,1993,"DK","",410090,3,28,8,1,11,3,1,1,0,0.4444,5,11,0,0,1,1
5565580,1996,13437,1995,"DK","",397621,3,6,548,1,14,0,0,,,,,,,,,
5566834,1996,13444,1995,"DK","",320330,3,8,209,5,51,5,0,1,,0.72,,20.2,0,0,,
