4042460,1977,6437,1976,"DK","",410070,3,9,435,3,33,2,2,1,0,0,12.5,2,0,0,0,0
4042695,1977,6437,1975,"DK","",308755,3,31,514,3,31,5,0,0.8,,0,,8.2,0.5,0.2,,
4043257,1977,6444,1975,"DK","",,1,5,454,5,59,1,2,1,0.5,0,20.5,6,,,,
4044024,1977,6444,1975,"DK","",308755,3,4,549,1,14,3,0,0.6667,,0,,12.6667,0,0,,
4044266,1977,6444,1976,"DK","",134705,3,5,250,4,44,3,2,1,0,0.4444,4,9.6667,0,0,0,0
4044672,1977,6451,1975,"DK","",640145,3,11,101,6,69,7,0,0.7143,,0,,7.7143,0,0,,
4044678,1977,6451,1976,"DK","",498585,3,10,101,6,69,3,5,0.3333,0,0,20,24.6667,0,0,0,0
4044792,1977,6451,1976,"DK","",414340,3,3,137,6,69,3,0,0,,,,68.3333,0,0,,
4045162,1977,6451,1975,"DK","",202035,2,33,432,6,66,5,11,1,0.5124,0,4.7273,1.4,0.4,0.4,0.1,0.0909
4047047,1977,6458,1974,"DK","",314330,3,8,307,4,49,8,0,1,,0.7813,,6.75,0,0,,
4047478,1977,6465,1975,"DK","",135065,3,9,99,6,61,3,16,1,0.4688,0,11.375,4.3333,0,0,0,0
4047516,1977,6465,1975,"DK","",,1,5,126,6,66,0,1,,0,,2,,,,,
4047693,1977,6465,1976,"DK","",432910,3,1,249,6,69,3,1,0.6667,0,0.5,16,19.3333,0,0,0,0
4047722,1977,6465,1975,"DK","",259345,3,15,279,6,69,7,2,0.1429,0,0,8.5,36.8571,0,0,0,0
4048198,1977,6465,1976,"DK","",15860,3,8,549,1,14,0,2,,0,,7,,,,0,0
4048276,1977,6465,1975,"DK","",208010,3,25,264,5,51,6,4,0.5,0,0.4444,12.5,28.3333,0,0,0,0
4048713,1977,6472,1975,"DK","",,1,8,29,5,52,8,7,0.75,0.6122,0.6667,8.5714,15.5,,,,
4048723,1977,6472,1975,"DK","",,1,12,433,3,39,6,7,0.6667,0.5714,0,18.1429,6.8333,,,,
4049403,1977,6472,1976,"DK","",253650,3,6,55,1,13,3,0,0.6667,,0.5,,16,0,0,,
4049558,1977,6472,1976,"DK","",110775,2,4,510,1,19,4,3,1,0.4444,0.375,11,5.5,0.6667,0.5,0,0
4050173,1977,6479,1975,"DK","",196150,3,10,38,6,63,5,7,1,0,0,8.2857,5.4,0,0,0,0
4050677,1977,6479,1976,"DK","",40350,3,6,366,1,19,6,8,0.5,0.5938,0.4444,9,27.3333,0,0,0,0
4050865,1977,6479,1976,"DK","",,5,8,425,5,51,6,10,0.1667,0.66,0,7.4,55.5,,,,
4051044,1977,6479,1975,"DK","",529640,3,5,422,1,19,19,10,0.8947,0.46,0.7474,11,8.8947,0,0,0,0
4051133,1977,6479,1976,"DK","",410070,3,8,540,1,14,3,0,1,,0.4444,,1.6667,0,0,,
4051868,1977,6486,1976,"DK","",134690,3,5,137,6,69,10,10,1,0.62,0.46,10.2,2.6,0,0,0.375,0.3
4052650,1977,6486,1973,"DK","",134690,3,3,318,4,45,0,4,,0,,20.5,,,,0,0
4052929,1977,6493,1975,"DK","",134690,3,2,91,5,53,10,11,0.7,0.6446,0.449,9,11.1,0.2,0.1,0.1,0.0909
4053322,1977,6493,1974,"DK","",,1,7,106,1,12,5,1,0.8,0,0.75,5,23.6,,,,
4055823,1977,6507,1976,"DK","",134690,3,3,335,4,41,3,4,0.6667,0.625,0,13.5,13,0,0,0,0
4055903,1977,6514,1976,"DK","",40755,3,24,34,1,19,3,1,1,0,0.6667,3,2.6667,0,0,0,0
4055994,1977,6514,1976,"DK","",406800,3,10,73,4,43,4,6,1,0.4444,0.625,16,2.25,0,0,0,0
4057356,1977,6521,1975,"DK","",,1,17,403,6,67,5,2,0,0.5,,12.5,75,,,,
4057636,1977,6521,1975,"DK","",709942,3,19,514,3,31,2,25,0.5,0.4064,0,16.68,8.5,0,0,0.08,0.08
4058254,1977,6528,1975,"DK","",134690,3,5,236,6,69,5,17,0.6,0.6713,0.6667,13.8824,13.2,0,0,0.0625,0.0588
4058365,1977,6528,1976,"DK","",721306,3,12,436,1,19,3,5,0.3333,0.64,0,9,14,0,0,0,0
4058447,1977,6528,1976,"DK","",721306,3,2,204,1,19,7,2,1,0.5,0.4082,19,3.7143,0.1429,0.1429,0,0
4058931,1977,6535,1976,"DK","",320330,3,12,47,6,61,6,6,0.6667,0,0,12.1667,11.5,0,0,0,0
4059392,1977,6535,1976,"DK","",202035,2,24,432,6,66,7,0,0.8571,,0.5,,4.4286,0,0,,
4059396,1977,6535,1975,"DK","",202035,2,14,432,6,66,6,10,1,0.32,0.6111,12.7,7,0,0,0.1429,0.1
4059499,1977,6535,1976,"DK","",63535,3,7,204,1,19,2,2,1,0.5,0,12.5,6.5,0,0,0,0
4059924,1977,6542,1976,"DK","",,1,10,49,5,59,2,0,1,,0,,6,,,,
4060002,1977,6542,1975,"DK","",,1,7,73,4,43,5,6,1,0.2778,0.56,7.6667,9.4,,,,
4060332,1977,6542,1975,"DK","",,1,6,248,6,69,5,0,0.8,,0.375,,12.6,,,,
4060606,1977,6542,1976,"DK","",709942,3,46,514,3,31,2,5,0.5,0.56,0,6,15,0,0,0.4,0.4
4061757,1977,6549,1975,"DK","",39660,3,32,514,3,31,7,1,0.7143,0,0.56,7,10.1429,0.2,0.1429,0,0
4062361,1977,6556,1975,"DK","",111345,3,6,604,3,32,9,4,0.7778,0.375,0.449,10.25,12.8889,0,0,0,0
4062641,1977,6556,1976,"DK","",40755,3,3,425,5,51,9,2,0.7778,0.5,0.6122,11.5,16.8889,0.25,0.1111,0.5,0.5
4064008,1977,6563,1976,"DK","",410070,3,12,435,3,33,2,4,0,0.75,,19.75,28,0,0,0,0
4064609,1977,6570,1976,"DK","",721306,3,6,29,5,52,3,1,1,0,0.4444,12,9,0,0,0,0
4064649,1977,6570,1976,"DK","",613205,3,4,49,5,59,5,3,0.2,0.4444,0,10.3333,37.6,0,0,0.3333,0.3333
4065461,1977,6570,1976,"DK","",15860,3,3,546,1,14,3,9,1,0.1975,0.6667,3.7778,7,0,0,0,0
4065921,1978,6577,1976,"DK","",134690,3,8,60,4,45,3,5,1,0.64,0,5.4,9.6667,0,0,0,0
4066102,1978,6577,1976,"DK","",134690,3,1,137,6,69,7,3,0.2857,0.4444,0,11.3333,18,0,0,0,0
4066103,1978,6577,1977,"DK","",134690,3,1,137,6,69,3,3,0.6667,0.6667,0.5,8.6667,11,0,0,0.3333,0.3333
4066207,1978,6577,1976,"DK","",74365,3,57,229,6,68,7,3,0.2857,0,0.5,9,35,0,0,0,0
4067130,1978,6584,1976,"DK","",111590,3,2,40,6,69,3,1,0.6667,0,0,2,13.6667,0,0,0,0
4067679,1978,6584,1976,"DK","",432910,3,8,425,5,51,5,0,1,,0.32,,11.6,0,0,,
4069362,1978,6591,1976,"DK","",480105,3,1,428,6,69,9,0,0.8889,,0.5938,,13.5556,0,0,,
4069548,1978,6598,1976,"DK","",,1,10,16,5,59,3,0,0.3333,,0,,15,,,,
4069770,1978,6598,1976,"DK","",,1,3,108,6,69,6,2,0.3333,0.5,0,6.5,30.1667,,,,
4069771,1978,6598,1976,"DK","",,1,2,108,6,69,5,1,0.4,0,0,11,37.4,,,,
4070452,1978,6598,1976,"DK","",,1,4,424,3,31,1,4,1,0.625,0,15,14,,,,
4070765,1978,6605,1976,"DK","",40755,3,39,34,1,19,3,11,0.6667,0.8099,0.5,10.7273,17,0,0,0,0
4071025,1978,6605,1975,"DK","",,5,3,128,3,32,7,4,0.5714,0,0.375,16.75,23,,,,
4071039,1978,6605,1976,"DK","",,1,9,137,6,69,11,8,0.6364,0.5313,0.449,6.375,13.9091,,,,
4071900,1978,6605,1976,"DK","",134690,3,5,708,2,22,5,3,1,0.4444,0.56,7.6667,3.2,0,0,0,0
4071939,1978,6612,1976,"DK","",552450,3,2,29,5,52,6,8,0.5,0.75,0.4444,11.875,33.8333,0,0,0,0
4072598,1978,6612,1976,"DK","",548515,3,3,204,1,19,2,0,0,,,,34,0,0,,
4072760,1978,6612,1975,"DK","",437980,3,10,514,3,31,1,3,1,0,0,8.6667,7,0,0,0,0
4073224,1978,6619,1976,"DK","",,1,9,454,5,59,10,1,0.7,0,0.7347,6,24.8,,,,
4073953,1978,6619,1976,"DK","",39760,3,7,426,6,61,3,9,1,0.5679,0,13,5.3333,0,0,0,0
4075742,1978,6633,1976,"DK","",,5,9,24,6,63,4,7,0,0.6122,,14.7143,62.5,,,,
4076042,1978,6633,1976,"DK","",134690,3,1,137,6,69,4,1,1,0,0,5,10,0,0,0,0
4076507,1978,6633,1976,"DK","",40755,3,12,95,1,13,7,3,0.4286,0,0.4444,11.6667,27,0,0,0,0
4076816,1978,6633,1975,"DK","",709942,3,13,514,3,31,1,5,1,0.64,0,8,5,0,0,0.2,0.2
4077222,1978,6640,1975,"DK","",,1,20,405,6,64,2,3,1,0,0,7.3333,4,,,,
4077303,1978,6640,1976,"DK","",,1,2,91,5,53,8,2,0,0.5,,8.5,32.625,,,,
4077499,1978,6640,1976,"DK","",,1,8,188,5,53,10,5,0.4,0.32,0.375,11.4,19,,,,
4077536,1978,6640,1976,"DK","",73325,3,21,215,6,68,4,3,0,0.4444,,12,28.25,0,0,0,0
4078649,1978,6647,1976,"DK","",320330,3,5,198,5,59,4,2,0.5,0,0,6,22.25,0,0,0,0
4078730,1978,6647,1976,"DK","",202035,2,9,241,5,51,5,0,0.4,,0,,26,0.5,0.2,,
4078882,1978,6647,1976,"DK","",202035,2,59,432,6,66,2,6,0.5,0.2778,0,8,15.5,0,0,0,0
4079583,1978,6654,1976,"DK","",,1,9,368,6,69,4,7,1,0,0,9.5714,4.25,,,,
4079774,1978,6654,1976,"DK","",135040,3,17,164,5,52,3,5,1,0,0,10.6,8,1,0.3333,0.5,0.4
4080681,1978,6661,1977,"DK","",,1,9,14,6,69,11,0,0.7273,,0.75,,17.3636,,,,
4081071,1978,6661,1975,"DK","",320330,3,11,198,5,59,2,3,0.5,0,0,10.6667,49.5,0,0,0,0
4081423,1978,6661,1976,"DK","",290955,3,10,523,1,15,3,9,0.6667,0.5185,0,11.5556,12,0,0,0,0
4081963,1978,6668,1976,"DK","",134690,3,5,60,4,45,3,10,1,0.46,0.6667,16,7,0,0,0,0
4082135,1978,6668,1976,"DK","",135040,3,4,164,5,52,6,0,0.8333,,0.32,,10.1667,0,0,,
4082597,1978,6668,1976,"DK","",,1,5,156,1,19,8,2,0.875,0,0.449,20,9,,,,
4082745,1978,6668,1976,"DK","",410070,3,6,540,1,14,6,0,1,,0,,2.1667,0.2,0.1667,,
4082851,1978,6668,1976,"DK","",709942,3,28,514,3,31,9,5,0.8889,0,0.7188,3.8,6.2222,0.125,0.1111,0.2,0.2
4082928,1978,6668,1976,"DK","",134690,3,3,200,4,41,7,2,0.7143,0,0.48,11,13.7143,0,0,0,0
4083196,1978,6675,1976,"DK","",134690,3,6,62,6,69,4,0,0.75,,0.4444,,9.75,0,0,,
4083199,1978,6675,1976,"DK","",77275,3,6,62,6,69,3,4,0.6667,0,0,7.25,16,0,0,0.3333,0.25
4083500,1978,6675,1976,"DK","",202035,2,14,241,5,51,4,3,0.5,0,0,8.6667,23.5,0,0,0.3333,0.3333
4084028,1978,6675,1976,"DK","",,1,7,428,6,69,9,4,0.8889,0.375,0.375,6,8.3333,,,,
4084926,1978,6682,1977,"DK","",77275,3,3,418,5,53,5,0,0.2,,0,,35,0,0,,
4085887,1978,6689,1976,"DK","",,1,8,494,1,19,5,1,0.2,0,0,14,32.2,,,,
4085916,1978,6689,1975,"DK","",,1,13,248,6,69,8,1,0.375,0,0.6667,18,23.25,,,,
4086468,1978,6689,1975,"DK","",,1,1,392,4,41,13,2,0.0769,0.5,0,9,30.6154,,,,
4086623,1978,6689,1976,"DK","",134690,3,15,363,4,45,6,4,1,0.5,0.2778,9.75,4.3333,0,0,0,0
4087042,1978,6696,1976,"DK","",15800,3,8,206,6,68,6,0,1,,0.2778,,6.1667,0.1667,0.1667,,
4087133,1978,6696,1975,"DK","",100140,3,3,406,5,59,13,0,0.9231,,0.5694,,11.6154,0.125,0.0769,,
4087332,1978,6696,1977,"DK","",,1,12,435,3,33,4,21,0.75,0.712,0.4444,11.5238,11.25,,,,
4088030,1978,6703,1976,"DK","",14405,3,2,73,4,43,4,2,1,0.5,0,8.5,4.75,0.3333,0.25,0,0
4088271,1978,6703,1976,"DK","",,1,9,239,5,59,5,2,0.8,0,0.375,21.5,10.4,,,,
4088866,1978,6703,1976,"DK","",14405,3,12,219,4,49,2,4,0.5,0,0,9.5,16.5,0,0,0,0
4088868,1978,6703,1976,"DK","",473325,3,10,219,4,49,4,5,1,0.8,0.5,10.6,6,0,0,0,0
4089634,1978,6710,1976,"DK","",202035,2,19,432,6,66,4,4,0.75,0.375,0.4444,14.75,18,0.3333,0.25,0.3333,0.25
4090040,1978,6710,1977,"DK","",,5,4,381,4,49,0,4,,0.625,,17.5,,,,,
4090671,1978,6717,1976,"DK","",202035,2,24,241,5,51,6,1,0.3333,0,0,18,33,0,0,0,0
4091506,1978,6724,1975,"DK","",,5,23,452,6,61,3,14,0.6667,0,0,11.5714,26.6667,,,,
4091943,1978,6724,1975,"DK","",,1,8,414,5,51,5,14,1,0.2551,0,15.2143,7.2,,,,
4091994,1978,6724,1976,"DK","",554405,3,3,237,6,66,9,9,0.4444,0.3457,0.375,10.3333,18.6667,0,0,0,0
4092247,1978,6724,1976,"DK","",15830,3,6,210,1,19,3,6,0.6667,0.2778,0.5,12.8333,28.6667,0,0,0,0
4093198,1978,6731,1977,"DK","",,1,12,267,5,59,5,7,0.4,0.6939,0.5,10.7143,14.8,,,,
4093767,1978,6731,1976,"DK","",366840,3,3,428,6,69,10,0,0.7,,0.6939,,14.4,0,0,,
4094167,1978,6738,1976,"DK","",554405,3,4,62,6,69,14,4,0.2143,0,0,6.75,22.9286,0,0,0,0
4094614,1978,6738,1975,"DK","",228685,3,2,416,1,19,11,4,0.1818,0,0,7.5,42.4545,1,0.0909,0,0
4094628,1978,6738,1976,"DK","",202035,2,33,432,6,66,8,2,0.875,0,0.449,17,10.875,0.2,0.125,0.5,0.5
4095510,1978,6745,1975,"DK","",,1,1,91,5,53,7,1,0.1429,0,0,9,17.5714,,,,
4095919,1978,6745,1976,"DK","",228685,3,8,416,1,19,7,3,0.2857,0,0.5,2.3333,31.5714,1,0.1429,0,0
4096558,1978,6745,1976,"DK","",134690,3,15,363,4,45,6,1,1,0,0.2778,14,5,0,0,0,0
4096708,1978,6752,1977,"DK","",134690,3,4,62,6,69,4,0,0.25,,0,,27,0,0,,
4096775,1978,6752,1977,"DK","",298110,3,3,83,5,51,2,4,1,0.375,0,4.25,4,0,0,0,0
4096936,1978,6752,1975,"DK","",320330,3,18,198,5,59,4,10,0.75,0,0,15.5,16.5,0,0,0,0
4097048,1978,6752,1976,"DK","",58750,3,9,273,6,62,5,10,0.4,0.58,0,11.6,22.4,0,0,0,0
4097320,1978,6752,1977,"DK","",495910,3,3,156,1,19,2,5,1,0.56,0.5,7.4,5.5,0.5,0.5,0,0
4097719,1978,6752,1976,"DK","",134690,3,7,392,4,41,2,4,1,0.375,0,11,2,0.5,0.5,0,0
4097788,1978,6752,1976,"DK","",134690,3,2,318,4,45,3,11,1,0.1653,0,10.1818,6.3333,0,0,0.0909,0.0909
4097955,1978,6759,1975,"DK","",,5,1,16,5,59,6,7,0.1667,0.6531,0,14.1429,40.6667,,,,
4098197,1978,6759,1977,"DK","",406840,3,5,108,6,69,6,2,0.3333,0,0,13.5,24.6667,0,0,0,0
4098208,1978,6759,1977,"DK","",437495,3,5,112,6,63,4,7,0.75,0,0,12.4286,8,0,0,0,0
4098796,1978,6759,1976,"DK","",410070,3,4,548,1,14,3,2,1,0.5,0.4444,2,5.3333,0,0,0,0
4099225,1978,6759,1977,"DK","",134690,3,8,363,4,45,4,21,1,0.5805,0.375,8,3,0,0,0.0952,0.0952
4099729,1978,6766,1977,"DK","",134690,3,6,277,6,67,8,15,1,0,0,10.8667,6.625,0,0,0,0
4099982,1978,6766,1977,"DK","",40755,3,2,127,1,11,2,4,1,0.625,0,8.75,6.5,0,0,0,0
4100024,1978,6766,1977,"DK","",410070,3,7,435,3,33,4,24,1,0.6563,0,13.125,3.25,0,0,0.0833,0.0833
4100151,1978,6766,1977,"DK","",410070,3,8,435,3,33,2,12,1,0.7222,0,14.75,3.5,0,0,0,0
4100276,1978,6766,1976,"DK","",709942,3,53,514,3,31,2,10,1,0.68,0.5,11.2,2,0.5,0.5,0.2222,0.2
4101080,1978,6773,1976,"DK","",497730,3,3,241,5,51,6,6,0.3333,0,0,12.3333,27.5,0,0,0,0
4101336,1978,6773,1977,"DK","",202035,2,8,106,1,12,4,0,1,,0.375,,2,1,1,,
4101337,1978,6773,1977,"DK","",202035,2,31,106,1,12,3,6,0.6667,0.5,0.5,13.1667,21.3333,0,0,0,0
4102056,1978,6780,1976,"DK","",40755,3,6,34,1,19,5,4,1,0.625,0.72,13.75,5.4,0,0,0,0
4103391,1978,6787,1977,"DK","",,1,10,16,5,59,1,1,1,0,0,20,1,,,,
4104582,1978,6787,1976,"DK","",264965,3,12,324,4,43,8,15,0.625,0.3467,0.32,12.2,13.375,0,0,0,0
4104927,1978,6794,1976,"DK","",,1,8,123,5,53,3,1,0.3333,0,0,21,41.6667,,,,
4105384,1978,6794,1976,"DK","",545450,3,8,425,5,51,2,8,1,0.5625,0,11.875,7,0,0,0,0
4105425,1978,6794,1977,"DK","",480105,3,3,65,5,51,5,3,1,0,0.32,10.3333,9,0,0,0.3333,0.3333
4106237,1978,6801,1977,"DK","",,1,6,49,5,59,3,3,0,0,,14.6667,46,,,,
4106589,1978,6801,1977,"DK","",,1,9,182,6,65,3,1,0,0,,8,89.6667,,,,
4106691,1978,6801,1977,"DK","",134690,3,4,236,6,69,2,1,0.5,0,0,10,10,1,0.5,0,0
4106881,1978,6801,1977,"DK","",134690,3,1,417,5,53,5,7,0.4,0.449,0,7.5714,18.8,0,0,0,0
4106883,1978,6801,1977,"DK","",134690,3,2,418,5,53,2,6,1,0.2778,0.5,7.1667,8.5,1,0.5,0.25,0.1667
4106991,1978,6801,1977,"DK","",410070,3,11,435,3,33,3,27,1,0.7407,0.4444,14.037,3.6667,0,0,0.16,0.1481
4108498,1978,6808,1976,"DK","",78835,3,5,406,5,59,4,3,0.75,0.4444,0.4444,7.3333,10.5,0,0,0,0
4108593,1978,6808,1976,"DK","",202035,2,7,432,6,66,9,4,1,0.375,0,7,2,0.6667,0.6667,0,0
4109207,1978,6808,1976,"DK","",538025,3,6,455,2,21,3,3,0.6667,0,0.5,20,17.3333,0,0,0,0
4110146,1978,6815,1977,"DK","",52825,3,2,156,1,19,4,0,1,,0.375,,4.5,0,0,,
4110149,1978,6815,1977,"DK","",424125,2,10,156,1,19,4,2,1,0,0.375,5.5,4.75,0.5,0.25,0,0
4110163,1978,6815,1976,"DK","",410070,3,5,435,3,33,4,6,1,0.4444,0,6.1667,6.5,0,0,0.1667,0.1667
4110388,1978,6815,1977,"DK","",435750,3,25,264,5,51,7,1,0.7143,0,0.32,20,12.4286,0,0,0,0
4110926,1978,6822,1976,"DK","",387120,3,2,40,6,69,0,0,,,,,,,,,
4111333,1978,6822,1976,"DK","",71455,3,20,221,5,51,2,3,0.5,0,0,12.3333,26.5,0,0,0,0
4111352,1978,6822,1977,"DK","",726215,2,3,229,6,68,10,2,0.3,0,0,9.5,45.4,0,0,0,0
4111431,1978,6822,1977,"DK","",516860,3,10,369,2,24,2,1,0.5,0,0,12,17,0,0,0,0
4113041,1978,6829,1977,"DK","",,1,10,180,5,55,4,10,0.75,0.74,0.6667,11,7.25,,,,
4113150,1978,6829,1976,"DK","",,1,1,222,1,19,6,1,0.1667,0,0,21,43.5,,,,
4114262,1978,6836,1976,"DK","",135060,3,1,29,5,52,5,3,0.2,0.4444,0,16,24.8,0,0,0,0
4114394,1978,6836,1977,"DK","",,1,20,405,6,64,5,3,0.6,0,0,9.6667,13.6,,,,
4114439,1978,6836,1977,"DK","",134690,3,4,73,4,43,1,6,1,0.2778,0,6,2,1,1,0,0
4114457,1978,6836,1977,"DK","",134690,3,8,73,4,43,4,10,0.75,0.34,0.6667,8.1,10.25,0,0,0,0
4114682,1978,6836,1977,"DK","",134690,3,4,165,6,66,2,4,1,0.75,0,8.5,10.5,0,0,0,0
4114806,1978,6836,1977,"DK","",134690,3,6,236,6,69,3,1,0.6667,0,0,2,17.3333,0,0,0,0
4114846,1978,6836,1975,"DK","",134690,3,1,248,6,69,8,6,0.375,0.7778,0.6667,12.8333,22,0,0,0,0
4115035,1978,6836,1977,"DK","",134690,3,7,417,5,53,1,7,1,0.2449,0,7.4286,6,0,0,0,0
4115039,1978,6836,1977,"DK","",134690,3,4,417,5,53,7,1,1,0,0.449,13,9.7143,0.6667,0.2857,0,0
4115136,1978,6836,1976,"DK","",202035,2,4,106,1,12,5,2,1,0.5,0.32,10,5.2,0.25,0.2,0,0
4115375,1978,6836,1977,"DK","",406785,3,3,530,1,15,3,7,1,0.6531,0.4444,9.8571,6.3333,0,0,0,0
4115502,1978,6836,1975,"DK","",,1,13,264,5,51,12,3,0.9167,0.6667,0.562,9.3333,9.8333,,,,
4115694,1978,6836,1977,"DK","",218550,2,11,250,4,44,1,11,1,0.4298,0,5.1818,3,0,0,0.0909,0.0909
4116038,1978,6843,1977,"DK","",,1,8,72,5,52,10,1,0.4,0,0.375,3,28.8,,,,
4116074,1978,6843,1976,"DK","",,1,21,73,4,43,6,4,1,0.375,0.4444,8.25,5.3333,,,,
4116336,1978,6843,1977,"DK","",721306,3,14,206,6,68,10,44,0.9,0.78,0.716,12.2955,8.5,0.1667,0.1,0.0244,0.0227
4116771,1978,6843,1977,"DK","",410070,3,18,435,3,33,4,5,1,0.32,0,7,2.25,0.25,0.25,0.4,0.4
4117061,1978,6843,1976,"DK","",,1,6,264,5,51,3,3,1,0.6667,0,11,10.6667,,,,
4117307,1978,6843,1976,"DK","",134690,3,7,392,4,41,2,5,1,0.64,0,10.4,1.5,1,1,0,0
4118011,1978,6850,1977,"DK","",,1,3,254,5,59,1,0,0,,,,28,,,,
4118153,1978,6850,1977,"DK","",134690,3,4,417,5,53,4,4,0.25,0.5,0,12,26.25,0,0,0,0
4118188,1978,6850,1976,"DK","",593825,3,6,8,1,11,1,0,1,,0,,7,0,0,,
4118753,1978,6850,1977,"DK","",134690,3,1,361,4,45,4,3,1,0.4444,0.375,8,7.75,0,0,0,0
4119434,1978,6857,1977,"DK","",,1,11,501,1,19,3,1,1,0,0.4444,16,5.6667,,,,
4119717,1978,6857,1977,"DK","",709942,3,30,514,3,31,2,5,1,0.56,0,7.4,1,1,1,0.2,0.2
4119755,1978,6857,1976,"DK","",480105,3,1,442,1,11,4,3,0.5,0.6667,0,2.6667,15,0,0,0,0
4119894,1978,6857,1977,"DK","",134690,3,1,318,4,45,1,7,1,0.5714,0,12.7143,11,0,0,0,0
4120656,1978,6864,1977,"DK","",410070,3,7,422,1,19,4,2,1,0.5,0.625,6.5,5.5,0,0,0,0
4120713,1978,6864,1977,"DK","",42415,3,9,156,1,19,13,0,0.8462,,0.562,,9.4615,0.2,0.0769,,
4121751,1978,6871,1977,"DK","",15800,3,4,206,6,68,5,0,1,,0.32,,6.4,0,0,,
4121770,1978,6871,1977,"DK","",40755,3,7,239,5,59,3,5,1,0.32,0,14,6,1,1,0.3333,0.2
4122511,1978,6871,1977,"DK","",,1,8,362,4,42,4,4,0.5,0.375,0,9.5,16.5,,,,
4122706,1978,6878,1977,"DK","",21525,3,9,73,4,43,2,3,1,0.4444,0,6,9,0,0,0,0
4124216,1978,6885,1975,"DK","",52565,3,26,369,2,24,8,4,0.875,0,0.6939,4,11.625,0,0,0,0
4124288,1978,6885,1977,"DK","",473325,3,11,399,5,54,6,7,1,0,0.2778,2.5714,4.5,0,0,0,0
4124949,1978,6892,1977,"DK","",279465,3,5,446,6,62,4,2,0.5,0,0,12.5,14.25,0,0,0.5,0.5
4125012,1978,6892,1976,"DK","",,1,4,374,4,43,7,8,1,0,0.2449,13.25,6.7143,,,,
4125271,1978,6892,1976,"DK","",484255,3,4,280,5,55,4,4,1,0.625,0.375,12.25,10.75,0,0,0,0
4125363,1978,6892,1976,"DK","",202035,2,39,432,6,66,7,2,0.8571,0.5,0.2778,10.5,5.7143,0.5,0.4286,0,0
4125581,1978,6892,1975,"DK","",,1,15,264,5,51,4,4,1,0.75,0.375,15.5,6.5,,,,
4126250,1978,6899,1977,"DK","",77275,3,2,222,1,19,3,4,0.6667,0.75,0.5,11,25.6667,0,0,0,0
4126475,1978,6899,1977,"DK","",,1,12,106,1,12,2,3,0,0,,16,54.5,,,,
4127298,1978,6906,1977,"DK","",,4,2,294,5,59,2,2,0,0.5,,17.5,91,,,,
4127305,1978,6906,1977,"DK","",,1,2,301,5,55,2,5,0.5,0.64,0,9,12,,,,
4127349,1978,6906,1977,"DK","",507495,3,3,404,6,69,9,1,0.5556,0,0.32,8,23.1111,0,0,0,0
4127385,1978,6906,1976,"DK","",,1,1,436,1,19,2,1,1,0,0,7,2.5,,,,
4128747,1978,6913,1976,"DK","",134690,3,3,200,4,41,3,1,0.6667,0,0,3,13.3333,0,0,0,0
4129332,1978,6920,1977,"DK","",139610,3,7,297,6,65,5,3,0.6,0.4444,0,6.3333,11.2,0,0,0,0
4130183,1978,6927,1976,"DK","",286135,3,16,187,5,55,1,5,1,0.56,0,11.2,4,0,0,0,0
4130575,1978,6927,1975,"DK","",238050,3,3,518,1,19,11,2,0.7273,0.5,0,10,8.8182,0,0,0,0
4132683,1979,6941,1976,"DK","",319160,3,6,521,1,15,2,4,1,0.625,0,10.75,8.5,0,0,0,0
4132769,1979,6941,1975,"DK","",,1,15,424,3,31,8,20,0.875,0.8,0.6939,11.9,9.125,,,,
4133879,1979,6948,1977,"DK","",15905,3,5,514,3,31,4,1,1,0,0,5,4,0,0,0,0
4134771,1979,6955,1977,"DK","",228685,3,5,106,1,12,3,2,0.6667,0.5,0.5,13,14.3333,0,0,0,0
4135233,1979,6955,1977,"DK","",103175,3,6,363,4,45,5,13,1,0.355,0,9.8462,5.6,0,0,0,0
4135335,1979,6962,1977,"DK","",,1,4,52,6,69,5,20,0.2,0.74,0,11.1,18,,,,
4136031,1979,6962,1977,"DK","",40560,3,12,210,1,19,6,3,0.3333,0,0,16.3333,27.5,0,0,0,0
4136193,1979,6962,1977,"DK","",308755,3,18,514,3,31,1,2,1,0.5,0,10,10,1,1,0,0
4136223,1979,6962,1978,"DK","",40350,3,1,428,6,69,6,8,1,0.375,0.5,9.875,6.6667,0,0,0,0
4136985,1979,6969,1977,"DK","",357325,2,10,403,6,67,1,9,0,0.7654,,15.2222,53,0,0,0,0
4137111,1979,6969,1974,"DK","",406775,3,8,156,1,19,6,7,0.1667,0.6531,0,18.5714,22.3333,0,0,0,0
4137335,1979,6969,1974,"DK","",17830,3,2,426,6,61,10,19,0.4,0.0997,0.625,15.9474,23,0,0,0.0588,0.0526
4137431,1979,6969,1977,"DK","",,1,6,381,4,49,0,3,,0.4444,,12,,,,,
4138114,1979,6976,1974,"DK","",,1,7,273,6,62,3,7,0,0.449,,16.2857,31,,,,
4138122,1979,6976,1977,"DK","",421895,3,5,369,2,24,3,4,1,0,0,4.75,6.3333,0,0,0.25,0.25
4138462,1979,6976,1976,"DK","",15895,3,4,264,5,51,9,8,0.7778,0.4063,0.449,9.75,10.3333,0,0,0,0
4138584,1979,6976,1977,"DK","",39660,3,5,560,1,14,3,2,1,0.5,0.6667,5,10.3333,0,0,0,0
4138769,1979,6983,1977,"DK","",357955,3,4,452,6,61,8,0,0.625,,0,,16.5,0,0,,
4139088,1979,6983,1977,"DK","",320330,3,6,198,5,59,10,8,1,0.375,0.18,11.375,9.2,0,0,0.1429,0.125
4139116,1979,6983,1977,"DK","",,1,12,220,6,68,7,1,0.2857,0,0,20,22.5714,,,,
4139150,1979,6983,1977,"DK","",134690,3,2,236,6,69,2,4,0.5,0.625,0,7.75,20.5,0,0,0,0
4140736,1979,6990,1976,"DK","",415365,3,4,261,1,19,10,5,0.8,0.64,0.6875,14.8,12.2,0,0,0,0
4141223,1979,6997,1977,"DK","",134690,3,6,62,6,69,6,1,0.5,0,0.4444,12,20.3333,0,0,0,0
4141491,1979,6997,1977,"DK","",226955,3,19,234,5,51,1,0,1,,0,,3,0,0,,
4141497,1979,6997,1977,"DK","",134690,3,7,236,6,69,3,1,0.3333,0,0,18,17,1,0.3333,0,0
4141783,1979,6997,1977,"DK","",40755,3,4,159,1,19,6,5,0,0.72,,11,30.5,0,0,0,0
4142072,1979,6997,1977,"DK","",423110,3,2,381,4,49,3,6,1,0,0,15.1667,3.3333,0,0,0,0
4142102,1979,6997,1977,"DK","",218550,2,9,250,4,44,1,11,1,0.4298,0,7.7273,1,1,1,0.0909,0.0909
4142380,1979,7004,1977,"DK","",134690,3,7,62,6,69,6,4,0.8333,0.5,0.56,14,14.1667,0,0,0,0
4143195,1979,7004,1976,"DK","",,1,10,428,6,69,10,10,0.9,0.7,0.6667,9.2,11.1,,,,
4143442,1979,7011,1977,"DK","",311615,3,5,16,5,59,0,4,,0.5,,7.5,,,,0,0
4143758,1979,7011,1977,"DK","",77275,3,3,198,5,59,5,5,1,0,0.72,8.4,7.4,0,0,0.2,0.2
4143774,1979,7011,1977,"DK","",424125,2,2,414,5,51,7,4,0.2857,0.375,0.5,12.75,22.5714,0,0,0,0
4144687,1979,7018,1975,"DK","",,1,1,52,6,69,10,1,0.5,0,0.64,7,25.6,,,,
4144712,1979,7018,1977,"DK","",134690,3,5,60,4,45,3,1,1,0,0.4444,2,8.6667,0,0,0,0
4144752,1979,7018,1977,"DK","",134690,3,5,73,4,43,3,11,1,0.1653,0,12.6364,4.3333,0,0,0.0909,0.0909
4144753,1979,7018,1977,"DK","",134690,3,6,73,4,43,1,4,1,0.625,0,13,2,0,0,0,0
4145167,1979,7018,1978,"DK","",134690,3,1,418,5,53,8,2,0.875,0.5,0.2449,5,10.5,0.5,0.25,1,1
4145230,1979,7018,1977,"DK","",15830,3,4,127,1,11,3,2,1,0,0,8.5,9.3333,0,0,0,0
4145582,1979,7018,1976,"DK","",421895,3,2,369,2,24,5,3,0.6,0,0,2.6667,13,0,0,0.5,0.3333
4145589,1979,7018,1977,"DK","",226955,3,14,200,4,41,6,1,0.8333,0,0.32,7,10.1667,0,0,0,0
4145647,1979,7018,1978,"DK","",134690,3,2,318,4,45,4,4,1,0.375,0.375,11.25,5.25,0.5,0.5,0,0
4146240,1979,7025,1977,"DK","",,1,11,279,6,69,2,7,1,0.8163,0.5,8.1429,7.5,,,,
4147308,1979,7032,1977,"DK","",202035,2,25,241,5,51,3,5,0.6667,0,0,6.4,47.3333,0,0,0,0
4148025,1979,7032,1977,"DK","",103175,3,3,342,2,21,7,3,1,0,0.2449,4.6667,8.1429,0,0,0.3333,0.3333
4148214,1979,7039,1977,"DK","",15830,3,6,73,4,43,3,2,0.3333,0,0,11.5,33.3333,0,0,0,0
4148238,1979,7039,1977,"DK","",41250,3,5,83,5,51,3,2,0.3333,0,0,10.5,60.3333,0,0,0,0
4148464,1979,7039,1976,"DK","",406770,3,4,254,5,59,5,3,0.8,0.6667,0.375,9.6667,16.8,0,0,0,0
4148901,1979,7039,1976,"DK","",39660,3,26,514,3,31,1,3,1,0.6667,0,2.6667,1,0,0,0.6667,0.6667
4151108,1979,7053,1977,"DK","",721306,3,12,436,1,19,16,18,1,0.5247,0.8203,11.3889,5.625,0.0769,0.0625,0,0
4153694,1979,7067,1977,"DK","",308755,3,10,514,3,31,1,1,1,0,0,10,3,1,1,0,0
4153979,1979,7074,1977,"DK","",,1,9,24,6,63,4,0,0.75,,0.4444,,20.25,,,,
4154088,1979,7074,1976,"DK","",202035,2,13,73,4,43,6,15,0.6667,0.3467,0.375,12.4667,18.8333,0,0,0,0
4154315,1979,7074,1977,"DK","",306200,3,10,180,5,55,2,4,0.5,0.375,0,11,14.5,0,0,0,0
4154550,1979,7074,1977,"DK","",,1,23,405,6,64,5,1,0.4,0,0,17,25.6,,,,
4154749,1979,7074,1977,"DK","",280,3,2,554,1,14,3,3,0.6667,0.4444,0,7.6667,8.3333,0,0,0,0
4155354,1979,7081,1977,"DK","",,1,3,600,3,32,10,19,0.9,0.2825,0.1975,8.9474,8.7,,,,
4155407,1979,7081,1978,"DK","",,1,2,172,6,64,5,3,0.2,0.4444,0,11,60.2,,,,
4155667,1979,7081,1977,"DK","",,1,1,405,6,64,3,11,1,0.5455,0.6667,11.4545,10.3333,,,,
4157724,1979,7102,1977,"DK","",,1,21,141,5,51,2,5,1,0.56,0.5,3.6,3,,,,
4157907,1979,7102,1977,"DK","",,1,12,65,5,51,6,4,0.8333,0.375,0.8,2.75,8.5,,,,
4158163,1979,7102,1977,"DK","",134690,3,26,318,4,45,7,24,1,0.4618,0,7.125,4.8571,0,0,0.0417,0.0417
4158437,1979,7109,1977,"DK","",134690,3,1,236,6,69,6,3,0.8333,0.6667,0.48,10,11,0.5,0.1667,0,0
4159065,1979,7116,1977,"DK","",15880,3,4,221,5,51,3,0,0,,,,36,0,0,,
4159646,1979,7123,1978,"DK","",134690,3,2,73,4,43,3,3,1,0,0,9.6667,5,0,0,0,0
4159647,1979,7123,1978,"DK","",134690,3,7,73,4,43,3,5,1,0,0,6.4,5,0,0,0,0
4159723,1979,7123,1978,"DK","",134690,3,2,137,6,69,2,11,1,0.6281,0.5,7.4545,9.5,1,0.5,0,0
4160625,1979,7130,1977,"DK","",134690,3,2,417,5,53,6,8,0.6667,0.5625,0,11.75,23.1667,0,0,0,0
4160714,1979,7130,1978,"DK","",721306,3,14,204,1,19,3,10,1,0.76,0.6667,6.3,4.6667,0,0,0.1,0.1
4160995,1979,7130,1977,"DK","",,1,10,348,4,49,3,4,1,0,0,5.5,4,,,,
4162259,1979,7144,1978,"DK","",709942,3,9,552,1,14,4,0,1,,0,,1.5,1,1,,
4163009,1979,7151,1978,"DK","",17830,3,3,530,1,15,11,10,0.8182,0.42,0.8148,16.1,12.9091,0.25,0.0909,0,0
4163061,1979,7151,1978,"DK","",104245,2,9,514,3,31,1,0,1,,0,,10,0,0,,
4163734,1979,7158,1978,"DK","",721306,3,9,436,1,19,15,47,1,0.6818,0.7111,7.7872,5,0.1667,0.1333,0,0
4164495,1979,7165,1978,"DK","",406785,3,6,530,1,15,13,8,1,0.7188,0.5444,8.625,4.8462,0,0,0,0
4164537,1979,7165,1977,"DK","",,1,3,264,5,51,5,5,0.4,0.48,0.5,16.8,23.2,,,,
4164830,1979,7172,1977,"DK","",,1,8,52,6,69,9,7,0.8889,0.2449,0,11.5714,13.3333,,,,
4165033,1979,7172,1979,"DK","",739677,3,20,235,5,59,7,5,1,0.72,0.5714,11.6,8.2857,0,0,0,0
4165387,1979,7172,1976,"DK","",139420,3,3,426,6,61,0,0,,,,,,,,,
4166341,1979,7186,1977,"DK","",,1,21,47,6,61,8,23,0.75,0.0832,0,11.6087,13.375,,,,
4167184,1979,7193,1977,"DK","",,5,15,128,3,32,7,2,0.5714,0,0.375,14,24,,,,
4167691,1979,7193,1978,"DK","",134690,3,1,318,4,45,6,10,1,0.46,0,12.1,4.6667,0.1667,0.1667,0.1,0.1
4167776,1979,7193,1978,"DK","",134690,3,1,363,4,45,5,9,1,0.5185,0.72,6.7778,7,0,0,0.125,0.1111
4169358,1979,7214,1977,"DK","",134690,3,8,62,6,69,7,8,0.1429,0,0,13.25,23.5714,0,0,0.125,0.125
4170800,1979,7228,1977,"DK","",,1,10,5,6,65,4,2,0.75,0.5,0,12,25.25,,,,
4170814,1979,7228,1976,"DK","",469595,3,3,29,5,52,9,1,0.4444,0,0.625,13,20.7778,0,0,0,0
4171174,1979,7228,1977,"DK","",,1,30,405,6,64,8,5,0.5,0,0,11.4,30.75,,,,
4171583,1979,7235,1977,"DK","",,1,1,40,6,69,7,2,0.5714,0,0.375,10,27.8571,,,,
4171949,1979,7235,1977,"DK","",202035,2,23,432,6,66,6,7,0.5,0.6122,0.4444,10.8571,18,0.5,0.1667,0.2857,0.2857
4174200,1979,7256,1977,"DK","",569585,3,10,425,5,51,7,5,1,0.32,0.6531,9.2,9,0,0,0,0
4175428,1979,7270,1977,"DK","",,1,10,73,4,43,7,14,1,0.2551,0.6939,10.2857,12.8571,,,,
4175596,1979,7270,1978,"DK","",15855,3,14,141,5,51,3,0,1,,0.4444,,6,0,0,,
4176493,1979,7277,1977,"DK","",279465,3,7,446,6,62,5,7,0.8,0,0,19,12.8,0,0,0,0
4177188,1979,7277,1978,"DK","",406785,3,3,530,1,15,8,11,0.75,0.3967,0,9.9091,9.25,0,0,0,0
4177892,1979,7284,1977,"DK","",135040,3,2,198,5,59,4,3,0.5,0.4444,0.5,9.3333,15.25,0,0,0,0
4178069,1979,7284,1977,"DK","",15895,3,17,385,2,21,5,12,1,0.1528,0.48,9.25,4.6,0,0,0,0
4178140,1979,7284,1978,"DK","",134690,3,1,417,5,53,2,2,0.5,0,0,5.5,16.5,1,0.5,0,0
4178294,1979,7284,1977,"DK","",410070,3,1,548,1,14,2,0,1,,0.5,,10.5,0,0,,
4178393,1979,7284,1977,"DK","",15860,3,9,426,6,61,9,20,0.4444,0.18,0.375,12.85,15,0,0,0,0
4178771,1979,7291,1978,"DK","",134690,3,2,62,6,69,2,2,0,0,,8.5,29.5,0,0,0,0
4179607,1979,7291,1978,"DK","",218550,2,8,250,4,44,1,17,1,0.3945,0,4.1765,4,0,0,0.1429,0.1176
4180369,1979,7298,1978,"DK","",,1,11,415,5,53,3,5,0.3333,0.32,0,5.2,20,,,,
4180706,1979,7298,1977,"DK","",52565,3,59,381,4,49,4,15,0.5,0.24,0,10.2,12,0,0,0,0
4180714,1979,7298,1978,"DK","",134690,3,17,200,4,41,5,1,0.8,0,0.375,1,9,0,0,0,0
4180764,1979,7298,1978,"DK","",17730,3,3,315,4,42,3,3,0.3333,0,0,13.3333,17.3333,0,0,0,0
4180892,1980,7305,1978,"DK","",78420,3,1,29,5,52,2,7,0.5,0.4082,0,12.4286,16,0,0,0,0
4181285,1980,7305,1978,"DK","",,1,15,249,6,69,14,5,0.4286,0.48,0.7778,14,23.1429,,,,
4181659,1980,7305,1977,"DK","",709942,3,8,514,3,31,3,5,1,0.48,0.4444,3.4,5.3333,0,0,0.6,0.6
4181701,1980,7305,1977,"DK","",238050,3,7,422,1,19,7,13,1,0.4734,0.4898,10.4615,7.1429,0,0,0.0769,0.0769
4182163,1980,7312,1978,"DK","",632845,3,11,73,4,43,5,2,0.4,0,0,11.5,29,0,0,0,0
4182219,1980,7312,1978,"DK","",134690,3,6,91,5,53,2,4,0,0.375,,7.5,23,0,0,0,0
4182276,1980,7312,1978,"DK","",269865,3,5,122,6,66,4,1,0.25,0,0,1,63,0,0,0,0
4182871,1980,7312,1978,"DK","",40755,3,19,544,1,14,7,4,1,0.375,0,2.5,4.8571,0,0,0,0
4183849,1980,7319,1977,"DK","",406785,3,17,530,1,15,4,41,0.5,0.5342,0,17.2195,13.25,0,0,0,0
4184810,1980,7326,1978,"DK","",134690,3,13,417,5,53,3,2,0.3333,0,0,4,18,0,0,0,0
4185388,1980,7333,1977,"DK","",,1,2,433,3,39,12,9,0.5833,0.3457,0.7347,10.7778,27,,,,
4185410,1980,7333,1977,"DK","",279465,3,4,446,6,62,7,11,0.2857,0,0.5,16.2727,61,0,0,0,0
4186297,1980,7333,1978,"DK","",,5,19,235,5,59,6,0,0.5,,0.4444,,19,,,,
4187640,1980,7347,1978,"DK","",,1,1,49,5,59,4,0,0.75,,0,,14.5,,,,
4188088,1980,7347,1977,"DK","",15895,3,15,385,2,21,7,7,1,0,0.2449,10.5714,4.2857,0,0,0,0
4188736,1980,7354,1978,"DK","",40515,3,1,36,6,63,9,6,0.1111,0,0,14.6667,41.2222,0,0,0,0
4188989,1980,7354,1978,"DK","",216125,2,9,73,4,43,7,13,0.8571,0.6627,0.7222,10.9231,10.7143,0,0,0,0
4189050,1980,7354,1976,"DK","",74365,3,4,206,6,68,4,7,0.5,0.449,0,14.4286,18,0,0,0,0
4189655,1980,7354,1978,"DK","",78420,3,8,310,4,45,7,5,0.8571,0,0.6667,14.4,12,0,0,0,0
4189984,1980,7361,1978,"DK","",134690,3,4,92,5,53,4,4,0.25,0,0,6,36.5,0,0,0,0
4191361,1980,7368,1978,"DK","",298855,2,17,256,6,65,11,8,0.0909,0.6875,0,11,50.0909,0,0,0,0
4191546,1980,7368,1977,"DK","",,1,16,65,5,51,14,11,0.8571,0.7934,0.6528,15.5455,14.6429,,,,
4192415,1980,7375,1978,"DK","",415365,3,8,198,5,59,2,12,0,0.5278,,12.25,44,0,0,0,0
4192455,1980,7375,1978,"DK","",134690,3,7,237,6,66,3,17,1,0.6367,0.4444,10.0588,9,0,0,0,0
4192461,1980,7375,1977,"DK","",,1,6,239,5,59,7,4,0.5714,0.625,0.625,10.25,18.1429,,,,
4192946,1980,7375,1978,"DK","",104245,2,9,546,1,14,2,0,1,,0,,6,0.5,0.5,,
4193894,1980,7382,1979,"DK","",759416,2,25,502,1,19,3,8,0.6667,0.375,0.5,11.875,22.6667,0,0,0.25,0.25
4193985,1980,7382,1978,"DK","",39440,3,4,424,3,31,10,42,0.7,0.2143,0,9.2143,12.5,0.25,0.1,0.119,0.119
4194151,1980,7382,1978,"DK","",218550,2,15,455,2,21,5,7,1,0.6939,0,8.4286,6.6,0,0,0.1429,0.1429
4194557,1980,7389,1978,"DK","",15830,3,2,165,6,66,6,1,0.6667,0,0.5,6,14.8333,0,0,0,0
4194699,1980,7389,1978,"DK","",,1,20,241,5,51,5,0,0.2,,0,,64,,,,
4196039,1980,7396,1978,"DK","",15410,3,9,156,1,19,4,3,1,0.4444,0,6.3333,9.25,0,0,0.3333,0.3333
4196326,1980,7396,1978,"DK","",134690,3,3,200,4,41,3,2,0.6667,0.5,0,4,15.6667,1,0.3333,0,0
4196385,1980,7396,1977,"DK","",15830,3,2,324,4,43,10,3,1,0.6667,0.54,11.6667,7.2,0,0,0,0
4196802,1980,7403,1978,"DK","",39540,3,1,198,5,59,5,6,0.6,0.5,0.4444,12.1667,27.8,0,0,0,0
4197476,1980,7403,1978,"DK","",134690,3,8,310,4,45,6,2,0.8333,0,0.56,12,9,0,0,0,0
4198840,1980,7417,1978,"DK","",,1,9,72,5,52,4,1,0.5,0,0,20,24.5,,,,
4199111,1980,7417,1978,"DK","",497730,3,4,241,5,51,3,0,0.3333,,0,,33,0,0,,
4199684,1980,7417,1978,"DK","",495565,3,5,378,4,44,2,6,1,0,0,10.3333,10.5,0,0,0,0
4200469,1980,7424,1978,"DK","",202035,2,10,106,1,12,1,5,1,0.32,0,14,10,0,0,0,0
4200809,1980,7424,1978,"DK","",471150,3,7,307,4,49,2,9,1,0.7901,0.5,15.1111,6.5,0,0,0,0
4201343,1980,7431,1978,"DK","",,1,4,239,5,59,2,0,0,,,,49.5,,,,
4201816,1980,7431,1978,"DK","",,1,2,428,6,69,4,1,0.75,0,0,7,25.75,,,,
4202064,1980,7438,1978,"DK","",,1,10,5,6,65,5,14,0.8,0.3673,0.375,12.1429,16,,,,
4202449,1980,7438,1978,"DK","",,1,1,206,6,68,13,11,0.5385,0.6446,0.449,14.2727,22.3846,,,,
4202817,1980,7438,1978,"DK","",410070,3,13,540,1,14,1,0,1,,0,,4,1,1,,
4202851,1980,7438,1977,"DK","",,1,17,264,5,51,4,2,0.75,0.5,0.6667,13.5,14.25,,,,
4202859,1980,7438,1977,"DK","",15830,3,6,422,1,19,4,1,0.75,0,0.4444,12,19.5,0,0,0,0
4203248,1980,7445,1978,"DK","",279465,3,2,446,6,62,2,10,0.5,0.18,0,13.9,55,0,0,0,0
4203269,1980,7445,1979,"DK","",,1,7,53,6,68,2,12,1,0.1528,0,8.75,8.5,,,,
4203533,1980,7445,1978,"DK","",473325,3,22,222,1,19,3,3,1,0,0.6667,17.6667,7.3333,0,0,0,0
4203948,1980,7445,1978,"DK","",,1,3,422,1,19,7,5,0.4286,0.32,0.4444,15.4,19.4286,,,,
4204415,1980,7452,1978,"DK","",15895,3,8,72,5,52,3,3,0.6667,0.4444,0,7.3333,15,0,0,0,0
4204460,1980,7452,1978,"DK","",134690,3,1,91,5,53,3,2,0.6667,0.5,0,9.5,12,0,0,0,0
4204647,1980,7452,1978,"DK","",,1,4,241,5,51,1,2,1,0,0,7.5,6,,,,
4205236,1980,7452,1977,"DK","",,1,11,307,4,49,5,4,0.8,0.5,0.75,5.25,13.6,,,,
4205482,1980,7459,1978,"DK","",279465,3,1,446,6,62,6,11,0.6667,0,0.375,15.1818,9.1667,0.3333,0.1667,0.1111,0.0909
4205671,1980,7459,1977,"DK","",,5,17,128,3,32,3,12,1,0.7222,0.6667,13.5,8.3333,,,,
4205754,1980,7459,1978,"DK","",418850,3,11,215,6,68,5,19,1,0.3657,0,12.5789,13.6,0,0,0,0
4205992,1980,7459,1978,"DK","",480105,3,4,501,1,19,3,12,1,0.1528,0.4444,15.8333,3.6667,0,0,0.3333,0.3333
4206284,1980,7459,1977,"DK","",410070,3,4,435,3,33,7,1,1,0,0.4898,7,5.2857,0.1667,0.1429,0,0
4206285,1980,7459,1977,"DK","",410070,3,2,435,3,33,4,2,1,0.5,0.375,16,5.5,0,0,0,0
4207045,1980,7466,1978,"DK","",,1,10,425,5,51,10,6,1,0.7778,0.72,8,7.1,,,,
4207716,1980,7473,1978,"DK","",39780,3,6,52,6,69,5,1,0,0,,7,58.8,0,0,0,0
4207989,1980,7473,1978,"DK","",40110,3,5,220,6,68,1,24,1,0.5243,0,8.9583,14,0,0,0.0952,0.0833
4208764,1980,7480,1977,"DK","",,1,1,452,6,61,3,8,0.6667,0,0,12.375,11.6667,,,,
4209989,1980,7487,1978,"DK","",134690,3,6,60,4,45,5,0,1,,0.56,,7.2,0,0,,
4210030,1980,7487,1978,"DK","",134690,3,4,74,5,59,11,1,0.7273,0,0.5938,9,13.8182,0,0,0,0
4210237,1980,7487,1978,"DK","",77275,3,3,198,5,59,0,17,,0.7197,,9.7647,,,,0.0625,0.0588
4211267,1980,7494,1978,"DK","",,1,11,383,6,68,5,14,1,0.6122,0.48,7.7143,7.4,,,,
4211361,1980,7494,1978,"DK","",,1,20,494,1,19,4,0,0.75,,0,,15.25,,,,
4211712,1980,7494,1977,"DK","",,1,2,549,1,14,3,3,0.3333,0.4444,0,9,24.3333,,,,
4211951,1980,7494,1978,"DK","",78420,3,4,310,4,45,3,12,1,0.6389,0,12.4167,11.3333,0,0,0,0
4213032,1980,7501,1978,"DK","",134690,3,3,392,4,41,2,4,1,0.625,0,14,3.5,1,1,0,0
4213062,1980,7501,1978,"DK","",134690,3,4,307,4,49,3,2,1,0.5,0.6667,12.5,11,0,0,0,0
4213070,1980,7501,1978,"DK","",134690,3,4,310,4,45,6,3,0.8333,0.4444,0.56,15.6667,6.8333,0,0,0,0
4214403,1980,7515,1978,"DK","",279465,3,3,446,6,62,7,15,0.8571,0.1244,0.5,13.4667,15,0,0,0.0909,0.0667
4214727,1980,7515,1978,"DK","",,1,42,251,5,53,11,4,0.2727,0.625,0.4444,8,33.7273,,,,
4214797,1980,7515,1978,"DK","",40695,3,5,312,6,65,11,9,0.7273,0.1975,0.5625,9,21.5455,0,0,0,0
4215805,1980,7522,1978,"DK","",399690,3,6,226,5,51,4,3,0.5,0.6667,0,6,19.25,0,0,0,0
4215909,1980,7522,1978,"DK","",,1,21,439,4,41,3,0,1,,0,,11,,,,
4216381,1980,7522,1979,"DK","",218550,2,7,250,4,44,5,24,1,0.0799,0.48,6.625,3.8,0,0,0.1364,0.125
4216645,1980,7529,1978,"DK","",15895,3,19,57,6,63,12,2,0.5833,0,0.4898,3.5,20.8333,0,0,0,0
4216823,1980,7529,1978,"DK","",171255,3,4,165,6,66,6,6,0.8333,0.6111,0.72,14,11.1667,0,0,0,0
4216985,1980,7529,1979,"DK","",613210,3,1,292,6,69,4,3,0.25,0.4444,0,8.6667,27.25,0,0,0,0
4217021,1980,7529,1978,"DK","",15880,3,4,439,4,41,4,3,0.75,0.4444,0,7.6667,8.5,0,0,0,0
4217959,1980,7536,1978,"DK","",236440,3,7,169,6,69,3,2,0.6667,0,0.5,9,30.3333,0,0,0,0
4218782,1980,7543,1978,"DK","",64465,3,20,623,3,39,7,14,1,0.2551,0.2449,9.0714,7,0,0,0,0
4219558,1980,7543,1978,"DK","",39660,3,12,514,3,31,4,2,0.75,0.5,0.4444,4.5,6.75,0.3333,0.25,0.5,0.5
4219577,1980,7543,1979,"DK","",411770,3,19,426,6,61,3,1,0.6667,0,0.5,4,16.6667,0,0,0,0
4220094,1980,7550,1978,"DK","",320330,3,11,104,5,55,7,4,0.4286,0.75,0.6667,10.25,37.5714,0,0,0,0
4220341,1980,7550,1979,"DK","",421895,3,6,369,2,24,5,0,1,,0,,6.2,0,0,,
4220457,1980,7550,1979,"DK","",,1,8,96,1,13,7,6,0.7143,0.6111,0.32,10,16.5714,,,,
4220476,1980,7550,1978,"DK","",202035,2,17,106,1,12,11,4,0.4545,0,0.56,10.75,28.9091,0,0,0.25,0.25
4220839,1980,7550,1978,"DK","",580625,3,14,219,4,49,4,11,0.5,0.6116,0.5,8.7273,31.5,0,0,0,0
4222113,1980,7557,1978,"DK","",134690,3,5,367,2,21,2,6,1,0.5,0.5,8.3333,7.5,0,0,0,0
4222150,1980,7564,1979,"DK","",,1,10,452,6,61,4,6,0.5,0.4444,0,11,17.5,,,,
4222337,1980,7564,1978,"DK","",286305,3,14,110,6,66,6,17,1,0.8235,0.7778,9.7059,3.8333,0,0,0,0
4223824,1980,7571,1979,"DK","",81290,3,10,228,5,52,3,1,1,0,0.6667,9,1.3333,0,0,0,0
4223936,1980,7571,1979,"DK","",122410,2,4,294,5,59,2,3,0,0.4444,,14,41.5,0,0,0,0
4223972,1980,7571,1978,"DK","",,1,9,439,4,41,3,0,1,,0,,11,,,,
4224033,1980,7571,1978,"DK","",63535,3,15,436,1,19,5,19,1,0.6648,0.32,8.3684,5,0,0,0.3333,0.3158
4224168,1980,7571,1978,"DK","",562315,3,8,210,1,19,2,5,1,0.56,0.5,15.4,10,0,0,0,0
4224190,1980,7571,1978,"DK","",,1,7,502,1,19,3,2,1,0.5,0.6667,18.5,12.3333,,,,
4224620,1980,7571,1979,"DK","",103175,3,4,342,2,21,9,2,1,0.5,0.1975,1.5,8.4444,0.125,0.1111,0,0
4224868,1980,7578,1978,"DK","",,1,10,425,5,51,5,0,0.6,,0,,20.8,,,,
4224930,1980,7578,1977,"DK","",,1,7,601,3,32,4,0,0,,,,39.5,,,,
4225435,1980,7578,1978,"DK","",,1,4,210,1,19,5,0,0.2,,0,,52.2,,,,
4225803,1980,7578,1978,"DK","",,1,11,310,4,45,11,5,0.5455,0.72,0.4444,11,21.5455,,,,
4226122,1980,7585,1978,"DK","",14405,3,9,73,4,43,6,7,1,0.4082,0.2778,9,5,0.5,0.5,0.4286,0.4286
4226182,1980,7585,1979,"DK","",573515,2,3,101,6,69,4,4,0.75,0.625,0.6667,12,19.25,0,0,0,0
4226366,1980,7585,1978,"DK","",,1,16,239,5,59,4,2,0.75,0.5,0,9.5,13,,,,
4226603,1980,7585,1979,"DK","",40755,3,5,261,1,19,7,6,0.8571,0.8333,0.7778,5.1667,16.5714,0,0,0,0
4227529,1980,7592,1979,"DK","",382765,3,1,604,3,32,4,2,1,0.5,0.5,11.5,6.5,0,0,0,0
4227539,1980,7592,1979,"DK","",516865,3,17,131,6,61,3,0,0,,,,35,0,0,,
4227896,1980,7592,1979,"DK","",40755,3,2,261,1,19,7,3,0.8571,0.6667,0.7778,8,16.5714,0,0,0,0
4227973,1980,7592,1977,"DK","",63535,3,4,205,1,19,12,5,0.9167,0.8,0.7934,12,11.5833,0,0,0,0
4228892,1980,7599,1978,"DK","",135040,3,5,198,5,59,3,1,0.6667,0,0.5,14,17.3333,0,0,0,0
4228900,1980,7599,1978,"DK","",74365,3,2,206,6,68,5,4,1,0.625,0.32,10.75,10,0,0,0,0
4229180,1980,7599,1978,"DK","",739677,3,17,436,1,19,6,2,1,0,0.5,7.5,9.3333,0,0,0,0
4229249,1980,7599,1979,"DK","",40755,3,9,159,1,19,6,6,0.6667,0.7222,0.625,7.5,12.5,0,0,0,0
4229353,1980,7599,1979,"DK","",39660,3,3,549,1,14,0,2,,0.5,,4.5,,,,0,0
4229394,1980,7599,1978,"DK","",,1,14,264,5,51,4,1,1,0,0.375,2,12.5,,,,
4229443,1980,7599,1977,"DK","",709942,3,55,514,3,31,2,14,1,0.6939,0.5,5.4286,5.5,0,0,0.0714,0.0714
4230157,1980,7606,1979,"DK","",620485,3,19,277,6,67,7,9,0.5714,0.1975,0.375,8.8889,18.4286,0,0,0,0
4230756,1980,7606,1979,"DK","",406740,3,3,428,6,69,9,0,0.2222,,0.5,,34,0,0,,
4231203,1980,7613,1978,"DK","",279330,3,10,52,6,69,9,3,0.6667,0.6667,0.5,12.3333,23,0,0,0,0
4231297,1980,7613,1979,"DK","",,5,10,108,6,69,5,1,0.2,0,0,7,47.8,,,,
4231369,1980,7613,1978,"DK","",111345,3,22,604,3,32,3,24,0.6667,0.8264,0.5,12.1667,14.3333,0,0,0.2,0.1667
4231442,1980,7613,1978,"DK","",,1,7,180,5,55,9,4,0.3333,0.625,0.4444,8,16.3333,,,,
4231486,1980,7613,1979,"DK","",552445,3,2,220,6,68,1,32,1,0.7324,0,9.7188,4,0,0,0,0
4232451,1980,7620,1978,"DK","",,1,5,33,6,69,2,5,1,0.56,0.5,9,5.5,,,,
4232503,1980,7620,1979,"DK","",83185,3,6,53,6,68,2,0,1,,0,,11.5,0,0,,
4232818,1980,7620,1979,"DK","",581850,3,14,236,6,69,6,3,1,0.6667,0,8.6667,5,0,0,0,0
4232985,1980,7620,1979,"DK","",,1,7,408,5,51,6,5,0.5,0.56,0.6667,12,25.3333,,,,
4233143,1980,7620,1978,"DK","",134690,3,1,204,1,19,13,3,1,0,0.142,4.3333,8.6154,0,0,0,0
4233551,1980,7620,1978,"DK","",233890,3,4,318,4,45,3,0,1,,0,,6,0,0,,
4233688,1980,7627,1979,"DK","",,1,1,2,6,63,8,14,0.875,0.1327,0.5714,12.4286,11.125,,,,
4234094,1980,7627,1979,"DK","",122410,2,9,211,6,65,2,15,1,0.48,0.5,9,15.5,0,0,0,0
4234769,1980,7627,1979,"DK","",15885,3,1,200,4,41,3,3,1,0,0,11.6667,8.6667,0,0,0,0
4235585,1980,7634,1979,"DK","",,1,7,431,6,66,1,12,0,0.625,,6.6667,23,,,,
4235916,1980,7634,1978,"DK","",308755,3,9,514,3,31,1,1,1,0,0,7,2,0,0,0,0
4236075,1980,7634,1978,"DK","",739677,3,42,250,4,44,3,13,0.6667,0.7219,0,10.0769,10,0,0,0,0
4236133,1980,7634,1979,"DK","",103175,3,3,336,4,41,3,3,0.3333,0.6667,0,9.3333,39.3333,0,0,0,0
4236275,1980,7641,1978,"DK","",406725,3,4,452,6,61,2,9,0.5,0,0,11,19,0,0,0.5,0.3333
4236363,1980,7641,1978,"DK","",,1,11,52,6,69,2,2,1,0,0,11,9,,,,
4237349,1980,7641,1978,"DK","",421895,3,8,369,2,24,9,6,0.7778,0,0,4.3333,13,0.1667,0.1111,0,0
4238653,1980,7648,1979,"DK","",15885,3,2,200,4,41,3,2,0.6667,0,0,2,11.6667,0,0,0,0
4239394,1980,7655,1978,"DK","",739677,3,17,356,4,43,10,0,0.5,,0.72,,15.1,0.25,0.1,,
4239464,1980,7655,1978,"DK","",447355,3,4,417,5,53,14,11,0.5714,0.6446,0.2188,15.4545,20.4286,0,0,0,0
4240554,1980,7662,1979,"DK","",552445,3,6,206,6,68,5,6,0.8,0.5,0.5,9.6667,15.6,0,0,0,0
4241380,1980,7662,1979,"DK","",134690,3,4,361,4,45,8,6,1,0.5,0.6875,11.5,8.625,0,0,0,0
4241530,1980,7669,1979,"DK","",,1,3,40,6,69,9,3,0.4444,0.4444,0.75,9.3333,26.2222,,,,
4242043,1980,7669,1978,"DK","",,1,7,416,1,19,6,3,0,0,,7,54.5,,,,
4242056,1980,7669,1979,"DK","",134690,3,6,417,5,53,8,6,0.75,0.6111,0,7.6667,22.125,0,0,0,0
4242058,1980,7669,1979,"DK","",739677,3,4,417,5,53,4,4,0,0.375,,13.5,47.25,0,0,0,0
4242202,1980,7669,1979,"DK","",39800,3,4,210,1,19,8,0,1,,0,,6.75,0,0,,
4243384,1981,7676,1979,"DK","",202035,2,17,432,6,66,12,0,1,,0.1528,,8.0833,0.9091,0.8333,,
4243522,1981,7676,1979,"DK","",266705,3,3,210,1,19,8,1,0.875,0,0.6939,16,7.875,0,0,0,0
4244439,1981,7683,1978,"DK","",169745,3,15,181,6,69,20,7,0.85,0.449,0.3045,12.7143,12.8,0,0,0,0
4244516,1981,7683,1979,"DK","",581850,3,5,236,6,69,3,2,1,0.5,0,5.5,4.6667,0,0,0,0
4245649,1981,7690,1978,"DK","",,1,3,600,3,32,6,14,1,0.5204,0.5,10.8571,6.6667,,,,
4245767,1981,7690,1979,"DK","",81290,3,4,228,5,52,2,0,1,,0.5,,2.5,0,0,,
4246262,1981,7690,1978,"DK","",709942,3,46,514,3,31,2,11,1,0.6942,0.5,3.1818,6.5,0,0,0.0909,0.0909
4246563,1981,7690,1978,"DK","",15880,3,6,337,4,41,1,13,0,0.7219,,12.6923,23,0,0,0.0833,0.0769
4246802,1981,7697,1978,"DK","",,1,4,74,5,59,5,5,0.8,0.32,0,7.6,16.2,,,,
4247550,1981,7697,1977,"DK","",709942,3,22,514,3,31,1,0,1,,0,,3,1,1,,
4247773,1981,7697,1979,"DK","",739677,3,15,250,4,44,5,12,1,0.1528,0.32,8.0833,7.8,0,0,0.1111,0.0833
4248377,1981,7704,1978,"DK","",134690,3,6,236,6,69,3,1,0.3333,0,0,15,20.6667,0,0,0,0
4250690,1981,7718,1978,"DK","",320330,3,10,53,6,68,2,9,0.5,0.4444,0,10.5556,12.5,0,0,0,0
4251023,1981,7718,1979,"DK","",17920,3,6,494,1,19,4,0,1,,0.625,,8.25,0,0,,
4251194,1981,7718,1979,"DK","",135160,3,4,418,5,53,4,6,1,0.6111,0.625,4.8333,8.25,0,0,0,0
4251437,1981,7718,1979,"DK","",406785,3,7,530,1,15,3,7,0.6667,0.7755,0,10,14,0,0,0,0
4251758,1981,7718,1979,"DK","",134690,3,5,318,4,45,2,11,1,0.2975,0,10,3.5,1,1,0.1,0.0909
4251776,1981,7718,1979,"DK","",134690,3,4,327,4,41,3,1,1,0,0.4444,14,10.6667,0,0,0,0
4251793,1981,7718,1979,"DK","",134690,3,7,338,4,41,2,1,1,0,0,6,5.5,0,0,0,0
4254019,1981,7732,1977,"DK","",,1,8,523,1,15,9,5,0.8889,0.32,0.5938,11.2,11,,,,
4254425,1981,7732,1978,"DK","",473325,3,12,347,2,23,4,0,1,,0.375,,3.5,0,0,,
4254535,1981,7739,1979,"DK","",40855,3,35,452,6,61,6,1,0.1667,0,0,14,26.8333,0,0,0,0
4255264,1981,7739,1979,"DK","",15830,3,9,210,1,19,6,7,0.5,0,0,12.7143,24.6667,0,0,0,0
4255454,1981,7739,1978,"DK","",,5,6,426,6,61,1,7,1,0.2449,0,4.2857,11,,,,
4256264,1981,7746,1979,"DK","",202035,2,28,241,5,51,13,2,0.5385,0,0.2449,15,29.3077,0.8,0.3077,0,0
4257453,1981,7753,1979,"DK","",,5,5,137,6,69,7,1,0.2857,0,0.5,7,38.8571,,,,
4257615,1981,7753,1979,"DK","",,1,11,369,2,24,6,0,1,,0,,8.5,,,,
4257909,1981,7753,1979,"DK","",134690,3,3,510,1,19,6,1,0.5,0,0.6667,10,21.5,0,0,0,0
4258009,1981,7753,1978,"DK","",580625,3,6,117,1,19,11,5,0.8182,0.32,0.6173,8.6,9.1818,0,0,0,0
4258705,1981,7760,1978,"DK","",111345,3,3,600,3,32,5,6,0.8,0.7222,0.375,10,12.4,0.5,0.2,0,0
4258899,1981,7760,1978,"DK","",134690,3,1,251,5,53,6,6,0.6667,0.2778,0.375,15.8333,23.1667,0,0,0,0
4259038,1981,7760,1978,"DK","",134690,3,3,417,5,53,6,11,0.8333,0.4463,0.32,11.0909,10.6667,0,0,0,0
4259333,1981,7760,1978,"DK","",709942,3,25,514,3,31,1,2,1,0,0,11.5,7,0,0,0,0
4259568,1981,7760,1979,"DK","",248110,3,18,235,5,59,5,35,1,0.8424,0.56,12.1143,3.2,0,0,0,0
4259621,1981,7760,1978,"DK","",134690,3,5,318,4,45,4,3,0.75,0.4444,0,9.3333,11.5,0,0,0,0
4260057,1981,7767,1978,"DK","",154760,3,8,206,6,68,7,5,0.5714,0,0.375,13.4,22,0,0,0,0
4261250,1981,7774,1979,"DK","",134690,3,3,91,5,53,6,3,0.8333,0.4444,0.56,8,10.6667,0,0,0,0
4261372,1981,7774,1978,"DK","",,1,4,607,3,32,7,10,1,0.62,0.2449,12.4,8.5714,,,,
4261754,1981,7774,1978,"DK","",135030,3,24,524,1,15,1,58,1,0.6617,0,14.8793,10,0,0,0,0
4262022,1981,7774,1979,"DK","",,1,19,426,6,61,6,7,0.5,0.5714,0.4444,7.1429,25.1667,,,,
4262935,1981,7781,1978,"DK","",191785,3,15,503,6,69,6,6,0.8333,0.6667,0.56,14.1667,9.1667,0,0,0,0
4263049,1981,7781,1979,"DK","",480105,3,15,106,1,12,5,2,0.4,0.5,0.5,6,37,0,0,0,0
4263327,1981,7781,1979,"DK","",102965,3,6,426,6,61,3,3,0.6667,0.4444,0,13.3333,23.6667,0,0,0,0
4264558,1981,7788,1979,"DK","",444820,3,9,264,5,51,7,18,1,0.4506,0.4082,6.5,7,0,0,0.1333,0.1111
4265671,1981,7795,1979,"DK","",,1,3,106,1,12,2,4,1,0,0,9,13,,,,
4265884,1981,7795,1979,"DK","",406785,3,3,514,3,31,2,0,1,,0,,3,0,0,,
4266029,1981,7795,1979,"DK","",410070,3,21,435,3,33,7,17,1,0.1107,0.2449,6.6471,4.7143,0.1667,0.1429,0,0
4266031,1981,7795,1979,"DK","",410070,3,6,435,3,33,1,12,1,0.2917,0,13.5833,8,0,0,0,0
4266361,1981,7802,1978,"DK","",,5,2,43,6,61,4,0,0.75,,0,,15.25,,,,
4266464,1981,7802,1978,"DK","",134690,3,6,91,5,53,6,8,1,0.5938,0.6111,9.25,8.3333,0.25,0.1667,0.625,0.625
4267344,1981,7802,1978,"DK","",456970,3,5,548,1,14,1,6,1,0.6111,0,7.3333,9,0,0,0,0
4267878,1981,7809,1980,"DK","",135040,3,2,164,5,52,3,1,0.6667,0,0,6,12,0.5,0.3333,1,1
4268929,1981,7816,1980,"DK","",107220,3,11,8,1,11,4,4,0.5,0.625,0.5,6.25,17.75,0,0,0,0
4268982,1981,7816,1978,"DK","",,1,14,38,6,63,3,2,0,0.5,,7,24.3333,,,,
4269611,1981,7816,1979,"DK","",,1,36,96,1,13,20,9,0.55,0.7407,0.562,12,20.05,,,,
4269739,1981,7816,1979,"DK","",93040,3,7,510,1,19,7,23,0.8571,0.6767,0.6667,12.9565,8.4286,0,0,0,0
4269875,1981,7816,1979,"DK","",632845,3,15,427,1,12,3,4,0.3333,0.75,0,12.75,22.6667,0,0,0,0
4270075,1981,7816,1979,"DK","",134690,3,8,318,4,45,5,3,1,0,0,6,6,0,0,0,0
4270076,1981,7816,1979,"DK","",134690,3,1,318,4,45,4,4,1,0.375,0,7.5,9,0,0,1,0.75
4270242,1981,7823,1979,"DK","",,1,14,452,6,61,7,5,0.5714,0,0,11.4,17.8571,,,,
4271118,1981,7823,1979,"DK","",,1,13,264,5,51,6,3,0.8333,0.6667,0.32,9.3333,14.5,,,,
4272678,1981,7837,1979,"DK","",218550,2,5,250,4,44,3,6,1,0,0.4444,4.8333,7.3333,0,0,0,0
4272714,1981,7837,1979,"DK","",134690,3,3,318,4,45,5,7,1,0.2449,0.72,9.5714,7.2,0,0,0,0
4273126,1981,7837,1978,"DK","",,5,12,604,3,32,8,7,0.625,0.449,0.72,12.1429,25.75,,,,
4273703,1981,7837,1978,"DK","",180555,3,4,530,1,15,0,14,,0.3571,,10.8571,,,,0,0
4273747,1981,7837,1980,"DK","",40755,3,4,423,1,19,3,13,0.6667,0.7219,0,11.8462,18.6667,0,0,0.1818,0.1538
4273887,1981,7837,1979,"DK","",319160,3,14,521,1,15,6,2,1,0,0.6111,4.5,5.5,0.1667,0.1667,0,0
4274418,1981,7844,1979,"DK","",721306,3,8,600,3,32,8,10,1,0.42,0.2188,9.5,7.875,0,0,0.1667,0.1
4275209,1981,7844,1979,"DK","",308755,3,3,546,1,14,4,1,1,0,0.375,2,5.5,0,0,0,0
4275774,1981,7851,1979,"DK","",,1,11,141,5,51,2,3,1,0,0.5,5.6667,6.5,,,,
4275996,1981,7851,1979,"DK","",134690,3,2,417,5,53,3,0,1,,0.4444,,6,0,0,,
4276940,1981,7858,1979,"DK","",31010,3,6,172,6,64,9,3,0.5556,0.4444,0.8,9.3333,15.8889,0,0,0,0
4277258,1981,7858,1978,"DK","",202035,2,19,96,1,13,16,3,0.5,0.6667,0.6875,5,21.4375,0.1667,0.0625,0,0
4278113,1981,7865,1978,"DK","",496055,3,39,141,5,51,6,3,0.6667,0.4444,0.625,11,11.6667,0,0,0,0
4278165,1981,7865,1979,"DK","",320330,3,12,198,5,59,2,5,0,0,,8.6,43.5,0,0,0,0
4278676,1981,7865,1978,"DK","",253585,3,16,514,3,31,1,0,1,,0,,13,0,0,,
4279541,1981,7872,1979,"DK","",337965,3,3,405,6,64,4,0,0.5,,0.5,,33,0,0,,
4279873,1981,7872,1979,"DK","",40755,3,13,423,1,19,9,35,1,0.3494,0.1975,7.9714,6.1111,0,0,0.1714,0.1714
4280267,1981,7879,1979,"DK","",202035,2,17,29,5,52,8,1,0.375,0,0.6667,7,24,0,0,0,0
4280417,1981,7879,1979,"DK","",78835,3,12,110,6,66,5,7,0.6,0,0,12,17.8,0,0,0,0
4280663,1981,7879,1979,"DK","",39445,3,12,239,5,59,6,1,0.5,0,0.4444,5,21.8333,0,0,0,0
4280716,1981,7879,1980,"DK","",161905,3,7,280,5,55,3,4,0.3333,0,0,13.75,26,0,0,0,0
4281024,1981,7879,1979,"DK","",40755,3,10,426,6,61,1,3,0,0.6667,,12.3333,19,0,0,0,0
4282241,1981,7886,1980,"DK","",39660,3,8,392,4,41,6,0,0.8333,,0.48,,8.5,0.5,0.3333,,
4283071,1981,7893,1979,"DK","",41015,3,15,172,6,64,5,1,0.8,0,0,2,11.8,0,0,0,0
4283202,1981,7893,1979,"DK","",,1,21,436,1,19,7,3,1,0.4444,0.6939,10.6667,6,,,,
4283646,1981,7893,1980,"DK","",134690,3,13,310,4,45,7,0,1,,0,,12.2857,0,0,,
4284188,1981,7900,1978,"DK","",77275,3,1,198,5,59,3,4,1,0.375,0.4444,14.5,6.6667,0.5,0.3333,0,0
4285956,1981,7907,1979,"DK","",308755,3,15,514,3,31,1,0,1,,0,,12,0,0,,
4287142,1981,7914,1978,"DK","",480105,3,7,264,5,51,2,1,0.5,0,0,6,19,0,0,0,0
4287854,1981,7921,1980,"DK","",620485,3,12,119,6,61,3,1,0.6667,0,0,9,15.3333,0,0,0,0
4288472,1981,7921,1979,"DK","",181175,3,9,427,1,12,1,2,1,0,0,2.5,12,0,0,0,0
4288552,1981,7921,1979,"DK","",410070,3,15,435,3,33,5,13,1,0.2722,0,5.7692,6,0.2,0.2,0.0909,0.0769
4288964,1981,7928,1979,"DK","",480105,3,5,52,6,69,3,1,0.6667,0,0.5,2,14.6667,0,0,0,0
4289375,1981,7928,1977,"DK","",15895,3,11,385,2,21,8,5,1,0.32,0,13,3.875,0,0,0,0
4290173,1981,7935,1978,"DK","",,1,1,24,6,63,8,4,0.5,0.375,0.375,15.25,37,,,,
4290467,1981,7935,1979,"DK","",377375,2,31,383,6,68,6,34,0.6667,0.7872,0.375,11.2941,16.3333,0.5,0.1667,0.2963,0.2353
4290553,1981,7935,1980,"DK","",134690,3,5,236,6,69,7,4,1,0.375,0,11.5,3.7143,0.2,0.1429,0.3333,0.25
4291088,1981,7935,1979,"DK","",319160,3,8,442,1,11,4,7,1,0.6122,0.75,13,4.25,0.25,0.25,0,0
4291542,1981,7942,1980,"DK","",39785,3,11,62,6,69,2,2,1,0,0,11.5,5,0,0,0,0
4291544,1981,7942,1980,"DK","",134690,3,5,62,6,69,3,1,0.3333,0,0,17,26.6667,0,0,0,0
4291904,1981,7942,1980,"DK","",36780,2,3,285,6,67,7,12,0.5714,0.4167,0,9.1667,21.1429,0,0,0,0
4292487,1981,7942,1980,"DK","",580625,3,4,23,1,19,12,2,0.75,0.5,0.5926,9.5,12,0,0,0,0
4293294,1981,7949,1979,"DK","",,1,16,425,5,51,7,11,1,0.7438,0.4898,11.1818,8.5714,,,,
4293359,1981,7949,1979,"DK","",15410,3,6,156,1,19,13,17,0.8462,0.5813,0.6116,11.7059,11.6923,0,0,0.0588,0.0588
4293549,1981,7949,1978,"DK","",709942,3,25,514,3,31,3,4,0.6667,0,0.5,8.75,13.6667,0,0,0,0
4294638,1981,7956,1979,"DK","",,1,35,156,1,19,11,5,0.9091,0.8,0.66,8.6,12.5455,,,,
4295597,1981,7963,1977,"DK","",15800,3,5,206,6,68,8,3,0.625,0,0.32,8.3333,18.75,0,0,0,0
4296829,1981,7970,1979,"DK","",134515,3,6,181,6,69,1,9,1,0.4938,0,11.2222,15,0,0,0.125,0.1111
4297608,1981,7970,1980,"DK","",134690,3,1,310,4,45,7,5,0.2857,0.32,0.5,6.6,22.8571,0,0,0,0
4297845,1981,7977,1979,"DK","",134690,3,1,60,4,45,5,3,0.8,0.4444,0.625,5,13.4,0,0,0.5,0.3333
4298162,1981,7977,1980,"DK","",17920,3,6,494,1,19,7,9,0.8571,0.4444,0,9.7778,7.5714,0,0,0,0
4298694,1981,7977,1979,"DK","",238050,3,6,518,1,19,9,2,1,0.5,0.4938,2,5,0,0,0,0
4299042,1981,7984,1979,"DK","",111590,3,1,40,6,69,6,0,0.8333,,0.32,,21.3333,0,0,,
4299068,1981,7984,1980,"DK","",613210,3,4,52,6,69,4,1,1,0,0.375,2,3.75,0,0,0,0
4299075,1981,7984,1979,"DK","",77275,3,3,53,6,68,4,20,1,0.27,0,11.95,8.5,0,0,0.0588,0.05
4301128,1981,7991,1980,"DK","",202035,2,2,423,1,19,6,5,1,0.56,0.6667,7,3.6667,0.1667,0.1667,0,0
4301287,1981,7991,1979,"DK","",253585,3,8,546,1,14,2,0,0.5,,0,,20,0,0,,
4302112,1981,7998,1979,"DK","",472395,3,6,366,1,19,4,5,0.5,0.72,0.5,11.2,26.25,0,0,0,0
4303200,1981,8005,1980,"DK","",40755,3,3,239,5,59,4,7,0.5,0.449,0,7.5714,16,1,0.5,0.1667,0.1429
4303444,1981,8005,1980,"DK","",388070,2,7,106,1,12,4,1,1,0,0.5,1,6,0,0,0,0
4304935,1981,8012,1980,"DK","",473290,3,16,564,1,14,5,0,0.8,,0.625,,8.8,0,0,,
4305210,1981,8019,1980,"DK","",40755,3,12,34,1,19,7,21,0.7143,0.6349,0.32,10.0476,17.2857,0,0,0,0
4305504,1981,8019,1980,"DK","",400560,3,5,206,6,68,5,5,1,0.48,0.32,9.8,6.8,0,0,0,0
4305564,1981,8019,1980,"DK","",432910,3,4,249,6,69,5,3,0.6,0.4444,0.4444,11.6667,19.6,0,0,0.3333,0.3333
4305709,1981,8019,1980,"DK","",,5,5,433,3,39,2,6,0.5,0.4444,0,12.5,15,,,,
4306342,1981,8026,1979,"DK","",82735,3,6,29,5,52,9,1,0.4444,0,0.375,4,23.8889,0,0,0,0
4306454,1981,8026,1979,"DK","",739677,3,48,73,4,43,4,2,0,0.5,,9.5,47.25,0,0,0,0
4307940,1981,8033,1980,"DK","",413935,3,17,359,5,54,1,8,0,0.5938,,9,22,0,0,0,0
4308029,1981,8033,1980,"DK","",721306,3,12,436,1,19,3,3,1,0.4444,0.6667,8,5.6667,0,0,0,0
4309429,1982,8040,1979,"DK","",308755,3,9,514,3,31,2,0,1,,0.5,,9.5,0,0,,
4309470,1982,8040,1979,"DK","",,1,5,428,6,69,7,0,0.5714,,0,,17,,,,
4309885,1982,8047,1980,"DK","",15895,3,14,72,5,52,9,1,0.3333,0,0,10,37.8889,0,0,0,0
4309906,1982,8047,1980,"DK","",364840,3,6,73,4,43,3,2,1,0,0,5.5,9.3333,0,0,0,0
4310478,1982,8047,1979,"DK","",288755,3,8,264,5,51,5,16,1,0.75,0.56,14.1875,8.6,0,0,0,0
4310917,1982,8047,1979,"DK","",421895,3,6,369,2,24,4,1,1,0,0,2,4.5,0.3333,0.25,0,0
4311358,1982,8054,1979,"DK","",139420,3,9,359,5,54,0,7,,0.2449,,12.1429,,,,0,0
4312302,1982,8061,1980,"DK","",81290,3,6,122,6,66,7,9,0.4286,0.716,0.6667,7.3333,17.5714,0,0,0,0
4312410,1982,8061,1979,"DK","",319035,3,3,172,6,64,6,0,0.1667,,0,,49.1667,0,0,,
4313676,1982,8068,1979,"DK","",180080,3,4,355,5,54,6,1,1,0,0,4,8.6667,0,0,0,0
4313690,1982,8068,1980,"DK","",40980,3,4,404,6,69,6,1,0.6667,0,0,1,17.8333,0,0,0,0
4314141,1982,8068,1979,"DK","",339070,3,4,392,4,41,5,4,0.6,0.375,0.6667,10.75,17.8,0,0,0,0
4314372,1982,8068,1978,"DK","",52565,3,8,455,2,21,2,4,1,0.625,0.5,13.75,12,0,0,0,0
4314824,1982,8075,1980,"DK","",63535,3,9,436,1,19,1,15,1,0.6578,0,9.2667,2,1,1,0.1538,0.1333
4315754,1982,8082,1979,"DK","",63535,3,7,436,1,19,5,22,1,0.6901,0.32,8.6818,6.4,0,0,0.1364,0.1364
4315934,1982,8082,1980,"DK","",491585,3,5,514,3,31,0,0,,,,,,,,,
4316486,1982,8089,1980,"DK","",134690,3,5,137,6,69,10,2,0.5,0.5,0.32,7,20.4,0,0,0,0
4316511,1982,8089,1979,"DK","",319035,3,3,172,6,64,8,10,1,0.18,0,11.4,7.625,0,0,0,0
4316707,1982,8089,1980,"DK","",134690,3,5,418,5,53,5,4,1,0.625,0,10.75,11.6,0.3333,0.2,0.25,0.25
4316763,1982,8089,1980,"DK","",,1,1,156,1,19,3,2,1,0,0.4444,5.5,13.6667,,,,
4316956,1982,8089,1980,"DK","",410070,3,8,435,3,33,7,11,0.8571,0.562,0.2778,8.5455,9.7143,0,0,0,0
4317072,1982,8089,1979,"DK","",,1,7,318,4,45,3,17,1,0.5467,0,8.4706,6.3333,,,,
4318049,1982,8096,1979,"DK","",352750,3,7,329,4,41,2,18,1,0.5802,0,11.5556,9,0,0,0,0
4318279,1982,8103,1980,"DK","",77275,3,4,62,6,69,2,1,0,0,,10,31.5,0,0,0,0
4318529,1982,8103,1980,"DK","",134690,3,2,251,5,53,9,4,0.6667,0.375,0.2778,13.5,16.7778,0,0,0,0
4318672,1982,8103,1978,"DK","",406800,3,8,416,1,19,8,17,0.5,0.782,0.5,10.4118,24.25,0,0,0,0
4319491,1982,8110,1979,"DK","",739677,3,2,73,4,43,5,0,0.4,,0,,22.2,0,0,,
4319570,1982,8110,1981,"DK","",,5,12,604,3,32,3,14,1,0.5408,0.4444,9.1429,13.6667,,,,
4320719,1982,8117,1980,"DK","",,1,5,119,6,61,5,1,0.6,0,0.6667,7,26.2,,,,
4321226,1982,8117,1980,"DK","",41725,3,6,264,5,51,11,24,0.4545,0.6111,0.48,12.2917,24.6364,0,0,0,0
4321315,1982,8117,1980,"DK","",40175,3,5,429,4,45,11,3,0.5455,0.4444,0,5,17.7273,0,0,0.3333,0.3333
4323177,1982,8131,1979,"DK","",,1,6,222,1,19,5,11,0.2,0.314,0,9.2727,25,,,,
4323220,1982,8131,1980,"DK","",134690,3,1,251,5,53,8,3,0.75,0.6667,0.5,4.6667,20.5,0,0,0,0
4323335,1982,8131,1980,"DK","",134690,3,2,418,5,53,3,4,1,0.375,0.6667,6,9.3333,0.5,0.3333,0.6667,0.5
4323474,1982,8131,1979,"DK","",432005,3,11,516,1,19,5,3,1,0.4444,0.8,9.3333,10.4,0,0,0,0
4323841,1982,8131,1980,"DK","",,5,14,324,4,43,2,3,0,0.4444,,7.6667,20,,,,
4323903,1982,8131,1980,"DK","",15805,3,4,346,4,49,5,1,1,0,0.48,2,10,0,0,0,0
4324196,1982,8138,1980,"DK","",134690,3,9,116,6,69,6,1,0.6667,0,0.625,17,24.8333,0,0,0,0
4324256,1982,8138,1979,"DK","",721306,3,7,600,3,32,3,22,1,0.6033,0.4444,10.4091,7.3333,0,0,0.1429,0.1364
4324805,1982,8138,1980,"DK","",410070,3,13,426,6,61,6,13,0.8333,0.6391,0.32,10.3077,7.6667,0.2,0.1667,0,0
4324982,1982,8138,1979,"DK","",424125,2,7,250,4,44,3,1,1,0,0.4444,3,8.3333,0,0,0,0
4325009,1982,8138,1980,"DK","",601715,2,4,315,4,42,1,3,1,0.6667,0,8.6667,9,0,0,0,0
4325192,1982,8145,1980,"DK","",333270,3,4,34,1,19,5,1,0.4,0,0,16,23.4,0,0,0,0
4325385,1982,8145,1980,"DK","",515080,3,18,600,3,32,6,3,1,0,0.5,11,6.3333,0,0,0,0
4325404,1982,8145,1979,"DK","",,1,10,137,6,69,14,0,0.4286,,0.5,,32.3571,,,,
4325960,1982,8145,1980,"DK","",709942,3,25,514,3,31,2,2,1,0.5,0.5,2,5,0,0,0,0
4326892,1982,8152,1979,"DK","",15830,3,7,127,1,11,0,3,,0,,9.6667,,,,0,0
4327871,1982,8159,1980,"DK","",409135,3,2,241,5,51,2,4,1,0.625,0,9.5,5.5,0,0,0,0
4328759,1982,8166,1980,"DK","",437495,3,15,112,6,63,3,3,0,0.4444,,6.6667,34.3333,0,0,0,0
4329380,1982,8166,1978,"DK","",243760,3,12,427,1,12,12,1,0.5833,0,0.7755,12,19.0833,0,0,0,0
4329801,1982,8173,1980,"DK","",,1,7,40,6,69,10,4,0.6,0.375,0,11,20,,,,
4330002,1982,8173,1980,"DK","",516865,3,3,131,6,61,2,0,0,,,,66.5,0,0,,
4330260,1982,8173,1979,"DK","",,1,12,431,6,66,18,14,0.6111,0.551,0.6116,9.0714,23.3889,,,,
4330265,1982,8173,1980,"DK","",323590,3,2,432,6,66,9,1,0.8889,0,0.6875,2,13.4444,0,0,1,1
4331093,1982,8180,1979,"DK","",568065,3,11,114,5,55,7,3,1,0.4444,0.7755,13.3333,9,0,0,0,0
4331246,1982,8180,1980,"DK","",444820,3,9,215,6,68,7,7,1,0.6939,0.2449,7.5714,7.5714,0,0,0,0
4331499,1982,8180,1980,"DK","",569490,3,10,156,1,19,7,3,1,0,0.449,3,9,0,0,0,0
4331744,1982,8180,1980,"DK","",,5,7,429,4,45,8,4,1,0,0,11.5,8.25,,,,
4331918,1982,8180,1980,"DK","",54650,3,5,324,4,43,9,6,0.8889,0.6667,0.6563,8.1667,10.4444,0,0,0,0
4331947,1982,8180,1980,"DK","",15880,3,9,337,4,41,6,5,1,0.48,0.5,15.2,10.1667,0.3333,0.1667,0,0
4332332,1982,8187,1980,"DK","",40110,3,8,220,6,68,6,9,1,0.3704,0,9.8889,3.5,0.25,0.1667,0.1111,0.1111
4332663,1982,8187,1980,"DK","",613210,3,26,204,1,19,5,2,0.8,0,0.375,7,12.6,0,0,0,0
4333357,1982,8194,1980,"DK","",,1,9,74,5,59,11,0,0.0909,,0,,62.6364,,,,
4333953,1982,8194,1980,"DK","",314530,3,7,426,6,61,10,9,0.2,0,0,7.6667,29.3,0,0,0,0
4333954,1982,8194,1980,"DK","",314530,3,6,426,6,61,10,7,0.2,0,0,4.7143,29.3,0,0,0,0
4334430,1982,8201,1980,"DK","",,1,10,73,4,43,5,2,0.6,0,0.4444,2.5,16,,,,
4334835,1982,8201,1980,"DK","",134690,3,1,417,5,53,4,4,0.75,0.375,0,7.5,32.5,0,0,0,0
4334843,1982,8201,1980,"DK","",134690,3,1,418,5,53,4,2,0.75,0,0,17,13.75,0,0,0,0
4335208,1982,8201,1980,"DK","",410070,3,8,435,3,33,5,3,1,0.4444,0.32,4.3333,8.8,0.2,0.2,0,0
4336000,1982,8208,1979,"DK","",721306,3,19,417,5,53,6,25,0.6667,0.8512,0.75,11.56,15.1667,0,0,0,0
4338084,1982,8222,1980,"DK","",54820,3,3,493,5,51,1,0,1,,0,,5,0,0,,
4339534,1982,8229,1980,"DK","",139420,3,13,435,3,33,6,18,1,0.3765,0,11.2222,3.6667,0,0,0.0556,0.0556
4340421,1982,8236,1980,"DK","",431210,3,11,588,1,19,5,11,0.6,0.6446,0,12.5455,18.2,0.5,0.2,0,0
4340675,1982,8236,1980,"DK","",139420,3,6,435,3,33,1,5,1,0.32,0,8,9,0,0,0,0
4341867,1982,8243,1980,"DK","",139420,3,6,435,3,33,2,5,1,0.72,0,9.8,10,0,0,0,0
4342205,1982,8250,1981,"DK","",77275,3,1,62,6,69,5,3,1,0,0.32,5,12,0.5,0.2,0,0
4342256,1982,8250,1979,"DK","",134690,3,3,91,5,53,7,8,0.8571,0.375,0.2778,7.625,12.5714,0,0,0.125,0.125
4342772,1982,8250,1980,"DK","",709942,3,20,514,3,31,6,13,1,0.4615,0.4444,4.8462,4.3333,0.1667,0.1667,0,0
4343898,1982,8257,1981,"DK","",410070,3,10,435,3,33,1,8,1,0.5313,0,5.125,16,0,0,0.25,0.25
4344377,1982,8264,1980,"DK","",,1,5,114,5,55,4,6,0.75,0,0,8.1667,12.5,,,,
4345035,1982,8264,1981,"DK","",480105,3,3,501,1,19,1,0,0,,,,33,0,0,,
4345071,1982,8264,1980,"DK","",709942,3,13,540,1,14,5,1,1,0,0.48,2,5,0.4,0.4,0,0
4345324,1982,8264,1980,"DK","",103175,3,8,370,2,21,16,19,1,0.5928,0.3203,10.5263,6.0625,0,0,0,0
4345441,1982,8271,1981,"DK","",134690,3,1,62,6,69,4,5,0,0,,12.2,35.75,0,0,0,0
4345486,1982,8271,1979,"DK","",,1,9,475,5,53,2,1,0,0,,5,50,,,,
4345499,1982,8271,1980,"DK","",,1,4,83,5,51,2,1,0,0,,14,26,,,,
4345614,1982,8271,1980,"DK","",134690,3,3,137,6,69,4,4,1,0,0.625,3,6,0,0,0,0
4346948,1982,8278,1980,"DK","",406800,3,11,384,5,59,4,0,0.25,,0,,28.25,0,0,,
4347061,1982,8278,1980,"DK","",15830,3,12,44,1,19,7,9,0.5714,0.1975,0,7,33.5714,0,0,0,0
4347560,1982,8278,1981,"DK","",103175,3,1,363,4,45,5,7,1,0.2449,0.56,8.1429,9.6,0,0,0,0
4347944,1982,8285,1980,"DK","",,1,7,220,6,68,6,4,0.3333,0.75,0.5,9.25,28.6667,,,,
4347976,1982,8285,1980,"DK","",134690,3,2,236,6,69,8,6,1,0.6667,0.6563,7.5,10.375,0,0,0.1667,0.1667
4348373,1982,8285,1981,"DK","",238050,3,4,423,1,19,2,6,0.5,0.2778,0,7.5,19.5,0,0,0.1667,0.1667
4348607,1982,8285,1981,"DK","",134690,3,6,310,4,45,8,3,0.5,0.4444,0.5,4.6667,23.375,0,0,0,0
4348621,1982,8285,1981,"DK","",134690,3,2,318,4,45,3,7,1,0.2449,0,4.8571,6.3333,0,0,0,0
4351721,1982,8306,1981,"DK","",,1,4,210,1,19,3,4,0.6667,0.375,0,8,17.3333,,,,
4352472,1982,8313,1980,"DK","",52565,3,9,242,5,51,3,1,1,0,0.6667,11,4,0,0,0,0
4352649,1982,8313,1980,"DK","",496055,3,33,425,5,51,6,7,1,0.4082,0.7778,8.4286,9.6667,0,0,0,0
4353687,1982,8320,1980,"DK","",202035,2,10,432,6,66,1,1,1,0,0,3,2,0,0,0,0
4353910,1982,8320,1981,"DK","",308755,3,8,514,3,31,0,1,,0,,3,,,,0,0
4354511,1982,8327,1981,"DK","",516825,3,3,131,6,61,3,1,1,0,0.4444,16,9.6667,0,0,0,0
4354822,1982,8327,1980,"DK","",134690,3,11,431,6,66,2,8,1,0.7188,0.5,8.125,12.5,0,0,0.1429,0.125
4355909,1982,8334,1980,"DK","",202035,2,16,374,4,43,9,0,0.8889,,0.5313,,14.1111,0,0,,
4356119,1982,8334,1979,"DK","",406785,3,2,530,1,15,17,0,1,,0.2076,,6.5294,0,0,,
4356747,1982,8341,1981,"DK","",516865,3,1,83,5,51,1,1,1,0,0,4,2,0,0,0,0
4357357,1982,8341,1979,"DK","",410070,3,14,426,6,61,4,2,0.75,0,0.4444,3.5,18.25,0,0,0.5,0.5
4357499,1982,8341,1980,"DK","",,1,7,73,4,43,6,2,1,0.5,0.5,8,7,,,,
4358299,1982,8348,1981,"DK","",233890,3,12,96,1,13,4,3,0.75,0.4444,0.6667,7.6667,21.75,0,0,0.3333,0.3333
4358470,1982,8348,1980,"DK","",340325,3,8,427,1,12,9,14,0.8889,0.7347,0.7813,8.7857,10.7778,0,0,0,0
4359006,1982,8355,1980,"DK","",,1,8,110,6,66,5,10,0.6,0.34,0,7.6,20.6,,,,
4359083,1982,8355,1980,"DK","",135040,3,6,164,5,52,1,3,1,0.4444,0,12.6667,7,1,1,0,0
4359294,1982,8355,1980,"DK","",417055,3,6,403,6,67,8,2,0.875,0.5,0.8163,8.5,16.5,0,0,0,0
4359805,1982,8362,1981,"DK","",613210,3,5,16,5,59,0,2,,0.5,,2,,,,0.5,0.5
4360914,1982,8362,1980,"DK","",205075,3,3,714,2,22,8,0,1,,0.75,,8.25,0,0,,
4361398,1982,8369,1980,"DK","",413965,3,7,355,5,54,4,0,0.5,,0,,24.75,0,0,,
4363633,1982,8383,1980,"DK","",721306,3,5,436,1,19,5,12,1,0.1528,0.72,8.0833,8,0.5,0.2,0.0833,0.0833
4364238,1982,8390,1980,"DK","",134690,3,1,62,6,69,3,3,0.6667,0,0,11,17,0,0,0,0
4364302,1982,8390,1980,"DK","",134690,3,1,91,5,53,5,3,1,0,0.48,2.3333,8,0.4,0.4,1,1
4364304,1982,8390,1981,"DK","",134690,3,1,91,5,53,6,1,1,0,0.5,2,7.1667,0,0,0,0
4364518,1982,8390,1979,"DK","",,1,8,239,5,59,3,0,0,,,,57,,,,
4366390,1982,8397,1981,"DK","",,1,7,307,4,49,6,12,1,0.625,0,11,5.5,,,,
4366597,1983,8404,1980,"DK","",,1,2,16,5,59,3,1,0.3333,0,0,2,23.3333,,,,
4367239,1983,8404,1980,"DK","",308755,3,9,514,3,31,0,2,,0,,9.5,,,,0,0
4367732,1983,8411,1981,"DK","",111345,3,10,602,3,32,4,22,1,0.8512,0,8.3636,3.75,0,0,0.0952,0.0909
4368017,1983,8411,1980,"DK","",,1,3,425,5,51,9,5,1,0.72,0.5926,10.2,12.3333,,,,
4368744,1983,8418,1981,"DK","",516865,3,6,131,6,61,6,0,0.8333,,0,,16.6667,0,0,,
4369067,1983,8418,1980,"DK","",202035,2,12,106,1,12,2,1,1,0,0.5,2,4,0,0,0,0
4369091,1983,8418,1981,"DK","",40755,3,6,159,1,19,3,1,0.6667,0,0,10,19,0.5,0.3333,0,0
4369619,1983,8425,1981,"DK","",264320,3,5,57,6,63,9,1,0.2222,0,0,3,23.1111,0,0,0,0
4369926,1983,8425,1979,"DK","",202035,2,29,241,5,51,8,8,0.625,0.375,0,11.125,27.25,0.75,0.375,0,0
4370293,1983,8425,1980,"DK","",569490,3,8,264,5,51,11,9,1,0.5185,0.5289,8.7778,12.0909,0,0,0,0
4370317,1983,8425,1981,"DK","",410070,3,11,514,3,31,0,3,,0.4444,,14.3333,,,,0,0
4370778,1983,8432,1980,"DK","",,1,30,452,6,61,6,1,0.5,0,0.4444,8,39,,,,
4370844,1983,8432,1980,"DK","",415365,3,6,53,6,68,4,5,0.25,0.64,0,14.2,19.75,0,0,0,0
4371028,1983,8432,1980,"DK","",164450,3,10,165,6,66,2,4,1,0.375,0,9.25,4,0,0,0,0
4371036,1983,8432,1980,"DK","",,1,5,165,6,66,5,1,0.4,0,0.5,5,33.2,,,,
4371536,1983,8432,1980,"DK","",39990,3,6,514,3,31,1,13,1,0.2722,0,7.4615,18,0,0,0.0769,0.0769
4372413,1983,8439,1980,"DK","",134690,3,4,180,5,55,1,3,1,0.4444,0,4.6667,5,0,0,0.6667,0.6667
4372749,1983,8439,1980,"DK","",,1,3,44,1,19,4,2,0.5,0,0,8,46.25,,,,
4372799,1983,8439,1980,"DK","",552455,3,1,156,1,19,5,2,0.6,0.5,0.4444,12,26,0,0,0,0
4372860,1983,8439,1981,"DK","",259260,3,11,210,1,19,12,13,0.75,0.6627,0.1975,9.6923,19.9167,0,0,0,0
4372926,1983,8439,1981,"DK","",40755,3,8,423,1,19,6,1,0.6667,0,0.375,3,17.8333,0,0,0,0
4373002,1983,8439,1980,"DK","",569490,3,5,428,6,69,3,14,1,0.5,0.4444,6.2143,5.3333,0,0,0.0769,0.0714
4373957,1983,8446,1981,"DK","",480105,3,7,106,1,12,1,48,1,0.6476,0,13,4,0,0,0,0
4374374,1983,8446,1981,"DK","",,1,8,338,4,41,6,2,0.6667,0.5,0.75,8,18,,,,
4374861,1983,8453,1981,"DK","",314525,3,5,426,6,61,8,7,0,0,,9.2857,34.875,0,0,0,0
4375029,1983,8453,1980,"DK","",134690,3,1,219,4,49,7,1,1,0,0.6122,16,9.8571,0,0,0,0
4375048,1983,8453,1980,"DK","",134690,3,1,318,4,45,4,0,0.75,,0.4444,,14,0,0,,
4375861,1983,8467,1980,"DK","",243760,3,9,220,6,68,2,1,0,0,,16,34,0,0,0,0
4376325,1983,8474,1980,"DK","",517970,3,6,452,6,61,7,0,0,,,,61.5714,0,0,,
4376378,1983,8474,1980,"DK","",613995,3,7,68,6,63,2,4,0,0,,11,53.5,0,0,0,0
4376499,1983,8474,1981,"DK","",545640,3,2,222,1,19,8,1,0.125,0,0,11,44.125,0,0,0,0
4376515,1983,8474,1980,"DK","",441295,3,10,241,5,51,8,4,0.875,0.625,0.2449,12.75,13.25,0,0,0,0
4376867,1983,8474,1981,"DK","",,1,6,562,1,14,1,1,1,0,0,7,14,,,,
4377440,1983,8481,1981,"DK","",,1,16,162,1,19,6,62,0.5,0.7419,0.6667,13.5968,37,,,,
4377722,1983,8481,1981,"DK","",169745,3,23,136,4,45,3,3,0.6667,0,0.5,6,23.3333,0,0,0,0
4377936,1983,8488,1981,"DK","",77275,3,2,62,6,69,2,2,0.5,0.5,0,8.5,35,0,0,0,0
4378155,1983,8488,1981,"DK","",180080,3,2,355,5,54,5,4,0.8,0.625,0,8.75,18.6,0,0,0,0
4378157,1983,8488,1981,"DK","",180080,3,2,355,5,54,5,1,1,0,0,10,11.6,0,0,0,0
4379550,1983,8502,1979,"DK","",388940,3,1,472,6,62,16,9,0.375,0.6667,0.8333,14.6667,32.625,0,0,0,0
4379961,1983,8502,1980,"DK","",134690,3,1,219,4,49,4,2,0.5,0.5,0.5,4,27.25,0,0,0,0
4380000,1983,8502,1981,"DK","",134690,3,2,336,4,41,1,2,1,0,0,12,4,0,0,0,0
4381726,1983,8523,1981,"DK","",40975,3,8,118,1,12,3,4,0.6667,0.625,0.5,7.5,18.6667,0,0,0,0
4381905,1983,8523,1980,"DK","",134690,3,3,418,5,53,3,4,1,0.375,0.4444,10.5,10.6667,0,0,0,0
4381930,1983,8523,1982,"DK","",319035,3,3,55,1,13,3,4,0,0.375,,11,45,0,0,0,0
4382474,1983,8530,1980,"DK","",319035,3,1,172,6,64,4,0,0.25,,0,,40,0,0,,
4382504,1983,8530,1981,"DK","",110775,2,4,206,6,68,6,9,0.1667,0.6173,0,11.4444,36.6667,0,0,0,0
4382558,1983,8530,1980,"DK","",202035,2,12,241,5,51,7,4,0.8571,0.375,0,5.5,15.7143,0,0,0.25,0.25
4382561,1983,8530,1981,"DK","",202035,2,12,241,5,51,5,4,0.6,0,0,3.75,29.2,0,0,0.3333,0.25
4384140,1983,8537,1982,"DK","",308755,3,6,564,1,14,0,1,,0,,16,,,,0,0
4384206,1983,8537,1981,"DK","",517970,3,5,250,4,44,2,10,1,0.7,0.5,11,5.5,0,0,0.1667,0.1
4384586,1983,8544,1980,"DK","",,1,16,600,3,32,2,8,1,0,0,11.25,7.5,,,,
4385048,1983,8544,1980,"DK","",69970,3,6,424,3,31,2,3,1,0,0,11,15,1,0.5,0,0
4385730,1983,8551,1980,"DK","",202035,2,13,241,5,51,5,3,0.8,0,0,6,11.2,0,0,0.5,0.3333
4386160,1983,8551,1981,"DK","",410070,3,10,435,3,33,3,10,1,0.7,0.4444,10.6,6.6667,0,0,0,0
4386481,1983,8558,1981,"DK","",613210,3,3,49,5,59,2,1,1,0,0,2,10,0,0,0,0
4386851,1983,8558,1980,"DK","",,1,10,356,4,43,5,1,0.8,0,0.375,7,24,,,,
4386906,1983,8558,1981,"DK","",202035,2,12,432,6,66,2,2,1,0.5,0.5,5.5,5.5,0,0,0,0
4387815,1983,8565,1980,"DK","",444820,3,7,215,6,68,6,8,1,0.4063,0.7222,9.5,4.6667,0.1667,0.1667,0.375,0.375
4387855,1983,8565,1981,"DK","",,1,12,239,5,59,4,0,0,,,,67.5,,,,
4388067,1983,8565,1980,"DK","",202035,2,11,432,6,66,4,3,1,0.4444,0.375,8.3333,2.5,0,0,0,0
4388338,1983,8565,1981,"DK","",42425,3,6,426,6,61,2,4,0,0.5,,10.75,29,0,0,0,0
4388406,1983,8565,1981,"DK","",139420,3,2,435,3,33,1,4,1,0.375,0,7.25,10,0,0,0,0
4389252,1983,8572,1980,"DK","",202035,2,9,432,6,66,2,0,1,,0,,13.5,0,0,,
4389423,1983,8572,1981,"DK","",135020,3,7,426,6,61,6,12,0.6667,0.4167,0.375,11.4167,19.5,0,0,0,0
4389558,1983,8572,1981,"DK","",134690,3,3,219,4,49,1,2,1,0.5,0,9.5,20,0,0,0,0
4389857,1983,8579,1981,"DK","",220315,3,6,62,6,69,12,2,0.6667,0.5,0.2188,8,16.4167,0,0,0,0
4390056,1983,8579,1980,"DK","",135040,3,6,164,5,52,7,5,0.8571,0,0.7778,12.2,12,0,0,0.2,0.2
4390628,1983,8579,1981,"DK","",139420,3,3,435,3,33,1,6,1,0.5,0,6.6667,10,0,0,0,0
4391141,1983,8586,1980,"DK","",517970,3,4,73,4,43,4,0,0.5,,0,,29.75,0,0,,
4391207,1983,8586,1981,"DK","",202035,2,10,432,6,66,2,2,1,0.5,0.5,11,6.5,0,0,0,0
4391913,1983,8586,1982,"DK","",171255,3,4,236,6,69,6,13,0.3333,0.7101,0.5,8.3077,22.1667,0,0,0,0
4393815,1983,8600,1981,"DK","",,1,13,122,6,66,3,3,0.6667,0.4444,0.5,8.3333,29,,,,
4394207,1983,8600,1982,"DK","",54820,3,10,156,1,19,4,2,0.75,0.5,0,8,16,0,0,0,0
4396367,1983,8614,1982,"DK","",77275,3,8,425,5,51,3,3,0.3333,0.6667,0,8.6667,41.3333,0,0,0.3333,0.3333
4397479,1983,8621,1981,"DK","",188815,3,2,280,5,55,5,4,1,0.625,0.56,8.5,10,0,0,0,0
4398732,1983,8628,1981,"DK","",497130,3,4,277,6,67,7,1,0.5714,0,0.375,6,15.7143,0,0,0,0
4399225,1983,8628,1981,"DK","",63535,3,15,436,1,19,5,9,1,0.642,0,8.8889,5.8,0.4,0.4,0.1111,0.1111
4399950,1983,8635,1981,"DK","",581135,3,9,242,5,51,1,1,1,0,0,1,11,0,0,1,1
4400449,1983,8635,1981,"DK","",,5,11,429,4,45,9,3,1,0,0,11.6667,8.3333,,,,
4401214,1983,8642,1981,"DK","",264965,3,11,206,6,68,5,8,1,0.6875,0.56,13.25,12.6,0,0,0,0
4401679,1983,8642,1981,"DK","",430245,3,6,426,6,61,3,16,1,0.2266,0,8.875,6,0,0,0.0667,0.0625
4401811,1983,8642,1981,"DK","",,1,17,536,1,14,3,0,1,,0.4444,,5.6667,,,,
4401889,1983,8642,1981,"DK","",364885,3,8,250,4,44,7,1,0.8571,0,0.4444,6,10.2857,0,0,0,0
4402165,1983,8649,1981,"DK","",135035,3,9,52,6,69,5,0,0,,,,58.2,0,0,,
4402321,1983,8649,1980,"DK","",,1,1,606,3,32,7,3,0.2857,0,0.5,5.3333,49.8571,,,,
4402491,1983,8649,1982,"DK","",431210,3,17,266,5,52,3,2,0.6667,0.5,0,8.5,21,0,0,0,0
4403733,1983,8656,1981,"DK","",279465,3,2,238,5,55,4,11,0.75,0.562,0.4444,13.4545,24,0.5,0.25,0,0
4403913,1983,8656,1981,"DK","",247535,3,3,415,5,53,2,9,1,0.3457,0.5,5.4444,17,0,0,0,0
4403952,1983,8656,1981,"DK","",202035,2,8,432,6,66,4,2,0.75,0,0.4444,10.5,9.5,0,0,0.5,0.5
4404729,1983,8663,1981,"DK","",233900,3,6,483,5,59,2,2,0.5,0,0,5,17.5,0,0,0,0
4404833,1983,8663,1981,"DK","",,1,7,72,5,52,7,1,0.8571,0,0,16,18,,,,
4405257,1983,8663,1980,"DK","",132520,3,2,405,6,64,7,9,0.7143,0.3704,0,7.7778,24.2857,0,0,0,0
4405400,1983,8663,1982,"DK","",569490,3,3,156,1,19,3,13,1,0.6509,0.4444,7.4615,5.3333,0,0,0.0833,0.0769
4405608,1983,8663,1981,"DK","",410070,3,4,514,3,31,4,1,0.5,0,0.5,3,45.5,0,0,0,0
4406240,1983,8670,1981,"DK","",,1,13,114,5,55,5,5,1,0.32,0.64,6.8,13.8,,,,
4406412,1983,8670,1981,"DK","",78835,3,6,241,5,51,4,8,1,0,0,8.75,7.5,1,0.25,0,0
4406614,1983,8670,1981,"DK","",,1,6,431,6,66,8,0,0.375,,0.4444,,27.625,,,,
4406652,1983,8670,1982,"DK","",17920,3,9,494,1,19,3,5,0.6667,0,0,10,19.3333,0,0,0,0
4407606,1983,8677,1981,"DK","",,1,4,405,6,64,3,4,0.6667,0,0,14,18.3333,,,,
4407621,1983,8677,1981,"DK","",179655,3,9,414,5,51,2,0,0,,,,23.5,0,0,,
4407751,1983,8677,1981,"DK","",709942,3,7,540,1,14,6,1,1,0,0.2778,2,5.6667,0.1667,0.1667,0,0
4407877,1983,8677,1982,"DK","",,1,18,428,6,69,1,17,1,0.5625,0,9.375,11,,,,
4407963,1983,8677,1981,"DK","",,1,4,436,1,19,4,4,1,0.5,0.375,8.25,6.25,,,,
4408185,1983,8677,1980,"DK","",171455,3,7,340,2,21,8,13,1,0.6746,0.5313,11.5385,9.75,0,0,0,0
4409222,1983,8684,1982,"DK","",709942,3,14,514,3,31,1,2,1,0.5,0,2.5,6,1,1,0,0
4409524,1983,8684,1980,"DK","",134690,3,5,318,4,45,5,9,1,0.1975,0,6.7778,5.6,0.6,0.6,0,0
4410080,1983,8691,1981,"DK","",77275,3,1,198,5,59,3,1,0,0,,14,26.3333,0,0,0,0
4412415,1983,8705,1981,"DK","",134690,3,7,60,4,45,3,1,1,0,0.6667,7,10.6667,0,0,0,0
4412581,1983,8705,1982,"DK","",134690,3,3,165,6,66,9,0,1,,0.6914,,2.3333,0,0,,
4413461,1983,8712,1981,"DK","",415365,3,14,53,6,68,12,5,0.3333,0.56,0.625,10.4,26.6667,0,0,0,0
4415094,1983,8719,1982,"DK","",382135,3,7,215,6,68,3,4,0.6667,0.5,0.5,7.25,16,0,0,0,0
4415534,1983,8719,1981,"DK","",721306,3,23,422,1,19,4,2,0.75,0,0.6667,6.5,22.75,0,0,0,0
4416622,1983,8726,1981,"DK","",202035,2,10,432,6,66,2,2,1,0,0,2.5,4,0,0,0,0
4417610,1983,8733,1981,"DK","",415365,3,15,141,5,51,6,11,0.8333,0.5455,0.56,11.0909,14.3333,0,0,0,0
4418247,1983,8733,1981,"DK","",282100,2,2,156,1,19,2,4,0.5,0.375,0,13.75,31,0,0,0,0
4418862,1983,8740,1981,"DK","",110775,2,6,229,6,68,7,2,0.2857,0.5,0,11.5,39.5714,0,0,0,0
4419943,1983,8747,1982,"DK","",,1,4,110,6,66,5,20,0.8,0.66,0.375,10.3,9.8,,,,
4419964,1983,8747,1982,"DK","",202035,2,19,122,6,66,18,4,0.7222,0.375,0.8521,6,14.6667,0.2,0.1111,0,0
4420302,1983,8747,1981,"DK","",202035,2,25,432,6,66,7,2,0.5714,0,0,3.5,16.4286,0.6667,0.2857,0,0
4420303,1983,8747,1981,"DK","",202035,2,19,432,6,66,10,0,0.5,,0.32,,17.1,0.75,0.3,,
4420451,1983,8747,1980,"DK","",,1,3,264,5,51,11,7,0.9091,0.5714,0.74,8.4286,11.9091,,,,
4421772,1983,8754,1981,"DK","",139420,3,23,426,6,61,1,12,0,0.6389,,7.5833,27,0,0,0.1818,0.1667
4421810,1983,8754,1980,"DK","",,1,4,428,6,69,15,5,1,0.72,0.8267,6,7.4667,,,,
4422357,1983,8761,1981,"DK","",,1,6,83,5,51,6,4,0.8333,0.75,0.64,6,16.8333,,,,
4422837,1983,8761,1982,"DK","",,1,1,425,5,51,9,0,1,,0.3704,,13,,,,
4423641,1984,8768,1981,"DK","",,1,1,73,4,43,8,8,1,0.5313,0.375,8.875,10,,,,
4423851,1984,8768,1981,"DK","",,1,3,248,6,69,0,10,,0.34,,8.4,,,,,
4424229,1984,8768,1982,"DK","",39820,3,2,514,3,31,2,3,1,0,0,11.6667,11,0,0,0,0
