4424715,1984,8775,1981,"DK","",134690,3,8,73,4,43,5,2,0.8,0,0,7,10,0,0,0,0
4426282,1984,8782,1982,"DK","",322170,3,12,209,5,51,4,13,0.5,0.2722,0.5,10.0769,21.5,0,0,0.0833,0.0769
4427122,1984,8789,1980,"DK","",444270,3,6,428,6,69,7,1,1,0,0.6122,17,8.5714,0,0,0,0
4427171,1984,8789,1981,"DK","",,1,6,248,6,69,6,2,0.6667,0.5,0.625,11.5,15,,,,
4427346,1984,8789,1982,"DK","",134690,3,1,417,5,53,6,2,0.6667,0.5,0.5,5.5,21.1667,0,0,0,0
4427421,1984,8789,1981,"DK","",233890,3,19,95,1,13,7,2,0.5714,0.5,0.375,10,25.4286,0,0,0,0
4427615,1984,8789,1981,"DK","",74355,3,3,264,5,51,5,10,0.4,0.34,0.5,8.7,43.8,0,0,0,0
4428991,1984,8796,1979,"DK","",552455,3,12,428,6,69,13,3,0.7692,0.6667,0.34,11.3333,14.9231,0,0,0,0
4429436,1984,8803,1982,"DK","",319035,3,4,172,6,64,1,0,0,,,,73,0,0,,
4429494,1984,8803,1982,"DK","",613210,3,3,49,5,59,4,1,1,0,0,8,8,0,0,0,0
4430062,1984,8803,1981,"DK","",40030,3,9,433,3,39,6,2,1,0,0,4.5,11,0,0,0,0
4430063,1984,8803,1982,"DK","",279465,3,4,434,6,69,3,7,0.3333,0.2449,0,14.1429,40,0,0,0,0
4430284,1984,8803,1980,"DK","",,1,13,264,5,51,10,5,1,0.64,0.46,11.8,12.2,,,,
4430826,1984,8810,1981,"DK","",279465,3,10,446,6,62,8,12,0.5,0.5139,0.625,14.25,38.625,1,0.125,0.0833,0.0833
4430900,1984,8810,1981,"DK","",134690,3,13,73,4,43,4,2,0.5,0.5,0.5,10,21.25,0,0,0,0
4430922,1984,8810,1981,"DK","",148815,3,8,89,5,59,4,2,0,0,,16.5,55.25,0,0,0,0
4431629,1984,8810,1981,"DK","",410070,3,17,426,6,61,6,5,1,0.48,0.5,7.4,6.1667,0.2,0.1667,0,0
4432270,1984,8817,1981,"DK","",134690,3,1,91,5,53,9,5,1,0.72,0.6667,5,6.1111,0.4286,0.3333,0.4,0.4
4432709,1984,8817,1981,"DK","",134690,3,3,418,5,53,4,1,0.75,0,0.4444,2,13,1,0.5,1,1
4432710,1984,8817,1982,"DK","",134690,3,1,418,5,53,5,3,1,0,0.32,6.6667,8.2,0,0,0,0
4432806,1984,8817,1982,"DK","",15830,3,14,127,1,11,7,10,0.8571,0.64,0.6111,9.6,12.5714,0.1667,0.1429,0,0
4433091,1984,8817,1982,"DK","",15835,3,6,524,1,15,5,1,1,0,0.48,4,5.2,0,0,0,0
4433555,1984,8824,1982,"DK","",134690,3,2,62,6,69,4,3,0.25,0,0,6.3333,25.75,1,0.25,0,0
4433793,1984,8824,1982,"DK","",40110,3,18,220,6,68,13,9,0.3846,0.5185,0,10,25.6923,0,0,0.1111,0.1111
4434703,1984,8831,1981,"DK","",148815,3,3,89,5,59,3,1,0,0,,6,44.6667,0,0,0,0
4434785,1984,8831,1982,"DK","",,1,2,126,6,66,10,1,0.9,0,0.6173,4,8.1,,,,
4434907,1984,8831,1982,"DK","",40110,3,64,220,6,68,11,7,0.8182,0.449,0,8.8571,13.4545,0.5,0.1818,0,0
4435130,1984,8831,1981,"DK","",134690,3,4,417,5,53,3,4,1,0.375,0.6667,7,9.6667,0.3333,0.3333,0,0
4435159,1984,8831,1981,"DK","",202035,2,22,432,6,66,13,4,0.7692,0.5,0.5,2.5,12.7692,0.1667,0.0769,0.25,0.25
4435307,1984,8831,1981,"DK","",410070,3,14,510,1,19,2,56,1,0.7334,0.5,11.8571,8.5,0,0,0.0377,0.0357
4435403,1984,8831,1981,"DK","",496855,3,7,514,3,31,1,32,1,0.5977,0,8.6875,1,0,0,0.4688,0.4688
4435451,1984,8831,1981,"DK","",107220,3,2,428,6,69,2,3,0.5,0.4444,0,13,25,0,0,0,0
4436486,1984,8838,1981,"DK","",233890,3,3,417,5,53,5,2,0.2,0.5,0,11,36.8,0,0,0,0
4436489,1984,8838,1982,"DK","",134690,3,3,417,5,53,1,3,1,0.6667,0,4,13,0,0,0.3333,0.3333
4438100,1984,8845,1981,"DK","",40855,3,29,424,3,31,2,15,0.5,0.6578,0,9.3333,27.5,0,0,0,0
4439037,1984,8852,1980,"DK","",364840,3,2,356,4,43,3,6,1,0.7222,0,9.5,10.6667,0,0,0,0
4439119,1984,8852,1982,"DK","",134690,3,6,418,5,53,5,5,1,0.48,0.32,9.6,10.4,0.3333,0.2,0.4,0.4
4439475,1984,8852,1982,"DK","",107225,3,15,428,6,69,2,8,1,0.75,0,7.875,6.5,0,0,0.125,0.125
4440260,1984,8859,1982,"DK","",289855,3,2,181,6,69,3,2,0.6667,0,0.5,6,23,0,0,0,0
4440709,1984,8859,1982,"DK","",,1,28,264,5,51,11,3,0.9091,0.6667,0.58,5.6667,14.8182,,,,
4441291,1984,8866,1981,"DK","",184875,3,12,52,6,69,3,8,1,0,0.4444,4.375,6.3333,0,0,0,0
4442079,1984,8866,1982,"DK","",40755,3,9,423,1,19,10,11,1,0.314,0.32,4.9091,7.8,0.1667,0.1,0,0
4442080,1984,8866,1982,"DK","",40755,3,21,423,1,19,28,13,0.9643,0.5799,0.4307,7.6923,8.3214,0.0476,0.0357,0,0
4442113,1984,8866,1981,"DK","",39990,3,16,514,3,31,1,3,1,0,0,8,9,1,1,1,0.3333
4442215,1984,8866,1981,"DK","",,5,10,435,3,33,1,4,1,0.5,0,9.25,2,,,,
4442394,1984,8866,1981,"DK","",134690,3,6,318,4,45,7,7,1,0.2449,0,9.4286,3,0.1429,0.1429,0,0
4442434,1984,8866,1981,"DK","",52565,3,9,343,2,21,4,6,1,0.7222,0.375,11.8333,8.25,0,0,0,0
4443120,1984,8873,1982,"DK","",134690,3,1,374,4,43,3,0,0.3333,,0,,38,0,0,,
4443448,1984,8873,1981,"DK","",308755,3,32,514,3,31,3,10,0.3333,0,0,11.8,20,0,0,0,0
4445222,1984,8880,1980,"DK","",103175,3,8,375,2,21,15,12,1,0.4167,0.7556,8.5833,7.5333,0,0,0,0
4445911,1984,8887,1981,"DK","",202035,2,26,95,1,13,8,10,1,0.58,0.5938,4.9,6.5,0,0,0.3333,0.3
4446144,1984,8887,1980,"DK","",709942,3,7,514,3,31,3,1,1,0,0.4444,4,9.3333,0,0,0,0
4446186,1984,8887,1982,"DK","",552455,3,5,428,6,69,3,4,0.6667,0.625,0.5,9.75,23,0,0,0,0
4446597,1984,8894,1982,"DK","",613210,3,1,16,5,59,2,3,1,0.4444,0,5.6667,1.5,1,0.5,0,0
4447189,1984,8894,1982,"DK","",233890,3,4,415,5,53,2,5,1,0.56,0,9,6.5,0.5,0.5,0,0
4447201,1984,8894,1981,"DK","",107220,3,6,425,5,51,7,11,1,0.7603,0.6531,8.7273,5.7143,0,0,0,0
4448455,1984,8901,1982,"DK","",,1,6,301,5,55,5,2,0.8,0.5,0,3,11,,,,
4449327,1984,8908,1982,"DK","",613210,3,5,49,5,59,2,3,1,0.4444,0,6,5.5,0,0,0,0
4449641,1984,8908,1982,"DK","",150305,3,8,220,6,68,1,4,1,0.375,0,8,3,0,0,0,0
4450178,1984,8908,1982,"DK","",,1,4,426,6,61,10,4,0.8,0.625,0.75,6.75,18.3,,,,
4451233,1984,8915,1982,"DK","",323590,3,2,432,6,66,10,2,0.9,0.5,0.716,7,14.1,0.2,0.1,0,0
4452475,1984,8922,1980,"DK","",15050,3,10,292,6,69,4,2,0.5,0.5,0.5,6.5,40,0,0,0.5,0.5
4453586,1984,8929,1982,"DK","",135040,3,9,164,5,52,2,0,1,,0,,4,0,0,,
4453602,1984,8929,1982,"DK","",319035,3,1,172,6,64,0,4,,0,,4,,,,0,0
4453646,1984,8929,1982,"DK","",400670,3,12,220,6,68,2,18,1,0.7407,0,8.6111,16,0,0,0,0
4454318,1984,8929,1981,"DK","",54310,3,4,544,1,14,1,0,1,,0,,3,1,1,,
4454548,1984,8929,1981,"DK","",52565,3,7,360,2,24,1,8,1,0.5625,0,6.875,3,0,0,0,0
4455055,1984,8936,1982,"DK","",,1,4,312,6,65,11,1,0.6364,0,0.7347,4,21.3636,,,,
4455375,1984,8936,1982,"DK","",410070,3,7,435,3,33,4,0,0.75,,0.6667,,8.75,0,0,,
4455926,1984,8943,1982,"DK","",298000,3,12,99,6,61,1,0,0,,,,86,0,0,,
4456136,1984,8943,1983,"DK","",,1,7,215,6,68,3,14,1,0.4082,0,7.7143,5.3333,,,,
4456156,1984,8943,1981,"DK","",,1,10,222,1,19,5,0,0.2,,0,,41.2,,,,
4456231,1984,8943,1982,"DK","",431210,3,5,266,5,52,2,3,0.5,0.4444,0,9,25.5,0,0,0,0
4457239,1984,8950,1981,"DK","",,1,9,108,6,69,9,2,0.5556,0.5,0.8,8.5,32.7778,,,,
4458455,1984,8957,1981,"DK","",,1,10,52,6,69,2,11,1,0,0,10,13.5,,,,
4458847,1984,8957,1982,"DK","",40975,3,10,241,5,51,7,1,0.5714,0,0.375,6,26.5714,0,0,0,0
4460204,1984,8964,1982,"DK","",89555,3,3,292,6,69,7,4,0.1429,0.625,0,10.5,57.8571,0,0,0,0
4460392,1984,8964,1983,"DK","",111345,3,7,96,1,13,6,10,1,0.42,0.7222,7.4,2.6667,0,0,0,0
4460609,1984,8964,1982,"DK","",414565,3,10,426,6,61,3,5,1,0,0,6.4,7.6667,0,0,0,0
4461054,1984,8971,1981,"DK","",31995,3,16,15,6,69,3,6,0,0.7778,,12.6667,42.6667,0,0,0,0
4461116,1984,8971,1982,"DK","",279465,3,2,446,6,62,6,6,0.3333,0,0.5,15,25.3333,0,0,0,0
4461626,1984,8971,1982,"DK","",,1,9,44,1,19,6,0,0,,,,51.6667,,,,
4461635,1984,8971,1982,"DK","",134690,3,5,62,6,69,3,4,0.6667,0.375,0,10.75,21.3333,0,0,0,0
4461668,1984,8971,1982,"DK","",111345,3,2,156,1,19,4,0,0.5,,0,,22.5,0,0,,
4462209,1984,8978,1982,"DK","",134690,3,8,60,4,45,8,5,1,0.64,0.6563,5.2,7,0.2857,0.25,0.25,0.2
4462790,1984,8978,1982,"DK","",134690,3,6,431,6,66,11,1,0.4545,0,0.48,11,29.0909,0,0,0,0
4462980,1984,8978,1982,"DK","",410070,3,12,435,3,33,6,3,1,0.4444,0.2778,8,7.5,0,0,0,0
4463878,1984,8985,1982,"DK","",,1,13,222,1,19,4,3,0.25,0,0,9.6667,32.5,,,,
4464107,1984,8985,1983,"DK","",134690,3,3,431,6,66,3,3,0,0,,7.3333,32.6667,0,0,0,0
4464120,1984,8985,1982,"DK","",,1,2,434,6,69,14,7,1,0.449,0.2551,7.8571,10.9286,,,,
4465398,1984,8992,1982,"DK","",,1,12,405,6,64,6,11,0.6667,0.6777,0.75,8.7273,32.8333,,,,
4465437,1984,8992,1982,"DK","",233890,3,4,417,5,53,5,6,0.6,0.5,0,8.6667,17,0,0,0.1667,0.1667
4465724,1984,8992,1983,"DK","",,1,2,428,6,69,6,0,1,,0,,9.8333,,,,
4467528,1984,9006,1982,"DK","",,1,4,33,6,69,4,0,1,,0,,17.5,,,,
4469116,1984,9013,1983,"DK","",320335,3,1,137,6,69,2,6,0,0.6111,,7,65,0,0,0,0
4469117,1984,9013,1983,"DK","",320335,3,3,137,6,69,2,2,0.5,0.5,0,9,28,0,0,0,0
4469468,1984,9013,1981,"DK","",,1,7,405,6,64,2,2,1,0,0,17,5,,,,
4471595,1984,9027,1983,"DK","",,1,17,52,6,69,12,7,0.3333,0.6939,0.375,9,34.1667,,,,
4471707,1984,9027,1983,"DK","",437495,3,5,112,6,63,4,2,1,0,0,8.5,12,1,0.25,0.5,0.5
4471808,1984,9027,1982,"DK","",134690,3,20,137,6,69,6,8,0.6667,0.2188,0.625,10.5,30.3333,0,0,0.1429,0.125
4471809,1984,9027,1982,"DK","",134690,3,9,137,6,69,7,8,0.5714,0.6875,0.625,7.875,29.5714,0,0,0.1667,0.125
4472133,1984,9027,1983,"DK","",134690,3,38,431,6,66,2,5,1,0.8,0,4.2,1,0,0,0.6667,0.4
4472202,1984,9027,1982,"DK","",271205,3,4,106,1,12,1,1,1,0,0,11,7,0,0,0,0
4472385,1984,9027,1982,"DK","",410070,3,7,514,3,31,2,2,0.5,0.5,0,6,19.5,0,0,0.5,0.5
4473307,1984,9034,1982,"DK","",286670,3,3,374,4,43,7,4,1,0.375,0.7347,5.75,3.4286,0,0,0,0
4473781,1984,9034,1982,"DK","",134690,3,13,318,4,45,2,8,1,0.2188,0,8.5,4.5,1,0.5,0,0
4474280,1984,9041,1982,"DK","",92395,3,9,194,5,59,1,8,1,0.2188,0,8.125,19,0,0,0,0
4474282,1984,9041,1982,"DK","",92395,3,9,194,5,59,1,9,1,0.1975,0,6.8889,19,0,0,0,0
4475686,1984,9048,1983,"DK","",134690,3,2,236,6,69,8,9,0.75,0.1975,0.5,6.3333,20.125,0.25,0.125,0.125,0.1111
4475873,1984,9048,1982,"DK","",233890,3,1,417,5,53,8,2,0.75,0.5,0.2778,13,18.75,0,0,0,0
4475928,1984,9048,1983,"DK","",,1,14,95,1,13,18,2,0.6667,0.5,0.1528,7.5,18,,,,
4476118,1984,9048,1983,"DK","",410070,3,16,514,3,31,7,4,0.2857,0,0,8.5,22.2857,0,0,0,0
4476608,1984,9055,1982,"DK","",440165,3,5,15,6,69,6,10,0.6667,0.18,0.375,8.4,12.6667,0,0,0,0
4477330,1984,9055,1982,"DK","",721306,3,14,204,1,19,4,5,0.75,0,0,10,19.5,0,0,0,0
4478386,1984,9062,1983,"DK","",,5,6,249,6,69,5,9,0.6,0.7654,0.4444,8,20.2,,,,
4478475,1984,9062,1983,"DK","",421895,3,2,439,4,41,9,1,0.7778,0,0.2449,10,13.4444,0,0,0,0
4478854,1984,9062,1983,"DK","",410070,3,5,426,6,61,3,4,1,0.5,0,6.5,11,0,0,0.3333,0.25
4478856,1984,9062,1983,"DK","",410070,3,7,426,6,61,3,6,1,0.6111,0,8.6667,11,0,0,0.2,0.1667
4478939,1984,9062,1981,"DK","",410070,3,7,435,3,33,3,9,1,0.4444,0,11.5556,11,0,0,0.1111,0.1111
4478940,1984,9062,1981,"DK","",410070,3,4,435,3,33,3,8,1,0.4688,0,12.75,11,0,0,0,0
4479347,1984,9069,1982,"DK","",357070,3,9,56,6,61,6,3,0.8333,0.6667,0.32,10,11.1667,0,0,0,0
4480754,1984,9076,1982,"DK","",134315,3,10,209,5,51,4,0,0.25,,0,,36.75,0,0,,
4480929,1984,9076,1982,"DK","",,1,3,374,4,43,0,2,,0,,4,,,,,
4481305,1984,9076,1983,"DK","",238050,3,10,518,1,19,2,4,1,0.75,0,10.5,6,0,0,0,0
4481907,1984,9083,1983,"DK","",65195,2,15,119,6,61,3,5,1,0.32,0,7.8,16.3333,0,0,0,0
4481952,1984,9083,1979,"DK","",,1,44,600,3,32,9,10,0.8889,0.62,0.2188,13.9,13.1111,,,,
4482341,1984,9083,1982,"DK","",77275,3,6,493,5,51,6,0,0.5,,0.4444,,21,0.3333,0.1667,,
4482722,1984,9083,1983,"DK","",39820,3,2,548,1,14,2,1,0.5,0,0,4,17,0,0,0,0
4483874,1984,9090,1983,"DK","",410070,3,3,426,6,61,6,7,0.5,0.4082,0.4444,8.5714,21.3333,0,0,0.1667,0.1429
4483876,1984,9090,1983,"DK","",410070,3,5,426,6,61,3,6,1,0,0,10.6667,11.6667,0,0,0,0
4484545,1984,9097,1982,"DK","",82735,3,5,123,5,53,3,4,1,0.375,0.6667,11,11,0,0,0,0
4484896,1984,9097,1983,"DK","",569345,3,3,434,6,69,3,8,1,0,0,9.125,9,0,0,0,0
4485134,1984,9097,1983,"DK","",444820,3,8,428,6,69,7,7,1,0.6939,0.6939,10,5,0.2857,0.2857,0,0
4485974,1984,9104,1981,"DK","",202035,2,10,241,5,51,4,5,1,0.56,0,10.6,3.25,0.5,0.5,0,0
4486153,1984,9104,1983,"DK","",134690,3,9,417,5,53,7,8,0.8571,0.375,0.4444,6.625,12,0,0,0.125,0.125
4486302,1984,9104,1982,"DK","",15895,3,5,209,5,51,1,3,1,0.4444,0,8,12,0,0,0,0
4486501,1984,9104,1983,"DK","",,1,26,428,6,69,10,30,0.8,0.8289,0.75,9.6333,12.7,,,,
4487112,1984,9111,1982,"DK","",,1,5,454,5,59,5,1,0,0,,4,67.4,,,,
4487835,1984,9111,1980,"DK","",39440,3,9,435,3,33,0,7,,0,,9.4286,,,,0.1429,0.1429
4488452,1984,9118,1982,"DK","",82735,3,2,74,5,59,2,0,0,,,,48.5,0,0,,
4488654,1984,9118,1982,"DK","",414385,3,15,312,6,65,15,5,0.2,0.72,0.6667,8.2,48.2667,0,0,0,0
4488805,1984,9118,1983,"DK","",413935,3,7,355,5,54,5,0,1,,0.32,,10.8,0,0,,
4489159,1984,9118,1982,"DK","",410070,3,12,435,3,33,5,1,1,0,0.32,13,6.6,0.25,0.2,0,0
4489518,1984,9125,1984,"DK","",613210,3,2,49,5,59,3,1,0,0,,1,34.6667,0,0,0,0
4489536,1984,9125,1982,"DK","",415365,3,5,53,6,68,3,1,0.3333,0,0,9,23.3333,0,0,0,0
4489895,1984,9125,1983,"DK","",202035,3,3,241,5,51,3,5,0.6667,0,0,5.6,13.6667,0.5,0.3333,0.25,0.2
4490403,1984,9125,1983,"DK","",40755,3,15,426,6,61,3,12,1,0.7222,0.4444,7.75,12.3333,0,0,0.2,0.1667
4491329,1985,9132,1983,"DK","",640565,3,5,473,6,62,4,2,1,0,0,7,8.5,0.3333,0.25,0,0
4491608,1985,9132,1982,"DK","",,1,9,427,1,12,5,6,0.2,0.7222,0,10,29.2,,,,
4491826,1985,9132,1983,"DK","",134690,3,3,341,2,22,4,5,1,0.64,0.375,6.2,5.5,0,0,0,0
4492040,1985,9139,1981,"DK","",40755,3,13,34,1,19,6,8,0.8333,0.4063,0.32,9.875,16.6667,0,0,0.125,0.125
4492569,1985,9139,1983,"DK","",272445,3,2,432,6,66,4,2,0.5,0.5,0.5,9,19.25,0,0,0,0
4493012,1985,9139,1982,"DK","",,1,15,362,4,42,2,2,0.5,0,0,6,15,,,,
4494070,1985,9146,1982,"DK","",135070,3,1,324,4,43,7,0,1,,0.7347,,13.8571,0,0,,
4494469,1985,9153,1983,"DK","",613990,3,3,110,6,66,8,4,0.75,0,0.2778,9,21.625,0,0,0,0
4495162,1985,9153,1982,"DK","",40755,3,17,423,1,19,12,9,0.9167,0.5679,0.7107,8.3333,8.75,0.1,0.0833,0.125,0.1111
4495216,1985,9153,1982,"DK","",40735,3,10,427,1,12,10,5,1,0.8,0.68,10,7.1,0,0,0,0
4495287,1985,9153,1978,"DK","",39440,3,10,435,3,33,1,9,1,0,0,12.1111,5,0,0,0,0
4495313,1985,9153,1982,"DK","",371820,3,13,523,1,15,4,46,1,0.7949,0.625,11.1522,5.75,0,0,0,0
4495452,1985,9153,1983,"DK","",,1,1,318,4,45,5,18,1,0.3642,0.56,6.5,9,,,,
4496353,1985,9160,1982,"DK","",,1,7,604,3,32,7,12,0.7143,0,0.56,7.1667,32.7143,,,,
4496553,1985,9160,1983,"DK","",189690,3,2,514,3,31,3,10,1,0.58,0.6667,9.1,4.6667,0,0,0.5714,0.4
4496894,1985,9160,1984,"DK","",134690,3,7,318,4,45,3,2,1,0.5,0,2.5,5.6667,0,0,0,0
4497625,1985,9167,1983,"DK","",134690,3,21,431,6,66,3,5,0.6667,0.48,0.5,7.4,21.3333,0,0,0.75,0.6
4497735,1985,9167,1982,"DK","",309735,3,2,534,1,14,2,3,0.5,0.4444,0,2.3333,29.5,0,0,0,0
4497897,1985,9167,1982,"DK","",410070,3,7,510,1,19,4,7,1,0.5714,0.375,12,6.5,0,0,0,0
4498603,1985,9174,1982,"DK","",631555,3,8,221,5,51,4,12,0.75,0.5139,0.4444,9.3333,17.25,0,0,0,0
4498678,1985,9174,1983,"DK","",272445,3,9,277,6,67,5,1,0.8,0,0.375,4,24,0,0,0,0
4499109,1985,9174,1982,"DK","",421940,3,11,426,6,61,5,0,0.6,,0.4444,,16,0,0,,
4499189,1985,9174,1980,"DK","",39440,3,5,435,3,33,0,5,,0,,8.4,,,,0.2,0.2
4499337,1985,9174,1982,"DK","",134515,3,2,379,2,21,3,5,1,0.32,0.4444,8.2,6.3333,0,0,0,0
4501097,1985,9188,1982,"DK","",,1,6,52,6,69,10,0,0.3,,0,,51.9,,,,
4501108,1985,9188,1982,"DK","",40825,3,2,53,6,68,8,1,0.875,0,0.2449,10,20.875,0,0,0,0
4501203,1985,9188,1983,"DK","",41690,3,1,109,6,69,7,5,0.4286,0,0.6667,6,21.1429,0,0,0,0
4501364,1985,9188,1979,"DK","",74365,3,4,229,6,68,9,1,0.4444,0,0,9,35.5556,0,0,0,0
4502533,1985,9195,1982,"DK","",620485,3,9,165,6,66,6,2,1,0,0.6667,4.5,6.1667,0,0,0,0
4502813,1985,9195,1981,"DK","",40975,3,9,404,6,69,9,7,0.7778,0,0.2449,12.2857,16.3333,0,0,0,0
4502855,1985,9195,1983,"DK","",134690,3,14,418,5,53,7,1,0.8571,0,0,6,17.7143,0.75,0.4286,0,0
4503477,1985,9195,1982,"DK","",202035,2,34,361,4,45,8,8,1,0.75,0.625,4.25,6.5,0,0,0.125,0.125
4504262,1985,9202,1983,"DK","",17920,3,7,494,1,19,6,5,0.6667,0,0.375,8.2,19,0,0,0.2,0.2
4504443,1985,9202,1983,"DK","",63535,3,7,422,1,19,6,7,1,0.6939,0.2778,5.4286,6.8333,0.4,0.3333,0.1429,0.1429
4504458,1985,9202,1983,"DK","",552455,3,4,423,1,19,7,3,0.5714,0.4444,0.375,7.3333,21.8571,0,0,0,0
4504529,1985,9202,1982,"DK","",40735,3,12,427,1,12,14,7,0.7143,0.6122,0.54,8.5714,16.4286,0,0,0,0
4505004,1985,9209,1983,"DK","",357955,3,6,452,6,61,4,1,1,0,0.375,6,13.75,0,0,0,0
4505109,1985,9209,1982,"DK","",134690,3,4,60,4,45,8,2,0.75,0.5,0.6111,12.5,18.125,0,0,0,0
4505110,1985,9209,1982,"DK","",134690,3,4,60,4,45,3,1,1,0,0.6667,13,4.3333,1,1,0,0
4505121,1985,9209,1984,"DK","",77275,3,7,62,6,69,7,4,0.2857,0.375,0.5,5,36,0,0,0,0
4505533,1985,9209,1983,"DK","",134690,3,4,439,4,41,7,1,1,0,0,5,11.1429,0.3333,0.1429,0,0
4506479,1985,9216,1983,"DK","",,1,5,52,6,69,4,1,0,0,,5,80,,,,
4506771,1985,9216,1982,"DK","",134690,3,7,192,5,53,8,1,0.75,0,0.5,7,15.375,0,0,0,0
4507313,1985,9216,1983,"DK","",39990,3,16,514,3,31,1,20,1,0.095,0,8.35,2,0,0,0.3158,0.3
4507583,1985,9216,1984,"DK","",233890,3,14,310,4,45,11,7,0.2727,0.6939,0.4444,3.2857,27.1818,0,0,0,0
4507821,1985,9223,1982,"DK","",552445,3,2,16,5,59,5,3,0.8,0.6667,0.625,5,17.4,0,0,0,0
4508262,1985,9223,1983,"DK","",134690,3,12,236,6,69,3,4,0.6667,0,0.5,10,21.6667,1,0.6667,0.25,0.25
4508263,1985,9223,1983,"DK","",134690,3,13,236,6,69,7,5,0.5714,0.32,0.625,8.2,29.8571,0,0,0.2,0.2
4508595,1985,9223,1983,"DK","",,1,2,162,1,19,2,78,0.5,0.7022,0,11.4615,49.5,,,,
4509306,1985,9230,1983,"DK","",184880,3,8,52,6,69,5,2,1,0,0.72,2.5,6.2,0,0,0,0
4509822,1985,9230,1983,"DK","",496005,3,6,359,5,54,7,12,0.7143,0.4028,0,6.8333,12,0,0,0,0
4510163,1985,9230,1982,"DK","",397085,3,6,426,6,61,5,5,1,0,0.32,9.4,11,0,0,0.25,0.2
4510733,1985,9237,1981,"DK","",74365,3,9,53,6,68,8,9,0.75,0,0,10.1111,14.625,0,0,0,0
4510979,1985,9237,1983,"DK","",,1,7,141,5,51,4,7,0.75,0.5714,0,8.1429,11.5,,,,
4511462,1985,9237,1982,"DK","",202035,2,8,209,5,51,5,1,0,0,,16,66.6,0,0,0,0
4511512,1985,9237,1980,"DK","",709942,3,1,540,1,14,6,1,1,0,0.6111,4,4.1667,0,0,0,0
4511674,1985,9237,1982,"DK","",238050,3,2,518,1,19,6,5,0.8333,0,0.56,4.8,10,0,0,0,0
4512458,1985,9244,1982,"DK","",202035,3,2,222,1,19,3,0,1,,0.6667,,10,0,0,,
4512692,1985,9244,1982,"DK","",158110,3,9,408,5,51,6,13,0.1667,0.6627,0,7.8462,33.8333,0,0,0,0
4512809,1985,9244,1984,"DK","",271205,3,7,106,1,12,4,7,0.75,0.7347,0.6667,6.4286,21.75,0,0,0,0
4513861,1985,9251,1982,"DK","",,1,12,206,6,68,8,6,1,0.6667,0.625,10.6667,8.875,,,,
4513920,1985,9251,1982,"DK","",581135,3,12,242,5,51,7,0,0.5714,,0,,16.4286,0.3333,0.1429,,
4513956,1985,9251,1983,"DK","",413935,3,14,271,5,51,3,3,1,0.4444,0,10.6667,10,0,0,0,0
4514678,1985,9251,1984,"DK","",134690,3,14,318,4,45,11,0,1,,0.6777,,4.9091,0.0909,0.0909,,
4514793,1985,9251,1983,"DK","",,1,4,362,4,42,10,12,0.1,0.1528,0,8.4167,35.8,,,,
4514876,1985,9258,1981,"DK","",,1,4,16,5,59,7,5,0.8571,0.48,0.5,11.6,17.1429,,,,
4515277,1985,9258,1983,"DK","",,1,4,211,6,65,5,4,0,0.625,,4.5,40,,,,
4515555,1985,9258,1983,"DK","",134690,3,31,431,6,66,4,1,0.75,0,0.4444,2,13.5,0,0,1,1
4515861,1985,9258,1982,"DK","",15790,3,6,428,6,69,6,5,0.8333,0.8,0.64,7.2,10.3333,0,0,0,0
4516369,1985,9265,1984,"DK","",,1,5,49,5,59,8,0,0.5,,0.625,,26.125,,,,
4516915,1985,9265,1983,"DK","",233890,3,1,417,5,53,1,5,1,0.56,0,8.2,8,1,1,0.25,0.2
4517783,1985,9272,1982,"DK","",15865,3,6,52,6,69,7,0,0.5714,,0,,33.1429,0,0,,
4518147,1985,9272,1983,"DK","",134690,3,6,251,5,53,3,13,1,0.6627,0.4444,11.3846,14.6667,0,0,0.0769,0.0769
4518318,1985,9272,1983,"DK","",233890,3,3,417,5,53,4,6,1,0.8333,0.375,9.5,5.5,0,0,0,0
4518452,1985,9272,1982,"DK","",,1,2,156,1,19,11,5,0.3636,0.64,0.5,10.2,36.8182,,,,
4518566,1985,9272,1983,"DK","",,1,3,422,1,19,7,4,0.8571,0.375,0.7222,2.25,17.4286,,,,
4518738,1985,9272,1982,"DK","",397035,3,3,524,1,15,3,2,1,0.5,0.6667,9.5,5.6667,0,0,0,0
4518955,1985,9272,1982,"DK","",,1,9,340,2,21,4,17,1,0.7474,0.75,9.4706,11.25,,,,
4519144,1985,9279,1983,"DK","",,1,11,33,6,69,5,6,0.2,0,0,5.1667,35.2,,,,
4519402,1985,9279,1983,"DK","",721306,3,8,600,3,32,15,8,1,0.4063,0,4.125,4.9333,0.125,0.0667,0,0
4519496,1985,9279,1982,"DK","",17920,3,7,198,5,59,6,7,0.8333,0.8163,0.64,10.5714,11.6667,0,0,0,0
4519808,1985,9279,1982,"DK","",,1,5,44,1,19,4,2,1,0,0,8.5,14.25,,,,
4519934,1985,9279,1983,"DK","",410070,3,8,510,1,19,7,8,1,0.4688,0.2449,8.875,6.8571,0,0,0,0
4520216,1985,9279,1984,"DK","",238050,3,3,585,1,19,6,5,1,0.72,0.2778,5.6,6,0,0,0.3333,0.2
4520943,1985,9286,1984,"DK","",,1,6,220,6,68,2,25,1,0.544,0,7,4.5,,,,
4521676,1985,9286,1982,"DK","",10675,2,28,235,5,59,16,4,0.4375,0.5,0.7347,9.25,28,0,0,0,0
4523739,1985,9300,1984,"DK","",134690,3,9,251,5,53,4,2,0.75,0,0,6,16.75,0,0,0,0
4523840,1985,9300,1983,"DK","",413935,3,8,355,5,54,5,1,0.6,0,0.4444,9,27.2,0,0,0,0
4523893,1985,9300,1983,"DK","",,1,16,417,5,53,3,2,0,0,,9,55.3333,,,,
4524775,1985,9307,1983,"DK","",,1,10,600,3,32,13,9,1,0.4444,0.2722,7.3333,7.6154,,,,
4524806,1985,9307,1984,"DK","",134690,3,9,137,6,69,5,7,0.4,0.4898,0,8.2857,30,0,0,0,0
4525271,1985,9307,1984,"DK","",134315,3,6,209,5,51,4,0,0.25,,0,,37,0,0,,
4525360,1985,9307,1983,"DK","",308755,3,12,514,3,31,2,4,1,0,0,10.25,14.5,0,0,0,0
4525769,1985,9307,1984,"DK","",134690,3,11,361,4,45,5,9,1,0.642,0.56,7.3333,7.2,0,0,0,0
4525961,1985,9314,1984,"DK","",572415,3,5,52,6,69,6,6,0.5,0.2778,0,8.8333,16.1667,0,0,0,0
4526321,1985,9314,1983,"DK","",221820,3,15,239,5,59,4,3,0.75,0,0.4444,7.3333,16,0,0,0,0
4526481,1985,9314,1981,"DK","",171180,3,4,374,4,43,15,2,1,0.5,0.8533,8.5,9.8,0,0,0,0
4527299,1985,9321,1983,"DK","",15785,3,4,470,5,59,3,0,0.3333,,0,,34.3333,0,0,,
4527304,1985,9321,1983,"DK","",,1,11,452,6,61,2,1,1,0,0,13,8,,,,
4527595,1985,9321,1983,"DK","",134690,3,15,138,6,67,4,4,0.5,0.625,0,6.25,26.75,0,0,0,0
4528694,1985,9321,1984,"DK","",228425,3,8,383,6,68,10,3,0.5,0.4444,0.32,6,30.5,0,0,0,0
4529100,1985,9328,1984,"DK","",40110,3,26,220,6,68,2,15,1,0.4356,0,8.0667,9.5,1,0.5,0,0
4529166,1985,9328,1984,"DK","",134690,3,6,251,5,53,5,6,0.6,0.6667,0,6.8333,20.2,0.5,0.2,0,0
4529477,1985,9328,1983,"DK","",318385,2,9,216,1,19,2,13,1,0.8047,0,7.3077,3,0,0,0,0
4529579,1985,9328,1984,"DK","",202035,2,19,423,1,19,8,3,0.875,0,0.6939,5,12.875,0.4,0.25,0,0
4530243,1985,9335,1983,"DK","",14405,3,7,73,4,43,6,2,0.8333,0.5,0.32,7,13.1667,0,0,0,0
4531342,1985,9342,1982,"DK","",631555,3,11,53,6,68,10,4,0.6,0.75,0,10.5,19.3,0,0,0,0
4532627,1985,9342,1983,"DK","",103175,3,5,370,2,21,1,2,1,0.5,0,4.5,11,0,0,0,0
4532764,1985,9349,1983,"DK","",134690,3,2,60,4,45,5,0,1,,0.56,,7,0.6,0.6,,
4533303,1985,9349,1983,"DK","",134690,3,11,418,5,53,3,5,1,0.56,0.4444,5.2,4,0.3333,0.3333,0.3333,0.2
4534612,1985,9356,1983,"DK","",40625,3,8,439,4,41,3,2,1,0,0,7.5,2.3333,0,0,0.5,0.5
4534800,1985,9356,1983,"DK","",15830,3,6,127,1,11,5,1,0.6,0,0,13,17.8,0,0,0,0
4535280,1985,9356,1984,"DK","",134690,3,10,318,4,45,5,0,1,,0,,7.6,0,0,,
4535590,1985,9363,1984,"DK","",134690,3,15,60,4,45,4,2,0.5,0,0.5,6,28.5,0,0,0,0
4535605,1985,9363,1984,"DK","",77275,3,5,62,6,69,8,1,0.875,0,0.5714,13,16.25,0.2,0.125,0,0
4535678,1985,9363,1982,"DK","",134690,3,3,91,5,53,5,3,1,0.6667,0.56,6.3333,8.6,0.5,0.4,0,0
4535806,1985,9363,1983,"DK","",,1,9,137,6,69,4,1,0.5,0,0,14,26,,,,
4536253,1985,9363,1982,"DK","",309780,3,12,162,1,19,4,7,1,0.6122,0.5,9.2857,10.25,0,0,0,0
4536485,1985,9363,1985,"DK","",238050,3,13,502,1,19,3,10,1,0.68,0.4444,5.7,15.6667,0,0,0,0
4537191,1985,9370,1983,"DK","",729186,3,7,128,3,32,5,1,0.8,0,0.75,11,10.6,0,0,0,0
4537544,1985,9370,1983,"DK","",,1,4,412,6,69,3,3,1,0.4444,0.4444,9,6,,,,
4538364,1985,9377,1983,"DK","",,1,9,34,1,19,7,3,0.4286,0.6667,0.6667,6.6667,34.7143,,,,
4538717,1985,9377,1983,"DK","",134690,3,10,477,5,53,11,3,0.7273,0,0.4063,11,16,0,0,0,0
4538785,1985,9377,1983,"DK","",39665,3,3,248,6,69,4,1,0.5,0,0,3,37.25,0,0,0,0
4538988,1985,9377,1983,"DK","",,1,6,433,3,39,12,1,1,0,0.1528,5,11.75,,,,
4539971,1985,9384,1983,"DK","",23340,3,3,125,5,51,6,0,0.1667,,0,,30.8333,0,0,,
4539994,1985,9384,1983,"DK","",721306,3,28,600,3,32,3,4,1,0.625,0.4444,5.5,7,0.5,0.3333,0.25,0.25
4540036,1985,9384,1983,"DK","",135040,3,9,164,5,52,1,3,1,0.4444,0,7.6667,12,1,1,0.3333,0.3333
4540085,1985,9384,1982,"DK","",202035,2,13,198,5,59,5,0,0.2,,0,,75.2,0,0,,
4540396,1985,9384,1983,"DK","",54820,3,12,493,5,51,1,1,0,0,,13,24,0,0,0,0
4540714,1985,9384,1982,"DK","",238050,3,4,518,1,19,4,2,1,0.5,0.375,5.5,7,0,0,0,0
4541149,1985,9391,1984,"DK","",532240,3,10,24,6,63,4,3,0,0,,6.6667,46,0,0,0.5,0.3333
4541228,1985,9391,1984,"DK","",,1,4,53,6,68,4,11,0.75,0.4463,0.6667,7.4545,15.75,,,,
4541464,1985,9391,1983,"DK","",320335,3,6,141,5,51,5,6,0.6,0.5,0,9,36.6,0,0,0,0
4541476,1985,9391,1984,"DK","",135040,3,3,164,5,52,3,1,0.6667,0,0,1,14.3333,1,0.3333,1,1
4541751,1985,9391,1981,"DK","",,1,13,405,6,64,4,2,0.75,0,0,9,25.75,,,,
4542046,1985,9391,1982,"DK","",,1,6,427,1,12,5,1,0,0,,3,73.8,,,,
4543333,1985,9398,1984,"DK","",410070,3,6,435,3,33,8,9,0.75,0.4444,0.5,9.2222,14.5,0,0,0,0
4544059,1985,9405,1983,"DK","",139420,3,13,198,5,59,7,5,0.7143,0.64,0.32,5.2,16,0,0,0,0
4544455,1985,9405,1983,"DK","",721306,3,6,205,1,19,6,5,1,0.32,0.6667,4.6,9.8333,0.5,0.5,0,0
4545259,1985,9412,1983,"DK","",134690,3,13,73,4,43,4,0,1,,0,,7,0.25,0.25,,
4545491,1985,9412,1983,"DK","",,5,5,215,6,68,7,11,0,0.7769,,6.7273,45.8571,,,,
4545539,1985,9412,1984,"DK","",,1,14,241,5,51,7,5,0.7143,0.32,0,8.8,24.2857,,,,
4546085,1985,9412,1982,"DK","",40825,3,2,435,3,33,4,9,1,0.6563,0,10.875,10.25,0,0,0,0
4546615,1985,9419,1983,"DK","",77275,3,5,62,6,69,5,9,0.6,0.4938,0.4444,9.1111,20.2,0,0,0,0
4547825,1985,9419,1984,"DK","",134690,3,4,361,4,45,2,0,0.5,,0,,21.5,0,0,,
4547842,1985,9419,1983,"DK","",134690,3,8,363,4,45,5,1,1,0,0.56,11,6.2,0.2,0.2,0,0
4548035,1985,9426,1982,"DK","",134690,3,6,60,4,45,3,2,1,0,0.6667,7.5,2.3333,0.5,0.3333,0,0
4548239,1985,9426,1984,"DK","",134690,3,3,137,6,69,7,10,1,0.76,0.449,8.6,11.5714,0.1429,0.1429,0.125,0.1
4548364,1985,9426,1983,"DK","",581135,3,17,242,5,51,6,1,0.8333,0,0,2,13.5,0,0,0,0
4548487,1985,9426,1983,"DK","",,1,13,353,5,54,6,3,1,0,0.5,5,15.6667,,,,
4548573,1985,9426,1983,"DK","",415365,3,11,425,5,51,5,7,0.6,0.6939,0.6667,7.5714,27.2,0,0,0,0
4548839,1985,9426,1984,"DK","",,1,5,427,1,12,2,1,0.5,0,0,6,20.5,,,,
4549487,1985,9433,1983,"DK","",445550,2,14,102,1,19,9,9,0.5556,0.1975,0.32,5.5556,23.3333,0,0,0,0
4549600,1985,9433,1983,"DK","",135040,3,6,164,5,52,1,5,1,0.32,0,5.6,9,1,1,0,0
4549849,1985,9433,1983,"DK","",233890,3,6,415,5,53,5,5,0.8,0.32,0,8,14,0,0,0,0
4549963,1985,9433,1983,"DK","",93185,3,2,210,1,19,8,2,0.75,0,0,9,21.75,0,0,0,0
4550085,1985,9433,1981,"DK","",,1,6,436,1,19,4,2,1,0.5,0.375,7.5,6,,,,
4550227,1985,9433,1984,"DK","",580370,3,9,381,4,49,2,5,1,0.32,0,4.2,7,0,0,0,0
4550746,1985,9440,1984,"DK","",320335,3,1,137,6,69,2,4,0.5,0.625,0,5.25,16.5,0,0,0.6667,0.5
4551584,1985,9440,1984,"DK","",52565,3,4,381,4,49,2,4,0.5,0.375,0,6,30.5,0,0,0,0
4552567,1985,9447,1984,"DK","",,1,4,44,1,19,2,1,0,0,,3,63,,,,
4554160,1985,9454,1975,"DK","",343245,3,1,424,3,31,0,0,,,,,,,,,
4554791,1985,9461,1983,"DK","",134690,3,11,62,6,69,5,2,0.4,0,0,8,20.6,0,0,0,0
4555010,1985,9461,1983,"DK","",287515,3,8,198,5,59,4,5,0.5,0.32,0,8.2,24.75,0,0,0,0
4555388,1985,9461,1983,"DK","",202035,3,6,423,1,19,3,1,1,0,0.4444,2,6.3333,0.5,0.3333,1,1
4555390,1985,9461,1983,"DK","",202035,3,10,423,1,19,2,8,1,0.5313,0.5,8.75,4.5,0,0,0,0
4556091,1985,9468,1982,"DK","",10675,2,12,141,5,51,6,4,0.3333,0,0,6.5,26.6667,0,0,0,0
4557338,1985,9475,1983,"DK","",134690,3,5,173,5,51,8,0,0.5,,0,,21.625,0.75,0.375,,
4557676,1985,9475,1983,"DK","",134690,3,5,418,5,53,5,2,1,0.5,0.32,5.5,7,0.25,0.2,0.5,0.5
4557688,1985,9475,1983,"DK","",202035,3,14,432,6,66,5,4,1,0,0.48,5.25,8.2,0,0,0.5,0.5
4557932,1985,9475,1982,"DK","",709942,3,9,424,3,31,3,1,1,0,0.6667,5,6,0.3333,0.3333,0,0
4558759,1985,9482,1983,"DK","",134690,3,10,180,5,55,7,15,0.5714,0.3467,0.625,7.7333,30,0,0,0.1333,0.1333
4558824,1985,9482,1984,"DK","",322245,3,1,239,5,59,4,0,0.75,,0.4444,,14.25,0,0,,
4558945,1985,9482,1984,"DK","",247030,3,6,355,5,54,6,0,1,,0.2778,,9.1667,0,0,,
4559231,1985,9482,1983,"DK","",430245,3,16,426,6,61,6,2,1,0,0.2778,9.5,7,0,0,0,0
4559413,1985,9482,1984,"DK","",40625,3,2,174,4,41,4,0,0,,,,32,0,0,,
4560543,1985,9489,1984,"DK","",40755,3,19,423,1,19,10,2,1,0,0,5.5,4.5,0.1,0.1,0.5,0.5
4560651,1985,9489,1982,"DK","",410070,3,12,435,3,33,2,17,1,0.5813,0,9.1765,6.5,0,0,0.0588,0.0588
4561264,1985,9496,1984,"DK","",134690,3,7,62,6,69,4,3,1,0.6667,0.625,3.6667,7.75,0,0,0,0
4561345,1985,9496,1984,"DK","",134690,3,1,91,5,53,5,2,0.6,0.5,0.6667,9.5,16.2,0,0,0,0
4561420,1985,9496,1981,"DK","",134245,3,12,126,6,66,13,2,0.3846,0.5,0.48,8,44.0769,0,0,0,0
4561504,1985,9496,1984,"DK","",319035,3,2,172,6,64,6,2,0.6667,0,0.375,9.5,28.3333,0,0,0,0
4561720,1985,9496,1984,"DK","",496005,3,9,359,5,54,3,6,1,0.2778,0,3.3333,1.3333,0,0,0.1667,0.1667
4561842,1985,9496,1983,"DK","",202035,3,6,432,6,66,7,4,1,0.375,0,4.75,5.8571,0.1429,0.1429,0.3333,0.25
4562053,1985,9496,1982,"DK","",142895,3,6,423,1,19,8,5,1,0.32,0.5313,10,8.5,0,0,0,0
4562054,1985,9496,1984,"DK","",202035,3,23,423,1,19,2,5,1,0.32,0.5,6.6,6,0,0,0,0
4563428,1986,9503,1983,"DK","",517970,3,16,436,1,19,5,3,1,0.6667,0.48,11,7,0.2,0.2,0,0
4563769,1986,9503,1982,"DK","",30030,3,4,378,4,44,7,9,0.5714,0.1975,0,10.5556,20.4286,0,0,0,0
4563941,1986,9510,1984,"DK","",134690,3,1,92,5,53,5,3,1,0.6667,0.64,7.3333,10.2,0,0,0,0
4564769,1986,9510,1983,"DK","",134690,3,2,327,4,41,6,8,1,0.5938,0,7.25,8.1667,0,0,0,0
4564900,1986,9510,1984,"DK","",103175,3,30,709,2,22,62,52,1,0.7685,0.6368,6.0769,8.9355,0,0,0,0
4564955,1986,9510,1983,"DK","",134515,3,6,381,4,49,3,3,1,0.4444,0.4444,6,11,0.3333,0.3333,0,0
4565321,1986,9517,1983,"DK","",,1,10,239,5,59,8,2,0.75,0.5,0.4444,8,20.125,,,,
4565348,1986,9517,1983,"DK","",371820,3,12,249,6,69,12,39,1,0.7416,0.6111,11.1795,10.8333,0,0,0,0
4566272,1986,9524,1983,"DK","",134690,3,8,60,4,45,7,4,1,0.375,0.6939,11.5,8.2857,0.3333,0.2857,0,0
4567080,1986,9524,1985,"DK","",611105,3,8,428,6,69,2,2,1,0.5,0.5,5.5,15.5,0,0,0,0
4567262,1986,9524,1983,"DK","",54310,3,5,544,1,14,2,5,0,0.56,,4.4,36,0,0,0.8,0.8
4568087,1986,9531,1980,"DK","",,1,13,273,6,62,6,8,0.8333,0.5625,0.32,13.875,19.5,,,,
4569582,1986,9538,1984,"DK","",367370,3,8,399,5,54,11,11,1,0.5289,0.314,6.1818,6.6364,0,0,0,0
4570832,1986,9545,1984,"DK","",380450,3,4,222,1,19,4,12,0.75,0.5278,0,8.3333,21,0,0,0,0
4571424,1986,9545,1984,"DK","",39990,3,10,546,1,14,0,2,,0,,6,,,,0.5,0.5
4572384,1986,9552,1985,"DK","",110775,2,6,215,6,68,0,1,,0,,9,,,,0,0
4572399,1986,9552,1984,"DK","",,1,16,220,6,68,3,2,1,0,0.4444,12,7.3333,,,,
4572664,1986,9552,1983,"DK","",205020,3,21,356,4,43,1,3,1,0.4444,0,8,16,0,0,0,0
4572703,1986,9552,1984,"DK","",552955,3,4,404,6,69,1,2,1,0.5,0,7.5,3,0,0,0,0
4572739,1986,9552,1984,"DK","",,1,8,106,1,12,4,3,0.75,0.6667,0.6667,8.6667,18.5,,,,
4572833,1986,9552,1983,"DK","",39440,3,20,424,3,31,12,47,0.9167,0.3422,0.6116,8.4783,7,0.0909,0.0833,0.0222,0.0213
4572897,1986,9552,1983,"DK","",410070,3,17,435,3,33,4,19,1,0.3657,0,5.9474,6.75,0.5,0.5,0,0
4572969,1986,9552,1983,"DK","",134690,3,1,327,4,41,6,1,1,0,0,2,9.6667,0,0,0,0
4573874,1986,9559,1984,"DK","",406800,3,4,416,1,19,4,1,1,0,0,6,8.75,0.25,0.25,0,0
4573881,1986,9559,1985,"DK","",134690,3,10,417,5,53,9,10,0.8889,0.32,0,5.1,11.4444,0.1429,0.1111,0,0
4574080,1986,9559,1983,"DK","",39440,3,29,424,3,31,9,14,1,0.2551,0.5926,6.4286,5.8889,0,0,0,0
4574341,1986,9559,1983,"DK","",134690,3,3,363,4,45,3,2,1,0,0.4444,4.5,6.3333,0.3333,0.3333,0.5,0.5
4574601,1986,9566,1984,"DK","",92640,3,11,70,6,65,4,4,1,0.375,0.625,6.75,8.5,0,0,0,0
4574831,1986,9566,1983,"DK","",134690,3,5,137,6,69,2,0,0,,,,41,0,0,,
4575238,1986,9566,1983,"DK","",148825,3,1,356,4,43,2,5,1,0.32,0,5.6,2.5,0,0,0,0
4575321,1986,9566,1985,"DK","",134690,3,2,418,5,53,5,2,1,0,0.56,4,8.2,0.2,0.2,0,0
4575586,1986,9566,1984,"DK","",580370,3,5,73,4,43,4,5,1,0,0.375,4.2,7.25,0,0,0.25,0.2
4575596,1986,9566,1984,"DK","",134690,3,5,200,4,41,4,1,1,0,0,3,15.75,0,0,0,0
4576215,1986,9573,1982,"DK","",135040,3,8,164,5,52,3,1,1,0,0,16,10.3333,0,0,0,0
4576332,1986,9573,1985,"DK","",134690,3,4,237,6,66,0,1,,0,,7,,,,0,0
4576514,1986,9573,1982,"DK","",,1,3,405,6,64,3,1,1,0,0.4444,3,17.6667,,,,
4576595,1986,9573,1984,"DK","",721306,3,15,604,3,32,9,13,0.5556,0.7101,0.72,5.8462,25.5556,0,0,0,0
4576961,1986,9573,1983,"DK","",,1,8,514,3,31,1,2,1,0.5,0,6.5,21,,,,
4577553,1986,9580,1984,"DK","",343625,3,2,100,5,59,7,0,0.8571,,0,,18.8571,0,0,,
4578184,1986,9580,1983,"DK","",15895,3,11,209,5,51,10,11,1,0.7107,0.74,8,11.9,0,0,0,0
4578670,1986,9580,1983,"DK","",,1,11,340,2,21,3,1,1,0,0.4444,6,13.6667,,,,
4579505,1986,9587,1984,"DK","",,1,3,414,5,51,6,4,0.3333,0,0.5,6,42.3333,,,,
4579510,1986,9587,1984,"DK","",406800,3,4,416,1,19,5,1,0.4,0,0,6,22.2,0,0,0,0
4579658,1986,9587,1983,"DK","",,1,15,210,1,19,5,5,0.8,0.72,0.75,8.8,17,,,,
4579820,1986,9587,1983,"DK","",139420,3,18,435,3,33,2,0,1,,0,,12,1,0.5,,
4580055,1986,9587,1984,"DK","",218550,2,19,250,4,44,3,2,1,0,0.4444,7.5,2.6667,0,0,0,0
4580369,1986,9594,1983,"DK","",,1,11,451,5,51,10,0,0,,,,62.5,,,,
4580373,1986,9594,1984,"DK","",15865,3,19,52,6,69,6,2,0.6667,0,0,2.5,16,0,0,0,0
4580375,1986,9594,1984,"DK","",,1,5,52,6,69,9,5,0.5556,0,0.64,7.6,37.4444,,,,
4580490,1986,9594,1984,"DK","",430245,3,9,99,6,61,2,2,1,0.5,0.5,7,8,0.5,0.5,0,0
4580530,1986,9594,1984,"DK","",,1,15,122,6,66,3,0,1,,0.6667,,6.6667,,,,
4580562,1986,9594,1984,"DK","",,1,6,606,3,32,6,4,1,0,0,8.5,11,,,,
4580580,1986,9594,1981,"DK","",41250,3,5,131,6,61,5,2,1,0.5,0.32,13,10.8,0,0,0,0
4580961,1986,9594,1983,"DK","",366285,3,10,425,5,51,12,3,0.5833,0.4444,0.6122,5.6667,27.5,0,0,0,0
4581273,1986,9594,1985,"DK","",107225,3,6,428,6,69,6,1,0.6667,0,0,7,18.3333,0.25,0.1667,0,0
4581763,1986,9594,1984,"DK","",111345,3,12,383,6,68,5,8,1,0.7188,0.72,9.75,8,0,0,0,0
4581778,1986,9601,1985,"DK","",200270,3,6,4,6,65,3,16,0.6667,0.6016,0.5,7.1875,32.3333,0,0,0,0
4581830,1986,9601,1984,"DK","",34090,3,10,34,1,19,4,1,0.5,0,0,7,23.5,0,0,0,0
4581896,1986,9601,1984,"DK","",17920,3,9,60,4,45,3,3,0.3333,0,0,3.3333,36,0,0,0,0
4582087,1986,9601,1985,"DK","",134690,3,5,137,6,69,2,0,1,,0,,2,1,1,,
4582092,1986,9601,1984,"DK","",,1,2,138,6,67,6,6,0.8333,0.6667,0.64,10.8333,10,,,,
4582100,1986,9601,1982,"DK","",10675,2,70,141,5,51,16,15,0.375,0.1244,0.7222,9.8,33,0,0,0,0
4582260,1986,9601,1983,"DK","",202035,3,2,241,5,51,4,2,0.5,0,0,5,22.5,0,0,0.5,0.5
4582961,1986,9601,1982,"DK","",15805,3,14,381,4,49,6,1,0.8333,0,0.32,5,13.3333,0,0,0,0
4582994,1986,9601,1983,"DK","",218550,2,10,250,4,44,4,2,1,0.5,0.375,10.5,10.25,0,0,0.5,0.5
4585068,1986,9615,1984,"DK","",,1,19,168,6,69,8,4,0.125,0.375,0,6.25,75.75,,,,
4585089,1986,9615,1985,"DK","",580370,3,1,181,6,69,4,3,0.75,0,0.4444,1.6667,14.25,0,0,0,0
4585165,1986,9615,1985,"DK","",134690,3,9,237,6,66,1,5,1,0.72,0,7,1,0,0,0,0
4585208,1986,9615,1983,"DK","",134690,3,5,251,5,53,1,0,0,,,,25,0,0,,
4585777,1986,9615,1984,"DK","",39990,3,8,514,3,31,2,4,1,0.375,0,6,10,1,1,0.5,0.5
4586345,1986,9622,1985,"DK","",305930,3,4,62,6,69,3,3,1,0,0,3,7,0,0,0,0
4586464,1986,9622,1984,"DK","",,1,7,119,6,61,4,3,0.75,0.4444,0,5.6667,13.5,,,,
4586828,1986,9622,1985,"DK","",134690,3,8,374,4,43,9,4,0.8889,0.5,0.7813,6,12.8889,0,0,0,0
4587073,1986,9622,1984,"DK","",444270,3,12,264,5,51,2,6,1,0.6667,0,9,12.5,0,0,0,0
4588443,1986,9629,1981,"DK","",15790,3,61,106,1,12,6,81,0.8333,0.7645,0.32,13.1605,13.5,0,0,0,0
4589316,1986,9636,1985,"DK","",107220,3,4,83,5,51,13,0,0.8462,,0.6942,,16.0769,0,0,,
4589334,1986,9636,1983,"DK","",200275,3,6,99,6,61,1,0,1,,0,,3,0,0,,
4589643,1986,9636,1984,"DK","",303920,3,1,220,6,68,4,3,0.75,0.4444,0,9.3333,22.75,0,0,0,0
4589702,1986,9636,1984,"DK","",279465,3,5,301,5,55,11,10,0.8182,0.48,0.5926,10.6,16.7273,0.1667,0.0909,0,0
4589825,1986,9636,1984,"DK","",316965,3,2,417,5,53,4,7,0,0.5714,,8.7143,37.5,0,0,0,0
4589887,1986,9636,1985,"DK","",322170,3,9,44,1,19,4,5,0.5,0.32,0.5,7,22.75,0.5,0.25,0,0
4590571,1986,9636,1984,"DK","",,1,10,705,2,22,9,2,1,0.5,0.716,6,8.7778,,,,
4591445,1986,9643,1984,"DK","",399680,3,9,210,1,19,5,2,1,0.5,0.32,6,5.6,0,0,0,0
4591565,1986,9643,1982,"DK","",410070,3,1,435,3,33,2,8,1,0,0.5,7.5,4,0.5,0.5,0,0
4592709,1986,9650,1984,"DK","",77275,3,7,425,5,51,7,1,0.7143,0,0.56,3,20,0,0,0,0
4592745,1986,9650,1984,"DK","",410070,3,10,604,3,32,4,52,1,0.0377,0.625,8.5769,14.25,0,0,0,0
4592900,1986,9650,1985,"DK","",202035,3,8,423,1,19,3,1,1,0,0,4,4.6667,0.3333,0.3333,0,0
4593036,1986,9650,1984,"DK","",39990,3,8,514,3,31,2,2,1,0,0,4.5,10,1,1,1,1
4593054,1986,9650,1985,"DK","",55665,3,6,523,1,15,7,16,0.7143,0.8125,0.64,7,18.4286,0,0,0.2,0.1875
4593629,1986,9657,1984,"DK","",357085,3,3,110,6,66,3,5,0.3333,0.32,0,6.2,54.6667,0,0,0,0
4594867,1986,9664,1983,"DK","",357060,3,5,72,5,52,7,0,0.5714,,0,,31.5714,0,0,,
4595173,1986,9664,1984,"DK","",,1,5,254,5,59,5,1,0.6,0,0,6,26.6,,,,
4595576,1986,9664,1982,"DK","",40755,3,10,423,1,19,6,4,1,0.625,0.2778,7.25,8.5,0.2,0.1667,0.3333,0.25
4596160,1986,9671,1984,"DK","",4085,3,14,74,5,59,9,2,0.1111,0,0,10.5,54.5556,0,0,0,0
4596808,1986,9671,1983,"DK","",496855,3,26,514,3,31,1,16,1,0.7266,0,9.4375,3,0,0,0.375,0.375
4597298,1986,9678,1984,"DK","",63535,3,5,73,4,43,14,2,1,0,0.6531,6,10.5714,0.25,0.2143,0.5,0.5
4597515,1986,9678,1985,"DK","",415435,3,8,223,6,63,7,0,0.8571,,0,,19.8571,0,0,,
4597725,1986,9678,1985,"DK","",134690,3,8,418,5,53,7,1,0.8571,0,0.2778,11,26.4286,0.5,0.2857,0,0
4597817,1986,9678,1984,"DK","",15865,3,11,156,1,19,3,8,0,0.75,,6.75,30.6667,0,0,0,0
4598048,1986,9678,1984,"DK","",410070,3,14,435,3,33,2,2,1,0,0,5,1.5,0,0,0,0
4598065,1986,9678,1981,"DK","",410070,3,4,514,3,31,4,6,1,0.5,0,11.6667,11,0,0,0.3333,0.1667
4598845,1986,9685,1984,"DK","",,1,5,222,1,19,4,2,0.75,0,0,7.5,20,,,,
4598873,1986,9685,1983,"DK","",202035,3,4,241,5,51,6,3,0.8333,0.4444,0.32,8.3333,12.3333,0,0,0,0
4600303,1986,9692,1984,"DK","",15895,3,8,356,4,43,3,4,1,0.625,0.6667,6.5,7.3333,0,0,0,0
4600577,1986,9692,1984,"DK","",709942,3,4,424,3,31,2,6,1,0.2778,0.5,4.1667,6,0.5,0.5,0,0
4601179,1986,9699,1985,"DK","",134690,3,11,62,6,69,4,3,0.5,0.6667,0,5.3333,21.75,0,0,0,0
4601979,1986,9699,1983,"DK","",406785,3,17,435,3,33,5,0,1,,0.32,,8.6,0,0,,
4602136,1986,9699,1985,"DK","",15880,3,5,200,4,41,4,0,0,,,,28.5,0,0,,
4603562,1986,9713,1984,"DK","",40530,3,14,68,6,63,2,0,0,,,,31.5,0,0,,
4603906,1986,9713,1985,"DK","",,1,9,297,6,65,10,1,0.5,0,0.64,10,28.6,,,,
4604095,1986,9713,1983,"DK","",111345,3,4,604,3,32,6,2,0.8333,0,0.64,6.5,13,0,0,0,0
4604355,1986,9713,1984,"DK","",410070,3,5,435,3,33,2,3,1,0.4444,0,5.3333,10.5,0,0,0.3333,0.3333
4604970,1986,9720,1984,"DK","",,1,24,119,6,61,4,1,0.25,0,0,5,42.5,,,,
4605035,1986,9720,1984,"DK","",330630,3,11,137,6,69,5,9,1,0,0,9.1111,3.2,0,0,0,0
4605215,1986,9720,1984,"DK","",367370,3,2,271,5,51,6,11,1,0.4628,0.2778,6.5455,7.5,0,0,0,0
4605370,1986,9720,1984,"DK","",202035,3,9,432,6,66,5,0,0.8,,0.375,,10.6,0.3333,0.2,,
4606088,1986,9727,1984,"DK","",297130,3,8,5,6,65,8,9,0.875,0.3704,0.6939,8.1111,16.125,0,0,0,0
4606505,1986,9727,1984,"DK","",,1,8,241,5,51,3,2,0.6667,0,0,7,33.3333,,,,
4606671,1986,9727,1984,"DK","",134690,3,8,403,6,67,10,9,0.7,0.6667,0.2449,8.1111,18.5,0,0,0,0
4606909,1986,9727,1984,"DK","",39440,3,18,424,3,31,5,44,1,0.1694,0,6.0455,7.8,0.2,0.2,0,0
4607061,1986,9727,1984,"DK","",,1,11,521,1,15,3,4,0.6667,0.625,0.5,7.25,13.6667,,,,
4607171,1986,9727,1984,"DK","",134690,3,5,327,4,41,3,3,1,0.4444,0.4444,3.3333,6.3333,0,0,0,0
4607579,1986,9734,1983,"DK","",,1,8,109,6,69,6,5,0.3333,0.56,0.5,10.8,42.1667,,,,
4608378,1986,9734,1984,"DK","",253580,3,16,514,3,31,0,4,,0,,4,,,,0.25,0.25
4608499,1986,9734,1984,"DK","",514000,3,39,307,4,49,5,7,1,0.449,0.48,6.7143,4,0,0,0,0
4608989,1986,9741,1984,"DK","",364350,3,12,600,3,32,15,11,1,0.314,0.48,7.7273,7.2,0,0,0,0
4609130,1986,9741,1984,"DK","",444935,3,20,222,1,19,5,3,1,0,0,6.3333,7.6,0,0,0,0
4609284,1986,9741,1985,"DK","",247030,3,9,355,5,54,5,0,1,,0.32,,15.6,0,0,,
4610563,1986,9748,1984,"DK","",,1,7,403,6,67,6,3,0.8333,0,0.72,3.6667,17.1667,,,,
4610589,1986,9748,1984,"DK","",586375,3,5,411,5,59,16,3,0.25,0.4444,0,8.6667,48.1875,0,0,0,0
4610881,1986,9748,1982,"DK","",,1,7,424,3,31,4,10,0.5,0.58,0,11,19.75,,,,
4611432,1986,9755,1985,"DK","",613215,3,3,49,5,59,10,2,0.5,0,0,6,38.8,0,0,0.5,0.5
4611468,1986,9755,1985,"DK","",415365,3,3,62,6,69,2,4,0.5,0.375,0,7.5,30,0,0,0,0
4611786,1986,9755,1984,"DK","",134690,3,15,251,5,53,8,3,0.375,0.6667,0.4444,9.3333,29.875,0,0,0,0
4613085,1986,9762,1984,"DK","",,1,9,241,5,51,6,5,0.3333,0,0,8,38.8333,,,,
4613346,1986,9762,1985,"DK","",202035,3,11,95,1,13,5,4,1,0.375,0.64,7.75,3,0.2,0.2,0,0
4614121,1986,9769,1985,"DK","",134690,3,11,73,4,43,4,8,1,0,0,8.375,5.75,0,0,0,0
4614327,1986,9769,1985,"DK","",134690,3,2,251,5,53,3,8,0.3333,0.6563,0,7,37.3333,0,0,0,0
4614329,1986,9769,1984,"DK","",77290,3,6,251,5,53,12,0,0.5,,0,,31.5,0,0,,
4614591,1986,9769,1984,"DK","",538900,3,5,210,1,19,4,1,1,0,0.375,5,8.25,0,0,0,0
4614730,1986,9769,1984,"DK","",410070,3,2,514,3,31,7,5,1,0.72,0.6531,5.8,6,0,0,0,0
4615374,1986,9776,1984,"DK","",135040,3,6,164,5,52,3,3,0.6667,0.4444,0,4,30.6667,0,0,1,1
4616174,1986,9776,1984,"DK","",134705,3,4,324,4,43,2,11,1,0,0,5.9091,5,0,0,0,0
4617273,1986,9783,1984,"DK","",410070,3,5,435,3,33,0,4,,0.5,,5.5,,,,0,0
4617728,1986,9790,1984,"DK","",515605,3,8,29,5,52,14,4,1,0.75,0.7245,6.5,4.5714,0,0,0,0
4617955,1986,9790,1984,"DK","",69165,3,8,137,6,69,6,10,1,0.18,0,8,2.8333,0,0,0,0
4618993,1986,9790,1983,"DK","",132395,3,5,383,6,68,1,0,1,,0,,9,0,0,,
4619246,1986,9797,1985,"DK","",628950,3,48,128,3,32,7,57,0.8571,0.4389,0.4444,8.8246,14.7143,0,0,0.0612,0.0526
4619404,1986,9797,1985,"DK","",34195,3,3,239,5,59,4,1,1,0,0.375,9,7.5,0,0,0,0
4619526,1986,9797,1985,"DK","",180080,3,14,355,5,54,1,7,0,0.449,,5.7143,36,0,0,0,0
4619858,1986,9797,1984,"DK","",,1,13,428,6,69,4,5,1,0.56,0.5,7.4,8.25,,,,
4620446,1986,9804,1984,"DK","",78425,2,22,73,4,43,5,4,1,0.625,0.32,8,12.6,0,0,0,0
4620730,1986,9804,1985,"DK","",,1,5,285,6,67,4,0,0.25,,0,,36.75,,,,
4621068,1986,9804,1985,"DK","",40755,3,35,502,1,19,3,1,0.6667,0,0.5,2,14.3333,0,0,0,0
4622320,1986,9811,1986,"DK","",39990,3,6,514,3,31,3,3,1,0.4444,0.4444,1.3333,2.3333,0.3333,0.3333,0.3333,0.3333
4622321,1986,9811,1986,"DK","",39990,3,4,514,3,31,5,5,1,0.56,0.64,3.6,4,0.2,0.2,0.4,0.4
4622786,1986,9818,1985,"DK","",613210,3,1,52,6,69,7,0,0.5714,,0.375,,24.1429,0,0,,
4623619,1986,9818,1983,"DK","",406785,3,6,435,3,33,7,12,1,0.5,0.2449,5.5833,3.8571,0,0,0,0
4625550,1986,9832,1985,"DK","",,1,3,73,4,43,3,1,1,0,0.6667,5,12.3333,,,,
4625749,1986,9832,1985,"DK","",134690,3,4,137,6,69,2,6,1,0.6111,0.5,6.8333,4,0,0,0,0
4625776,1986,9832,1985,"DK","",631555,3,8,141,5,51,2,2,0.5,0,0,2,32,0,0,0,0
4625861,1986,9832,1985,"DK","",,1,6,206,6,68,4,6,0.5,0.5,0,6.3333,20.25,,,,
4626260,1986,9832,1985,"DK","",202035,3,13,95,1,13,6,4,1,0.75,0.6111,8.25,6,0.2,0.1667,0,0
4626261,1986,9832,1985,"DK","",202035,3,17,95,1,13,5,3,1,0.6667,0.56,8.6667,4.6,0,0,0,0
4626343,1986,9832,1985,"DK","",202035,3,4,209,5,51,10,4,0.4,0.375,0.375,7.25,33.1,0,0,0,0
4627506,1986,9839,1984,"DK","",74370,3,3,177,6,69,4,1,1,0,0,6,7,0,0,0,0
4627600,1986,9839,1985,"DK","",200270,3,6,254,5,59,0,0,,,,,,,,,
4627792,1986,9839,1985,"DK","",233890,3,10,417,5,53,8,3,0.375,0,0.4444,5,28.375,0,0,0,0
4628180,1986,9839,1984,"DK","",,1,4,219,4,49,1,4,0,0.375,,10.75,34,,,,
4628246,1986,9839,1982,"DK","",,1,4,322,4,45,5,1,0.8,0,0.375,7,12.2,,,,
4629216,1986,9846,1983,"DK","",264965,3,8,285,6,67,11,12,0.4545,0.7222,0.72,8.8333,32.0909,0,0,0,0
4630993,1986,9853,1985,"DK","",406800,3,9,415,5,53,5,7,0.6,0,0,7,18.8,0,0,0,0
4631010,1986,9853,1983,"DK","",134690,3,15,418,5,53,1,2,1,0.5,0,6.5,1,1,1,0,0
4631182,1986,9853,1985,"DK","",238050,3,10,423,1,19,8,5,0.75,0.56,0.7222,6.6,15.25,0,0,0,0
4631285,1986,9853,1985,"DK","",496855,3,12,514,3,31,2,2,1,0,0.5,3.5,11.5,1,0.5,0,0
4631413,1986,9853,1984,"DK","",139420,3,23,250,4,44,4,10,1,0.82,0.625,10.7,10.5,0.25,0.25,0,0
4631899,1986,9860,1984,"DK","",249195,3,1,53,6,68,5,3,0.8,0.4444,0,9,22.8,0,0,0,0
4632658,1986,9860,1985,"DK","",134690,3,15,431,6,66,3,0,0.3333,,0,,22.6667,0,0,,
4632732,1986,9860,1983,"DK","",721306,3,17,205,1,19,4,14,1,0.4592,0.375,5.9286,11,0,0,0.0714,0.0714
4632753,1986,9860,1985,"DK","",497675,3,5,210,1,19,0,1,,0,,9,,,,0,0
4633094,1986,9860,1985,"DK","",134690,3,6,307,4,49,8,1,1,0,0.6563,3,8.5,0.125,0.125,0,0
4633236,1986,9860,1985,"DK","",80130,3,7,340,2,21,6,6,0.5,0.4444,0.4444,5.3333,27.5,0,0,0,0
4634481,1987,9867,1984,"DK","",134690,3,8,156,1,19,3,0,1,,0.4444,,7.6667,0,0,,
4634833,1987,9867,1985,"DK","",,1,3,219,4,49,4,0,1,,0,,13.5,,,,
4635041,1987,9867,1984,"DK","",641725,3,6,340,2,21,6,4,1,0,0.2778,8.75,9.5,0,0,0,0
4635486,1987,9874,1985,"DK","",134690,3,8,73,4,43,2,5,1,0,0,7.2,13,0,0,0,0
4635785,1987,9874,1985,"DK","",320330,3,4,198,5,59,3,19,1,0.5319,0,6.3684,9,0.3333,0.3333,0.0588,0.0526
4635816,1987,9874,1985,"DK","",631555,3,5,221,5,51,9,0,0.7778,,0.2449,,20,0,0,,
4636035,1987,9874,1985,"DK","",496005,3,9,359,5,54,4,10,1,0.56,0,5.9,3.5,0.25,0.25,0,0
4636302,1987,9874,1985,"DK","",202035,3,5,209,5,51,5,0,0.6,,0,,17.2,0,0,,
4636345,1987,9874,1984,"DK","",135030,3,20,264,5,51,10,50,1,0.6264,0.58,10.04,9.8,0,0,0,0
4636419,1987,9874,1977,"DK","",57900,2,15,428,6,69,1,7,1,0.5714,0,16.5714,13,0,0,0,0
4637173,1987,9881,1985,"DK","",592815,3,5,451,5,51,13,2,0.4615,0,0.6111,6,34.6154,0,0,0,0
4637327,1987,9881,1986,"DK","",299555,3,6,110,6,66,7,2,0.5714,0,0.375,2,34.2857,0,0,0,0
4637561,1987,9881,1983,"DK","",40480,3,2,241,5,51,12,12,0.4167,0.4167,0.32,10.25,30.3333,0,0,0,0
4639976,1987,9895,1983,"DK","",,1,9,452,6,61,3,2,1,0.5,0,5,5.3333,,,,
4640298,1987,9895,1985,"DK","",,1,3,607,3,32,5,27,1,0.5624,0.56,7.1852,12,,,,
4640489,1987,9895,1985,"DK","",371820,3,10,249,6,69,13,43,0.9231,0.755,0.6111,9.1628,14.4615,0,0,0,0
4640610,1987,9895,1985,"DK","",180080,3,5,355,5,54,6,2,1,0,0,2.5,10.6667,0,0,0,0
4640810,1987,9895,1984,"DK","",496060,2,44,264,5,51,11,23,0.6364,0.794,0.6122,8.1739,16.2727,0,0,0,0
4641536,1987,9902,1985,"DK","",134690,3,2,73,4,43,6,5,1,0,0,7,12.6667,0,0,0,0
4641537,1987,9902,1986,"DK","",134690,3,8,73,4,43,4,0,1,,0,,9.75,0,0,,
4642905,1987,9909,1985,"DK","",202035,3,6,34,1,19,3,1,1,0,0.4444,5,15.6667,0,0,0,0
4642984,1987,9909,1986,"DK","",134690,3,4,60,4,45,5,4,0.8,0.375,0.375,2.5,17.6,0.25,0.2,0,0
4643299,1987,9909,1984,"DK","",84710,3,5,198,5,59,3,9,0.6667,0.6173,0,9,12.6667,0,0,0.1429,0.1111
4643320,1987,9909,1984,"DK","",250550,3,8,212,5,59,6,4,0.5,0.375,0.4444,6,20.3333,0,0,0,0
4643586,1987,9909,1985,"DK","",,1,16,374,4,43,9,2,0.6667,0,0.2778,6.5,17.5556,,,,
4644439,1987,9909,1984,"DK","",202035,3,3,361,4,45,5,21,1,0.5714,0.48,9.7143,7.2,0.2,0.2,0.0556,0.0476
4644786,1987,9916,1986,"DK","",,1,6,73,4,43,4,2,0.75,0.5,0.4444,7.5,36.75,,,,
4645377,1987,9916,1984,"DK","",134900,3,17,405,6,64,8,8,0.625,0.2188,0.32,7.375,28,0,0,0,0
4645557,1987,9916,1984,"DK","",,1,7,156,1,19,4,6,0.75,0.7222,0.4444,9,17,,,,
4645740,1987,9916,1982,"DK","",89815,3,12,435,3,33,5,4,1,0.625,0,6.5,8.6,0,0,0,0
4645773,1987,9916,1985,"DK","",496855,3,18,514,3,31,1,6,1,0.2778,0,3.8333,3,1,1,0.8333,0.8333
4646373,1987,9923,1985,"DK","",,1,3,137,6,69,10,2,0.6,0,0.7778,6.5,18.7,,,,
4646473,1987,9923,1985,"DK","",592820,3,10,451,5,51,5,7,0.2,0,0,6.8571,52,0,0,0,0
4646487,1987,9923,1985,"DK","",477300,3,5,52,6,69,2,3,0.5,0,0,7.3333,19,0,0,0,0
4646809,1987,9923,1985,"DK","",135040,3,3,164,5,52,5,1,0.8,0,0.375,13,15.4,0,0,0,0
4647093,1987,9923,1985,"DK","",,1,11,292,6,69,10,1,0.9,0,0.4938,3,14.6,,,,
4647224,1987,9923,1985,"DK","",,5,32,374,4,43,12,6,1,0.4444,0,8.8333,11.3333,,,,
4647228,1987,9923,1985,"DK","",233890,3,11,384,5,59,10,0,0.3,,0.4444,,35.3,0,0,,
4647757,1987,9923,1985,"DK","",106185,2,2,392,4,41,6,3,0.6667,0,0.375,3,19.5,0.25,0.1667,0,0
4648465,1987,9930,1984,"DK","",319035,3,1,172,6,64,11,1,0.4545,0,0,6,46.3636,0,0,0,0
4648545,1987,9930,1985,"DK","",,1,10,228,5,52,6,1,0.6667,0,0.375,8,25.1667,,,,
4649230,1987,9930,1985,"DK","",,1,8,174,4,41,5,9,0.6,0.6667,0.4444,6.7778,30.4,,,,
4650671,1987,9937,1984,"DK","",106850,3,22,424,3,31,10,1,0.3,0,0.4444,10,32.3,0,0,0,0
4650858,1987,9937,1984,"DK","",406780,3,14,530,1,15,21,8,1,0.4688,0.254,7.375,6.0952,0,0,0,0
4650884,1987,9937,1985,"DK","",253580,3,3,549,1,14,1,3,1,0,0,8.3333,8,0,0,0.3333,0.3333
4650900,1987,9937,1985,"DK","",253580,3,9,564,1,14,2,1,1,0,0.5,10,13,0,0,0,0
4651369,1987,9944,1985,"DK","",,1,3,137,6,69,10,4,0.6,0,0.7778,7.75,18.7,,,,
4651750,1987,9944,1985,"DK","",168325,3,2,600,3,32,7,3,1,0,0.2449,5.3333,10.2857,0,0,0,0
4651760,1987,9944,1985,"DK","",,1,5,132,6,65,5,1,0.6,0,0,7,32.8,,,,
4651783,1987,9944,1986,"DK","",243325,3,6,138,6,67,8,10,0.875,0.34,0.6939,6.7,10.875,0,0,0,0
4651901,1987,9944,1984,"DK","",,1,2,222,1,19,6,3,0.1667,0.6667,0,6.3333,52,,,,
4651927,1987,9944,1984,"DK","",,1,6,239,5,59,5,1,0.8,0,0.375,5,16,,,,
4652106,1987,9944,1985,"DK","",14120,3,10,396,5,54,9,6,1,0.5,0.7407,5.1667,5,0,0,0,0
4652758,1987,9944,1984,"DK","",218550,2,10,250,4,44,2,6,1,0.4444,0,8.3333,4.5,0.5,0.5,0.1667,0.1667
4653332,1987,9951,1985,"DK","",134690,3,7,73,4,43,2,18,1,0,0,7,22,0,0,0,0
4653363,1987,9951,1985,"DK","",107220,3,1,83,5,51,4,7,0.75,0.7347,0,8.2857,18,0,0,0,0
4653573,1987,9951,1985,"DK","",134690,3,4,165,6,66,9,1,0.5556,0,0.72,5,31.1111,0,0,0,0
4653578,1987,9951,1984,"DK","",202035,3,3,165,6,66,5,3,0.8,0,0.625,3.6667,15.2,0,0,0,0
4653736,1987,9951,1985,"DK","",200270,3,2,267,5,59,7,5,0.1429,0.8,0,4.8,52.4286,0,0,0,0
4654539,1987,9951,1985,"DK","",134690,3,3,307,4,49,2,0,0.5,,0,,19,0,0,,
4655127,1987,9958,1985,"DK","",430245,3,3,99,6,61,5,0,1,,0,,12.4,0,0,,
4655981,1987,9958,1985,"DK","",135030,3,11,264,5,51,7,53,0,0.6052,,8.8491,59.2857,0,0,0,0
4656376,1987,9958,1986,"DK","",134690,3,5,310,4,45,5,2,1,0.5,0.32,6,5.4,0.6,0.6,0,0
4657055,1987,9965,1985,"DK","",10675,3,6,141,5,51,16,5,0.375,0,0.7222,8.8,34,0,0,0,0
4657085,1987,9965,1986,"DK","",236440,3,2,169,6,69,1,5,1,0.32,0,5.4,9,0,0,0,0
4657755,1987,9965,1983,"DK","",39440,3,22,424,3,31,8,14,0.875,0.3367,0,10.7143,13,0.1667,0.125,0,0
4658540,1987,9972,1985,"DK","",422675,3,3,47,6,61,3,3,1,0.4444,0,8.3333,10,0,0,0,0
4658842,1987,9972,1985,"DK","",,1,4,134,6,69,3,1,0,0,,10,30,,,,
4658985,1987,9972,1985,"DK","",107220,3,6,222,1,19,6,3,0.8333,0,0.72,5.6667,15.6667,0,0,0,0
4659342,1987,9972,1984,"DK","",202035,2,18,95,1,13,15,8,1,0.6563,0.6044,9.125,10.1333,0.0769,0.0667,0,0
4660664,1987,9979,1985,"DK","",,1,6,177,6,69,5,1,0.8,0,0.625,5,27.8,,,,
4660735,1987,9979,1986,"DK","",574975,3,2,220,6,68,6,24,1,0.4132,0.4444,4.8333,6.8333,0,0,0,0
4660742,1987,9979,1984,"DK","",,1,16,222,1,19,5,11,1,0.1653,0.56,9.0909,14.6,,,,
4661452,1987,9979,1985,"DK","",410070,3,13,435,3,33,1,9,1,0.5679,0,5.8889,9,1,1,0.1111,0.1111
4663812,1987,9993,1986,"DK","",407450,3,3,29,5,52,5,13,0.6,0.6982,0.4444,6.0769,26,0,0,0.1667,0.1538
4663899,1987,9993,1986,"DK","",,1,6,52,6,69,10,9,0.6,0.3704,0.7222,5.4444,38.4,,,,
4663912,1987,9993,1985,"DK","",158165,3,17,52,6,69,6,6,0.1667,0.2778,0,6.6667,32.8333,0,0,0,0
4664256,1987,9993,1985,"DK","",189690,3,13,206,6,68,6,15,0.8333,0.7556,0.56,7.2,11.3333,0,0,0.1538,0.1333
4664549,1987,9993,1985,"DK","",,1,4,403,6,67,2,2,1,0.5,0.5,9.5,19,,,,
4665028,1987,9993,1983,"DK","",410070,3,13,435,3,33,7,3,1,0,0.449,8.6667,11,0.1429,0.1429,0,0
4665109,1987,9993,1985,"DK","",60195,3,12,523,1,15,4,3,0.75,0.4444,0.6667,6,11.75,0,0,0,0
4666603,1987,10000,1983,"DK","",15830,3,17,210,1,19,5,4,1,0,0,10.25,10.4,0.75,0.6,0,0
4666694,1987,10000,1985,"DK","",40755,3,12,423,1,19,8,4,1,0.625,0,8.5,5.75,0.25,0.25,0,0
4667888,1987,10007,1985,"DK","",139420,3,11,241,5,51,12,3,0.1667,0.4444,0.5,8,58.9167,1,0.0833,0,0
4668123,1987,10007,1985,"DK","",,1,18,405,6,64,6,7,0.8333,0.2449,0,5,21.8333,,,,
4668322,1987,10007,1985,"DK","",496055,3,2,156,1,19,2,0,1,,0.5,,4,0,0,,
4669320,1987,10014,1986,"DK","",134690,3,11,73,4,43,4,7,1,0.4898,0.375,6.7143,10.75,0,0,0,0
4669331,1987,10014,1985,"DK","",,1,1,74,5,59,4,0,0.5,,0.5,,26.25,,,,
4669498,1987,10014,1986,"DK","",,1,5,137,6,69,4,1,0.75,0,0.4444,8,39.75,,,,
4669582,1987,10014,1985,"DK","",532240,3,5,188,5,53,8,8,1,0.75,0.4688,5.5,11,0,0,0.3333,0.25
4669655,1987,10014,1986,"DK","",134690,3,1,236,6,69,5,0,0.6,,0,,27,0,0,,
4670112,1987,10014,1986,"DK","",189690,3,6,205,1,19,3,1,0.3333,0,0,5,44,0,0,0,0
4670433,1987,10014,1986,"DK","",39990,3,6,514,3,31,5,3,1,0.4444,0.48,4.6667,5,0.2,0.2,0.6667,0.6667
4670808,1987,10014,1985,"DK","",27770,3,5,360,2,24,6,2,1,0.5,0.2778,3.5,8.3333,0,0,0,0
4671466,1987,10021,1986,"DK","",221060,2,8,242,5,51,10,1,0.9,0,0.1975,8,14.5,0.8,0.4,0,0
4671747,1987,10021,1986,"DK","",134690,3,9,418,5,53,8,4,0.875,0.625,0.6531,4.25,14.75,0.1667,0.125,0,0
4671755,1987,10021,1985,"DK","",,1,16,425,5,51,8,1,1,0,0.375,2,10.875,,,,
4672774,1987,10028,1985,"DK","",613205,3,7,49,5,59,6,1,0.6667,0,0.625,6,20.8333,0.25,0.1667,0,0
4673296,1987,10028,1985,"DK","",158810,3,6,366,1,19,3,7,0.3333,0.8571,0,4.5714,33.3333,0,0,0,0
4673742,1987,10028,1985,"DK","",54310,3,5,544,1,14,4,2,0.5,0.5,0,1.5,18.5,1,0.5,1,1
4674594,1987,10035,1985,"DK","",,5,9,181,6,69,10,7,0.5,0.6939,0.32,6.4286,31.6,,,,
4674680,1987,10035,1986,"DK","",613215,3,9,236,6,69,7,1,0.5714,0,0.375,4,19.2857,0,0,0,0
4675354,1987,10035,1986,"DK","",39995,3,24,524,1,15,5,13,0.4,0.5799,0.5,8.3077,23.6,0,0,0,0
4676368,1987,10042,1986,"DK","",,1,4,198,5,59,7,2,0.7143,0,0.32,5.5,24.1429,,,,
4676789,1987,10042,1985,"DK","",,1,1,623,3,39,3,8,1,0,0,8,4.3333,,,,
4676978,1987,10042,1986,"DK","",110775,2,8,510,1,19,7,2,1,0,0.6122,6.5,8.1429,0.1667,0.1429,0,0
4677065,1987,10042,1986,"DK","",15830,3,42,435,3,33,6,6,0.8333,0.7222,0.64,6,16.6667,0,0,0,0
4678021,1987,10049,1985,"DK","",135040,3,6,164,5,52,6,0,0.8333,,0,,14.1667,1,0.3333,,
4678163,1987,10049,1986,"DK","",,1,10,254,5,59,6,1,0.5,0,0,5,22.6667,,,,
4678600,1987,10049,1986,"DK","",,1,5,252,1,19,1,5,1,0.72,0,3,18,,,,
4679354,1987,10056,1986,"DK","",67295,3,6,451,5,51,6,1,0.5,0,0,2,26,0,0,1,1
4679448,1987,10056,1985,"DK","",14405,3,4,73,4,43,6,1,0.8333,0,0.72,7,8,0,0,0,0
4679595,1987,10056,1985,"DK","",297210,3,12,137,6,69,11,4,0.1818,0,0,7,52.2727,0,0,0,0
4679617,1987,10056,1985,"DK","",171255,3,1,165,6,66,3,4,0.6667,0.375,0,9.25,14,0,0,0,0
4679648,1987,10056,1986,"DK","",,1,4,180,5,55,6,3,0.8333,0.4444,0.48,8.6667,15.3333,,,,
4679664,1987,10056,1986,"DK","",,1,5,188,5,53,17,0,0.8824,,0.3378,,14.7059,,,,
4679923,1987,10056,1985,"DK","",,1,13,353,5,54,7,9,1,0,0.449,8.6667,15.4286,,,,
4680336,1987,10056,1985,"DK","",612390,2,23,524,1,15,19,41,1,0.8281,0.6704,9.1951,10.4211,0,0,0.0513,0.0488
4680399,1987,10056,1985,"DK","",438080,3,11,546,1,14,2,2,0.5,0.5,0,8.5,17.5,0,0,0,0
4680974,1987,10063,1986,"DK","",134690,3,13,73,4,43,0,31,,0.0624,,6.2903,,,,0,0
4681533,1987,10063,1985,"DK","",134690,3,24,431,6,66,6,0,0.8333,,0,,7.3333,0.6,0.5,,
4682682,1987,10070,1986,"DK","",320330,3,5,198,5,59,1,4,1,0.375,0,5.75,15,0,0,0,0
4684065,1987,10077,1986,"DK","",40755,3,2,239,5,59,4,2,0.75,0,0,4.5,15,1,0.75,0,0
4684650,1987,10077,1985,"DK","",253580,3,10,514,3,31,1,4,1,0,0,8.25,3,0,0,1,1
4685256,1987,10084,1986,"DK","",613215,3,1,52,6,69,2,3,1,0.4444,0,5,4.5,0,0,0,0
4685295,1987,10084,1985,"DK","",134690,3,6,60,4,45,4,6,1,0.6111,0.375,7,9,0,0,0.1667,0.1667
4685465,1987,10084,1985,"DK","",721306,3,21,600,3,32,6,11,1,0.4463,0,6,4.5,0,0,0,0
4686012,1987,10084,1986,"DK","",721306,3,11,205,1,19,4,3,1,0,0,7.3333,12.75,0,0,0,0
4686747,1987,10091,1986,"DK","",,1,4,24,6,63,6,4,0.5,0,0,8.75,24.5,,,,
4687000,1987,10091,1985,"DK","",721306,3,24,600,3,32,3,7,1,0.6531,0.4444,8.5714,3.3333,0,0,0,0
4687138,1987,10091,1984,"DK","",316965,3,2,239,5,59,5,1,0.6,0,0.4444,4,20,0,0,0,0
4687742,1987,10091,1985,"DK","",410070,3,4,435,3,33,9,4,1,0.375,0,4.25,8.8889,0,0,0,0
4687847,1987,10091,1985,"DK","",54310,3,9,544,1,14,8,3,0.25,0.6667,0,4,27.5,1,0.25,0.6667,0.6667
4687893,1987,10091,1986,"DK","",134690,3,5,219,4,49,5,3,0.6,0,0.4444,1.3333,14.8,0.3333,0.2,0,0
4688398,1987,10098,1986,"DK","",432695,3,5,62,6,69,11,4,0.8182,0.625,0.4444,4,14.4545,0,0,0,0
4689140,1987,10098,1986,"DK","",202035,3,6,209,5,51,5,4,0.8,0.375,0.375,5.5,16.6,0,0,0.25,0.25
4689141,1987,10098,1986,"DK","",202035,3,3,209,5,51,6,12,0.6667,0.4861,0,7.5833,29.8333,0,0,0.1429,0.0833
4689249,1987,10098,1985,"DK","",371910,3,7,427,1,12,5,12,0.8,0.75,0.375,6.6667,13.4,0,0,0,0
4689595,1987,10098,1986,"DK","",134690,3,9,337,4,41,2,4,1,0.625,0,6.75,2.5,0,0,0,0
4689968,1987,10105,1986,"DK","",134690,3,5,62,6,69,4,6,1,0,0.625,5.8333,12.25,0.6667,0.5,0,0
4690301,1987,10105,1986,"DK","",299545,3,3,221,5,51,15,0,0.6667,,0.6,,25.8,0,0,,
4690548,1987,10105,1985,"DK","",134485,3,4,355,5,54,7,5,0.7143,0.32,0,5.4,15.7143,0,0,0,0
4691493,1987,10112,1985,"DK","",406840,3,13,52,6,69,7,4,0.4286,0,0.4444,6.75,39.5714,0,0,0,0
4691690,1987,10112,1986,"DK","",,1,2,126,6,66,3,0,0.6667,,0.5,,15.6667,,,,
4692198,1987,10112,1985,"DK","",40695,3,1,156,1,19,4,13,1,0.7692,0.625,7.3077,5.75,0,0,0,0
4692882,1987,10112,1984,"DK","",,1,6,702,2,22,8,8,1,0.7813,0.7188,6.25,4,,,,
4694006,1987,10119,1985,"DK","",40065,3,17,514,3,31,7,3,0.8571,0,0.6111,6.3333,9.7143,0,0,0,0
4694637,1987,10126,1985,"DK","",547040,3,11,53,6,68,5,9,1,0.5185,0.72,9.4444,12.2,0,0,0,0
4694898,1987,10126,1985,"DK","",407450,3,19,165,6,66,14,0,0.4286,,0.4444,,37.7143,0,0,,
4695206,1987,10126,1986,"DK","",319035,3,2,406,5,59,6,0,0.6667,,0.375,,23.5,0,0,,
4695325,1987,10126,1986,"DK","",202035,3,3,106,1,12,3,3,1,0.4444,0,5.6667,12.3333,0.6667,0.6667,0.3333,0.3333
4695691,1987,10126,1986,"DK","",15880,3,6,200,4,41,9,0,0.8889,,0.6563,,14.6667,0,0,,
4696161,1987,10133,1986,"DK","",134690,3,8,60,4,45,3,2,1,0.5,0.4444,8.5,7,0.3333,0.3333,0.5,0.5
4696644,1987,10133,1985,"DK","",,1,4,433,3,39,4,5,0.5,0,0,4.4,20.75,,,,
4697686,1987,10140,1984,"DK","",202035,3,7,193,5,59,6,0,0.5,,0.4444,,41.6667,0,0,,
4697747,1987,10140,1985,"DK","",202035,3,3,241,5,51,1,5,1,0.32,0,9,7,0,0,0,0
4698278,1987,10140,1986,"DK","",19350,3,13,428,6,69,3,2,1,0.5,0,7.5,8,0,0,0,0
4698376,1987,10140,1986,"DK","",55665,3,9,523,1,15,5,7,1,0.6939,0.56,5.4286,4.2,0.2,0.2,0.3333,0.2857
4698719,1987,10140,1986,"DK","",202035,3,2,361,4,45,10,0,1,,0.7,,7.8,0.1,0.1,,
4699134,1987,10147,1985,"DK","",111345,3,10,602,3,32,11,9,1,0.642,0.6942,8.6667,8.3636,0,0,0.1667,0.1111
4699503,1987,10147,1986,"DK","",,1,8,399,5,54,8,10,1,0.46,0.4063,3.5,2.75,,,,
4699762,1987,10147,1985,"DK","",134690,3,11,419,5,52,5,0,0.4,,0.5,,32.4,0,0,,
4700551,1987,10154,1986,"DK","",41885,3,4,62,6,69,7,3,0.4286,0.4444,0,6,21.5714,0,0,0,0
4701051,1987,10154,1985,"DK","",135105,3,7,356,4,43,2,6,1,0.6667,0,4.1667,5,0,0,0,0
4702133,1987,10161,1985,"DK","",107220,3,4,83,5,51,6,1,1,0,0.6667,7,7.8333,0,0,0,0
4702161,1987,10161,1985,"DK","",,1,17,99,6,61,5,6,0.8,0,0.5,6.3333,11.6,,,,
4702262,1987,10161,1985,"DK","",134845,3,29,607,3,32,2,9,1,0.3704,0,4.8889,10.5,0,0,0,0
4702929,1987,10161,1985,"DK","",,1,13,426,6,61,7,17,0.7143,0.6021,0,5.2941,29.4286,,,,
4703590,1987,10168,1985,"DK","",,1,6,451,5,51,4,11,0.75,0.6281,0.4444,9.6364,21,,,,
4703682,1987,10168,1986,"DK","",134690,3,1,92,5,53,10,0,0.9,,0.6667,,13.4,0,0,,
4703773,1987,10168,1986,"DK","",134690,3,5,137,6,69,5,0,0.8,,0.5,,14.4,0,0,,
4704104,1987,10168,1986,"DK","",,1,4,604,3,32,6,1,0.5,0,0,5,25.6667,,,,
4704251,1987,10168,1986,"DK","",565705,3,9,419,5,52,4,6,0.75,0.6667,0.4444,6.1667,18.5,0,0,0,0
4705428,1987,10175,1986,"DK","",,1,17,405,6,64,2,1,0.5,0,0,2,36,,,,
4705485,1987,10175,1985,"DK","",,1,3,439,4,41,6,0,0.5,,0,,34.6667,,,,
4706289,1987,10175,1985,"DK","",52565,3,,381,4,49,7,4,1,0.375,0.449,5.5,3.8571,0,0,0,0
4706401,1987,10182,1986,"DK","",,1,4,42,5,59,7,4,0.4286,0,0,8.25,23.5714,,,,
4706467,1987,10182,1986,"DK","",134690,3,3,62,6,69,6,2,0.6667,0,0,2,20,0,0,0,0
4706670,1987,10182,1985,"DK","",362770,3,30,606,3,32,5,43,1,0.5646,0,8.0465,7,0,0,0,0
4706726,1987,10182,1986,"DK","",613215,3,9,160,6,69,18,12,1,0.2917,0.6049,8.5,11.1111,0,0,0,0
4706763,1987,10182,1986,"DK","",202035,3,5,173,5,51,3,0,0.6667,,0,,12.3333,0,0,,
4706778,1987,10182,1986,"DK","",580370,3,5,181,6,69,2,7,1,0.2449,0,6.7143,7.5,0,0,0,0
4707657,1987,10182,1985,"DK","",,1,13,324,4,43,8,45,1,0.7664,0,7.5333,10.125,,,,
4707872,1987,10189,1985,"DK","",,1,5,5,6,65,10,6,0.7,0.7222,0.6122,6.5,21.1,,,,
4707895,1987,10189,1987,"DK","",107220,3,6,28,6,63,7,4,0.7143,0.375,0.32,6.25,18.7143,0,0,0,0
4708156,1987,10189,1987,"DK","",134690,3,5,137,6,69,3,4,1,0.625,0.4444,6,13,0,0,0,0
4708875,1987,10189,1982,"DK","",139420,3,11,426,6,61,2,5,1,0.56,0,8.4,18.5,0,0,0,0
4709900,1987,10196,1986,"DK","",,1,10,251,5,53,10,0,0.9,,0.8395,,13.1,,,,
4709902,1987,10196,1986,"DK","",77290,3,3,251,5,53,6,0,1,,0.4444,,6.3333,0,0,,
4710084,1987,10196,1986,"DK","",74360,3,1,412,6,69,3,3,1,0.4444,0.6667,7.6667,6.3333,0,0,0,0
4710500,1987,10196,1986,"DK","",253580,3,9,514,3,31,1,23,1,0.0832,0,7.0435,18,0,0,0.4348,0.4348
4711041,1987,10203,1986,"DK","",39540,3,7,34,1,19,2,1,1,0,0.5,5,14.5,0,0,0,0
4712245,1987,10203,1985,"DK","",423110,3,3,381,4,49,7,13,1,0.5562,0.6122,5.4615,13.7143,0,0,0,0
4712827,1987,10210,1987,"DK","",341495,3,4,296,5,55,7,1,0.5714,0,0.375,1,32.1429,0,0,0,0
4712986,1987,10210,1986,"DK","",134690,3,5,418,5,53,1,3,0,0.4444,,3.3333,48,0,0,0,0
4713248,1987,10210,1985,"DK","",39440,3,15,424,3,31,11,27,0.8182,0.2661,0.3704,6.963,12.1818,0.1111,0.0909,0,0
4714664,1987,10217,1986,"DK","",40175,3,2,429,4,45,6,1,1,0,0,10,7.3333,0,0,0,0
4715188,1987,10224,1986,"DK","",202035,3,5,62,6,69,1,4,0,0.75,,4.5,28,0,0,0,0
4715219,1987,10224,1986,"DK","",15805,3,11,73,4,43,8,2,0.75,0,0.6111,6.5,20.375,0,0,0,0
4715544,1987,10224,1986,"DK","",202035,3,4,241,5,51,2,4,1,0.5,0,6,10.5,0,0,0.25,0.25
4715832,1987,10224,1986,"DK","",279465,3,11,439,4,41,4,7,0.25,0.2449,0,10.2857,25.25,0,0,0,0
4715911,1987,10224,1986,"DK","",40825,3,6,156,1,19,3,6,1,0.6111,0.4444,9,6.3333,0,0,0,0
4716041,1987,10224,1985,"DK","",39440,3,25,424,3,31,11,45,0.8182,0.3832,0.3704,7.1111,12.1818,0.1111,0.0909,0,0
4716043,1987,10224,1985,"DK","",292670,3,4,426,6,61,7,0,0.7143,,0,,17,0,0,,
4717990,1988,10231,1986,"DK","",386735,2,12,361,4,45,6,21,0.8333,0.5306,0.72,6.8571,12.3333,0.8,0.6667,0.25,0.2381
4720931,1988,10252,1987,"DK","",,1,10,42,5,59,2,2,0.5,0.5,0,3.5,56,,,,
4721148,1988,10252,1986,"DK","",135040,3,6,164,5,52,5,0,1,,0,,8.2,1,0.4,,
4721223,1988,10252,1987,"DK","",15410,3,11,220,6,68,28,2,0.8929,0.5,0.6272,1.5,14.3571,0.087,0.0714,0,0
4722723,1988,10259,1986,"DK","",202035,3,2,474,5,53,2,0,0.5,,0,,22,0,0,,
4724297,1988,10266,1986,"DK","",10675,3,4,219,4,49,1,5,1,0,0,7,4,0,0,0,0
4724573,1988,10273,1987,"DK","",624175,3,8,15,6,69,5,10,0.8,0.18,0,6.6,18.2,0,0,0,0
4724870,1988,10273,1984,"DK","",134690,3,7,138,6,67,6,1,0.6667,0,0.625,5,24.1667,0,0,0,0
4725220,1988,10273,1986,"DK","",198900,3,6,425,5,51,1,4,1,0.375,0,7,3,0,0,0,0
4726445,1988,10280,1986,"DK","",240415,3,3,182,6,65,3,0,0.3333,,0,,18.6667,0,0,,
4726526,1988,10280,1986,"DK","",,5,9,239,5,59,5,6,0.6,0.7222,0.6667,7.5,23.4,,,,
4726618,1988,10280,1986,"DK","",572415,3,4,296,5,55,6,4,0.8333,0,0,7.25,18,0,0,0,0
4726621,1988,10280,1987,"DK","",,1,6,297,6,65,5,3,0.4,0,0.5,5,33.6,,,,
4727153,1988,10280,1986,"DK","",39990,3,3,548,1,14,5,0,1,,0.48,,6,0.2,0.2,,
4727658,1988,10287,1987,"DK","",39540,3,4,34,1,19,3,2,0.3333,0,0,4,48.3333,0,0,0,0
4727814,1988,10287,1985,"DK","",135025,3,17,105,5,55,10,1,0.3,0,0,5,48.5,0,0,0,0
4728087,1988,10287,1986,"DK","",388935,3,4,267,5,59,16,4,0.75,0.625,0.5139,7.75,23.8125,0,0,0,0
4728272,1988,10287,1985,"DK","",,1,8,418,5,53,9,0,0.3333,,0,,40.4444,,,,
4728921,1988,10287,1986,"DK","",134690,3,3,338,4,41,2,1,0,0,,5,34,0,0,0,0
4729131,1988,10294,1985,"DK","",42365,3,9,2,6,63,7,3,0.8571,0.4444,0.2778,8,16.2857,0,0,0,0
4729491,1988,10294,1987,"DK","",233895,3,9,220,6,68,4,0,1,,0,,7.75,0,0,,
4729721,1988,10294,1987,"DK","",134690,3,6,417,5,53,3,2,0.6667,0,0.5,6.5,14.6667,0,0,0,0
4729723,1988,10294,1987,"DK","",134690,3,9,417,5,53,5,8,0.8,0.5313,0.375,6,12.8,0,0,0,0
4730544,1988,10301,1987,"DK","",134690,3,6,91,5,53,1,5,1,0.56,0,5.6,10,0,0,0.2,0.2
4731908,1988,10308,1986,"DK","",517970,3,11,452,6,61,5,3,1,0.4444,0.32,8.3333,20.2,0,0,0.3333,0.3333
4731932,1988,10308,1986,"DK","",,1,9,33,6,69,3,1,0.3333,0,0,5,49,,,,
4732306,1988,10308,1986,"DK","",221060,2,12,225,5,51,10,6,0.3,0.7222,0.6667,7.1667,32.2,0.5,0.1,1,0.6667
4732325,1988,10308,1986,"DK","",221820,3,13,239,5,59,4,5,0.5,0.56,0,5.8,29.75,0,0,0,0
4732562,1988,10308,1987,"DK","",,1,18,432,6,66,7,0,0.7143,,0.48,,29.1429,,,,
4732563,1988,10308,1986,"DK","",,1,6,433,3,39,1,0,1,,0,,2,,,,
4732723,1988,10308,1986,"DK","",57905,3,20,264,5,51,9,3,1,0.6667,0.716,8.3333,17.1111,0,0,0,0
4732998,1988,10308,1986,"DK","",709942,3,10,558,1,14,0,9,,0.6173,,5.1111,,,,0,0
4733821,1988,10315,1985,"DK","",40755,3,6,239,5,59,6,1,0.6667,0,0,8,20,0,0,0,0
4735016,1988,10322,1985,"DK","",422675,3,4,47,6,61,12,2,0.5833,0,0,4.5,30.8333,0,0,1,0.5
4736893,1988,10329,1986,"DK","",134690,3,9,239,5,59,4,3,1,0,0.375,5,8.75,0,0,0.5,0.3333
4736925,1988,10329,1987,"DK","",111345,3,5,251,5,53,3,2,1,0.5,0,6.5,8,0,0,0,0
4737706,1988,10329,1986,"DK","",,1,8,324,4,43,3,4,1,0.5,0,5.75,15,,,,
4738374,1988,10336,1986,"DK","",,1,15,220,6,68,3,13,1,0.6391,0,5.1538,3.6667,,,,
4738682,1988,10336,1986,"DK","",410070,3,7,8,1,11,6,28,1,0.6709,0.2778,7.0714,3.6667,0.1667,0.1667,0,0
4739270,1988,10336,1986,"DK","",605045,2,2,324,4,43,4,8,0.75,0.2188,0,6.75,11.5,0.5,0.25,0.25,0.25
4739820,1988,10343,1987,"DK","",135040,3,6,164,5,52,2,0,1,,0,,5,0,0,,
4739821,1988,10343,1987,"DK","",135040,3,4,164,5,52,2,0,1,,0,,5,0,0,,
4740149,1988,10343,1986,"DK","",43615,3,4,425,5,51,11,0,0.6364,,0.5714,,28.3636,0,0,,
4742073,1988,10350,1983,"DK","",,1,14,514,3,31,4,3,1,0,0.5,8,14.5,,,,
4742716,1988,10357,1987,"DK","",63535,3,9,73,4,43,13,3,1,0.4444,0.5799,6.3333,11.7692,0,0,0,0
4743202,1988,10357,1986,"DK","",279465,3,7,439,4,41,8,8,1,0.2188,0.5938,9,9.5,0.3333,0.125,0.125,0.125
4743422,1988,10357,1986,"DK","",,1,6,264,5,51,6,6,0.8333,0.6667,0,7.8333,10.8333,,,,
4745112,1988,10364,1986,"DK","",39990,3,6,514,3,31,4,0,1,,0.375,,3.75,0.5,0.5,,
4745122,1988,10364,1985,"DK","",39990,3,15,514,3,31,3,6,1,0.2778,0.4444,9.5,9,0.6667,0.6667,0,0
4745664,1988,10371,1986,"DK","",31825,3,7,24,6,63,22,5,0.5455,0.32,0.7222,7.6,35.1364,0,0,0,0
4745782,1988,10371,1986,"DK","",230570,3,28,69,6,63,3,0,0.6667,,0.5,,22,0,0,,
4746056,1988,10371,1987,"DK","",,1,5,228,5,52,4,3,0.75,0.6667,0.6667,2.6667,34.25,,,,
4748027,1988,10378,1985,"DK","",399590,3,14,426,6,61,14,20,0.7857,0.5,0.314,8.6,14.5,0,0,0.05,0.05
4748179,1988,10378,1985,"DK","",496855,3,10,514,3,31,3,1,1,0,0.4444,2,10.6667,0.5,0.3333,0,0
4748180,1988,10378,1986,"DK","",496855,3,19,514,3,31,3,1,1,0,0.4444,1,10.6667,0.5,0.3333,0,0
4748265,1988,10378,1984,"DK","",309735,3,10,560,1,14,10,1,0.9,0,0.4444,10,17.3,0,0,0,0
4748542,1988,10378,1987,"DK","",362675,2,8,361,4,45,5,13,1,0.6509,0.32,7.6154,8.2,0,0,0,0
4748768,1988,10385,1986,"DK","",,1,2,53,6,68,5,4,0.6,0.5,0.6667,8.25,27.6,,,,
4748780,1988,10385,1987,"DK","",158165,3,8,52,6,69,5,9,0.4,0.3704,0.5,6,30,0,0,0,0
4749033,1988,10385,1985,"DK","",407450,3,4,165,6,66,5,13,0.2,0.4615,0,6.9231,42,0,0,0,0
4749318,1988,10385,1987,"DK","",15870,3,4,411,5,59,12,3,0.4167,0.6667,0.32,3.3333,37.5833,0,0,0,0
4749845,1988,10385,1987,"DK","",134690,3,4,219,4,49,3,6,1,0.7778,0.4444,6.1667,5.6667,0.6667,0.6667,0,0
4750444,1988,10392,1986,"DK","",150285,3,10,114,5,55,5,6,1,0.5,0.56,5.8333,11.6,0,0,0,0
4750866,1988,10392,1986,"DK","",134690,3,10,417,5,53,5,1,1,0,0.48,1,6.2,0.2,0.2,0,0
4751222,1988,10392,1986,"DK","",410070,3,13,514,3,31,3,9,1,0,0,4.6667,12.3333,0,0,0,0
4751806,1988,10399,1986,"DK","",79000,3,8,53,6,68,11,6,0.8182,0.6111,0.4444,6,14.8182,0,0,0,0
4752309,1988,10399,1987,"DK","",202035,3,5,96,1,13,4,0,0.5,,0.5,,25,0,0,,
4753670,1988,10406,1984,"DK","",410070,3,6,504,1,11,3,5,1,0.72,0.4444,7.2,12.6667,0,0,0,0
4754589,1988,10413,1987,"DK","",135030,3,18,52,6,69,11,48,0.4545,0.6024,0.56,7.1042,43.3636,0,0,0,0
4754872,1988,10413,1987,"DK","",,1,10,198,5,59,3,9,1,0,0,4.6667,10,,,,
4755060,1988,10413,1986,"DK","",416595,3,4,366,1,19,8,3,0.375,0.6667,0.6667,3.6667,25,0,0,0,0
4755366,1988,10413,1986,"DK","",40755,3,8,423,1,19,5,2,1,0.5,0.32,6.5,4,0.2,0.2,0,0
4756892,1988,10420,1983,"DK","",30555,3,25,423,1,19,13,0,0.9231,,0.6944,,14.7692,0,0,,
4757211,1988,10420,1987,"DK","",134965,3,5,290,4,45,9,1,0.5556,0,0.72,8,23.7778,0,0,0,0
4759295,1988,10434,1985,"DK","",,1,2,108,6,69,7,15,0.7143,0.24,0.72,9,21.8571,,,,
4759693,1988,10434,1987,"DK","",134690,3,21,417,5,53,7,11,1,0.5124,0.4898,5.1818,4.2857,0,0,0,0
4759698,1988,10434,1987,"DK","",134690,3,8,418,5,53,5,4,0.6,0.5,0.4444,5.25,22.6,0,0,0,0
4760022,1988,10434,1984,"DK","",39440,3,27,435,3,33,1,10,1,0.32,0,9.4,4,1,1,0,0
4760643,1988,10441,1986,"DK","",,1,10,408,5,51,4,0,0.75,,0,,28.25,,,,
4760699,1988,10441,1984,"DK","",134690,3,7,60,4,45,4,0,0,,,,41.5,0,0,,
4760744,1988,10441,1986,"DK","",134690,3,16,73,4,43,2,5,1,0,0,4.4,10.5,0,0,0,0
4760954,1988,10441,1987,"DK","",134690,3,6,236,6,69,9,1,0.8889,0,0.8125,7,12.7778,0.2,0.1111,0,0
4761562,1988,10441,1986,"DK","",406840,3,6,250,4,44,3,3,1,0.4444,0.4444,4.3333,11,0,0,0,0
4761592,1988,10441,1987,"DK","",233895,3,12,318,4,45,9,2,0.4444,0.5,0.625,5,26.8889,0,0,0,0
4762074,1988,10448,1986,"DK","",20975,3,19,110,6,66,10,12,1,0.6944,0.34,6.5833,5.1,0,0,0,0
4762084,1988,10448,1987,"DK","",545890,3,5,119,6,61,0,2,,0,,1,,,,0,0
4762152,1988,10448,1986,"DK","",407450,3,4,138,6,67,8,3,0.875,0.6667,0.449,4.3333,12.25,0,0,0.5,0.3333
4765389,1988,10462,1987,"DK","",135040,3,5,164,5,52,4,1,1,0,0,3,13.5,1,0.5,1,1
4765841,1988,10462,1986,"DK","",309735,3,23,106,1,12,7,5,0.8571,0.32,0.2778,5,11.7143,0,0,0,0
4766003,1988,10462,1986,"DK","",34175,3,7,426,6,61,1,6,1,0.2778,0,7.5,6,0,0,0.25,0.1667
4766454,1988,10462,1987,"DK","",180080,3,4,396,5,54,4,1,1,0,0.375,7,13.75,0,0,0,0
4766617,1988,10469,1987,"DK","",,1,4,4,6,65,5,8,0.6,0.2188,0,4.5,30,,,,
4767448,1988,10469,1984,"DK","",309735,3,13,504,1,11,16,4,0.9375,0,0.5511,10,13.75,0,0,0,0
4767997,1988,10469,1986,"DK","",205020,3,2,327,4,41,2,7,1,0.6122,0.5,4.8571,21,0,0,0,0
4768927,1988,10476,1987,"DK","",117820,3,4,416,1,19,7,1,0.7143,0,0.32,7,17.5714,0,0,0,0
4769130,1988,10476,1983,"DK","",40755,3,17,209,5,51,8,5,1,0.56,0.6563,10.4,12.875,0,0,0,0
4769138,1988,10476,1987,"DK","",,1,7,210,1,19,10,6,0.9,0.4444,0,5.1667,11.2,,,,
4769870,1988,10483,1987,"DK","",,1,9,452,6,61,2,1,1,0,0,2,9.5,,,,
4771051,1988,10483,1986,"DK","",39990,3,6,514,3,31,1,11,1,0.1653,0,4.8182,17,0,0,0.3636,0.3636
4771578,1988,10490,1987,"DK","",548505,3,4,451,5,51,5,8,1,0.2188,0,4.375,14.4,0,0,0,0
4771734,1988,10490,1986,"DK","",65195,2,32,119,6,61,7,3,0.8571,0,0.2778,3.3333,17,0,0,0,0
4772200,1988,10490,1987,"DK","",40030,3,6,433,3,39,6,0,0.8333,,0.48,,28.6667,0,0,,
4772383,1988,10490,1982,"DK","",40755,3,16,209,5,51,5,3,0.8,0.4444,0.375,10.6667,25.8,0,0,0,0
4772454,1988,10490,1986,"DK","",202035,3,7,422,1,19,7,4,1,0.5,0.7347,8.75,10,0,0,0,0
4772599,1988,10490,1987,"DK","",39990,3,11,514,3,31,3,3,1,0.6667,0.4444,8.3333,4.3333,0.3333,0.3333,0,0
4772696,1988,10490,1986,"DK","",39990,3,1,540,1,14,0,0,,,,,,,,,
4773252,1988,10497,1986,"DK","",202035,3,7,73,4,43,10,1,0.9,0,0.1975,3,13.9,0,0,0,0
4773605,1988,10497,1987,"DK","",,1,4,241,5,51,4,1,0.25,0,0,1,35,,,,
4773822,1988,10497,1987,"DK","",233895,3,9,415,5,53,2,5,1,0.56,0.5,6.6,24.5,0,0,0,0
4774245,1988,10497,1986,"DK","",39990,3,9,514,3,31,1,18,1,0.4383,0,4.9444,4,0,0,0.2778,0.2778
4774807,1988,10504,1987,"DK","",134685,3,2,60,4,45,5,1,0.8,0,0.625,4,16.2,0,0,0,0
4775292,1988,10504,1987,"DK","",233895,3,7,415,5,53,5,1,0.8,0,0.5,10,12,0,0,0,0
4775300,1988,10504,1987,"DK","",134690,3,5,417,5,53,9,0,0.5556,,0.32,,28.3333,0.6667,0.2222,,
4776257,1988,10511,1988,"DK","",134690,3,8,92,5,53,9,9,0.7778,0.716,0.7755,5.4444,20,0,0,0,0
4777650,1988,10511,1986,"DK","",15805,3,7,381,4,49,5,0,0.6,,0,,17.6,0,0,,
4780192,1988,10525,1987,"DK","",721306,3,9,204,1,19,1,0,1,,0,,7,0,0,,
4780539,1988,10525,1988,"DK","",39990,3,3,548,1,14,2,3,1,0.4444,0,1,1.5,1,1,0,0
4780978,1988,10532,1987,"DK","",135005,3,5,40,6,69,6,1,0.1667,0,0,7,50.5,0,0,0,0
4781902,1988,10532,1986,"DK","",238050,3,7,423,1,19,2,2,1,0,0,4,15,0,0,0,0
4781959,1988,10532,1987,"DK","",,1,6,428,6,69,5,5,1,0.48,0.48,7.8,4.4,,,,
4782420,1988,10532,1987,"DK","",,1,22,361,4,45,2,7,1,0,0.5,9.1429,6.5,,,,
4782500,1988,10532,1986,"DK","",139420,3,6,377,4,49,5,6,1,0.5,0.56,5.3333,9.6,0,0,0,0
4783820,1988,10539,1987,"DK","",,1,8,381,4,49,6,9,0.5,0,0,6.5556,23.5,,,,
4783998,1988,10546,1986,"DK","",150280,3,55,73,4,43,11,15,1,0.7467,0.595,6,8.2727,0,0,0,0
4784484,1988,10546,1986,"DK","",299550,3,10,356,4,43,4,9,1,0.7407,0.625,8.1111,7,0,0,0,0
4784691,1988,10546,1987,"DK","",15790,3,9,106,1,12,6,2,0.5,0.5,0.6667,4.5,34.3333,0,0,0,0
4784860,1988,10546,1986,"DK","",410070,3,3,426,6,61,5,3,1,0.6667,0.32,10,6.8,0.4,0.4,0,0
4785578,1988,10553,1987,"DK","",236320,3,15,47,6,61,10,6,0.4,0.4444,0,4.8333,41.8,0,0,0,0
4785580,1988,10553,1983,"DK","",69235,3,16,49,5,59,8,2,0.875,0.5,0.2449,11,23.625,0,0,0,0
4786182,1988,10553,1986,"DK","",,1,10,366,1,19,8,6,1,0.6111,0.6563,4,10.375,,,,
4786450,1988,10553,1986,"DK","",343620,3,18,264,5,51,11,2,0.8182,0.5,0.5185,7.5,15.9091,0,0,0,0
4786906,1988,10553,1987,"DK","",205075,3,3,342,2,21,2,9,1,0,0,5.6667,13.5,0,0,0,0
4787207,1988,10560,1986,"DK","",350735,3,6,60,4,45,2,0,0,,,,41.5,0,0,,
4787816,1988,10560,1987,"DK","",233895,3,5,415,5,53,7,2,1,0.5,0.449,7,12.7143,0,0,0,0
4788919,1988,10567,1986,"DK","",135,3,12,110,6,66,13,7,1,0.6939,0.4852,6.8571,6,0,0,0,0
4789191,1988,10567,1986,"DK","",89550,3,3,292,6,69,15,3,0.5333,0.4444,0.375,8.3333,31.2,0,0,0,0
4789532,1988,10567,1987,"DK","",40755,3,7,423,1,19,9,9,1,0.7654,0.5679,5.6667,9.6667,0.125,0.1111,0,0
4789997,1988,10567,1987,"DK","",30030,3,8,378,4,44,4,10,1,0.48,0.375,6.6,3.5,0,0,0.1,0.1
4790692,1988,10574,1987,"DK","",199860,3,16,406,5,59,6,1,1,0,0.4444,3,10.8333,0,0,0,0
4790833,1988,10574,1987,"DK","",111345,3,8,604,3,32,8,1,0.625,0,0.32,9,20,0,0,0,0
4790995,1988,10574,1986,"DK","",495900,3,5,423,1,19,4,2,1,0,0.375,6,9,0,0,0.5,0.5
4791771,1988,10581,1987,"DK","",613215,3,12,52,6,69,4,3,0.25,0.4444,0,4,31,0,0,0,0
4791950,1988,10581,1987,"DK","",134690,3,17,137,6,69,2,3,1,0,0,7,17.5,0,0,0,0
4791974,1988,10581,1987,"DK","",135040,3,11,164,5,52,4,7,0.75,0.2449,0,5.8571,12.75,1,0.25,0.6667,0.5714
4792357,1988,10581,1987,"DK","",,1,14,106,1,12,5,14,0.4,0.551,0.5,6.5,28.6,,,,
4792440,1988,10581,1986,"DK","",135,3,17,423,1,19,6,5,1,0.56,0.2778,6.8,5.6667,0,0,0,0
4793472,1988,10588,1987,"DK","",287515,3,8,198,5,59,10,6,0.8,0.6111,0.5313,6,21,0,0,0,0
4793885,1988,10588,1984,"DK","",,1,11,156,1,19,26,3,0.7308,0.4444,0.626,7,22.7692,,,,
4794359,1988,10588,1988,"DK","",584890,3,4,336,4,41,3,0,0,,,,52,0,0,,
4794415,1988,10588,1987,"DK","",180080,3,1,396,5,54,6,6,0.6667,0,0,4.6667,24.3333,0,0,0,0
4794492,1988,10588,1987,"DK","",,1,11,362,4,42,7,7,0.7143,0.6122,0.56,6.8571,16.5714,,,,
4795055,1989,10595,1987,"DK","",444820,3,13,220,6,68,3,4,1,0.625,0.4444,3.75,8.6667,0,0,0.25,0.25
4795749,1989,10595,1987,"DK","",39990,3,10,514,3,31,1,3,1,0.4444,0,7.3333,2,0,0,0,0
4796168,1989,10595,1987,"DK","",,1,5,362,4,42,6,12,1,0.5417,0,8.6667,12.3333,,,,
4796544,1989,10602,1986,"DK","",406935,3,18,110,6,66,3,3,0.3333,0.4444,0,4.3333,55.3333,0,0,0,0
4796933,1989,10602,1987,"DK","",613215,3,5,292,6,69,5,0,0.8,,0.625,,16.4,0,0,,
4796994,1989,10602,1986,"DK","",,1,7,356,4,43,0,5,,0.56,,7.2,,,,,
4797142,1989,10602,1988,"DK","",480105,3,5,65,5,51,7,4,0.8571,0.75,0.5,3.75,10.7143,0,0,0.25,0.25
4797253,1989,10602,1987,"DK","",,1,4,428,6,69,10,4,1,0.375,0.5,7.25,5.7,,,,
4797659,1989,10602,1987,"DK","",31815,3,7,340,2,21,2,7,1,0.2449,0,3.7143,2,0,0,0,0
4798120,1989,10609,1986,"DK","",,1,1,84,6,69,1,1,1,0,0,8,6,,,,
4798373,1989,10609,1985,"DK","",367365,3,7,271,5,51,9,6,1,0.6111,0.5679,8.3333,9.1111,0,0,0,0
4798535,1989,10609,1986,"DK","",,1,4,433,3,39,6,2,0.5,0,0.6667,9,30,,,,
4798793,1989,10609,1987,"DK","",410070,3,9,435,3,33,6,14,1,0.1327,0.7222,2.7857,9.1667,0,0,0,0
4800636,1989,10623,1986,"DK","",580370,3,15,29,5,52,7,7,0.8571,0.6122,0.6111,5.5714,19,0,0,0,0
4801063,1989,10623,1987,"DK","",410685,3,5,227,5,59,6,1,0.6667,0,0.375,10,19.8333,0,0,1,1
4801268,1989,10623,1988,"DK","",23220,3,5,434,6,69,2,7,0.5,0,0,4.4286,19.5,0,0,0,0
4802289,1989,10630,1987,"DK","",,1,9,36,6,63,8,11,0.875,0.4463,0,5.2727,13.125,,,,
4802551,1989,10630,1986,"DK","",289855,3,2,181,6,69,3,8,1,0,0.4444,5.75,7.6667,0,0,0,0
