4804669,1989,10637,1987,"DK","",39990,3,7,514,3,31,0,0,,,,,,,,,
4805780,1989,10644,1987,"DK","",287515,3,2,209,5,51,5,2,0.8,0,0.625,7,18.8,0,0,0.5,0.5
4806471,1989,10644,1984,"DK","",39440,3,65,435,3,33,4,8,1,0,0.375,7.5,4,0.25,0.25,0,0
4806473,1989,10644,1985,"DK","",139420,3,12,435,3,33,7,10,1,0,0,7.5,12.4286,0,0,0,0
4806686,1989,10644,1987,"DK","",54310,3,6,564,1,14,7,0,0.7143,,0.56,,14.1429,0.8,0.5714,,
4807412,1989,10651,1987,"DK","",299540,3,7,52,6,69,3,10,1,0.76,0.4444,6,9,0,0,0,0
4808777,1989,10651,1987,"DK","",15880,3,9,200,4,41,8,1,1,0,0.6875,6,15.625,0,0,0,0
4808872,1989,10651,1988,"DK","",134690,3,10,310,4,45,5,2,0.6,0,0,6,21.2,0,0,0,0
4808921,1989,10651,1987,"DK","",15805,3,4,324,4,43,13,0,1,,0.5207,,13.4615,0,0,,
4809382,1989,10658,1988,"DK","",545640,3,10,15,6,69,3,2,0.6667,0,0,4.5,18.3333,0,0,0,0
4809485,1989,10658,1987,"DK","",2915,3,11,53,6,68,17,6,0.8824,0.6111,0.4356,6.3333,15,0,0,0,0
4809506,1989,10658,1988,"DK","",350735,3,2,60,4,45,1,0,0,,,,76,0,0,,
4810017,1989,10658,1988,"DK","",407325,3,3,294,5,59,6,2,0.6667,0,0.625,3.5,29.6667,0,0,0,0
4810195,1989,10658,1988,"DK","",55665,3,6,433,3,39,6,6,1,0.6667,0.6111,6,8.6667,0,0,0.25,0.1667
4810414,1989,10658,1987,"DK","",410070,3,12,510,1,19,4,18,1,0.6296,0,6.3333,6.25,0.25,0.25,0,0
4810446,1989,10658,1986,"DK","",,1,11,264,5,51,11,1,0.3636,0,0.375,9,28.5455,,,,
4811030,1989,10658,1985,"DK","",,1,9,343,2,21,2,4,1,0.75,0,7.5,10,,,,
4811189,1989,10658,1988,"DK","",134690,3,14,363,4,45,3,2,1,0,0,7,4,0.3333,0.3333,0,0
4811677,1989,10665,1987,"DK","",387445,3,7,114,5,55,7,1,0.8571,0,0,5,16.2857,0,0,0,0
4811692,1989,10665,1986,"DK","",390095,3,13,119,6,61,4,0,1,,0.375,,14.75,0,0,,
4812188,1989,10665,1987,"DK","",,1,11,156,1,19,3,3,0.3333,0.4444,0,5.6667,31.3333,,,,
4812219,1989,10665,1987,"DK","",,5,28,101,6,69,2,5,1,0.32,0.5,7.2,6,,,,
4812458,1989,10665,1987,"DK","",39990,3,8,514,3,31,5,13,1,0.2604,0,5.6923,8.6,0,0,0.0769,0.0769
4813042,1989,10665,1987,"DK","",15895,3,10,714,2,22,2,5,1,0,0,3.8,2.5,0,0,0,0
4813155,1989,10672,1987,"DK","",15830,3,1,34,1,19,16,3,0.75,0.6667,0.6111,5.3333,18.25,0,0,0,0
4813168,1989,10672,1987,"DK","",,1,5,40,6,69,3,0,0.6667,,0.5,,37.3333,,,,
4813197,1989,10672,1987,"DK","",513740,3,19,52,6,69,7,0,1,,0.5714,,10.7143,0,0,,
4813570,1989,10672,1988,"DK","",318275,3,12,220,6,68,2,7,1,0.7347,0,4.8571,8,0,0,0,0
4813572,1989,10672,1987,"DK","",,1,2,221,5,51,3,5,0.6667,0.32,0,5,21,,,,
4814951,1989,10672,1987,"DK","",,1,7,362,4,42,12,4,1,0.625,0.6944,7.25,9.9167,,,,
4816439,1989,10679,1987,"DK","",406780,3,16,514,3,31,2,12,1,0.5694,0.5,6.3333,3.5,0,0,0,0
4816441,1989,10679,1986,"DK","",410070,3,22,514,3,31,0,0,,,,,,,,,
4816580,1989,10679,1987,"DK","",709942,3,11,540,1,14,1,0,1,,0,,2,0,0,,
4816669,1989,10679,1987,"DK","",15895,3,6,356,4,43,3,3,1,0,0,3.3333,11.3333,0,0,0,0
4817515,1989,10686,1986,"DK","",,1,19,99,6,61,11,4,0.7273,0,0.6563,4,20.4545,,,,
4817538,1989,10686,1984,"DK","",52570,2,4,108,6,69,51,4,0.8235,0.625,0.7438,5.5,19.6471,0,0,0,0
4818695,1989,10686,1987,"DK","",410070,3,9,435,3,33,6,13,1,0,0.6111,3,9,0,0,0,0
4818882,1989,10686,1987,"DK","",15805,3,9,250,4,44,10,10,0.7,0.54,0.4082,6,16.5,0,0,0,0
4819642,1989,10693,1987,"DK","",134845,3,3,607,3,32,1,4,1,0.625,0,4.75,2,0,0,0,0
4820171,1989,10693,1987,"DK","",40695,3,12,439,4,41,6,3,1,0.6667,0.7222,6.6667,10.6667,0,0,0,0
4820527,1989,10693,1988,"DK","",134390,3,45,426,6,61,1,2,0,0.5,,5,48,0,0,0,0
4820919,1989,10693,1988,"DK","",542025,3,2,250,4,44,5,3,1,0.4444,0.48,2,14.2,0,0,0,0
4822180,1989,10700,1987,"DK","",338095,3,2,383,6,68,5,4,0.6,0.5,0,5.75,25.2,0,0,0,0
4822455,1989,10700,1987,"DK","",99215,3,7,202,1,19,13,2,0.9231,0.5,0.6806,5.5,18.2308,0,0,0,0
4822574,1989,10700,1987,"DK","",202035,3,6,422,1,19,7,1,0.7143,0,0.56,11,20.4286,0,0,0,0
4824155,1989,10707,1987,"DK","",135040,3,6,294,5,59,4,3,1,0.6667,0.625,6.6667,10,0.3333,0.25,0,0
4825711,1989,10714,1987,"DK","",517970,3,6,73,4,43,9,0,1,,0.8148,,10.8889,0,0,,
4826495,1989,10714,1987,"DK","",111345,3,8,604,3,32,0,3,,0,,7,,,,0,0
4826699,1989,10714,1987,"DK","",232835,3,13,426,6,61,7,7,1,0.6122,0,7,16.5714,0,0,0,0
4826763,1989,10714,1986,"DK","",410070,3,2,435,3,33,3,3,1,0.4444,0.4444,7,4.3333,0.5,0.3333,0,0
4826767,1989,10714,1986,"DK","",410070,3,7,435,3,33,1,3,1,0.4444,0,7,5,0,0,0,0
4826987,1989,10714,1986,"DK","",709942,3,12,546,1,14,3,6,1,0.4444,0.4444,4.6667,3.3333,0,0,0.1667,0.1667
4827257,1989,10714,1987,"DK","",40695,3,6,340,2,21,4,0,1,,0.375,,8.5,0,0,,
4827734,1989,10721,1986,"DK","",41885,3,3,62,6,69,6,1,0.8333,0,0.56,6,12.8333,0,0,0,0
4827777,1989,10721,1988,"DK","",233895,3,4,73,4,43,5,0,1,,0,,10.2,0,0,,
4827800,1989,10721,1988,"DK","",134690,3,2,475,5,53,11,9,0.6364,0.8395,0.7755,5.5556,26.6364,0.2,0.0909,0,0
4828272,1989,10721,1988,"DK","",134690,3,6,277,6,67,2,5,1,0.72,0,3,11.5,0,0,0,0
4828408,1989,10721,1988,"DK","",595705,3,11,400,5,59,9,4,1,0.375,0.3457,5.25,3.6667,0,0,0,0
4828541,1989,10721,1988,"DK","",,1,6,494,1,19,7,3,0.8571,0,0,3.3333,15.5714,,,,
4828553,1989,10721,1986,"DK","",111345,3,6,604,3,32,5,5,1,0,0.32,4.6,11.6,0,0,0,0
4828634,1989,10721,1987,"DK","",15895,3,6,156,1,19,4,0,1,,0.375,,12.25,0,0,,
4829450,1989,10721,1986,"DK","",,1,35,706,2,22,0,8,,0.6563,,6.625,,,,,
4829696,1989,10728,1988,"DK","",,1,5,43,6,61,5,3,0.4,0,0,6,31.4,,,,
4830834,1989,10728,1987,"DK","",167035,2,11,422,1,19,3,3,1,0.6667,0.6667,7.6667,19.6667,0,0,0,0
4831025,1989,10728,1987,"DK","",709942,3,23,514,3,31,1,0,1,,0,,8,0,0,,
4831119,1989,10728,1986,"DK","",,1,23,530,1,15,1,4,1,0.625,0,6.25,2,,,,
4831910,1989,10735,1987,"DK","",,1,5,83,5,51,3,4,0.3333,0,0,7.5,39.6667,,,,
4832588,1989,10735,1987,"DK","",611775,3,4,425,5,51,4,3,0.25,0,0,3.6667,52,0,0,0,0
4832744,1989,10735,1988,"DK","",228655,3,6,106,1,12,5,0,1,,0.72,,6.4,0,0,,
4833391,1989,10735,1987,"DK","",271615,3,9,320,4,45,3,2,1,0.5,0,7.5,7,0,0,0,0
4833402,1989,10735,1987,"DK","",,1,18,324,4,43,3,22,1,0.3223,0.4444,6.6818,9,,,,
4834012,1989,10742,1987,"DK","",,1,8,114,5,55,8,0,0.625,,0.32,,23.25,,,,
4834142,1989,10742,1988,"DK","",297210,3,4,137,6,69,6,0,1,,0.2778,,15.5,0,0,,
4834624,1989,10742,1987,"DK","",233895,3,7,417,5,53,9,13,1,0.5799,0.6667,7,8.8889,0,0,0.1538,0.1538
4836401,1989,10749,1988,"DK","",444820,3,14,53,6,68,5,1,1,0,0.48,2,11.6,0,0,0,0
4836907,1989,10749,1987,"DK","",721306,3,23,204,1,19,4,5,1,0.56,0,4.8,8,0.25,0.25,0.25,0.2
4836950,1989,10749,1986,"DK","",125735,3,13,510,1,19,4,30,0.75,0.6333,0.4444,7.0333,17,0,0,0.0357,0.0333
4837241,1989,10749,1987,"DK","",39990,3,9,514,3,31,2,28,1,0.2934,0.5,6.5,8.5,0,0,0,0
4838358,1989,10756,1987,"DK","",293410,3,6,172,6,64,8,2,0.5,0.5,0.375,3,32,0,0,0,0
4838850,1989,10756,1987,"DK","",,1,7,600,3,32,12,5,1,0.56,0.4028,7.8,11.6667,,,,
4839185,1989,10756,1988,"DK","",77275,3,8,426,6,61,3,4,0.6667,0.625,0.5,5.5,17.6667,0.5,0.3333,0,0
4840015,1989,10763,1988,"DK","",547040,3,12,53,6,68,1,1,0,0,,4,55,0,0,0,0
4840208,1989,10763,1988,"DK","",547040,3,2,144,5,51,2,1,0.5,0,0,5,26,0,0,1,1
4840416,1989,10763,1987,"DK","",135040,3,6,294,5,59,4,2,1,0.5,0.75,5.5,2.5,0.25,0.25,0,0
4840692,1989,10763,1987,"DK","",111345,3,14,156,1,19,13,19,1,0.4931,0.6391,7.1579,12.5385,0,0,0,0
4840944,1989,10763,1980,"DK","",709942,3,8,514,3,31,5,0,1,,0.48,,11.8,0.2,0.2,,
4841270,1989,10763,1988,"DK","",584890,3,3,336,4,41,9,0,0.7778,,0.6939,,24.7778,0,0,,
4841840,1989,10770,1987,"DK","",,1,8,89,5,59,5,6,0.6,0,0.4444,6.1667,30,,,,
4842480,1989,10770,1987,"DK","",233895,3,6,415,5,53,7,1,0.2857,0,0.5,4,34.1429,0,0,0,0
4842725,1989,10770,1988,"DK","",233895,3,11,210,1,19,2,2,1,0.5,0,6,4,0,0,0,0
4843774,1989,10777,1987,"DK","",611105,3,3,52,6,69,8,1,0.875,0,0.449,2,19.375,0,0,0,0
4844081,1989,10777,1987,"DK","",406105,3,5,600,3,32,4,6,1,0.4444,0.5,3.5,3,0,0,0,0
4844415,1989,10777,1988,"DK","",40450,3,3,251,5,53,4,0,0,,,,80.75,0,0,,
4844696,1989,10777,1988,"DK","",409925,3,8,416,1,19,6,0,0.8333,,0,,16.8333,0,0,,
4844697,1989,10777,1988,"DK","",409925,3,6,416,1,19,11,0,0.1818,,0,,37.0909,0,0,,
4845095,1989,10777,1988,"DK","",39990,3,8,514,3,31,1,0,1,,0,,12,0,0,,
4845794,1989,10784,1988,"DK","",483910,3,14,15,6,69,11,9,0.3636,0.3457,0,5.4444,44.1818,0,0,0,0
4845897,1989,10784,1988,"DK","",67295,3,7,451,5,51,11,0,0.6364,,0.2449,,24.8182,0.2,0.0909,,
4845956,1989,10784,1988,"DK","",134690,3,9,62,6,69,6,7,1,0,0,5.8571,2.6667,0,0,0,0
4846048,1989,10784,1987,"DK","",,5,8,92,5,53,11,3,1,0.6667,0.6942,6.3333,5.6364,,,,
4846248,1989,10784,1988,"DK","",613215,3,6,160,6,69,4,3,0.75,0.6667,0,8.6667,25.25,0,0,0,0
4846464,1989,10784,1988,"DK","",,1,7,482,5,59,20,5,0.75,0,0.1244,3.6,22.4,,,,
4846750,1989,10784,1986,"DK","",279465,3,5,446,6,62,12,7,1,0.2449,0.6806,9.8571,13.4167,0.3333,0.0833,0,0
4847254,1989,10784,1988,"DK","",253580,3,10,514,3,31,3,9,1,0.1975,0.4444,5.6667,14.6667,0,0,0.4444,0.4444
4847266,1989,10784,1987,"DK","",709942,3,16,514,3,31,2,0,1,,0.5,,5.5,0.5,0.5,,
4848993,1989,10791,1987,"DK","",202035,3,8,55,1,13,17,1,0.6471,0,0.5455,8,27.8235,0,0,0,0
4849348,1989,10791,1986,"DK","",15830,3,13,435,3,33,0,1,,0,,9,,,,0,0
4850021,1989,10791,1987,"DK","",,1,13,381,4,49,2,0,1,,0,,7.5,,,,
4850439,1989,10798,1987,"DK","",135040,3,26,175,6,64,7,2,0.8571,0,0.7222,6,10.7143,0,0,0,0
4850491,1989,10798,1988,"DK","",547040,3,9,209,5,51,8,1,1,0,0.75,6,9.875,0,0,0,0
4851236,1989,10798,1987,"DK","",,1,5,426,6,61,2,0,0,,,,45,,,,
4852331,1989,10805,1987,"DK","",480105,3,8,53,6,68,11,3,1,0,0,5,14.5455,0,0,0,0
4853166,1989,10805,1988,"DK","",40005,3,10,264,5,51,5,0,1,,0.56,,10,0,0,,
4853220,1989,10805,1986,"DK","",395870,3,6,514,3,31,1,3,1,0.6667,0,7.6667,4,0,0,0,0
4853671,1989,10805,1988,"DK","",134690,3,6,338,4,41,3,0,1,,0.4444,,16,0,0,,
4853749,1989,10805,1988,"DK","",180080,3,4,355,5,54,4,1,1,0,0.5,3,13,0,0,0,0
4854099,1989,10812,1987,"DK","",298895,3,2,52,6,69,5,4,0.2,0,0,6.5,38.2,0,0,0.3333,0.25
4854742,1989,10812,1987,"DK","",279465,3,3,384,5,59,4,6,0.75,0,0,10,23.75,0,0,0,0
4854870,1989,10812,1987,"DK","",,1,9,433,3,39,8,3,0.375,0,0,8,49.75,,,,
4855307,1989,10812,1987,"DK","",253580,3,8,514,3,31,2,1,1,0,0.5,1,16,0,0,0,0
4856061,1989,10812,1984,"DK","",538025,3,4,380,2,22,11,1,1,0,0.314,12,7.1818,0,0,0,0
4856824,1989,10819,1988,"DK","",407450,3,4,285,6,67,26,3,0.6538,0.6667,0.7266,5.3333,24.4615,0,0,0,0
4857369,1989,10819,1987,"DK","",444820,3,6,428,6,69,7,5,1,0.8,0.449,5.4,13,0,0,0,0
4858330,1989,10826,1988,"DK","",,1,10,33,6,69,6,0,0.1667,,0,,39.3333,,,,
4858479,1989,10826,1987,"DK","",548505,3,8,73,4,43,5,2,1,0.5,0.64,5.5,5.4,0,0,0,0
4858482,1989,10826,1988,"DK","",,1,4,74,5,59,11,2,0.8182,0.5,0.716,4,15.8182,,,,
4858515,1989,10826,1985,"DK","",134690,3,1,91,5,53,6,2,1,0.5,0.6111,9.5,15.1667,0,0,0,0
4858875,1989,10826,1988,"DK","",382130,3,6,248,6,69,9,3,0.4444,0.6667,0.375,5.6667,34.7778,0,0,0,0
4859589,1989,10826,1987,"DK","",410070,3,11,435,3,33,1,3,1,0,0,4.6667,25,0,0,0,0
4860670,1989,10833,1988,"DK","",299555,3,16,110,6,66,6,4,1,0.625,0.6667,7.25,7,0,0,0,0
4861062,1989,10833,1987,"DK","",,1,10,280,5,55,6,5,0.3333,0,0,7.8,34.8333,,,,
4861535,1989,10833,1986,"DK","",254145,3,4,264,5,51,12,0,1,,0.8056,,12,0,0,,
4861606,1989,10833,1988,"DK","",,1,2,426,6,61,4,3,0.75,0,0.4444,5.3333,15.75,,,,
4863491,1989,10840,1988,"DK","",250060,2,9,95,1,13,13,13,1,0.7337,0.6627,3.8462,9.1538,0,0,0.2727,0.2308
4863670,1989,10840,1983,"DK","",569585,3,3,264,5,51,11,2,0.7273,0,0,12,24.2727,0,0,0,0
4864152,1989,10840,1988,"DK","",,1,8,290,4,45,5,1,1,0,0.32,10,6.6,,,,
4864756,1989,10847,1987,"DK","",111590,3,6,40,6,69,13,3,0.7692,0,0.18,6.6667,22.3846,0,0,0,0
4865566,1989,10847,1988,"DK","",364845,3,5,439,4,41,3,5,0.6667,0.56,0.5,3.6,31,0,0,0,0
4866048,1989,10847,1987,"DK","",709942,3,16,514,3,31,6,26,1,0.642,0,6.8846,5.3333,0,0,0.0769,0.0769
4866065,1989,10847,1988,"DK","",39990,3,7,514,3,31,5,1,1,0,0,2,2.8,0.6,0.6,0,0
4866077,1989,10847,1988,"DK","",253580,3,15,514,3,31,2,12,1,0,0,3.9167,6,0,0,0,0
4866711,1989,10847,1987,"DK","",103170,3,19,370,2,21,5,4,1,0.375,0.56,6,12,0,0,0,0
4867173,1989,10854,1986,"DK","",362770,3,16,600,3,32,7,41,0.8571,0.6187,0,7.878,15.5714,0,0,0,0
4867642,1989,10854,1988,"DK","",134970,3,7,416,1,19,9,0,0.4444,,0,,35.1111,0,0,,
4867748,1989,10854,1987,"DK","",111345,3,5,604,3,32,4,22,0.75,0.7521,0,7.4545,14,0.5,0.25,0.1176,0.0909
4867797,1989,10854,1988,"DK","",721306,3,12,134,6,69,7,4,1,0.625,0.2449,4.25,14.7143,0,0,0.25,0.25
4867939,1989,10854,1987,"DK","",,1,17,376,4,44,2,7,1,0.6122,0.5,5.2857,7,,,,
4868604,1989,10854,1989,"DK","",180080,3,10,355,5,54,1,1,1,0,0,7,5,0,0,0,0
4869277,1989,10861,1987,"DK","",15545,3,23,15,6,69,11,15,0.6364,0.7733,0.7347,6.2,23.1818,0,0,0,0
4869434,1989,10861,1988,"DK","",202035,3,2,241,5,51,7,5,0.5714,0,0,4.8,20.2857,0.75,0.4286,0.2,0.2
4869726,1989,10861,1988,"DK","",298125,3,6,8,1,11,3,0,1,,0.6667,,15.6667,0,0,,
4869875,1989,10861,1985,"DK","",,1,16,422,1,19,8,3,1,0.4444,0.4063,6.6667,7,,,,
4870063,1989,10861,1987,"DK","",709942,3,8,514,3,31,2,2,1,0,0.5,7,7.5,0,0,0,0
4870073,1989,10861,1986,"DK","",39990,3,7,514,3,31,1,2,1,0.5,0,8.5,1,1,1,0,0
4870196,1989,10861,1988,"DK","",134930,3,14,549,1,14,3,4,0.6667,0.625,0.5,7.25,25.3333,0,0,0,0
4870892,1989,10868,1989,"DK","",134690,3,14,91,5,53,5,4,1,0.375,0.32,3.25,9.6,0,0,0.25,0.25
4871060,1989,10868,1983,"DK","",,1,3,198,5,59,4,1,0,0,,9,43,,,,
4871093,1989,10868,1987,"DK","",,1,8,222,1,19,15,5,0.6667,0.8,0.66,5,28.2667,,,,
4871300,1989,10868,1988,"DK","",134690,3,14,417,5,53,5,4,0.4,0.375,0.5,3.5,28,0,0,0,0
4871542,1989,10868,1987,"DK","",192855,3,15,424,3,31,30,7,1,0.7347,0.5444,7.5714,10.3333,0,0,0,0
4871571,1989,10868,1987,"DK","",410070,3,3,426,6,61,5,5,1,0.32,0.72,6.4,11.8,0,0,0,0
4871897,1989,10868,1988,"DK","",719481,3,22,219,4,49,1,3,1,0,0,3.3333,5,0,0,0,0
4872204,1989,10868,1987,"DK","",386735,2,6,455,2,21,4,4,1,0.625,0.625,5.75,2.5,0.5,0.5,0,0
4872407,1989,10875,1988,"DK","",,1,5,101,6,69,10,12,1,0.4028,0.48,6,8.4,,,,
4873040,1989,10875,1988,"DK","",376480,2,1,264,5,51,10,0,0.7,,0.2449,,22.4,0,0,,
4873244,1989,10875,1988,"DK","",39990,3,9,514,3,31,3,7,1,0.2449,0.4444,3,2.3333,0.6667,0.6667,0.2857,0.2857
4873344,1989,10875,1987,"DK","",253580,3,9,549,1,14,1,2,1,0,0,7.5,17,0,0,1,1
4874501,1989,10882,1988,"DK","",721306,3,12,204,1,19,5,2,1,0,0.48,5.5,9,0,0,0,0
4876198,1989,10889,1988,"DK","",410070,3,8,435,3,33,5,4,1,0,0.48,7,10.4,0.4,0.4,0,0
4877372,1989,10896,1988,"DK","",233895,3,2,415,5,53,4,4,0.5,0.375,0,3.5,21.75,0,0,0,0
4877799,1989,10896,1987,"DK","",39990,3,8,514,3,31,7,4,1,0.375,0.4082,3.75,8.5714,0.7143,0.7143,0.3333,0.25
4878541,1989,10903,1988,"DK","",,1,8,168,6,69,5,3,0,0.4444,,3.3333,80.2,,,,
4878702,1989,10903,1987,"DK","",172085,3,9,292,6,69,7,4,0.8571,0.625,0.5,3.25,18,0,0,0,0
4879190,1989,10903,1988,"DK","",371710,2,21,429,4,45,8,20,0.875,0.65,0.4082,6.55,8.5,0.2,0.125,0,0
4879841,1989,10910,1987,"DK","",77420,3,8,47,6,61,5,1,0.8,0,0.375,9,16.6,0,0,0,0
4879949,1989,10910,1988,"DK","",266780,3,12,101,6,69,2,4,1,0,0.5,2.5,10.5,0,0,0,0
4880269,1989,10910,1988,"DK","",357345,3,9,296,5,55,4,4,0.75,0,0.4444,3,17.75,0,0,0,0
4880794,1989,10910,1987,"DK","",,1,4,514,3,31,6,2,1,0,0.5,2,7.5,,,,
4880799,1989,10910,1989,"DK","",39990,3,12,514,3,31,1,1,1,0,0,0,1,1,1,0,0
4881825,1989,10917,1988,"DK","",594430,3,19,383,6,68,5,2,0.8,0.5,0.375,2.5,20.2,0,0,0,0
4882325,1989,10917,1988,"DK","",709942,3,3,514,3,31,3,1,1,0,0.4444,2,16.3333,0,0,0,0
4882598,1989,10917,1987,"DK","",103485,3,73,250,4,44,6,4,1,0.75,0.4444,5.5,6.6667,0,0,0,0
4882779,1989,10917,1988,"DK","",433745,3,12,705,2,22,10,13,1,0.7456,0.8,5.6154,7,0,0,0,0
4882815,1989,10924,1988,"DK","",,1,3,24,6,63,11,5,0.9091,0.32,0.7,7.8,19,,,,
4882870,1989,10924,1988,"DK","",,1,4,43,6,61,4,0,0.5,,0,,21,,,,
4883087,1989,10924,1987,"DK","",266710,3,22,137,6,69,2,0,1,,0.5,,14,0,0,,
4883109,1989,10924,1988,"DK","",613215,3,14,160,6,69,8,4,0.875,0.375,0,6.25,15.25,0,0,0,0
4884262,1989,10924,1987,"DK","",421895,3,4,369,2,24,6,1,1,0,0,3,10.5,0,0,0,0
4884833,1989,10931,1988,"DK","",,1,10,292,6,69,7,2,0.2857,0.5,0.5,7.5,46.4286,,,,
4885049,1989,10931,1987,"DK","",111345,3,8,156,1,19,9,8,0.6667,0.2188,0.5,5.375,20.1111,0,0,0.2857,0.25
4885848,1989,10938,1988,"DK","",40755,3,18,34,1,19,1,3,1,0,0,6.3333,3,0,0,0,0
4886213,1989,10938,1984,"DK","",311690,3,4,239,5,59,4,1,0.25,0,0,8,74,0,0,0,0
4886337,1989,10938,1988,"DK","",135105,3,8,385,2,21,9,4,1,0.375,0,3,4.3333,0,0,0,0
4886753,1989,10938,1986,"DK","",15830,3,9,800,3,33,0,19,,0.5817,,8.6316,,,,0,0
4886797,1989,10938,1989,"DK","",39990,3,6,514,3,31,0,1,,0,,7,,,,0,0
4887126,1989,10938,1988,"DK","",180090,3,7,355,5,54,4,1,1,0,0.5,5,13.25,0,0,0,0
4887300,1989,10938,1988,"DK","",15805,3,6,381,4,49,4,2,1,0,0,2.5,10.75,0,0,0,0
4888529,1989,10945,1988,"DK","",52565,3,11,315,4,42,0,3,,0.4444,,6.3333,,,,0,0
4888855,1989,10952,1988,"DK","",82145,3,3,452,6,61,4,5,0.5,0,0.5,6.6,40.25,0,0,0,0
4889664,1989,10952,1988,"DK","",612390,2,21,264,5,51,2,44,1,0.7779,0.5,6.8636,3,0.5,0.5,0,0
4889698,1989,10952,1987,"DK","",40755,3,10,423,1,19,3,20,1,0.625,0.4444,7.55,9.3333,0.5,0.3333,0,0
4889855,1989,10952,1988,"DK","",39990,3,12,514,3,31,1,17,1,0.1107,0,6.5882,20,0,0,0,0
4890201,1989,10952,1988,"DK","",218375,3,8,362,4,42,6,9,0.8333,0.3704,0.32,4.7778,12.6667,0,0,0,0
4891048,1990,10959,1988,"DK","",40175,3,3,29,5,52,10,3,0.8,0.4444,0,4.3333,20.1,0.1667,0.1,0,0
4892825,1990,10966,1988,"DK","",410070,3,18,435,3,33,7,5,1,0.48,0,6.6,10.2857,0.2857,0.2857,0,0
4892878,1990,10966,1987,"DK","",253580,3,4,514,3,31,4,0,1,,0.375,,19.25,0,0,,
4893007,1990,10966,1988,"DK","",134690,3,9,250,4,44,5,3,1,0.4444,0.32,4.3333,2.6,0,0,0,0
4893344,1990,10966,1988,"DK","",226925,3,4,381,4,49,9,19,0.6667,0.5263,0.6667,6.0526,22.3333,0,0,0.1429,0.1053
4893415,1990,10973,1987,"DK","",,1,12,34,1,19,3,9,0.6667,0.1975,0,7.5556,29.3333,,,,
4893500,1990,10973,1988,"DK","",467165,3,12,73,4,43,2,2,1,0,0,3.5,7.5,0,0,0,0
4893554,1990,10973,1988,"DK","",213115,3,4,99,6,61,10,0,0.8,,0.6563,,24.1,0,0,,
4893569,1990,10973,1988,"DK","",,1,4,109,6,69,6,0,0.5,,0.4444,,36.3333,,,,
4893957,1990,10973,1988,"DK","",184590,3,9,401,1,12,6,2,0.1667,0.5,0,8.5,45.3333,0,0,0,0
4894040,1990,10973,1987,"DK","",279465,3,8,446,6,62,15,7,0.8667,0,0.6036,10,17.4667,0.125,0.0667,0,0
4894059,1990,10973,1987,"DK","",111345,3,7,604,3,32,11,7,0.6364,0.4082,0.2449,6.2857,23.1818,0,0,0.2857,0.2857
4895033,1990,10980,1989,"DK","",,1,2,73,4,43,10,3,1,0.6667,0.74,5.6667,4.9,,,,
4895069,1990,10980,1989,"DK","",492670,3,5,99,6,61,11,1,1,0,0.5455,7,12.5455,0,0,1,1
4896415,1990,10987,1988,"DK","",,1,6,29,5,52,28,8,0.8571,0.8125,0.7743,5.625,16.6071,,,,
4896631,1990,10987,1988,"DK","",135,3,15,122,6,66,17,3,1,0.4444,0.6021,4.6667,7.7647,0,0,0,0
4896711,1990,10987,1988,"DK","",,1,14,157,5,59,4,0,0.5,,0,,30,,,,
4897066,1990,10987,1988,"DK","",279465,3,8,446,6,62,8,7,0.625,0,0.48,8.7143,35.25,0,0,0.1429,0.1429
4898056,1990,10994,1988,"DK","",236580,3,14,83,5,51,15,1,0.6,0,0.5185,8,33.1333,0,0,0,0
4898103,1990,10994,1988,"DK","",629705,3,9,108,6,69,8,6,0.625,0.5,0.32,5.3333,23.625,0,0,0,0
4899054,1990,10994,1988,"DK","",218550,2,14,250,4,44,11,8,1,0.2188,0.1653,4.75,8.0909,0.1818,0.1818,0,0
4899271,1990,10994,1988,"DK","",495980,3,3,363,4,45,1,11,0,0.314,,7.0909,60,0,0,0.0909,0.0909
4899643,1990,11001,1987,"DK","",,1,20,92,5,53,2,2,1,0.5,0.5,8.5,13.5,,,,
4899884,1990,11001,1988,"DK","",,1,10,206,6,68,13,3,0.6154,0.6667,0.4063,4.3333,27.6154,,,,
4900188,1990,11001,1989,"DK","",,1,18,405,6,64,9,3,0.8889,0,0.2188,6,14.2222,,,,
4901403,1990,11008,1988,"DK","",,1,17,24,6,63,16,2,0.9375,0.5,0.6044,6.5,17.4375,,,,
4901830,1990,11008,1988,"DK","",134690,3,17,192,5,53,7,2,0.8571,0,0,6,15.1429,0,0,0.5,0.5
4902554,1990,11008,1988,"DK","",376480,2,7,428,6,69,10,3,0.7,0.4444,0.449,5.6667,24.9,0,0,0.6667,0.6667
4902558,1990,11008,1988,"DK","",,1,17,428,6,69,5,0,0.8,,0.625,,14,,,,
4902618,1990,11008,1986,"DK","",616295,2,2,435,3,33,2,0,1,,0.5,,7.5,0,0,,
4902686,1990,11008,1989,"DK","",39990,3,11,514,3,31,3,4,1,0,0.4444,2,3.3333,0.6667,0.6667,0.25,0.25
4903590,1990,11015,1988,"DK","",203385,3,13,99,6,61,5,11,1,0.6446,0.48,7.3636,11.4,0,0,0,0
4904020,1990,11015,1988,"DK","",134475,3,1,297,6,65,4,1,0.5,0,0,5,39.25,0,0,0,0
4904441,1990,11015,1988,"DK","",205005,3,17,376,4,44,2,1,1,0,0.5,3,18,0,0,0,0
4904479,1990,11015,1987,"DK","",134535,3,5,424,3,31,10,61,1,0.1872,0.58,7.0333,5.9,0,0,0.0364,0.0328
4906312,1990,11022,1988,"DK","",613215,3,4,156,1,19,2,1,0,0,,2,56,0,0,0,0
4906396,1990,11022,1987,"DK","",16795,3,19,510,1,19,2,22,0.5,0.562,0,6.8182,24.5,0,0,0,0
4906431,1990,11022,1987,"DK","",92145,3,14,419,5,52,8,1,0.875,0,0.5714,10,12.75,0,0,0,0
4906504,1990,11022,1988,"DK","",480105,3,16,428,6,69,2,2,1,0.5,0.5,4.5,7,0,0,0,0
4906529,1990,11022,1987,"DK","",92145,3,8,428,6,69,3,4,1,0.375,0.4444,5.25,13,0,0,0,0
4906734,1990,11022,1986,"DK","",410070,3,1,530,1,15,5,1,1,0,0.64,6,6.8,0,0,0,0
4908011,1990,11029,1988,"DK","",52010,3,14,600,3,32,11,3,1,0.6667,0.7107,2.6667,5.1818,0,0,0,0
4908703,1990,11029,1988,"DK","",345015,3,4,348,4,49,6,3,1,0.6667,0.5,4,10.3333,0,0,0.5,0.3333
4908757,1990,11029,1989,"DK","",233895,3,3,363,4,45,10,3,0.8,0.4444,0.5313,3,21.9,0,0,0.3333,0.3333
4908774,1990,11029,1988,"DK","",14405,3,4,702,2,22,11,5,1,0.72,0.1653,6,9.3636,0.2727,0.2727,0.2,0.2
4909282,1990,11036,1988,"DK","",480105,3,13,138,6,67,11,2,0.9091,0,0.42,8.5,20.1818,0,0,0,0
4909448,1990,11036,1988,"DK","",202035,3,16,241,5,51,5,0,1,,0.56,,14.2,0,0,,
4910027,1990,11036,1988,"DK","",495900,3,5,426,6,61,5,1,1,0,0.56,8,9.2,0.2,0.2,0,0
4910259,1990,11036,1988,"DK","",632135,3,18,525,1,15,5,6,1,0.7778,0.48,5.1667,4.6,0,0,0,0
4910492,1990,11036,1989,"DK","",134690,3,14,338,4,41,3,0,1,,0.4444,,17,0,0,,
4910684,1990,11036,1988,"DK","",202030,3,1,700,2,22,4,14,1,0.7245,0.375,5.2857,8.75,0,0,0,0
4910838,1990,11043,1988,"DK","",15805,3,9,29,5,52,5,0,0.8,,0.625,,10,0,0,,
4911014,1990,11043,1988,"DK","",14405,3,3,73,4,43,5,1,1,0,0,4,8.6,0.4,0.4,0,0
4912108,1990,11043,1989,"DK","",39990,3,8,514,3,31,1,13,1,0,0,3.6923,2,0,0,0.0833,0.0769
4912415,1990,11043,1988,"DK","",,1,18,324,4,43,6,8,0.8333,0.5313,0.48,4.5,16.5,,,,
4912804,1990,11050,1988,"DK","",207970,3,19,15,6,69,3,2,0.3333,0,0,5,48.3333,0,0,0,0
4912817,1990,11050,1989,"DK","",532240,3,6,24,6,63,12,4,0.25,0.75,0.6667,4.5,41.6667,0.6667,0.1667,0.3333,0.25
4912972,1990,11050,1988,"DK","",292675,3,17,73,4,43,7,0,0.8571,,0.2778,,21.5714,0,0,,
4915889,1990,11057,1988,"DK","",405320,3,14,264,5,51,17,1,0.9412,0,0.7031,5,8.8824,0,0,0,0
4916212,1990,11057,1985,"DK","",410070,3,32,530,1,15,4,7,1,0.5714,0,8.7143,6,0.25,0.25,0,0
4917762,1990,11064,1988,"DK","",,1,8,162,1,19,5,0,1,,0.72,,17,,,,
4919042,1990,11071,1988,"DK","",492670,3,4,99,6,61,7,3,0.8571,0.4444,0.2778,7.6667,15.4286,0,0,0.3333,0.3333
4919908,1990,11071,1989,"DK","",238050,3,13,423,1,19,11,2,1,0.5,0.314,7.5,9.1818,0,0,0,0
4919951,1990,11071,1988,"DK","",590640,3,10,426,6,61,7,2,0.7143,0,0.48,4.5,16.2857,0,0,0,0
4920048,1990,11071,1985,"DK","",410070,3,10,435,3,33,0,6,,0.4444,,11.1667,,,,0,0
4920713,1990,11078,1989,"DK","",613215,3,7,52,6,69,0,4,,0,,5.25,,,,0,0
4922857,1990,11085,1988,"DK","",,1,13,119,6,61,14,2,0.7857,0,0,3,22.2857,,,,
4923085,1990,11085,1988,"DK","",135455,2,10,220,6,68,12,3,0.3333,0,0.375,3.3333,35.3333,0,0,0.6667,0.6667
4923280,1990,11085,1989,"DK","",133425,3,20,359,5,54,10,13,0.8,0.568,0.2188,3.4615,13.6,0,0,0.0833,0.0769
4923375,1990,11085,1989,"DK","",,1,14,417,5,53,9,2,0.5556,0.5,0,4,30.5556,,,,
4923665,1990,11085,1988,"DK","",15790,3,5,264,5,51,1,63,1,0.6505,0,6.5714,22,0,0,0,0
4923880,1990,11085,1989,"DK","",253580,3,9,514,3,31,0,0,,,,,,,,,
4925720,1990,11092,1989,"DK","",415550,3,8,428,6,69,2,10,1,0.8,0.5,6,5.5,0,0,0,0
4925858,1990,11092,1989,"DK","",253580,3,15,514,3,31,0,1,,0,,0,,,,0,0
4927080,1990,11099,1989,"DK","",242840,3,3,239,5,59,5,11,0.8,0.1653,0.625,4.3636,14,0,0,0,0
4927558,1990,11099,1988,"DK","",410070,3,14,510,1,19,8,7,1,0.4898,0.5938,5.1429,13.375,0,0,0,0
4929820,1990,11106,1988,"DK","",376460,3,6,235,5,59,10,2,0.8,0.5,0.5313,6.5,22.4,0,0,0,0
4930996,1990,11113,1989,"DK","",233895,3,5,417,5,53,4,5,0.5,0.64,0.5,4.6,23,0,0,0,0
4931450,1990,11113,1988,"DK","",410070,3,15,514,3,31,2,2,1,0.5,0,1.5,5,0,0,0,0
4932784,1990,11120,1988,"DK","",85115,3,18,356,4,43,4,6,1,0.2778,0.375,7.6667,3.75,0,0,0,0
4932949,1990,11120,1988,"DK","",42365,3,12,604,3,32,13,0,0.8462,,0.1653,,18,0,0,,
4933330,1990,11120,1988,"DK","",133865,3,30,514,3,31,4,4,1,0.625,0.375,7.75,8.5,0,0,0,0
4933353,1990,11120,1988,"DK","",39990,3,7,514,3,31,0,11,,0,,3.8182,,,,0,0
4934116,1990,11127,1988,"DK","",,1,11,52,6,69,5,2,1,0.5,0.48,5,5.8,,,,
4934257,1990,11127,1988,"DK","",631550,3,9,99,6,61,4,1,0.5,0,0.5,9,31.75,0,0,0,0
4935373,1990,11127,1989,"DK","",721306,3,6,436,1,19,7,1,1,0,0.7347,5,13.2857,0.5,0.2857,0,0
4935862,1990,11127,1987,"DK","",297130,3,9,363,4,45,6,4,1,0.375,0.5,4.5,6.8333,0,0,0.25,0.25
4936153,1990,11134,1988,"DK","",,1,6,73,4,43,5,1,0.8,0,0.375,3,24.4,,,,
4936652,1990,11134,1989,"DK","",133425,3,9,359,5,54,4,9,0.5,0.5926,0,3.5556,25.5,0,0,0.2222,0.2222
4936876,1990,11134,1987,"DK","",202035,3,5,95,1,13,10,3,0.8,0.4444,0.6875,6.6667,13.3,0,0,0,0
4938006,1990,11141,1986,"DK","",,1,11,53,6,68,9,12,1,0.1528,0.716,7.25,14.4444,,,,
4938412,1990,11141,1989,"DK","",,1,30,206,6,68,9,1,0.6667,0,0.7778,3,18.3333,,,,
4939574,1990,11141,1988,"DK","",517970,3,15,348,4,49,4,12,1,0.8472,0.5,6.9167,6.25,0,0,0,0
4939952,1990,11148,1989,"DK","",134690,3,8,74,5,59,3,1,1,0,0.4444,7,9.6667,0,0,0,0
4940106,1990,11148,1989,"DK","",134690,3,16,180,5,55,4,1,1,0,0.375,6,15.25,0,0,0,0
4940538,1990,11148,1989,"DK","",134690,3,10,210,1,19,6,0,1,,0.6667,,11,0,0,,
4941056,1990,11148,1988,"DK","",180080,3,8,358,2,21,3,0,1,,0,,3.3333,0,0,,
4941179,1990,11148,1988,"DK","",226900,3,2,381,4,49,20,2,1,0,0.345,5.5,8.15,0,0,0,0
4941505,1990,11155,1989,"DK","",134690,3,9,137,6,69,11,0,0.6364,,0.4898,,28.2727,0,0,,
4943070,1990,11162,1988,"DK","",376460,3,5,277,6,67,10,3,0.4,0.4444,0.75,5.3333,30.9,0,0,0,0
4943590,1990,11162,1989,"DK","",253580,3,12,514,3,31,2,1,1,0,0.5,5,7,0.5,0.5,1,1
4944227,1990,11169,1988,"DK","",17860,3,5,104,5,55,3,1,0.6667,0,0,1,34,0,0,0,0
4945098,1990,11169,1987,"DK","",709942,3,12,514,3,31,1,2,1,0.5,0,8,2,0,0,0,0
4945302,1990,11169,1988,"DK","",496015,3,14,324,4,43,7,7,1,0.449,0.6122,5.2857,8.8571,0,0,0,0
4946828,1990,11176,1987,"DK","",410090,3,7,514,3,31,3,9,1,0.6914,0.4444,5.7778,13,0,0,0.25,0.2222
4946863,1990,11176,1989,"DK","",253580,3,11,514,3,31,4,6,1,0,0.75,5,13.75,0,0,0.8333,0.8333
4947432,1990,11176,1987,"DK","",580370,3,15,381,4,49,12,17,1,0.2076,0.5278,6.2941,7.9167,0,0,0.1538,0.1176
4948794,1990,11183,1988,"DK","",39990,3,11,514,3,31,4,8,1,0.2188,0.375,5.25,6.75,0.25,0.25,0,0
4949488,1990,11190,1988,"DK","",,1,4,40,6,69,16,1,0.375,0,0,2,47.75,,,,
4950655,1990,11190,1987,"DK","",,1,11,514,3,31,7,3,0.5714,0,0.5,7.6667,26.4286,,,,
4951725,1990,11197,1989,"DK","",547040,3,2,144,5,51,4,1,0.5,0,0,4,46.75,0,0,1,1
4953693,1990,11204,1989,"DK","",534580,2,27,198,5,59,14,24,0.9286,0.0799,0,5.0417,12.2857,0,0,0.1818,0.1667
4955194,1990,11211,1989,"DK","",134690,3,6,60,4,45,10,1,0.7,0,0.6939,1,24.6,0.3333,0.2,0,0
4955444,1990,11211,1989,"DK","",134690,3,7,180,5,55,3,0,1,,0.4444,,7.6667,0,0,,
4955656,1990,11211,1989,"DK","",570510,3,5,294,5,59,3,4,1,0.375,0,4.5,9.6667,0,0,0,0
4956039,1990,11211,1988,"DK","",479235,3,10,156,1,19,13,6,0.9231,0.6111,0.6944,5.5,12.6923,0,0,0,0
4956537,1990,11211,1989,"DK","",,1,32,219,4,49,1,5,1,0.48,0,4,21,,,,
4958958,1990,11225,1989,"DK","",264965,3,22,405,6,64,5,1,1,0,0.32,2,15.4,0,0,0,0
4959003,1990,11225,1988,"DK","",323975,3,4,425,5,51,6,0,0.6667,,0.625,,15.1667,0,0,,
4959233,1990,11225,1987,"DK","",399590,3,4,426,6,61,4,2,1,0.5,0.375,9,7.25,0.3333,0.25,0,0
4959350,1990,11225,1987,"DK","",410070,3,11,514,3,31,4,14,1,0.6122,0.625,6.3571,7,0,0,0,0
4960357,1990,11232,1988,"DK","",294345,3,6,414,5,51,9,1,0.7778,0,0,5,14.5556,0,0,0,0
4960556,1990,11232,1988,"DK","",444820,3,14,264,5,51,5,4,1,0.625,0.56,5,5.4,0.2,0.2,0.25,0.25
4960765,1990,11232,1989,"DK","",189690,3,12,514,3,31,58,1,0.7931,0,0.6654,7,14.2105,0.0625,0.0345,1,1
4960769,1990,11232,1988,"DK","",253580,3,8,514,3,31,2,0,1,,0,,2.5,0.5,0.5,,
4962122,1990,11239,1988,"DK","",39990,3,10,514,3,31,5,1,1,0,0.56,2,15,0,0,0,0
4962602,1990,11246,1988,"DK","",,1,6,40,6,69,6,1,0.6667,0,0.375,8,14.8333,,,,
4963212,1990,11246,1988,"DK","",444855,3,14,156,1,19,8,0,0.75,,0.7222,,15.875,0,0,,
4963778,1990,11246,1990,"DK","",233895,3,2,310,4,45,5,7,1,0.6122,0.32,4.5714,7.8,0,0,0,0
4966006,1990,11260,1989,"DK","",134690,3,15,62,6,69,2,1,0.5,0,0,1,18.5,0,0,0,0
4966302,1990,11260,1988,"DK","",326780,3,4,220,6,68,7,6,1,0.2778,0.4082,5.6667,6.4286,0,0,0,0
4966525,1990,11260,1988,"DK","",,1,5,416,1,19,9,3,0.7778,0.4444,0.6122,2.3333,15.4444,,,,
4966921,1990,11260,1990,"DK","",,1,6,521,1,15,1,0,1,,0,,9,,,,
4967513,1990,11267,1989,"DK","",250490,3,9,451,5,51,4,1,0.5,0,0,3,37,0,0,0,0
4967588,1990,11267,1989,"DK","",135015,3,14,73,4,43,5,0,0.4,,0,,21.4,0,0,,
4967885,1990,11267,1989,"DK","",134690,3,10,192,5,53,5,4,1,0.375,0.32,4,10.8,0,0,0.25,0.25
4968475,1990,11267,1986,"DK","",,1,35,376,4,44,5,2,1,0,0.56,7.5,10.8,,,,
4968682,1990,11267,1988,"DK","",39990,3,8,514,3,31,3,4,1,0.5,0.4444,4.5,3,0.6667,0.6667,0,0
4968694,1990,11267,1987,"DK","",134835,3,17,514,3,31,4,3,0.75,0.4444,0.4444,6.3333,16.25,0,0,0,0
4970158,1990,11274,1987,"DK","",410070,3,6,435,3,33,4,1,1,0,0.375,5,6.75,0.5,0.5,0,0
4970232,1990,11274,1990,"DK","",39990,3,6,514,3,31,2,1,1,0,0,0,7,0,0,0,0
4971771,1990,11281,1988,"DK","",238050,3,11,422,1,19,9,5,1,0.32,0.3704,4.6,7,0,0,0,0
4972722,1990,11288,1989,"DK","",134690,3,11,73,4,43,1,1,1,0,0,3,3,0,0,0,0
4972761,1990,11288,1988,"DK","",134690,3,16,91,5,53,5,1,1,0,0,6,7,0.2,0.2,0,0
4973318,1990,11288,1989,"DK","",138185,3,30,604,3,32,28,44,0.8214,0.0444,0.5709,4.3636,15.8929,0,0,0,0
4973417,1990,11288,1988,"DK","",410070,3,11,510,1,19,9,11,1,0.5124,0.5185,6.6364,10.6667,0.125,0.1111,0,0
4973561,1990,11288,1988,"DK","",63535,3,12,436,1,19,6,16,1,0.7031,0.6667,4.4375,8.1667,0.6667,0.6667,0,0
4974917,1990,11295,1989,"DK","",,1,12,607,3,32,4,4,1,0.625,0.375,4,7.75,,,,
4975967,1990,11295,1989,"DK","",,1,16,381,4,49,14,3,0.5,0.4444,0.6122,4,27.8571,,,,
4976597,1990,11302,1989,"DK","",547040,3,4,425,5,51,2,2,1,0.5,0,5.5,10,0,0,0,0
4976701,1990,11302,1988,"DK","",406780,3,20,604,3,32,5,12,1,0.4028,0,7,10.8,0,0,0,0
4976981,1990,11302,1989,"DK","",34175,3,11,426,6,61,5,2,1,0.5,0.32,7.5,12.6,0,0,1,0.5
4977155,1990,11302,1989,"DK","",39990,3,17,514,3,31,1,10,1,0.18,0,5.4,0,1,1,0,0
4979268,1990,11316,1989,"DK","",406725,3,11,452,6,61,5,4,1,0,0,2.75,18.6,1,0.4,0,0
4979313,1990,11316,1990,"DK","",40755,3,10,34,1,19,3,0,1,,0,,11.3333,0.5,0.3333,,
4979800,1990,11316,1989,"DK","",133425,3,21,359,5,54,1,1,1,0,0,8,5,0,0,0,0
4979992,1990,11316,1988,"DK","",15790,3,61,106,1,12,4,62,1,0.6738,0.375,6.6129,8,0,0,0,0
4980173,1990,11316,1989,"DK","",189690,3,15,424,3,31,15,7,0.4,0.4082,0.4444,5.7143,21.7333,0,0,0.3333,0.2857
4981070,1991,11323,1988,"DK","",134690,3,13,92,5,53,5,2,0.4,0.5,0.5,4.5,55.4,0,0,0,0
4981159,1991,11323,1989,"DK","",134690,3,11,137,6,69,4,4,1,0.375,0,4,6.75,0,0,0.25,0.25
4981420,1991,11323,1989,"DK","",233895,3,7,417,5,53,2,7,1,0.6939,0,4.4286,10.5,1,0.5,0,0
4981465,1991,11323,1990,"DK","",111345,3,4,600,3,32,9,17,0.8889,0.692,0.75,4.2941,15.2222,0.4,0.2222,0,0
4981694,1991,11323,1989,"DK","",438140,3,6,424,3,31,4,0,1,,0.375,,10.25,0,0,,
4981703,1991,11323,1989,"DK","",358490,3,9,426,6,61,1,4,1,0.625,0,5.75,5,0,0,0,0
4981740,1991,11323,1989,"DK","",315185,3,15,428,6,69,20,1,1,0,0.74,3,9.15,0,0,0,0
4982514,1991,11330,1989,"DK","",,1,15,34,1,19,2,2,1,0.5,0,2.5,10,,,,
4982555,1991,11330,1989,"DK","",444820,3,19,53,6,68,13,14,0.8462,0.4694,0,5.8571,19.4615,0,0,0,0
4984014,1991,11330,1989,"DK","",180080,3,9,355,5,54,2,0,1,,0.5,,8,0,0,,
4984277,1991,11330,1988,"DK","",226895,3,2,381,4,49,10,8,1,0.4063,0.54,7.25,12.2,0,0,0,0
4984562,1991,11337,1989,"DK","",,5,12,126,6,66,8,2,0.25,0,0,5,54.25,,,,
4984573,1991,11337,1988,"DK","",237380,3,17,600,3,32,43,24,1,0.684,0.2499,4.625,6.8372,0,0,0,0
4984983,1991,11337,1989,"DK","",202035,3,13,432,6,66,8,10,1,0.7,0.6563,5,8.5,0,0,0,0
4985083,1991,11337,1989,"DK","",40970,3,12,134,6,69,8,2,0.75,0.5,0.2778,7,20.125,0,0,0,0
4985096,1991,11337,1989,"DK","",464285,3,1,156,1,19,5,15,0.8,0.24,0,5.5333,18.6,0,0,0,0
4985230,1991,11337,1988,"DK","",238050,3,14,423,1,19,3,3,1,0.4444,0,7.6667,4.6667,0,0,0,0
4985446,1991,11337,1990,"DK","",39990,3,6,514,3,31,7,2,1,0,0.4898,3.5,10.1429,0.7143,0.7143,0,0
4986597,1991,11344,1990,"DK","",407450,3,8,296,5,55,10,20,0.9,0.345,0.6173,3.65,13.2,0,0,0.1579,0.15
4987546,1991,11344,1989,"DK","",134690,3,4,700,2,22,4,1,1,0,0.5,7,8.75,0,0,0,0
4988276,1991,11351,1988,"DK","",390920,2,14,425,5,51,40,4,0.8,0.375,0.6895,4.25,20.775,0.1111,0.05,1,1
4988322,1991,11351,1987,"DK","",279465,3,4,446,6,62,7,11,1,0.314,0.2449,7.5455,15.2857,0,0,0,0
4988324,1991,11351,1989,"DK","",279465,3,4,446,6,62,7,9,0.8571,0.1975,0.5,7.5556,15.7143,0,0,0,0
4988343,1991,11351,1987,"DK","",111345,3,5,604,3,32,7,1,0.8571,0,0.5,10,21.8571,0,0,1,1
4989034,1991,11351,1990,"DK","",180080,3,8,355,5,54,3,1,0.6667,0,0.5,7,25.3333,0,0,0,0
4990280,1991,11358,1989,"DK","",134930,3,19,510,1,19,5,7,1,0.7755,0.32,5.4286,10,0,0,0,0
4990379,1991,11358,1988,"DK","",465615,2,5,428,6,69,9,1,0.8889,0,0.75,6,15,0.5714,0.4444,0,0
4990380,1991,11358,1988,"DK","",465615,2,38,428,6,69,4,1,1,0,0.375,3,6.25,0.5,0.5,0,0
4990631,1991,11358,1990,"DK","",22715,2,18,549,1,14,0,0,,,,,,,,,
4991889,1991,11365,1985,"DK","",,1,8,292,6,69,12,1,0.75,0,0.3704,12,28.5833,,,,
4992048,1991,11365,1989,"DK","",,1,6,433,3,39,13,5,0.5385,0.32,0,5.2,40,,,,
4992753,1991,11365,1989,"DK","",386735,2,15,330,4,41,4,28,1,0.6173,0.375,4,5.25,0,0,0.2857,0.2857
4993234,1991,11372,1990,"DK","",248265,3,4,62,6,69,2,3,1,0,0,3.3333,4.5,0,0,0,0
4993648,1991,11372,1989,"DK","",,1,16,241,5,51,2,0,1,,0,,11,,,,
4993806,1991,11372,1989,"DK","",133425,3,7,359,5,54,6,4,1,0.5,0,5.5,3.1667,0.3333,0.3333,0,0
4995391,1991,11379,1986,"DK","",721306,3,14,600,3,32,3,3,1,0.4444,0.4444,6.6667,15,0.3333,0.3333,0,0
4996986,1991,11386,1990,"DK","",512710,3,4,607,3,32,2,6,1,0,0,6,2,0,0,0,0
4997100,1991,11386,1990,"DK","",,1,4,422,1,19,5,3,1,0.4444,0.48,3.3333,9.6,,,,
4997363,1991,11386,1989,"DK","",202035,3,12,432,6,66,8,4,1,0.625,0,5,8.625,0.25,0.25,0.75,0.75
4997505,1991,11386,1987,"DK","",,1,6,156,1,19,19,0,0.9474,,0.6852,,14.8947,,,,
4997769,1991,11386,1990,"DK","",721306,3,31,436,1,19,7,16,1,0.7422,0.5714,4.125,13.1429,0.1667,0.1429,0.25,0.1875
4998316,1991,11393,1989,"DK","",,1,18,15,6,69,14,0,0.5,,0.2449,,40.5714,,,,
4999056,1991,11393,1988,"DK","",142020,3,48,106,1,12,8,44,1,0.563,0,6.4545,9.625,0,0,0,0
4999353,1991,11393,1989,"DK","",410090,3,6,514,3,31,3,5,1,0.48,0.4444,5.8,4,0,0,0,0
4999354,1991,11393,1990,"DK","",39990,3,6,514,3,31,4,2,1,0,0.375,2,3.25,0.75,0.75,0,0
4999390,1991,11393,1988,"DK","",410115,3,17,524,1,15,5,2,1,0.5,0.32,3.5,12.6,0,0,0,0
5000001,1991,11400,1989,"DK","",134690,3,12,60,4,45,4,8,1,0.625,0.625,4.75,10.75,0.25,0.25,0.125,0.125
5000312,1991,11400,1989,"DK","",357080,3,12,198,5,59,9,9,0.8889,0.1975,0.5313,3.8889,11.8889,0,0,0.1111,0.1111
5002230,1991,11407,1990,"DK","",134690,3,9,239,5,59,9,6,0.4444,0.5,0.375,4.6667,32.2222,0.3333,0.1111,0,0
5002245,1991,11407,1989,"DK","",338095,3,9,248,6,69,9,2,0.4444,0,0,3.5,39.2222,0,0,0,0
5002250,1991,11407,1989,"DK","",180080,3,3,248,6,69,8,1,1,0,0.5313,4,14.25,0,0,0,0
5002948,1991,11407,1989,"DK","",253580,3,12,514,3,31,11,5,1,0,0.6942,5.2,13,0,0,0,0
5003163,1991,11407,1990,"DK","",465615,2,29,219,4,49,2,2,1,0,0,2,4,0,0,0,0
5003869,1991,11414,1990,"DK","",358490,3,1,99,6,61,0,1,,0,,2,,,,0,0
5004032,1991,11414,1989,"DK","",,1,5,160,6,69,9,3,1,0.4444,0,5.3333,11.3333,,,,
5005045,1991,11414,1990,"DK","",247025,3,8,355,5,54,2,0,1,,0,,16.5,0,0,,
5006031,1991,11421,1989,"DK","",134840,3,6,414,5,51,12,5,0.9167,0,0.5124,4.4,18.6667,0,0,0,0
5007231,1991,11428,1988,"DK","",444820,3,10,53,6,68,18,11,0.8889,0.5455,0.4766,6.7273,12.1667,0.0833,0.0556,0,0
5007247,1991,11428,1989,"DK","",134690,3,16,62,6,69,2,2,1,0,0,8.5,17,0,0,0,0
5007853,1991,11428,1990,"DK","",,1,12,439,4,41,4,1,0.25,0,0,2,37,,,,
5008241,1991,11428,1989,"DK","",410090,3,10,514,3,31,6,9,1,0.5679,0.5,4.3333,12.6667,0,0,0.4444,0.4444
5008375,1991,11428,1990,"DK","",43680,3,7,530,1,15,3,2,1,0.5,0.4444,6.5,13.3333,0,0,0,0
5008993,1991,11435,1990,"DK","",532110,3,7,451,5,51,3,0,0.6667,,0,,16,0,0,,
5009019,1991,11435,1989,"DK","",476925,2,7,40,6,69,11,14,0.3636,0.7551,0.375,4.9286,34.3636,0,0,0,0
5009150,1991,11435,1989,"DK","",83180,3,12,99,6,61,11,8,0.7273,0.6563,0.75,4.25,19.4545,0,0,0,0
5009191,1991,11435,1989,"DK","",517970,3,7,119,6,61,9,1,0.7778,0,0.449,5,31.3333,0.3333,0.1111,0,0
5010054,1991,11435,1988,"DK","",238050,3,10,505,4,46,1,1,1,0,0,5,6,0,0,0,0
5010074,1991,11435,1989,"DK","",410090,3,30,514,3,31,3,1,1,0,0.4444,2,7.6667,0,0,0,0
5010077,1991,11435,1988,"DK","",39990,3,15,514,3,31,7,2,1,0.5,0.2449,4.5,5.4286,0.1429,0.1429,0,0
5010090,1991,11435,1988,"DK","",410090,3,10,514,3,31,3,4,1,0,0,5.75,5,0,0,1,0.75
5010612,1991,11442,1989,"DK","",603140,3,4,8,1,11,3,3,1,0,0.4444,6,9,0,0,0,0
5010687,1991,11442,1990,"DK","",422675,3,13,47,6,61,14,4,0.4286,0,0,5,50.4286,0.25,0.0714,1,0.25
5011253,1991,11442,1990,"DK","",,1,11,385,2,21,2,2,1,0.5,0,2,10.5,,,,
5012961,1991,11449,1986,"DK","",376480,2,9,222,1,19,19,2,0.7895,0.5,0.8267,5.5,20.1579,0,0,0,0
5013727,1991,11449,1989,"DK","",189690,3,12,514,3,31,58,0,0.7931,,0.6654,,14.9483,0.0625,0.0345,,
5013894,1991,11449,1988,"DK","",465615,2,16,219,4,49,8,0,0.875,,0.7347,,15.25,1,0.875,,
5014652,1991,11456,1990,"DK","",125,3,20,122,6,66,8,13,1,0.7929,0.5625,3.0769,6.375,0,0,0,0
5015210,1991,11456,1990,"DK","",279465,3,2,446,6,62,4,8,0.75,0,0,6.5,17.75,0,0,0,0
5016286,1991,11463,1990,"DK","",,1,7,2,6,63,21,1,0.9524,0,0.345,5,12.8571,,,,
5017412,1991,11463,1989,"DK","",464285,3,7,428,6,69,6,1,1,0,0.7778,7,13.8333,0,0,0,0
5017493,1991,11463,1990,"DK","",406780,3,7,435,3,33,1,0,1,,0,,4,0,0,,
5017571,1991,11463,1989,"DK","",410090,3,10,514,3,31,5,4,1,0,0.48,5.75,14,0,0,0.25,0.25
5017585,1991,11463,1989,"DK","",410090,3,13,514,3,31,2,2,1,0,0,2.5,15,0,0,1,1
5019114,1991,11470,1990,"DK","",134690,3,11,72,5,52,9,3,0.6667,0.6667,0,4.6667,29.2222,0,0,0,0
5019261,1991,11470,1989,"DK","",153510,3,10,210,1,19,24,5,1,0.32,0.6979,3.8,6.75,0,0,0,0
5019497,1991,11470,1988,"DK","",,1,27,435,3,33,0,8,,0.5938,,6.25,,,,,
5019582,1991,11470,1989,"DK","",410090,3,9,514,3,31,2,3,1,0,0,2.3333,15,0,0,1,1
5019592,1991,11470,1990,"DK","",410090,3,5,514,3,31,3,1,1,0,0,0,7.6667,0,0,1,1
5020353,1991,11477,1990,"DK","",175520,3,17,72,5,52,5,0,0.4,,0,,30.2,0,0,,
5020375,1991,11477,1989,"DK","",134690,3,13,73,4,43,5,3,1,0,0,4,4.6,0,0,0,0
5021422,1991,11477,1989,"DK","",505030,3,3,514,3,31,0,4,,0.375,,3.5,,,,1,0.75
5022139,1991,11484,1990,"DK","",233895,3,1,29,5,52,2,2,0.5,0,0,4.5,26,0,0,0,0
5022696,1991,11484,1989,"DK","",,1,8,296,5,55,2,0,0.5,,0,,32,,,,
5023519,1991,11484,1988,"DK","",,1,22,315,4,42,2,5,1,0,0,5.2,6,,,,
5023846,1991,11484,1990,"DK","",180080,3,9,367,2,21,8,0,0.875,,0.7755,,13.125,0,0,,
5024653,1991,11491,1989,"DK","",569345,3,8,604,3,32,11,2,0.6364,0.5,0.2449,5.5,37.6364,0,0,0,0
5024868,1991,11491,1989,"DK","",376460,3,8,428,6,69,7,5,1,0.32,0.2449,5.2,7.5714,0,0,0.25,0.2
5025009,1991,11491,1990,"DK","",410090,3,17,514,3,31,3,0,1,,0.4444,,7.6667,0,0,,
5026023,1991,11498,1990,"DK","",320335,3,13,251,5,53,16,0,0.4375,,0.6939,,27.125,0.2,0.0625,,
5026173,1991,11498,1988,"DK","",498845,3,7,383,6,68,5,6,1,0.5,0,5.6667,20,0,0,0,0
5026275,1991,11498,1990,"DK","",202035,3,3,432,6,66,7,2,1,0,0,1.5,5.4286,0.2857,0.2857,0,0
5026704,1991,11498,1989,"DK","",410090,3,12,514,3,31,4,12,1,0.2778,0.375,5.75,6.5,0,0,0.1818,0.1667
5027944,1991,11505,1989,"DK","",357080,3,2,198,5,59,7,2,0.8571,0,0,5,17.2857,0,0,0.5,0.5
5028218,1991,11505,1989,"DK","",233895,3,10,417,5,53,5,5,0.8,0.48,0.375,4.6,20.4,0.5,0.2,0,0
5028586,1991,11505,1987,"DK","",410090,3,18,514,3,31,3,5,1,0.56,0.4444,5.6,11.3333,0,0,0.6,0.6
5029729,1991,11512,1989,"DK","",376460,3,6,222,1,19,20,2,0.8,0.5,0.8203,6.5,19.35,0,0,0,0
5030400,1991,11512,1990,"DK","",40755,3,14,264,5,51,12,16,1,0.2266,0.7778,5.9375,7.8333,0.1,0.0833,0,0
5031356,1991,11519,1988,"DK","",,5,12,47,6,61,4,0,1,,0,,12.75,,,,
5031468,1991,11519,1990,"DK","",134690,3,7,73,4,43,4,1,1,0,0,4,4.75,0,0,0,0
5031757,1991,11519,1989,"DK","",534580,2,26,198,5,59,7,14,1,0,0,5.6429,3.5714,0,0,0.0909,0.0714
5032105,1991,11519,1990,"DK","",15795,3,9,452,6,61,5,0,1,,0,,15.6,0,0,,
5033090,1991,11519,1990,"DK","",423105,3,11,381,4,49,6,11,1,0.5124,0,4.8182,7.8333,0,0,0.1111,0.0909
5033370,1991,11526,1990,"DK","",43680,3,6,99,6,61,11,8,1,0.6563,0.6446,5.5,10.3636,0,0,0,0
5033713,1991,11526,1990,"DK","",134690,3,14,251,5,53,9,1,0.6667,0,0.6111,3,24.8889,0,0,0,0
5034530,1991,11526,1989,"DK","",410090,3,7,544,1,14,2,1,1,0,0.5,10,5,0,0,0,0
5035127,1991,11533,1989,"DK","",506390,3,13,70,6,65,9,2,0.8889,0,0.5313,6.5,15.8889,0,0,0,0
5035575,1991,11533,1989,"DK","",266710,3,4,416,1,19,3,0,1,,0.4444,,4.3333,0,0,,
5036002,1991,11533,1987,"DK","",410090,3,13,435,3,33,0,0,,,,,,,,,
5037382,1991,11540,1989,"DK","",410070,3,13,604,3,32,9,0,0.6667,,0.2778,,27,0,0,,
5038396,1991,11540,1989,"DK","",,1,15,424,3,31,6,1,1,0,0.4444,2,15.1667,,,,
5038504,1991,11547,1989,"DK","",183935,3,6,40,6,69,2,2,1,0.5,0,5,3,0,0,0,0
5038672,1991,11547,1990,"DK","",134690,3,15,92,5,53,7,3,0.5714,0,0.375,4.3333,23.1429,0,0,0,0
5039459,1991,11547,1989,"DK","",296205,2,16,264,5,51,10,32,1,0.832,0.78,6.4688,9.1,0,0,0.8387,0.8125
5039685,1991,11547,1989,"DK","",410090,3,32,514,3,31,1,3,1,0,0,6.6667,3,0,0,0,0
5040357,1991,11554,1990,"DK","",,1,19,53,6,68,8,16,0.875,0.8359,0.8163,5.1875,16.125,,,,
5040383,1991,11554,1990,"DK","",77275,3,8,62,6,69,5,1,0.8,0,0,1,16,0,0,0,0
5041390,1991,11554,1988,"DK","",,1,35,436,1,19,1,1,1,0,0,3,6,,,,
5041431,1991,11554,1989,"DK","",189690,3,4,514,3,31,32,0,0.9063,,0.5945,,15.5,0,0,,
5041455,1991,11554,1990,"DK","",410090,3,13,514,3,31,3,50,1,0.2152,0,4.22,1.6667,0,0,0.587,0.54
5042972,1991,11561,1989,"DK","",279465,3,4,446,6,62,3,6,1,0,0,8,6,0.3333,0.3333,0,0
5043345,1991,11561,1989,"DK","",410090,3,8,514,3,31,1,51,1,0.2445,0,5.4314,1,0,0,0.5532,0.5098
5044119,1991,11568,1989,"DK","",,1,8,47,6,61,21,3,0.5714,0,0.1528,5.6667,40.4762,,,,
5044373,1991,11568,1990,"DK","",226890,3,15,600,3,32,1,3,1,0.4444,0,3.3333,2,0,0,0,0
5045021,1991,11568,1990,"DK","",517970,3,15,452,6,61,8,2,1,0.5,0.2188,6.5,11.125,0.2,0.125,0,0
5045023,1991,11568,1990,"DK","",83190,3,8,452,6,61,8,1,0.875,0,0.449,3,18.625,0,0,0,0
5045963,1991,11568,1989,"DK","",134690,3,4,361,4,45,28,0,1,,0.6378,,15.5357,0,0,,
5046144,1991,11568,1988,"DK","",480105,3,10,219,4,49,5,1,0.8,0,0.5,3,13.4,0,0,1,1
5046407,1991,11575,1989,"DK","",613215,3,10,454,5,59,1,0,1,,0,,17,0,0,,
5046454,1991,11575,1989,"DK","",212145,3,7,119,6,61,12,3,0.3333,0.4444,0.375,5.3333,44.4167,0,0,0,0
5046519,1991,11575,1990,"DK","",134690,3,20,137,6,69,5,4,1,0,0.32,5,6,0,0,0,0
5046629,1991,11575,1990,"DK","",39825,3,9,215,6,68,5,0,1,,0,,18.6,0,0,,
5048593,1991,11582,1990,"DK","",135040,3,5,164,5,52,7,0,0.2857,,0,,53.4286,0,0,,
5048625,1991,11582,1990,"DK","",,1,10,180,5,55,10,1,0.7,0,0.8163,1,16.9,,,,
5049078,1991,11582,1989,"DK","",279465,3,4,434,6,69,9,9,0.5556,0.3704,0.56,7.4444,31.3333,0,0,0,0
5049104,1991,11582,1990,"DK","",279465,3,11,446,6,62,9,12,0.3333,0.5139,0.4444,6.0833,52.6667,0,0,0,0
5050260,1991,11589,1990,"DK","",175520,3,13,470,5,59,1,1,0,0,,5,99,0,0,0,0
5050651,1991,11589,1990,"DK","",54820,3,5,141,5,51,7,1,0.7143,0,0.48,4,20.8571,0,0,0,0
5050945,1991,11589,1990,"DK","",405320,3,4,385,2,21,6,4,1,0,0.5,2,5.3333,0,0,0,0
5051119,1991,11589,1990,"DK","",202045,3,8,96,1,13,5,2,1,0.5,0,5,18.6,0,0,0.5,0.5
5051259,1991,11589,1989,"DK","",111345,3,28,424,3,31,12,8,0.9167,0.75,0.7438,6.5,15.0833,0.25,0.1667,0.1429,0.125
5051371,1991,11589,1987,"DK","",410090,3,5,436,1,19,1,1,1,0,0,4,10,0,0,0,0
5051666,1991,11589,1990,"DK","",,1,9,315,4,42,1,5,1,0.32,0,4.6,1,,,,
5052290,1991,11596,1990,"DK","",34175,3,9,99,6,61,11,1,0.8182,0,0.3704,3,23,0,0,0,0
5052419,1991,11596,1989,"DK","",455215,2,6,132,6,65,7,0,0.8571,,0.6667,,21,0,0,,
5052442,1991,11596,1990,"DK","",,1,14,137,6,69,4,1,0.75,0,0,5,25,,,,
5053142,1991,11596,1988,"DK","",405320,3,41,210,1,19,14,28,1,0.6454,0.1327,6.3929,9.0714,0,0,0,0
5053389,1991,11596,1987,"DK","",,1,3,514,3,31,5,2,1,0,0.48,8,10.6,,,,
5053810,1991,11596,1990,"DK","",247030,3,6,355,5,54,18,0,0.8889,,0.4688,,12.2778,0,0,,
5054538,1991,11603,1990,"DK","",135040,3,9,164,5,52,1,3,1,0,0,3.6667,1,0,0,0.3333,0.3333
5054742,1991,11603,1990,"DK","",134690,3,10,251,5,53,2,3,0.5,0.4444,0,5,20.5,0,0,0,0
5055059,1991,11603,1990,"DK","",40625,3,4,439,4,41,3,2,1,0,0.4444,3.5,11,0.5,0.3333,0,0
5055571,1991,11603,1988,"DK","",604180,2,18,536,1,14,5,3,1,0,0,6.6667,8.2,0,0,0,0
5055873,1991,11603,1989,"DK","",247030,3,3,355,5,54,6,0,0.5,,0,,45.1667,0,0,,
5056304,1991,11610,1990,"DK","",538030,3,6,56,6,61,7,1,0.7143,0,0.48,5,25.5714,0,0,0,0
5056905,1991,11610,1988,"DK","",,5,7,359,5,54,8,15,1,0.1244,0.75,7.2,10.375,,,,
5057516,1991,11610,1990,"DK","",410090,3,6,514,3,31,1,8,1,0.2188,0,5.5,1,0,0,0,0
5058154,1991,11610,1989,"DK","",16990,2,10,379,2,21,3,2,0.6667,0.5,0.5,3,27,0,0,0,0
5058155,1991,11610,1989,"DK","",226925,3,1,379,2,21,9,13,1,0.2604,0.3704,5.5385,4.8889,0,0,0.1667,0.1538
5058310,1991,11617,1989,"DK","",,1,9,43,6,61,10,1,0.5,0,0,8,40.3,,,,
5058750,1991,11617,1990,"DK","",135075,3,9,209,5,51,6,8,1,0.375,0.7222,2.625,6.1667,0,0,0,0
5059190,1991,11617,1990,"DK","",111345,3,4,604,3,32,8,3,0.75,0,0.2778,4,15.375,0.3333,0.25,0.5,0.3333
5059477,1991,11617,1985,"DK","",,1,15,428,6,69,11,3,0.9091,0.4444,0.68,9.6667,12.8182,,,,
5060708,1991,11624,1991,"DK","",,1,4,157,5,59,6,2,0.1667,0,0,2,44.8333,,,,
5061225,1991,11624,1988,"DK","",517135,3,6,474,5,53,2,1,0.5,0,0,5,31.5,0,0,0,0
5061430,1991,11624,1988,"DK","",376460,3,4,264,5,51,11,1,0.8182,0,0.5185,5,20.4545,0,0,0,0
5061706,1991,11624,1989,"DK","",410090,3,10,514,3,31,2,5,1,0.32,0.5,5.8,8.5,0,0,0,0
5062305,1991,11631,1990,"DK","",134690,3,16,73,4,43,3,3,0.6667,0,0,4.6667,16,0,0,0,0
5062346,1991,11631,1990,"DK","",135040,3,9,89,5,59,10,4,0.7,0,0.5714,4.25,13.7,0,0,0,0
5062442,1991,11631,1990,"DK","",134690,3,18,137,6,69,13,3,0.6923,0,0.5926,4.6667,23.4615,0,0,0,0
5062465,1991,11631,1990,"DK","",135040,3,5,164,5,52,4,4,1,0,0,7.5,16.25,0,0,0.25,0.25
5064419,1991,11638,1990,"DK","",,1,7,604,3,32,19,25,0.9474,0,0.1049,4.4,5.8421,,,,
5064942,1991,11638,1989,"DK","",395870,3,5,435,3,33,0,1,,0,,4,,,,0,0
5065980,1991,11645,1990,"DK","",,1,5,251,5,53,4,2,1,0.5,0.625,2,12.5,,,,
5065988,1991,11645,1990,"DK","",,1,13,267,5,59,10,2,0.9,0.5,0.5185,4,11.4,,,,
5066788,1991,11645,1989,"DK","",69975,3,1,530,1,15,3,5,1,0.72,0.4444,4.6,3,0,0,0.6,0.6
5067271,1991,11652,1990,"DK","",,1,6,43,6,61,6,5,0.1667,0,0,5.2,58.1667,,,,
5067707,1991,11652,1989,"DK","",23220,3,6,482,5,59,3,1,1,0,0.4444,2,5.6667,0,0,0,0
5068109,1991,11652,1989,"DK","",189705,3,23,424,3,31,7,8,0.8571,0.7188,0.6667,4.25,16.1429,0,0,0,0
5068121,1991,11652,1989,"DK","",208020,3,14,426,6,61,4,1,1,0,0.5,6,4.25,0,0,0,0
5069075,1991,11659,1990,"DK","",134690,3,13,73,4,43,1,8,1,0,0,4.625,1,0,0,0,0
5069267,1991,11659,1990,"DK","",135040,3,4,164,5,52,0,2,,0,,4,,,,0.5,0.5
5070186,1991,11659,1989,"DK","",410070,3,12,530,1,15,13,2,0.5385,0,0.4898,6,26.5385,0.1667,0.0769,0,0
5070649,1991,11666,1990,"DK","",613215,3,3,49,5,59,5,0,1,,0.64,,5,0.25,0.2,,
5070998,1991,11666,1990,"DK","",345015,3,3,198,5,59,7,0,0.8571,,0.2778,,18,0,0,,
5071314,1991,11666,1990,"DK","",,1,4,415,5,53,6,0,0.6667,,0.375,,40.5,,,,
5071384,1991,11666,1990,"DK","",279465,3,5,446,6,62,5,11,0.8,0.1653,0.375,6.6364,15.8,0,0,0.0909,0.0909
5071433,1991,11666,1990,"DK","",111345,3,13,623,3,39,2,13,1,0.5444,0,5.2308,8,0,0,0,0
5071719,1991,11666,1990,"DK","",238050,3,8,429,4,45,4,2,1,0.5,0.375,7.5,2.75,0,0,0,0
5071859,1991,11666,1989,"DK","",,1,14,514,3,31,4,17,1,0.1107,0.375,4.2941,3.75,,,,
5072776,1991,11673,1990,"DK","",135040,3,8,164,5,52,2,0,1,,0,,16.5,0,0,,
5072777,1991,11673,1990,"DK","",135040,3,13,164,5,52,3,0,1,,0,,8.3333,0,0,,
5072830,1991,11673,1990,"DK","",140855,3,12,206,6,68,20,6,0.85,0.6111,0.6644,5.3333,17.6,0,0,0.4,0.3333
5073020,1991,11673,1990,"DK","",,5,13,351,3,39,2,6,0,0,,6.6667,67.5,,,,
5073641,1991,11673,1988,"DK","",,1,8,560,1,14,0,2,,0.5,,5.5,,,,,
5075304,1991,11680,1989,"DK","",410090,3,10,514,3,31,3,7,1,0.4898,0.4444,5.2857,3.6667,0,0,0,0
5075306,1991,11680,1990,"DK","",410090,3,7,514,3,31,1,7,1,0,0,5.2857,1,0,0,0,0
5076342,1991,11687,1990,"DK","",135040,3,10,164,5,52,8,2,1,0,0,4,10,0.8333,0.625,0,0
5076419,1991,11687,1990,"DK","",116720,3,7,198,5,59,5,0,1,,0,,12.6,0,0,,
5077060,1991,11687,1990,"DK","",728388,3,20,426,6,61,0,0,,,,,,,,,
5077344,1991,11687,1987,"DK","",,1,7,525,1,15,3,0,1,,0.6667,,14.3333,,,,
5077872,1992,11694,1990,"DK","",31825,3,2,24,6,63,18,5,0.9444,0.72,0.7612,3.6,12,0,0,0,0
5078782,1992,11694,1990,"DK","",61446,3,63,504,1,11,2,9,1,0.5679,0.5,5.3333,14,0,0,0,0
5078898,1992,11694,1990,"DK","",410090,3,10,510,1,19,8,4,1,0.375,0.375,5.25,7.25,0,0,0,0
5079243,1992,11694,1990,"DK","",410090,3,12,514,3,31,4,0,1,,0.5,,12.5,0,0,,
5079250,1992,11694,1990,"DK","",410090,3,12,514,3,31,0,6,,0,,5.5,,,,0,0
5079856,1992,11701,1990,"DK","",39900,3,21,36,6,63,8,7,1,0,0,4.4286,9.5,0,0,0,0
5080154,1992,11701,1990,"DK","",253351,3,10,144,5,51,5,3,1,0.4444,0.32,4,15.2,0,0,0,0
5080839,1992,11701,1990,"DK","",296205,2,37,264,5,51,7,46,1,0.8422,0.6939,5.087,7.8571,0,0,0.8889,0.8696
5080932,1992,11701,1991,"DK","",371710,2,8,427,1,12,5,10,1,0.54,0.32,5.3,15.8,0,0,0,0
5081123,1992,11701,1989,"DK","",410090,3,9,514,3,31,1,12,1,0.1528,0,6.0833,2,0,0,0.0909,0.0833
5082006,1992,11708,1990,"DK","",,1,27,128,3,32,14,8,1,0.7188,0.5306,5.25,7.7143,,,,
5083350,1992,11715,1990,"DK","",532240,3,10,24,6,63,8,6,1,0.6667,0.6875,5.3333,12.5,0.3333,0.25,0,0
5084220,1992,11715,1991,"DK","",153510,3,10,264,5,51,3,2,1,0,0.4444,2.5,14,0,0,0,0
5085279,1992,11722,1989,"DK","",,1,15,171,6,64,13,0,0.3077,,0.625,,55.1538,,,,
5085317,1992,11722,1990,"DK","",202066,3,5,206,6,68,7,7,0.5714,0.6939,0.625,4.7143,27.7143,0,0,0,0
5085400,1992,11722,1991,"DK","",134690,3,11,251,5,53,3,3,0.6667,0.6667,0.5,3.6667,22.3333,0,0,0,0
5085504,1992,11722,1990,"DK","",,5,3,359,5,54,10,2,0.9,0,0.1975,4.5,12,,,,
5085769,1992,11722,1990,"DK","",134690,3,7,210,1,19,4,4,0.5,0,0,4.75,56.75,0,0,0,0
5085772,1992,11722,1990,"DK","",180080,3,3,210,1,19,8,4,1,0.375,0,5.75,14.875,0,0,0,0
5085843,1992,11722,1990,"DK","",40755,3,8,423,1,19,5,0,1,,0.32,,10.2,0.2,0.2,,
5085950,1992,11722,1990,"DK","",238050,3,7,429,4,45,2,5,1,0.32,0,2.8,9.5,0,0,0,0
5088608,1992,11736,1990,"DK","",135040,3,5,211,6,65,5,0,1,,0.72,,7.6,0,0,,
5090076,1992,11743,1990,"DK","",,1,5,5,6,65,4,5,1,0.8,0.625,5.8,8.25,,,,
5090180,1992,11743,1990,"DK","",40110,3,20,53,6,68,18,2,0.9444,0,0.4775,5.5,18.6667,0,0,0,0
5090186,1992,11743,1990,"DK","",538030,3,13,56,6,61,3,1,0.6667,0,0,2,21.6667,0,0,0,0
5090420,1992,11743,1990,"DK","",,1,3,600,3,32,10,4,1,0.375,0.32,3.5,12.7,,,,
5090569,1992,11743,1991,"DK","",,1,11,206,6,68,5,6,0.4,0.7222,0.5,4.8333,58.8,,,,
5090895,1992,11743,1991,"DK","",134701,3,5,431,6,66,4,3,0.5,0.4444,0.5,3,31.5,0,0,0,0
5091086,1992,11743,1989,"DK","",134835,3,12,210,1,19,24,4,1,0,0.6354,6.25,8.1667,0,0,0,0
5091196,1992,11743,1989,"DK","",590640,3,3,426,6,61,6,0,0.6667,,0.375,,22.8333,0,0,,
5091733,1992,11743,1990,"DK","",10940,3,15,343,2,21,7,3,1,0.4444,0.5714,2.6667,3.7143,0,0,0.3333,0.3333
5092005,1992,11750,1990,"DK","",,1,15,5,6,65,4,2,0.5,0,0,5,33,,,,
5093771,1992,11750,1990,"DK","",134690,3,6,363,4,45,2,5,1,0.32,0,5.8,5,0,0,0,0
5094087,1992,11757,1990,"DK","",11346,3,5,62,6,69,4,13,1,0.2604,0,4,8.5,0,0,0.0833,0.0769
5094186,1992,11757,1990,"DK","",328076,3,5,119,6,61,9,0,0.3333,,0,,35,0,0,,
5094609,1992,11757,1990,"DK","",612390,2,19,425,5,51,8,38,1,0.8463,0.6875,5.2105,14.125,0,0,0,0
5097063,1992,11764,1990,"DK","",397621,3,25,560,1,14,11,2,1,0.5,0.6942,2.5,12.5455,0,0,0.5,0.5
5097667,1992,11771,1990,"DK","",,1,6,62,6,69,3,9,1,0,0,3.7778,6.6667,,,,
5097920,1992,11771,1990,"DK","",134690,3,9,180,5,55,1,1,1,0,0,1,13,0,0,0,0
5098374,1992,11771,1990,"DK","",175091,3,16,604,3,32,10,14,1,0.4592,0.62,4,3.8,0,0,0,0
5098580,1992,11771,1989,"DK","",,1,6,210,1,19,9,5,0.7778,0.72,0.6122,5,20.4444,,,,
5098831,1992,11771,1989,"DK","",19181,3,29,435,3,33,2,0,1,,0.5,,5,0,0,,
5100509,1992,11778,1989,"DK","",40755,3,9,159,1,19,7,6,1,0.7778,0.6939,6.1667,22.4286,0.5,0.2857,0,0
5100697,1992,11778,1988,"DK","",92156,3,32,427,1,12,16,6,0.9375,0.7222,0.8711,7,17.1875,0,0,0,0
5100895,1992,11778,1990,"DK","",410090,3,10,514,3,31,2,1,1,0,0.5,2,11,0,0,1,1
5101769,1992,11785,1990,"DK","",204166,3,2,119,6,61,5,0,0.8,,0.625,,25.6,0,0,,
5102885,1992,11785,1990,"DK","",410090,3,8,514,3,31,1,1,1,0,0,7,1,0,0,0,0
5102894,1992,11785,1990,"DK","",410090,3,6,514,3,31,5,0,0.8,,0,,7.8,0.5,0.4,,
5103716,1992,11792,1990,"DK","",631550,3,13,99,6,61,7,8,0.8571,0.2188,0.2778,4.625,13,0,0,0,0
5104195,1992,11792,1990,"DK","",,1,3,299,6,64,7,1,0.4286,0,0,3,30.5714,,,,
5104567,1992,11792,1990,"DK","",39436,3,4,134,6,69,2,20,1,0.785,0,3.65,6,0,0,0,0
5104667,1992,11792,1991,"DK","",390920,2,21,426,6,61,40,1,0.8,0,0.6738,4,21.575,0.1667,0.075,0,0
5105904,1992,11799,1990,"DK","",580370,3,4,181,6,69,1,9,1,0.6173,0,5.7778,7,0,0,0,0
5106734,1992,11799,1987,"DK","",410090,3,9,435,3,33,1,7,1,0.6939,0,8.1429,9,0,0,0,0
5107010,1992,11799,1990,"DK","",397621,3,2,556,1,14,2,0,1,,0.5,,4.5,0,0,,
5108361,1992,11806,1990,"DK","",,1,7,600,3,32,3,0,0.6667,,0.5,,25.6667,,,,
5108690,1992,11806,1990,"DK","",94216,3,4,264,5,51,3,0,1,,0.4444,,17,0,0,,
5108731,1992,11806,1990,"DK","",238050,3,5,423,1,19,2,0,0.5,,0,,21.5,1,0.5,,
5109001,1992,11806,1990,"DK","",410090,3,11,514,3,31,1,7,1,0,0,5.5714,2,0,0,0,0
5109009,1992,11806,1990,"DK","",709942,3,13,514,3,31,1,6,1,0.5,0,3.8333,5,0,0,0.1667,0.1667
5110304,1992,11813,1991,"DK","",,1,9,439,4,41,3,3,1,0,0,4.6667,11.3333,,,,
5110819,1992,11813,1990,"DK","",709942,3,6,514,3,31,3,1,1,0,0.4444,5,2.3333,0.3333,0.3333,0,0
5111696,1992,11820,1990,"DK","",14405,3,26,73,4,43,14,4,1,0,0.2551,6.25,10.7143,0.2857,0.2857,0,0
5112181,1992,11820,1990,"DK","",492670,3,6,414,5,51,11,4,0.7273,0.375,0.375,5.75,23.6364,0,0,0.5,0.25
5112269,1992,11820,1990,"DK","",,1,8,452,6,61,5,1,0.8,0,0,1,16.8,,,,
5112272,1992,11820,1990,"DK","",411770,3,18,452,6,61,7,4,1,0,0,4,10.5714,0,0,0,0
5112427,1992,11820,1990,"DK","",682375,3,13,156,1,19,6,3,0.6667,0.6667,0.625,4,38.1667,0,0,0,0
5112812,1992,11820,1991,"DK","",,1,21,514,3,31,2,4,1,0.375,0,2.75,12.5,,,,
5112838,1992,11820,1990,"DK","",253580,3,3,514,3,31,3,3,1,0,0,4.3333,6.3333,0.3333,0.3333,1,1
5114240,1992,11827,1990,"DK","",632135,3,36,366,1,19,9,14,0.8889,0.4592,0.5938,4.2143,13.4444,0,0,0,0
5114380,1992,11827,1990,"DK","",517970,3,7,452,6,61,3,16,1,0.5,0.6667,4.125,3,0,0,0,0
5114859,1992,11827,1991,"DK","",721306,3,44,436,1,19,9,7,1,0.7755,0.7901,3.7143,8,0,0,0.1429,0.1429
5115685,1992,11834,1990,"DK","",134690,3,16,73,4,43,4,1,0.5,0,0,1,25,0,0,0,0
5116585,1992,11834,1990,"DK","",238050,3,7,423,1,19,4,0,1,,0,,15.25,0,0,,
5116744,1992,11834,1990,"DK","",410070,3,20,435,3,33,4,1,1,0,0.375,2,12.75,0,0,0,0
5116841,1992,11834,1990,"DK","",410090,3,7,514,3,31,1,2,1,0,0,5.5,2,0,0,0,0
5117094,1992,11834,1988,"DK","",465615,2,15,219,4,49,1,0,1,,0,,4,1,1,,
5117257,1992,11834,1990,"DK","",180080,3,7,355,5,54,3,2,0.6667,0,0,4,34.6667,0,0,0.5,0.5
5117295,1992,11834,1989,"DK","",682898,3,11,358,2,21,2,3,1,0.6667,0,6.3333,6,0,0,0,0
5117647,1992,11841,1991,"DK","",134690,3,14,62,6,69,4,1,0.75,0,0.6667,4,24.5,0,0,0,0
5118338,1992,11841,1990,"DK","",683036,3,4,504,1,11,7,9,1,0.1975,0.2449,4.8889,16,0,0,0,0
5118868,1992,11841,1990,"DK","",238050,3,8,568,1,14,3,0,0.3333,,0,,39,0,0,,
5119674,1992,11848,1990,"DK","",,1,13,73,4,43,7,6,0.5714,0.5,0.375,4.6667,27.5714,,,,
5120546,1992,11848,1990,"DK","",437980,3,15,424,3,31,5,14,1,0.5612,0.64,4.5714,5.6,0,0,0.0833,0.0714
5121862,1992,11855,1990,"DK","",683395,3,17,224,6,68,1,7,1,0,0,3.2857,11,0,0,0.5,0.1429
5123508,1992,11862,1991,"DK","",134690,3,10,192,5,53,8,1,0.5,0,0,2,29.5,1,0.25,0,0
5123550,1992,11862,1990,"DK","",,1,10,211,6,65,10,6,1,0.6111,0.68,4.6667,7.2,,,,
5125430,1992,11869,1991,"DK","",452545,3,9,137,6,69,4,0,0.75,,0.6667,,18.75,0,0,,
5125448,1992,11869,1991,"DK","",135040,3,4,164,5,52,0,4,,0.375,,4.25,,,,0.25,0.25
5126363,1992,11869,1991,"DK","",410090,3,6,514,3,31,6,0,1,,0.6667,,13.8333,0,0,,
5126526,1992,11869,1990,"DK","",,1,6,219,4,49,7,2,0.7143,0,0.32,3,20.2857,,,,
5126922,1992,11869,1991,"DK","",,1,10,362,4,42,2,8,1,0.4082,0.5,4.7143,20,,,,
5127284,1992,11876,1990,"DK","",134690,3,16,74,5,59,12,0,0.6667,,0.6875,,21.4167,0,0,,
5127397,1992,11876,1990,"DK","",23220,3,8,128,3,32,10,8,1,0,0,4.375,10.3,0,0,0,0
5127515,1992,11876,1990,"DK","",357080,3,22,198,5,59,4,5,0.75,0.32,0,5.2,21,0,0,0,0
5127767,1992,11876,1991,"DK","",683972,3,12,405,6,64,5,0,1,,0,,16,0,0,,
5127801,1992,11876,1990,"DK","",409925,3,8,416,1,19,4,0,0.75,,0.4444,,14,0,0,,
5127956,1992,11876,1990,"DK","",134835,3,14,127,1,11,8,10,0.75,0.68,0.2778,5.2,27.25,0,0,0.125,0.1
5129726,1992,11883,1990,"DK","",,1,6,356,4,43,5,6,1,0.5,0.56,4.6667,8.6,,,,
5130304,1992,11883,1990,"DK","",709942,3,9,514,3,31,1,3,1,0.6667,0,2.3333,3,0,0,0,0
5130662,1992,11883,1991,"DK","",684213,3,11,330,4,41,10,4,0.8,0.375,0.4688,1.5,18.8,0,0,0,0
5131128,1992,11890,1990,"DK","",226890,3,4,29,5,52,20,1,0.95,0,0.7701,7,11.1,0,0,0,0
5131237,1992,11890,1991,"DK","",134690,3,4,62,6,69,1,2,1,0,0,4,2,0,0,0,0
5131274,1992,11890,1991,"DK","",568830,3,19,73,4,43,3,2,0.6667,0,0.5,3.5,18.6667,0,0,0,0
5131292,1992,11890,1991,"DK","",684288,3,6,74,5,59,3,2,0,0.5,,4,71,0,0,0,0
5131462,1992,11890,1991,"DK","",202035,3,1,165,6,66,6,0,0.8333,,0.72,,21.3333,0,0,,
5132103,1992,11890,1990,"DK","",238050,3,13,423,1,19,4,3,1,0.6667,0,3,9.75,0,0,0,0
5132287,1992,11890,1989,"DK","",410070,3,6,514,3,31,5,0,1,,0.64,,8.8,0,0,,
5133137,1992,11897,1991,"DK","",684469,3,31,34,1,19,6,1,1,0,0.5,4,10,0,0,0,0
5133733,1992,11897,1990,"DK","",628950,3,10,606,3,32,8,26,0.875,0.3314,0.4898,6,18.875,0.3333,0.125,0,0
5134655,1992,11897,1990,"DK","",,1,6,379,2,21,5,2,1,0,0.32,6.5,10.2,,,,
5134717,1992,11897,1991,"DK","",386735,2,34,455,2,21,13,18,1,0.5309,0.6746,3.9444,3.7692,0.1818,0.1538,0.2778,0.2778
5135296,1992,11904,1991,"DK","",,5,5,351,3,39,1,6,0,0,,4.8333,93,,,,
5136656,1992,11904,1990,"DK","",15805,3,6,381,4,49,6,2,0.5,0,0.6667,3,28.1667,0,0,0,0
5136771,1992,11911,1990,"DK","",376460,3,1,29,5,52,5,0,1,,0.32,,8.4,0,0,,
5137636,1992,11911,1990,"DK","",684929,3,2,210,1,19,5,14,1,0,0,4.7857,10.4,0,0,0,0
5138462,1992,11911,1991,"DK","",52565,3,9,348,4,49,1,3,1,0.4444,0,4,10,0,0,0,0
5139612,1992,11918,1991,"DK","",134460,2,5,159,1,19,14,0,0.9286,,0.8521,,18.6429,0,0,,
5139757,1992,11918,1991,"DK","",238050,3,5,423,1,19,1,1,1,0,0,4,17,0,0,0,0
5140008,1992,11918,1988,"DK","",410090,3,3,514,3,31,3,1,1,0,0.6667,7,4.6667,0,0,0,0
5141155,1992,11925,1991,"DK","",685271,3,8,239,5,59,2,3,1,0.4444,0,3.6667,5,0,0,0,0
5141763,1992,11925,1991,"DK","",517970,3,12,426,6,61,2,1,1,0,0,3,7.5,0,0,0,0
5143286,1992,11932,1991,"DK","",134690,3,11,236,6,69,10,4,1,0.375,0.54,1,13.5,0.3333,0.2,0,0
5143639,1992,11932,1991,"DK","",270,3,14,134,6,69,6,12,1,0.7917,0.5,3.9167,10.1667,0,0,0,0
5143718,1992,11932,1990,"DK","",685518,3,10,424,3,31,10,1,0.9,0,0.1975,4,14.6,0,0,0,0
5143934,1992,11932,1989,"DK","",39820,3,25,514,3,31,3,13,0.6667,0.6036,0.5,5.3077,21,0,0,0.0769,0.0769
5145363,1992,11939,1991,"DK","",238050,3,9,432,6,66,10,5,1,0.56,0.76,5,8.4,0,0,0,0
5145870,1992,11939,1990,"DK","",410090,3,5,514,3,31,10,0,1,,0.46,,8.8,0.1111,0.1,,
5146782,1992,11946,1990,"DK","",,1,8,73,4,43,8,6,1,0.5,0.4063,5.1667,5.5,,,,
5147059,1992,11946,1991,"DK","",135455,2,19,220,6,68,12,8,1,0.625,0.5694,4,13.3333,0.2222,0.1667,0,0
5147655,1992,11946,1990,"DK","",39440,3,23,424,3,31,13,8,0.8462,0.4688,0.1653,4.625,14.2308,0.125,0.0769,0,0
5149777,1992,11953,1991,"DK","",410090,3,20,530,1,15,0,14,,0.5714,,3.6429,,,,0.4286,0.4286
5150509,1992,11960,1991,"DK","",686175,3,20,29,5,52,8,2,0.625,0,0.72,5.5,34.375,0,0,0,0
5151259,1992,11960,1990,"DK","",238050,3,20,423,1,19,24,2,1,0.5,0.6458,6.5,13.9583,0,0,0,0
5151500,1992,11960,1990,"DK","",,1,9,530,1,15,4,1,0.5,0,0.5,7,32.5,,,,
5153195,1992,11967,1991,"DK","",410090,3,7,514,3,31,1,2,1,0,0,3.5,2,0,0,1,0.5
5154378,1992,11974,1991,"DK","",,1,11,248,6,69,6,0,0.8333,,0.56,,26.3333,,,,
5155727,1992,11974,1989,"DK","",70555,2,13,370,2,21,7,5,1,0.56,0.2449,4.8,9.2857,0,0,0,0
5155773,1992,11974,1990,"DK","",686645,3,12,381,4,49,12,3,0.8333,0.4444,0.54,3.6667,12.9167,0,0,0,0
5156095,1992,11981,1990,"DK","",686695,3,8,108,6,69,6,1,0.5,0,0.4444,3,43.5,0,0,1,1
5156102,1992,11981,1989,"DK","",319040,3,4,111,6,61,3,4,0.6667,0,0.5,6.25,21.6667,0,0,0,0
5156253,1992,11981,1991,"DK","",180080,3,7,198,5,59,13,0,0.9231,,0.6944,,12.9231,0,0,,
5156257,1992,11981,1991,"DK","",684288,3,5,198,5,59,11,1,0.8182,0,0.716,6,17,0,0,0,0
5156289,1992,11981,1991,"DK","",,1,5,220,6,68,6,2,0.6667,0.5,0.625,4,19.5,,,,
5156410,1992,11981,1991,"DK","",686727,3,4,277,6,67,14,3,0.7857,0,0,4.6667,13.5,0,0,0,0
5156603,1992,11981,1991,"DK","",686749,3,10,604,3,32,17,1,0.9412,0,0.6328,3,13.5294,0,0,0,0
5156761,1992,11981,1991,"DK","",,1,19,510,1,19,15,11,1,0.1653,0.1244,3.6364,10.1333,,,,
5156963,1992,11981,1990,"DK","",410090,3,10,435,3,33,5,2,1,0,0,3,5.2,0,0,0,0
5157021,1992,11981,1990,"DK","",410090,3,16,514,3,31,4,1,1,0,0.625,4,9.5,0.25,0.25,0,0
5157039,1992,11981,1990,"DK","",709942,3,13,514,3,31,1,4,1,0.625,0,5.75,0,1,1,0,0
5157685,1992,11981,1991,"DK","",480105,3,6,373,6,66,12,0,0.6667,,0.7188,,22.6667,0.2857,0.1667,,
5158436,1992,11988,1991,"DK","",233895,3,9,417,5,53,3,3,0.6667,0.4444,0,4,23,0,0,0,0
5158961,1992,11988,1991,"DK","",410090,3,11,514,3,31,2,1,1,0,0.5,5,9,0.5,0.5,0,0
5158969,1992,11988,1991,"DK","",397621,3,8,514,3,31,0,5,,0,,3.6,,,,0.6,0.6
5159005,1992,11988,1991,"DK","",40110,3,15,524,1,15,2,3,1,0,0.5,4,13,0,0,0,0
5159283,1992,11988,1991,"DK","",386735,2,9,330,4,41,3,12,1,0.7639,0.4444,2.8333,5.6667,0.3333,0.3333,0.0909,0.0833
5159411,1992,11988,1991,"DK","",686986,3,9,356,4,43,4,2,1,0.5,0.625,2.5,10.75,0,0,0,0
5161173,1992,11995,1990,"DK","",687164,3,7,375,2,21,6,6,1,0.6111,0.5,4.6667,8.5,0,0,0,0
5161767,1992,12002,1991,"DK","",,1,10,248,6,69,5,6,1,0.2778,0.48,4,4.4,,,,
5162498,1992,12002,1989,"DK","",410090,3,7,530,1,15,1,1,1,0,0,4,7,0,0,0,0
5163277,1992,12009,1991,"DK","",687392,3,7,56,6,61,10,1,1,0,0,2,13.6,0,0,0,0
5163424,1992,12009,1992,"DK","",23220,3,8,128,3,32,13,10,0.9231,0.18,0,2.2,18.2308,0,0,0,0
5163624,1992,12009,1991,"DK","",684469,3,19,239,5,59,7,0,0.8571,,0.5,,14.5714,0,0,,
5164366,1992,12009,1989,"DK","",410090,3,35,514,3,31,3,15,1,0.6044,0.6667,5.4,10.6667,0,0,0.2857,0.2667
5164394,1992,12009,1991,"DK","",505030,2,6,514,3,31,1,1,1,0,0,4,1,1,1,0,0
5164404,1992,12009,1991,"DK","",397621,3,12,514,3,31,2,1,1,0,0,4,2.5,0,0,0,0
5164707,1992,12009,1991,"DK","",83450,2,61,340,2,21,10,4,1,0.625,0.34,2.25,6.9,0,0,0,0
5165252,1992,12016,1991,"DK","",15050,3,4,62,6,69,5,1,0.6,0,0.4444,6,22.2,0,0,0,0
5165320,1992,12016,1991,"DK","",134690,3,8,91,5,53,9,2,0.8889,0.5,0.375,1,14.2222,0.3333,0.2222,0,0
5165447,1992,12016,1992,"DK","",134690,3,6,137,6,69,2,0,1,,0.5,,10.5,0,0,,
5165496,1992,12016,1991,"DK","",134690,3,10,180,5,55,2,1,1,0,0,4,5.5,0.5,0.5,0,0
5165652,1992,12016,1991,"DK","",134690,3,14,251,5,53,9,4,0.7778,0.5,0.4082,4.75,26.6667,1,0.3333,0,0
5165912,1992,12016,1990,"DK","",410090,3,17,424,3,31,0,0,,,,,,,,,
5166155,1992,12016,1991,"DK","",410090,3,6,514,3,31,2,9,1,0.3704,0,4.1111,1.5,0.5,0.5,0,0
5166441,1992,12016,1991,"DK","",397621,3,2,564,1,14,8,0,1,,0.7188,,4,0,0,,
5167933,1992,12023,1991,"DK","",238050,3,5,422,1,19,5,0,1,,0.48,,8.8,0,0,,
5168693,1992,12030,1991,"DK","",687921,3,1,56,6,61,8,1,0.75,0,0.6667,3,16.5,0,0,0,0
5168872,1992,12030,1990,"DK","",687948,3,3,248,6,69,8,0,0.5,,0.625,,30.125,0,0,,
5168979,1992,12030,1991,"DK","",687960,3,8,198,5,59,7,0,1,,0,,9.1429,0,0,,
5169023,1992,12030,1991,"DK","",135455,2,12,220,6,68,23,6,0.5652,0.6111,0.5917,3.5,33.2174,0.125,0.0435,0,0
5169352,1992,12030,1991,"DK","",687999,3,17,446,6,62,13,3,0.6154,0.4444,0.7813,3.6667,32.1538,0,0,0,0
5169446,1992,12030,1991,"DK","",371710,2,4,118,1,12,6,10,1,0.54,0.2778,5.3,14.8333,0,0,0,0
5169612,1992,12030,1991,"DK","",238050,3,7,423,1,19,8,1,0.75,0,0.7222,3,26.875,0,0,0,0
5169717,1992,12030,1990,"DK","",238050,3,5,423,1,19,4,0,1,,0.625,,10.5,0,0,,
5170691,1992,12037,1990,"DK","",,1,1,91,5,53,6,0,0.5,,0.6667,,23.5,,,,
5171624,1992,12037,1990,"DK","",468750,2,12,428,6,69,11,39,0.7273,0.668,0.4063,5.5641,25.7273,0,0,0.3611,0.3333
5172487,1992,12044,1990,"DK","",134835,3,28,34,1,19,16,1,0.875,0,0,2,26.75,0,0,0,0
5172517,1992,12044,1991,"DK","",,5,3,47,6,61,6,2,0.8333,0,0.56,3.5,13.8333,,,,
5173044,1992,12044,1990,"DK","",202035,3,6,432,6,66,8,1,1,0,0,7,6.5,0.2857,0.25,1,1
5173418,1992,12044,1990,"DK","",688370,3,10,435,3,33,6,0,1,,0,,10.6667,0,0,,
5174749,1992,12051,1991,"DK","",202035,3,6,432,6,66,20,1,1,0,0.73,7,9.5,0.0526,0.05,0,0
5174936,1992,12051,1991,"DK","",254145,3,8,264,5,51,13,1,1,0,0.7929,5,14.9231,0,0,0,0
5175113,1992,12051,1990,"DK","",410090,3,13,436,1,19,1,0,1,,0,,9,0,0,,
5176021,1993,12058,1992,"DK","",233895,3,9,72,5,52,8,0,0.75,,0.2778,,23.875,0,0,,
5176081,1993,12058,1991,"DK","",180080,3,7,101,6,69,8,4,1,0.375,0.6563,2.75,5.375,0,0,0.25,0.25
5177077,1993,12058,1991,"DK","",410090,3,5,514,3,31,6,1,1,0,0.2778,1,5.8333,0,0,1,1
5178052,1993,12065,1991,"DK","",688826,3,12,83,5,51,2,1,1,0,0.5,3,15.5,0,0,0,0
5178200,1993,12065,1992,"DK","",,1,7,160,6,69,8,3,0.875,0.4444,0,4.6667,26,,,,
5178227,1993,12065,1991,"DK","",688847,3,6,177,6,69,5,4,1,0,0,2.75,11.6,0,0,0,0
5178324,1993,12065,1990,"DK","",688859,3,8,237,6,66,1,5,0,0.64,,5.8,68,0,0,0.6667,0.4
5178459,1993,12065,1991,"DK","",213115,3,4,366,1,19,6,0,0.6667,,0.375,,32.1667,0,0,,
5179079,1993,12065,1991,"DK","",410090,3,17,514,3,31,9,10,1,0.64,0.5679,4,10,0,0,0,0
5179771,1993,12072,1991,"DK","",39665,3,2,29,5,52,4,1,1,0,0,4,9.75,0,0,1,1
5179941,1993,12072,1991,"DK","",,5,8,601,3,32,14,12,0.9286,0.6389,0,4.0833,19.7143,,,,
5180392,1993,12072,1990,"DK","",,1,22,623,3,39,13,6,0.8462,0.6667,0.4298,4.5,20.7692,,,,
