5567869,1996,13444,1994,"DK","",410090,3,19,73,4,43,11,3,1,0.6667,0.7438,2.6667,14.7273,0.125,0.0909,0,0
5569671,1996,13451,1995,"DK","",410090,3,18,514,3,31,4,0,1,,0.625,,14,0,0,,
5570590,1996,13458,1995,"DK","",11346,3,8,62,6,69,5,0,1,,0.32,,12,0,0,,
5571719,1996,13458,1993,"DK","",410090,3,15,435,3,33,1,0,1,,0,,3,1,1,,
5571826,1996,13458,1994,"DK","",410090,3,12,514,3,31,2,0,1,,0,,5,1,1,,
5572081,1996,13458,1995,"DK","",725385,3,17,310,4,45,6,0,0.8333,,0.48,,17.6667,0,0,,
5573373,1996,13465,1995,"DK","",725507,3,8,416,1,19,4,0,0.75,,0,,26,0,0,,
5573380,1996,13465,1995,"DK","",134690,3,10,417,5,53,2,2,1,0.5,0,1,27.5,0,0,0.5,0.5
5573795,1996,13465,1994,"DK","",410090,3,13,426,6,61,3,0,1,,0.6667,,12.3333,0,0,,
5573948,1996,13465,1994,"DK","",410090,3,8,435,3,33,3,0,1,,0,,14.3333,0,0,,
5574043,1996,13465,1995,"DK","",410090,3,67,514,3,31,3,1,1,0,0,2,3.6667,1,1,1,1
5574139,1996,13465,1994,"DK","",725569,3,23,530,1,15,4,0,0.75,,0.6667,,30.75,0,0,,
5575068,1996,13472,1995,"DK","",618615,2,4,30,6,65,9,0,1,,0,,16.3333,0.4286,0.3333,,
5575115,1996,13472,1994,"DK","",613215,3,13,49,5,59,2,0,0.5,,0,,19.5,1,0.5,,
5575859,1996,13472,1994,"DK","",125735,3,10,134,6,69,14,0,1,,0.3571,,11,0.1,0.0714,,
5575906,1996,13472,1995,"DK","",238050,3,6,205,1,19,3,0,1,,0.4444,,8.3333,0,0,,
5576294,1996,13472,1994,"DK","",410090,3,12,514,3,31,1,0,1,,0,,4,0,0,,
5576438,1996,13472,1995,"DK","",709942,3,5,546,1,14,3,0,1,,0.4444,,5.3333,0,0,,
5577336,1996,13479,1994,"DK","",,1,4,40,6,69,9,0,1,,0.1975,,11.1111,,,,
5577406,1996,13479,1995,"DK","",134690,3,13,72,5,52,2,0,0.5,,0,,35,0,0,,
5577796,1996,13479,1995,"DK","",407450,3,40,296,5,55,35,1,0.6286,0,0.8595,1,30.4571,0.0952,0.0571,0,0
5578326,1996,13479,1995,"DK","",76070,2,17,424,3,31,22,1,0.9545,0,0.8345,1,13.8182,0,0,1,1
5578489,1996,13479,1994,"DK","",410090,3,15,435,3,33,4,0,1,,0.375,,8.75,0,0,,
5578582,1996,13479,1995,"DK","",410090,3,16,514,3,31,2,0,1,,0.5,,11.5,0.5,0.5,,
5578602,1996,13479,1995,"DK","",410090,3,65,514,3,31,2,1,1,0,0,2,5,1,1,1,1
5578963,1996,13479,1995,"DK","",580370,3,4,330,4,41,3,1,1,0,0.4444,2,15.3333,0,0,0,0
5579240,1996,13479,1994,"DK","",725985,3,8,355,5,54,11,1,1,0,0.7934,1,10.8182,0,0,0,0
5579974,1996,13486,1995,"DK","",683395,3,22,224,6,68,3,0,1,,0.4444,,8,1,0.3333,,
5580029,1996,13486,1995,"DK","",134690,3,9,251,5,53,5,1,0.6,0,0,3,34.2,0.3333,0.2,0,0
5580115,1996,13486,1995,"DK","",,1,11,294,5,59,5,0,1,,0.32,,15,,,,
5580295,1996,13486,1995,"DK","",279465,3,2,446,6,62,5,7,0.6,0,0,2,34,0,0,0,0
5580315,1996,13486,1995,"DK","",686175,3,11,472,6,62,5,1,0.8,0,0.5,2,23.4,0,0,0,0
5580560,1996,13486,1994,"DK","",410090,3,15,424,3,31,5,1,1,0,0.72,1,5.2,0,0,0,0
5580698,1996,13486,1995,"DK","",726143,3,7,430,1,19,5,3,1,0.4444,0.72,1.6667,15.8,0,0,0,0
5580751,1996,13486,1995,"DK","",697802,3,27,435,3,33,9,0,1,,0.716,,10,0,0,,
5580787,1996,13486,1992,"DK","",,5,21,435,3,33,0,0,,,,,,,,,
5581965,1996,13493,1995,"DK","",298895,3,6,52,6,69,3,0,0.6667,,0.5,,16,1,0.3333,,
5582309,1996,13493,1993,"DK","",726285,3,9,215,6,68,7,0,0.4286,,0,,47,0,0,,
5582639,1996,13493,1996,"DK","",,1,10,106,1,12,3,0,1,,0.4444,,7.6667,,,,
5583080,1996,13493,1995,"DK","",480105,3,9,501,1,19,6,6,1,0.2778,0,1.6667,4.3333,0.5,0.3333,0,0
5584228,1996,13500,1995,"DK","",134690,3,9,92,5,53,3,1,1,0,0.6667,1,30,0,0,1,1
5584376,1996,13500,1995,"DK","",726461,3,10,198,5,59,6,0,0.6667,,0.625,,27.6667,0,0,,
5584686,1996,13500,1995,"DK","",202035,3,9,432,6,66,1,0,1,,0,,23,0,0,,
5584926,1996,13500,1995,"DK","",706196,3,30,106,1,12,11,3,1,0,0.1653,2.3333,15.9091,0,0,0,0
5586526,1996,13507,1995,"DK","",350735,3,10,123,5,53,5,2,1,0,0.72,0.5,11.2,0,0,1,0.5
5586885,1996,13507,1995,"DK","",,1,8,433,3,39,3,0,1,,0,,5,,,,
5587134,1996,13507,1995,"DK","",238050,3,9,423,1,19,6,1,1,0,0.2778,2,15.5,0,0,0,0
5587659,1996,13507,1993,"DK","",,1,18,324,4,43,18,0,0.6667,,0.2917,,26.0556,,,,
5588177,1996,13514,1995,"DK","",,1,12,15,6,69,9,0,0.6667,,0.2778,,35.5556,,,,
5588191,1996,13514,1995,"DK","",447330,3,12,24,6,63,8,0,0.25,,0.5,,72,0,0,,
5588347,1996,13514,1995,"DK","",134690,3,14,92,5,53,1,6,1,0,0,1,5,0,0,0.6667,0.6667
5588361,1996,13514,1995,"DK","",623430,3,4,101,6,69,3,2,1,0,0,1.5,9.3333,0,0,0,0
5588574,1996,13514,1995,"DK","",683395,3,20,224,6,68,6,0,1,,0,,6.6667,0,0,,
5588813,1996,13514,1995,"DK","",,1,9,417,5,53,6,1,0.5,0,0.4444,1,50.8333,,,,
5588835,1996,13514,1995,"DK","",,1,6,433,3,39,2,2,1,0.5,0,1.5,3.5,,,,
5589068,1996,13514,1994,"DK","",684929,3,15,210,1,19,0,2,,0.5,,2.5,,,,0,0
5589467,1996,13514,1994,"DK","",410090,3,14,514,3,31,4,0,1,,0.375,,12.75,0,0,,
5589471,1996,13514,1995,"DK","",709942,3,9,514,3,31,1,1,1,0,0,3,1,0,0,0,0
5589813,1996,13514,1994,"DK","",,1,6,340,2,21,2,1,1,0,0.5,4,6.5,,,,
5590961,1997,13521,1995,"DK","",705752,3,14,366,1,19,4,1,0.75,0,0,0,32,0,0,1,1
5591272,1997,13521,1995,"DK","",727060,3,5,134,6,69,5,2,1,0.5,0.56,1,13.4,0,0,0,0
5591310,1997,13521,1993,"DK","",233895,3,12,202,1,19,12,0,0.8333,,0.5,,27.0833,0,0,,
5591537,1997,13521,1995,"DK","",205005,3,5,429,4,45,4,5,1,0.32,0.625,2,3,0,0,0,0
5591603,1997,13521,1993,"DK","",410090,3,13,435,3,33,5,1,1,0,0.56,2,7.4,0,0,0,0
5591628,1997,13521,1990,"DK","",,1,27,435,3,33,4,2,1,0,0.375,6,13.5,,,,
5591755,1997,13521,1995,"DK","",410090,3,6,514,3,31,3,0,1,,0,,7,0,0,,
5591857,1997,13521,1994,"DK","",683036,3,14,546,1,14,1,1,1,0,0,2,15,0,0,0,0
5592079,1997,13521,1995,"DK","",727120,3,4,324,4,43,10,0,1,,0.66,,14,0,0,,
5592699,1997,13528,1995,"DK","",,1,6,4,6,65,8,1,0.5,0,0.625,2,36.5,,,,
5593306,1997,13528,1995,"DK","",23220,3,10,434,6,69,10,0,0.9,,0.1975,,10.8,0,0,,
5593715,1997,13528,1995,"DK","",705752,3,26,426,6,61,1,1,1,0,0,1,3,0,0,0,0
5595135,1997,13535,1995,"DK","",,1,8,114,5,55,3,0,0.6667,,0,,33.6667,,,,
5595208,1997,13535,1995,"DK","",,1,18,137,6,69,3,1,1,0,0.4444,1,13.6667,,,,
5595479,1997,13535,1995,"DK","",134690,3,9,418,5,53,2,0,1,,0,,24,0,0,,
5595977,1997,13535,1993,"DK","",727445,3,6,514,3,31,1,0,1,,0,,5,0,0,,
5595989,1997,13535,1995,"DK","",410090,3,19,514,3,31,3,4,0.6667,0,0.5,1.25,30.3333,0,0,1,1
5596015,1997,13535,1994,"DK","",410090,3,23,514,3,31,0,1,,0,,3,,,,0,0
5596181,1997,13535,1995,"DK","",279465,3,9,200,4,41,6,6,1,0,0,2,18.5,0,0,0,0
5596498,1997,13535,1995,"DK","",134690,3,20,701,2,22,11,0,1,,0.6446,,11.1818,0,0,,
5596589,1997,13535,1993,"DK","",386735,2,21,714,2,22,10,0,1,,0,,9.2,0,0,,
5596817,1997,13542,1994,"DK","",705752,3,19,34,1,19,6,1,0.5,0,0.4444,3,33.1667,0,0,0,0
5596895,1997,13542,1994,"DK","",,1,13,72,5,52,4,0,0.75,,0,,20.5,,,,
5597096,1997,13542,1996,"DK","",135455,2,11,222,1,19,12,1,0.9167,0,0.6612,1,22.1667,0,0,0,0
5597720,1997,13542,1994,"DK","",410090,3,14,435,3,33,5,0,1,,0.32,,10.8,0.2,0.2,,
5597796,1997,13542,1994,"DK","",410090,3,11,514,3,31,2,2,1,0,0.5,2,3,1,0.5,0,0
5598080,1997,13542,1993,"DK","",233890,3,4,318,4,45,23,1,1,0,0.4991,5,10.7391,0,0,0,0
5598761,1997,13549,1995,"DK","",134690,3,8,92,5,53,2,1,1,0,0,1,10.5,0,0,1,1
5599323,1997,13549,1995,"DK","",410090,3,4,604,3,32,4,0,1,,0.375,,2.75,0.25,0.25,,
5599402,1997,13549,1993,"DK","",410090,3,9,134,6,69,4,0,1,,0.75,,16.25,0,0,,
5599522,1997,13549,1992,"DK","",690813,3,11,424,3,31,0,0,,,,,,,,,
5599711,1997,13549,1994,"DK","",224590,3,3,435,3,33,4,1,1,0,0.375,1,9,0.3333,0.25,0,0
5599939,1997,13549,1995,"DK","",683036,3,9,546,1,14,1,0,1,,0,,15,0,0,,
5601009,1997,13556,1995,"DK","",134690,3,16,92,5,53,3,5,1,0.32,0.6667,1,24.6667,0,0,0.8,0.8
5601242,1997,13556,1995,"DK","",202035,3,4,241,5,51,1,0,0,,,,36,0,0,,
5601481,1997,13556,1995,"DK","",684288,3,1,451,5,51,5,0,0.8,,0,,19.2,0.5,0.4,,
5601533,1997,13556,1995,"DK","",727878,3,8,604,3,32,11,1,1,0,0.5289,2,15.4545,0,0,0,0
5601632,1997,13556,1995,"DK","",202045,3,10,75,5,52,3,0,1,,0.4444,,9.3333,0,0,,
5601714,1997,13556,1994,"DK","",727895,3,5,210,1,19,3,1,1,0,0.6667,2,4.3333,0,0,0,0
5602139,1997,13556,1994,"DK","",505030,2,4,514,3,31,1,0,1,,0,,3,1,1,,
5603148,1997,13563,1994,"DK","",,1,21,29,5,52,4,0,1,,0.375,,10.5,,,,
5603804,1997,13563,1996,"DK","",410090,3,17,162,1,19,11,0,1,,0.5455,,9.4545,0,0,,
5603812,1997,13563,1994,"DK","",238050,3,9,203,1,19,2,1,1,0,0.5,2,9.5,0.5,0.5,1,1
5603845,1997,13563,1995,"DK","",76070,2,27,210,1,19,29,1,0.9655,0,0.7857,1,13.4483,0,0,0,0
5604242,1997,13563,1994,"DK","",410090,3,32,514,3,31,0,0,,,,,,,,,
5605436,1997,13570,1996,"DK","",728204,3,8,415,5,53,8,2,0.625,0.5,0.56,0.5,32.125,0,0,0.5,0.5
5605502,1997,13570,1995,"DK","",633980,2,1,452,6,61,8,1,1,0,0.7813,2,12.375,0.1429,0.125,0,0
5605541,1997,13570,1994,"DK","",76070,2,3,604,3,32,14,2,1,0.5,0.7041,2,13.4286,0,0,0,0
5605832,1997,13570,1993,"DK","",410090,3,14,435,3,33,12,3,1,0.4444,0.75,2.6667,13.75,0.0909,0.0833,1,1
5605841,1997,13570,1994,"DK","",702562,3,16,436,1,19,6,0,1,,0.4444,,12,0.1667,0.1667,,
5607001,1997,13577,1995,"DK","",728319,3,6,141,5,51,1,0,1,,0,,6,0,0,,
5607394,1997,13577,1995,"DK","",72095,2,18,604,3,32,29,2,1,0.5,0.5826,2,5.5172,0,0,0,0
5607413,1997,13577,1996,"DK","",712564,3,8,604,3,32,6,2,1,0.5,0.2778,0.5,7.1667,0,0,0,0
5607521,1997,13577,1994,"DK","",719481,3,11,148,5,52,2,1,0.5,0,0,3,27.5,0,0,0,0
5607649,1997,13577,1995,"DK","",705752,3,20,422,1,19,21,1,0.9048,0,0.7313,1,18.8571,0,0,0,0
5607854,1997,13577,1993,"DK","",728388,3,5,435,3,33,0,0,,,,,,,,,
5607893,1997,13577,1994,"DK","",238050,3,6,502,1,19,3,0,0.6667,,0.5,,19,0,0,,
5607919,1997,13577,1995,"DK","",491585,3,17,514,3,31,0,0,,,,,,,,,
5608069,1997,13577,1994,"DK","",410090,3,12,546,1,14,0,0,,,,,,,,,
5608151,1997,13577,1995,"DK","",491585,3,19,800,3,33,0,0,,,,,,,,,
5608797,1997,13577,1994,"DK","",226925,3,14,379,2,21,6,0,1,,0.4444,,8,0.2,0.1667,,
5609084,1997,13584,1994,"DK","",,1,13,83,5,51,13,2,1,0,0.3787,2,15.2308,,,,
5609482,1997,13584,1994,"DK","",,1,10,433,3,39,8,0,1,,0.2188,,9.625,,,,
5610033,1997,13584,1994,"DK","",410090,3,3,435,3,33,1,0,1,,0,,9,0,0,,
5610048,1997,13584,1993,"DK","",410090,3,31,435,3,33,2,2,1,0,0,1.5,7.5,0,0,0,0
5610278,1997,13584,1995,"DK","",410090,3,1,530,1,15,0,0,,,,,,,,,
5610380,1997,13584,1994,"DK","",,1,21,200,4,41,9,0,1,,0.6173,,14.2222,,,,
5611085,1997,13591,1995,"DK","",,1,10,2,6,63,15,2,0.9333,0,0.6122,2,14.6667,,,,
5611440,1997,13591,1995,"DK","",728662,3,17,211,6,65,11,1,0.8182,0,0.6667,1,25,0,0,0,0
5611783,1997,13591,1994,"DK","",410090,3,5,604,3,32,6,1,0.8333,0,0,3,16.6667,0,0,0,0
5612325,1997,13591,1995,"DK","",709942,3,8,514,3,31,7,0,1,,0.2449,,3.5714,0.2857,0.2857,,
5612458,1997,13591,1994,"DK","",728755,3,21,530,1,15,3,1,1,0,0.4444,3,9,0,0,1,1
5613511,1997,13598,1995,"DK","",728843,3,8,134,6,69,14,1,0.5714,0,0.875,2,37.0714,0,0,0,0
5614016,1997,13598,1995,"DK","",202035,3,14,106,1,12,9,0,0.8889,,0.2188,,17.8889,0,0,,
5614167,1997,13598,1995,"DK","",725759,3,7,424,3,31,5,0,1,,0.72,,18.6,0,0,,
5614189,1997,13598,1994,"DK","",410090,3,14,424,3,31,1,0,1,,0,,10,0,0,,
5614407,1997,13598,1994,"DK","",505030,2,12,435,3,33,3,0,0.6667,,0.5,,17.3333,0.5,0.3333,,
5614449,1997,13598,1995,"DK","",480105,3,21,501,1,19,6,3,1,0.4444,0,1.3333,5.8333,0.5,0.3333,0.3333,0.3333
5614452,1997,13598,1995,"DK","",480105,3,14,501,1,19,5,0,1,,0.72,,15.4,0,0,,
5614965,1997,13598,1995,"DK","",728975,3,4,351,3,39,2,0,0,,,,49.5,0,0,,
5615493,1997,13605,1996,"DK","",705752,3,20,34,1,19,8,1,1,0,0.5625,0,13.375,0,0,0,0
5616215,1997,13605,1994,"DK","",410090,3,7,162,1,19,4,0,1,,0.5,,12.75,0,0,,
5616309,1997,13605,1995,"DK","",693651,2,21,423,1,19,8,0,1,,0.6563,,12.125,0.1429,0.125,,
5617634,1997,13612,1995,"DK","",,1,2,30,6,65,1,0,0,,,,112,,,,
5617977,1997,13612,1995,"DK","",682680,3,10,222,1,19,4,0,1,,0.5,,15,0,0,,
5618256,1997,13612,1994,"DK","",111345,3,21,600,3,32,4,0,1,,0.375,,17.5,0,0,,
5618482,1997,13612,1995,"DK","",410090,3,16,264,5,51,4,0,0.75,,0.6667,,23.5,0,0,,
5618484,1997,13612,1994,"DK","",135040,3,9,264,5,51,3,1,1,0,0.6667,3,7.3333,0.5,0.3333,0,0
5618560,1997,13612,1995,"DK","",729274,3,60,424,3,31,15,1,1,0,0.24,1,13.4,0,0,0,0
5618696,1997,13612,1995,"DK","",410090,3,17,435,3,33,4,2,1,0,0.625,0,5.5,0,0,0,0
5618697,1997,13612,1995,"DK","",410090,3,12,435,3,33,2,0,1,,0,,4.5,0,0,,
5618769,1997,13612,1995,"DK","",238050,3,4,502,1,19,2,0,1,,0,,3.5,0,0,,
5618798,1997,13612,1994,"DK","",,1,15,514,3,31,1,3,1,0,0,2.3333,7,,,,
5618913,1997,13612,1986,"DK","",410090,3,14,530,1,15,11,0,1,,0.5124,,10.9091,0.1818,0.1818,,
5618915,1997,13612,1995,"DK","",410090,3,18,530,1,15,7,2,1,0,0.6531,0,6.1429,0.1429,0.1429,0,0
5619118,1997,13612,1993,"DK","",729300,3,52,320,4,45,25,1,1,0,0.1504,4,9.28,0,0,0,0
5619580,1997,13612,1995,"DK","",226895,3,3,381,4,49,4,1,1,0,0.375,1,6.5,0,0,0,0
5619933,1997,13619,1995,"DK","",729359,3,1,110,6,66,5,0,1,,0.64,,19,0,0,,
5620019,1997,13619,1994,"DK","",134690,3,16,137,6,69,5,1,0.6,0,0.4444,3,29.4,0,0,0,0
5620251,1997,13619,1995,"DK","",684469,3,11,366,1,19,3,1,1,0,0.6667,1,22.6667,0,0,0,0
5620605,1997,13619,1994,"DK","",153420,2,11,210,1,19,11,0,1,,0.1653,,10,0,0,,
5621074,1997,13619,1995,"DK","",410090,3,3,530,1,15,7,0,1,,0.6531,,6.1429,0.1429,0.1429,,
5622097,1997,13626,1995,"DK","",134690,3,8,92,5,53,3,4,1,0,0.4444,1,11.6667,0,0,0.75,0.75
5622988,1997,13626,1995,"DK","",410090,3,2,514,3,31,0,0,,,,,,,,,
5623059,1997,13626,1994,"DK","",410090,3,23,530,1,15,5,0,1,,0.48,,10,0.2,0.2,,
5623946,1997,13633,1994,"DK","",99075,3,2,128,3,32,25,0,0.88,,0.5661,,20.6,0,0,,
5624039,1997,13633,1995,"DK","",202035,3,2,209,5,51,1,3,1,0.4444,0,2.3333,10,1,1,0,0
5625114,1997,13633,1995,"DK","",238050,3,6,585,1,19,1,1,1,0,0,4,4,1,1,1,1
5625380,1997,13633,1995,"DK","",,5,21,345,2,23,4,0,1,,0.75,,8.25,,,,
5625998,1997,13640,1995,"DK","",729843,3,9,52,6,69,5,0,1,,0,,18.8,0,0,,
5626515,1997,13640,1995,"DK","",729887,3,29,452,6,61,6,1,1,0,0,1,12.6667,0,0,0,0
5626522,1997,13640,1994,"DK","",175520,3,12,470,5,59,4,1,1,0,0,2,30.5,0,0,0,0
5626566,1997,13640,1994,"DK","",410090,3,6,604,3,32,11,2,1,0,0,2.5,6.3636,0,0,0.5,0.5
5626904,1997,13640,1994,"DK","",729940,3,13,426,6,61,0,1,,0,,3,,,,0,0
5627479,1997,13640,1995,"DK","",,5,12,324,4,43,3,1,1,0,0.4444,1,17,,,,
5628246,1997,13647,1996,"DK","",492670,3,22,99,6,61,12,0,0.8333,,0.18,,13.9167,0.375,0.25,,
5628626,1997,13647,1995,"DK","",134690,3,16,418,5,53,5,0,1,,0,,13,0.25,0.2,,
5629012,1997,13647,1995,"DK","",189690,3,3,424,3,31,1,0,1,,0,,23,0,0,,
5629176,1997,13647,1994,"DK","",410090,3,9,435,3,33,1,0,1,,0,,3,0,0,,
5630525,1997,13654,1995,"DK","",410090,3,12,221,5,51,8,0,1,,0.4688,,16.5,0,0,,
5631217,1997,13654,1995,"DK","",410090,3,48,510,1,19,0,0,,,,,,,,,
5631223,1997,13654,1995,"DK","",410090,3,10,514,3,31,1,0,1,,0,,9,0,0,,
5631225,1997,13654,1994,"DK","",410090,3,12,514,3,31,4,0,1,,0.625,,10.75,0,0,,
5632100,1997,13661,1996,"DK","",705752,3,24,34,1,19,7,3,0.8571,0,0.7778,0.6667,22.2857,0,0,0,0
5632618,1997,13661,1995,"DK","",,1,13,433,3,39,2,0,1,,0,,10.5,,,,
5632874,1997,13661,1995,"DK","",238050,3,6,204,1,19,5,0,1,,0.8,,11.6,0,0,,
5633352,1997,13661,1995,"DK","",410090,3,2,530,1,15,6,1,1,0,0.5,0,9.3333,0,0,0,0
5634588,1997,13668,1995,"DK","",691294,3,5,229,6,68,9,0,0.8889,,0,,19.4444,0.1429,0.1111,,
5635073,1997,13668,1995,"DK","",730623,3,16,210,1,19,4,0,1,,0,,12.75,0,0,,
5635228,1997,13668,1994,"DK","",699081,3,7,426,6,61,13,0,0.8462,,0.314,,22.3846,0,0,,
5635230,1997,13668,1995,"DK","",720323,3,18,426,6,61,10,4,0.5,0.5,0.48,2,40.7,0,0,0.5,0.5
5635518,1997,13668,1994,"DK","",410090,3,13,514,3,31,0,0,,,,,,,,,
5635604,1997,13668,1995,"DK","",410090,3,13,530,1,15,2,0,1,,0,,6.5,0,0,,
5636014,1997,13668,1995,"DK","",205005,3,23,356,4,43,8,0,1,,0.2188,,13.5,0,0,,
5636680,1997,13675,1995,"DK","",135040,3,13,164,5,52,7,0,0.7143,,0,,26.5714,0,0,,
5636886,1997,13675,1995,"DK","",730791,3,12,294,5,59,12,0,0.4167,,0.32,,38.5833,0,0,,
5637804,1997,13675,1995,"DK","",134690,3,9,73,4,43,9,0,0.8889,,0,,18.3333,0,0,,
5639226,1997,13682,1996,"DK","",,1,11,417,5,53,5,1,0.4,0,0,1,51.4,,,,
5639288,1997,13682,1995,"DK","",238050,3,13,65,5,51,3,0,0.6667,,0,,39.6667,0,0,,
5639510,1997,13682,1995,"DK","",296205,2,13,427,1,12,3,0,0.6667,,0,,34,0,0,,
5639642,1997,13682,1995,"DK","",410090,3,17,435,3,33,1,0,1,,0,,6,0,0,,
5639766,1997,13682,1994,"DK","",410090,3,17,514,3,31,0,0,,,,,,,,,
5640465,1997,13682,1995,"DK","",,1,9,382,2,22,23,0,1,,0.5331,,7.2174,,,,
5641098,1997,13689,1995,"DK","",,1,11,222,1,19,9,0,0.2222,,0,,55.5556,,,,
5641184,1997,13689,1994,"DK","",731162,3,10,285,6,67,3,0,1,,0.4444,,20,0,0,,
5641190,1997,13689,1995,"DK","",,1,9,294,5,59,5,1,0.2,0,0,2,48,,,,
5641791,1997,13689,1995,"DK","",410090,3,63,514,3,31,4,0,1,,0,,4.5,1,1,,
5641804,1997,13689,1995,"DK","",410090,3,23,514,3,31,1,0,1,,0,,23,0,0,,
5642207,1997,13689,1994,"DK","",707584,3,29,358,2,21,16,1,1,0,0.3281,2,5.9375,0.1538,0.125,0,0
5642564,1997,13696,1995,"DK","",,1,11,29,5,52,10,1,0.7,0,0.5714,2,29.5,,,,
5642785,1997,13696,1995,"DK","",,1,20,172,6,64,6,0,1,,0.5,,10.6667,,,,
5642827,1997,13696,1996,"DK","",731312,3,7,220,6,68,5,1,1,0,0,1,6.8,0,0,0,0
5643038,1997,13696,1995,"DK","",279465,3,4,446,6,62,5,7,1,0.2449,0.72,2,7.2,0.3333,0.2,0,0
5643187,1997,13696,1995,"DK","",111345,3,22,602,3,32,10,1,0.9,0,0.6914,2,10.6,0,0,0,0
5643568,1997,13696,1994,"DK","",,1,24,424,3,31,2,0,1,,0,,8,,,,
5643784,1997,13696,1995,"DK","",253580,3,6,514,3,31,33,1,0.9697,0,0.4102,0,14.7576,0.2333,0.2121,1,1
5644875,1997,13703,1995,"DK","",613215,3,5,52,6,69,5,0,1,,0,,7.4,0,0,,
5644986,1997,13703,1996,"DK","",731506,3,12,101,6,69,0,3,,0.4444,,1,,,,0,0
5645463,1997,13703,1994,"DK","",279465,3,12,446,6,62,6,6,1,0,0.2778,3,7.6667,0.3333,0.1667,0,0
5646110,1997,13703,1995,"DK","",410090,3,19,514,3,31,5,0,1,,0.56,,15,0,0,,
5646146,1997,13703,1995,"DK","",410090,3,29,514,3,31,6,0,1,,0,,5.8333,0.6667,0.6667,,
5647142,1997,13710,1996,"DK","",684469,3,36,34,1,19,8,0,1,,0.7813,,14.875,0,0,,
5647394,1997,13710,1996,"DK","",134690,3,6,137,6,69,7,2,0.7143,0.5,0,0,28,0,0,0.5,0.5
5647424,1997,13710,1995,"DK","",135040,3,10,164,5,52,3,0,1,,0,,6,1,0.6667,,
5647848,1997,13710,1995,"DK","",362765,2,9,604,3,32,18,2,1,0,0.4938,1.5,6.5556,0.2,0.1667,0,0
5648108,1997,13710,1995,"DK","",432910,3,13,425,5,51,7,0,1,,0.5714,,13.1429,0.25,0.1429,,
5648227,1997,13710,1994,"DK","",731777,3,14,435,3,33,1,0,1,,0,,6,0,0,,
5648262,1997,13710,1995,"DK","",410090,3,2,435,3,33,0,0,,,,,,,,,
5648263,1997,13710,1995,"DK","",410090,3,19,435,3,33,4,0,1,,0.375,,8,0,0,,
5648522,1997,13710,1996,"DK","",238050,3,4,562,1,14,5,0,0.4,,0,,41.8,0,0,,
5649582,1997,13717,1995,"DK","",,1,20,157,5,59,4,0,1,,0,,9.75,,,,
5649605,1997,13717,1994,"DK","",731892,3,6,180,5,55,4,0,1,,0.625,,10.75,0,0,,
5649662,1997,13717,1995,"DK","",727643,3,13,228,5,52,7,0,0.8571,,0.7778,,28.4286,0,0,,
5649667,1997,13717,1995,"DK","",202035,3,4,241,5,51,6,2,0.3333,0,0,2,55.3333,0,0,1,1
5649815,1997,13717,1995,"DK","",134690,3,8,418,5,53,3,0,1,,0,,10.6667,0,0,,
5650087,1997,13717,1995,"DK","",731946,3,15,249,6,69,11,0,0.9091,,0.72,,21.6364,0,0,,
5650111,1997,13717,1995,"DK","",,1,23,264,5,51,3,0,0.6667,,0.5,,34.6667,,,,
5650315,1997,13717,1993,"DK","",410090,3,13,435,3,33,11,0,1,,0.2975,,15.4545,0,0,,
5651403,1997,13724,1995,"DK","",732069,3,9,141,5,51,5,1,1,0,0.72,2,13.2,0,0,0,0
5651481,1997,13724,1995,"DK","",,1,19,222,1,19,17,1,0.5294,0,0.5679,3,36.2941,,,,
5651739,1997,13724,1995,"DK","",732107,3,13,470,5,59,3,0,0.3333,,0,,50,0,0,,
5652216,1997,13724,1994,"DK","",410090,3,13,514,3,31,3,0,1,,0.6667,,6.6667,0,0,,
5653253,1997,13731,1996,"DK","",682680,3,11,137,6,69,8,1,1,0,0.7188,1,9.5,0.1667,0.125,0,0
5654028,1997,13731,1995,"DK","",732291,3,62,426,6,61,11,0,1,,0,,17.1818,0,0,,
5654271,1997,13731,1995,"DK","",410090,3,16,514,3,31,1,0,1,,0,,1,1,1,,
5654278,1997,13731,1995,"DK","",410090,3,15,514,3,31,1,0,1,,0,,7,0,0,,
5655099,1997,13731,1995,"DK","",386735,2,2,711,2,24,4,0,1,,0.625,,5.5,0,0,,
5655957,1997,13738,1996,"DK","",,1,7,451,5,51,7,1,0.4286,0,0,1,35,,,,
5656225,1997,13738,1995,"DK","",444820,3,10,264,5,51,1,0,1,,0,,11,1,1,,
5657630,1997,13745,1995,"DK","",350735,3,3,60,4,45,8,4,0.5,0.375,0.375,2.25,39.5,0,0,0,0
5658533,1997,13745,1995,"DK","",76070,2,15,422,1,19,41,0,0.9756,,0.7913,,13.3659,0,0,,
5658899,1997,13745,1995,"DK","",410090,3,6,514,3,31,1,0,1,,0,,2,1,1,,
5658921,1997,13745,1994,"DK","",253580,3,9,514,3,31,14,0,0.9286,,0.5562,,22.7143,0,0,,
5658932,1997,13745,1995,"DK","",410090,3,12,514,3,31,2,0,1,,0,,6,1,1,,
5659620,1997,13745,1995,"DK","",,1,19,381,4,49,4,0,1,,0.375,,11.5,,,,
5660096,1997,13752,1995,"DK","",134690,3,13,91,5,53,2,0,1,,0.5,,12,0,0,,
5660150,1997,13752,1995,"DK","",,1,9,123,5,53,5,0,0.4,,0,,43.4,,,,
5660865,1997,13752,1995,"DK","",270,3,34,426,6,61,20,1,0.95,0,0.0997,4,14.4,0,0,0,0
5661013,1997,13752,1996,"DK","",410090,3,4,435,3,33,0,0,,,,,,,,,
5661941,1997,13759,1996,"DK","",279465,3,10,52,6,69,10,1,0.6,0,0,1,44.4,0,0,0,0
5662343,1997,13759,1995,"DK","",733014,3,10,280,5,55,5,0,0.4,,0,,43.6,0,0,,
5662713,1997,13759,1995,"DK","",72095,2,21,623,3,39,14,7,1,0.6939,0.6633,1.5714,7.1429,0.0833,0.0714,0,0
5662922,1997,13759,1996,"DK","",,1,55,424,3,31,6,0,1,,0.6111,,8.3333,,,,
5664660,1997,13766,1994,"DK","",320330,3,13,198,5,59,13,2,1,0,0.2722,3,15,0.1429,0.0769,0,0
5664752,1997,13766,1996,"DK","",733197,3,10,248,6,69,20,0,0.35,,0.2449,,48.55,0,0,,
5665175,1997,13766,1995,"DK","",,1,2,136,4,45,12,3,0.9167,0.4444,0.6446,2,15.4167,,,,
5665573,1997,13766,1994,"DK","",410090,3,11,435,3,33,1,0,1,,0,,13,0,0,,
5665587,1997,13766,1995,"DK","",410090,3,50,435,3,33,4,1,1,0,0.625,1,5.75,0,0,1,1
5665725,1997,13766,1993,"DK","",,5,7,514,3,31,22,0,0.9545,,0.5578,,21.4091,,,,
5666689,1997,13773,1994,"DK","",733379,3,13,15,6,69,5,0,0.6,,0,,33.8,0,0,,
5667688,1997,13773,1996,"DK","",733484,3,15,210,1,19,7,1,1,0,0,2,15,0,0,0,0
5668129,1997,13773,1996,"DK","",410090,3,15,514,3,31,1,2,1,0,0,1,8,0,0,1,1
5669373,1997,13780,1995,"DK","",,1,10,126,6,66,5,0,0.6,,0.4444,,31.2,,,,
5669415,1997,13780,1996,"DK","",733615,3,11,137,6,69,8,0,0.5,,0.5,,48.125,0,0,,
5669604,1997,13780,1996,"DK","",574550,3,5,271,5,51,7,2,1,0,0.4898,1.5,13.4286,0,0,0,0
5669893,1997,13780,1995,"DK","",111345,3,13,604,3,32,1,0,1,,0,,14,0,0,,
5670192,1997,13780,1995,"DK","",410090,3,8,426,6,61,3,1,1,0,0.4444,2,10.3333,0,0,0,0
5670370,1997,13780,1995,"DK","",733688,3,49,435,3,33,3,0,1,,0,,10.6667,0,0,,
5670723,1997,13780,1996,"DK","",134690,3,15,73,4,43,3,0,1,,0,,16.3333,0,0,,
5671615,1997,13787,1995,"DK","",,1,11,66,6,63,3,0,1,,0.6667,,22,,,,
5671653,1997,13787,1996,"DK","",134690,3,9,92,5,53,5,2,1,0,0.64,0,10,0,0,0.5,0.5
5671790,1997,13787,1996,"DK","",613215,3,15,160,6,69,10,1,0.3,0,0,1,47,0.5,0.1,0,0
5672100,1997,13787,1995,"DK","",733834,3,20,452,6,61,13,0,1,,0.3905,,10.5385,0,0,,
5672319,1997,13787,1995,"DK","",134690,3,9,422,1,19,10,1,0.9,0,0.7901,2,11.3,0,0,1,1
5672328,1997,13787,1992,"DK","",180080,3,5,423,1,19,3,0,1,,0.6667,,16.3333,0,0,,
5672492,1997,13787,1995,"DK","",410090,3,6,435,3,33,5,0,1,,0.56,,12.4,0.2,0.2,,
5672588,1997,13787,1995,"DK","",410090,3,12,514,3,31,4,0,1,,0.375,,21.5,0,0,,
5672741,1997,13787,1996,"DK","",238050,3,5,562,1,14,5,0,0.4,,0,,41.8,0,0,,
5673612,1997,13794,1996,"DK","",733963,3,8,99,6,61,12,0,0.6667,,0.625,,25.1667,0,0,,
5673654,1997,13794,1995,"DK","",733970,3,9,122,6,66,5,0,1,,0.32,,17.8,0,0,,
5674276,1997,13794,1994,"DK","",72095,2,12,623,3,39,22,0,1,,0.6074,,10.7727,0,0,,
5674427,1997,13794,1995,"DK","",410090,3,3,252,1,19,3,0,1,,0.4444,,12,0,0,,
5674458,1997,13794,1995,"DK","",76070,2,13,422,1,19,40,0,0.975,,0.7824,,13.65,0,0,,
5674833,1997,13794,1995,"DK","",410090,3,27,510,1,19,2,3,1,0.4444,0,1.6667,3.5,0.5,0.5,0.3333,0.3333
5675053,1997,13794,1995,"DK","",238050,3,11,585,1,19,7,1,1,0,0,4,7.8571,0.2857,0.2857,1,1
5676143,1997,13801,1996,"DK","",70025,3,32,600,3,32,25,0,1,,0.688,,8.52,0,0,,
5676252,1997,13801,1996,"DK","",135455,2,16,206,6,68,4,0,1,,0.625,,10.75,0,0,,
5676609,1997,13801,1996,"DK","",,1,4,473,6,62,12,0,0.4167,,0,,49.6667,,,,
5677487,1997,13801,1996,"DK","",15805,3,15,73,4,43,8,2,1,0,0.625,1.5,18.375,0,0,0.5,0.5
5677682,1997,13801,1995,"DK","",,1,25,340,2,21,7,0,1,,0.6122,,12.1429,,,,
5678604,1997,13808,1994,"DK","",134690,3,6,137,6,69,7,0,0.4286,,0,,34.8571,0,0,,
5679552,1997,13808,1995,"DK","",410090,3,15,435,3,33,1,0,1,,0,,2,0,0,,
5679567,1997,13808,1994,"DK","",714625,3,2,435,3,33,4,0,1,,0.375,,9,0,0,,
5679780,1997,13808,1995,"DK","",699081,3,6,530,1,15,2,0,1,,0.5,,13.5,0,0,,
5680467,1997,13808,1996,"DK","",226890,3,4,381,4,49,4,0,1,,0.375,,7,0.25,0.25,,
5680858,1997,13815,1995,"DK","",410090,3,12,600,3,32,9,0,1,,0.1975,,13.3333,0,0,,
5680923,1997,13815,1995,"DK","",,1,9,198,5,59,8,2,0.875,0,0.4082,1.5,17.125,,,,
5681713,1997,13815,1993,"DK","",519205,2,10,435,3,33,4,0,1,,0.375,,10.75,0,0,,
5681715,1997,13815,1995,"DK","",410090,3,39,435,3,33,0,0,,,,,,,,,
5681725,1997,13815,1994,"DK","",410090,3,17,435,3,33,2,0,1,,0,,11.5,0,0,,
5683361,1997,13822,1994,"DK","",410090,3,6,604,3,32,1,3,0,0.4444,,3,58,0,0,0,0
5683733,1997,13822,1996,"DK","",34175,3,8,426,6,61,8,1,1,0,0.4063,1,9.875,0,0,1,1
5683989,1997,13822,1995,"DK","",410090,3,32,514,3,31,9,0,1,,0.3457,,12.3333,0.1111,0.1111,,
5684012,1997,13822,1995,"DK","",253580,3,14,514,3,31,14,0,0.9286,,0.5562,,22.7143,0,0,,
5685089,1997,13829,1996,"DK","",34090,3,18,34,1,19,6,1,1,0,0.4444,1,9.5,0,0,0,0
5685215,1997,13829,1996,"DK","",134690,3,21,92,5,53,5,5,1,0.32,0.72,0.6,14.8,0,0,0.6,0.6
5685317,1997,13829,1996,"DK","",734958,3,6,600,3,32,10,0,1,,0.18,,8.2,0,0,,
5685338,1997,13829,1996,"DK","",733615,3,9,137,6,69,8,0,0.5,,0.5,,48.125,0,0,,
5685859,1997,13829,1995,"DK","",735023,3,12,604,3,32,1,1,1,0,0,2,10,0,0,0,0
5685870,1997,13829,1995,"DK","",111345,3,6,604,3,32,2,0,1,,0,,12,0,0,,
5685990,1997,13829,1994,"DK","",732946,3,25,210,1,19,13,2,1,0.5,0.6036,4,11.6923,0,0,0,0
5686009,1997,13829,1996,"DK","",735038,3,27,249,6,69,5,0,0.8,,0.375,,30.4,0,0,,
5686124,1997,13829,1996,"DK","",410090,3,8,426,6,61,5,1,1,0,0.32,0,4.6,0,0,0,0
5686593,1997,13829,1995,"DK","",410090,3,86,536,1,14,1,1,1,0,0,1,13,0,0,0,0
5686768,1997,13829,1995,"DK","",735076,3,8,307,4,49,8,1,1,0,0.4688,3,11,0,0,0,0
5686815,1997,13829,1995,"DK","",729300,3,130,320,4,45,25,5,1,0.32,0.1472,2,10.6,0,0,0.2,0.2
5687241,1997,13829,1996,"DK","",580370,3,34,381,4,49,13,0,1,,0.142,,7.3077,0.0833,0.0769,,
5687429,1997,13836,1995,"DK","",,5,20,4,6,65,7,0,0.8571,,0.5,,19,,,,
5687534,1997,13836,1995,"DK","",703754,3,10,52,6,69,11,0,0.8182,,0.5926,,32.7273,0,0,,
5687610,1997,13836,1996,"DK","",279465,3,3,74,5,59,9,0,0.2222,,0,,43.6667,0,0,,
5687622,1997,13836,1996,"DK","",698508,3,10,76,5,52,7,0,0.8571,,0.6111,,21.7143,0,0,,
5687868,1997,13836,1996,"DK","",731312,3,8,220,6,68,1,0,1,,0,,6,0,0,,
5688445,1997,13836,1995,"DK","",238050,3,3,261,1,19,7,0,1,,0.4898,,12.1429,0,0,,
5688503,1997,13836,1995,"DK","",,1,5,424,3,31,1,0,1,,0,,6,,,,
5688594,1997,13836,1995,"DK","",254145,3,13,428,6,69,14,1,0.9286,0,0.7692,2,8.8571,0.2308,0.2143,0,0
5688609,1997,13836,1995,"DK","",238050,3,12,429,4,45,3,0,1,,0,,15.3333,0,0,,
5688668,1997,13836,1996,"DK","",410090,3,5,435,3,33,2,0,1,,0,,4,0,0,,
5688757,1997,13836,1994,"DK","",410090,3,3,510,1,19,13,0,1,,0.6391,,11.6923,0,0,,
5688788,1997,13836,1995,"DK","",410090,3,15,514,3,31,5,1,0.6,0,0.6667,2,27.2,0,0,1,1
5689916,1997,13843,1996,"DK","",613215,3,2,49,5,59,8,0,1,,0.6875,,18.25,0,0,,
5690018,1997,13843,1996,"DK","",,1,20,99,6,61,13,0,1,,0.5562,,6.6923,,,,
5690147,1997,13843,1996,"DK","",480105,3,39,138,6,67,7,0,1,,0.5714,,9,0,0,,
5690209,1997,13843,1996,"DK","",127685,3,8,198,5,59,4,0,1,,0.375,,11,0,0,,
5690623,1997,13843,1997,"DK","",712564,3,18,604,3,32,4,0,1,,0,,10.25,0,0,,
5690823,1997,13843,1995,"DK","",,1,28,210,1,19,13,0,0.9231,,0.7917,,13.6923,,,,
5690866,1997,13843,1995,"DK","",296205,2,28,264,5,51,3,0,1,,0.4444,,6.3333,0.3333,0.3333,,
5690973,1997,13843,1995,"DK","",296205,2,9,425,5,51,2,0,1,,0.5,,8.5,0.5,0.5,,
5690983,1997,13843,1996,"DK","",699081,3,15,426,6,61,20,0,0.75,,0.1244,,21.85,0,0,,
5691079,1997,13843,1997,"DK","",735436,3,10,429,4,45,7,0,0.2857,,0.5,,34.8571,0,0,,
5691165,1997,13843,1993,"DK","",410090,3,13,435,3,33,2,0,1,,0.5,,11.5,0,0,,
5691168,1997,13843,1995,"DK","",410090,3,6,435,3,33,3,0,1,,0.4444,,6.3333,0,0,,
5691169,1997,13843,1995,"DK","",410090,3,44,435,3,33,5,0,1,,0,,9.6,0,0,,
5691178,1997,13843,1995,"DK","",410090,3,19,435,3,33,10,0,1,,0.54,,9.3,0,0,,
5691255,1997,13843,1996,"DK","",480105,3,16,501,1,19,10,3,1,0.4444,0,1,3.9,0.375,0.3,0,0
5693027,1997,13850,1994,"DK","",410090,3,19,604,3,32,22,1,0.7727,0,0.4775,4,29.4091,0,0,0,0
5693518,1997,13850,1996,"DK","",410090,3,20,435,3,33,0,0,,,,,,,,,
5693520,1997,13850,1995,"DK","",410090,3,13,435,3,33,0,0,,,,,,,,,
5693600,1997,13850,1995,"DK","",735642,3,30,510,1,19,6,0,1,,0.6111,,12.1667,0,0,,
5693608,1997,13850,1995,"DK","",709545,3,30,514,3,31,5,4,1,0.375,0.56,2,11,0.2,0.2,0,0
5693649,1997,13850,1995,"DK","",410090,3,12,514,3,31,3,0,0.6667,,0.5,,24,0,0,,
5693855,1997,13850,1996,"DK","",238050,3,4,562,1,14,4,0,0.5,,0,,32,0,0,,
5694996,1997,13857,1996,"DK","",613215,3,14,160,6,69,6,0,0.1667,,0,,55.6667,0,0,,
5695701,1997,13857,1995,"DK","",705752,3,14,264,5,51,11,0,1,,0.7603,,11.6364,0,0,,
5695719,1997,13857,1995,"DK","",134690,3,7,422,1,19,13,0,0.9231,,0.4861,,11.1538,0,0,,
5695976,1997,13857,1995,"DK","",410090,3,49,435,3,33,4,1,1,0,0,3,10.25,0,0,0,0
5696068,1997,13857,1995,"DK","",410090,3,11,510,1,19,2,1,1,0,0,1,5.5,0,0,1,1
5696138,1997,13857,1995,"DK","",397621,3,8,514,3,31,3,0,1,,0.4444,,25.3333,0,0,,
5696140,1997,13857,1996,"DK","",709942,3,8,514,3,31,1,0,1,,0,,1,1,1,,
5696148,1997,13857,1996,"DK","",410090,3,11,514,3,31,4,0,1,,0.375,,9,0,0,,
5696149,1997,13857,1996,"DK","",410090,3,21,514,3,31,5,1,1,0,0.48,1,8.4,0,0,1,1
5697297,1997,13864,1996,"DK","",735994,3,11,101,6,69,13,0,0.9231,,0.2917,,12.3077,0,0,,
5697424,1997,13864,1995,"DK","",135040,3,10,164,5,52,8,0,1,,0,,8.875,0.5714,0.5,,
5697492,1997,13864,1995,"DK","",357080,3,12,198,5,59,4,1,0.75,0,0,2,19,0.5,0.25,0,0
5697938,1997,13864,1996,"DK","",736049,3,10,606,3,32,11,0,0.9091,,0.42,,13.2727,0,0,,
5698027,1997,13864,1996,"DK","",202035,3,15,106,1,12,2,2,1,0,0,2.5,19,0,0,0,0
5698256,1997,13864,1995,"DK","",,1,15,426,6,61,6,1,1,0,0,1,18.8333,,,,
5698415,1997,13864,1994,"DK","",410090,3,32,435,3,33,1,0,1,,0,,9,0,0,,
5698551,1997,13864,1996,"DK","",410090,3,31,514,3,31,4,1,1,0,0.5,1,7.25,0.25,0.25,1,1
5700370,1997,13871,1995,"DK","",719566,3,6,210,1,19,12,0,1,,0.6806,,12.3333,0,0,,
5700448,1997,13871,1995,"DK","",690813,3,8,424,3,31,11,0,1,,0.6446,,6.7273,0,0,,
5700769,1997,13871,1995,"DK","",410090,3,5,510,1,19,11,3,1,0.4444,0.7934,1.3333,7.1818,0.1,0.0909,1,1
5700770,1997,13871,1995,"DK","",410090,3,3,510,1,19,18,0,0.9444,,0.7474,,14.7222,0.125,0.1111,,
5700914,1997,13871,1995,"DK","",410090,3,7,530,1,15,0,0,,,,,,,,,
5701795,1997,13878,1995,"DK","",134690,3,30,91,5,53,4,0,1,,0.375,,8.5,0.25,0.25,,
5701809,1997,13878,1996,"DK","",34175,3,5,99,6,61,8,0,1,,0.4688,,10.875,0.1667,0.125,,
5701970,1997,13878,1996,"DK","",134690,3,11,180,5,55,3,2,1,0,0.4444,0.5,10,0.6667,0.6667,0,0
5702014,1997,13878,1997,"DK","",,1,2,215,6,68,9,0,0.7778,,0.2449,,26.4444,,,,
5702020,1997,13878,1996,"DK","",,1,10,220,6,68,7,0,0.8571,,0.5,,11.5714,,,,
5702754,1997,13878,1995,"DK","",362765,2,27,427,1,12,68,2,1,0,0.8257,2,7.7647,0,0,0,0
5702916,1997,13878,1995,"DK","",733688,3,69,435,3,33,3,2,1,0,0,0.5,10.6667,0,0,0,0
5702934,1997,13878,1994,"DK","",410090,3,28,435,3,33,3,0,1,,0,,11.3333,0.3333,0.3333,,
5703087,1997,13878,1996,"DK","",253580,3,6,514,3,31,2,0,1,,0,,7.5,1,1,,
5703328,1997,13878,1995,"DK","",,1,10,174,4,41,2,0,0.5,,0,,34,,,,
5704586,1998,13885,1996,"DK","",,1,13,251,5,53,9,0,1,,0.7407,,10.1111,,,,
5704779,1998,13885,1995,"DK","",202035,3,4,432,6,66,1,0,0,,,,46,0,0,,
5705112,1998,13885,1995,"DK","",,1,13,264,5,51,14,1,0.9286,0,0.568,3,16.9286,,,,
5705217,1998,13885,1996,"DK","",720323,3,10,426,6,61,12,2,0.3333,0,0.375,1,47,0,0,1,1
5705288,1998,13885,1996,"DK","",238050,3,6,429,4,45,4,0,1,,0,,6,0,0,,
5705359,1998,13885,1995,"DK","",519205,2,3,435,3,33,2,0,1,,0,,10.5,0,0,,
5705482,1998,13885,1995,"DK","",410090,3,12,514,3,31,2,1,1,0,0.5,2,5,0.5,0.5,1,1
5705620,1998,13885,1996,"DK","",721306,3,8,534,1,14,0,1,,0,,1,,,,1,1
5705916,1998,13885,1996,"DK","",238050,3,2,322,4,45,8,3,1,0.6667,0.8125,0.6667,4.625,0,0,0,0
5706853,1998,13892,1996,"DK","",134690,3,16,137,6,69,4,1,0.5,0,0.5,2,31.75,0,0,0,0
5707444,1998,13892,1996,"DK","",202035,3,9,106,1,12,4,0,1,,0.625,,14.5,0,0,,
5707668,1998,13892,1997,"DK","",410090,3,19,426,6,61,8,1,1,0,0,0,9.75,0,0,0,0
5707847,1998,13892,1995,"DK","",410090,3,11,435,3,33,2,0,1,,0,,10.5,0,0,,
5708123,1998,13892,1995,"DK","",736927,3,11,528,1,15,1,0,1,,0,,18,0,0,,
5708134,1998,13892,1995,"DK","",410090,3,1,530,1,15,3,0,1,,0.4444,,7.3333,0,0,,
5709315,1998,13899,1995,"DK","",737037,3,35,221,5,51,6,0,0.6667,,0,,30.5,0,0,,
5709599,1998,13899,1996,"DK","",633980,2,1,452,6,61,10,0,0.8,,0.5625,,28.5,0,0,,
5709856,1998,13899,1995,"DK","",224590,3,19,424,3,31,3,0,1,,0.4444,,12,0,0,,
5709873,1998,13899,1995,"DK","",737094,3,27,424,3,31,16,2,1,0.5,0.4609,2.5,13.875,0,0,0,0
5710142,1998,13899,1995,"DK","",709942,3,7,514,3,31,14,1,1,0,0.3571,3,8.3571,0.0714,0.0714,0,0
5710819,1998,13899,1995,"DK","",580370,3,9,381,4,49,9,0,1,,0.1975,,4.3333,0.125,0.1111,,
5711225,1998,13906,1996,"DK","",735994,3,8,101,6,69,6,2,0.8333,0.5,0,1.5,17.5,0,0,0,0
5711270,1998,13906,1997,"DK","",350735,3,11,123,5,53,8,0,1,,0,,6,0,0,,
5711436,1998,13906,1995,"DK","",732180,3,12,211,6,65,13,0,0.5385,,0.2449,,42.8462,0,0,,
5711540,1998,13906,1995,"DK","",707808,3,6,280,5,55,3,0,0.3333,,0,,38.6667,0,0,,
5711802,1998,13906,1996,"DK","",202035,3,8,106,1,12,2,0,1,,0,,3.5,0,0,,
5712110,1998,13906,1995,"DK","",714625,3,12,435,3,33,6,1,1,0,0.2778,2,15.1667,0,0,0,0
5712153,1998,13906,1995,"DK","",410090,3,1,435,3,33,1,0,1,,0,,5,1,1,,
5712292,1998,13906,1995,"DK","",410090,3,42,514,3,31,3,1,0.6667,0,0,2,33.3333,0,0,1,1
5712297,1998,13906,1996,"DK","",410090,3,23,514,3,31,12,1,1,0,0,2,6.1667,0.6667,0.6667,0,0
5713345,1998,13913,1994,"DK","",202035,3,5,126,6,66,2,0,1,,0.5,,7.5,0,0,,
5713496,1998,13913,1996,"DK","",682680,3,10,222,1,19,11,0,1,,0.6116,,21.9091,0,0,,
5713782,1998,13913,1996,"DK","",279465,3,9,446,6,62,8,0,0.875,,0.2449,,26,0,0,,
5714225,1998,13913,1996,"DK","",111345,3,20,428,6,69,11,0,1,,0.7934,,17.6364,0.3333,0.2727,,
5714331,1998,13913,1996,"DK","",,1,10,435,3,33,3,0,1,,0.4444,,5.6667,,,,
5714369,1998,13913,1996,"DK","",410090,3,5,435,3,33,1,1,1,0,0,1,8,0,0,1,1
5714816,1998,13913,1996,"DK","",233890,3,9,310,4,45,11,1,1,0,0.5455,1,11,0,0,0,0
5715852,1998,13920,1996,"DK","",703380,3,6,134,6,69,4,0,1,,0.375,,24,0,0,,
5715969,1998,13920,1995,"DK","",39990,3,2,220,6,68,9,0,0.2222,,0.5,,53.4444,0,0,,
5716015,1998,13920,1996,"DK","",202035,3,7,241,5,51,7,2,0.4286,0,0,1.5,48.4286,0.3333,0.1429,1,1
5716142,1998,13920,1996,"DK","",134690,3,12,384,5,59,5,0,1,,0.32,,16.8,0,0,,
5716598,1998,13920,1995,"DK","",690813,3,8,424,3,31,10,1,1,0,0.18,3,6.1,0.1,0.1,0,0
5716648,1998,13920,1995,"DK","",189690,3,38,424,3,31,7,1,1,0,0.4898,1,10.8571,0.5,0.2857,1,1
5716777,1998,13920,1995,"DK","",410090,3,5,435,3,33,0,0,,,,,,,,,
5716801,1998,13920,1995,"DK","",410090,3,12,435,3,33,20,0,1,,0.545,,12.95,0,0,,
5716848,1998,13920,1995,"DK","",707929,3,18,435,3,33,1,0,1,,0,,7,0,0,,
5716927,1998,13920,1995,"DK","",410090,3,17,514,3,31,4,0,1,,0.625,,14.25,0,0,,
5716945,1998,13920,1995,"DK","",709942,3,9,514,3,31,4,1,1,0,0,3,4.25,0.5,0.5,0,0
5716949,1998,13920,1996,"DK","",410090,3,46,514,3,31,4,1,1,0,0.375,1,15.75,0.25,0.25,1,1
5718088,1998,13927,1995,"DK","",613215,3,7,52,6,69,21,1,1,0,0,2,14.0476,0,0,0,0
5718696,1998,13927,1996,"DK","",111345,3,10,604,3,32,4,0,1,,0,,6.5,0,0,,
5719022,1998,13927,1994,"DK","",359910,3,4,435,3,33,1,0,1,,0,,8,0,0,,
5719048,1998,13927,1995,"DK","",410090,3,13,435,3,33,1,1,1,0,0,2,26,0,0,0,0
5719262,1998,13927,1996,"DK","",,1,11,530,1,15,3,0,1,,0.4444,,5.6667,,,,
5720087,1998,13934,1995,"DK","",39665,3,3,29,5,52,5,1,1,0,0,2,14.4,0.25,0.2,0,0
5720885,1998,13934,1995,"DK","",738123,3,11,210,1,19,10,1,0.9,0,0.3704,2,20.6,0,0,0,0
5721135,1998,13934,1995,"DK","",410090,3,2,435,3,33,3,0,1,,0,,5.6667,0,0,,
5721254,1998,13934,1995,"DK","",410090,3,26,514,3,31,4,1,0.75,0,0.6667,2,26.25,0,0,1,1
5721260,1998,13934,1996,"DK","",410090,3,20,514,3,31,0,1,,0,,1,,,,1,1
5722093,1998,13941,1996,"DK","",738224,3,11,2,6,63,11,0,0.6364,,0.2449,,26.6364,0,0,,
5722312,1998,13941,1995,"DK","",134690,3,16,92,5,53,5,0,0.4,,0.5,,52.6,0,0,,
5723096,1998,13941,1996,"DK","",738321,3,4,422,1,19,6,0,1,,0.2778,,7.3333,0,0,,
5723328,1998,13941,1995,"DK","",410090,3,18,435,3,33,0,2,,0.5,,2.5,,,,0,0
5724607,1998,13941,1996,"DK","",738400,3,8,710,2,22,3,0,1,,0.6667,,10.6667,0,0,,
5725534,1998,13948,1995,"DK","",628950,3,8,606,3,32,9,0,1,,0.6667,,5,0,0,,
5725544,1998,13948,1996,"DK","",423105,3,3,606,3,32,4,0,1,,0.375,,5.25,0,0,,
5726038,1998,13948,1995,"DK","",410090,3,16,435,3,33,3,0,1,,0,,4.6667,0,0,,
5726202,1998,13948,1996,"DK","",410090,3,18,514,3,31,1,0,1,,0,,16,0,0,,
5727452,1998,13955,1997,"DK","",34175,3,7,99,6,61,13,0,1,,0.6982,,11.4615,0,0,,
5727983,1998,13955,1996,"DK","",279465,3,9,446,6,62,7,0,0.5714,,0,,39.5714,0,0,,
5728307,1998,13955,1995,"DK","",489965,3,17,210,1,19,2,0,1,,0,,25,0,0,,
5728559,1998,13955,1995,"DK","",410090,3,19,435,3,33,3,0,1,,0,,12,0,0,,
5728871,1998,13955,1997,"DK","",238050,3,5,562,1,14,4,0,1,,0.375,,13.5,0.5,0.5,,
5729990,1998,13962,1996,"DK","",134690,3,14,62,6,69,4,0,1,,0.375,,12.5,0,0,,
5730043,1998,13962,1996,"DK","",134690,3,9,92,5,53,9,0,0.7778,,0.4898,,15.4444,0.4286,0.3333,,
5730203,1998,13962,1996,"DK","",738923,3,15,164,5,52,4,0,1,,0.375,,12.25,0,0,,
5730735,1998,13962,1997,"DK","",255500,2,11,604,3,32,12,0,1,,0.2778,,8.4167,0.3333,0.3333,,
5730777,1998,13962,1996,"DK","",,5,54,95,1,13,12,0,1,,0.8611,,18.4167,,,,
5731280,1998,13962,1995,"DK","",410090,3,13,510,1,19,3,0,1,,0.4444,,7.3333,0,0,,
5731866,1998,13962,1995,"DK","",180080,3,17,355,5,54,6,0,1,,0.6111,,10,0.3333,0.3333,,
5732678,1998,13969,1995,"DK","",350735,3,14,123,5,53,12,1,0.8333,0,0.62,2,19.25,0.1,0.0833,0,0
5732813,1998,13969,1996,"DK","",134690,3,12,198,5,59,3,0,0.6667,,0,,31.3333,0,0,,
5733115,1998,13969,1996,"DK","",202035,3,10,432,6,66,8,2,0.875,0.5,0.6122,1.5,23.5,0.7143,0.625,0,0
5733167,1998,13969,1996,"DK","",279465,3,10,446,6,62,9,1,0.7778,0,0.6122,2,22.7778,0,0,0,0
5733168,1998,13969,1996,"DK","",279465,3,15,446,6,62,16,0,0.5625,,0.7407,,33.8125,0,0,,
5733180,1998,13969,1995,"DK","",739198,3,7,451,5,51,6,0,0.5,,0,,38.6667,0,0,,
5733446,1998,13969,1994,"DK","",76070,2,29,210,1,19,31,0,0.9677,,0.78,,14.9032,0,0,,
5733574,1998,13969,1995,"DK","",,1,25,424,3,31,23,0,0.8696,,0.42,,21.6957,,,,
5733750,1998,13969,1997,"DK","",410090,3,9,435,3,33,4,1,1,0,0.625,0,11.75,0.25,0.25,0,0
5733753,1998,13969,1996,"DK","",410090,3,19,435,3,33,3,1,1,0,0,1,9,0,0,1,1
5733763,1998,13969,1996,"DK","",410090,3,23,435,3,33,12,0,1,,0.4444,,11.4167,0,0,,
5733764,1998,13969,1994,"DK","",410090,3,12,435,3,33,6,0,1,,0.4444,,14.8333,0,0,,
5734568,1998,13969,1992,"DK","",280070,2,16,700,2,22,7,1,1,0,0.8163,5,8.5714,0.1429,0.1429,0,0
5735461,1998,13976,1996,"DK","",311690,3,7,239,5,59,6,0,1,,0.6111,,10,0,0,,
5736336,1998,13976,1997,"DK","",,1,20,435,3,33,3,0,1,,0.4444,,5.6667,,,,
5736556,1998,13976,1996,"DK","",397621,3,22,514,3,31,0,2,,0.5,,1.5,,,,0,0
5736578,1998,13976,1996,"DK","",76070,2,20,514,3,31,3,1,1,0,0.6667,2,11.6667,0,0,1,1
5737996,1998,13983,1996,"DK","",134690,3,13,92,5,53,6,1,0.8333,0,0.48,0,16.5,0.5,0.3333,1,1
5738205,1998,13983,1995,"DK","",,1,13,198,5,59,10,0,0.9,,0.1975,,13.8,,,,
5738633,1998,13983,1996,"DK","",739631,3,10,600,3,32,11,1,1,0,0.1653,1,9.9091,0,0,0,0
5738784,1998,13983,1995,"DK","",76070,2,21,210,1,19,30,1,0.9667,0,0.7776,3,14.2,0,0,1,1
5738860,1998,13983,1996,"DK","",111345,3,26,424,3,31,4,0,1,,0.75,,6,0,0,,
5739034,1998,13983,1996,"DK","",739677,3,50,436,1,19,0,0,,,,,,,,,
5739281,1998,13983,1995,"DK","",739690,3,60,530,1,15,8,0,1,,0.5625,,7.375,0,0,,
5739511,1998,13983,1996,"DK","",319240,3,13,235,5,59,11,0,1,,0.7603,,6.1818,0,0,,
5740677,1998,13990,1996,"DK","",,1,12,60,4,45,3,0,1,,0,,13.3333,,,,
5740799,1998,13990,1996,"DK","",731162,3,9,128,3,32,1,0,1,,0,,26,0,0,,
5740836,1998,13990,1997,"DK","",356950,2,16,137,6,69,1,0,0,,,,46,0,0,,
5741216,1998,13990,1994,"DK","",410090,3,10,600,3,32,8,0,1,,0.375,,12,0,0,,
5741428,1998,13990,1996,"DK","",76070,2,9,210,1,19,29,1,0.9655,0,0.801,2,14.4483,0,0,1,1
5741507,1998,13990,1997,"DK","",693123,3,6,424,3,31,3,0,1,,0,,5.3333,0,0,,
5741688,1998,13990,1995,"DK","",410090,3,4,435,3,33,3,1,1,0,0.6667,3,10.6667,0,0,1,1
5741693,1998,13990,1994,"DK","",410090,3,8,435,3,33,7,1,1,0,0.4898,3,19.4286,0,0,0,0
5741694,1998,13990,1995,"DK","",410090,3,125,435,3,33,4,1,1,0,0.375,1,12.75,0,0,0,0
5741785,1998,13990,1995,"DK","",410090,3,38,514,3,31,2,0,1,,0,,11.5,0,0,,
5741788,1998,13990,1995,"DK","",410090,3,26,514,3,31,2,0,1,,0.5,,12,0,0,,
5741791,1998,13990,1996,"DK","",410090,3,20,514,3,31,1,0,1,,0,,33,0,0,,
5743309,1998,13997,1996,"DK","",,1,8,140,5,52,4,0,1,,0.375,,14.25,,,,
5743779,1998,13997,1996,"DK","",279465,3,5,446,6,62,3,0,1,,0,,12.3333,0,0,,
5743885,1998,13997,1996,"DK","",740101,3,57,604,3,32,13,0,1,,0.426,,12.8462,0,0,,
5744323,1998,13997,1994,"DK","",410090,3,6,435,3,33,0,0,,,,,,,,,
5745034,1998,13997,1997,"DK","",,1,23,340,2,21,13,0,1,,0.7337,,8.3077,,,,
5746260,1998,14004,1995,"DK","",110775,2,15,141,5,51,14,1,0.7143,0,0.76,3,23.8571,0,0,1,1
5746979,1998,14004,1995,"DK","",76070,2,7,422,1,19,43,0,0.9767,,0.7959,,13.8372,0,0,,
5747059,1998,14004,1996,"DK","",410090,3,21,424,3,31,2,0,1,,0,,9,0,0,,
5747087,1998,14004,1996,"DK","",740384,3,15,426,6,61,7,1,1,0,0.5714,1,12.1429,0,0,0,0
5747481,1998,14004,1997,"DK","",410090,3,25,514,3,31,2,0,1,,0.5,,14,0,0,,
5747950,1998,14004,1995,"DK","",134690,3,18,318,4,45,16,0,1,,0.7656,,7.4375,0,0,,
5749238,1998,14011,1997,"DK","",,1,7,62,6,69,5,0,1,,0,,12.2,,,,
5749780,1998,14011,1996,"DK","",740614,3,10,454,5,59,5,0,0.8,,0.375,,29,0,0,,
5750140,1998,14011,1995,"DK","",410090,3,10,424,3,31,0,0,,,,,,,,,
5750497,1998,14011,1995,"DK","",410090,3,95,514,3,31,5,1,1,0,0.64,3,17.4,0.2,0.2,1,1
5750518,1998,14011,1997,"DK","",410090,3,25,514,3,31,5,0,1,,0.48,,19,0,0,,
5750538,1998,14011,1997,"DK","",410090,3,34,514,3,31,7,0,1,,0,,3.2857,0.7143,0.7143,,
5750963,1998,14011,1995,"DK","",15050,3,13,219,4,49,4,0,1,,0.5,,13.25,0,0,,
5752428,1998,14018,1996,"DK","",134690,3,2,91,5,53,4,1,0.5,0,0.5,2,35.25,0,0,0,0
5752980,1998,14018,1997,"DK","",410090,3,27,8,1,11,1,2,1,0.5,0,1,1,1,1,1,1
5753388,1998,14018,1996,"DK","",693651,2,32,429,4,45,3,0,1,,0,,5.3333,0,0,,
5753458,1998,14018,1996,"DK","",714625,3,14,435,3,33,3,0,1,,0,,3.3333,0.3333,0.3333,,
5753460,1998,14018,1996,"DK","",410090,3,31,435,3,33,1,0,1,,0,,6,0,0,,
5753487,1998,14018,1995,"DK","",410090,3,44,435,3,33,2,0,1,,0.5,,9,0,0,,
5753643,1998,14018,1997,"DK","",410090,3,21,514,3,31,7,0,1,,0.4898,,19.5714,0.25,0.1429,,
5753661,1998,14018,1995,"DK","",253580,3,10,514,3,31,7,0,1,,0.4082,,10.1429,0.1429,0.1429,,
5753678,1998,14018,1996,"DK","",410090,3,17,514,3,31,0,3,,0,,1.6667,,,,1,1
5753793,1998,14018,1996,"DK","",15805,3,3,73,4,43,7,1,1,0,0.2449,1,5.5714,0,0,0,0
5754324,1998,14018,1995,"DK","",740926,3,7,359,5,54,2,0,1,,0.5,,12,0,0,,
5755221,1998,14025,1994,"DK","",,1,29,128,3,32,22,0,0.5909,,0.5562,,41.3636,,,,
5755685,1998,14025,1996,"DK","",72095,2,14,604,3,32,32,0,0.9688,,0.5869,,10.5625,0,0,,
5756144,1998,14025,1993,"DK","",362765,2,15,427,1,12,4,0,1,,0.625,,8,0,0,,
5756449,1998,14025,1995,"DK","",723061,3,18,514,3,31,0,0,,,,,,,,,
5756539,1998,14025,1997,"DK","",410090,3,19,514,3,31,5,1,1,0,0.64,0,15.2,0,0,1,1
5757944,1998,14025,1996,"DK","",226925,3,9,381,4,49,23,0,0.6957,,0.5313,,25.1739,0.1,0.0435,,
5758378,1998,14032,1995,"DK","",492670,3,19,15,6,69,10,0,0.7,,0.2449,,32.1,0,0,,
5758566,1998,14032,1996,"DK","",134690,3,9,92,5,53,8,1,1,0,0.5625,0,14,0.3333,0.25,1,1
5758604,1998,14032,1997,"DK","",741256,3,11,119,6,61,6,1,0.6667,0,0.625,1,26.8333,0,0,0,0
5758712,1998,14032,1996,"DK","",738923,3,5,164,5,52,3,0,1,,0.4444,,18.3333,0,0,,
5759190,1998,14032,1996,"DK","",741302,3,8,606,3,32,10,0,1,,0.68,,7.4,0,0,,
5759357,1998,14032,1996,"DK","",238050,3,4,203,1,19,3,0,1,,0.4444,,7.3333,0.6667,0.6667,,
5759540,1998,14032,1995,"DK","",,1,14,424,3,31,9,0,1,,0.716,,6.7778,,,,
5759936,1998,14032,1997,"DK","",238050,3,8,501,1,19,9,1,1,0,0.3704,1,5.1111,0,0,0,0
5762321,1998,14039,1995,"DK","",362660,3,3,254,5,59,14,1,0.6429,0,0.5185,3,27,0,0,0,0
5762477,1998,14039,1996,"DK","",134690,3,15,417,5,53,4,2,1,0.5,0.5,0.5,14.25,0.6667,0.5,0.5,0.5
5763254,1998,14039,1995,"DK","",410090,3,29,435,3,33,2,0,1,,0.5,,8.5,0.5,0.5,,
5763406,1998,14039,1995,"DK","",710876,3,10,514,3,31,0,0,,,,,,,,,
5763426,1998,14039,1995,"DK","",709942,3,7,514,3,31,2,0,1,,0.5,,11.5,0.5,0.5,,
5765379,1998,14046,1996,"DK","",741790,3,9,62,6,69,8,0,0.875,,0.2449,,20.875,0,0,,
5765562,1998,14046,1995,"DK","",690813,3,12,600,3,32,3,0,1,,0.4444,,4.3333,0,0,,
5766001,1998,14046,1995,"DK","",,1,12,432,6,66,5,0,1,,0.56,,4,,,,
5766855,1998,14046,1996,"DK","",,1,24,435,3,33,3,0,1,,0.4444,,5.6667,,,,
5766898,1998,14046,1994,"DK","",410090,3,19,510,1,19,1,0,1,,0,,23,0,0,,
5766912,1998,14046,1994,"DK","",410090,3,12,435,3,33,10,0,1,,0.18,,7.5,0.1111,0.1,,
5767085,1998,14046,1995,"DK","",410090,3,18,514,3,31,4,1,1,0,0,0,17.25,0,0,1,1
5767104,1998,14046,1995,"DK","",,1,23,514,3,31,1,0,1,,0,,8,,,,
5767378,1998,14046,1995,"DK","",731949,3,18,800,3,33,1,0,1,,0,,9,0,0,,
5768328,1998,14046,1996,"DK","",742035,3,16,375,2,21,6,0,1,,0.2778,,6.6667,0,0,,
5770406,1998,14053,1996,"DK","",,1,13,435,3,33,0,0,,,,,,,,,
5770416,1998,14053,1993,"DK","",742249,3,21,435,3,33,9,0,0.6667,,0.7778,,21.2222,0,0,,
5770424,1998,14053,1996,"DK","",410090,3,12,435,3,33,0,0,,,,,,,,,
5771096,1998,14053,1997,"DK","",739677,3,19,356,4,43,3,0,1,,0.4444,,4.6667,0,0,,
5771659,1998,14060,1996,"DK","",742342,3,11,53,6,68,9,0,1,,0.4938,,10.5556,0,0,,
5772419,1998,14060,1995,"DK","",134690,3,13,418,5,53,2,0,1,,0,,16.5,1,0.5,,
5772681,1998,14060,1995,"DK","",742453,3,10,606,3,32,2,1,1,0,0.5,2,4,0,0,0,0
5772864,1998,14060,1996,"DK","",362765,2,5,205,1,19,21,2,0.8095,0.5,0.7197,1,22.4762,0,0,0,0
5772958,1998,14060,1996,"DK","",742476,3,8,422,1,19,6,0,0.6667,,0.625,,25.6667,0,0,,
5773061,1998,14060,1996,"DK","",34090,3,17,426,6,61,5,0,0.8,,0.75,,22.4,0,0,,
5773298,1998,14060,1996,"DK","",134690,3,23,436,1,19,9,2,1,0.5,0.4938,0.5,8.3333,0,0,0,0
5773452,1998,14060,1995,"DK","",410090,3,34,514,3,31,4,0,1,,0,,5.5,1,1,,
5773571,1998,14060,1996,"DK","",,1,11,530,1,15,2,0,1,,0.5,,6,,,,
5773943,1998,14060,1996,"DK","",152480,3,4,318,4,45,6,0,1,,0.6667,,15.5,0,0,,
5773952,1998,14060,1996,"DK","",731892,3,13,318,4,45,2,0,1,,0.5,,10,0,0,,
5775588,1998,14067,1996,"DK","",34090,3,5,239,5,59,5,0,0.6,,0.6667,,29.8,0,0,,
5775890,1998,14067,1996,"DK","",202035,3,18,432,6,66,5,0,1,,0.56,,3.8,0,0,,
5775969,1998,14067,1996,"DK","",279465,3,10,446,6,62,7,0,0.5714,,0,,37.8571,0,0,,
5776336,1998,14067,1996,"DK","",76070,2,2,210,1,19,29,0,0.9655,,0.7857,,14.4483,0,0,,
5776580,1998,14067,1996,"DK","",480105,3,13,428,6,69,6,0,0.6667,,0.375,,24.6667,0,0,,
5776741,1998,14067,1996,"DK","",410090,3,24,435,3,33,2,0,1,,0.5,,10.5,0.5,0.5,,
5776757,1998,14067,1995,"DK","",410090,3,21,435,3,33,3,0,1,,0.4444,,10,0,0,,
5777102,1998,14067,1995,"DK","",719169,3,35,536,1,14,12,0,0.8333,,0.58,,28.4167,0,0,,
5778582,1998,14074,1996,"DK","",40695,3,10,40,6,69,6,0,1,,0.2778,,6.8333,0,0,,
5778757,1998,14074,1996,"DK","",134690,3,8,92,5,53,4,2,1,0,0.375,2,2.75,0.5,0.5,0,0
5778930,1998,14074,1995,"DK","",134690,3,13,137,6,69,1,0,1,,0,,16,0,0,,
5778944,1998,14074,1996,"DK","",722756,3,7,140,5,52,2,0,1,,0,,16.5,0,0,,
5779142,1998,14074,1996,"DK","",134690,3,17,236,6,69,5,0,1,,0.56,,13.4,0,0,,
5780486,1998,14074,1997,"DK","",410090,3,18,514,3,31,6,0,0.8333,,0.72,,19.8333,0,0,,
5780493,1998,14074,1997,"DK","",397621,3,11,514,3,31,3,0,1,,0,,4.3333,1,1,,
5780502,1998,14074,1997,"DK","",410090,3,16,514,3,31,4,1,1,0,0.5,0,11.25,0,0,1,1
5780593,1998,14074,1995,"DK","",743103,3,35,530,1,15,5,0,1,,0.8,,9.4,0,0,,
5780599,1998,14074,1994,"DK","",410090,3,23,530,1,15,7,0,0.4286,,0,,38.2857,0,0,,
5780682,1998,14074,1997,"DK","",238050,3,13,568,1,14,3,0,0.3333,,0,,36.3333,0,0,,
5782103,1998,14081,1997,"DK","",134690,3,4,62,6,69,5,0,1,,0,,7.4,0,0,,
5782185,1998,14081,1995,"DK","",279465,3,7,100,5,59,11,0,0.4545,,0.32,,32.1818,0,0,,
5782281,1998,14081,1996,"DK","",613215,3,14,160,6,69,6,0,0.5,,0,,35,0,0,,
5783413,1998,14081,1997,"DK","",743337,3,12,435,3,33,6,0,1,,0.5,,8.1667,0,0,,
5783416,1998,14081,1995,"DK","",410090,3,17,435,3,33,1,0,1,,0,,15,0,0,,
5783575,1998,14081,1995,"DK","",410090,3,7,514,3,31,3,0,1,,0.4444,,11.3333,0,0,,
5784241,1998,14081,1996,"DK","",710347,3,29,361,4,45,5,0,1,,0.56,,12.2,0,0,,
5784951,1998,14088,1996,"DK","",134690,3,12,92,5,53,8,0,1,,0.4063,,12.75,0.1667,0.125,,
5786461,1998,14088,1997,"DK","",,1,9,536,1,14,3,0,1,,0.4444,,5.6667,,,,
5786891,1998,14088,1997,"DK","",722326,2,17,356,4,43,7,0,1,,0.6939,,11.1429,0,0,,
5787830,1998,14095,1997,"DK","",,1,6,114,5,55,4,0,1,,0.375,,9,,,,
5787918,1998,14095,1995,"DK","",320335,3,22,137,6,69,4,0,1,,0,,15.5,0,0,,
5787921,1998,14095,1996,"DK","",320335,3,20,137,6,69,17,0,0.1765,,0,,57.7059,0,0,,
5788480,1998,14095,1995,"DK","",202035,3,30,432,6,66,7,1,0.7143,0,0.48,2,26,0,0,0,0
5789106,1998,14095,1997,"DK","",743855,3,20,252,1,19,4,0,1,,0.75,,2.75,0,0,,
5789249,1998,14095,1997,"DK","",134690,3,12,436,1,19,6,0,1,,0.8333,,6,0.1667,0.1667,,
5789404,1998,14095,1996,"DK","",253580,3,22,514,3,31,9,0,1,,0.1975,,9,0.3333,0.3333,,
5789657,1998,14095,1995,"DK","",,1,25,800,3,33,5,0,1,,0.64,,8.4,,,,
5792240,1998,14102,1996,"DK","",202045,3,25,96,1,13,14,0,0.8571,,0.6944,,21.4286,0,0,,
5792344,1998,14102,1996,"DK","",76070,2,19,210,1,19,29,1,0.9655,0,0.7857,2,14.4483,0,0,1,1
5792555,1998,14102,1996,"DK","",254145,3,32,428,6,69,2,0,1,,0.5,,4,1,1,,
5792641,1998,14102,1995,"DK","",410090,3,8,435,3,33,1,0,1,,0,,8,0,0,,
5793134,1998,14102,1997,"DK","",744216,3,5,310,4,45,5,0,0.8,,0.5,,18.4,0,0,,
5794513,1998,14109,1995,"DK","",134690,3,9,92,5,53,5,0,1,,0.56,,18.4,0,0,,
5795210,1998,14109,1996,"DK","",279465,3,17,446,6,62,4,1,1,0,0,2,12.75,0,0,0,0
5795489,1998,14109,1996,"DK","",76070,2,15,210,1,19,32,1,0.9688,0,0.7596,2,13.3125,0,0,1,1
5795746,1998,14109,1997,"DK","",410090,3,27,435,3,33,1,0,1,,0,,7,0,0,,
5795764,1998,14109,1995,"DK","",410090,3,9,435,3,33,0,0,,,,,,,,,
5795847,1998,14109,1995,"DK","",744461,3,16,504,1,11,3,0,1,,0,,4.6667,0,0,,
5795855,1998,14109,1995,"DK","",410090,3,26,510,1,19,4,2,1,0.5,0,2.5,5.25,0,0,1,1
5795888,1998,14109,1995,"DK","",410090,3,19,514,3,31,4,0,0.75,,0,,34,0,0,,
5797205,1998,14116,1997,"DK","",744562,3,7,40,6,69,11,0,0.8182,,0.4938,,31.7273,0,0,,
5797230,1998,14116,1996,"DK","",,1,24,52,6,69,7,0,0.7143,,0.32,,38.5714,,,,
5797354,1998,14116,1996,"DK","",741256,3,4,119,6,61,5,0,0.8,,0,,17,0,0,,
5797392,1998,14116,1997,"DK","",744580,3,44,128,3,32,16,0,0.5,,0,,48.75,0,0,,
5797575,1998,14116,1996,"DK","",407450,3,17,248,6,69,12,0,1,,0,,8.9167,0,0,,
5797863,1998,14116,1996,"DK","",23220,3,9,602,3,32,109,0,0.8073,,0.1095,,21.3119,0.069,0.0183,,
5797934,1998,14116,1996,"DK","",423105,3,6,606,3,32,7,1,1,0,0.6122,2,7,0,0,1,1
5798221,1998,14116,1996,"DK","",739677,3,48,435,3,33,2,0,1,,0.5,,4.5,0,0,,
5798369,1998,14116,1997,"DK","",410090,3,7,514,3,31,1,0,1,,0,,2,0,0,,
5799253,1998,14116,1996,"DK","",386735,2,9,455,2,21,4,0,1,,0,,7.5,0,0,,
5800338,1998,14123,1996,"DK","",111345,3,8,600,3,32,7,0,0.7143,,0.32,,31.2857,0,0,,
5800415,1998,14123,1996,"DK","",111345,3,8,604,3,32,1,0,1,,0,,2,0,0,,
5800610,1998,14123,1997,"DK","",202035,3,4,106,1,12,7,2,1,0.5,0.2449,1,9.4286,0.25,0.1429,1,1
5800701,1998,14123,1996,"DK","",684929,3,22,210,1,19,5,0,0.6,,0,,43.4,0,0,,
5800849,1998,14123,1995,"DK","",714625,3,15,426,6,61,5,0,1,,0.48,,25.2,0,0,,
5801035,1998,14123,1995,"DK","",410090,3,10,435,3,33,1,0,1,,0,,18,0,0,,
5801043,1998,14123,1995,"DK","",410090,3,36,435,3,33,1,0,1,,0,,6,0,0,,
5801174,1998,14123,1997,"DK","",397621,3,14,514,3,31,0,0,,,,,,,,,
5801500,1998,14123,1996,"DK","",134690,3,15,318,4,45,4,0,1,,0.625,,5,0,0,,
5802768,1998,14130,1996,"DK","",613215,3,23,49,5,59,11,0,0.8182,,0.7901,,24.1818,0.2,0.0909,,
5803148,1998,14130,1997,"DK","",613215,3,6,160,6,69,9,0,1,,0.5185,,11.6667,0,0,,
5803351,1998,14130,1997,"DK","",745124,3,10,229,6,68,12,0,0.9167,,0.7438,,15.25,0,0,,
5803717,1998,14130,1997,"DK","",745161,3,15,417,5,53,3,0,1,,0.6667,,16,0,0,,
5803783,1998,14130,1996,"DK","",279465,3,6,446,6,62,1,0,1,,0,,6,0,0,,
5803934,1998,14130,1996,"DK","",205005,3,14,29,5,52,0,0,,,,,,,,,
5803947,1998,14130,1995,"DK","",745189,3,28,75,5,52,14,0,0.3571,,0.56,,37.2143,0,0,,
5805406,1998,14130,1997,"DK","",,1,10,361,4,45,7,0,1,,0,,10.7143,,,,
5806321,1998,14137,1997,"DK","",134690,3,12,62,6,69,5,0,0.8,,0,,24,0,0,,
5806557,1998,14137,1996,"DK","",134690,3,13,137,6,69,4,0,0.75,,0,,30,1,0.25,,
5806561,1998,14137,1997,"DK","",134690,3,11,60,4,45,1,0,0,,,,60,0,0,,
5806694,1998,14137,1996,"DK","",,1,9,211,6,65,6,0,0.8333,,0.64,,21.8333,,,,
5807073,1998,14137,1997,"DK","",233890,3,7,415,5,53,2,0,0.5,,0,,44,0,0,,
5807583,1998,14137,1995,"DK","",437980,3,4,424,3,31,7,1,1,0,0.5714,2,10.4286,0,0,0,0
5807855,1998,14137,1994,"DK","",253580,3,7,514,3,31,10,0,1,,0.34,,11.8,0.4,0.4,,
5807871,1998,14137,1995,"DK","",253580,3,2,514,3,31,22,0,0.9545,,0.5578,,22.4091,0,0,,
5807889,1998,14137,1995,"DK","",253580,3,7,514,3,31,11,0,1,,0.314,,9.3636,0.1818,0.1818,,
5809645,1998,14144,1996,"DK","",238050,3,1,29,5,52,4,0,0.75,,0.6667,,25.75,0,0,,
5809981,1998,14144,1995,"DK","",350735,3,16,123,5,53,5,2,0.2,0.5,0,3,56.8,0,0,0,0
5810332,1998,14144,1996,"DK","",134690,3,14,251,5,53,3,0,1,,0.4444,,11.6667,0,0,,
5810553,1998,14144,1996,"DK","",728204,3,9,415,5,53,9,0,0.8889,,0.5,,12.5556,0.1429,0.1111,,
5811291,1998,14144,1995,"DK","",410090,3,10,435,3,33,3,0,1,,0,,2,0.6667,0.6667,,
5811382,1998,14144,1994,"DK","",410090,3,18,510,1,19,6,0,1,,0.4444,,8.5,0.1667,0.1667,,
5811609,1998,14144,1995,"DK","",134930,3,9,585,1,19,1,1,1,0,0,3,3,0,0,0,0
5811699,1998,14144,1997,"DK","",745839,3,16,73,4,43,9,0,1,,0.716,,16.5556,0,0,,
5812313,1998,14144,1997,"DK","",,1,5,359,5,54,7,0,0.8571,,0,,18.5714,,,,
5813195,1998,14151,1996,"DK","",688847,3,25,53,6,68,6,1,1,0,0.2778,1,21.3333,0,0,0,0
5813315,1998,14151,1996,"DK","",134690,3,10,92,5,53,6,3,1,0,0.6111,1,13.8333,0.4,0.3333,0.3333,0.3333
5813349,1998,14151,1997,"DK","",,1,4,104,5,55,19,0,0.9474,,0.6049,,20.2632,,,,
5814602,1998,14151,1995,"DK","",410090,3,10,514,3,31,4,0,1,,0.625,,4.5,0,0,,
5815587,1998,14151,1997,"DK","",746136,3,21,381,4,49,1,0,1,,0,,6,0,0,,
5815881,1998,14158,1996,"DK","",,1,15,15,6,69,8,0,0.875,,0.6122,,16,,,,
5816499,1998,14158,1996,"DK","",311690,3,7,239,5,59,9,0,0.8889,,0.6563,,13.3333,0,0,,
5817007,1998,14158,1996,"DK","",734958,3,22,600,3,32,5,0,1,,0.64,,10.2,0,0,,
5817280,1998,14158,1996,"DK","",705752,3,15,422,1,19,4,0,1,,0.75,,13.75,0,0,,
5817495,1998,14158,1996,"DK","",410090,3,13,435,3,33,0,2,,0.5,,2.5,,,,1,1
5817499,1998,14158,1996,"DK","",410090,3,11,435,3,33,0,1,,0,,2,,,,0,0
5817500,1998,14158,1997,"DK","",410090,3,7,435,3,33,1,0,1,,0,,5,0,0,,
5817654,1998,14158,1997,"DK","",410090,3,15,514,3,31,0,0,,,,,,,,,
5819522,1998,14165,1996,"DK","",238050,3,2,60,4,45,2,0,1,,0.5,,7.5,0,0,,
5821104,1998,14165,1997,"DK","",410090,3,20,435,3,33,1,0,1,,0,,1,0,0,,
5821416,1998,14165,1996,"DK","",,1,8,73,4,43,4,0,1,,0.5,,15.25,,,,
5822119,1998,14165,1995,"DK","",746751,3,30,359,5,54,11,0,0.7273,,0.75,,26.3636,0,0,,
5822946,1998,14172,1996,"DK","",,1,13,52,6,69,13,0,1,,0,,16.5385,,,,
5823450,1998,14172,1998,"DK","",202035,3,7,241,5,51,8,0,0.5,,0,,42.375,0.5,0.25,,
5823965,1998,14172,1997,"DK","",746942,3,26,600,3,32,10,0,1,,0.32,,6,0,0,,
5824230,1998,14172,1996,"DK","",76070,2,29,210,1,19,30,1,0.9667,0,0.7776,2,14.2,0,0,1,1
5824285,1998,14172,1996,"DK","",693651,2,2,423,1,19,13,0,1,,0.6272,,5.0769,0.3,0.2308,,
5824531,1998,14172,1995,"DK","",410090,3,9,435,3,33,6,0,1,,0,,6.5,0.1667,0.1667,,
5826490,1998,14179,1997,"DK","",134690,3,16,92,5,53,8,0,0.875,,0.6531,,19.875,0,0,,
5826693,1998,14179,1997,"DK","",747191,3,12,198,5,59,4,0,1,,0.625,,13.75,0,0,,
5827249,1998,14179,1996,"DK","",111345,3,9,604,3,32,2,0,1,,0,,20.5,0,0,,
5827501,1998,14179,1995,"DK","",690813,3,5,424,3,31,0,0,,,,,,,,,
5827719,1998,14179,1997,"DK","",410090,3,11,435,3,33,3,0,1,,0.4444,,4.3333,0.3333,0.3333,,
5827730,1998,14179,1996,"DK","",410090,3,6,435,3,33,3,0,1,,0.4444,,3,0,0,,
5827828,1998,14179,1995,"DK","",747292,3,30,514,3,31,1,0,1,,0,,4,0,0,,
5827829,1998,14179,1997,"DK","",,1,13,514,3,31,4,0,1,,0,,15.5,,,,
5827856,1998,14179,1996,"DK","",410090,3,16,514,3,31,0,0,,,,,,,,,
5827873,1998,14179,1997,"DK","",410090,3,20,514,3,31,2,0,1,,0.5,,8,0,0,,
5828448,1998,14179,1997,"DK","",722326,2,14,356,4,43,7,0,1,,0.6939,,11.1429,0,0,,
5829385,1998,14186,1997,"DK","",747421,3,16,119,6,61,7,0,0.7143,,0,,31.4286,0,0,,
5829734,1998,14186,1997,"DK","",698285,3,15,251,5,53,9,0,0.7778,,0.4898,,28.6667,0.1667,0.1111,,
5830352,1998,14186,1995,"DK","",76070,2,2,210,1,19,30,0,0.9667,,0.799,,14.3,0,0,,
5830734,1998,14186,1996,"DK","",410090,3,11,435,3,33,1,0,1,,0,,1,0,0,,
5830736,1998,14186,1997,"DK","",410090,3,11,435,3,33,1,0,1,,0,,3,0,0,,
5830757,1998,14186,1997,"DK","",410090,3,8,435,3,33,0,0,,,,,,,,,
5830837,1998,14186,1994,"DK","",410090,3,42,510,1,19,2,0,1,,0.5,,6,0,0,,
5830896,1998,14186,1995,"DK","",253580,3,1,514,3,31,14,0,0.9286,,0.5562,,23.7143,0,0,,
5831519,1998,14186,1997,"DK","",,1,8,340,2,21,7,0,1,,0.5714,,4.1429,,,,
5833405,1998,14193,1996,"DK","",,1,28,408,5,51,9,0,1,,0.716,,16.1111,,,,
5834233,1998,14193,1995,"DK","",733688,3,125,435,3,33,3,0,1,,0.4444,,8,0,0,,
5834280,1998,14193,1996,"DK","",410090,3,13,435,3,33,4,1,1,0,0.75,2,9.25,0,0,1,1
5834299,1998,14193,1997,"DK","",410090,3,28,435,3,33,3,0,1,,0.6667,,19.6667,0,0,,
5834415,1998,14193,1996,"DK","",410090,3,10,510,1,19,5,0,1,,0,,3,0,0,,
5834422,1998,14193,1996,"DK","",410090,3,51,514,3,31,17,0,0.6471,,0.5124,,20,0.4444,0.2353,,
5834482,1998,14193,1997,"DK","",410090,3,7,514,3,31,1,0,1,,0,,13,0,0,,
5834746,1998,14193,1997,"DK","",34175,3,10,219,4,49,7,0,0.8571,,0.2778,,26,0,0,,
5836015,1998,14200,1997,"DK","",592485,3,7,2,6,63,14,0,0.9286,,0,,10.8571,0,0,,
5836039,1998,14200,1995,"DK","",748024,3,53,15,6,69,7,0,0.7143,,0,,27,0,0,,
5836204,1998,14200,1997,"DK","",748038,3,10,74,5,59,2,0,1,,0,,20,0,0,,
5836373,1998,14200,1996,"DK","",738923,3,13,164,5,52,4,0,0.75,,0,,27.75,0,0,,
5836521,1998,14200,1997,"DK","",748072,3,71,239,5,59,14,0,1,,0.6939,,13.7143,0,0,,
5837217,1998,14200,1996,"DK","",238050,3,4,423,1,19,2,0,1,,0.5,,6.5,0,0,,
5837459,1998,14200,1996,"DK","",70025,3,59,435,3,33,0,0,,,,,,,,,
5837509,1998,14200,1995,"DK","",748164,3,71,435,3,33,2,0,1,,0.5,,11.5,0,0,,
5837513,1998,14200,1995,"DK","",,1,18,435,3,33,2,0,1,,0,,17,,,,
5837707,1998,14200,1995,"DK","",253580,3,7,514,3,31,14,0,0.9286,,0.5562,,23.7143,0,0,,
5838010,1998,14200,1997,"DK","",218550,2,17,250,4,44,4,0,1,,0,,3.75,0,0,,
5839102,1998,14200,1994,"DK","",722326,2,30,704,2,22,9,0,1,,0.5185,,8.1111,0,0,,
5839207,1998,14207,1996,"DK","",684469,3,39,34,1,19,8,0,1,,0.6875,,10.25,0.125,0.125,,
5839541,1998,14207,1995,"DK","",748349,3,10,182,6,65,5,0,1,,0.56,,17,0,0,,
5839776,1998,14207,1997,"DK","",407450,3,9,296,5,55,7,0,0.7143,,0.32,,24.7143,0.25,0.1429,,
5840073,1998,14207,1997,"DK","",111345,3,18,604,3,32,8,0,1,,0,,11.125,0,0,,
5840081,1998,14207,1997,"DK","",,1,8,623,3,39,41,0,1,,0.6341,,10.0244,,,,
5840169,1998,14207,1995,"DK","",,1,53,204,1,19,8,0,1,,0.2188,,13.875,,,,
5840230,1998,14207,1996,"DK","",,1,7,264,5,51,14,0,1,,0.6122,,11.2857,,,,
5840360,1998,14207,1996,"DK","",705752,3,11,426,6,61,8,0,0.75,,0.2778,,24.25,0,0,,
5840486,1998,14207,1995,"DK","",410090,3,22,435,3,33,0,0,,,,,,,,,
5840677,1998,14207,1996,"DK","",410090,3,10,514,3,31,7,1,1,0,0,2,3.5714,0,0,1,1
5840680,1998,14207,1996,"DK","",410090,3,14,514,3,31,17,0,0.6471,,0.5124,,19.9412,0.375,0.1765,,
5840969,1998,14207,1997,"DK","",238050,3,6,562,1,14,5,0,1,,0.48,,11,0.4,0.4,,
5842441,1998,14214,1996,"DK","",748596,3,11,119,6,61,6,1,1,0,0.7778,2,16,0,0,1,1
5843379,1998,14214,1997,"DK","",134690,3,8,422,1,19,6,0,1,,0.7222,,11.5,0,0,,
5843945,1998,14214,1997,"DK","",397621,3,11,514,3,31,5,1,1,0,0,0,5.4,0.6,0.6,0,0
5844884,1998,14214,1997,"DK","",405815,3,22,320,4,45,8,0,1,,0.7188,,3.25,0.25,0.25,,
5845583,1998,14221,1997,"DK","",,1,9,105,5,55,10,0,1,,0.58,,19.6,,,,
5845765,1998,14221,1997,"DK","",,1,10,198,5,59,9,0,0.8889,,0.2188,,13.7778,,,,
5846113,1998,14221,1996,"DK","",279465,3,11,446,6,62,2,0,1,,0,,18,0,0,,
5846788,1998,14221,1996,"DK","",410090,3,24,435,3,33,5,0,0.8,,0.75,,20.6,0,0,,
5846968,1998,14221,1997,"DK","",410090,3,25,514,3,31,5,0,1,,0.32,,11.4,0,0,,
5847150,1998,14221,1997,"DK","",410090,3,2,548,1,14,0,0,,,,,,,,,
5848503,1998,14228,1997,"DK","",279465,3,7,52,6,69,6,0,1,,0.6111,,10.6667,0,0,,
5848861,1998,14228,1997,"DK","",,1,5,408,5,51,15,0,1,,0.4356,,7.8667,,,,
5848927,1998,14228,1997,"DK","",279465,3,8,446,6,62,3,0,1,,0.4444,,13.3333,0.5,0.3333,,
5848958,1998,14228,1996,"DK","",357080,3,15,492,5,59,3,0,1,,0.4444,,5.3333,0,0,,
5849155,1998,14228,1995,"DK","",739671,2,18,162,1,19,362,0,0.9033,,0.8665,,16.8287,0,0,,
5849178,1998,14228,1998,"DK","",76070,2,1,494,1,19,7,1,1,0,0.5714,0,13.7143,0,0,1,1
5849209,1998,14228,1995,"DK","",296205,2,22,249,6,69,6,0,1,,0.5,,18.1667,0.1667,0.1667,,
5849700,1998,14228,1995,"DK","",410090,3,15,514,3,31,2,0,1,,0.5,,8.5,0,0,,
5849704,1998,14228,1995,"DK","",410090,3,21,514,3,31,3,0,0.6667,,0.5,,25.3333,0,0,,
5850107,1998,14228,1994,"DK","",296205,2,51,264,5,51,15,0,1,,0.7644,,9,0.3571,0.3333,,
5850782,1998,14235,1997,"DK","",720323,3,17,99,6,61,7,0,1,,0.4082,,4.1429,0.5714,0.5714,,
5851233,1998,14235,1997,"DK","",410090,3,22,8,1,11,0,1,,0,,1,,,,1,1
5851330,1998,14235,1997,"DK","",480105,3,6,156,1,19,5,0,1,,0.64,,11.2,0,0,,
5851811,1998,14235,1994,"DK","",410090,3,20,435,3,33,4,1,1,0,0.375,5,7,0,0,1,1
5851992,1998,14235,1995,"DK","",410090,3,7,514,3,31,4,0,1,,0.75,,5.25,0.5,0.5,,
5852368,1998,14235,1996,"DK","",,1,5,324,4,43,5,0,1,,0.64,,19.8,,,,
5852935,1998,14242,1997,"DK","",134690,3,5,60,4,45,2,0,1,,0,,2.5,0,0,,
5852990,1998,14242,1995,"DK","",238050,3,2,122,6,66,8,0,1,,0.5625,,12.375,0.1429,0.125,,
5853718,1998,14242,1995,"DK","",749540,3,29,424,3,31,6,0,1,,0,,10,0,0,,
5854050,1998,14242,1996,"DK","",410090,3,18,435,3,33,2,0,1,,0,,28,0,0,,
5854211,1998,14242,1995,"DK","",410090,3,15,514,3,31,8,0,1,,0.4063,,1.375,0.125,0.125,,
5854272,1998,14242,1997,"DK","",410090,3,26,514,3,31,2,0,1,,0,,8.5,0,0,,
5855188,1999,14249,1996,"DK","",703754,3,,119,6,61,1,0,1,,0,,13,0,0,,
5855621,1999,14249,1995,"DK","",410090,3,,8,1,11,19,0,0.9474,,0.6481,,14.2632,0.1765,0.1579,,
5855857,1999,14249,1997,"DK","",749742,3,,422,1,19,5,0,1,,0.56,,13.2,0,0,,
5856164,1999,14249,1997,"DK","",410090,3,,435,3,33,1,0,1,,0,,5,0,0,,
5856167,1999,14249,1996,"DK","",410090,3,,435,3,33,2,0,1,,0.5,,6,0.5,0.5,,
5856451,1999,14249,1997,"DK","",410090,3,,530,1,15,9,0,1,,0.5679,,8.7778,0,0,,
5856806,1999,14249,1996,"DK","",405815,3,,343,2,21,8,1,0.875,0,0.4082,0,13.5,0.1429,0.125,1,1
5857177,1999,14249,1996,"DK","",,1,,706,2,22,5,0,1,,0,,8,,,,
5857331,1999,14256,1997,"DK","",134690,3,,60,4,45,3,0,1,,0.4444,,4.6667,0.3333,0.3333,,
5857582,1999,14256,1997,"DK","",134835,3,,220,6,68,22,0,0.8182,,0.6852,,26.8636,0,0,,
5857592,1999,14256,1996,"DK","",444935,3,,222,1,19,4,0,1,,0,,8.5,0,0,,
5857892,1999,14256,1996,"DK","",279465,3,,446,6,62,10,0,0.8,,0.6563,,37.5,0,0,,
5858253,1999,14256,1996,"DK","",76070,2,,210,1,19,32,1,0.9688,0,0.8012,2,14.5,0.0435,0.0313,1,1
5858757,1999,14256,1993,"DK","",410090,3,,435,3,33,5,0,1,,0,,6,0,0,,
5858760,1999,14256,1997,"DK","",410090,3,,435,3,33,2,0,1,,0.5,,5.5,0,0,,
5859004,1999,14256,1997,"DK","",410090,3,,514,3,31,0,0,,,,,,,,,
5859010,1999,14256,1997,"DK","",410090,3,,514,3,31,3,0,1,,0.4444,,2.3333,0,0,,
5859045,1999,14256,1997,"DK","",410090,3,,514,3,31,2,0,1,,0.5,,9.5,0,0,,
5859372,1999,14256,1996,"DK","",,1,,73,4,43,8,0,1,,0.7813,,10.75,,,,
5860463,1999,14263,1997,"DK","",613215,3,,160,6,69,4,0,1,,0,,15.5,0,0,,
5860540,1999,14263,1996,"DK","",750132,3,,215,6,68,9,0,1,,0.7407,,18.2222,0,0,,
5860591,1999,14263,1997,"DK","",688859,3,,236,6,69,6,0,1,,0.5,,14.1667,0.2,0.1667,,
5860712,1999,14263,1996,"DK","",,1,,312,6,65,6,0,1,,0.5,,11.6667,,,,
5860744,1999,14263,1997,"DK","",134835,3,,383,6,68,12,0,1,,0.7222,,17.75,0,0,,
5860946,1999,14263,1997,"DK","",410090,3,,604,3,32,3,0,1,,0,,10,0,0,,
5861280,1999,14263,1997,"DK","",410090,3,,435,3,33,0,0,,,,,,,,,
5862745,1999,14270,1997,"DK","",720323,3,,99,6,61,5,0,1,,0.32,,3.4,0.8,0.8,,
5863519,1999,14270,1996,"DK","",690813,3,,424,3,31,12,0,1,,0.1528,,6.9167,0.0909,0.0833,,
5863573,1999,14270,1994,"DK","",410090,3,,426,6,61,8,0,0.875,,0.4082,,24.625,0,0,,
5863637,1999,14270,1997,"DK","",750425,3,,428,6,69,4,0,0.75,,0.6667,,25.75,0,0,,
5863759,1999,14270,1995,"DK","",410090,3,,435,3,33,18,0,1,,0.2037,,10.0556,0.0588,0.0556,,
5863903,1999,14270,1995,"DK","",410090,3,,514,3,31,1,0,1,,0,,5,0,0,,
5864220,1999,14270,1997,"DK","",729300,3,,320,4,45,4,0,1,,0,,11.25,0.25,0.25,,
5864395,1999,14270,1997,"DK","",750480,3,,356,4,43,6,0,1,,0.5,,13.6667,0,0,,
5864785,1999,14270,1997,"DK","",,1,,702,2,22,7,0,1,,0.7755,,7.4286,,,,
5864959,1999,14277,1997,"DK","",,5,,33,6,69,11,0,0.5455,,0,,40.5455,,,,
5865139,1999,14277,1996,"DK","",750581,3,,119,6,61,3,0,1,,0,,5.3333,0,0,,
5865236,1999,14277,1997,"DK","",738923,3,,164,5,52,2,0,0.5,,0,,48.5,0,0,,
5866006,1999,14277,1998,"DK","",742249,3,,210,1,19,10,0,0.9,,0.7407,,19.3,0,0,,
5866180,1999,14277,1997,"DK","",410090,3,,426,6,61,2,0,1,,0.5,,8,0,0,,
5866357,1999,14277,1992,"DK","",410090,3,,435,3,33,4,0,1,,0.375,,15.75,0.25,0.25,,
5866385,1999,14277,1995,"DK","",728388,3,,435,3,33,1,0,1,,0,,12,0,0,,
5866392,1999,14277,1996,"DK","",410090,3,,435,3,33,0,0,,,,,,,,,
5866393,1999,14277,1996,"DK","",410090,3,,435,3,33,2,0,1,,0,,12,0,0,,
5866411,1999,14277,1995,"DK","",,1,,435,3,33,0,0,,,,,,,,,
5866486,1999,14277,1995,"DK","",480105,3,,442,1,11,19,0,0.8421,,0.5859,,22.7368,0.0769,0.0526,,
5866526,1999,14277,1996,"DK","",410090,3,,510,1,19,6,0,1,,0.2778,,2.6667,0.3333,0.3333,,
5866538,1999,14277,1997,"DK","",410090,3,,514,3,31,2,0,1,,0.5,,9,0,0,,
5866590,1999,14277,1997,"DK","",410090,3,,514,3,31,4,0,1,,0.5,,4.25,0.5,0.5,,
5866906,1999,14277,1997,"DK","",218550,2,,250,4,44,4,0,1,,0,,2.5,0,0,,
5868061,1999,14284,1996,"DK","",134690,3,,92,5,53,8,1,1,0,0.6563,1,17.25,0.125,0.125,0,0
5868460,1999,14284,1996,"DK","",,1,,297,6,65,0,0,,,,,,,,,
5868770,1999,14284,1997,"DK","",423105,3,,606,3,32,4,0,1,,0.375,,6.25,0,0,,
5869029,1999,14284,1996,"DK","",248780,2,,424,3,31,8,0,1,,0.5625,,11.5,0,0,,
5869438,1999,14284,1995,"DK","",410090,3,,510,1,19,0,0,,,,,,,,,
5869602,1999,14284,1995,"DK","",410090,3,,530,1,15,3,0,1,,0.6667,,9,0,0,,
5870183,1999,14284,1998,"DK","",742035,3,,356,4,43,2,0,1,,0,,8,0,0,,
5870855,1999,14291,1996,"DK","",422675,3,,47,6,61,5,0,0.6,,0,,48,0.5,0.2,,
5871858,1999,14291,1997,"DK","",751179,3,,429,4,45,8,0,1,,0.7188,,6.875,0,0,,
5871966,1999,14291,1996,"DK","",410090,3,,435,3,33,0,0,,,,,,,,,
5871990,1999,14291,1996,"DK","",,1,,435,3,33,1,0,1,,0,,6,,,,
5872341,1999,14291,1996,"DK","",,5,,181,6,69,8,0,0.625,,0.56,,27.75,,,,
5873384,1999,14298,1996,"DK","",728319,3,,137,6,69,2,0,0.5,,0,,62.5,0,0,,
5873810,1999,14298,1996,"DK","",76070,2,,494,1,19,11,1,1,0,0.1653,2,13.8182,0,0,1,1
5874274,1999,14298,1996,"DK","",410090,3,,435,3,33,1,0,1,,0,,20,0,0,,
5874428,1999,14298,1996,"DK","",410090,3,,514,3,31,4,0,1,,0.625,,21.5,0.5,0.25,,
5874558,1999,14298,1996,"DK","",410090,3,,536,1,14,2,0,1,,0.5,,4.5,1,1,,
5874569,1999,14298,1995,"DK","",751391,3,,536,1,14,7,0,1,,0.5714,,6.8571,0,0,,
5874871,1999,14298,1997,"DK","",566545,3,,333,2,21,8,0,1,,0,,10.375,0.125,0.125,,
5875653,1999,14305,1995,"DK","",751479,3,,66,6,63,9,0,0.7778,,0.7755,,23.1111,0,0,,
5875962,1999,14305,1997,"DK","",691294,3,,229,6,68,4,0,0.5,,0,,26,0,0,,
5876261,1999,14305,1996,"DK","",279465,3,,446,6,62,5,0,0.6,,0.4444,,46.2,0,0,,
5876445,1999,14305,1996,"DK","",72095,2,,623,3,39,22,0,1,,0.6529,,9.5909,0.0556,0.0455,,
5876716,1999,14305,1994,"DK","",751579,3,,424,3,31,0,0,,,,,,,,,
5877383,1999,14305,1997,"DK","",238050,3,,585,1,19,4,0,1,,0,,5,0.5,0.5,,
5878146,1999,14305,1997,"DK","",580370,3,,381,4,49,2,0,1,,0,,10,0,0,,
5879120,1999,14312,1997,"DK","",751783,3,,413,5,52,5,0,1,,0.48,,24.6,0,0,,
5879664,1999,14312,1995,"DK","",410090,3,,424,3,31,2,0,1,,0,,6,0,0,,
5880696,1999,14312,1996,"DK","",405815,3,,343,2,21,10,0,1,,0.34,,6.9,0.3,0.3,,
5880825,1999,14312,1998,"DK","",722326,2,,356,4,43,7,0,1,,0.6939,,11.5714,0,0,,
5881638,1999,14319,1997,"DK","",34175,3,,99,6,61,7,0,1,,0.5714,,10.1429,0.1429,0.1429,,
5881640,1999,14319,1997,"DK","",697660,3,,99,6,61,15,0,1,,0.32,,12.9333,0.0714,0.0667,,
5881718,1999,14319,1995,"DK","",14910,3,,128,3,32,11,0,1,,0.1653,,8.7273,0,0,,
5881797,1999,14319,1998,"DK","",738923,3,,164,5,52,3,0,1,,0.4444,,9.3333,0,0,,
5881889,1999,14319,1997,"DK","",688847,3,,209,5,51,2,0,1,,0.5,,19,0,0,,
5881954,1999,14319,1995,"DK","",752022,3,,239,5,59,5,0,1,,0.56,,19.2,0,0,,
5881974,1999,14319,1997,"DK","",738878,3,,244,5,55,7,0,0.8571,,0.2778,,25.1429,0,0,,
5882191,1999,14319,1995,"DK","",713681,3,,432,6,66,7,0,1,,0.8163,,19.5714,0,0,,
5882196,1999,14319,1997,"DK","",,1,,433,3,39,5,0,1,,0,,9,,,,
5882715,1999,14319,1997,"DK","",438140,3,,427,1,12,11,0,1,,0.5124,,9.8182,0,0,,
5882718,1999,14319,1997,"DK","",410090,3,,426,6,61,2,0,1,,0,,13,0,0,,
5882851,1999,14319,1996,"DK","",732316,2,,435,3,33,0,0,,,,,,,,,
5882883,1999,14319,1997,"DK","",410090,3,,435,3,33,4,0,1,,0,,7.5,0,0,,
5882888,1999,14319,1997,"DK","",410090,3,,435,3,33,2,0,1,,0.5,,5,0,0,,
5882906,1999,14319,1996,"DK","",410090,3,,435,3,33,4,0,1,,0.375,,10.25,0.25,0.25,,
5882911,1999,14319,1998,"DK","",410090,3,,435,3,33,2,0,1,,0,,2.5,0.5,0.5,,
5883118,1999,14319,1996,"DK","",410090,3,,514,3,31,2,0,1,,0,,4.5,0,0,,
5883235,1999,14319,1997,"DK","",721306,3,,534,1,14,1,0,1,,0,,1,1,1,,
5884260,1999,14319,1995,"DK","",,1,,704,2,22,13,0,1,,0.142,,14.4615,,,,
5884474,1999,14326,1996,"DK","",238050,3,,60,4,45,10,0,0.9,,0.642,,17.4,0,0,,
5884578,1999,14326,1998,"DK","",,1,,116,6,69,20,0,0.5,,0.32,,44.05,,,,
5884651,1999,14326,1996,"DK","",134690,3,,137,6,69,9,0,0.8889,,0.7188,,17.8889,0,0,,
5885304,1999,14326,1997,"DK","",410090,3,,8,1,11,4,1,1,0,0,1,2.75,0.5,0.5,1,1
5885516,1999,14326,1997,"DK","",496055,3,,264,5,51,5,0,1,,0,,5.8,0,0,,
5885589,1999,14326,1995,"DK","",706866,3,,424,3,31,1,0,1,,0,,12,0,0,,
5885618,1999,14326,1995,"DK","",410090,3,,424,3,31,4,0,1,,0.75,,21.75,0,0,,
5885819,1999,14326,1997,"DK","",410090,3,,435,3,33,1,0,1,,0,,2,0,0,,
5886021,1999,14326,1997,"DK","",410090,3,,514,3,31,4,0,1,,0.625,,19.25,0,0,,
5886104,1999,14326,1995,"DK","",205005,3,,525,1,15,5,0,1,,0.72,,13.2,0,0,,
5886166,1999,14326,1996,"DK","",,1,,536,1,14,0,0,,,,,,,,,
5886668,1999,14326,1997,"DK","",752409,3,,343,2,21,6,0,1,,0.4444,,11.1667,0,0,,
5888258,1999,14333,1997,"DK","",632135,3,,51,5,59,2,0,1,,0,,12,0,0,,
5888402,1999,14333,1997,"DK","",238050,3,,210,1,19,12,0,1,,0.7639,,9.8333,0.0833,0.0833,,
5888645,1999,14333,1993,"DK","",707694,3,,428,6,69,7,0,1,,0.449,,12.2857,0,0,,
5888797,1999,14333,1997,"DK","",410090,3,,435,3,33,1,0,1,,0,,5,1,1,,
5888803,1999,14333,1996,"DK","",752607,3,,435,3,33,6,0,1,,0,,13.8333,0,0,,
5888966,1999,14333,1996,"DK","",728388,3,,514,3,31,4,0,1,,0,,16.75,0,0,,
5889002,1999,14333,1997,"DK","",410090,3,,514,3,31,2,0,1,,0.5,,15,0,0,,
5889443,1999,14333,1997,"DK","",405815,3,,332,4,41,8,0,1,,0.625,,6.25,0.75,0.75,,
5890320,1999,14340,1997,"DK","",,1,,49,5,59,5,0,0.6,,0.4444,,29.2,,,,
5890412,1999,14340,1996,"DK","",134690,3,,92,5,53,13,0,1,,0.4615,,4.3846,0.8462,0.8462,,
5890888,1999,14340,1996,"DK","",202035,3,,432,6,66,4,0,1,,0.375,,10.5,0,0,,
5890943,1999,14340,1997,"DK","",279465,3,,446,6,62,7,0,1,,0.2449,,12.2857,0.4,0.2857,,
5891481,1999,14340,1997,"DK","",,1,,425,5,51,3,0,1,,0,,17,,,,
5891625,1999,14340,1995,"DK","",,1,,435,3,33,2,0,1,,0,,10,,,,
5891664,1999,14340,1994,"DK","",720759,3,,435,3,33,2,0,1,,0.5,,9,0,0,,
5891669,1999,14340,1997,"DK","",410090,3,,435,3,33,1,0,1,,0,,9,0,0,,
5892013,1999,14340,1995,"DK","",410090,3,,536,1,14,0,0,,,,,,,,,
5893251,1999,14347,1997,"DK","",,1,,52,6,69,12,0,0.8333,,0.56,,19.9167,,,,
5894782,1999,14354,1997,"DK","",134690,3,,92,5,53,4,0,0.75,,0.4444,,26.5,0,0,,
5895374,1999,14354,1997,"DK","",111345,3,,604,3,32,7,0,0.8571,,0.5,,22.2857,0,0,,
5895693,1999,14354,1996,"DK","",,4,,428,6,69,4,0,0.25,,0,,63.5,,,,
5896702,1999,14361,1996,"DK","",613215,3,,49,5,59,13,0,0.8462,,0.6281,,20.0769,0.1,0.0769,,
5896871,1999,14361,1997,"DK","",753283,3,,134,6,69,6,0,1,,0.5,,17.8333,0,0,,
5896943,1999,14361,1996,"DK","",134690,3,,180,5,55,7,0,1,,0.6122,,11.8571,0.1429,0.1429,,
5897702,1999,14361,1998,"DK","",211820,2,,106,1,12,3,0,1,,0.4444,,16.3333,0.3333,0.3333,,
5898028,1999,14361,1998,"DK","",410090,3,,514,3,31,5,0,1,,0.64,,2.4,0,0,,
5898067,1999,14361,1998,"DK","",410090,3,,530,1,15,9,0,1,,0.4938,,11.6667,0.3333,0.3333,,
5898650,1999,14361,1996,"DK","",52565,3,,369,2,24,4,0,1,,0,,10,0,0,,
5898887,1999,14361,1996,"DK","",742035,3,,710,2,22,5,0,1,,0.72,,9,0,0,,
5899149,1999,14368,1997,"DK","",708363,3,,110,6,66,8,0,0.625,,0.32,,33,0,0,,
5899212,1999,14368,1998,"DK","",410090,3,,132,6,65,5,0,0.8,,0,,34.4,0,0,,
5899394,1999,14368,1997,"DK","",202035,3,,241,5,51,11,0,0.7273,,0.4063,,25.1818,0.2,0.0909,,
5899562,1999,14368,1997,"DK","",720323,3,,366,1,19,6,0,0.8333,,0.56,,20.3333,0,0,,
5900522,1999,14368,1995,"DK","",238050,3,,585,1,19,7,0,1,,0,,16.5714,0,0,,
5902168,1999,14375,1997,"DK","",279465,3,,446,6,62,6,0,0.3333,,0.5,,55.6667,0,0,,
5902619,1999,14375,1997,"DK","",,1,,426,6,61,1,0,1,,0,,25,,,,
5902663,1999,14375,1997,"DK","",753850,3,,428,6,69,19,0,1,,0.4266,,14.4211,0,0,,
5902813,1999,14375,1998,"DK","",397621,3,,514,3,31,0,0,,,,,,,,,
5904027,1999,14382,1997,"DK","",,1,,53,6,68,8,0,1,,0,,12.375,,,,
5904090,1999,14382,1998,"DK","",135455,2,,99,6,61,14,0,1,,0.5408,,13.5714,0,0,,
5905140,1999,14382,1997,"DK","",410090,3,,530,1,15,4,0,1,,0.625,,11.75,0,0,,
5905394,1999,14382,1998,"DK","",566545,3,,327,4,41,16,0,1,,0.6484,,8.6875,0,0,,
5905805,1999,14382,1996,"DK","",686645,3,,381,4,49,6,0,1,,0,,17.8333,0,0,,
5906398,1999,14389,1997,"DK","",410090,3,,285,6,67,8,0,0.375,,0,,49.5,0,0,,
5906669,1999,14389,1998,"DK","",480105,3,,65,5,51,6,0,0.8333,,0,,17.1667,0.25,0.1667,,
5906714,1999,14389,1996,"DK","",754229,3,,203,1,19,11,0,0.9091,,0.84,,18.4545,0,0,,
5906739,1999,14389,1996,"DK","",34175,3,,210,1,19,7,0,1,,0.2449,,10.8571,0,0,,
5906746,1999,14389,1997,"DK","",719566,3,,210,1,19,9,0,1,,0.1975,,4.3333,0.125,0.1111,,
5907587,1999,14389,1997,"DK","",405815,3,,375,2,21,4,0,1,,0.375,,4.25,0,0,,
5908472,1999,14396,1998,"DK","",410090,3,,8,1,11,4,0,1,,0.375,,4,0.5,0.5,,
5908554,1999,14396,1997,"DK","",730623,3,,210,1,19,11,0,1,,0,,7.8182,0,0,,
5908760,1999,14396,1996,"DK","",134835,3,,435,3,33,0,0,,,,,,,,,
5908836,1999,14396,1995,"DK","",,1,,514,3,31,10,0,1,,0.18,,15.6,,,,
5908846,1999,14396,1993,"DK","",725759,3,,514,3,31,6,0,1,,0.2778,,9.1667,0,0,,
5908963,1999,14396,1997,"DK","",238050,3,,568,1,14,1,0,1,,0,,6,0,0,,
5909236,1999,14396,1997,"DK","",754445,3,,347,2,23,4,0,1,,0.75,,16.25,0,0,,
5909372,1999,14396,1996,"DK","",134690,3,,700,2,22,9,0,1,,0.1975,,6.8889,0,0,,
5910037,1999,14403,1996,"DK","",279465,3,,446,6,62,0,0,,,,,,,,,
5910325,1999,14403,1997,"DK","",432910,3,,425,5,51,4,0,0.25,,0,,73.75,0,0,,
5910445,1999,14403,1991,"DK","",730833,3,,436,1,19,6,0,1,,0.2778,,14,0,0,,
5911786,1999,14410,1997,"DK","",731162,3,,73,4,43,14,0,0.8571,,0.625,,27.1429,0,0,,
5911813,1999,14410,1998,"DK","",731946,3,,99,6,61,10,0,1,,0.66,,5.7,0,0,,
5912150,1999,14410,1997,"DK","",410090,3,,435,3,33,3,0,1,,0,,5.6667,0.3333,0.3333,,
5912157,1999,14410,1996,"DK","",410090,3,,435,3,33,2,0,1,,0,,5.5,0,0,,
5912229,1999,14410,1997,"DK","",410090,3,,514,3,31,2,0,1,,0.5,,2.5,0,0,,
5912262,1999,14410,1997,"DK","",410090,3,,514,3,31,1,0,1,,0,,19,0,0,,
5912405,1999,14410,1997,"DK","",410090,3,,8,1,11,2,0,1,,0.5,,1.5,1,0.5,,
5913779,1999,14417,1998,"DK","",613215,3,,52,6,69,13,0,0.8462,,0,,22.1538,0,0,,
5913785,1999,14417,1998,"DK","",754881,3,,52,6,69,7,0,1,,0,,8.2857,0,0,,
5914066,1999,14417,1996,"DK","",15050,3,,219,4,49,5,0,1,,0.56,,11.4,0,0,,
5914147,1999,14417,1997,"DK","",754916,3,,426,6,61,2,0,1,,0.5,,15,0,0,,
5914306,1999,14417,1993,"DK","",410090,3,,510,1,19,1,0,1,,0,,11,0,0,,
5914333,1999,14417,1997,"DK","",410090,3,,514,3,31,3,0,1,,0.4444,,7.6667,0.3333,0.3333,,
5914338,1999,14417,1997,"DK","",410090,3,,514,3,31,0,0,,,,,,,,,
5914443,1999,14417,1998,"DK","",410090,3,,8,1,11,1,0,1,,0,,6,0,0,,
5915036,1999,14417,1996,"DK","",180080,3,,382,2,22,19,0,1,,0.7756,,8,0,0,,
5915447,1999,14424,1997,"DK","",613215,3,,160,6,69,7,0,0.8571,,0.5,,20.7143,0,0,,
5916335,1999,14424,1996,"DK","",698508,3,,76,5,52,7,0,0.8571,,0.6111,,25.8571,0,0,,
5916796,1999,14424,1992,"DK","",410090,3,,510,1,19,5,0,1,,0.64,,10.6,0,0,,
5916798,1999,14424,1997,"DK","",410090,3,,435,3,33,0,0,,,,,,,,,
5916880,1999,14424,1995,"DK","",755151,3,,514,3,31,10,0,1,,0.18,,15.6,0,0,,
5916889,1999,14424,1997,"DK","",410090,3,,514,3,31,4,0,0.75,,0.6667,,23.75,0.3333,0.25,,
5916901,1999,14424,1998,"DK","",410090,3,,514,3,31,1,0,1,,0,,9,0,0,,
5917018,1999,14424,1995,"DK","",739690,3,,530,1,15,9,0,1,,0.5185,,8.4444,0,0,,
5917047,1999,14424,1997,"DK","",410090,3,,546,1,14,1,0,1,,0,,9,0,0,,
5917053,1999,14424,1997,"DK","",397621,3,,548,1,14,0,0,,,,,,,,,
5917867,1999,14424,1997,"DK","",405815,3,,375,2,21,5,0,1,,0.72,,9.6,0,0,,
5918505,1999,14431,1997,"DK","",755283,3,,74,5,59,8,0,1,,0.5,,11.375,0,0,,
5918568,1999,14431,1998,"DK","",748596,3,,119,6,61,10,0,1,,0.82,,10.8,0.1111,0.1,,
5918977,1999,14431,1997,"DK","",697660,3,,366,1,19,15,0,1,,0.8,,17.4,0,0,,
5919164,1999,14431,1998,"DK","",72095,2,,604,3,32,0,0,,,,,,,,,
5919272,1999,14431,1995,"DK","",410090,3,,8,1,11,4,0,1,,0.625,,5.75,0,0,,
5919690,1999,14431,1995,"DK","",410090,3,,435,3,33,0,0,,,,,,,,,
5919691,1999,14431,1997,"DK","",410090,3,,435,3,33,1,0,1,,0,,14,0,0,,
5919777,1999,14431,1997,"DK","",410090,3,,514,3,31,3,0,1,,0.4444,,7.3333,0,0,,
5919805,1999,14431,1997,"DK","",410090,3,,514,3,31,2,0,1,,0,,8,1,1,,
5919812,1999,14431,1997,"DK","",410090,3,,514,3,31,5,0,1,,0.48,,11.8,0,0,,
5919817,1999,14431,1997,"DK","",410090,3,,514,3,31,2,0,1,,0,,30.5,0,0,,
5919820,1999,14431,1997,"DK","",755408,3,,514,3,31,1,0,1,,0,,9,0,0,,
5920090,1999,14431,1998,"DK","",707945,3,,257,4,46,6,0,1,,0,,20.6667,0,0,,
5920369,1999,14431,1997,"DK","",755445,3,,351,3,39,3,0,1,,0,,15.3333,0,0,,
5920556,1999,14431,1997,"DK","",405815,3,,370,2,21,18,0,1,,0.7593,,7.3889,0.2778,0.2778,,
5921098,1999,14438,1997,"DK","",134690,3,,62,6,69,4,0,0.75,,0.4444,,18.75,0,0,,
5922163,1999,14438,1996,"DK","",636985,3,,156,1,19,4,0,1,,0.625,,12.25,0,0,,
5922586,1999,14438,1996,"DK","",410090,3,,435,3,33,0,0,,,,,,,,,
5922724,1999,14438,1998,"DK","",397621,3,,514,3,31,2,0,1,,0,,3,1,1,,
5922725,1999,14438,1997,"DK","",397621,3,,514,3,31,3,0,1,,0,,5,1,1,,
5922770,1999,14438,1997,"DK","",410090,3,,514,3,31,0,0,,,,,,,,,
5922842,1999,14438,1996,"DK","",359910,3,,530,1,15,2,0,1,,0.5,,8.5,0,0,,
5923107,1999,14438,1997,"DK","",755700,3,,310,4,45,8,0,0.625,,0.56,,46.75,0,0,,
5924653,1999,14445,1997,"DK","",,1,,246,5,55,8,0,0.875,,0.449,,16,,,,
5925197,1999,14445,1995,"DK","",491685,3,,148,5,52,6,0,1,,0.2778,,15.5,0.1667,0.1667,,
5925282,1999,14445,1996,"DK","",111345,3,,249,6,69,4,0,1,,0,,16,0,0,,
5925328,1999,14445,1997,"DK","",238050,3,,423,1,19,3,0,1,,0.4444,,12.6667,0,0,,
5925392,1999,14445,1997,"DK","",699081,3,,426,6,61,20,0,0.75,,0.1244,,23.85,0,0,,
5925544,1999,14445,1997,"DK","",410090,3,,435,3,33,1,0,1,,0,,1,1,1,,
5925554,1999,14445,1997,"DK","",410090,3,,435,3,33,1,0,1,,0,,1,0,0,,
5925771,1999,14445,1997,"DK","",410090,3,,548,1,14,2,0,1,,0.5,,23.5,0,0,,
5926570,1999,14445,1997,"DK","",707584,3,,382,2,22,3,0,1,,0,,5.3333,0.3333,0.3333,,
5927369,1999,14452,1998,"DK","",727643,3,,160,6,69,6,0,1,,0,,8.3333,0,0,,
5927499,1999,14452,1998,"DK","",110775,2,,206,6,68,17,0,0.9412,,0.7266,,15.6471,0.0909,0.0588,,
5927576,1999,14452,1997,"DK","",756084,3,,224,6,68,7,0,1,,0,,14.7143,0,0,,
5928051,1999,14452,1998,"DK","",279465,3,,446,6,62,8,0,0.625,,0.56,,29.875,0,0,,
5928201,1999,14452,1997,"DK","",410090,3,,604,3,32,4,0,1,,0,,4.5,0,0,,
5928202,1999,14452,1998,"DK","",76070,2,,604,3,32,6,0,0.8333,,0,,14,0,0,,
5928280,1999,14452,1996,"DK","",628950,3,,623,3,39,13,0,1,,0.355,,4.3077,0.0833,0.0769,,
5928380,1999,14452,1998,"DK","",410090,3,,8,1,11,1,0,1,,0,,4,0,0,,
5928381,1999,14452,1996,"DK","",410090,3,,8,1,11,1,0,1,,0,,14,0,0,,
5928412,1999,14452,1996,"DK","",754229,3,,95,1,13,6,0,1,,0.7222,,12.6667,0,0,,
5928929,1999,14452,1997,"DK","",410090,3,,435,3,33,2,0,1,,0,,19.5,0,0,,
5929017,1999,14452,1997,"DK","",410090,3,,510,1,19,1,0,1,,0,,27,0,0,,
5929455,1999,14452,1996,"DK","",756249,3,,250,4,44,3,0,1,,0.4444,,6,0,0,,
5930263,1999,14452,1996,"DK","",742035,3,,370,2,21,7,0,1,,0.449,,4.7143,0,0,,
5930980,1999,14459,1998,"DK","",,1,,53,6,68,5,0,1,,0.64,,17,,,,
5931285,1999,14459,1997,"DK","",756410,3,,198,5,59,5,0,1,,0.32,,11.4,0,0,,
5931356,1999,14459,1997,"DK","",135455,2,,222,1,19,13,0,0.7692,,0,,30.3846,0,0,,
5931375,1999,14459,1997,"DK","",688859,3,,236,6,69,5,0,0.8,,0.625,,18.8,0.3333,0.2,,
5931812,1999,14459,1997,"DK","",72095,2,,604,3,32,10,0,1,,0.34,,5.8,0,0,,
5932141,1999,14459,1998,"DK","",238050,3,,252,1,19,8,0,1,,0.6875,,7.375,0.125,0.125,,
5932500,1999,14459,1997,"DK","",480105,3,,501,1,19,11,0,0.8182,,0.3704,,21.1818,0.2857,0.1818,,
5932565,1999,14459,1998,"DK","",709942,3,,514,3,31,0,0,,,,,,,,,
5933792,1999,14459,1996,"DK","",739677,3,,702,2,22,4,0,1,,0.625,,4.5,0,0,,
5933801,1999,14459,1997,"DK","",,1,,704,2,22,6,0,1,,0.2778,,11,,,,
5935116,1999,14466,1997,"DK","",592485,3,,604,3,32,2,0,1,,0.5,,11,0,0,,
5935432,1999,14466,1997,"DK","",76070,2,,210,1,19,31,0,0.9677,,0.7889,,14.9677,0,0,,
5935442,1999,14466,1993,"DK","",742249,3,,210,1,19,9,0,0.8889,,0.75,,21.1111,0,0,,
5935455,1999,14466,1996,"DK","",736927,3,,216,1,19,7,0,1,,0.8163,,3,0,0,,
5935632,1999,14466,1998,"DK","",699081,3,,426,6,61,7,0,1,,0.2449,,16.1429,0,0,,
5935837,1999,14466,1997,"DK","",410090,3,,435,3,33,1,0,1,,0,,2,0,0,,
5935886,1999,14466,1997,"DK","",480105,3,,501,1,19,7,0,0.7143,,0.8,,28.1429,0,0,,
5935987,1999,14466,1997,"DK","",410090,3,,514,3,31,2,0,1,,0.5,,6,0,0,,
5936088,1999,14466,1998,"DK","",410090,3,,546,1,14,6,0,1,,0.5,,13,0,0,,
5936247,1999,14466,1997,"DK","",218550,2,,250,4,44,2,0,1,,0.5,,3.5,0,0,,
5936590,1999,14466,1993,"DK","",462595,2,,343,2,21,8,0,0.25,,0,,37,0.5,0.125,,
5937075,1999,14466,1996,"DK","",756861,3,,381,4,49,12,0,0.8333,,0.46,,17.4167,0,0,,
5937631,1999,14473,1997,"DK","",238050,3,,60,4,45,3,0,1,,0,,5,0,0,,
5938034,1999,14473,1997,"DK","",140855,3,,206,6,68,10,0,0.9,,0.6667,,21.4,0.2,0.1,,
5938167,1999,14473,1996,"DK","",756990,3,,248,6,69,11,0,0.8182,,0.4938,,18.8182,0,0,,
5939100,1999,14473,1996,"DK","",725759,3,,424,3,31,11,0,0.8182,,0.716,,29,0,0,,
5939270,1999,14473,1995,"DK","",598965,3,,435,3,33,7,0,1,,0.5714,,6.2857,0,0,,
5939390,1999,14473,1997,"DK","",410090,3,,514,3,31,4,0,1,,0.625,,3.5,0,0,,
5939721,1999,14473,1996,"DK","",722326,2,,250,4,44,4,0,1,,0.5,,2.75,0.5,0.5,,
5939803,1999,14473,1996,"DK","",755283,3,,307,4,49,5,0,1,,0.72,,9.4,0,0,,
5941695,1999,14480,1997,"DK","",233890,3,,417,5,53,8,0,0.75,,0.6111,,19.75,0,0,,
5942022,1999,14480,1996,"DK","",757324,3,,71,1,11,9,0,1,,0.5926,,11.2222,0,0,,
5942162,1999,14480,1997,"DK","",238050,3,,261,1,19,13,0,0.8462,,0.595,,24.8462,0,0,,
5942411,1999,14480,1997,"DK","",224595,3,,435,3,33,0,0,,,,,,,,,
5942654,1999,14480,1997,"DK","",238050,3,,585,1,19,2,0,1,,0,,6,0.5,0.5,,
5942975,1999,14480,1998,"DK","",,1,,340,2,21,9,0,1,,0.7901,,15.3333,,,,
5945107,1999,14487,1998,"DK","",757611,3,,424,3,31,3,0,1,,0,,5.6667,0,0,,
5945187,1999,14487,1997,"DK","",410090,3,,428,6,69,0,0,,,,,,,,,
5945327,1999,14487,1997,"DK","",410090,3,,435,3,33,0,0,,,,,,,,,
5945328,1999,14487,1997,"DK","",410090,3,,435,3,33,2,0,1,,0,,2.5,0.5,0.5,,
5945329,1999,14487,1997,"DK","",697802,3,,435,3,33,5,0,1,,0.32,,10,0,0,,
5945417,1999,14487,1998,"DK","",410090,3,,514,3,31,2,0,1,,0,,6,0.5,0.5,,
5945433,1999,14487,1998,"DK","",709942,3,,514,3,31,0,0,,,,,,,,,
5945680,1999,14487,1997,"DK","",756249,3,,250,4,44,12,0,1,,0.8194,,14.6667,0,0,,
5946979,1999,14494,1997,"DK","",205005,3,,74,5,59,7,0,0.8571,,0.5,,29.1429,0,0,,
5947003,1999,14494,1996,"DK","",134690,3,,92,5,53,3,0,1,,0,,13,1,0.6667,,
5947015,1999,14494,1997,"DK","",757778,3,,99,6,61,14,0,1,,0.5408,,12.4286,0,0,,
5947064,1999,14494,1998,"DK","",350735,3,,123,5,53,4,0,1,,0,,7.25,0,0,,
5947494,1999,14494,1998,"DK","",757830,3,,280,5,55,6,0,1,,0,,8,0,0,,
5947628,1999,14494,1997,"DK","",757847,3,,403,6,67,13,0,0.6154,,0.375,,36.3077,0,0,,
5947934,1999,14494,1997,"DK","",410090,3,,604,3,32,2,0,1,,0,,8,0,0,,
5947980,1999,14494,1997,"DK","",736049,3,,606,3,32,14,0,0.9286,,0.5562,,14.6429,0,0,,
5948121,1999,14494,1998,"DK","",410090,3,,8,1,11,4,0,1,,0.5,,9.25,0.6667,0.5,,
5948158,1999,14494,1997,"DK","",202035,3,,106,1,12,9,0,1,,0.4938,,16.5556,0.1111,0.1111,,
5948661,1999,14494,1996,"DK","",410090,3,,435,3,33,3,0,1,,0.4444,,7.6667,0,0,,
5948672,1999,14494,1995,"DK","",410090,3,,435,3,33,1,0,1,,0,,15,0,0,,
5948746,1999,14494,1998,"DK","",410090,3,,510,1,19,2,0,1,,0.5,,7.5,0,0,,
5948751,1999,14494,1997,"DK","",410090,3,,514,3,31,10,0,1,,0.34,,6.1,0.4444,0.4,,
5949517,1999,14494,1998,"DK","",757993,3,,351,3,39,5,0,1,,0.32,,17.4,0,0,,
5950814,1999,14501,1997,"DK","",755445,3,,206,6,68,10,0,0.2,,0,,53.9,0,0,,
5951530,1999,14501,1997,"DK","",410090,3,,604,3,32,0,0,,,,,,,,,
5951532,1999,14501,1997,"DK","",111345,3,,604,3,32,8,0,0.875,,0,,17.75,0,0,,
5951546,1999,14501,1997,"DK","",,1,,606,3,32,5,0,1,,0.56,,6.8,,,,
5952352,1999,14501,1997,"DK","",410090,3,,514,3,31,5,0,1,,0,,2.8,0.8,0.8,,
5952363,1999,14501,1998,"DK","",410090,3,,514,3,31,1,0,1,,0,,8,0,0,,
5952932,1999,14501,1997,"DK","",279465,3,,340,2,21,3,0,1,,0.4444,,1.6667,0,0,,
5952975,1999,14501,1997,"DK","",758285,3,,343,2,21,8,0,1,,0.4688,,11.25,0,0,,
5953409,1999,14501,1997,"DK","",405815,3,,379,2,21,14,0,1,,0.551,,13.7143,0,0,,
5954499,1999,14508,1998,"DK","",202035,3,,432,6,66,5,0,1,,0.64,,15.2,0.2,0.2,,
5954689,1999,14508,1997,"DK","",410090,3,,604,3,32,0,0,,,,,,,,,
5954735,1999,14508,1998,"DK","",423105,3,,606,3,32,11,0,0.9091,,0.48,,12.2727,0,0,,
5954852,1999,14508,1997,"DK","",480105,2,,65,5,51,4,0,0.75,,0.4444,,19.25,0,0,,
5954964,1999,14508,1997,"DK","",731944,2,,210,1,19,10,0,1,,0,,10.5,0,0,,
5955026,1999,14508,1998,"DK","",76070,2,,422,1,19,10,0,1,,0.56,,2.8,0.8,0.8,,
5955077,1999,14508,1995,"DK","",693821,3,,424,3,31,6,0,1,,0.6111,,7.1667,0,0,,
5955277,1999,14508,1997,"DK","",410090,3,,435,3,33,1,0,1,,0,,4,0,0,,
5955502,1999,14508,1997,"DK","",739401,3,,514,3,31,0,0,,,,,,,,,
5955548,1999,14508,1998,"DK","",410090,3,,525,1,15,2,0,1,,0,,20,0,0,,
5956625,1999,14508,1997,"DK","",405815,3,,455,2,21,4,0,1,,0.375,,4.5,0,0,,
5956900,1999,14515,1998,"DK","",758630,3,,49,5,59,11,0,1,,0.1653,,10.7273,0,0,,
5957041,1999,14515,1996,"DK","",43680,3,,99,6,61,14,0,1,,0.6429,,14,0,0,,
5957889,1999,14515,1996,"DK","",410090,3,,604,3,32,9,0,1,,0.4938,,12.5556,0,0,,
5958082,1999,14515,1997,"DK","",410090,3,,8,1,11,0,0,,,,,,,,,
5958253,1999,14515,1997,"DK","",76070,2,,210,1,19,30,0,0.9667,,0.7967,,15.1,0,0,,
5958297,1999,14515,1996,"DK","",238050,3,,252,1,19,9,0,0.8889,,0.75,,18.5556,0,0,,
5958332,1999,14515,1997,"DK","",350735,3,,420,5,52,9,0,1,,0.6173,,6,0,0,,
5958350,1999,14515,1999,"DK","",238050,3,,422,1,19,3,0,1,,0,,2.6667,1,1,,
5958458,1999,14515,1995,"DK","",727445,3,,424,3,31,9,0,1,,0.6173,,11.5556,0,0,,
5958713,1999,14515,1997,"DK","",410090,3,,435,3,33,2,0,1,,0.5,,10.5,0,0,,
5958724,1999,14515,1997,"DK","",410090,3,,435,3,33,0,0,,,,,,,,,
5958806,1999,14515,1996,"DK","",758838,3,,442,1,11,2,0,1,,0.5,,18.5,0,0,,
5958887,1999,14515,1998,"DK","",,1,,514,3,31,4,0,1,,0,,16.5,,,,
5958951,1999,14515,1997,"DK","",410090,3,,514,3,31,1,0,1,,0,,8,1,1,,
5958957,1999,14515,1997,"DK","",410090,3,,514,3,31,0,0,,,,,,,,,
5958967,1999,14515,1997,"DK","",410090,3,,514,3,31,6,0,1,,0.4444,,11.5,0.6,0.5,,
5959169,1999,14515,1998,"DK","",238050,3,,585,1,19,1,0,1,,0,,13,0,0,,
5960081,1999,14515,1997,"DK","",126330,2,,713,2,22,7,0,1,,0.5714,,5.5714,0.1429,0.1429,,
5960153,1999,14515,1996,"DK","",758909,3,,386,4,49,7,0,1,,0.6122,,8.8571,0,0,,
5961200,1999,14522,1997,"DK","",,1,,362,4,42,13,0,0.7692,,0.46,,21.7692,,,,
5961364,1999,14522,1996,"DK","",279465,3,,446,6,62,8,0,0.875,,0,,22.25,0,0,,
5961496,1999,14522,1998,"DK","",410090,3,,604,3,32,13,0,0.9231,,0.6111,,20.6154,0,0,,
5961897,1999,14522,1998,"DK","",480105,3,,264,5,51,7,0,0.7143,,0.32,,22.7143,0,0,,
5962449,1999,14522,1996,"DK","",410090,3,,514,3,31,2,0,0.5,,0,,23.5,0,0,,
5962839,1999,14522,1996,"DK","",279465,3,,235,5,59,14,0,1,,0.7653,,8,0.0769,0.0714,,
5964072,1999,14529,1998,"DK","",,1,,52,6,69,9,0,0.5556,,0.32,,42,,,,
5964635,1999,14529,1998,"DK","",279465,3,,446,6,62,10,0,0.8,,0.4063,,25.6,0,0,,
5965384,1999,14529,1995,"DK","",410090,3,,435,3,33,15,0,1,,0.1244,,9.6667,0.0714,0.0667,,
5965418,1999,14529,1997,"DK","",410090,3,,435,3,33,1,0,1,,0,,12,0,0,,
5965503,1999,14529,1995,"DK","",410090,3,,510,1,19,6,0,1,,0.5,,9,0,0,,
5965510,1999,14529,1995,"DK","",410090,3,,510,1,19,9,0,1,,0.716,,10.3333,0.1111,0.1111,,
5966950,1999,14536,1999,"DK","",134690,3,,62,6,69,5,0,0.8,,0.375,,15.6,0,0,,
5967059,1999,14536,1998,"DK","",759530,2,,108,6,69,6,0,0.5,,0.4444,,35.3333,0,0,,
5967221,1999,14536,1997,"DK","",738923,3,,164,5,52,3,0,1,,0.4444,,9.6667,0,0,,
5967227,1999,14536,1997,"DK","",759545,3,,165,6,66,2,0,0.5,,0,,32,0,0,,
5967291,1999,14536,1997,"DK","",759550,3,,198,5,59,3,0,0.6667,,0,,23,0,0,,
5967709,1999,14536,1996,"DK","",,1,,408,5,51,16,0,1,,0,,12.5,,,,
5968011,1999,14536,1997,"DK","",731162,3,,604,3,32,6,0,1,,0,,6.3333,0,0,,
5968021,1999,14536,1996,"DK","",410090,3,,604,3,32,7,0,1,,0.2449,,10.4286,0,0,,
5968023,1999,14536,1997,"DK","",111345,3,,604,3,32,11,0,1,,0.4298,,11,0.1,0.0909,,
5968088,1999,14536,1997,"DK","",628950,3,,606,3,32,13,0,1,,0.355,,4.3077,0.0833,0.0769,,
5968575,1999,14536,1995,"DK","",705752,3,,426,6,61,3,0,1,,0,,17,0.5,0.3333,,
5968576,1999,14536,1998,"DK","",754916,3,,426,6,61,4,0,1,,0.75,,22.5,0,0,,
5968774,1999,14536,1998,"DK","",410090,3,,435,3,33,0,0,,,,,,,,,
5968813,1999,14536,1998,"DK","",410090,3,,435,3,33,7,0,1,,0.7755,,8.4286,0,0,,
5968887,1999,14536,1998,"DK","",410090,3,,510,1,19,8,0,1,,0.2188,,4.125,0.125,0.125,,
5969958,1999,14536,1997,"DK","",134690,3,,363,4,45,3,0,1,,0.4444,,7,0,0,,
5970116,1999,14536,1996,"DK","",759779,3,,378,4,44,8,0,1,,0,,12.25,0,0,,
5970156,1999,14536,1997,"DK","",566545,3,,381,4,49,8,0,1,,0.75,,5.75,0,0,,
5970800,1999,14543,1998,"DK","",759857,3,,73,4,43,3,0,0.6667,,0.5,,29.6667,0,0,,
5971295,1999,14543,1996,"DK","",687948,3,,239,5,59,14,0,0.8571,,0.1528,,25.4286,0,0,,
5971966,1999,14543,1997,"DK","",410090,3,,604,3,32,12,0,0.9167,,0.3967,,12.25,0,0,,
5972610,1999,14543,1997,"DK","",,1,,435,3,33,2,0,1,,0,,10,,,,
5972642,1999,14543,1997,"DK","",683611,3,,435,3,33,7,0,1,,0.2449,,14,0,0,,
5972665,1999,14543,1997,"DK","",410090,3,,435,3,33,7,0,1,,0.2449,,3.8571,0.2857,0.2857,,
5972872,1999,14543,1997,"DK","",410090,3,,510,1,19,3,0,1,,0.6667,,8.6667,0,0,,
5972873,1999,14543,1997,"DK","",410090,3,,510,1,19,8,0,1,,0,,4,0,0,,
5972925,1999,14543,1997,"DK","",410090,3,,514,3,31,2,0,1,,0.5,,14,0,0,,
5972964,1999,14543,1997,"DK","",253580,3,,514,3,31,11,0,1,,0.314,,10.3636,0.1818,0.1818,,
5972978,1999,14543,1999,"DK","",410090,3,,514,3,31,0,0,,,,,,,,,
5973610,1999,14543,1996,"DK","",760100,3,,340,2,21,5,0,1,,0.32,,12.8,0,0,,
5975838,1999,14550,1997,"DK","",410685,3,,414,5,51,10,0,0.7,,0.449,,27.5,0.1667,0.1,,
5975842,1999,14550,1998,"DK","",233890,3,,415,5,53,7,0,1,,0.7755,,15,0,0,,
5975891,1999,14550,1998,"DK","",202035,3,,432,6,66,0,0,,,,,,,,,
5976855,1999,14550,1996,"DK","",410090,3,,435,3,33,1,0,1,,0,,13,0,0,,
5977069,1999,14550,1992,"DK","",410090,3,,514,3,31,2,0,1,,0.5,,9.5,0,0,,
5977129,1999,14550,1995,"DK","",410090,3,,514,3,31,2,0,1,,0,,8,1,1,,
5977158,1999,14550,1997,"DK","",410090,3,,514,3,31,7,0,1,,0.2449,,5.4286,0,0,,
5977178,1999,14550,1996,"DK","",410090,3,,514,3,31,0,0,,,,,,,,,
5977296,1999,14550,1994,"DK","",,1,,530,1,15,1,0,1,,0,,5,,,,
5978435,1999,14550,1998,"DK","",739677,3,,377,4,49,2,0,1,,0.5,,17,0,0,,
5979086,1999,14557,1997,"DK","",,1,,36,6,63,10,0,0.6,,0,,32,,,,
5979096,1999,14557,1994,"DK","",744562,3,,40,6,69,11,0,0.8182,,0.4938,,32.7273,0,0,,
5979917,1999,14557,1998,"DK","",757830,3,,280,5,55,6,0,1,,0.5,,10.1667,0,0,,
5980223,1999,14557,1997,"DK","",760678,3,,417,5,53,9,0,0.4444,,0.375,,40.3333,0,0,,
5980491,1999,14557,1997,"DK","",410090,3,,604,3,32,8,0,1,,0.2188,,4.625,0,0,,
5980506,1999,14557,1998,"DK","",,1,,604,3,32,3,0,1,,0,,5,,,,
5980592,1999,14557,1997,"DK","",760716,3,,44,1,19,6,0,1,,0.6667,,17,0,0,,
5980956,1999,14557,1997,"DK","",410090,3,,426,6,61,2,0,0,,,,63,0,0,,
5981024,1999,14557,1996,"DK","",480105,3,,428,6,69,2,0,1,,0,,17.5,0,0,,
5981253,1999,14557,1995,"DK","",410090,3,,435,3,33,2,0,1,,0,,6,0,0,,
5981410,1999,14557,1998,"DK","",758838,3,,442,1,11,2,0,1,,0,,10.5,0,0,,
5981718,1999,14557,1998,"DK","",410090,3,,530,1,15,4,0,1,,0.375,,10,0,0,,
5983804,1999,14564,1997,"DK","",698908,3,,105,5,55,3,0,0.3333,,0,,46.6667,0,0,,
5984756,1999,14564,1998,"DK","",279465,3,,446,6,62,5,0,1,,0.32,,4.8,0,0,,
5984894,1999,14564,1997,"DK","",410090,3,,604,3,32,7,0,1,,0.2449,,11.4286,0,0,,
5984897,1999,14564,1995,"DK","",410090,3,,604,3,32,1,0,1,,0,,21,0,0,,
5984900,1999,14564,1994,"DK","",410090,3,,604,3,32,8,0,1,,0,,7.5,0,0,,
5984906,1999,14564,1997,"DK","",410090,3,,604,3,32,24,0,1,,0.1563,,8.5,0.0952,0.0833,,
5985245,1999,14564,1997,"DK","",690813,3,,424,3,31,4,0,1,,0.375,,6,0,0,,
5985306,1999,14564,1997,"DK","",410090,3,,424,3,31,2,0,1,,0,,30.5,0,0,,
5985563,1999,14564,1997,"DK","",728755,3,,435,3,33,7,0,1,,0.6122,,4.1429,0.1429,0.1429,,
5985627,1999,14564,1997,"DK","",761165,3,,435,3,33,3,0,1,,0,,11,0,0,,
5985629,1999,14564,1997,"DK","",410090,3,,435,3,33,3,0,1,,0.6667,,18.6667,0,0,,
5985818,1999,14564,1998,"DK","",410090,3,,510,1,19,1,0,1,,0,,3,1,1,,
5985935,1999,14564,1994,"DK","",693821,3,,514,3,31,2,0,1,,0.5,,14,0,0,,
5986130,1999,14564,1998,"DK","",683036,3,,562,1,14,3,0,1,,0.6667,,18,0,0,,
5987473,1999,14564,1997,"DK","",761275,3,,707,2,22,13,0,1,,0.7692,,2.3846,0,0,,
5987867,1999,14571,1997,"DK","",376460,3,,57,6,63,14,0,0.8571,,0.2778,,19.2143,0,0,,
5988504,1999,14571,1997,"DK","",707584,3,,235,5,59,2,0,1,,0.5,,11,0.5,0.5,,
5989169,1999,14571,1996,"DK","",410090,3,,435,3,33,0,0,,,,,,,,,
5989269,1999,14571,1997,"DK","",761506,2,,606,3,32,9,0,1,,0.716,,8.4444,0,0,,
5989526,1999,14571,1998,"DK","",410090,3,,424,3,31,17,0,1,,0.6851,,4.2941,0.5,0.4118,,
5989600,1999,14571,1996,"DK","",410090,3,,426,6,61,6,0,1,,0.6111,,13.8333,0,0,,
5989646,1999,14571,1998,"DK","",761543,3,,427,1,12,5,0,1,,0.72,,23.8,0,0,,
5990084,1999,14571,1997,"DK","",410090,3,,514,3,31,0,0,,,,,,,,,
5990312,1999,14571,1997,"DK","",397621,3,,546,1,14,1,0,1,,0,,3,0,0,,
5991417,1999,14571,1997,"DK","",580370,3,,381,4,49,6,0,1,,0.5,,9.5,0,0,,
5992674,1999,14578,1995,"DK","",134835,3,,220,6,68,18,0,0.7778,,0.6531,,29.1667,0,0,,
5992777,1999,14578,1998,"DK","",721462,3,,241,5,51,6,0,0.8333,,0,,27.8333,0,0,,
5993223,1999,14578,1997,"DK","",134690,3,,439,4,41,2,0,1,,0.5,,15,0,0,,
5993468,1999,14578,1998,"DK","",423105,3,,606,3,32,7,0,1,,0.4082,,6,0.3333,0.1429,,
5993755,1999,14578,1997,"DK","",,1,,422,1,19,14,0,1,,0.5816,,5.6429,,,,
5993865,1999,14578,1996,"DK","",697802,3,,426,6,61,0,0,,,,,,,,,
5994113,1999,14578,1997,"DK","",410090,3,,435,3,33,1,0,1,,0,,7,0,0,,
5994254,1999,14578,1999,"DK","",238050,3,,501,1,19,1,0,1,,0,,2,0,0,,
5994332,1999,14578,1998,"DK","",709942,3,,514,3,31,0,0,,,,,,,,,
5994373,1999,14578,1997,"DK","",410090,3,,514,3,31,1,0,1,,0,,14,0,0,,
5994390,1999,14578,1997,"DK","",410090,3,,514,3,31,2,0,1,,0,,30.5,0,0,,
5994629,1999,14578,1995,"DK","",731949,3,,800,3,33,0,0,,,,,,,,,
5994878,1999,14578,1998,"DK","",729300,3,,320,4,45,10,0,1,,0.18,,2.7,0,0,,
5995610,1999,14578,1997,"DK","",566545,3,,379,2,21,10,0,1,,0,,2.9,0,0,,
5995636,1999,14578,1997,"DK","",580370,3,,381,4,49,7,0,1,,0,,7.5714,0,0,,
5995702,1999,14578,1998,"DK","",479235,3,,362,4,42,8,0,1,,0.5,,4.75,0,0,,
5996114,1999,14578,1997,"DK","",52565,3,,714,2,22,10,0,1,,0.72,,15.6,0,0,,
5996412,1999,14585,1998,"DK","",15805,3,,73,4,43,11,0,1,,0.6116,,18.4545,0.1111,0.0909,,
5996967,1999,14585,1998,"DK","",134690,3,,251,5,53,3,0,1,,0,,22,0,0,,
5996968,1999,14585,1996,"DK","",134690,3,,251,5,53,6,0,1,,0.7222,,9.1667,0,0,,
5997584,1999,14585,1998,"DK","",410090,3,,8,1,11,3,0,1,,0.4444,,8.6667,0.3333,0.3333,,
5997785,1999,14585,1997,"DK","",,1,,264,5,51,3,0,0.3333,,0,,47.3333,,,,
5997835,1999,14585,1998,"DK","",238050,3,,423,1,19,5,0,1,,0.72,,20,0.4,0.4,,
5998176,1999,14585,1998,"DK","",410090,3,,435,3,33,2,0,1,,0,,8,0,0,,
5998190,1999,14585,1998,"DK","",410090,3,,435,3,33,2,0,1,,0,,29,0,0,,
5998344,1999,14585,1998,"DK","",410090,3,,510,1,19,16,0,1,,0.5703,,9.5,0.125,0.125,,
5998353,1999,14585,1997,"DK","",410090,3,,510,1,19,1,0,1,,0,,3,1,1,,
5998375,1999,14585,1998,"DK","",410090,3,,514,3,31,0,0,,,,,,,,,
5998405,1999,14585,1998,"DK","",397621,3,,514,3,31,0,0,,,,,,,,,
5998613,1999,14585,1997,"DK","",253580,3,,540,1,14,5,0,1,,0,,11.6,0,0,,
5998740,1999,14585,1997,"DK","",688847,3,,177,6,69,14,0,1,,0.4694,,10.8571,0,0,,
5999253,1999,14585,1997,"DK","",14910,3,,356,4,43,5,0,1,,0.32,,3.6,0,0,,
5999661,1999,14585,1996,"DK","",758909,3,,382,2,22,5,0,1,,0.8,,9,0,0,,
6000145,1999,14592,1998,"DK","",202035,3,,34,1,19,4,0,1,,0.625,,7.5,0.5,0.5,,
6000316,1999,14592,1996,"DK","",134690,3,,92,5,53,6,0,1,,0.5,,22.3333,0,0,,
6000984,1999,14592,1998,"DK","",279465,3,,446,6,62,1,0,1,,0,,28,0,0,,
6001134,1999,14592,1998,"DK","",410090,3,,8,1,11,2,0,1,,0,,17.5,1,0.5,,
6001639,1999,14592,1996,"DK","",410090,3,,435,3,33,0,0,,,,,,,,,
6001832,1999,14592,1997,"DK","",410090,3,,514,3,31,2,0,1,,0,,5,0.5,0.5,,
6002053,1999,14592,1998,"DK","",55665,3,,568,1,14,4,0,1,,0.75,,16.25,0,0,,
6003459,1999,14599,1997,"DK","",762699,3,,114,5,55,1,0,1,,0,,21,0,0,,
6003717,1999,14599,1999,"DK","",,1,,220,6,68,10,0,0.7,,0.4082,,27.7,,,,
6003736,1999,14599,1998,"DK","",410090,3,,222,1,19,4,0,0.75,,0,,31.75,0,0,,
6004255,1999,14599,1998,"DK","",17915,3,,494,1,19,7,0,0.8571,,0.5,,18.8571,0,0,,
6004297,1999,14599,1999,"DK","",410090,3,,604,3,32,6,0,1,,0,,3.3333,0,0,,
6004581,1999,14599,1996,"DK","",189690,3,,424,3,31,6,0,1,,0.4444,,7,0.8,0.6667,,
6004747,1999,14599,1996,"DK","",,5,,435,3,33,0,0,,,,,,,,,
6004961,1999,14599,1999,"DK","",410090,3,,514,3,31,2,0,1,,0,,10,0.5,0.5,,
6004983,1999,14599,1997,"DK","",410090,3,,514,3,31,5,0,1,,0,,1.4,1,1,,
6006527,1999,14606,1998,"DK","",134690,3,,62,6,69,2,0,1,,0,,9,0,0,,
6006785,1999,14606,1998,"DK","",745161,3,,137,6,69,16,0,0.75,,0.4861,,28.5625,0,0,,
6007331,1999,14606,1999,"DK","",211820,2,,432,6,66,4,0,1,,0.625,,7.25,0.3333,0.25,,
6008242,1999,14606,1996,"DK","",410090,3,,514,3,31,3,0,1,,0.4444,,15,0,0,,
6008421,1999,14606,1997,"DK","",,1,,570,1,14,1,0,1,,0,,5,,,,
6008644,1999,14606,1997,"DK","",763198,3,,324,4,43,6,0,1,,0.5,,3.5,0,0,,
6009133,1999,14606,1996,"DK","",742035,3,,375,2,21,2,0,1,,0.5,,8.5,0,0,,
