3609798,1971,4295,1969,"DK","",,1,,452,6,61,,0,,,,,,,,,
3610820,1971,4295,1968,"DK","",14405,3,,73,4,43,,1,,0,,12,,,,0,0
3610880,1971,4295,1969,"DK","",,1,,392,4,41,,5,,0.8,,15.4,,,,,
3614265,1971,4309,1970,"DK","",134690,3,,417,5,53,,1,,0,,4,,,,0,0
3614274,1971,4309,1970,"DK","",134690,3,,418,5,53,,2,,0,,4,,,,0,0
3615704,1971,4316,1967,"DK","",517970,3,,426,6,61,,3,,0.4444,,21.6667,,,,0,0
3616834,1971,4323,1969,"DK","",40755,3,,159,1,19,,4,,0.375,,12.25,,,,0.3333,0.25
3617154,1971,4323,1968,"DK","",134690,3,,417,5,53,,0,,,,,,,,,
3617729,1971,4323,1969,"DK","",,1,,108,6,69,,1,,0,,26,,,,,
3618178,1971,4330,1970,"DK","",346115,3,,24,6,63,,9,,0,,11.5556,,,,0,0
3618334,1971,4330,1970,"DK","",77275,3,,62,6,69,,2,,0,,21.5,,,,0,0
3618837,1971,4330,1969,"DK","",389195,3,,226,5,51,,5,,0.56,,16,,,,0,0
3620177,1971,4337,1969,"DK","",,1,,110,6,66,,1,,0,,6,,,,,
3620398,1971,4337,1969,"DK","",,1,,215,6,68,,0,,,,,,,,,
3621101,1971,4337,1970,"DK","",308755,3,,514,3,31,,2,,0,,18,,,,0,0
3621828,1971,4344,1969,"DK","",,1,,124,5,59,,11,,0.6446,,13.2727,,,,,
3622192,1971,4344,1969,"DK","",,1,,294,5,59,,0,,,,,,,,,
3623396,1971,4351,1969,"DK","",,1,,411,5,59,,3,,0,,11.6667,,,,,
3623610,1971,4351,1969,"DK","",15830,3,,210,1,19,,13,,0.142,,14.3846,,,,0.0833,0.0769
3624735,1971,4351,1970,"DK","",226775,3,,112,6,63,,11,,0,,10.4545,,,,0.0909,0.0909
3624806,1971,4351,1970,"DK","",15800,3,,432,6,66,,2,,0.5,,22,,,,0,0
3625367,1971,4358,1970,"DK","",41005,3,,211,6,65,,0,,,,,,,,,
3625490,1971,4358,1969,"DK","",497735,3,,366,1,19,,0,,,,,,,,,
3626461,1971,4358,1970,"DK","",309260,3,,110,6,66,,2,,0,,12,,,,0,0
3628652,1971,4372,1969,"DK","",516845,3,,198,5,59,,0,,,,,,,,,
3628808,1971,4372,1969,"DK","",,1,,280,5,55,,0,,,,,,,,,
3628916,1971,4372,1969,"DK","",739677,3,,436,1,19,,1,,0,,14,,,,0,0
3629155,1971,4372,1969,"DK","",134690,3,,252,1,19,,7,,0.6122,,4.2857,,,,0,0
3629300,1971,4372,1969,"DK","",343245,3,,552,1,14,,0,,,,,,,,,
3629444,1971,4372,1970,"DK","",308755,3,,514,3,31,,0,,,,,,,,,
3629717,1971,4372,1968,"DK","",407820,2,,330,4,41,,3,,0,,8.3333,,,,0,0
3630102,1971,4379,1970,"DK","",134690,3,,475,5,53,,1,,0,,21,,,,0,0
3631416,1971,4379,1969,"DK","",134690,3,,365,2,24,,0,,,,,,,,,
3631842,1972,4386,1970,"DK","",188935,3,,122,6,66,,1,,0,,15,,,,0,0
3632282,1972,4386,1969,"DK","",,1,,156,1,19,,5,,0.32,,12.4,,,,,
3632711,1972,4386,1969,"DK","",,1,,264,5,51,,10,,0.74,,13.7,,,,,
3633832,1972,4393,1969,"DK","",202035,2,,241,5,51,,3,,0,,11.3333,,,,0.5,0.3333
3633834,1972,4393,1970,"DK","",,1,,241,5,51,,7,,0,,11.7143,,,,,
3634410,1972,4393,1970,"DK","",343245,3,,540,1,14,,5,,0,,19.8,,,,0,0
3634467,1972,4393,1969,"DK","",343245,3,,552,1,14,,0,,,,,,,,,
3634583,1972,4393,1969,"DK","",343245,3,,424,3,31,,2,,0.5,,4,,,,0.5,0.5
3634909,1972,4400,1969,"DK","",,1,,452,6,61,,2,,0,,8.5,,,,,
3635364,1972,4400,1969,"DK","",,1,,414,5,51,,9,,0.6173,,13.3333,,,,,
3635589,1972,4400,1970,"DK","",406800,3,,416,1,19,,7,,0.7755,,22.4286,,,,0,0
3635604,1972,4400,1969,"DK","",134690,3,,417,5,53,,6,,0.6667,,19.3333,,,,0,0
3635784,1972,4400,1967,"DK","",,1,,428,6,69,,3,,0.4444,,21.6667,,,,,
3635949,1972,4400,1968,"DK","",15860,3,,540,1,14,,0,,,,,,,,,
3636287,1972,4400,1970,"DK","",134690,3,,200,4,41,,1,,0,,16,,,,0,0
3636858,1972,4407,1970,"DK","",,1,,99,6,61,,9,,0,,21.2222,,,,,
3636891,1972,4407,1969,"DK","",,1,,108,6,69,,3,,0.4444,,7.6667,,,,,
3636992,1972,4407,1970,"DK","",134690,3,,141,5,51,,1,,0,,28,,,,0,0
3637066,1972,4407,1969,"DK","",127685,3,,198,5,59,,12,,0.5694,,22.0833,,,,0,0
3637539,1972,4407,1968,"DK","",632160,3,,521,1,15,,6,,0.7778,,12.5,,,,0,0
3637540,1972,4407,1968,"DK","",,5,,521,1,15,,7,,0.6939,,13.8571,,,,,
3638352,1972,4414,1970,"DK","",279465,3,,446,6,62,,13,,0.7337,,20.1538,,,,0.5,0.3846
3638400,1972,4414,1969,"DK","",202035,2,,95,1,13,,5,,0.72,,12.8,,,,0,0
3638690,1972,4414,1969,"DK","",,1,,141,5,51,,0,,,,,,,,,
3640017,1972,4421,1969,"DK","",40695,3,,446,6,62,,3,,0,,17.6667,,,,0,0
3640467,1972,4421,1969,"DK","",40755,3,,239,5,59,,6,,0.4444,,13.8333,,,,0.3333,0.3333
3641866,1972,4428,1970,"DK","",,1,,411,5,59,,2,,0.5,,5,,,,,
3642165,1972,4428,1969,"DK","",,1,,220,6,68,,10,,0.82,,18.6,,,,,
3642419,1972,4428,1968,"DK","",292965,3,,425,5,51,,2,,0,,17.5,,,,0,0
3643534,1972,4435,1970,"DK","",611310,3,,83,5,51,,0,,,,,,,,,
3643988,1972,4435,1969,"DK","",,1,,403,6,67,,11,,0.876,,14.7273,,,,,
3644097,1972,4435,1968,"DK","",238050,3,,117,1,19,,5,,0.32,,14.2,,,,0,0
3645117,1972,4442,1970,"DK","",134690,3,,68,6,63,,1,,0,,24,,,,0,0
3645132,1972,4442,1969,"DK","",148825,3,,73,4,43,,5,,0.32,,9.6,,,,0,0
3645134,1972,4442,1969,"DK","",,1,,73,4,43,,2,,0,,16.5,,,,,
3645404,1972,4442,1970,"DK","",,1,,211,6,65,,1,,0,,2,,,,,
3646365,1972,4442,1970,"DK","",134690,3,,327,4,41,,1,,0,,5,,,,0,0
3646433,1972,4442,1970,"DK","",,1,,324,4,43,,1,,0,,11,,,,,
3647044,1972,4449,1969,"DK","",516845,3,,198,5,59,,6,,0.6667,,23.5,,,,0,0
3650268,1972,4463,1969,"DK","",,4,,128,3,32,,4,,0,,23.25,,,,,
3650599,1972,4463,1971,"DK","",,1,,359,5,54,,6,,0.4444,,14,,,,,
3651195,1972,4463,1968,"DK","",,1,,264,5,51,,3,,0.6667,,21.6667,,,,,
3652017,1972,4470,1970,"DK","",253715,3,,239,5,59,,1,,0,,4,,,,0,0
3652254,1972,4470,1970,"DK","",15825,3,,71,1,11,,1,,0,,2,,,,1,1
3653106,1972,4477,1970,"DK","",576730,3,,28,6,63,,2,,0,,17,,,,0,0
3653248,1972,4477,1970,"DK","",134690,3,,72,5,52,,2,,0.5,,13.5,,,,0,0
3653319,1972,4477,1970,"DK","",594750,3,,100,5,59,,0,,,,,,,,,
3653407,1972,4477,1970,"DK","",77295,3,,137,6,69,,3,,0,,14,,,,0,0
3653414,1972,4477,1970,"DK","",134690,3,,141,5,51,,8,,0.2188,,20.75,,,,0,0
3653454,1972,4477,1970,"DK","",134690,3,,180,5,55,,1,,0,,9,,,,0,0
3653533,1972,4477,1969,"DK","",,1,,220,6,68,,1,,0,,17,,,,,
3653619,1972,4477,1970,"DK","",,1,,248,6,69,,9,,0.3704,,14,,,,,
3654432,1972,4477,1970,"DK","",134690,3,,392,4,41,,8,,0.7813,,15.375,,,,0,0
3654445,1972,4477,1970,"DK","",721306,3,,205,1,19,,4,,0.625,,18.25,,,,0.25,0.25
3655205,1972,4484,1970,"DK","",134690,3,,277,6,67,,8,,0.2188,,16.625,,,,0,0
3655489,1972,4484,1969,"DK","",,1,,156,1,19,,6,,0.6111,,7.3333,,,,,
3655658,1972,4484,1969,"DK","",343245,3,,540,1,14,,2,,0,,3.5,,,,0,0
3656081,1972,4484,1970,"DK","",134690,3,,337,4,41,,2,,0.5,,8,,,,0,0
3656189,1972,4491,1969,"DK","",,1,,5,6,65,,2,,0,,8,,,,,
3656191,1972,4491,1970,"DK","",587440,3,,5,6,65,,1,,0,,27,,,,0,0
3656274,1972,4491,1970,"DK","",,1,,53,6,68,,5,,0.32,,14.2,,,,,
3656804,1972,4491,1970,"DK","",,1,,297,6,65,,2,,0,,12,,,,,
3658182,1972,4498,1971,"DK","",266705,3,,210,1,19,,1,,0,,7,,,,0,0
3658372,1972,4498,1970,"DK","",253715,3,,294,5,59,,1,,0,,5,,,,0,0
3658826,1972,4498,1969,"DK","",400525,3,,546,1,14,,0,,,,,,,,,
3659617,1972,4505,1969,"DK","",,1,,450,6,63,,0,,,,,,,,,
3660575,1972,4505,1968,"DK","",343245,3,,514,3,31,,3,,0,,5.3333,,,,0,0
3661362,1972,4512,1969,"DK","",,1,,366,1,19,,0,,,,,,,,,
3662310,1972,4512,1970,"DK","",15880,3,,337,4,41,,1,,0,,3,,,,0,0
3662565,1972,4519,1970,"DK","",77275,3,,62,6,69,,6,,0,,21.1667,,,,0,0
3662906,1972,4519,1970,"DK","",127685,3,,414,5,51,,5,,0.56,,14.4,,,,0,0
3663331,1972,4519,1970,"DK","",,1,,156,1,19,,0,,,,,,,,,
3663555,1972,4519,1970,"DK","",104245,2,,546,1,14,,1,,0,,6,,,,1,1
3663556,1972,4519,1970,"DK","",104245,2,,546,1,14,,2,,0,,3,,,,0,0
3663942,1972,4519,1970,"DK","",440290,3,,363,4,45,,5,,0.8,,7.2,,,,0,0
3664193,1972,4526,1970,"DK","",134690,3,,374,4,43,,1,,0,,6,,,,0,0
3664461,1972,4526,1971,"DK","",134690,3,,184,5,59,,11,,0.7107,,10.5455,,,,0,0
3664581,1972,4526,1971,"DK","",134690,3,,236,6,69,,3,,0.6667,,6.3333,,,,0.3333,0.3333
3664769,1972,4526,1960,"DK","",134690,3,,417,5,53,,5,,0.32,,21.8,,,,0,0
3664886,1972,4526,1970,"DK","",134690,3,,148,5,52,,2,,0.5,,14,,,,0,0
3665528,1972,4533,1970,"DK","",587440,3,,5,6,65,,2,,0,,16,,,,0,0
3665720,1972,4533,1970,"DK","",103120,3,,405,6,64,,10,,0.72,,17.7,,,,0,0
3665938,1972,4533,1970,"DK","",76070,2,,132,6,65,,5,,0.56,,24.6,,,,0,0
3666749,1972,4533,1969,"DK","",15905,3,,536,1,14,,1,,0,,15,,,,0,0
3667153,1972,4540,1970,"DK","",279465,3,,446,6,62,,10,,0.34,,22.1,,,,0,0
3668097,1972,4540,1969,"DK","",,1,,204,1,19,,5,,0.72,,12.4,,,,,
3668947,1972,4547,1970,"DK","",134690,3,,475,5,53,,4,,0.375,,11,,,,0,0
3669047,1972,4547,1969,"DK","",483520,3,,112,6,63,,9,,0.3704,,11.8889,,,,0,0
3669120,1972,4547,1970,"DK","",103175,3,,607,3,32,,32,,0.1738,,8.0938,,,,0,0
3669419,1972,4547,1971,"DK","",134690,3,,239,5,59,,2,,0,,10.5,,,,0,0
3669432,1972,4547,1970,"DK","",40755,3,,106,1,12,,0,,,,,,,,,
3669778,1972,4547,1970,"DK","",306260,3,,156,1,19,,7,,0.4898,,11.7143,,,,0,0
3669843,1972,4547,1969,"DK","",410170,3,,435,3,33,,5,,0,,9.6,,,,0,0
3670224,1972,4547,1971,"DK","",134690,3,,310,4,45,,7,,0,,7.7143,,,,0,0
3670667,1972,4554,1970,"DK","",,1,,110,6,66,,5,,0,,13.6,,,,,
3671180,1972,4554,1970,"DK","",,1,,8,1,11,,0,,,,,,,,,
3671352,1972,4554,1969,"DK","",,5,,156,1,19,,2,,0.5,,6,,,,,
3671858,1972,4554,1971,"DK","",517970,3,,324,4,43,,1,,0,,18,,,,0,0
3672812,1972,4561,1970,"DK","",15810,3,,431,6,66,,3,,0,,7.6667,,,,0,0
3673224,1972,4561,1969,"DK","",410170,3,,552,1,14,,0,,,,,,,,,
3673291,1972,4561,1968,"DK","",,1,,264,5,51,,3,,0.4444,,13,,,,,
3673839,1972,4568,1970,"DK","",,1,,72,5,52,,3,,0.4444,,11.6667,,,,,
3674643,1972,4568,1968,"DK","",410170,3,,435,3,33,,13,,0.2604,,22.1538,,,,0,0
3674787,1972,4568,1969,"DK","",343245,3,,544,1,14,,4,,0.625,,14.25,,,,0,0
3674868,1972,4568,1969,"DK","",308755,3,,424,3,31,,0,,,,,,,,,
3675443,1972,4575,1970,"DK","",77275,3,,62,6,69,,0,,,,,,,,,
3676319,1972,4575,1969,"DK","",721306,3,,204,1,19,,12,,0.4167,,15.5,,,,0,0
3676320,1972,4575,1970,"DK","",148825,3,,204,1,19,,4,,0,,15.5,,,,0,0
3676618,1972,4575,1971,"DK","",321665,3,,200,4,41,,2,,0,,4.5,,,,0,0
3677873,1972,4582,1968,"DK","",,1,,428,6,69,,3,,0.6667,,11.3333,,,,,
3677902,1972,4582,1966,"DK","",410170,3,,435,3,33,,1,,0,,10,,,,0,0
3678345,1972,4582,1971,"DK","",627665,3,,361,4,45,,1,,0,,16,,,,0,0
3679521,1972,4589,1970,"DK","",,1,,156,1,19,,3,,0.6667,,4,,,,,
3680326,1972,4596,1970,"DK","",134690,3,,62,6,69,,3,,0,,13.6667,,,,0,0
3680987,1972,4596,1970,"DK","",134690,3,,418,5,53,,4,,0,,10.75,,,,0,0
3681346,1972,4596,1969,"DK","",308755,3,,544,1,14,,6,,0.4444,,9,,,,0.6667,0.6667
3682141,1972,4603,1970,"DK","",66750,3,,122,6,66,,6,,0.5,,19.5,,,,0,0
3683215,1972,4603,1971,"DK","",134645,3,,310,4,45,,0,,,,,,,,,
3684476,1972,4610,1970,"DK","",352890,3,,71,1,11,,3,,0,,13.6667,,,,0,0
3684969,1972,4610,1971,"DK","",,1,,329,4,41,,1,,0,,16,,,,,
3685927,1972,4617,1970,"DK","",134690,3,,418,5,53,,0,,,,,,,,,
3686853,1972,4624,1970,"DK","",,1,,57,6,63,,1,,0,,20,,,,,
3687154,1972,4624,1970,"DK","",134690,3,,137,6,69,,3,,0.6667,,22,,,,0,0
3687551,1972,4624,1970,"DK","",,1,,355,5,54,,1,,0,,21,,,,,
3688681,1972,4631,1971,"DK","",406800,3,,454,5,59,,0,,,,,,,,,
3689757,1972,4631,1970,"DK","",15880,3,,362,4,42,,4,,0.625,,12.25,,,,0,0
3689890,1972,4631,1970,"DK","",,1,,340,2,21,,1,,0,,3,,,,,
3689995,1972,4638,1970,"DK","",15880,3,,29,5,52,,3,,0.4444,,21.3333,,,,0,0
3690628,1972,4638,1970,"DK","",39770,3,,432,6,66,,1,,0,,6,,,,0,0
3690792,1972,4638,1970,"DK","",134690,3,,418,5,53,,0,,,,,,,,,
3690982,1972,4638,1969,"DK","",,1,,156,1,19,,0,,,,,,,,,
3691150,1972,4638,1970,"DK","",15860,3,,536,1,14,,0,,,,,,,,,
3691346,1972,4638,1970,"DK","",134690,3,,392,4,41,,13,,0.7219,,16.9231,,,,0,0
3691439,1972,4638,1971,"DK","",134690,3,,318,4,45,,6,,0.5,,10.8333,,,,0.1667,0.1667
3691579,1972,4645,1970,"DK","",568170,2,,15,6,69,,5,,0,,16.6,,,,0.5,0.4
3692038,1972,4645,1971,"DK","",134690,3,,137,6,69,,5,,0.48,,12.6,,,,0.2,0.2
3692070,1972,4645,1970,"DK","",212930,3,,141,5,51,,0,,,,,,,,,
3692654,1972,4645,1971,"DK","",340325,3,,204,1,19,,14,,0.2551,,11.1429,,,,0,0
3692986,1972,4645,1971,"DK","",125055,3,,700,2,22,,4,,0.375,,7.25,,,,0,0
3693398,1972,4652,1970,"DK","",265,3,,72,5,52,,2,,0,,9.5,,,,0,0
3695577,1972,4659,1970,"DK","",134690,3,,251,5,53,,2,,0.5,,9.5,,,,0,0
3696125,1972,4659,1970,"DK","",104245,2,,549,1,14,,0,,,,,,,,,
3696281,1972,4659,1971,"DK","",134690,3,,318,4,45,,1,,0,,24,,,,0,0
3696533,1972,4666,1971,"DK","",,1,,434,6,69,,6,,0.2778,,6.5,,,,,
3696645,1972,4666,1971,"DK","",603140,3,,68,6,63,,4,,0.625,,7.75,,,,0,0
3696819,1972,4666,1971,"DK","",76070,2,,132,6,65,,10,,0.34,,17.6,,,,0,0
3697146,1972,4666,1971,"DK","",543625,3,,242,5,51,,2,,0,,16,,,,0,0
3697406,1972,4666,1970,"DK","",340325,3,,204,1,19,,10,,0.18,,14.8,,,,0,0
3697502,1972,4666,1969,"DK","",,1,,536,1,14,,5,,0.56,,20.8,,,,,
3697507,1972,4666,1968,"DK","",343245,3,,540,1,14,,31,,0.3704,,7.6774,,,,0.0333,0.0323
3697736,1972,4666,1970,"DK","",330470,3,,362,4,42,,2,,0,,9,,,,0,0
3698639,1972,4673,1970,"DK","",,1,,239,5,59,,1,,0,,24,,,,,
3700000,1972,4680,1969,"DK","",,1,,137,6,69,,6,,0.2778,,20.3333,,,,,
3700829,1972,4680,1969,"DK","",203550,3,,369,2,24,,7,,0,,6.2857,,,,0.2,0.1429
3700853,1972,4680,1971,"DK","",76070,2,,219,4,49,,13,,0.5562,,21.0769,,,,0,0
3700989,1972,4680,1971,"DK","",134690,3,,318,4,45,,7,,0.2449,,4.7143,,,,0.1667,0.1429
3701406,1972,4687,1971,"DK","",,1,,198,5,59,,2,,0.5,,11.5,,,,,
3701717,1972,4687,1970,"DK","",,1,,435,3,33,,5,,0,,18.4,,,,,
3701939,1972,4687,1970,"DK","",134690,3,,363,4,45,,4,,0.375,,6.75,,,,0,0
3702934,1972,4701,1970,"DK","",440290,3,,378,4,44,,3,,0.4444,,18.6667,,,,0,0
3703275,1972,4708,1971,"DK","",202035,2,,106,1,12,,8,,0.4063,,6.25,,,,0.375,0.375
3703871,1972,4715,1971,"DK","",,1,,108,6,69,,4,,0.625,,8.25,,,,,
3704404,1972,4715,1970,"DK","",134690,3,,318,4,45,,5,,0.32,,6.2,,,,0,0
3704490,1972,4722,1971,"DK","",419785,3,,24,6,63,,3,,0,,4,,,,0,0
3704519,1972,4722,1971,"DK","",625995,2,,433,3,39,,7,,0.6122,,11.4286,,,,0,0
3704568,1972,4722,1971,"DK","",548510,3,,53,6,68,,5,,0.32,,16,,,,0,0
3704873,1972,4722,1971,"DK","",202035,2,,432,6,66,,3,,0.4444,,13.3333,,,,0.3333,0.3333
3704939,1972,4722,1970,"DK","",400555,3,,359,5,54,,0,,,,,,,,,
3705619,1972,4729,1971,"DK","",134690,3,,451,5,51,,1,,0,,24,,,,0,0
3706088,1972,4729,1971,"DK","",134690,3,,340,2,21,,2,,0,,2,,,,0,0
3706315,1972,4736,1971,"DK","",76070,2,,132,6,65,,7,,0.449,,14.5714,,,,0,0
3706753,1972,4736,1970,"DK","",104245,2,,546,1,14,,1,,0,,6,,,,1,1
3706754,1972,4736,1970,"DK","",104245,2,,546,1,14,,0,,,,,,,,,
3709474,1973,4757,1971,"DK","",39770,3,,432,6,66,,2,,0.5,,5,,,,0,0
3709875,1973,4757,1969,"DK","",,1,,536,1,14,,0,,,,,,,,,
3710907,1973,4764,1971,"DK","",386665,3,,192,5,53,,1,,0,,2,,,,0,0
3711143,1973,4764,1970,"DK","",426385,3,,294,5,59,,8,,0.375,,17.875,,,,0,0
3711426,1973,4764,1970,"DK","",238050,3,,502,1,19,,2,,0,,15,,,,0,0
3711490,1973,4764,1970,"DK","",104245,2,,546,1,14,,0,,,,,,,,,
3712347,1973,4771,1970,"DK","",,1,,141,5,51,,3,,0.4444,,9.3333,,,,,
3712549,1973,4771,1970,"DK","",202035,2,,241,5,51,,7,,0.449,,15,,,,0.2,0.1429
3712847,1973,4771,1970,"DK","",,1,,428,6,69,,2,,0.5,,12.5,,,,,
3713341,1973,4778,1971,"DK","",15830,3,,73,4,43,,13,,0.7337,,11.5385,,,,0,0
3713525,1973,4778,1970,"DK","",,1,,400,5,59,,2,,0.5,,23,,,,,
3713850,1973,4778,1971,"DK","",,1,,99,6,61,,6,,0.2778,,11.5,,,,,
3713931,1973,4778,1971,"DK","",15845,3,,156,1,19,,3,,0.4444,,16.3333,,,,0,0
3716193,1973,4792,1971,"DK","",40755,3,,239,5,59,,0,,,,,,,,,
3716578,1973,4792,1970,"DK","",410170,3,,560,1,14,,1,,0,,2,,,,0,0
3716912,1973,4799,1971,"DK","",134690,3,,29,5,52,,1,,0,,4,,,,0,0
3716998,1973,4799,1971,"DK","",,1,,405,6,64,,6,,0.6667,,15.5,,,,,
3717938,1973,4806,1970,"DK","",202035,2,,34,1,19,,3,,0.6667,,16,,,,0,0
3718257,1973,4806,1971,"DK","",378430,3,,210,1,19,,11,,0.562,,12.3636,,,,0,0
3718286,1973,4806,1970,"DK","",202035,2,,241,5,51,,2,,0,,9,,,,1,1
3718486,1973,4806,1970,"DK","",,1,,426,6,61,,0,,,,,,,,,
3718811,1973,4806,1971,"DK","",238040,3,,235,5,59,,0,,,,,,,,,
3718950,1973,4813,1972,"DK","",,5,,411,5,59,,9,,0.7407,,13.7778,,,,,
3719003,1973,4813,1971,"DK","",,1,,446,6,62,,1,,0,,24,,,,,
3719668,1973,4813,1970,"DK","",343245,3,,540,1,14,,2,,0,,4,,,,0,0
3719796,1973,4813,1971,"DK","",134690,3,,219,4,49,,18,,0.5309,,8.6111,,,,0,0
3719915,1973,4813,1972,"DK","",539410,2,,338,4,41,,1,,0,,2,,,,0,0
3719988,1973,4820,1971,"DK","",134690,3,,29,5,52,,1,,0,,6,,,,0,0
3720027,1973,4820,1971,"DK","",78835,3,,52,6,69,,15,,0.5333,,17.6667,,,,0,0
3722495,1973,4834,1970,"DK","",,1,,124,5,59,,9,,0.5926,,15.4444,,,,,
3723250,1973,4834,1968,"DK","",410170,3,,435,3,33,,21,,0.3628,,18.5238,,,,0,0
3725495,1973,4841,1970,"DK","",238050,3,,585,1,19,,9,,0.4938,,8,,,,0,0
3725990,1973,4848,1971,"DK","",134690,3,,29,5,52,,9,,0.7901,,16.1111,,,,0,0
3726045,1973,4848,1969,"DK","",202035,2,,451,5,51,,0,,,,,,,,,
3726209,1973,4848,1970,"DK","",40755,3,,99,6,61,,1,,0,,26,,,,0,0
3726409,1973,4848,1970,"DK","",,1,,211,6,65,,1,,0,,14,,,,,
3729588,1973,4862,1969,"DK","",24440,3,,381,4,49,,3,,0.4444,,19,,,,0,0
3729605,1973,4862,1972,"DK","",134690,3,,200,4,41,,0,,,,,,,,,
3729697,1973,4862,1971,"DK","",134690,3,,335,4,41,,2,,0.5,,13.5,,,,0,0
3729798,1973,4869,1971,"DK","",253715,3,,414,5,51,,0,,,,,,,,,
3729832,1973,4869,1971,"DK","",134690,3,,34,1,19,,7,,0.5714,,11.5714,,,,0,0
3730207,1973,4869,1971,"DK","",134690,3,,137,6,69,,4,,0.625,,8.25,,,,0,0
3731704,1973,4876,1971,"DK","",134690,3,,137,6,69,,0,,,,,,,,,
3731731,1973,4876,1971,"DK","",447360,3,,165,6,66,,7,,0.5714,,12.5714,,,,0,0
3732403,1973,4876,1971,"DK","",134690,3,,377,4,49,,0,,,,,,,,,
3732829,1973,4883,1970,"DK","",,1,,108,6,69,,1,,0,,10,,,,,
3733846,1973,4890,1971,"DK","",77275,3,,62,6,69,,0,,,,,,,,,
3734741,1973,4890,1971,"DK","",17830,3,,426,6,61,,4,,0.375,,21.5,,,,0,0
3735069,1973,4890,1972,"DK","",134690,3,,200,4,41,,7,,0.5714,,15,,,,0,0
3735080,1973,4890,1972,"DK","",,1,,200,4,41,,4,,0.5,,11.25,,,,,
3735537,1973,4897,1970,"DK","",,1,,52,6,69,,1,,0,,27,,,,,
3735630,1973,4897,1971,"DK","",491685,3,,72,5,52,,1,,0,,7,,,,0,0
3735665,1973,4897,1971,"DK","",,1,,411,5,59,,8,,0.2188,,8.625,,,,,
3735776,1973,4897,1971,"DK","",134690,3,,137,6,69,,4,,0.625,,19.25,,,,0.3333,0.25
3735857,1973,4897,1971,"DK","",,1,,198,5,59,,1,,0,,2,,,,,
3736628,1973,4904,1971,"DK","",346115,3,,24,6,63,,2,,0,,7,,,,0,0
3736639,1973,4904,1971,"DK","",134690,3,,29,5,52,,3,,0.4444,,15,,,,0,0
3736861,1973,4904,1971,"DK","",306260,3,,99,6,61,,11,,0.6116,,14.2727,,,,0,0
3737622,1973,4904,1971,"DK","",134690,3,,392,4,41,,5,,0.56,,15,,,,0,0
3738294,1973,4911,1970,"DK","",,5,,112,6,63,,16,,0.4141,,10,,,,,
3739744,1973,4918,1971,"DK","",,1,,118,1,12,,1,,0,,14,,,,,
3739787,1973,4918,1971,"DK","",76070,2,,132,6,65,,4,,0.625,,19.25,,,,0,0
3739788,1973,4918,1971,"DK","",76070,2,,132,6,65,,2,,0.5,,14.5,,,,0,0
3739980,1973,4918,1971,"DK","",406800,3,,236,6,69,,2,,0,,5,,,,0,0
3740967,1973,4925,1971,"DK","",134690,3,,62,6,69,,2,,0.5,,13,,,,0,0
3741461,1973,4925,1971,"DK","",15800,3,,206,6,68,,4,,0,,6,,,,0.6667,0.5
3741715,1973,4925,1972,"DK","",202035,2,,432,6,66,,3,,0.4444,,8.3333,,,,0,0
3741838,1973,4925,1969,"DK","",,1,,156,1,19,,1,,0,,19,,,,,
3743538,1973,4932,1970,"DK","",134690,3,,438,4,46,,5,,0.72,,12,,,,0,0
3743539,1973,4932,1971,"DK","",,1,,127,1,11,,12,,0.8194,,14,,,,,
3743660,1973,4932,1971,"DK","",410170,3,,552,1,14,,0,,,,,,,,,
3744439,1973,4939,1970,"DK","",143725,3,,110,6,66,,1,,0,,9,,,,0,0
3744508,1973,4939,1969,"DK","",134690,3,,137,6,69,,1,,0,,4,,,,1,1
3744520,1973,4939,1971,"DK","",134690,3,,137,6,69,,0,,,,,,,,,
3744551,1973,4939,1972,"DK","",135040,3,,164,5,52,,3,,0,,4.3333,,,,1,0.3333
3744552,1973,4939,1970,"DK","",135040,3,,164,5,52,,5,,0.48,,8,,,,0.3333,0.2
3746806,1973,4946,1971,"DK","",134690,3,,200,4,41,,1,,0,,6,,,,0,0
3748781,1973,4960,1971,"DK","",,1,,47,6,61,,17,,0.5813,,22.7059,,,,,
3749106,1973,4960,1971,"DK","",76070,2,,132,6,65,,7,,0.6122,,19.4286,,,,0,0
3750082,1973,4960,1972,"DK","",134690,3,,338,4,41,,21,,0.6032,,13.4762,,,,0,0
3750095,1973,4960,1970,"DK","",,1,,367,2,21,,2,,0,,5,,,,,
3750557,1973,4967,1971,"DK","",406800,3,,454,5,59,,6,,0.6667,,10.1667,,,,0,0
3750651,1973,4967,1971,"DK","",428235,3,,600,3,32,,1,,0,,21,,,,0,0
3750840,1973,4967,1971,"DK","",134690,3,,181,6,69,,8,,0.4688,,17,,,,0,0
3751135,1973,4967,1972,"DK","",,1,,359,5,54,,6,,0.2778,,12.3333,,,,,
3751634,1973,4967,1971,"DK","",,1,,219,4,49,,3,,0.4444,,22,,,,,
3752602,1973,4974,1971,"DK","",134690,3,,417,5,53,,1,,0,,18,,,,0,0
3753611,1973,4981,1971,"DK","",,1,,359,5,54,,2,,0.5,,13.5,,,,,
3755383,1973,4988,1970,"DK","",343245,3,,562,1,14,,3,,0.6667,,6.6667,,,,0.3333,0.3333
3755588,1973,4988,1970,"DK","",343245,3,,514,3,31,,8,,0.5625,,7.625,,,,0,0
3755896,1973,4995,1971,"DK","",,1,,30,6,65,,2,,0,,11,,,,,
3756276,1973,4995,1971,"DK","",77295,3,,137,6,69,,2,,0,,16.5,,,,0,0
3756549,1973,4995,1972,"DK","",410870,3,,248,6,69,,13,,0.4852,,12.9231,,,,0,0
3756557,1973,4995,1971,"DK","",77295,3,,251,5,53,,0,,,,,,,,,
3757006,1973,4995,1969,"DK","",15860,3,,540,1,14,,1,,0,,14,,,,0,0
3758242,1973,5002,1972,"DK","",134690,3,,418,5,53,,2,,0,,11.5,,,,0.5,0.5
3758522,1973,5002,1971,"DK","",343245,3,,558,1,14,,4,,0.625,,7,,,,0,0
3758732,1973,5002,1972,"DK","",134690,3,,200,4,41,,2,,0.5,,22,,,,0,0
3758918,1973,5009,1971,"DK","",,1,,16,5,59,,0,,,,,,,,,
3760708,1973,5016,1971,"DK","",,1,,454,5,59,,8,,0.2188,,10.875,,,,,
3761679,1973,5016,1971,"DK","",,1,,392,4,41,,14,,0.3673,,8.6429,,,,,
3761796,1973,5016,1972,"DK","",134690,3,,363,4,45,,9,,0.3704,,6.7778,,,,0,0
3762103,1973,5023,1971,"DK","",495770,3,,451,5,51,,3,,0.6667,,21.3333,,,,0,0
3762142,1973,5023,1971,"DK","",,1,,57,6,63,,3,,0.6667,,15,,,,,
3762179,1973,5023,1971,"DK","",134690,3,,62,6,69,,2,,0.5,,10,,,,0,0
3762180,1973,5023,1971,"DK","",134690,3,,62,6,69,,0,,,,,,,,,
3762555,1973,5023,1971,"DK","",15830,3,,210,1,19,,0,,,,,,,,,
3763186,1973,5023,1971,"DK","",308755,3,,549,1,14,,0,,,,,,,,,
3763411,1973,5023,1972,"DK","",,1,,318,4,45,,6,,0.5,,16.3333,,,,,
3763611,1973,5030,1971,"DK","",548510,3,,451,5,51,,11,,0.7107,,10.4545,,,,0,0
3765516,1973,5037,1972,"DK","",226955,3,,188,5,53,,0,,,,,,,,,
3765923,1973,5037,1971,"DK","",247710,3,,427,1,12,,15,,0.7556,,16.1333,,,,0,0
3766278,1973,5037,1971,"DK","",238050,3,,585,1,19,,8,,0.2188,,14.125,,,,0,0
3766500,1973,5037,1971,"DK","",,1,,333,2,21,,0,,,,,,,,,
3766833,1973,5044,1972,"DK","",134690,3,,92,5,53,,0,,,,,,,,,
3766834,1973,5044,1972,"DK","",134690,3,,92,5,53,,7,,0.8163,,13.8571,,,,0,0
3766930,1973,5044,1972,"DK","",76070,2,,132,6,65,,10,,0,,11.9,,,,0,0
3767047,1973,5044,1971,"DK","",134310,3,,209,5,51,,6,,0.2778,,12.3333,,,,0,0
3767116,1973,5044,1972,"DK","",169655,2,,239,5,59,,1,,0,,24,,,,0,0
3767988,1973,5044,1970,"DK","",134690,3,,318,4,45,,1,,0,,3,,,,0,0
3768980,1973,5051,1971,"DK","",238050,3,,422,1,19,,4,,0.75,,18.75,,,,0,0
3769115,1973,5051,1968,"DK","",306260,3,,156,1,19,,9,,0.6173,,13.4444,,,,0,0
3769717,1973,5058,1971,"DK","",,1,,34,1,19,,3,,0,,21.6667,,,,,
3769811,1973,5058,1972,"DK","",134690,3,,62,6,69,,1,,0,,5,,,,1,1
3771086,1973,5058,1971,"DK","",,1,,336,4,41,,6,,0.6111,,15.5,,,,,
3771090,1973,5058,1972,"DK","",134690,3,,337,4,41,,0,,,,,,,,,
3771237,1973,5065,1972,"DK","",40755,3,,34,1,19,,5,,0.32,,19.4,,,,0,0
3771263,1973,5065,1971,"DK","",71560,3,,48,1,13,,4,,0.625,,19.25,,,,0,0
3771591,1973,5065,1972,"DK","",216895,3,,165,6,66,,6,,0.7778,,16.3333,,,,0,0
3771643,1973,5065,1972,"DK","",202035,2,,198,5,59,,3,,0.6667,,15.6667,,,,0,0
3771715,1973,5065,1971,"DK","",179820,3,,494,1,19,,7,,0.2449,,12.5714,,,,0,0
3771905,1973,5065,1972,"DK","",134690,3,,418,5,53,,3,,0.4444,,7.6667,,,,0.5,0.3333
3772743,1973,5072,1971,"DK","",419785,3,,24,6,63,,2,,0,,4,,,,1,0.5
3773057,1973,5072,1971,"DK","",76070,2,,132,6,65,,2,,0,,17.5,,,,0,0
3773519,1973,5072,1971,"DK","",40755,3,,426,6,61,,3,,0.4444,,17.6667,,,,0,0
3774032,1973,5072,1971,"DK","",410870,3,,250,4,44,,3,,0,,3.3333,,,,0,0
3775031,1973,5079,1972,"DK","",134690,3,,418,5,53,,5,,0.32,,8.4,,,,0.5,0.4
3775650,1973,5079,1970,"DK","",134690,3,,318,4,45,,0,,,,,,,,,
3775823,1973,5086,1971,"DK","",44030,3,,75,5,52,,3,,0.4444,,18.6667,,,,0,0
3776434,1973,5086,1971,"DK","",,1,,222,1,19,,7,,0.2449,,11.4286,,,,,
3776477,1973,5086,1972,"DK","",202035,2,,241,5,51,,4,,0,,5.5,,,,0.6667,0.5
3776688,1973,5086,1972,"DK","",40755,3,,432,6,66,,3,,0.6667,,7.6667,,,,0,0
3777331,1973,5093,1971,"DK","",357065,3,,452,6,61,,16,,0.6016,,12.4375,,,,0,0
3777339,1973,5093,1972,"DK","",576730,3,,28,6,63,,7,,0.2449,,19.8571,,,,0,0
3777762,1973,5093,1971,"DK","",103175,3,,607,3,32,,28,,0.1964,,14.8929,,,,0,0
3778198,1973,5093,1972,"DK","",134690,3,,418,5,53,,8,,0.2188,,14.375,,,,0,0
3778333,1973,5093,1971,"DK","",,1,,428,6,69,,5,,0.72,,8.4,,,,,
3778960,1973,5100,1970,"DK","",272440,3,,53,6,68,,2,,0,,5,,,,0,0
3779356,1973,5100,1972,"DK","",306990,3,,193,5,59,,1,,0,,15,,,,0,0
3779630,1973,5100,1972,"DK","",,1,,359,5,54,,4,,0,,8,,,,,
3780368,1973,5100,1971,"DK","",554300,3,,340,2,21,,19,,0.7867,,20.1579,,,,0,0
3780445,1973,5107,1972,"DK","",40755,3,,34,1,19,,3,,0,,7.6667,,,,0.5,0.3333
3780760,1973,5107,1971,"DK","",134350,3,,137,6,69,,0,,,,,,,,,
3780787,1973,5107,1971,"DK","",,1,,164,5,52,,5,,0,,18,,,,,
3782580,1974,5114,1971,"DK","",134690,3,,220,6,68,,1,,0,,26,,,,0,0
3782623,1974,5114,1971,"DK","",266705,3,,494,1,19,,5,,0,,14.4,,,,0,0
3782715,1974,5114,1972,"DK","",180080,3,,271,5,51,,3,,0.4444,,11.3333,,,,0,0
3782967,1974,5114,1972,"DK","",15840,3,,426,6,61,,4,,0.375,,2.25,,,,0,0
3783864,1974,5121,1969,"DK","",,1,,128,3,32,,13,,0.6982,,19.0769,,,,,
3784389,1974,5121,1972,"DK","",202035,2,,106,1,12,,11,,0.6281,,9.6364,,,,0.5,0.4545
3785377,1974,5128,1971,"DK","",,1,,128,3,32,,11,,0.562,,17.9091,,,,,
3786345,1974,5128,1971,"DK","",721306,3,,324,4,43,,2,,0.5,,14.5,,,,0,0
3787285,1974,5135,1971,"DK","",44030,3,,376,4,44,,8,,0,,18.5,,,,0,0
3787421,1974,5135,1971,"DK","",343245,3,,546,1,14,,1,,0,,26,,,,0,0
3787643,1974,5135,1972,"DK","",24440,3,,381,4,49,,3,,0,,17,,,,0,0
3788325,1974,5142,1972,"DK","",42040,3,,606,3,32,,10,,0.18,,16.3,,,,0,0
3788918,1974,5142,1972,"DK","",,1,,156,1,19,,8,,0.2188,,10.125,,,,,
3788922,1974,5142,1971,"DK","",,1,,156,1,19,,12,,0.5124,,16,,,,,
3789527,1974,5149,1972,"DK","",,1,,40,6,69,,4,,0.375,,7,,,,,
3789749,1974,5149,1972,"DK","",,1,,99,6,61,,8,,0,,16.25,,,,,
3789839,1974,5149,1972,"DK","",105780,3,,128,3,32,,15,,0.4178,,14.4,,,,0,0
3790063,1974,5149,1972,"DK","",15800,3,,206,6,68,,2,,0,,13,,,,0,0
3790301,1974,5149,1971,"DK","",406800,3,,416,1,19,,4,,0,,8.25,,,,0,0
3790308,1974,5149,1972,"DK","",134690,3,,417,5,53,,2,,0,,4,,,,1,0.5
3790335,1974,5149,1972,"DK","",202035,2,,432,6,66,,4,,0,,3.5,,,,0.5,0.5
3790584,1974,5149,1972,"DK","",343245,3,,546,1,14,,6,,0.6667,,4.6667,,,,0,0
3790616,1974,5149,1971,"DK","",55665,3,,558,1,14,,1,,0,,5,,,,0,0
3790921,1974,5149,1971,"DK","",134690,3,,439,4,41,,0,,,,,,,,,
3791179,1974,5156,1972,"DK","",603140,3,,68,6,63,,0,,,,,,,,,
3791279,1974,5156,1972,"DK","",406800,3,,250,4,44,,1,,0,,18,,,,0,0
3791681,1974,5156,1972,"DK","",,1,,285,6,67,,4,,0,,16.25,,,,,
3791765,1974,5156,1971,"DK","",134690,3,,417,5,53,,1,,0,,15,,,,0,0
3791993,1974,5156,1970,"DK","",227760,3,,502,1,19,,10,,0.62,,16,,,,0,0
3792961,1974,5163,1972,"DK","",202035,2,,432,6,66,,4,,0,,4,,,,0,0
3793311,1974,5163,1970,"DK","",343245,3,,549,1,14,,3,,0.4444,,11.3333,,,,0,0
3793459,1974,5163,1971,"DK","",343245,3,,514,3,31,,0,,,,,,,,,
3793657,1974,5170,1972,"DK","",554295,3,,441,6,69,,8,,0.375,,8.875,,,,0,0
3794185,1974,5170,1971,"DK","",,5,,254,5,59,,5,,0.64,,20.2,,,,,
3794462,1974,5170,1972,"DK","",202035,2,,432,6,66,,7,,0.449,,7,,,,0.1667,0.1429
3795438,1974,5177,1971,"DK","",406800,3,,352,5,54,,12,,0.75,,21.3333,,,,0,0
3796737,1974,5184,1971,"DK","",576820,3,,554,1,14,,2,,0.5,,19,,,,0,0
3797082,1974,5191,1972,"DK","",,1,,198,5,59,,2,,0.5,,12,,,,,
3797331,1974,5191,1972,"DK","",134690,3,,475,5,53,,6,,0.6111,,15.5,,,,0,0
3797733,1974,5191,1971,"DK","",41090,3,,383,6,68,,1,,0,,14,,,,0,0
3797805,1974,5191,1972,"DK","",134690,3,,251,5,53,,6,,0.7778,,11.6667,,,,0,0
3798222,1974,5191,1971,"DK","",55665,3,,544,1,14,,2,,0.5,,4.5,,,,0,0
3799201,1974,5198,1973,"DK","",134690,3,,137,6,69,,6,,0.6667,,9.8333,,,,0.3333,0.3333
3799250,1974,5198,1971,"DK","",134690,3,,165,6,66,,7,,0.6939,,16.5714,,,,0,0
3799735,1974,5198,1972,"DK","",202035,2,,432,6,66,,6,,0.5,,12.6667,,,,0.75,0.5
3799806,1974,5198,1972,"DK","",15830,3,,127,1,11,,21,,0.7075,,12.1429,,,,0.0556,0.0476
3800577,1974,5205,1972,"DK","",,1,,70,6,65,,1,,0,,5,,,,,
3800916,1974,5205,1972,"DK","",587440,3,,188,5,53,,4,,0.375,,11.75,,,,0,0
3802436,1974,5212,1972,"DK","",,1,,604,3,32,,1,,0,,2,,,,,
3803176,1974,5212,1972,"DK","",410170,3,,549,1,14,,3,,0.6667,,17.6667,,,,0,0
3803990,1974,5219,1972,"DK","",,1,,493,5,51,,5,,0.32,,9,,,,,
3804010,1974,5219,1972,"DK","",640145,3,,101,6,69,,2,,0.5,,3,,,,0,0
3804119,1974,5219,1972,"DK","",134690,3,,137,6,69,,1,,0,,23,,,,0,0
3804861,1974,5219,1972,"DK","",410170,3,,549,1,14,,0,,,,,,,,,
3805838,1974,5226,1972,"DK","",134690,3,,137,6,69,,2,,0,,14.5,,,,0,0
3805978,1974,5226,1973,"DK","",253715,3,,414,5,51,,3,,0.4444,,7.3333,,,,0,0
3806113,1974,5226,1972,"DK","",,1,,271,5,51,,2,,0.5,,11,,,,,
3806534,1974,5226,1969,"DK","",343245,3,,558,1,14,,11,,0.6281,,8.2727,,,,0,0
3807130,1974,5233,1972,"DK","",104620,2,,53,6,68,,3,,0,,16.3333,,,,0,0
3807203,1974,5233,1973,"DK","",324940,3,,70,6,65,,3,,0.4444,,7.6667,,,,0,0
3807618,1974,5233,1973,"DK","",44030,3,,242,5,51,,0,,,,,,,,,
3807801,1974,5233,1972,"DK","",,1,,297,6,65,,1,,0,,3,,,,,
3807922,1974,5233,1972,"DK","",292965,3,,425,5,51,,1,,0,,5,,,,0,0
3808421,1974,5233,1973,"DK","",,1,,362,4,42,,1,,0,,17,,,,,
3811390,1974,5254,1972,"DK","",29410,3,,112,6,63,,1,,0,,2,,,,0,0
3811824,1974,5254,1972,"DK","",202035,2,,432,6,66,,4,,0,,4.25,,,,0.25,0.25
3811905,1974,5254,1972,"DK","",306260,3,,106,1,12,,2,,0.5,,3.5,,,,0,0
3812820,1974,5261,1971,"DK","",,1,,118,1,12,,2,,0.5,,13,,,,,
3813203,1974,5261,1972,"DK","",432910,3,,425,5,51,,2,,0,,21.5,,,,0,0
3813211,1974,5261,1972,"DK","",202035,2,,432,6,66,,4,,0.375,,6.75,,,,0.3333,0.25
3814369,1974,5268,1971,"DK","",,1,,248,6,69,,3,,0.4444,,16.6667,,,,,
3814648,1974,5268,1972,"DK","",,1,,156,1,19,,0,,,,,,,,,
3814716,1974,5268,1972,"DK","",639085,2,,524,1,15,,17,,0.6782,,17.2353,,,,0,0
3815424,1974,5275,1972,"DK","",405325,3,,73,4,43,,0,,,,,,,,,
3815748,1974,5275,1972,"DK","",703339,3,,210,1,19,,7,,0,,20,,,,0,0
3816482,1974,5275,1972,"DK","",343245,3,,562,1,14,,3,,0.6667,,2.6667,,,,0,0
3817000,1974,5282,1972,"DK","",134690,3,,451,5,51,,0,,,,,,,,,
3818491,1974,5282,1972,"DK","",,1,,346,4,49,,0,,,,,,,,,
3818867,1974,5289,1973,"DK","",,1,,119,6,61,,6,,0.4444,,15,,,,,
3819643,1974,5289,1971,"DK","",343245,3,,540,1,14,,1,,0,,8,,,,0,0
3819692,1974,5289,1971,"DK","",343245,3,,562,1,14,,2,,0.5,,6.5,,,,0.5,0.5
3821250,1974,5292,1971,"DK","",57720,3,,549,1,14,,0,,,,,,,,,
3821434,1974,5292,1971,"DK","",40755,3,,426,6,61,,1,,0,,20,,,,0,0
3821892,1974,5296,1972,"DK","",,1,,73,4,43,,7,,0,,12.7143,,,,,
3822569,1974,5303,1972,"DK","",,1,,446,6,62,,8,,0.6875,,8.875,,,,,
3822777,1974,5303,1972,"DK","",315120,3,,198,5,59,,16,,0.6641,,13.25,,,,0,0
3822783,1974,5303,1972,"DK","",,1,,206,6,68,,13,,0.5799,,14.1538,,,,,
3822855,1974,5303,1972,"DK","",497735,3,,249,6,69,,2,,0.5,,14,,,,0,0
3823525,1974,5310,1971,"DK","",,1,,52,6,69,,5,,0.32,,10.2,,,,,
3823868,1974,5310,1973,"DK","",,1,,494,1,19,,5,,0,,6.4,,,,,
3823882,1974,5310,1971,"DK","",,1,,241,5,51,,1,,0,,19,,,,,
3824672,1974,5317,1973,"DK","",310680,2,,29,5,52,,3,,0.4444,,8,,,,0,0
3825113,1974,5317,1971,"DK","",279100,3,,206,6,68,,14,,0.3367,,13.6429,,,,0,0
3825209,1974,5317,1972,"DK","",52565,3,,242,5,51,,2,,0.5,,5,,,,0,0
3825376,1974,5317,1972,"DK","",134690,3,,418,5,53,,11,,0.1653,,12.5455,,,,0.125,0.0909
3826238,1974,5324,1972,"DK","",,1,,124,5,59,,5,,0.56,,12,,,,,
3826292,1974,5324,1972,"DK","",,1,,141,5,51,,0,,,,,,,,,
3826596,1974,5324,1973,"DK","",134690,3,,418,5,53,,0,,,,,,,,,
3827563,1974,5331,1971,"DK","",15830,3,,210,1,19,,8,,0,,7.75,,,,0.1429,0.125
3827751,1974,5331,1973,"DK","",,1,,297,6,65,,2,,0,,8.5,,,,,
3827938,1974,5331,1972,"DK","",410170,3,,435,3,33,,15,,0.24,,16.6,,,,0,0
3828059,1974,5331,1972,"DK","",343245,3,,548,1,14,,0,,,,,,,,,
3828396,1974,5338,1972,"DK","",,1,,452,6,61,,4,,0.625,,16.25,,,,,
3828681,1974,5338,1971,"DK","",127685,3,,104,5,55,,9,,0.3704,,12,,,,0,0
3828837,1974,5338,1972,"DK","",40755,3,,159,1,19,,3,,0.4444,,5.3333,,,,0.5,0.3333
3829012,1974,5338,1972,"DK","",,1,,237,6,66,,0,,,,,,,,,
3829265,1974,5338,1972,"DK","",292965,3,,425,5,51,,1,,0,,4,,,,0,0
3829739,1974,5338,1973,"DK","",134690,3,,361,4,45,,3,,0.6667,,8.3333,,,,0,0
3830066,1974,5345,1971,"DK","",,1,,405,6,64,,12,,0,,9.4167,,,,,
3830145,1974,5345,1973,"DK","",406800,3,,454,5,59,,2,,0.5,,6.5,,,,0,0
3830283,1974,5345,1972,"DK","",135040,3,,164,5,52,,2,,0,,11.5,,,,0,0
3830623,1974,5345,1973,"DK","",202035,2,,432,6,66,,2,,0,,4.5,,,,1,1
3831326,1974,5352,1972,"DK","",202035,2,,451,5,51,,0,,,,,,,,,
3831856,1974,5352,1973,"DK","",39540,3,,239,5,59,,0,,,,,,,,,
3832744,1974,5359,1972,"DK","",,1,,128,3,32,,2,,0.5,,22,,,,,
3832850,1974,5359,1973,"DK","",134690,3,,60,4,45,,1,,0,,7,,,,0,0
3833129,1974,5359,1973,"DK","",253715,3,,212,5,59,,0,,,,,,,,,
3833848,1974,5359,1972,"DK","",134690,3,,363,4,45,,2,,0.5,,2,,,,0,0
3834108,1974,5366,1972,"DK","",,1,,52,6,69,,1,,0,,20,,,,,
3835518,1974,5373,1972,"DK","",,1,,29,5,52,,0,,,,,,,,,
3836323,1974,5373,1972,"DK","",202035,2,,432,6,66,,7,,0,,8.8571,,,,0.1429,0.1429
3836337,1974,5373,1971,"DK","",15830,3,,422,1,19,,0,,,,,,,,,
3837520,1974,5380,1973,"DK","",292605,3,,220,6,68,,0,,,,,,,,,
3838331,1974,5380,1973,"DK","",134690,3,,363,4,45,,5,,0,,9.2,,,,0,0
3838376,1974,5380,1973,"DK","",15880,3,,337,4,41,,4,,0.625,,12,,,,0,0
3838795,1974,5387,1972,"DK","",,1,,222,1,19,,3,,0.6667,,9.3333,,,,,
3839058,1974,5387,1972,"DK","",40755,3,,106,1,12,,2,,0,,21.5,,,,0,0
3839485,1974,5387,1973,"DK","",238050,3,,585,1,19,,7,,0.6122,,15.8571,,,,0,0
3840121,1974,5394,1973,"DK","",,1,,210,1,19,,0,,,,,,,,,
3840173,1974,5394,1973,"DK","",41700,3,,232,6,68,,0,,,,,,,,,
3840433,1974,5394,1972,"DK","",406125,3,,435,3,33,,4,,0.5,,18.25,,,,0,0
3841800,1974,5401,1973,"DK","",134690,3,,418,5,53,,2,,0,,5.5,,,,0.5,0.5
3841801,1974,5401,1973,"DK","",134690,3,,418,5,53,,5,,0.72,,4.4,,,,0,0
3841908,1974,5401,1972,"DK","",15830,3,,127,1,11,,2,,0.5,,9,,,,0,0
3841996,1974,5401,1972,"DK","",238050,3,,208,1,19,,3,,0,,16,,,,0,0
3842188,1974,5401,1973,"DK","",134690,3,,174,4,41,,13,,0.568,,7.4615,,,,0,0
3842563,1974,5408,1972,"DK","",,1,,52,6,69,,0,,,,,,,,,
3842669,1974,5408,1973,"DK","",134690,3,,374,4,43,,5,,0.64,,12.2,,,,0,0
3843179,1974,5408,1973,"DK","",,1,,292,6,69,,1,,0,,23,,,,,
3844078,1974,5415,1972,"DK","",,1,,174,4,41,,2,,0,,24.5,,,,,
3844123,1974,5415,1971,"DK","",,1,,405,6,64,,8,,0,,4.375,,,,,
3844340,1974,5415,1972,"DK","",,1,,165,6,66,,1,,0,,22,,,,,
3844421,1974,5415,1972,"DK","",,1,,414,5,51,,9,,0.8148,,14.8889,,,,,
3844742,1974,5415,1973,"DK","",202035,2,,96,1,13,,11,,0,,13.0909,,,,0.0909,0.0909
3844936,1974,5415,1973,"DK","",238050,3,,208,1,19,,4,,0.625,,16.25,,,,0,0
3845045,1974,5415,1972,"DK","",343245,3,,544,1,14,,0,,,,,,,,,
3846683,1974,5422,1973,"DK","",,1,,318,4,45,,1,,0,,15,,,,,
3847065,1974,5429,1973,"DK","",406800,3,,454,5,59,,1,,0,,11,,,,0,0
3847818,1974,5429,1973,"DK","",15830,3,,210,1,19,,9,,0.1975,,12.7778,,,,0.125,0.1111
3847913,1974,5429,1971,"DK","",343245,3,,540,1,14,,2,,0,,2.5,,,,0,0
3848002,1974,5429,1972,"DK","",39660,3,,568,1,14,,1,,0,,1,,,,0,0
3848398,1974,5436,1973,"DK","",,1,,53,6,68,,5,,0,,11.8,,,,,
3848720,1974,5436,1973,"DK","",,1,,101,6,69,,14,,0.551,,8.1429,,,,,
3848991,1974,5436,1973,"DK","",473295,3,,399,5,54,,1,,0,,16,,,,0,0
3849051,1974,5436,1973,"DK","",,1,,425,5,51,,4,,0.375,,14.5,,,,,
3849527,1974,5436,1973,"DK","",,1,,264,5,51,,4,,0,,8.25,,,,,
3850009,1974,5443,1973,"DK","",41885,3,,62,6,69,,15,,0.5956,,14.6667,,,,0,0
3850026,1974,5443,1971,"DK","",44030,3,,73,4,43,,4,,0.375,,9,,,,0,0
3850549,1974,5443,1973,"DK","",134690,3,,417,5,53,,2,,0.5,,7,,,,0,0
3850908,1974,5443,1971,"DK","",343245,3,,540,1,14,,8,,0.5313,,11.625,,,,0.125,0.125
3851336,1974,5450,1973,"DK","",,1,,2,6,63,,3,,0.4444,,3.3333,,,,,
3852018,1974,5450,1973,"DK","",432910,3,,425,5,51,,1,,0,,15,,,,0,0
3853340,1974,5457,1974,"DK","",132530,3,,292,6,69,,1,,0,,7,,,,0,0
3853363,1974,5457,1973,"DK","",543625,3,,312,6,65,,2,,0,,18,,,,0,0
3853436,1974,5457,1973,"DK","",134690,3,,418,5,53,,2,,0.5,,4.5,,,,0,0
3854091,1974,5457,1973,"DK","",134690,3,,324,4,43,,2,,0.5,,9.5,,,,0,0
3855036,1974,5464,1973,"DK","",,1,,156,1,19,,6,,0.2778,,8.8333,,,,,
3857171,1974,5478,1973,"DK","",134690,3,,29,5,52,,10,,0.32,,8.5,,,,0,0
3857230,1974,5478,1973,"DK","",,1,,57,6,63,,4,,0.625,,3.75,,,,,
3857332,1974,5478,1972,"DK","",40755,3,,99,6,61,,3,,0.4444,,22.6667,,,,0,0
3857472,1974,5478,1973,"DK","",,1,,198,5,59,,6,,0.2778,,17.3333,,,,,
3857986,1974,5478,1972,"DK","",517970,3,,426,6,61,,3,,0,,9,,,,0,0
3857988,1974,5478,1972,"DK","",,1,,426,6,61,,1,,0,,16,,,,,
3857992,1974,5478,1973,"DK","",134690,3,,174,4,41,,1,,0,,10,,,,0,0
3858090,1974,5478,1973,"DK","",134690,3,,361,4,45,,10,,0.6,,9.2,,,,0,0
3858146,1974,5478,1973,"DK","",,1,,338,4,41,,1,,0,,21,,,,,
3858287,1975,5485,1973,"DK","",,1,9,492,5,59,7,7,0.5714,0.8163,0.625,14.4286,19.1429,,,,
3858532,1975,5485,1973,"DK","",39540,3,2,110,6,66,2,3,1,0.4444,0,8.3333,3,0,0,0,0
3859900,1975,5492,1973,"DK","",,1,5,454,5,59,5,4,0.8,0.75,0.625,12.5,8.8,,,,
3860608,1975,5492,1972,"DK","",410170,3,9,548,1,14,1,0,1,,0,,3,0,0,,
3860609,1975,5492,1972,"DK","",410170,3,10,548,1,14,1,9,1,0.4938,0,16.4444,3,0,0,0,0
3860619,1975,5492,1972,"DK","",410170,3,14,549,1,14,0,10,,0.58,,17.7,,,,0,0
3861125,1975,5499,1974,"DK","",,1,9,53,6,68,2,12,1,0.2917,0.5,9.3333,4.5,,,,
3861341,1975,5499,1973,"DK","",208090,3,4,114,5,55,3,1,1,0,0.4444,5,5.6667,0,0,0,0
3861984,1975,5499,1972,"DK","",424125,2,13,156,1,19,6,2,0.6667,0.5,0.375,12,12.3333,0,0,0,0
3863624,1975,5513,1973,"DK","",,1,5,600,3,32,6,12,0.6667,0.5417,0.375,13.8333,11.6667,,,,
3863666,1975,5513,1973,"DK","",41830,3,1,137,6,69,5,2,1,0.5,0,16,3.2,0,0,0,0
3864075,1975,5513,1974,"DK","",202035,2,19,432,6,66,5,13,0.6,0.142,0,2,13.6,0,0,0.4615,0.4615
3864331,1975,5513,1970,"DK","",343245,3,2,540,1,14,5,0,0.8,,0.5,,8.8,1,0.2,,
3864385,1975,5513,1972,"DK","",343245,3,7,560,1,14,1,0,1,,0,,5,0,0,,
3864934,1975,5520,1972,"DK","",41885,3,13,62,6,69,4,2,0.5,0,0,25.5,17.5,0,0,0,0
3866953,1975,5527,1972,"DK","",39960,3,7,285,6,67,7,2,0.4286,0.5,0,8,33,0,0,0,0
3867413,1975,5527,1973,"DK","",343245,3,6,552,1,14,4,6,1,0.2778,0.5,9.5,4.5,0,0,0,0
3867492,1975,5527,1971,"DK","",,1,8,264,5,51,14,11,0.9286,0.843,0.8284,13.9091,7.3571,,,,
3867617,1975,5527,1973,"DK","",238040,3,7,377,4,49,6,1,1,0,0.6667,13,4.6667,0.5,0.1667,0,0
3868051,1975,5534,1972,"DK","",,1,13,222,1,19,11,1,0.6364,0,0.6122,23,12,,,,
3869091,1975,5541,1973,"DK","",202035,2,9,241,5,51,8,0,0.625,,0,,15.5,1,0.25,,
3869449,1975,5541,1972,"DK","",343245,3,9,540,1,14,3,15,1,0.4978,0,8.7333,2.6667,0,0,0,0
3869539,1975,5541,1973,"DK","",39990,3,3,514,3,31,4,4,0.5,0.375,0.5,10.75,16,0,0,0,0
3869606,1975,5541,1973,"DK","",312505,3,3,362,4,42,5,3,0.8,0.4444,0.375,7.6667,9.6,0,0,0,0
3870274,1975,5548,1973,"DK","",15815,3,8,251,5,53,3,7,0.3333,0.6939,0,17.1429,11.3333,0,0,0,0
3871320,1975,5555,1973,"DK","",272430,3,8,114,5,55,3,1,1,0,0.6667,14,5.3333,0,0,0,0
3871397,1975,5555,1973,"DK","",134690,3,7,137,6,69,7,4,0.7143,0.5,0.32,13.75,12.4286,0.5,0.2857,0,0
3871400,1975,5555,1973,"DK","",39960,3,16,137,6,69,7,2,0.5714,0.5,0.625,12,30,0,0,0,0
3871899,1975,5555,1972,"DK","",15850,3,4,101,6,69,4,6,0.5,0.7222,0.5,8.1667,11.5,0,0,0,0
3872015,1975,5555,1973,"DK","",15830,3,4,210,1,19,5,9,1,0.5185,0,11.2222,6.2,0.5,0.2,0.1429,0.1111
3872179,1975,5555,1973,"DK","",238050,3,6,585,1,19,3,6,0.3333,0.2778,0,18,15.3333,0,0,0,0
3872778,1975,5562,1973,"DK","",406800,3,3,92,5,53,3,0,0.3333,,0,,57.3333,0,0,,
3872946,1975,5562,1974,"DK","",134690,3,4,181,6,69,1,0,1,,0,,11,0,0,,
3873225,1975,5562,1972,"DK","",,1,5,404,6,69,8,16,0.375,0.7188,0,18.75,39.625,,,,
3873246,1975,5562,1973,"DK","",134690,3,5,418,5,53,4,0,0.25,,0,,29.5,0,0,,
3874850,1975,5569,1972,"DK","",721306,3,48,436,1,19,1,61,1,0.8573,0,12.5574,2,0,0,0.1111,0.0984
3875150,1975,5569,1973,"DK","",343245,3,4,549,1,14,8,4,0.875,0.625,0.6122,6.25,5.625,0.1429,0.125,0,0
3876151,1975,5576,1973,"DK","",21605,2,7,239,5,59,5,7,0.6,0.2449,0,9.7143,15.2,0,0,0.2,0.1429
3876343,1975,5576,1973,"DK","",134690,3,1,418,5,53,4,12,0.5,0,0,12.25,10,0,0,0.5714,0.3333
3877491,1975,5583,1972,"DK","",39960,3,38,138,6,67,5,3,0.4,0.4444,0.5,11.6667,21.4,0,0,0,0
3877771,1975,5583,1974,"DK","",,1,10,29,5,52,3,19,1,0.1939,0,5.9474,6,,,,
3877914,1975,5583,1973,"DK","",449090,2,21,65,5,51,6,0,0.5,,0,,29.1667,0,0,,
3878342,1975,5583,1972,"DK","",203550,3,26,369,2,24,5,1,1,0,0,7,4.4,0.3333,0.2,0,0
3878603,1975,5590,1973,"DK","",,1,6,29,5,52,9,1,1,0,0.1975,2,2.8889,,,,
3879604,1975,5590,1973,"DK","",721306,3,20,700,2,22,11,6,1,0.7778,0.4463,5.5,6,0,0,0,0
3880008,1975,5597,1973,"DK","",,1,6,73,4,43,4,5,0.25,0.32,0,14.4,24.25,,,,
3880223,1975,5597,1972,"DK","",135040,3,4,164,5,52,1,1,1,0,0,19,9,0,0,0,0
3880554,1975,5597,1973,"DK","",134690,3,4,418,5,53,3,6,1,0.7778,0.4444,10.8333,8.6667,0,0,0.2,0.1667
3881594,1975,5604,1972,"DK","",,1,7,198,5,59,2,13,1,0.3905,0,16.3846,3.5,,,,
3883241,1975,5611,1973,"DK","",473295,3,2,399,5,54,8,1,0.875,0,0.4082,1,7.625,0,0,0,0
3885288,1975,5625,1974,"DK","",134690,3,3,29,5,52,3,9,1,0.3457,0,9.5556,3.6667,0,0,0,0
3885688,1975,5625,1972,"DK","",,1,7,414,5,51,3,5,0,0.72,,12.6,35.3333,,,,
3886029,1975,5625,1973,"DK","",424125,2,10,242,5,51,7,3,0.7143,0.4444,0.48,14,7,0,0,0,0
3886876,1975,5632,1974,"DK","",,5,4,112,6,63,11,0,0.9091,,0,,6.0909,,,,
3886971,1975,5632,1973,"DK","",,1,4,137,6,69,5,13,1,0.4852,0.32,9.2308,3.6,,,,
3887076,1975,5632,1973,"DK","",,1,3,211,6,65,6,3,0,0.4444,,20.3333,34.8333,,,,
3887133,1975,5632,1973,"DK","",40755,3,11,239,5,59,6,7,0.6667,0.2449,0.375,14.8571,18,1,0.1667,0.3333,0.2857
3887388,1975,5632,1973,"DK","",202035,2,34,106,1,12,5,7,1,0.2449,0,8.1429,5,0.6667,0.4,0.5,0.4286
3887864,1975,5632,1973,"DK","",134690,3,13,323,4,45,6,5,1,0.8,0.5,6.4,5.3333,0,0,0,0
3889422,1975,5646,1973,"DK","",,1,9,49,5,59,5,1,0.4,0,0.5,22,18.2,,,,
3889810,1975,5646,1973,"DK","",,1,11,209,5,51,3,1,0.3333,0,0,24,30.6667,,,,
3890570,1975,5646,1973,"DK","",721306,3,5,324,4,43,4,4,0.75,0.375,0.4444,9.5,9,0,0,0,0
3890713,1975,5653,1973,"DK","",,1,15,433,3,39,2,2,1,0,0,20,4.5,,,,
3890753,1975,5653,1973,"DK","",,1,4,52,6,69,8,5,0.5,0.56,0.375,10.6,19.625,,,,
3890839,1975,5653,1973,"DK","",719481,3,14,73,4,43,4,1,0.5,0,0,7,14.75,0,0,0,0
3891510,1975,5653,1973,"DK","",208010,3,3,202,1,19,9,3,0.5556,0.6667,0.32,12,15.8889,0,0,0,0
3892144,1975,5660,1973,"DK","",,1,4,475,5,53,2,1,0,0,,6,35.5,,,,
3892174,1975,5660,1972,"DK","",253715,3,5,101,6,69,8,11,0.875,0.6942,0.6939,11.1818,5.875,0,0,0,0
3892840,1975,5660,1974,"DK","",134690,3,2,423,1,19,2,3,0.5,0.4444,0,4,11,0,0,0,0
3893192,1975,5660,1974,"DK","",134690,3,12,324,4,43,9,2,1,0.5,0.8148,4.5,6,0,0,0,0
3894462,1975,5674,1974,"DK","",243760,3,9,83,5,51,4,3,0.5,0.4444,0.5,3.6667,15.5,0,0,0,0
3896165,1975,5681,1973,"DK","",343245,3,2,562,1,14,2,0,1,,0.5,,6,1,0.5,,
3896563,1975,5688,1973,"DK","",,1,6,434,6,69,5,0,0.8,,0.375,,10.2,,,,
3896826,1975,5688,1973,"DK","",,1,2,453,5,59,5,1,0,0,,5,44.8,,,,
3897476,1975,5688,1973,"DK","",709942,3,20,558,1,14,4,3,1,0.6667,0.625,3.6667,2.25,0,0,0.3333,0.3333
3897853,1975,5695,1974,"DK","",41210,3,11,181,6,69,11,1,0,0,,22,39.8182,0,0,0,0
3898120,1975,5695,1970,"DK","",,1,2,156,1,19,4,4,0.5,0.375,0.5,22.25,14.5,,,,
3898266,1975,5695,1974,"DK","",709942,3,5,558,1,14,1,1,1,0,0,16,2,0,0,0,0
3898554,1975,5695,1973,"DK","",134690,3,6,323,4,45,6,8,1,0.6875,0.5,6.875,5.1667,0,0,0,0
3901304,1975,5716,1972,"DK","",135040,3,7,164,5,52,2,4,0,0.5,,17.5,17,0,0,1,0.5
3902442,1975,5723,1974,"DK","",,1,5,114,5,55,4,1,1,0,0,14,6.25,,,,
3903146,1975,5723,1973,"DK","",343245,3,2,562,1,14,4,0,1,,0.625,,3.25,0.25,0.25,,
3903439,1975,5723,1974,"DK","",202035,2,17,310,4,45,6,1,0.3333,0,0.5,6,30.8333,0,0,0,0
3904314,1975,5730,1973,"DK","",406800,3,1,416,1,19,6,3,0.5,0,0,10,24.6667,0,0,0,0
3905542,1975,5737,1973,"DK","",15800,3,2,206,6,68,3,0,1,,0,,5.6667,1,0.3333,,
3905696,1975,5737,1974,"DK","",640145,3,6,399,5,54,4,0,1,,0.625,,4.25,0,0,,
3906448,1975,5737,1974,"DK","",466175,2,6,235,5,59,3,11,1,0.6777,0.4444,19.3636,3.6667,0,0,0,0
3906603,1975,5744,1973,"DK","",134690,3,1,29,5,52,5,6,0.2,0.6667,0,11.6667,27,0,0,0.1667,0.1667
3906981,1975,5744,1974,"DK","",134690,3,4,137,6,69,1,0,1,,0,,2,0,0,,
3907428,1975,5744,1974,"DK","",180080,3,6,355,5,54,9,4,1,0.375,0.6173,9.25,4.8889,0,0,0,0
3907460,1975,5744,1974,"DK","",406800,3,1,416,1,19,4,2,0.25,0,0,12,29.75,0,0,0.5,0.5
3907537,1975,5744,1973,"DK","",449090,2,2,65,5,51,4,5,0.5,0.32,0.5,12.4,17.5,0,0,0,0
3907676,1975,5744,1973,"DK","",410170,3,13,530,1,15,0,5,,0.32,,8.8,,,,0,0
3908313,1975,5751,1974,"DK","",,1,8,49,5,59,1,4,0,0.625,,14.25,13,,,,
3909144,1975,5751,1972,"DK","",15865,3,8,404,6,69,6,8,0.8333,0.7188,0.56,12.625,9.1667,0,0,0,0
3909340,1975,5751,1973,"DK","",,1,12,156,1,19,1,8,1,0.75,0,15.625,10,,,,
3909747,1975,5751,1974,"DK","",134690,3,3,331,4,41,6,7,0.8333,0.449,0.32,15,9,0,0,0,0
3910338,1975,5758,1973,"DK","",,1,5,160,6,69,7,0,0.5714,,0,,16.7143,,,,
3910820,1975,5758,1973,"DK","",138305,3,7,435,3,33,4,8,0.75,0.5313,0,11.625,7,0,0,0,0
3911676,1975,5765,1972,"DK","",,1,36,60,4,45,9,4,1,0,0.5679,11.5,4.3333,,,,
3912071,1975,5765,1974,"DK","",127685,3,23,198,5,59,4,13,0.75,0.2722,0,14.6923,18.75,0,0,0,0
3912309,1975,5765,1974,"DK","",132530,3,8,292,6,69,4,16,0,0.4297,,11.75,45.5,0,0,0,0
3912403,1975,5765,1973,"DK","",,1,4,401,1,12,5,5,0.2,0.56,0,20.2,33.6,,,,
3912590,1975,5765,1973,"DK","",410070,3,8,435,3,33,5,15,1,0.1244,0.32,7,4,0,0,0.0667,0.0667
3912743,1975,5765,1974,"DK","",39990,3,8,546,1,14,2,18,0.5,0.3457,0,17,12,0,0,0.2778,0.2778
3912751,1975,5765,1974,"DK","",343245,3,10,540,1,14,1,0,1,,0,,10,0,0,,
3913237,1975,5772,1973,"DK","",40755,3,10,34,1,19,7,1,0.8571,0,0.5,7,6.8571,0,0,0,0
3914151,1975,5772,1974,"DK","",424125,2,7,156,1,19,3,4,0.3333,0.375,0,8,14.3333,0,0,0.3333,0.25
3914742,1975,5772,1974,"DK","",719481,3,5,382,2,22,7,1,1,0,0.6122,14,5.4286,0,0,0,0
3914892,1975,5779,1973,"DK","",40680,3,5,40,6,69,6,7,0.6667,0.6939,0.375,16.5714,16,0,0,0,0
3916514,1975,5786,1973,"DK","",,1,1,29,5,52,7,4,0.8571,0.625,0.5,10.5,8.1429,,,,
3916524,1975,5786,1974,"DK","",,1,3,433,3,39,4,1,0.25,0,0,24,30.75,,,,
3917038,1975,5786,1973,"DK","",,1,11,190,6,69,4,20,0.25,0.27,0,14.5,30,,,,
3917161,1975,5786,1974,"DK","",134690,3,3,236,6,69,4,2,0.75,0.5,0.4444,10.5,11.25,0,0,0,0
3917590,1975,5786,1973,"DK","",343245,3,3,540,1,14,1,0,1,,0,,1,0,0,,
3917787,1975,5786,1973,"DK","",419785,3,4,264,5,51,7,8,1,0.6875,0.6939,13.875,6.7143,0.3333,0.1429,0,0
3917813,1975,5786,1974,"DK","",39440,3,3,424,3,31,12,25,0.9167,0.1504,0.1653,7.76,5.3333,0,0,0.0417,0.04
3918061,1975,5786,1973,"DK","",568700,3,11,342,2,21,3,8,0.6667,0.7813,0,12.25,7.3333,0,0,0,0
3918205,1975,5793,1974,"DK","",,1,5,49,5,59,1,2,1,0,0,5,6,,,,
3918891,1975,5793,1974,"DK","",202035,2,33,432,6,66,3,1,0.6667,0,0,2,23.3333,0,0,1,1
3919127,1975,5793,1973,"DK","",632140,3,15,521,1,15,5,14,1,0.2551,0.48,6.0714,6.4,0,0,0.1667,0.1429
3919931,1975,5800,1973,"DK","",517965,3,16,99,6,61,5,8,0.4,0.4688,0.5,9.375,13.4,0,0,0,0
3920178,1975,5800,1973,"DK","",15800,3,1,206,6,68,7,5,0.5714,0.32,0,9.6,10.1429,0.5,0.1429,0,0
3920217,1975,5800,1974,"DK","",134690,3,1,251,5,53,2,3,1,0.6667,0.5,11.3333,5,0,0,0,0
3920353,1975,5800,1974,"DK","",406800,3,4,416,1,19,3,4,0.3333,0,0,7.75,17,0,0,0,0
3920817,1975,5800,1974,"DK","",709942,3,14,514,3,31,0,1,,0,,15,,,,0,0
3921727,1975,5807,1974,"DK","",319040,3,1,172,6,64,3,4,0.3333,0,0,15.5,32.3333,0,0,0,0
3921816,1975,5807,1974,"DK","",,1,3,212,5,59,3,0,0,,,,45.3333,,,,
3922125,1975,5807,1973,"DK","",,1,7,425,5,51,13,2,0.8462,0.5,0.5124,11,11.5385,,,,
3922754,1975,5814,1974,"DK","",,1,5,16,5,59,2,6,0,0.2778,,12.8333,45,,,,
3923095,1975,5814,1974,"DK","",135040,3,5,164,5,52,8,1,0.375,0,0.4444,6,19.75,0,0,1,1
3923097,1975,5814,1974,"DK","",39540,3,7,165,6,66,4,9,0.75,0.7407,0.4444,14.3333,26,0,0,0,0
3923254,1975,5814,1973,"DK","",202035,2,32,241,5,51,5,0,0.2,,0,,25.4,0,0,,
3924368,1975,5821,1974,"DK","",15865,3,3,52,6,69,6,0,0.1667,,0,,24.5,0,0,,
3924657,1975,5821,1973,"DK","",,1,8,137,6,69,2,1,0,0,,13,18.5,,,,
3924758,1975,5821,1974,"DK","",77275,3,1,414,5,51,4,3,0.25,0,0,12,23.25,0,0,0,0
3925096,1975,5821,1973,"DK","",,1,3,524,1,15,2,15,0.5,0.72,0,9.5333,15,,,,
3926210,1975,5828,1974,"DK","",134690,3,2,137,6,69,2,5,1,0.64,0,10.4,6,0,0,0.25,0.2
3926583,1975,5828,1973,"DK","",238050,3,6,48,1,13,5,6,0.8,0.6111,0.625,18,10.6,0,0,0.1667,0.1667
3926764,1975,5828,1972,"DK","",721306,3,10,204,1,19,3,31,0.6667,0.41,0,14.1613,20.3333,0,0,0,0
3927351,1975,5828,1974,"DK","",39960,3,10,361,4,45,1,0,1,,0,,3,0,0,,
3927960,1975,5835,1972,"DK","",202035,2,9,432,6,66,5,5,0.8,0.72,0.75,10.4,13.8,1,0.4,0,0
3928765,1975,5835,1973,"DK","",286465,3,,378,4,44,0,5,,0.48,,10.4,,,,0,0
3928978,1975,5842,1974,"DK","",,1,3,405,6,64,2,5,1,0,0,13.2,1,,,,
3929028,1975,5842,1974,"DK","",295695,3,3,74,5,59,4,0,0.5,,0,,12.25,0,0,,
3929077,1975,5842,1974,"DK","",,1,24,104,5,55,5,4,0.8,0.5,0.375,5.75,12,,,,
3931003,1976,5849,1974,"DK","",,1,10,210,1,19,3,2,1,0,0,17,6.3333,,,,
3932116,1976,5856,1974,"DK","",202035,2,15,432,6,66,5,3,0.4,0,0,7,26.6,0.5,0.2,0,0
3932233,1976,5856,1973,"DK","",721306,3,16,204,1,19,10,34,1,0.5415,0.34,12,5,0,0,0.0645,0.0588
3932922,1976,5863,1974,"DK","",39960,3,8,29,5,52,5,4,0.8,0.75,0.625,10.25,6.6,0,0,0,0
3933103,1976,5863,1974,"DK","",15920,3,20,110,6,66,5,6,0,0.6667,,18.5,31.6,0,0,0,0
3933306,1976,5863,1974,"DK","",134690,3,9,236,6,69,5,0,0.6,,0.4444,,15.4,0,0,,
3933373,1976,5863,1974,"DK","",,1,3,280,5,55,1,6,0,0.7222,,14.8333,87,,,,
3933564,1976,5863,1973,"DK","",41090,3,6,156,1,19,12,9,0.9167,0.7901,0.562,9.4444,8.6667,0,0,0,0
3933723,1976,5863,1974,"DK","",,1,2,524,1,15,3,6,1,0.7222,0.6667,16.1667,8,,,,
3934426,1976,5870,1974,"DK","",134690,3,6,62,6,69,2,2,0,0.5,,6,20,0,0,0.5,0.5
3935341,1976,5870,1973,"DK","",305080,3,4,427,1,12,11,2,0.5455,0,0.7778,2.5,18.9091,0,0,0,0
3935385,1976,5870,1975,"DK","",134690,3,8,370,2,21,3,3,0.6667,0.4444,0.5,6.3333,11,0,0,0,0
3935399,1976,5870,1973,"DK","",,1,7,381,4,49,0,4,,0.375,,11.5,,,,,
3935691,1976,5877,1974,"DK","",498705,3,8,53,6,68,2,14,0.5,0.1327,0,11.7857,11.5,0,0,0,0
3936235,1976,5877,1974,"DK","",134690,3,3,417,5,53,3,1,0.3333,0,0,4,15.3333,0,0,0,0
3936965,1976,5884,1973,"DK","",,1,3,40,6,69,10,1,0.1,0,0,15,35.8,,,,
3937598,1976,5884,1974,"DK","",134690,3,15,417,5,53,6,4,0.3333,0.375,0.5,13.75,22.5,0,0,0,0
3938036,1976,5884,1972,"DK","",243760,3,6,324,4,43,2,0,0.5,,0,,10,0,0,,
3938393,1976,5891,1974,"DK","",567935,3,6,73,4,43,1,10,1,0.18,0,8.1,11,0,0,0,0
3938397,1976,5891,1974,"DK","",243830,3,4,74,5,59,5,5,0,0.56,,20,30.8,0,0,0,0
3938887,1976,5891,1973,"DK","",180080,3,2,355,5,54,4,1,0.5,0,0,4,23.25,0,0,0,0
3938949,1976,5891,1974,"DK","",202035,2,25,432,6,66,4,9,0.25,0.1975,0,3.5556,31.25,0,0,0.3333,0.3333
3939511,1976,5898,1974,"DK","",,1,3,441,6,69,6,0,0,,,,53.6667,,,,
3939697,1976,5898,1973,"DK","",14405,3,31,73,4,43,4,5,0.75,0.32,0.4444,13.4,8.25,0,0,0.8,0.8
3939717,1976,5898,1974,"DK","",243830,3,8,74,5,59,4,7,0.25,0,0,19.7143,39,0,0,0,0
3940241,1976,5898,1975,"DK","",202035,2,33,432,6,66,8,10,0.875,0,0,3,10.625,0.2,0.125,0.5,0.4
3940727,1976,5898,1975,"DK","",134690,3,3,337,4,41,2,0,1,,0.5,,7.5,0,0,,
3941033,1976,5905,1973,"DK","",134690,3,1,91,5,53,11,4,0.7273,0.375,0.4063,5.25,10.8182,0,0,0,0
3941301,1976,5905,1974,"DK","",726215,2,4,206,6,68,9,5,0.8889,0.72,0.5938,10.6,11.6667,0,0,0,0
3941777,1976,5905,1973,"DK","",39660,3,6,549,1,14,5,3,0.8,0.4444,0.625,4.3333,8.8,0,0,0.6667,0.6667
3942303,1976,5912,1973,"DK","",574550,3,6,53,6,68,6,5,0.8333,0.48,0.32,15.6,6.3333,0,0,0,0
3942407,1976,5912,1974,"DK","",,1,17,411,5,59,8,8,0.125,0.2188,0,14.5,24,,,,
3942428,1976,5912,1973,"DK","",,1,4,99,6,61,2,2,0,0.5,,13,46,,,,
3942530,1976,5912,1974,"DK","",14405,3,1,606,3,32,6,57,0.6667,0.6316,0.75,17.6842,10,0,0,0,0
3942944,1976,5912,1974,"DK","",253715,3,6,432,6,66,6,1,0.5,0,0.6667,15,32.1667,0,0,0,0
3942966,1976,5912,1973,"DK","",,5,7,65,5,51,2,8,1,0.625,0.5,15.875,7,,,,
3943030,1976,5912,1974,"DK","",134505,3,2,156,1,19,6,4,0.3333,0.375,0,11.5,29.1667,0,0,0,0
3943092,1976,5912,1974,"DK","",134690,3,5,523,1,15,4,1,0.75,0,0.4444,8,9.5,0,0,0,0
3943224,1976,5912,1972,"DK","",,1,6,264,5,51,14,6,1,0.5,0.3673,14.3333,6.6429,,,,
3943589,1976,5919,1974,"DK","",,1,7,14,6,69,6,3,0.3333,0.6667,0.5,11.6667,23.1667,,,,
3943597,1976,5919,1974,"DK","",40020,3,7,15,6,69,2,0,1,,0.5,,4.5,0,0,,
3943917,1976,5919,1975,"DK","",721306,3,2,600,3,32,10,15,0.3,0,0.4444,7.2,33,0,0,0.1818,0.1333
3945255,1976,5926,1974,"DK","",253590,3,10,73,4,43,3,1,0.6667,0,0.5,14,18.6667,0,0,0,0
3945457,1976,5926,1975,"DK","",134690,3,2,180,5,55,4,4,0.25,0.625,0,11,15.75,0,0,0,0
3946304,1976,5926,1972,"DK","",134690,3,4,323,4,45,2,0,1,,0,,7,0,0,,
3946914,1976,5933,1974,"DK","",545640,3,4,222,1,19,3,0,0.3333,,0,,11.6667,0,0,,
3946983,1976,5933,1974,"DK","",134690,3,2,251,5,53,7,1,0.7143,0,0.72,20,20,0,0,0,0
3949071,1976,5940,1974,"DK","",192735,3,3,424,3,31,4,2,0.25,0,0,11,27.5,0,0,0,0
3949461,1976,5947,1972,"DK","",39960,3,11,29,5,52,11,9,0.8182,0.7654,0.7407,15.8889,12.9091,0,0,0,0
3949871,1976,5947,1975,"DK","",385,3,6,206,6,68,5,4,0.8,0.5,0.375,16.75,7.8,0,0,0,0
3949940,1976,5947,1974,"DK","",202035,2,20,241,5,51,4,1,0.25,0,0,12,30.75,1,0.25,0,0
3950043,1976,5947,1973,"DK","",202035,2,6,384,5,59,4,3,0,0.4444,,12.6667,48.5,0,0,0.6667,0.6667
3950376,1976,5947,1973,"DK","",709942,3,25,558,1,14,3,0,1,,0.6667,,3.3333,0,0,,
3950380,1976,5947,1974,"DK","",709942,3,8,558,1,14,2,4,1,0.375,0,10.25,1.5,0,0,0.3333,0.25
3950513,1976,5947,1969,"DK","",410170,3,18,424,3,31,3,11,0.3333,0.6777,0,20.4545,11.6667,0,0,0,0
3950920,1976,5954,1974,"DK","",298110,3,5,53,6,68,5,4,0.6,0.375,0.6667,11,10.8,0,0,0,0
3951349,1976,5954,1973,"DK","",,1,4,242,5,51,4,1,1,0,0.375,3,11.25,,,,
3951826,1976,5954,1973,"DK","",110775,2,8,510,1,19,9,15,0.7778,0.3378,0.2449,13.6,8.4444,0,0,0.4,0.4
3951957,1976,5954,1974,"DK","",343245,3,1,540,1,14,1,2,1,0.5,0,6,2,1,1,0,0
3951961,1976,5954,1974,"DK","",308755,3,14,544,1,14,6,2,0.8333,0.5,0,5.5,9.6667,1,0.1667,0,0
3952005,1976,5954,1974,"DK","",39820,3,2,548,1,14,1,1,1,0,0,6,2,0,0,0,0
3954035,1976,5968,1975,"DK","",345900,3,5,83,5,51,1,4,1,0.375,0,11,12,0,0,0,0
3954036,1976,5968,1975,"DK","",,4,10,83,5,51,2,1,0,0,,1,94,,,,
3954735,1976,5968,1971,"DK","",343245,3,3,540,1,14,2,2,1,0,0,9.5,7.5,0,0,0,0
3954813,1976,5968,1974,"DK","",15860,3,7,549,1,14,0,2,,0.5,,11.5,,,,0,0
3954933,1976,5968,1974,"DK","",526485,3,11,264,5,51,9,11,0.8889,0.6446,0.5625,11.1818,8.6667,0,0,0,0
3954959,1976,5968,1975,"DK","",39440,3,1,424,3,31,9,25,0.8889,0.2176,0,10.72,6.3333,0,0,0,0
3955902,1976,5975,1974,"DK","",,1,8,417,5,53,2,6,1,0,0,9.3333,7.5,,,,
3955995,1976,5975,1973,"DK","",202035,2,39,106,1,12,3,8,0,0.4063,,10.375,17,0,0,0.25,0.25
3956127,1976,5975,1974,"DK","",184055,3,1,210,1,19,5,12,0.8,0.4028,0.5,9.3333,14,0,0,0,0
3956279,1976,5975,1973,"DK","",709942,3,1,540,1,14,2,0,1,,0,,4,0,0,,
3956521,1976,5975,1974,"DK","",40755,3,11,426,6,61,2,5,0,0.56,,14.6,28.5,0,0,0,0
3957764,1976,5982,1972,"DK","",343245,3,21,540,1,14,2,16,1,0.4063,0,7,2,0,0,0,0
3958619,1976,5989,1974,"DK","",135040,3,6,164,5,52,8,0,0.5,,0.375,,25.625,0,0,,
3959938,1976,5996,1974,"DK","",,1,7,52,6,69,11,0,0.7273,,0.2188,,14,,,,
3960202,1976,5996,1974,"DK","",135040,3,3,164,5,52,9,0,0.1111,,0,,31.7778,0,0,,
3960329,1976,5996,1974,"DK","",,1,5,241,5,51,5,1,0.4,0,0,22,16.2,,,,
3960641,1976,5996,1972,"DK","",221970,3,29,156,1,19,7,7,0.8571,0,0.2778,12.4286,10,0,0,0,0
3960665,1976,5996,1973,"DK","",,5,7,435,3,33,3,9,1,0.4938,0,17.7778,2.3333,,,,
3960997,1976,5996,1974,"DK","",257555,3,10,264,5,51,11,5,0.6364,0.5,0.4082,16,10.9091,0,0,0,0
3961186,1976,5996,1974,"DK","",,1,9,378,4,44,2,11,1,0.314,0.5,8.3636,4,,,,
3961621,1976,6003,1975,"DK","",14405,3,2,600,3,32,4,32,1,0.3145,0,16.1563,3.75,0,0,0,0
3962819,1976,6010,1975,"DK","",279465,3,1,446,6,62,2,0,0,,,,50.5,0,0,,
3962887,1976,6010,1975,"DK","",39540,3,5,62,6,69,5,0,0.2,,0,,27.2,0,0,,
3962909,1976,6010,1974,"DK","",14405,3,27,73,4,43,1,6,1,0.5,0,9.1667,5,0,0,0.8,0.6667
3962980,1976,6010,1975,"DK","",483515,3,5,112,6,63,5,1,0.4,0,0,10,13.6,0,0,0,0
3963526,1976,6010,1974,"DK","",15895,3,7,148,5,52,2,10,0,0.54,,8.9,26.5,0,0,0,0
3963549,1976,6010,1974,"DK","",,1,5,156,1,19,9,14,0.5556,0.7347,0.72,13.6429,16.1111,,,,
3963559,1976,6010,1974,"DK","",,1,7,159,1,19,6,2,0,0,,15,33,,,,
3963819,1976,6010,1973,"DK","",,1,13,264,5,51,4,3,0.25,0.4444,0,13,14.75,,,,
3964224,1976,6017,1974,"DK","",,1,5,52,6,69,7,2,0.4286,0.5,0.4444,21,26.1429,,,,
3964717,1976,6017,1974,"DK","",202035,2,18,241,5,51,3,6,0.3333,0.5,0,11.8333,27,1,0.3333,0.2,0.1667
3964869,1976,6017,1975,"DK","",405325,3,7,422,1,19,7,1,0.8571,0,0.7222,1,9.7143,0,0,0,0
3964943,1976,6017,1974,"DK","",134690,3,5,216,1,19,4,6,0.5,0.7222,0.5,6,15.25,0,0,0,0
3965345,1976,6017,1974,"DK","",312505,3,8,362,4,42,1,11,1,0.4628,0,20.9091,10,0,0,0,0
3965349,1976,6017,1975,"DK","",134690,3,2,250,4,44,4,3,0.5,0.6667,0.5,12.3333,26.5,0,0,0,0
3965961,1976,6024,1974,"DK","",135040,3,1,164,5,52,2,3,1,0,0,12.6667,7.5,0,0,0.3333,0.3333
3965966,1976,6024,1975,"DK","",135040,3,4,164,5,52,3,1,1,0,0.4444,6,3.3333,0,0,0,0
3966280,1976,6024,1974,"DK","",,1,33,74,5,59,2,4,0.5,0.375,0,5.25,9,,,,
3966930,1976,6024,1974,"DK","",308755,3,25,514,3,31,7,5,0.4286,0,0,14.2,13.5714,0,0,0.2,0.2
3966952,1976,6024,1974,"DK","",308755,3,10,514,3,31,0,0,,,,,,,,,
3966975,1976,6024,1973,"DK","",40755,3,26,426,6,61,3,17,0.6667,0.7197,0.5,11.5882,10,0,0,0.0667,0.0588
3967229,1976,6024,1974,"DK","",134690,3,3,338,4,41,4,1,0.5,0,0,13,15,0,0,0,0
3967576,1976,6031,1975,"DK","",,1,2,116,6,69,5,0,0.6,,0.4444,,17.6,,,,
3968678,1976,6038,1975,"DK","",415365,3,10,73,4,43,3,5,0,0,,6.8,32,0,0,0,0
3968929,1976,6038,1975,"DK","",576720,3,7,494,1,19,5,2,1,0,0,8,6.4,0,0,0,0
3969056,1976,6038,1975,"DK","",329285,3,9,425,5,51,11,4,0.2727,0.5,0.4444,11.25,33.9091,0,0,0,0
3969865,1976,6045,1974,"DK","",,5,2,52,6,69,9,5,0.2222,0.32,0,8.8,23.3333,,,,
3969986,1976,6045,1973,"DK","",134690,3,8,91,5,53,4,3,1,0.4444,0.375,11.3333,9.25,0,0,0,0
3970077,1976,6045,1975,"DK","",,1,9,601,3,32,3,4,0.3333,0,0,13,17.3333,,,,
3970282,1976,6045,1974,"DK","",134690,3,2,251,5,53,4,17,0.75,0.6713,0.4444,15.5294,13,0,0,0.0588,0.0588
3970645,1976,6045,1974,"DK","",15860,3,1,540,1,14,2,0,1,,0,,7,0,0,,
3971248,1976,6052,1974,"DK","",,1,6,73,4,43,3,5,0.6667,0.32,0.5,13.2,25.6667,,,,
3971509,1976,6052,1974,"DK","",576720,3,5,494,1,19,5,10,0.4,0.18,0,13,25.6,0,0,0,0
3971693,1976,6052,1973,"DK","",,1,3,156,1,19,13,2,0.2308,0.5,0.4444,22.5,18.1538,,,,
3971819,1976,6052,1973,"DK","",343245,3,3,558,1,14,3,1,0.6667,0,0,5,9,0,0,0,0
3972614,1976,6059,1974,"DK","",721306,3,20,356,4,43,2,22,1,0.8388,0.5,11.8636,2,1,0.5,0.0455,0.0455
3972886,1976,6059,1975,"DK","",709942,3,10,546,1,14,3,0,1,,0.4444,,2.3333,0.3333,0.3333,,
3974858,1976,6073,1974,"DK","",39775,3,12,137,6,69,3,5,0.6667,0.56,0,8,10.6667,0,0,0,0
3975318,1976,6073,1975,"DK","",632140,3,15,521,1,15,6,2,1,0.5,0.4444,12.5,6.3333,0.3333,0.1667,0,0
3975319,1976,6073,1975,"DK","",632140,3,15,521,1,15,6,6,1,0.5,0.4444,7.5,6.3333,0.3333,0.1667,0,0
3975620,1976,6073,1975,"DK","",134690,3,4,392,4,41,2,11,0,0.4628,,8.3636,23.5,0,0,0.5,0.3636
3976475,1976,6080,1975,"DK","",44030,3,8,423,1,19,7,8,0.2857,0.5313,0,12.5,13,0,0,0,0
3977305,1976,6087,1973,"DK","",110160,3,2,92,5,53,11,2,0.5455,0,0.6111,6.5,16.7273,0,0,0,0
3977965,1976,6087,1975,"DK","",15980,3,3,210,1,19,9,11,0.7778,0,0,11.2727,12.5556,0,0,0,0
3978243,1976,6087,1975,"DK","",317155,3,7,426,6,61,5,21,0.8,0,0,9.9524,7.6,0,0,0,0
3978779,1976,6094,1975,"DK","",135010,3,14,99,6,61,9,1,0.5556,0,0.32,13,17.2222,0,0,0,0
3978879,1976,6094,1974,"DK","",134690,3,3,137,6,69,3,3,1,0.4444,0.4444,7.3333,5,0,0,0.3333,0.3333
3978883,1976,6094,1975,"DK","",134690,3,8,137,6,69,3,13,0.6667,0,0.5,19.0769,8.3333,1,0.3333,0,0
3979250,1976,6094,1971,"DK","",,1,5,156,1,19,7,5,0.5714,0.56,0,9.2,12,,,,
3979261,1976,6094,1973,"DK","",410070,3,2,435,3,33,3,12,1,0,0,7.1667,2,0,0,0.0909,0.0833
3979710,1976,6094,1975,"DK","",134690,3,5,338,4,41,2,6,0,0.7222,,12.6667,21,0,0,0,0
3980009,1976,6101,1975,"DK","",135010,3,12,99,6,61,11,3,0.2727,0.6667,0,12.3333,29.4545,0,0,0,0
3980486,1976,6101,1974,"DK","",202035,2,24,106,1,12,3,2,0,0.5,,5.5,15.3333,0,0,0,0
3980521,1976,6101,1974,"DK","",410070,3,11,435,3,33,4,19,1,0,0,7.3158,2.5,0,0,0.2632,0.2632
3981075,1976,6108,1975,"DK","",134690,3,2,29,5,52,4,0,0.5,,0,,15,0,0,,
3981251,1976,6108,1975,"DK","",41075,3,2,108,6,69,5,6,0.8,0.7222,0.375,14,12.6,0,0,0,0
3981478,1976,6108,1975,"DK","",135040,3,4,251,5,53,1,10,1,0.64,0,9.8,9,0,0,0,0
3981613,1976,6108,1974,"DK","",228685,3,6,416,1,19,12,7,0.3333,0.2449,0,8.1429,33.3333,0,0,0.4,0.2857
3982027,1976,6108,1974,"DK","",135050,3,8,426,6,61,2,3,0.5,0.4444,0,10.3333,10.5,0,0,0,0
3982311,1976,6115,1974,"DK","",,1,13,29,5,52,8,1,0.75,0,0.5,21,12.75,,,,
3982353,1976,6115,1975,"DK","",279465,3,1,446,6,62,7,2,0.4286,0,0,18,34,0,0,0,0
3982585,1976,6115,1974,"DK","",238050,3,2,165,6,66,4,7,0.75,0.2449,0,12.1429,10,0,0,0,0
3982886,1976,6115,1975,"DK","",202035,2,25,432,6,66,6,1,0.8333,0,0,1,12.8333,0.6667,0.3333,0,0
3983907,1976,6122,1975,"DK","",90060,3,5,137,6,69,4,7,0.5,0.6939,0,16,28.75,0,0,0,0
3985777,1976,6129,1973,"DK","",343245,3,1,549,1,14,2,2,1,0,0.5,3,7.5,0,0,0,0
3986100,1976,6129,1974,"DK","",134690,3,10,323,4,45,6,15,1,0.48,0.5,6.6667,6.6667,0.3333,0.1667,0.0769,0.0667
3986886,1976,6136,1973,"DK","",40755,3,19,106,1,12,1,4,1,0,0,11,4,0,0,0,0
3987673,1976,6143,1975,"DK","",393900,3,17,73,4,43,5,20,1,0.54,0.48,7.05,3.2,0.25,0.2,0,0
3988207,1976,6143,1966,"DK","",410170,3,7,435,3,33,1,2,1,0.5,0,10.5,11,0,0,0,0
3988262,1976,6143,1975,"DK","",238050,3,7,502,1,19,2,6,1,0.6111,0.5,5.6667,7.5,0,0,0,0
3989745,1976,6150,1974,"DK","",343245,3,7,562,1,14,0,0,,,,,,,,,
3990359,1976,6157,1975,"DK","",,1,11,100,5,59,9,2,0.5556,0.5,0.56,11,26.8889,,,,
3992818,1976,6171,1975,"DK","",169650,3,25,451,5,51,6,1,0,0,,3,46.6667,0,0,0,0
3993315,1976,6171,1973,"DK","",52565,3,40,369,2,24,10,18,0.7,0.2778,0,7.5,17.3,0,0,0,0
3993406,1976,6171,1975,"DK","",640145,3,4,399,5,54,5,7,1,0.6122,0.64,9.5714,2.8,0,0,0,0
3993466,1976,6171,1972,"DK","",15825,3,1,71,1,11,7,1,0.7143,0,0.32,22,11.8571,0.5,0.1429,0,0
3994062,1976,6178,1975,"DK","",,1,3,29,5,52,4,0,0.75,,0.4444,,9,,,,
3994075,1976,6178,1975,"DK","",,5,17,434,6,69,4,13,1,0,0,14.9231,7.5,,,,
3994109,1976,6178,1975,"DK","",495910,3,2,52,6,69,4,10,1,0.6,0.625,14,8.5,0,0,0.1111,0.1
3994242,1976,6178,1975,"DK","",39915,3,4,108,6,69,1,1,1,0,0,8,3,0,0,0,0
3994261,1976,6178,1975,"DK","",,1,5,119,6,61,3,5,0.6667,0,0,19.6,6.6667,,,,
3994556,1976,6178,1975,"DK","",134690,3,4,439,4,41,2,3,1,0,0,11,2,0,0,0.5,0.3333
3994688,1976,6178,1975,"DK","",739677,3,7,436,1,19,2,0,1,,0.5,,5,0,0,,
3994883,1976,6178,1973,"DK","",410070,3,4,540,1,14,0,4,,0.375,,9.5,,,,0.5,0.5
3995495,1976,6185,1975,"DK","",405325,3,11,73,4,43,5,0,0.6,,0,,22,0,0,,
3995533,1976,6185,1975,"DK","",134690,3,1,91,5,53,8,0,0.5,,0.375,,14.25,0,0,,
3996211,1976,6185,1974,"DK","",308755,3,9,544,1,14,4,11,0.5,0.1653,0,18.2727,17,0,0,0.1,0.0909
3996596,1976,6185,1975,"DK","",413975,3,2,396,5,54,4,5,1,0.32,0.375,11.6,4.5,0,0,0,0
3996996,1976,6192,1975,"DK","",135040,3,7,164,5,52,1,4,0,0.375,,12.75,35,0,0,0.25,0.25
3997087,1976,6192,1975,"DK","",476580,3,11,222,1,19,3,1,0,0,,18,62.6667,0,0,0,0
3997103,1976,6192,1975,"DK","",179825,3,16,494,1,19,5,0,0.4,,0,,30.2,0,0,,
3997106,1976,6192,1974,"DK","",202035,2,9,494,1,19,4,9,0.25,0.3457,0,14.8889,21.75,0,0,0,0
3997261,1976,6192,1975,"DK","",640145,3,5,399,5,54,5,0,1,,0.48,,2.8,0,0,,
3998319,1976,6199,1975,"DK","",139420,3,1,198,5,59,12,6,0.9167,0.2778,0,10.8333,7.3333,0,0,0,0
3999571,1976,6206,1975,"DK","",452545,3,2,137,6,69,5,3,0.6,0,0.6667,11.6667,14.2,0,0,0,0
3999594,1976,6206,1975,"DK","",135040,3,5,164,5,52,4,4,1,0,0,9.25,2.75,0,0,1,0.5
3999707,1976,6206,1975,"DK","",134690,3,1,236,6,69,5,0,0.6,,0.4444,,15.4,0,0,,
4001560,1977,6213,1974,"DK","",238040,3,6,705,2,22,4,7,1,0.2449,0.5,8.4286,3.75,0,0,0.3333,0.2857
4001950,1977,6220,1973,"DK","",569345,3,38,434,6,69,7,17,0.5714,0,0.625,15.1765,20.2857,0,0,0,0
4002254,1977,6220,1975,"DK","",100140,3,20,414,5,51,4,16,1,0.5703,0.75,11.3125,4.25,0,0,0.0714,0.0625
4002420,1977,6220,1975,"DK","",202035,2,49,432,6,66,9,13,1,0.4615,0.1975,5,5.5556,0,0,0.3846,0.3846
4002524,1977,6220,1974,"DK","",40755,3,17,159,1,19,13,4,0.2308,0.75,0.6667,13.25,31.8462,0,0,0,0
4002615,1977,6220,1974,"DK","",39660,3,9,546,1,14,5,0,1,,0.56,,2.6,0.2,0.2,,
4003896,1977,6227,1974,"DK","",410070,3,7,540,1,14,2,2,1,0.5,0,21.5,2,0,0,0,0
4003993,1977,6227,1970,"DK","",64715,3,14,424,3,31,1,0,0,,,,18,0,0,,
4004004,1977,6227,1975,"DK","",709942,3,10,514,3,31,1,4,1,0.375,0,2.5,2,0,0,1,1
4004866,1977,6234,1975,"DK","",134690,3,3,418,5,53,3,0,1,,0,,3.6667,1,1,,
4004876,1977,6234,1975,"DK","",202035,2,28,432,6,66,7,11,0.5714,0.314,0,5.9091,18.2857,0,0,0.1818,0.1818
4005719,1977,6241,1971,"DK","",39465,3,5,131,6,61,2,1,0,0,,10,79.5,0,0,0,0
4005971,1977,6241,1975,"DK","",399765,3,6,425,5,51,3,4,0.3333,0.375,0,14.75,33.6667,0,0,0,0
4006662,1977,6248,1975,"DK","",134690,3,1,91,5,53,4,1,1,0,0.375,3,5,0,0,0,0
4006663,1977,6248,1975,"DK","",134690,3,1,91,5,53,9,12,0.7778,0.6667,0.5714,11.9167,11,0.25,0.1111,0.0833,0.0833
4007196,1977,6248,1975,"DK","",39990,3,4,546,1,14,2,23,0.5,0.4234,0,16.5217,14,0,0,0.2273,0.2174
4007507,1977,6255,1975,"DK","",,1,6,14,6,69,11,3,0.1818,0.6667,0.5,9.3333,25.2727,,,,
4008334,1977,6255,1975,"DK","",270,3,13,426,6,61,6,8,0.8333,0.6563,0,14.625,5.3333,0,0,0,0
4008748,1977,6262,1975,"DK","",135040,3,8,164,5,52,4,5,0,0.56,,16.4,58.75,0,0,0.2,0.2
4008882,1977,6262,1975,"DK","",483880,3,4,366,1,19,4,3,0.5,0,0.5,18.3333,22,0,0,0,0
4008929,1977,6262,1975,"DK","",,1,19,74,5,59,3,5,0.6667,0,0,4.2,10.3333,,,,
4009891,1977,6269,1974,"DK","",,1,7,280,5,55,5,13,0.2,0.3787,0,13.3846,28.6,,,,
4010459,1977,6269,1975,"DK","",,5,6,340,2,21,4,5,1,0.56,0.625,5.2,4,,,,
4011629,1977,6283,1974,"DK","",517970,3,6,452,6,61,6,0,0.1667,,0,,40.5,0,0,,
4011666,1977,6283,1975,"DK","",40515,3,6,36,6,63,4,2,0.25,0,0,4,24.5,0,0,0,0
4013456,1977,6290,1975,"DK","",431210,3,10,75,5,52,1,6,0,0.6111,,10,39,0,0,0.1667,0.1667
4013924,1977,6290,1970,"DK","",39960,3,8,361,4,45,6,15,0.3333,0.8,0.5,16.9333,32.6667,0,0,0,0
4014618,1977,6297,1975,"DK","",,1,4,403,6,67,8,13,0.125,0.7219,0,10.7692,58.125,,,,
4014635,1977,6297,1975,"DK","",,1,8,425,5,51,5,17,0.8,0.7059,0.625,6.7059,9,,,,
4015766,1977,6304,1975,"DK","",15800,3,4,206,6,68,8,0,0.875,,0,,9.625,0,0,,
4015929,1977,6304,1975,"DK","",331910,3,10,432,6,66,8,3,0.375,0.4444,0.4444,14.6667,33.875,0,0,0,0
4016111,1977,6304,1975,"DK","",319160,3,9,521,1,15,3,13,0.6667,0.5917,0,5.4615,7.3333,0,0,0.1667,0.1538
4016803,1977,6311,1975,"DK","",134690,3,7,91,5,53,5,1,0.8,0,0.625,11,9,0,0,0,0
4016834,1977,6311,1975,"DK","",10740,3,19,122,6,66,5,1,0,0,,18,46,0,0,0,0
4017345,1977,6311,1975,"DK","",42415,3,17,156,1,19,5,1,0.8,0,0,2,23.2,0,0,1,1
4017374,1977,6311,1974,"DK","",721306,3,1,204,1,19,10,6,1,0.5,0.18,9.1667,6.8,0,0,0,0
4018149,1977,6318,1974,"DK","",,1,16,100,5,59,3,1,0.6667,0,0,12,17.3333,,,,
4018660,1977,6318,1974,"DK","",639540,3,13,204,1,19,12,3,0.9167,0.6667,0.4628,12.3333,7.4167,0,0,0,0
4018794,1977,6318,1975,"DK","",709942,3,5,549,1,14,0,0,,,,,,,,,
4019546,1977,6325,1975,"DK","",202035,2,40,141,5,51,1,2,0,0.5,,15.5,19,0,0,0,0
4019554,1977,6325,1975,"DK","",,1,9,160,6,69,3,46,0,0.6181,,14.913,36,,,,
4020435,1977,6325,1975,"DK","",134690,3,1,335,4,41,3,0,1,,0.4444,,5,0,0,,
4020607,1977,6332,1975,"DK","",,1,5,52,6,69,8,8,0.625,0.4063,0.56,6.875,12.625,,,,
4020757,1977,6332,1975,"DK","",253715,3,13,101,6,69,14,4,0.6429,0.375,0.3457,8,18,0,0,0,0
4020773,1977,6332,1975,"DK","",15920,3,8,110,6,66,4,4,0.25,0.375,0,14.5,34.25,0,0,0,0
4021115,1977,6332,1975,"DK","",413975,3,5,355,5,54,1,10,1,0.58,0,5.9,3,0,0,0,0
4021195,1977,6332,1976,"DK","",202035,2,23,432,6,66,6,0,0.6667,,0.375,,12.8333,0.75,0.5,,
4022568,1977,6339,1975,"DK","",202035,2,20,432,6,66,8,7,1,0.4898,0.2188,5,3.625,0.5714,0.5,0.3333,0.2857
4022575,1977,6339,1975,"DK","",68445,2,9,436,1,19,7,38,1,0.7064,0.6939,12.1316,7.4286,0,0,0,0
4022669,1977,6339,1975,"DK","",,5,6,202,1,19,5,2,0.2,0.5,0,17.5,34.2,,,,
4022896,1977,6339,1976,"DK","",308755,3,15,514,3,31,6,0,0.8333,,0,,10.6667,1,0.1667,,
4023607,1977,6346,1975,"DK","",46985,3,1,383,6,68,5,10,1,0.82,0.72,12.3,6.4,0,0,0,0
4024375,1977,6346,1975,"DK","",244810,3,2,219,4,49,7,13,0.2857,0.2604,0.5,6.1538,44.8571,0,0,0,0
4024601,1977,6353,1976,"DK","",311615,3,3,16,5,59,2,2,0,0,,0.5,20.5,0,0,0,0
4024659,1977,6353,1975,"DK","",285650,3,2,40,6,69,7,4,0.2857,0.375,0.5,10.75,32.2857,0,0,0,0
4025295,1977,6353,1975,"DK","",202035,2,34,432,6,66,4,11,1,0.6281,0,8.8182,2,0.25,0.25,0.4545,0.4545
4025389,1977,6353,1976,"DK","",410070,3,9,435,3,33,8,9,1,0,0,4.3333,2.875,0.25,0.25,0,0
4025620,1977,6353,1975,"DK","",709942,3,5,424,3,31,1,3,1,0,0,18,3,0,0,0,0
4026332,1977,6360,1976,"DK","",135070,3,5,140,5,52,2,1,0.5,0,0,19,39.5,0,0,0,0
4026569,1977,6360,1975,"DK","",,1,2,280,5,55,5,10,0.2,0.66,0,10.4,18.2,,,,
4028244,1977,6367,1975,"DK","",184055,3,9,210,1,19,5,6,0.8,0,0.5,17.6667,15,0,0,0,0
4028503,1977,6367,1975,"DK","",,1,8,381,4,49,2,0,0.5,,0,,47,,,,
4028844,1977,6374,1976,"DK","",279465,3,2,446,6,62,5,7,0.4,0,0.5,18.2857,25,0,0,0.1429,0.1429
4028894,1977,6374,1975,"DK","",,1,7,405,6,64,6,2,0.8333,0,0,8.5,10.5,,,,
4029093,1977,6374,1975,"DK","",,5,9,128,3,32,3,3,0.3333,0,0,14,40.6667,,,,
4029464,1977,6374,1975,"DK","",331910,3,16,432,6,66,7,1,0.2857,0,0.5,22,32.1429,0,0,0,0
4030163,1977,6381,1975,"DK","",36110,3,12,452,6,61,6,0,0.5,,0,,34.1667,0,0,,
4030305,1977,6381,1976,"DK","",43435,2,5,405,6,64,3,3,1,0.4444,0.4444,3.6667,4.6667,0,0,0,0
4030306,1977,6381,1975,"DK","",,1,5,405,6,64,3,1,1,0,0,9,4.3333,,,,
4030343,1977,6381,1975,"DK","",14405,3,4,73,4,43,1,8,1,0.6563,0,8.5,4,0,0,0,0
4030344,1977,6381,1976,"DK","",14405,3,4,73,4,43,5,6,1,0.4444,0.32,6.5,6.6,0,0,0.1667,0.1667
4030528,1977,6381,1975,"DK","",202035,2,25,141,5,51,2,17,0.5,0.8166,0,14.0588,15.5,0,0,0,0
4031321,1977,6381,1976,"DK","",52565,3,13,381,4,49,1,7,1,0,0,8.7143,3,0,0,0,0
4031671,1977,6388,1976,"DK","",,1,6,451,5,51,5,2,0,0.5,,11.5,49.2,,,,
4032070,1977,6388,1975,"DK","",134690,3,1,236,6,69,5,4,0.6,0.375,0.4444,7.75,16.4,0,0,0,0
4032128,1977,6388,1975,"DK","",134690,3,8,267,5,59,3,1,0.6667,0,0,21,12.3333,0,0,0,0
4032371,1977,6388,1976,"DK","",134690,3,10,438,4,46,5,4,0.6,0.625,0.6667,2.25,14.8,0,0,0,0
4032421,1977,6388,1975,"DK","",235230,3,4,96,1,13,5,1,0.4,0,0.5,2,18.4,0,0,0,0
4032739,1977,6388,1975,"DK","",134690,3,3,200,4,41,8,8,0.625,0.375,0,9.75,11.125,0,0,0,0
4032834,1977,6388,1975,"DK","",134690,3,2,363,4,45,2,3,1,0,0.5,11.6667,5,0,0,0,0
4033376,1977,6395,1976,"DK","",202035,2,20,137,6,69,9,2,0.8889,0.5,0.4063,11,6.6667,0,0,0,0
4033709,1977,6395,1975,"DK","",306260,3,15,156,1,19,9,15,0.3333,0.7644,0.4444,13.5333,21.7778,0,0,0,0
4034327,1977,6395,1975,"DK","",134690,3,4,337,4,41,3,0,0.6667,,0,,14.3333,0,0,,
4035128,1977,6402,1974,"DK","",208010,3,23,425,5,51,4,2,0.5,0.5,0,19,37,0,0,0,0
4035503,1977,6402,1976,"DK","",308755,3,32,514,3,31,6,0,0.8333,,0,,10.6667,1,0.1667,,
4035701,1977,6402,1975,"DK","",233890,3,1,318,4,45,5,5,0,0.56,,12.2,34.6,0,0,0,0
4035953,1977,6409,1976,"DK","",,1,6,49,5,59,5,1,1,0,0,13,3.8,,,,
4035979,1977,6409,1975,"DK","",,1,16,52,6,69,9,4,0.5556,0.75,0.72,14,13.3333,,,,
4036022,1977,6409,1974,"DK","",,1,28,405,6,64,8,3,0.5,0,0,9.6667,23.875,,,,
4036311,1977,6409,1975,"DK","",,1,19,173,5,51,7,0,0.4286,,0.6667,,12.2857,,,,
4036523,1977,6409,1975,"DK","",,1,16,297,6,65,7,2,0.4286,0,0,9,22,,,,
4037642,1977,6416,1975,"DK","",135040,3,4,164,5,52,3,0,1,,0.4444,,6,1,0.3333,,
4038395,1977,6416,1976,"DK","",308755,3,20,514,3,31,0,8,,0,,18.5,,,,0,0
4039126,1977,6423,1976,"DK","",134690,3,4,236,6,69,4,1,0.25,0,0,4,36,0,0,1,1
4039364,1977,6423,1975,"DK","",,1,24,156,1,19,6,21,1,0.6939,0.6111,10.7619,5.5,,,,
4039771,1977,6423,1976,"DK","",134690,3,1,392,4,41,4,7,0.75,0.6531,0.4444,7.1429,11.5,0,0,0,0
4039772,1977,6423,1976,"DK","",134690,3,2,392,4,41,1,5,1,0.72,0,5,9,0,0,0,0
4039773,1977,6423,1975,"DK","",134690,3,5,392,4,41,1,4,1,0.625,0,5.75,1,1,1,0.5,0.5
4039791,1977,6423,1975,"DK","",134690,3,2,200,4,41,1,1,0,0,,21,39,0,0,0,0
4040472,1977,6430,1976,"DK","",135040,3,1,164,5,52,2,3,1,0,0,3.3333,2,0,0,0,0
4040565,1977,6430,1976,"DK","",,1,5,236,6,69,4,11,0.5,0.7769,0,7.4545,10.75,,,,
4040652,1977,6430,1974,"DK","",132530,3,2,292,6,69,4,4,0.25,0.625,0,12.75,33.25,0,0,0,0
4040682,1977,6430,1976,"DK","",,1,2,74,5,59,3,6,1,0.7778,0,14.5,5,,,,
