5570012,1996,13451,1994,"PH","",480860,3,1,324,4,43,6,0,1,,0.5,,13.1667,0,0,,
5573656,1996,13465,1994,"PH","",,1,39,208,1,19,6,1,1,0,0.2778,3,12.1667,,,,
5576924,1996,13472,1995,"PH","",,1,5,361,4,45,46,1,0.8696,0,0.7588,2,19.8261,,,,
5595510,1997,13535,1995,"PH","",,1,4,439,4,41,17,2,0.7059,0,0.1528,1.5,30.2941,,,,
5652497,1997,13724,1994,"PH","",,1,39,320,4,45,4,1,1,0,0,3,12.25,,,,
5656172,1997,13738,1995,"PH","",595450,2,63,210,1,19,9,0,1,,0.5185,,7.7778,1,1,,
5663871,1997,13759,1995,"PH","",576095,2,3,361,4,45,1,0,0,,,,37,0,0,,
5721784,1998,13934,1996,"PH","",,1,9,381,4,49,12,0,0.8333,,0.18,,16.4167,,,,
5728663,1998,13955,1996,"PH","",296145,2,5,510,1,19,6,0,0.8333,,0,,18.1667,0,0,,
5734627,1998,13969,1996,"PH","",576095,2,7,368,6,69,14,0,0.7857,,0.6446,,25.6429,0.5556,0.3571,,
5775382,1998,14067,1995,"PH","",,1,8,139,6,63,8,0,1,,0.75,,8.25,,,,
5794637,1998,14109,1997,"PH","",,1,4,135,6,69,8,0,0.375,,0,,53.625,,,,
5795103,1998,14109,1996,"PH","",,1,7,405,6,64,3,0,0.6667,,0.5,,42,,,,
5800401,1998,14123,1996,"PH","",744871,3,8,604,3,32,21,0,0.9524,,0.345,,11.3333,0,0,,
5848225,1998,14221,1996,"PH","",635240,2,6,358,2,21,10,0,1,,0.34,,4.7,0.6,0.6,,
5908224,1999,14396,1997,"PH","",,1,,299,6,64,3,0,1,,0.4444,,14,,,,
5944249,1999,14487,1997,"PH","",570160,2,,228,5,52,5,0,1,,0,,4.6,0.2,0.2,,
5949138,1999,14494,1997,"PH","",570160,2,,257,4,46,4,0,1,,0,,3.25,0,0,,
5960163,1999,14515,1998,"PH","",635240,2,,358,2,21,2,0,1,,0.5,,8,0.5,0.5,,
5962382,1999,14522,1997,"PH","",296145,2,,510,1,19,8,0,0.75,,0,,22.25,0,0,,
5963030,1999,14522,1998,"PH","",595450,2,,324,4,43,14,0,1,,0.7551,,8.7143,0,0,,
5965031,1999,14529,1997,"PH","",595450,2,,210,1,19,13,0,0.9231,,0.5972,,13.1538,1,0.9231,,
5975385,1999,14550,1998,"PH","",,1,,223,6,63,7,0,0.7143,,0,,16.2857,,,,
5989543,1999,14571,1996,"PH","",761531,3,,424,3,31,9,0,1,,0.6667,,9.7778,0,0,,
6006981,1999,14606,1997,"PH","",570160,2,,228,5,52,9,0,1,,0.7654,,11.4444,0,0,,
6008528,1999,14606,1998,"PH","",570160,2,,257,4,46,4,0,1,,0,,2,0,0,,
