4823491,1989,10707,1987,"PH","",,1,4,42,5,59,11,2,0.2727,0.5,0.4444,6,27.8182,,,,
4834790,1989,10742,1986,"PH","",140420,2,9,504,1,11,3,0,0.6667,,0,,25.3333,0,0,,
4847729,1989,10784,1988,"PH","",292950,2,18,361,4,45,29,7,0.931,0.6939,0.7572,5.5714,13.5517,0,0,0,0
4854279,1989,10812,1988,"PH","",,1,1,123,5,53,4,3,0,0,,5,44,,,,
4857344,1989,10819,1986,"PH","",140420,2,5,426,6,61,27,1,0.4815,0,0.2722,5,24.3704,0.1111,0.037,0,0
4861507,1989,10833,1988,"PH","",110775,2,10,510,1,19,2,8,1,0.2188,0,5.25,7.5,0,0,0,0
4878148,1989,10896,1987,"PH","",292955,2,13,361,4,45,26,2,1,0.5,0.7426,6,11.9231,0,0,0,0
4916995,1990,11064,1989,"PH","",,1,14,84,6,69,4,4,0.5,0.375,0,3.5,52.75,,,,
4919014,1990,11071,1989,"PH","",,1,4,81,5,59,2,6,1,0.5,0,4.1667,6.5,,,,
4934701,1990,11127,1989,"PH","",,1,21,273,6,62,7,1,0.5714,0,0,4,29,,,,
4965998,1990,11260,1989,"PH","",,1,1,60,4,45,8,1,0.75,0,0.7222,5,20.625,,,,
5004425,1991,11414,1989,"PH","",292955,2,5,439,4,41,36,9,0.8889,0.6667,0.8301,5.6667,16.5278,0,0,0,0
5032175,1991,11519,1990,"PH","",438670,3,14,75,5,52,2,8,1,0.4688,0.5,4.375,9.5,0,0,0,0
5050342,1991,11589,1990,"PH","",,1,7,47,6,61,4,1,0.75,0,0,2,19.25,,,,
5062030,1991,11624,1990,"PH","",,1,12,362,4,42,7,8,0.8571,0,0,4.25,9.2857,,,,
5075996,1991,11687,1990,"PH","",,1,3,42,5,59,5,2,0.8,0.5,0,4.5,13.8,,,,
5082544,1992,11708,1990,"PH","",113171,3,6,204,1,19,8,6,0.875,0.2778,0,5.3333,22,0,0,0,0
5083539,1992,11715,1990,"PH","",,1,4,123,5,53,7,0,0.7143,,0,,28,,,,
5095651,1992,11764,1991,"PH","",,1,9,47,6,61,4,1,0.75,0,0,4,20.25,,,,
5113356,1992,11820,1990,"PH","",635240,2,8,358,2,21,2,4,1,0.625,0.5,4.25,5,0,0,0.25,0.25
5131915,1992,11890,1988,"PH","",684365,2,11,8,1,11,6,1,0.8333,0,0,7,27.6667,0,0,0,0
5144767,1992,11939,1991,"PH","",685622,7,4,47,6,61,3,12,1,0.5694,0,4.0833,6,0,0,0,0
5169041,1992,12030,1991,"PH","",687967,2,5,223,6,63,5,0,0.4,,0,,32,0,0,,
