3611704,1971,4302,1969,"PH","",,1,,368,6,69,,3,,0,,16.3333,,,,,
3613620,1971,4309,1969,"PH","",,1,,114,5,55,,1,,0,,12,,,,,
3625724,1971,4358,1968,"PH","",22155,3,,106,1,12,,14,,0.7755,,16.1429,,,,0,0
3645239,1972,4442,1969,"PH","",,1,,123,5,53,,7,,0.5714,,8.2857,,,,,
3649971,1972,4463,1970,"PH","",,1,,4,6,65,,2,,0,,4.5,,,,,
3650661,1972,4463,1969,"PH","",,1,,431,6,66,,4,,0,,9.5,,,,,
3670366,1972,4554,1969,"PH","",,1,,19,1,11,,0,,,,,,,,,
3674986,1972,4568,1971,"PH","",,1,,235,5,59,,0,,,,,,,,,
3684921,1972,4610,1970,"PH","",,1,,315,4,42,,2,,0,,14,,,,,
3689233,1972,4631,1970,"PH","",280495,3,,44,1,19,,1,,0,,5,,,,0,0
3699314,1972,4673,1970,"PH","",,1,,235,5,59,,0,,,,,,,,,
3703179,1972,4708,1970,"PH","",,1,,131,6,61,,5,,0,,11.4,,,,,
3706202,1972,4736,1970,"PH","",,1,,60,4,45,,1,,0,,26,,,,,
3707448,1972,4743,1970,"PH","",280495,3,,205,1,19,,3,,0,,5.3333,,,,0,0
3708830,1973,4757,1971,"PH","",,1,,19,1,11,,0,,,,,,,,,
3724006,1973,4841,1971,"PH","",,1,,5,6,65,,2,,0,,11,,,,,
3737515,1973,4904,1970,"PH","",280495,3,,423,1,19,,5,,0.56,,10.8,,,,0,0
3744280,1973,4939,1972,"PH","",597270,6,,70,6,65,,11,,0.2975,,15.3636,,,,0,0
3744408,1973,4939,1971,"PH","",218775,2,,99,6,61,,2,,0,,25.5,,,,0,0
3749091,1973,4960,1971,"PH","",,1,,604,3,32,,3,,0.6667,,17.6667,,,,,
3763587,1973,5030,1969,"PH","",,1,,42,5,59,,6,,0.4444,,14.3333,,,,,
3763797,1973,5030,1971,"PH","",597175,6,,111,6,61,,6,,0.5,,23,,,,0,0
3768812,1973,5051,1971,"PH","",,1,,273,6,62,,3,,0,,12.6667,,,,,
3769637,1973,5058,1971,"PH","",,1,,4,6,65,,3,,0.4444,,3.6667,,,,,
3769647,1973,5058,1971,"PH","",,1,,441,6,69,,4,,0.375,,15.25,,,,,
3777011,1973,5086,1970,"PH","",280495,3,,423,1,19,,0,,,,,,,,,
3777012,1973,5086,1970,"PH","",280495,3,,423,1,19,,1,,0,,6,,,,0,0
3782598,1974,5114,1971,"PH","",,1,,222,1,19,,8,,0.4063,,18.625,,,,,
3804306,1974,5219,1972,"PH","",,1,,224,6,68,,17,,0.3599,,11.1765,,,,,
3806399,1974,5226,1971,"PH","",,1,,428,6,69,,6,,0.7222,,14.1667,,,,,
3808963,1974,5240,1972,"PH","",,1,,99,6,61,,13,,0.3905,,17.6923,,,,,
3819724,1974,5289,1970,"PH","",280495,3,,568,1,14,,2,,0.5,,15,,,,0,0
3824304,1974,5310,1972,"PH","",,1,,424,3,31,,3,,0.4444,,18,,,,,
3880981,1975,5597,1972,"PH","",,1,9,423,1,19,13,2,0.3077,0,0,11.5,20.0769,,,,
3887063,1975,5632,1972,"PH","",,1,10,198,5,59,1,3,0,0.6667,,11,47,,,,
3891106,1975,5653,1973,"PH","",,1,12,414,5,51,3,6,0.6667,0.5,0,12.8333,34,,,,
3894810,1975,5674,1973,"PH","",218775,2,9,426,6,61,8,0,0.25,,0,,22.125,0,0,,
3899939,1975,5709,1972,"PH","",,1,5,475,5,53,4,7,0.5,0,0,16.8571,21.5,,,,
3915669,1975,5779,1973,"PH","",,1,4,48,1,13,8,5,0.625,0,0.56,5.2,12.375,,,,
3917272,1975,5786,1974,"PH","",,1,2,273,6,62,1,5,1,0,0,7,2,,,,
3938332,1976,5891,1974,"PH","",,1,1,60,4,45,6,1,0.3333,0,0.5,21,27,,,,
3943736,1976,5919,1975,"PH","",,1,6,68,6,63,3,4,0,0.375,,20.75,26.3333,,,,
3947486,1976,5933,1974,"PH","",280495,3,1,502,1,19,1,1,0,0,,10,18,0,0,0,0
3951253,1976,5954,1974,"PH","",,1,4,400,5,59,9,11,0.1111,0,0,13.3636,38.3333,,,,
3965592,1976,6024,1972,"PH","",,1,9,40,6,69,2,2,0,0.5,,8,20,,,,
3975022,1976,6073,1975,"PH","",,1,2,273,6,62,10,5,0.1,0.32,0,19.2,30.1,,,,
3991666,1976,6164,1975,"PH","",,1,9,99,6,61,7,1,0.7143,0,0.32,5,8.5714,,,,
3992753,1976,6171,1975,"PH","",,1,14,19,1,11,3,0,0,,,,50.3333,,,,
3997320,1976,6192,1975,"PH","",459010,2,4,71,1,11,5,1,0.2,0,0,1,33,0,0,0,0
4001002,1977,6213,1974,"PH","",,1,12,504,1,11,4,2,0,0.5,,7,37.5,,,,
4003535,1977,6227,1975,"PH","",,1,7,248,6,69,5,1,0.8,0,0.75,6,23.2,,,,
4019728,1977,6325,1974,"PH","",,1,8,270,5,52,4,2,0.25,0.5,0,7,20.5,,,,
4033876,1977,6395,1976,"PH","",,5,3,210,1,19,8,14,0.875,0,0,7.3571,16.875,,,,
4035518,1977,6402,1975,"PH","",,1,30,426,6,61,5,5,0.8,0,0,14.6,16.8,,,,
4037709,1977,6416,1975,"PH","",,1,1,400,5,59,8,3,0.25,0.4444,0.5,15,32.75,,,,
4041644,1977,6437,1976,"PH","",,1,3,49,5,59,2,1,0,0,,10,50.5,,,,
