4499529,1985,9174,1983,"PH","",,1,7,362,4,42,3,19,1,0.0997,0,8.3158,11.3333,,,,
4502464,1985,9195,1984,"PH","",,1,5,126,6,66,6,1,0.3333,0,0,2,45.6667,,,,
4506469,1985,9216,1983,"PH","",,1,7,43,6,61,8,1,0.25,0,0,12,41.5,,,,
4543204,1985,9398,1983,"PH","",110775,2,13,510,1,19,7,21,0.5714,0.0907,0,7,17.7143,0.75,0.4286,0.6842,0.619
4544550,1985,9405,1982,"PH","",,1,3,424,3,31,0,8,,0.375,,10.25,,,,,
4620331,1986,9804,1985,"PH","",,1,4,4,6,65,11,10,0.9091,0,0,6.1,11.5455,,,,
4639467,1987,9888,1985,"PH","",,1,8,514,3,31,4,4,1,0.375,0,3.75,11.5,,,,
4665641,1987,10000,1985,"PH","",,4,10,42,5,59,6,4,0.3333,0.375,0.5,7.5,26,,,,
4701003,1987,10154,1986,"PH","",116265,3,1,439,4,41,1,6,1,0.6111,0,7.5,5,0,0,0,0
4701065,1987,10154,1985,"PH","",,1,6,403,6,67,6,8,1,0.6563,0.2778,6.25,11.3333,,,,
4710361,1987,10196,1986,"PH","",,1,4,423,1,19,3,3,0.3333,0,0,8.6667,33.3333,,,,
4738235,1988,10336,1985,"PH","",463385,2,26,123,5,53,27,1,0.7037,0,0.5263,5,27.4815,0,0,0,0
4762029,1988,10448,1987,"PH","",,5,4,81,5,59,1,10,1,0.34,0,4.2,9,,,,
4767560,1988,10469,1986,"PH","",110775,2,3,510,1,19,3,3,1,0,0.4444,5.3333,9,0,0,1,0.6667
4771571,1988,10490,1986,"PH","",390920,2,8,47,6,61,12,1,0.4167,0,0.56,9,28.75,0,0,0,0
