4052978,1977,6493,1976,"PH","",,1,4,600,3,32,8,11,0.75,0.7107,0,10.2727,8.125,,,,
4067717,1978,6584,1976,"PH","",,5,5,71,1,11,7,0,0.4286,,0.4444,,25.4286,,,,
4069350,1978,6591,1976,"PH","",,1,11,426,6,61,1,2,1,0,0,15,6,,,,
4075373,1978,6626,1976,"PH","",,1,4,427,1,12,5,1,0.6,0,0.4444,8,12,,,,
4078382,1978,6647,1975,"PH","",,1,1,60,4,45,7,9,0.2857,0.6914,0,14.2222,36.4286,,,,
4092797,1978,6731,1976,"PH","",,1,3,43,6,61,4,8,0.25,0.375,0,10.125,26,,,,
4112681,1978,6829,1976,"PH","",,1,2,60,4,45,3,1,0.3333,0,0,16,22.6667,,,,
4119532,1978,6857,1976,"PH","",,1,3,209,5,51,13,1,0.1538,0,0.5,20,55.0769,,,,
4131038,1978,6934,1977,"PH","",,1,8,76,5,52,5,4,1,0,0,6.5,12,,,,
4142481,1979,7004,1977,"PH","",,1,11,123,5,53,5,1,0.6,0,0.4444,1,17.8,,,,
4154048,1979,7074,1977,"PH","",,1,3,56,6,61,6,0,0.1667,,0,,37.8333,,,,
4157721,1979,7102,1976,"PH","",,1,1,131,6,61,6,0,0.8333,,0,,11.6667,,,,
4157951,1979,7102,1977,"PH","",,1,16,209,5,51,7,2,0.2857,0,0.5,14,33.7143,,,,
4170286,1979,7221,1975,"PH","",,1,10,198,5,59,3,1,0.3333,0,0,5,38.3333,,,,
4188060,1980,7347,1978,"PH","",,1,3,296,5,55,1,3,0,0,,2,25,,,,
4192509,1980,7375,1978,"PH","",,1,4,273,6,62,5,1,0,0,,18,42.6,,,,
4249084,1981,7704,1978,"PH","",,1,7,290,4,45,6,5,0.6667,0.56,0.375,8.8,28.8333,,,,
4251508,1981,7718,1978,"PH","",,1,3,424,3,31,1,5,0,0.48,,10.6,55,,,,
4254992,1981,7739,1979,"PH","",,1,1,297,6,65,5,0,0.2,,0,,38.6,,,,
4257391,1981,7753,1979,"PH","",,1,1,126,6,66,4,0,0,,,,59.25,,,,
4266568,1981,7802,1980,"PH","",,1,6,137,6,69,10,4,0.2,0.625,0.5,9.25,57.5,,,,
4305675,1981,8019,1979,"PH","",,1,1,402,5,59,2,16,0.5,0.3984,0,11.5625,22.5,,,,
4306092,1981,8019,1980,"PH","",616075,3,6,568,1,14,3,0,0.6667,,0.5,,16.3333,0,0,,
4311268,1982,8054,1980,"PH","",,1,5,229,6,68,9,2,0.1111,0.5,0,2.5,39.7778,,,,
4311563,1982,8054,1981,"PH","",616075,3,3,203,1,19,2,4,0,0.625,,9.25,24.5,0,0,0,0
4320736,1982,8117,1979,"PH","",,1,5,126,6,66,4,4,0.25,0.625,0,15,58.75,,,,
4335060,1982,8201,1980,"PH","",,1,2,261,1,19,8,0,0.5,,0.625,,17.875,,,,
4342287,1982,8250,1980,"PH","",,1,6,123,5,53,3,11,0.6667,0,0,5,10.3333,,,,
4345568,1982,8271,1980,"PH","",,1,5,123,5,53,4,0,0.5,,0,,19.25,,,,
4354803,1982,8327,1978,"PH","",,1,3,416,1,19,7,0,0.1429,,0,,75.2857,,,,
4374507,1983,8453,1980,"PH","",,5,8,123,5,53,11,0,0.7273,,0.5,,15.4545,,,,
4378664,1983,8495,1980,"PH","",441010,3,3,52,6,69,3,1,1,0,0,4,6.3333,0,0,0,0
4388759,1983,8572,1981,"PH","",,1,2,33,6,69,5,4,0.4,0,0,5,38,,,,
4392875,1983,8593,1981,"PH","",,1,2,96,1,13,5,1,0.6,0,0.4444,12,27,,,,
4419967,1983,8747,1982,"PH","",,5,3,123,5,53,10,8,0.7,0.8125,0.4898,9.625,16.1,,,,
4423863,1984,8768,1982,"PH","",,1,4,482,5,59,3,13,0.6667,0.142,0,8.3077,43,,,,
