5186127,1993,12100,1991,"PH","",,1,3,123,5,53,11,4,0.9091,0.5,0.18,5.75,12.4545,,,,
5192129,1993,12121,1991,"PH","",,1,6,362,4,42,13,4,0.9231,0.375,0,3.5,14.7692,,,,
5235904,1993,12282,1992,"PH","",,1,1,99,6,61,11,5,0.6364,0,0.4898,4.6,35.9091,,,,
5245822,1993,12317,1992,"PH","",695163,3,7,60,4,45,3,0,0.3333,,0,,56,0,0,,
5286426,1994,12464,1992,"PH","",18930,2,3,264,5,51,1,6,1,0.5,0,4,5,0,0,0,0
5411182,1995,12905,1993,"PH","",110775,2,17,222,1,19,16,0,0.375,,0.7222,,51.1875,0,0,,
5426863,1995,12961,1993,"PH","",530540,3,17,33,6,69,3,4,1,0.625,0.4444,2.5,14,0,0,0,0
5433968,1995,12982,1993,"PH","",397085,3,12,426,6,61,17,1,1,0,0,3,10.7059,0.125,0.1176,0,0
5439816,1995,13003,1994,"PH","",736330,3,1,435,3,33,1,0,1,,0,,2,0,0,,
5535486,1996,13346,1994,"PH","",,1,3,24,6,63,6,0,0.1667,,0,,66.5,,,,
