4435680,1984,8831,1982,"PL","",364120,2,1,324,4,43,12,20,0.6667,0.265,0.6563,5.65,16.1667,0,0,0.1,0.1
4438644,1984,8852,1980,"PL","",277385,3,7,72,5,52,5,2,0.6,0,0,4.5,18,1,0.4,0,0
4439363,1984,8852,1982,"PL","",446090,3,2,540,1,14,1,0,1,,0,,8,0,0,,
4446429,1984,8887,1981,"PL","",364120,2,14,324,4,43,3,28,0,0.5026,,9.0357,32.3333,0,0,0.0741,0.0714
4448577,1984,8901,1982,"PL","",226485,3,1,431,6,66,1,1,0,0,,11,53,0,0,0,0
4453147,1984,8922,1982,"PL","",364120,2,13,333,2,21,5,5,1,0.56,0,7,10.4,0,0,0,0
4461419,1984,8971,1981,"PL","",277375,3,2,228,5,52,5,1,1,0,0.72,4,13.2,0,0,0,0
4464414,1984,8985,1983,"PL","",277365,3,2,427,1,12,0,8,,0.5625,,10.375,,,,0,0
4465799,1984,8992,1982,"PL","",422740,3,4,523,1,15,2,4,0.5,0.75,0,5,15,0,0,0,0
4470933,1984,9020,1982,"PL","",55665,3,2,558,1,14,0,2,,0.5,,6,,,,0,0
4477344,1984,9055,1982,"PL","",277365,3,2,210,1,19,2,10,0,0,,8.3,43.5,0,0,0,0
4481346,1984,9076,1983,"PL","",634970,3,10,528,1,15,6,0,1,,0.5,,8.3333,0,0,,
4490310,1984,9125,1982,"PL","",67050,3,4,261,1,19,10,2,0.8,0.5,0.5625,13.5,16.6,0,0,0,0
4496930,1985,9160,1983,"PL","",446140,3,1,338,4,41,6,5,0,0.72,,5.2,35,0,0,0,0
4504446,1985,9202,1981,"PL","",420120,2,19,422,1,19,10,16,0.7,0.3203,0.2449,10.375,21,0,0,0,0
4504788,1985,9202,1982,"PL","",364120,2,5,324,4,43,8,20,0.25,0.685,0.5,8.65,27.75,0,0,0.1053,0.1
4506599,1985,9216,1983,"PL","",446415,3,2,99,6,61,2,1,1,0,0,8,18,0,0,0,0
4513658,1985,9251,1982,"PL","",422715,3,2,99,6,61,2,0,0,,,,63.5,0,0,,
4514300,1985,9251,1983,"PL","",96155,3,2,210,1,19,3,1,0.6667,0,0.5,11,23.6667,0,0,0,0
4528116,1985,9321,1984,"PL","",632075,3,5,252,1,19,2,9,1,0.1975,0.5,3.2222,8,0,0,0,0
4546751,1985,9419,1984,"PL","",446095,3,1,123,5,53,14,2,0.5714,0,0,7.5,24.7857,0,0,0,0
4551242,1985,9440,1984,"PL","",446140,3,1,209,5,51,3,3,1,0.4444,0.4444,3.6667,8.6667,0,0,0,0
4556699,1985,9468,1984,"PL","",175435,3,7,526,1,15,4,3,1,0.4444,0.375,2,2.75,0,0,0,0
4558011,1985,9475,1982,"PL","",14385,3,3,435,3,33,5,3,1,0.4444,0.48,5.6667,8.8,0,0,0,0
4568662,1986,9531,1984,"PL","",175435,3,11,502,1,19,2,0,1,,0,,5,0,0,,
4568776,1986,9531,1984,"PL","",175435,3,7,568,1,14,4,0,1,,0.375,,16.75,0,0,,
4590373,1986,9636,1984,"PL","",226485,3,8,250,4,44,3,1,0.6667,0,0.5,7,16,0,0,0,0
4593702,1986,9657,1982,"PL","",422745,3,7,600,3,32,4,4,1,0.375,0,6.5,9.25,0,0,0,0
4598706,1986,9685,1984,"PL","",446395,3,2,128,3,32,1,5,1,0,0,10,6,0,0,0,0
4602493,1986,9706,1983,"PL","",14380,3,1,72,5,52,12,2,0.3333,0,0,10.5,46.3333,0,0,0,0
4607085,1986,9727,1984,"PL","",175435,3,6,526,1,15,3,2,1,0.5,0.4444,2,9.3333,0,0,0,0
4612790,1986,9762,1984,"PL","",638795,3,3,72,5,52,3,0,0.6667,,0,,22.3333,0,0,,
4612791,1986,9762,1984,"PL","",638795,3,3,72,5,52,2,1,1,0,0,13,10.5,0,0,0,0
4618376,1986,9790,1984,"PL","",638775,3,3,588,1,19,7,6,1,0.7222,0.6122,5.3333,8.2857,0,0,0,0
4623517,1986,9818,1984,"PL","",67070,3,2,422,1,19,6,0,0.8333,,0.32,,15.6667,0,0,,
4628266,1986,9839,1985,"PL","",277345,3,1,324,4,43,10,1,0.8,0,0.4063,6,14.7,0,0,0,0
4630938,1986,9853,1984,"PL","",446385,3,7,374,4,43,3,23,1,0.4915,0,6.7391,14.3333,0,0,0.0476,0.0435
4633182,1986,9860,1984,"PL","",277340,3,2,324,4,43,0,2,,0.5,,5.5,,,,0,0
4641100,1987,9895,1982,"PL","",277340,3,1,324,4,43,9,0,0.7778,,0.449,,17,0,0,,
4646551,1987,9923,1984,"PL","",277385,3,7,72,5,52,9,1,0.7778,0,0.2449,10,18.5556,0.5,0.2222,0,0
4656719,1987,9965,1984,"PL","",638795,3,2,29,5,52,6,0,0.8333,,0.32,,18.1667,0,0,,
4661106,1987,9979,1983,"PL","",,4,16,623,3,39,4,0,1,,0.4444,,14,,,,
4662982,1987,9986,1984,"PL","",277445,3,3,117,1,19,3,1,1,0,0,6,4,0,0,0,0
4665499,1987,9993,1984,"PL","",277435,3,3,702,2,22,9,4,1,0.5,0.3704,5.75,7.4444,0,0,0,0
4665784,1987,10000,1986,"PL","",96140,3,2,82,5,51,8,1,0.625,0,0.32,3,32.25,0,0,0,0
4676924,1987,10042,1985,"PL","",632080,3,12,252,1,19,2,7,1,0.449,0.5,2.2857,5,0,0,0,0
4684742,1987,10077,1985,"PL","",446385,3,9,558,1,14,0,0,,,,,,,,,
4687799,1987,10091,1986,"PL","",175410,3,6,524,1,15,5,0,1,,0.32,,16.2,0,0,,
4696337,1987,10133,1986,"PL","",277390,3,2,164,5,52,2,3,1,0,0.5,7.3333,6.5,0,0,0,0
4696622,1987,10133,1985,"PL","",277350,3,3,415,5,53,11,0,1,,0.1653,,11.3636,0,0,,
4707554,1987,10182,1985,"PL","",446405,3,9,549,1,14,2,0,1,,0.5,,6.5,0,0,,
4718793,1988,10238,1986,"PL","",236340,3,4,405,6,64,8,0,1,,0.8125,,11.25,0,0,,
4723070,1988,10259,1986,"PL","",341205,3,5,219,4,49,4,1,1,0,0.375,4,4.75,0,0,0,0
4725275,1988,10273,1984,"PL","",,4,38,623,3,39,3,1,1,0,0.4444,7,14.6667,,,,
4736378,1988,10322,1986,"PL","",600255,3,6,372,4,42,5,3,1,0,0,4.6667,10.8,0,0,0,0
4755322,1988,10413,1986,"PL","",277310,3,8,252,1,19,13,2,0.9231,0.5,0.7778,6,9.7692,0,0,0,0
4755775,1988,10413,1984,"PL","",446380,3,9,333,2,21,27,9,0.9259,0.5679,0.5728,9.2222,11.037,0,0,0,0
4783527,1988,10539,1981,"PL","",446090,3,11,536,1,14,2,5,1,0.72,0,8,11,0,0,0,0
4788970,1988,10567,1987,"PL","",261745,3,8,606,3,32,5,22,1,0.5455,0.32,7.5,3.8,0,0,0,0
4795625,1989,10595,1987,"PL","",446125,3,3,423,1,19,10,0,0.4,,0.375,,38.8,0,0,,
4795820,1989,10595,1986,"PL","",446080,3,15,556,1,14,6,5,1,0.32,0.4444,4.4,9.3333,0,0,0,0
