5190522,1993,12114,1991,"PL","",690044,3,8,604,3,32,11,8,1,0.2188,0.314,3.875,4.2727,0,0,0,0
5198591,1993,12142,1991,"PL","",277325,3,20,568,1,14,10,9,0.9,0.3704,0,4,12.9,0.375,0.3,0,0
5215436,1993,12205,1991,"PL","",39860,3,4,415,5,53,5,1,1,0,0,6,14.8,0,0,0,0
5228324,1993,12254,1991,"PL","",446425,3,31,72,5,52,3,3,0.6667,0.4444,0,5,28,0,0,0,0
5228929,1993,12254,1991,"PL","",,1,11,148,5,52,5,0,1,,0,,7.4,,,,
5231100,1993,12261,1991,"PL","",687212,3,14,514,3,31,1,1,1,0,0,3,1,0,0,0,0
5246999,1993,12317,1991,"PL","",277320,3,3,524,1,15,5,3,1,0.4444,0.32,5.3333,16.2,0,0,0,0
5262539,1993,12373,1991,"PL","",55665,3,4,546,1,14,4,3,0.75,0.6667,0.6667,4.3333,16,0,0,0,0
5290554,1994,12478,1992,"PL","",699311,3,11,424,3,31,4,2,1,0.5,0,2,13.5,0,0,1,1
5292875,1994,12485,1993,"PL","",699534,2,5,536,1,14,1,5,1,0,0,4.2,3,0,0,0,0
5301540,1994,12520,1993,"PL","",,1,6,73,4,43,6,2,1,0,0.2778,2.5,7,,,,
5301602,1994,12520,1993,"PL","",,4,5,99,6,61,11,7,0.6364,0,0.2449,3.5714,26.4545,,,,
5314106,1994,12562,1993,"PL","",39850,3,2,228,5,52,7,2,1,0.5,0.449,2.5,15.8571,0,0,0,0
5356420,1994,12709,1993,"PL","",705644,3,13,606,3,32,11,4,1,0,0.314,2.75,7.5455,0,0,0,0
5359052,1994,12716,1992,"PL","",705871,3,14,536,1,14,1,6,1,0,0,4.6667,2,0,0,0,0
5360117,1994,12723,1993,"PL","",699311,3,8,209,5,51,14,1,1,0,0.7449,1,6.3571,0,0,1,1
5397444,1995,12856,1993,"PL","",709515,3,21,204,1,19,1,4,1,0.5,0,2,13,0,0,0,0
5412300,1995,12905,1993,"PL","",233910,3,5,318,4,45,11,1,1,0,0.7273,3,5,0,0,0,0
5426866,1995,12961,1993,"PL","",712294,3,48,34,1,19,4,2,1,0.5,0.625,3,21.75,0,0,0,0
5431856,1995,12975,1993,"PL","",277460,3,24,252,1,19,8,1,0.875,0,0.6122,3,13.125,0,0,0,0
5449385,1995,13038,1994,"PL","",691002,3,21,623,3,39,12,2,1,0.5,0.2917,2,13.4167,0,0,0.5,0.5
5451599,1995,13045,1992,"PL","",714636,3,13,514,3,31,6,1,1,0,0.6111,4,4.6667,0,0,0,0
5468270,1995,13108,1993,"PL","",,1,28,96,1,13,7,0,0.8571,,0.4444,,25.4286,,,,
5470809,1995,13115,1994,"PL","",277325,3,1,502,1,19,1,0,1,,0,,6,0,0,,
5480195,1996,13150,1994,"PL","",96155,3,12,285,6,67,3,0,0.3333,,0,,38.3333,0,0,,
5488789,1996,13185,1994,"PL","",691002,3,9,38,6,63,10,3,0.8,0.4444,0.375,2.3333,36.3,0,0,0,0
5495923,1996,13213,1994,"PL","",725319,3,5,188,5,53,9,2,1,0.5,0.6914,3,22.7778,0,0,0,0
5502016,1996,13234,1994,"PL","",277325,3,1,502,1,19,1,1,1,0,0,1,7,0,0,0,0
5502379,1996,13234,1994,"PL","",719181,3,9,324,4,43,4,0,0.75,,0,,21.75,0,0,,
5512668,1996,13269,1992,"PL","",705871,3,31,536,1,14,2,6,1,0,0.5,5,5.5,0,0,0,0
5515298,1996,13276,1994,"PL","",720376,3,20,702,2,22,6,0,1,,0.6111,,5.3333,0,0,,
5543300,1996,13367,1994,"PL","",699311,3,25,435,3,33,2,0,1,,0,,3,1,0.5,,
5549001,1996,13388,1994,"PL","",723366,3,3,73,4,43,4,1,1,0,0.375,3,12.25,0,0,0,0
5554445,1996,13402,1995,"PL","",723832,3,20,428,6,69,3,1,1,0,0.4444,2,5.6667,0,0,0,0
