5567811,1996,13444,1992,"PL","",27280,3,6,536,1,14,0,0,,,,,,,,,
5571257,1996,13458,1994,"PL","",725319,3,4,213,5,55,5,1,0.6,0,0,3,38.6,0,0,0,0
5580917,1996,13486,1994,"PL","",,1,25,524,1,15,1,0,1,,0,,14,,,,
5588702,1996,13514,1995,"PL","",,1,2,297,6,65,8,1,0.375,0,0.6667,2,74.75,,,,
5589636,1996,13514,1994,"PL","",720376,3,11,73,4,43,15,0,1,,0.4178,,9.2,0,0,,
5593618,1997,13528,1995,"PL","",277460,3,3,252,1,19,8,1,0.875,0,0.6122,3,15.125,0,0,0,0
5597805,1997,13542,1993,"PL","",55570,2,2,514,3,31,12,3,1,0.4444,0.7917,3.3333,8.3333,0.2727,0.25,0.6667,0.6667
5606928,1997,13577,1995,"PL","",691002,3,11,112,6,63,12,0,0.8333,,0.46,,31.4167,0.1111,0.0833,,
5622666,1997,13626,1995,"PL","",723832,3,21,264,5,51,2,0,1,,0.5,,14,0,0,,
5637531,1997,13675,1996,"PL","",730852,3,29,117,1,19,7,3,1,0,0.6939,1,8.5714,0,0,0,0
5637703,1997,13675,1996,"PL","",730864,3,4,544,1,14,2,2,1,0.5,0.5,2,9.5,0,0,0,0
5643907,1997,13696,1995,"PL","",731401,3,24,514,3,31,1,0,1,,0,,4,0,0,,
5646267,1997,13703,1995,"PL","",705871,3,7,536,1,14,14,4,1,0,0.6939,1.25,7.3571,0,0,0,0
5671502,1997,13787,1996,"PL","",,1,17,16,5,59,19,0,1,,0.4598,,14.6316,,,,
5683616,1997,13822,1995,"PL","",,1,33,252,1,19,3,0,1,,0.4444,,14.3333,,,,
5685669,1997,13829,1996,"PL","",735002,3,7,405,6,64,3,0,1,,0,,11.3333,0,0,,
5710371,1998,13899,1996,"PL","",705644,3,10,73,4,43,11,0,1,,0.6446,,11.7273,0,0,,
5713967,1998,13913,1994,"PL","",699311,3,33,44,1,19,5,0,0.4,,0.5,,56.2,1,0.4,,
5719213,1998,13927,1997,"PL","",277320,3,14,523,1,15,0,0,,,,,,,,,
5719374,1998,13927,1996,"PL","",737977,3,3,219,4,49,3,0,1,,0,,9.6667,0,0,,
5723504,1998,13941,1994,"PL","",699311,3,49,514,3,31,1,0,1,,0,,21,0,0,,
5727375,1998,13955,1996,"PL","",738694,3,13,57,6,63,0,0,,,,,,,,,
5736608,1998,13976,1996,"PL","",,1,13,524,1,15,1,0,1,,0,,19,,,,
5737959,1998,13983,1996,"PL","",,1,7,72,5,52,4,0,1,,0,,19,,,,
5747050,1998,14004,1992,"PL","",699311,3,14,424,3,31,3,0,1,,0,,17.3333,0,0,,
5767960,1998,14046,1996,"PL","",39650,2,21,356,4,43,7,0,1,,0.2449,,8.4286,0,0,,
5784954,1998,14088,1996,"PL","",743451,3,21,99,6,61,3,0,1,,0.4444,,15.6667,0,0,,
5817648,1998,14158,1996,"PL","",157355,3,15,514,3,31,9,0,1,,0.3704,,8.5556,0.2222,0.2222,,
5828627,1998,14179,1996,"PL","",720376,3,8,367,2,21,4,0,0.75,,0.4444,,32.25,0,0,,
5836336,1998,14200,1997,"PL","",,1,16,137,6,69,8,0,0.625,,0.48,,38.25,,,,
5849196,1998,14228,1996,"PL","",749161,2,16,210,1,19,1,0,1,,0,,2,0,0,,
5856465,1999,14249,1996,"PL","",749779,3,,536,1,14,3,0,1,,0,,3.3333,0,0,,
5860187,1999,14263,1997,"PL","",,1,,15,6,69,7,0,1,,0.2449,,9.5714,,,,
5863937,1999,14270,1996,"PL","",749018,3,,514,3,31,0,0,,,,,,,,,
5864032,1999,14270,1995,"PL","",27280,3,,536,1,14,0,0,,,,,,,,,
5883237,1999,14319,1993,"PL","",705871,3,,536,1,14,14,0,1,,0.6939,,9.3571,0,0,,
5891125,1999,14340,1997,"PL","",454215,2,,604,3,32,3,0,1,,0,,3.6667,0.6667,0.6667,,
5907028,1999,14389,1997,"PL","",754252,3,,528,1,15,2,0,1,,0.5,,27,0,0,,
5911759,1999,14410,1997,"PL","",,1,,623,3,39,7,0,0.8571,,0,,14.2857,,,,
5913961,1999,14417,1998,"PL","",740777,3,,99,6,61,2,0,1,,0,,8.5,0,0,,
5918372,1999,14431,1997,"PL","",755264,3,,30,6,65,2,0,1,,0.5,,14,0,0,,
5931541,1999,14459,1997,"PL","",756445,3,,299,6,64,3,0,1,,0,,15.3333,0,0,,
5935569,1999,14466,1997,"PL","",756757,3,,424,3,31,0,0,,,,,,,,,
5936080,1999,14466,1996,"PL","",728249,2,,536,1,14,0,0,,,,,,,,,
5942495,1999,14480,1997,"PL","",749018,3,,514,3,31,5,0,1,,0.48,,17.4,0,0,,
5955450,1999,14508,1996,"PL","",55570,2,,514,3,31,2,0,1,,0.5,,4.5,0.5,0.5,,
5981925,1999,14557,1997,"PL","",,1,,219,4,49,5,0,1,,0.72,,11.4,,,,
5990357,1999,14571,1997,"PL","",761585,3,,568,1,14,4,0,1,,0.625,,16.5,0,0,,
5991023,1999,14571,1998,"PL","",761635,3,,356,4,43,7,0,1,,0.5714,,2.4286,0,0,,
6000536,1999,14592,1998,"PL","",,1,,206,6,68,7,0,0.1429,,0,,48,,,,
