3611749,1971,4302,1969,"PL","",261775,3,,464,5,53,,1,,0,,4,,,,1,1
3612740,1971,4302,1969,"PL","",261770,3,,373,6,66,,11,,0.6116,,16,,,,0,0
3621821,1971,4344,1969,"PL","",,1,,123,5,53,,6,,0,,12,,,,,
3625188,1971,4358,1969,"PL","",,1,,123,5,53,,2,,0,,8,,,,,
3625920,1971,4358,1968,"PL","",277450,3,,528,1,15,,4,,0.625,,15.25,,,,0,0
3629713,1971,4372,1970,"PL","",,1,,327,4,41,,4,,0.5,,10.25,,,,,
3633551,1972,4393,1969,"PL","",,1,,123,5,53,,1,,0,,3,,,,,
3639552,1972,4414,1968,"PL","",,1,,264,5,51,,1,,0,,11,,,,,
3641878,1972,4428,1969,"PL","",,1,,91,5,53,,1,,0,,14,,,,,
3645295,1972,4442,1970,"PL","",638720,3,,137,6,69,,0,,,,,,,,,
3651909,1972,4470,1969,"PL","",638780,3,,192,5,53,,6,,0,,15.6667,,,,0,0
3652163,1972,4470,1970,"PL","",95225,3,,356,4,43,,3,,0.4444,,15.3333,,,,0,0
3657646,1972,4491,1969,"PL","",446435,3,,324,4,43,,7,,0.6122,,16.5714,,,,0,0
3659122,1972,4498,1970,"PL","",,1,,330,4,41,,0,,,,,,,,,
3659616,1972,4505,1969,"PL","",,1,,607,3,32,,0,,,,,,,,,
3660775,1972,4505,1970,"PL","",446435,3,,331,4,41,,0,,,,,,,,,
3668441,1972,4540,1970,"PL","",,1,,330,4,41,,0,,,,,,,,,
3678272,1972,4582,1971,"PL","",446400,3,,250,4,44,,0,,,,,,,,,
3678748,1972,4589,1970,"PL","",,1,,73,4,43,,4,,0,,11,,,,,
3682448,1972,4603,1969,"PL","",457585,3,,366,1,19,,12,,0.6806,,11.5,,,,0,0
3683621,1972,4610,1971,"PL","",,1,,60,4,45,,1,,0,,2,,,,,
3683934,1972,4610,1970,"PL","",,1,,607,3,32,,9,,0,,14,,,,,
3686856,1972,4624,1970,"PL","",226480,3,,60,4,45,,0,,,,,,,,,
3688449,1972,4631,1969,"PL","",618865,3,,451,5,51,,0,,,,,,,,,
3689831,1972,4631,1970,"PL","",,1,,324,4,43,,0,,,,,,,,,
3694448,1972,4652,1969,"PL","",,1,,546,1,14,,1,,0,,10,,,,,
3697051,1972,4666,1970,"PL","",277465,3,,366,1,19,,1,,0,,26,,,,0,0
3709180,1973,4757,1970,"PL","",,1,,114,5,55,,2,,0,,20.5,,,,,
3710116,1973,4757,1969,"PL","",,1,,250,4,44,,0,,,,,,,,,
3711213,1973,4764,1968,"PL","",187755,3,,408,5,51,,0,,,,,,,,,
3714551,1973,4778,1971,"PL","",600245,3,,324,4,43,,9,,0.1975,,12,,,,0,0
3714604,1973,4778,1970,"PL","",,1,,331,4,41,,2,,0.5,,11.5,,,,,
3718026,1973,4806,1970,"PL","",277375,3,,72,5,52,,3,,0,,13.6667,,,,0,0
3720275,1973,4820,1971,"PL","",,1,,177,6,69,,1,,0,,6,,,,,
3724190,1973,4841,1971,"PL","",,1,,57,6,63,,5,,0.64,,8.8,,,,,
3728050,1973,4855,1971,"PL","",96160,3,,418,5,53,,0,,,,,,,,,
3729631,1973,4862,1970,"PL","",,1,,250,4,44,,1,,0,,11,,,,,
3734709,1973,4890,1971,"PL","",,1,,71,1,11,,0,,,,,,,,,
3740990,1973,4925,1971,"PL","",277375,3,,72,5,52,,8,,0.2188,,11.625,,,,0.1667,0.125
3749186,1973,4960,1972,"PL","",,1,,175,6,64,,1,,0,,21,,,,,
3751018,1973,4967,1971,"PL","",,1,,266,5,52,,1,,0,,15,,,,,
3752656,1973,4974,1971,"PL","",446140,3,,44,1,19,,3,,0.4444,,16,,,,0,0
3752779,1973,4974,1970,"PL","",,1,,524,1,15,,0,,,,,,,,,
3758163,1973,5002,1969,"PL","",67040,3,,406,5,59,,6,,0.2778,,18.3333,,,,0,0
3758485,1973,5002,1971,"PL","",,1,,546,1,14,,3,,0.6667,,4.6667,,,,,
3759079,1973,5009,1971,"PL","",638720,3,,72,5,52,,0,,,,,,,,,
3761854,1973,5016,1971,"PL","",341195,3,,337,4,41,,0,,,,,,,,,
3771052,1973,5058,1971,"PL","",,1,,324,4,43,,0,,,,,,,,,
3773838,1973,5072,1972,"PL","",277400,3,,568,1,14,,1,,0,,5,,,,0,0
3780058,1973,5100,1971,"PL","",,1,,548,1,14,,1,,0,,17,,,,,
3780683,1973,5107,1971,"PL","",,1,,114,5,55,,1,,0,,26,,,,,
3780710,1973,5107,1971,"PL","",,1,,123,5,53,,1,,0,,4,,,,,
3783663,1974,5121,1971,"PL","",277375,3,,72,5,52,,6,,0.2778,,15.1667,,,,0,0
3786019,1974,5128,1972,"PL","",446140,3,,523,1,15,,1,,0,,12,,,,0,0
3788780,1974,5142,1972,"PL","",634975,3,,417,5,53,,1,,0,,11,,,,0,0
3793945,1974,5170,1971,"PL","",457550,3,,100,5,59,,2,,0,,11.5,,,,0,0
3798554,1974,5191,1971,"PL","",,1,,377,4,49,,3,,0,,12.3333,,,,,
3801262,1974,5205,1971,"PL","",277430,3,,432,6,66,,2,,0.5,,10.5,,,,0,0
3803726,1974,5219,1973,"PL","",,1,,34,1,19,,0,,,,,,,,,
3805779,1974,5226,1972,"PL","",,1,,128,3,32,,2,,0.5,,9.5,,,,,
3806247,1974,5226,1973,"PL","",,1,,356,4,43,,0,,,,,,,,,
3806249,1974,5226,1972,"PL","",113470,7,,356,4,43,,5,,0.32,,17,,,,0,0
3809377,1974,5240,1972,"PL","",,1,,266,5,52,,0,,,,,,,,,
3811716,1974,5254,1972,"PL","",,1,,403,6,67,,1,,0,,12,,,,,
3813415,1974,5261,1972,"PL","",233055,3,,549,1,14,,1,,0,,15,,,,0,0
3818825,1974,5289,1972,"PL","",457550,3,,100,5,59,,1,,0,,6,,,,0,0
3822998,1974,5303,1972,"PL","",446090,3,,216,1,19,,2,,0.5,,14.5,,,,0,0
3823450,1974,5310,1973,"PL","",,1,,28,6,63,,10,,0.18,,9.7,,,,,
3824045,1974,5310,1972,"PL","",96160,3,,418,5,53,,4,,0.625,,19.5,,,,0,0
3826664,1974,5324,1972,"PL","",277360,3,,106,1,12,,4,,0,,5.25,,,,0,0
3835476,1974,5373,1972,"PL","",,1,,623,3,39,,1,,0,,14,,,,,
3838130,1974,5380,1971,"PL","",541695,3,,546,1,14,,0,,,,,,,,,
3842940,1974,5408,1972,"PL","",634960,3,,181,6,69,,4,,0.375,,13.75,,,,0,0
3847074,1974,5429,1972,"PL","",457550,3,,100,5,59,,0,,,,,,,,,
3850699,1974,5443,1972,"PL","",446125,3,,148,5,52,,3,,0.4444,,3.6667,,,,0.3333,0.3333
3851455,1974,5450,1971,"PL","",277460,3,,57,6,63,,8,,0,,7.625,,,,0.25,0.25
3852002,1974,5450,1972,"PL","",638800,3,,418,5,53,,1,,0,,12,,,,0,0
3855200,1974,5464,1973,"PL","",446435,3,,536,1,14,,3,,0.4444,,10.3333,,,,0,0
3856556,1974,5471,1973,"PL","",446140,3,,427,1,12,,3,,0.4444,,3.3333,,,,0,0
3860897,1975,5492,1971,"PL","",277440,3,2,336,4,41,3,1,0,0,,25,65,0,0,0,0
3862383,1975,5499,1973,"PL","",,5,10,200,4,41,7,4,0.8571,0.375,0.2778,12,7.1429,,,,
3864123,1975,5513,1971,"PL","",,1,5,420,5,52,4,1,0.25,0,0,10,25.75,,,,
3866450,1975,5527,1972,"PL","",446000,3,4,72,5,52,5,1,0.2,0,0,24,47.6,0,0,0,0
3867009,1975,5527,1973,"PL","",,1,4,359,5,54,2,8,0.5,0.2188,0,13.875,11,,,,
3867832,1975,5534,1972,"PL","",,1,7,72,5,52,12,3,0.5,0.4444,0,7.6667,22.25,,,,
3870708,1975,5548,1971,"PL","",446090,3,9,540,1,14,4,1,0.75,0,0,4,11,0,0,0,0
3872143,1975,5555,1973,"PL","",277400,3,1,556,1,14,2,1,1,0,0,12,4.5,0,0,0,0
3872690,1975,5562,1973,"PL","",261775,3,7,464,5,53,4,2,0.75,0.5,0,4.5,18.75,1,0.25,0,0
3874542,1975,5569,1973,"PL","",,1,4,215,6,68,3,0,0.3333,,0,,28,,,,
3879042,1975,5590,1973,"PL","",618870,3,1,417,5,53,5,1,0.8,0,0,19,8.6,0,0,0,0
3879973,1975,5597,1973,"PL","",277375,3,2,72,5,52,7,3,0.4286,0,0,7.6667,25.5714,1,0.1429,0,0
3882372,1975,5604,1973,"PL","",,1,2,323,4,45,3,4,1,0.375,0.6667,11,6,,,,
3887522,1975,5632,1974,"PL","",446140,3,14,528,1,15,2,1,1,0,0,12,8,0,0,0,0
3887709,1975,5632,1972,"PL","",,1,2,514,3,31,0,2,,0.5,,4,,,,,
3889470,1975,5646,1973,"PL","",446420,3,4,60,4,45,3,0,0.6667,,0,,8.6667,0,0,,
3891505,1975,5653,1973,"PL","",277410,3,5,435,3,33,3,1,0,0,,19,17.6667,0,0,0,0
3892535,1975,5660,1973,"PL","",277380,3,6,422,1,19,1,4,1,0.375,0,13.5,2,0,0,0,0
3894617,1975,5674,1974,"PL","",95215,3,2,188,5,53,9,2,0.2222,0.5,0.5,12,28.1111,0,0,0,0
3895910,1975,5681,1973,"PL","",446090,3,2,422,1,19,11,3,0.3636,0.6667,0.375,13.3333,13.8182,0,0,0,0
3897336,1975,5688,1974,"PL","",446150,3,13,210,1,19,7,4,1,0.625,0.8163,9.5,4.4286,0,0,0,0
3897435,1975,5688,1973,"PL","",541695,3,2,546,1,14,1,1,0,0,,11,25,0,0,0,0
3898946,1975,5702,1973,"PL","",,1,1,114,5,55,6,1,0.6667,0,0,19,12.8333,,,,
3903267,1975,5723,1970,"PL","",277395,3,14,424,3,31,5,7,0.6,0.5714,0,14.7143,19.8,0,0,0,0
3905434,1975,5737,1973,"PL","",,1,1,177,6,69,9,0,0.4444,,0,,12.8889,,,,
3912346,1975,5765,1973,"PL","",450100,3,2,384,5,59,5,6,0,0,,17,37.2,0,0,0,0
3916883,1975,5786,1974,"PL","",14385,3,2,606,3,32,3,0,0,,,,37.3333,0,0,,
3919223,1975,5793,1973,"PL","",100285,3,12,544,1,14,0,1,,0,,4,,,,0,0
3919247,1975,5793,1974,"PL","",341200,3,4,546,1,14,2,2,1,0.5,0.5,9.5,4.5,0,0,0,0
3920451,1975,5800,1974,"PL","",446125,3,5,420,5,52,4,0,0.75,,0,,9.25,0,0,,
3921836,1975,5807,1973,"PL","",187735,3,3,414,5,51,7,3,0.7143,0.4444,0.48,4.3333,14.2857,0,0,0,0
3922211,1975,5807,1974,"PL","",446125,3,9,205,1,19,4,0,1,,0.375,,4.25,0,0,,
3925352,1975,5821,1974,"PL","",277410,3,1,536,1,14,2,0,1,,0,,4.5,0,0,,
3927368,1975,5828,1974,"PL","",446090,3,4,324,4,43,2,5,1,0.72,0.5,8.6,5,0,0,0,0
3928586,1975,5835,1973,"PL","",277295,3,,514,3,31,0,5,,0,,23,,,,0,0
3928628,1975,5835,1973,"PL","",632070,3,,435,3,33,0,1,,0,,2,,,,0,0
3932676,1976,5856,1974,"PL","",277395,3,11,426,6,61,3,2,0.3333,0.5,0,14.5,33,0,0,0,0
3938629,1976,5891,1974,"PL","",95235,3,6,188,5,53,7,1,0.4286,0,0.4444,8,24,0,0,0,0
3940074,1976,5898,1974,"PL","",95215,3,2,242,5,51,4,5,0.5,0,0,11.4,17,0,0,0,0
3940516,1976,5898,1974,"PL","",446125,3,3,427,1,12,5,7,0.8,0.8163,0.625,7.2857,8.6,0,0,0,0
3943089,1976,5912,1974,"PL","",277390,3,5,523,1,15,14,6,0.4286,0.7778,0.6111,7.5,16.1429,0,0,0,0
3944407,1976,5919,1974,"PL","",446105,3,4,55,1,13,1,1,1,0,0,3,2,0,0,0,0
3944484,1976,5919,1974,"PL","",95250,3,5,209,5,51,9,0,0.1111,,0,,44.4444,0,0,,
3948031,1976,5940,1974,"PL","",277460,3,2,57,6,63,6,1,1,0,0,14,5.1667,0,0,0,0
3949622,1976,5947,1974,"PL","",290985,3,4,74,5,59,2,0,1,,0,,8.5,0,0,,
3951593,1976,5954,1974,"PL","",277405,3,2,8,1,11,2,1,0,0,,11,14.5,0,0,0,0
3953372,1976,5961,1973,"PL","",261765,3,3,252,1,19,5,0,0.8,,0.375,,7.4,0,0,,
3953512,1976,5961,1974,"PL","",446405,3,5,564,1,14,3,2,1,0.5,0.4444,3,6.6667,0,0,0,0
3957042,1976,5982,1975,"PL","",14385,3,3,128,3,32,4,3,1,0,0.375,8.6667,7,0,0,0,0
3960414,1976,5996,1974,"PL","",446105,3,1,384,5,59,2,1,1,0,0,8,5.5,0,0,0,0
3965025,1976,6017,1974,"PL","",277320,3,7,424,3,31,2,1,0,0,,12,15,0,0,0,0
3966127,1976,6024,1974,"PL","",,4,6,241,5,51,10,1,0.1,0,0,16,29.6,,,,
3968737,1976,6038,1975,"PL","",422725,3,6,92,5,53,3,0,0.3333,,0,,14.3333,0,0,,
3971298,1976,6052,1974,"PL","",422995,3,3,92,5,53,5,3,0.6,0.4444,0,9.6667,28.2,0,0,0,0
3974207,1976,6066,1974,"PL","",277325,3,2,560,1,14,5,4,0.4,0.625,0,10.5,18,0,0,0,0
3976422,1976,6080,1975,"PL","",457585,3,6,432,6,66,9,4,0.8889,0,0.2188,6.75,5.6667,0,0,0,0
3981799,1976,6108,1975,"PL","",95245,3,12,209,5,51,5,1,0.4,0,0,9,33.2,0,0,0,0
3988210,1976,6143,1975,"PL","",446125,3,2,202,1,19,4,2,0.5,0,0.5,9.5,20.25,0,0,0,0
3991681,1976,6164,1975,"PL","",422710,3,6,100,5,59,4,6,0.5,0.5,0,14.5,18,0,0,0,0
3993198,1976,6171,1975,"PL","",446135,3,4,212,5,59,2,2,0,0,,14.5,19.5,0,0,0,0
3994120,1976,6178,1974,"PL","",277460,3,6,57,6,63,2,10,1,0,0,4.3,3.5,1,0.5,0,0
3999898,1976,6206,1974,"PL","",40870,3,7,417,5,53,5,8,0.2,0.4063,0,11,37.8,0,0,0,0
4004215,1977,6227,1974,"PL","",638715,3,11,323,4,45,4,1,0.5,0,0.5,22,15.5,0,0,0,0
4004790,1977,6234,1975,"PL","",261750,3,3,266,5,52,1,3,1,0.4444,0,3.3333,5,0,0,0,0
4007030,1977,6248,1976,"PL","",457575,3,4,71,1,11,5,4,0.6,0.375,0,6.75,12.8,0,0,0,0
4008377,1977,6255,1975,"PL","",446140,3,4,379,2,21,4,2,1,0,0.375,7.5,5.5,0,0,0,0
4011514,1977,6276,1975,"PL","",596200,3,5,455,2,21,3,1,1,0,0.6667,1,3.6667,0,0,0,0
4019691,1977,6325,1975,"PL","",95240,3,8,242,5,51,11,7,1,0.449,0.562,10.8571,5.0909,0,0,0,0
4019969,1977,6325,1975,"PL","",277380,3,17,205,1,19,3,28,1,0.8138,0.4444,16.2857,5,0,0,0,0
4020801,1977,6332,1974,"PL","",446095,3,1,123,5,53,10,4,0.2,0,0,13,36,0,0,0,0
4021473,1977,6332,1974,"PL","",320985,3,9,560,1,14,0,0,,,,,,,,,
4026107,1977,6360,1975,"PL","",422725,3,1,60,4,45,8,2,0.5,0,0.375,9,12.125,0,0,0,0
4026234,1977,6360,1975,"PL","",96145,3,3,114,5,55,4,2,0.75,0,0,4,10.75,0,0,0,0
4026650,1977,6360,1974,"PL","",95225,3,11,355,5,54,8,0,1,,0.4063,,7.125,0,0,,
4029417,1977,6374,1975,"PL","",446400,3,4,356,4,43,2,0,0.5,,0,,14.5,0,0,,
4033302,1977,6395,1975,"PL","",446095,3,8,123,5,53,4,9,0.25,0.1975,0,10.1111,37.75,0,0,0,0
4033791,1977,6395,1976,"PL","",446410,3,6,148,5,52,3,1,0,0,,14,31.6667,0,0,0,0
4038706,1977,6423,1975,"PL","",95230,3,6,623,3,39,5,2,0.4,0,0,6,40.2,0,0,0,0
4041755,1977,6437,1976,"PL","",277385,3,7,72,5,52,3,11,0.3333,0.314,0,9.1818,14,0,0,0.2727,0.2727
