4043173,1977,6444,1976,"PL","",446140,3,4,72,5,52,4,2,1,0.5,0.375,7,9.25,0,0,0,0
4047305,1977,6465,1976,"PL","",446140,3,4,33,6,69,4,1,0,0,,21,51.25,0,0,0,0
4048844,1977,6472,1976,"PL","",,1,2,73,4,43,4,9,0.75,0.4938,0.4444,13.1111,9,,,,
4049775,1977,6472,1975,"PL","",277455,3,9,423,1,19,5,2,0.6,0,0,12.5,14.6,0,0,0,0
4056929,1977,6521,1976,"PL","",187760,3,2,59,6,69,4,1,0.25,0,0,22,39.5,0,0,0,0
4061181,1977,6549,1977,"PL","",457580,3,6,164,5,52,4,0,0.5,,0.5,,20.75,0,0,,
4062930,1977,6556,1976,"PL","",,1,2,423,1,19,10,2,0.6,0,0,13.5,15.9,,,,
4068293,1978,6584,1976,"PL","",446095,3,8,363,4,45,7,1,1,0,0.7347,3,4.5714,0,0,0,0
4069799,1978,6598,1976,"PL","",618870,3,5,417,5,53,7,2,0.7143,0.5,0.48,5.5,12.1429,0,0,0,0
4070210,1978,6598,1976,"PL","",446125,3,7,148,5,52,7,1,0,0,,9,31.4286,0,0,0,0
4070511,1978,6598,1976,"PL","",446125,3,14,427,1,12,3,0,0,,,,40,0,0,,
4070812,1978,6605,1977,"PL","",95240,3,2,57,6,63,4,3,1,0,0,7,4,0,0,0,0
4071440,1978,6605,1976,"PL","",95245,3,11,209,5,51,8,4,0.625,0.375,0,8.5,27.375,0,0,0,0
4071561,1978,6605,1975,"PL","",638735,3,5,568,1,14,0,1,,0,,6,,,,0,0
4073128,1978,6619,1977,"PL","",95240,3,2,57,6,63,4,2,1,0,0,10,4,0,0,0,0
4073129,1978,6619,1977,"PL","",95240,3,2,57,6,63,4,3,1,0,0,8.6667,4,0,0,0,0
4075090,1978,6626,1976,"PL","",95245,3,7,209,5,51,4,0,0.5,,0,,24.75,0,0,,
4075895,1978,6633,1975,"PL","",446140,3,2,74,5,59,4,1,0.75,0,0,19,10.75,0,0,0,0
4078267,1978,6647,1976,"PL","",14385,3,16,623,3,39,4,8,1,0.2188,0,9.5,5.25,0,0,0,0
4080292,1978,6654,1976,"PL","",67060,3,4,210,1,19,6,1,1,0,0.2778,3,7.1667,0,0,0,0
4082853,1978,6668,1977,"PL","",277420,3,8,426,6,61,2,1,0.5,0,0,7,15,0,0,0,0
4086027,1978,6689,1975,"PL","",446105,3,2,416,1,19,5,0,0.2,,0,,37.6,0,0,,
4089663,1978,6710,1976,"PL","",93640,3,8,96,1,13,3,1,0,0,,18,45,0,0,0,0
4091525,1978,6724,1976,"PL","",318630,3,6,407,5,51,3,6,0,0,,12.1667,43.3333,0,0,0,0
4092335,1978,6724,1976,"PL","",446090,3,1,549,1,14,1,0,1,,0,,4,0,0,,
4093706,1978,6731,1976,"PL","",446125,3,14,423,1,19,2,1,0.5,0,0,16,19,0,0,0,0
4093796,1978,6731,1972,"PL","",446090,3,19,536,1,14,4,3,0.5,0.4444,0,13,15.5,0,0,0.6667,0.6667
4095478,1978,6745,1976,"PL","",446125,3,2,474,5,53,5,5,0.2,0.32,0,9.2,46.8,0,0,0,0
4096998,1978,6752,1976,"PL","",618870,3,13,239,5,59,5,2,0,0,,7.5,59.2,0,0,0,0
4098579,1978,6759,1977,"PL","",277380,3,6,422,1,19,4,4,0.75,0.75,0.6667,13.25,10.5,0,0,0,0
4106548,1978,6801,1976,"PL","",446140,3,13,164,5,52,3,1,0.6667,0,0.5,19,17.6667,0,0,0,0
4112242,1978,6822,1977,"PL","",638750,3,2,568,1,14,4,12,0.5,0.1528,0,13.9167,9.75,0,0,0,0
4112295,1978,6822,1977,"PL","",277335,3,4,250,4,44,4,8,0.75,0.6563,0.4444,10,13.25,0,0,0,0
4117878,1978,6850,1976,"PL","",457580,3,6,164,5,52,7,1,0.4286,0,0.4444,6,24.1429,0,0,0,0
4124378,1978,6885,1976,"PL","",261755,3,8,75,5,52,3,4,0.6667,0.625,0,6.75,12,0,0,0,0
4127333,1978,6906,1977,"PL","",277320,3,5,366,1,19,2,0,0.5,,0,,16,0,0,,
4129169,1978,6920,1977,"PL","",457545,3,2,164,5,52,0,3,,0,,10.6667,,,,0,0
4131090,1978,6934,1976,"PL","",,1,4,123,5,53,9,2,0.2222,0,0,9.5,43.4444,,,,
4131556,1978,6934,1977,"PL","",277320,3,13,554,1,14,7,10,0.4286,0.68,0.4444,9.2,15.2857,0,0,0,0
4131749,1978,6934,1977,"PL","",277325,3,1,568,1,14,2,11,0.5,0.314,0,9.4545,18.5,0,0,0.1111,0.0909
4132185,1979,6941,1977,"PL","",318635,3,2,29,5,52,1,0,1,,0,,8,0,0,,
4133077,1979,6948,1977,"PL","",452680,3,5,452,6,61,3,4,1,0,0,4.5,2.6667,0,0,0,0
4136206,1979,6962,1977,"PL","",446105,3,37,426,6,61,7,4,1,0.375,0.2449,2.5,8.7143,0,0,0,0
4139531,1979,6983,1977,"PL","",446090,3,1,546,1,14,1,4,0,0.5,,6.75,45,0,0,0,0
4142011,1979,6997,1976,"PL","",446125,3,8,427,1,12,8,0,0.125,,0,,61.125,0,0,,
4146595,1979,7025,1977,"PL","",422735,3,4,261,1,19,4,3,0.5,0.6667,0.5,5.3333,19.5,0,0,0,0
4148789,1979,7039,1976,"PL","",14390,3,6,530,1,15,3,1,1,0,0.4444,20,8,0,0,0,0
4148942,1979,7039,1977,"PL","",446085,3,8,427,1,12,7,3,0.2857,0.6667,0,14.6667,26.5714,0,0,0,0
4149898,1979,7046,1978,"PL","",14380,3,7,106,1,12,4,0,0.75,,0.6667,,13.75,0,0,,
4150231,1979,7046,1977,"PL","",446090,3,2,546,1,14,1,3,0,0.4444,,5.6667,45,0,0,0,0
4153710,1979,7067,1977,"PL","",541695,3,19,514,3,31,4,0,1,,0.625,,4.75,0,0,,
4153982,1979,7074,1978,"PL","",638725,3,4,72,5,52,1,5,1,0.32,0,7.8,7,0,0,0,0
4155583,1979,7081,1977,"PL","",318615,3,6,294,5,59,2,9,1,0.1975,0,5.3333,8.5,0,0,0,0
4156507,1979,7088,1977,"PL","",226480,3,6,73,4,43,6,2,0.3333,0.5,0,13,27,0,0,0,0
4156721,1979,7088,1978,"PL","",446375,3,15,424,3,31,0,1,,0,,19,,,,0,0
4156922,1979,7088,1978,"PL","",277355,3,11,708,2,22,3,13,1,0.6391,0,15,10.3333,0,0,0,0
4157942,1979,7102,1977,"PL","",277365,3,15,205,1,19,8,8,1,0.7755,0.8125,11.8571,5.125,0,0,0,0
4158249,1979,7109,1977,"PL","",457570,3,8,452,6,61,4,0,0.25,,0,,37.75,0,0,,
4158607,1979,7109,1977,"PL","",277420,3,2,435,3,33,3,15,1,0.6133,0,13.0667,7.3333,0,0,0,0
4158710,1979,7109,1977,"PL","",446125,3,6,427,1,12,6,2,0.5,0.5,0.6667,13,13.1667,0.3333,0.1667,0,0
4158743,1979,7109,1977,"PL","",67065,3,5,373,6,66,3,1,1,0,0.4444,3,7.3333,0,0,0,0
4159014,1979,7116,1977,"PL","",422735,3,14,123,5,53,10,4,0.1,0.375,0,3.75,40.5,0,0,0.25,0.25
4163087,1979,7151,1976,"PL","",446140,3,9,521,1,15,10,0,0.9,,0.5926,,9.4,0,0,,
4165867,1979,7179,1977,"PL","",446105,3,3,266,5,52,0,0,,,,,,,,,
4167611,1979,7193,1977,"PL","",446140,3,9,521,1,15,3,5,0.6667,0.56,0,12.8,13.3333,0,0,0,0
4169494,1979,7214,1977,"PL","",,1,5,152,5,55,2,8,0,0.2188,,14,65.5,,,,
4170753,1979,7221,1978,"PL","",457615,3,4,324,4,43,5,1,1,0,0,12,3.6,0,0,0,0
4171255,1979,7228,1977,"PL","",277365,3,6,204,1,19,5,9,0.8,0.642,0.625,11.3333,8.4,0,0,0,0
4176624,1979,7277,1977,"PL","",446115,3,10,123,5,53,2,7,1,0.2449,0.5,14.1429,5.5,0,0,0,0
4185708,1980,7333,1977,"PL","",14380,3,3,175,6,64,5,3,0.4,0,0,18.3333,23.8,0,0,0,0
4187428,1980,7340,1978,"PL","",277300,3,7,250,4,44,4,2,0.75,0.5,0,7,13,0,0,0,0
4190627,1980,7361,1978,"PL","",277400,3,2,422,1,19,3,0,0,,,,42.3333,0,0,,
4193776,1980,7382,1979,"PL","",277380,3,3,95,1,13,4,2,1,0.5,0.625,12.5,3.75,0,0,0,0
4194141,1980,7382,1978,"PL","",422720,3,3,313,4,42,2,1,1,0,0.5,8,10,0,0,0,0
4195172,1980,7389,1978,"PL","",446090,3,3,536,1,14,5,4,0.6,0.625,0,12.5,13.4,0.3333,0.2,0,0
4196382,1980,7396,1978,"PL","",451425,3,6,323,4,45,4,6,1,0,0,12.5,11,0,0,0,0
4197039,1980,7403,1978,"PL","",318650,3,3,407,5,51,4,0,0.5,,0.5,,63,0,0,,
4197202,1980,7403,1978,"PL","",457555,3,10,210,1,19,10,0,0.9,,0,,9,0,0,,
4199459,1980,7417,1978,"PL","",67065,3,9,210,1,19,2,5,0,0.32,,10.8,59.5,0,0,0,0
4199969,1980,7424,1978,"PL","",422700,3,6,72,5,52,2,3,1,0.6667,0,8.3333,8,0,0,0,0
4202536,1980,7438,1978,"PL","",318620,3,12,266,5,52,6,4,0.6667,0,0,4,22,0,0,0,0
4204836,1980,7452,1978,"PL","",277415,3,6,432,6,66,3,2,1,0.5,0.6667,11,6.6667,0,0,0,0
4204949,1980,7452,1978,"PL","",95245,3,5,209,5,51,3,2,0.3333,0.5,0,9,22,0,0,0,0
4205231,1980,7452,1978,"PL","",277300,3,8,250,4,44,2,0,1,,0,,4.5,0,0,,
4207728,1980,7473,1978,"PL","",95240,3,1,57,6,63,3,2,1,0,0,9,6.3333,0,0,0,0
4209534,1980,7480,1978,"PL","",14390,3,10,426,6,61,7,1,1,0,0,15,8.1429,0,0,0,0
4209631,1980,7480,1973,"PL","",638755,3,2,548,1,14,4,0,1,,0.375,,9.25,0,0,,
4211274,1980,7494,1978,"PL","",457600,3,14,164,5,52,7,15,0.5714,0.6222,0.625,16.5333,21.8571,0,0,0,0
4214911,1980,7515,1978,"PL","",95240,3,3,106,1,12,3,1,0.3333,0,0,4,23.6667,0,0,0,0
4215419,1980,7515,1978,"PL","",,1,4,708,2,22,6,5,1,0,0,8.6,6,,,,
4215546,1980,7522,1978,"PL","",318655,3,2,60,4,45,9,3,0.7778,0,0.2449,12.6667,15.4444,0,0,0,0
4216174,1980,7522,1978,"PL","",422735,3,11,261,1,19,11,4,0.5455,0.375,0.6111,9,20.5455,0.2,0.0909,0,0
4217080,1980,7529,1978,"PL","",446140,3,5,425,5,51,9,1,0.2222,0,0,14,46.8889,0,0,0,0
4217365,1980,7529,1978,"PL","",,1,6,514,3,31,1,2,1,0,0,15,12,,,,
4218095,1980,7536,1979,"PL","",95245,3,6,299,6,64,2,0,1,,0,,11,0,0,,
4220886,1980,7550,1978,"PL","",446145,3,3,310,4,45,2,3,1,0,0,16.3333,10,0,0,0,0
4229721,1980,7599,1978,"PL","",277440,3,8,336,4,41,3,0,0.6667,,0.5,,21,0,0,,
4232857,1980,7620,1979,"PL","",187750,3,1,269,6,69,2,4,0,0,,8.25,66.5,0,0,0,0
4234234,1980,7627,1979,"PL","",95245,3,4,299,6,64,1,2,1,0.5,0,2,2,0,0,0,0
4235317,1980,7634,1978,"PL","",,1,4,188,5,53,5,4,0.8,0.375,0.625,11,11.4,,,,
4237808,1980,7648,1979,"PL","",446090,3,2,114,5,55,5,0,0.2,,0,,28.8,0,0,,
4238118,1980,7648,1979,"PL","",422725,3,2,266,5,52,1,1,0,0,,1,23,0,0,0,0
4239833,1980,7655,1978,"PL","",367145,3,3,428,6,69,5,3,0.4,0,0.5,4.3333,33.6,0,0,0,0
4240666,1980,7662,1979,"PL","",95245,3,7,299,6,64,2,0,1,,0,,9,0,0,,
4240667,1980,7662,1979,"PL","",95245,3,4,299,6,64,4,1,0.5,0,0.5,12,49.25,0,0,0,0
4240668,1980,7662,1979,"PL","",95245,3,2,299,6,64,2,0,0.5,,0,,13.5,0,0,,
4244094,1981,7683,1979,"PL","",187740,3,1,29,5,52,3,4,1,0.375,0.4444,12.25,10.6667,0,0,0,0
4244921,1981,7683,1979,"PL","",457575,3,2,422,1,19,4,3,0.75,0.4444,0.4444,10,18.25,0,0,0,0
4245888,1981,7690,1979,"PL","",377690,7,1,359,5,54,3,3,0.6667,0.4444,0.5,9.6667,11.3333,0,0,0,0
4249964,1981,7711,1980,"PL","",261760,3,5,148,5,52,3,2,1,0.5,0,10,8,0,0,0,0
4250805,1981,7718,1979,"PL","",638730,3,7,100,5,59,3,0,1,,0.6667,,4.6667,0,0,,
4253297,1981,7732,1978,"PL","",95240,3,7,57,6,63,6,4,1,0.375,0,4.5,7.8333,0,0,0,0
4253733,1981,7732,1979,"PL","",600255,3,3,359,5,54,1,3,1,0.6667,0,9.6667,5,0,0,0,0
4254484,1981,7732,1979,"PL","",457595,3,1,367,2,21,1,0,1,,0,,8,0,0,,
4255829,1981,7746,1979,"PL","",67060,3,6,15,6,69,1,1,1,0,0,7,10,0,0,0,0
4257409,1981,7753,1979,"PL","",,1,1,606,3,32,5,12,0.2,0,0,11.3333,58.8,,,,
4257649,1981,7753,1979,"PL","",95240,3,1,299,6,64,4,0,1,,0.625,,5.75,0,0,,
4263012,1981,7781,1979,"PL","",277400,3,3,23,1,19,6,1,1,0,0.6667,15,7.8333,0,0,0,0
4269676,1981,7816,1979,"PL","",446090,3,8,205,1,19,4,4,1,0.5,0.375,14,11,0,0,0,0
4271836,1981,7830,1979,"PL","",634975,3,3,606,3,32,7,8,0.1429,0,0,11,49.2857,0,0,0,0
4272026,1981,7837,1978,"PL","",67075,3,4,239,5,59,6,2,0.5,0,0.4444,15,29.8333,0,0,0,0
4272979,1981,7837,1979,"PL","",277385,3,12,72,5,52,5,3,0.8,0.4444,0.375,3.3333,12.8,1,0.2,1,0.6667
4273385,1981,7837,1979,"PL","",446125,3,10,299,6,64,3,1,1,0,0,10,7,0,0,0,0
4275019,1981,7844,1979,"PL","",457595,3,5,261,1,19,11,10,0.5455,0.32,0.2778,13.2,30.5455,0,0,0,0
4278040,1981,7865,1979,"PL","",446090,3,2,114,5,55,7,0,0.1429,,0,,56.1429,0,0,,
4281074,1981,7879,1980,"PL","",446435,3,4,525,1,15,0,0,,,,,,,,,
4283399,1981,7893,1979,"PL","",,1,1,514,3,31,0,0,,,,,,,,,
4283923,1981,7900,1979,"PL","",,1,4,62,6,69,7,4,1,0.375,0.2449,11.5,10.1429,,,,
4284388,1981,7900,1979,"PL","",446420,3,1,416,1,19,4,5,0.5,0.32,0.5,6.6,17.5,0,0,0,0
4290980,1981,7935,1980,"PL","",446125,3,1,261,1,19,12,2,0.8333,0.5,0.68,10.5,12.3333,0,0,0,0
4292857,1981,7949,1978,"PL","",187745,3,3,74,5,59,1,3,0,0,,8.3333,51,0,0,0,0
4293248,1981,7949,1979,"PL","",95240,3,3,405,6,64,3,0,1,,0,,10.3333,0,0,,
4293685,1981,7949,1979,"PL","",446435,3,8,528,1,15,3,0,1,,0.4444,,5.3333,0,0,,
4294132,1981,7956,1978,"PL","",187745,3,3,74,5,59,1,6,0,0.5,,16.3333,44,0,0,0,0
4294958,1981,7956,1979,"PL","",446090,3,4,536,1,14,3,1,1,0,0.4444,16,3.3333,0,0,0,0
4296273,1981,7963,1980,"PL","",457560,3,2,174,4,41,5,1,1,0,0.32,4,11.8,0,0,0,0
4298990,1981,7977,1979,"PL","",446410,3,4,455,2,21,5,2,1,0,0.64,14,8.2,0,0,0,0
4301130,1981,7991,1979,"PL","",446145,3,5,423,1,19,2,0,1,,0,,8.5,0,0,,
4301305,1981,7991,1979,"PL","",277325,3,4,568,1,14,6,3,0.6667,0,0.5,7.6667,12.6667,0,0,0.6667,0.6667
4302300,1981,7998,1980,"PL","",318650,3,6,205,1,19,6,1,0.8333,0,0.64,5,10.6667,0,0,0,0
4302314,1981,7998,1980,"PL","",311115,3,4,204,1,19,11,2,0.9091,0,0.18,16,10.0909,0,0,0,0
4304242,1981,8012,1979,"PL","",277435,3,1,600,3,32,1,7,1,0.2449,0,8.5714,15,0,0,0,0
4305813,1981,8019,1979,"PL","",67055,3,5,208,1,19,3,0,0.6667,,0,,19,0,0,,
4307794,1981,8033,1979,"PL","",274960,3,5,188,5,53,3,0,1,,0.4444,,7.3333,0,0,,
4311036,1982,8054,1979,"PL","",446130,3,1,73,4,43,4,2,0.5,0,0.5,14.5,31.75,0,0,0,0
4311664,1982,8054,1978,"PL","",632085,3,5,422,1,19,7,5,1,0.56,0.2449,12.4,12,0,0,0,0
4312207,1982,8061,1979,"PL","",638725,3,2,72,5,52,2,1,0.5,0,0,5,20,0,0,0,0
4313926,1982,8068,1979,"PL","",600255,3,4,424,3,31,4,2,0.25,0.5,0,5,23.5,0,0,0,0
4317848,1982,8096,1980,"PL","",318645,3,1,427,1,12,3,2,0.6667,0.5,0.5,11,10.6667,0,0,0,0
4319448,1982,8110,1980,"PL","",277460,3,3,57,6,63,4,2,0.75,0,0,9.5,9.25,0.3333,0.25,0,0
4321077,1982,8117,1980,"PL","",446145,3,3,71,1,11,5,1,1,0,0.48,4,4.6,0,0,0,0
4322443,1982,8124,1980,"PL","",,5,10,426,6,61,5,2,0.6,0.5,0,7.5,24.6,,,,
4323040,1982,8131,1979,"PL","",634960,3,2,123,5,53,4,3,0.5,0,0,9.6667,19.5,0,0,0,0
4325538,1982,8145,1979,"PL","",67070,3,6,266,5,52,5,0,1,,0,,9.2,0,0,,
4326578,1982,8152,1980,"PL","",277390,3,1,164,5,52,2,0,1,,0.5,,7.5,0,0,,
4326753,1982,8152,1980,"PL","",,1,8,299,6,64,5,4,1,0.75,0,5.25,2.8,,,,
4327827,1982,8159,1979,"PL","",95240,3,1,198,5,59,6,2,0.5,0,0,15.5,24.8333,0,0,0,0
4328226,1982,8159,1980,"PL","",277425,3,2,514,3,31,1,8,0,0.5938,,16.625,31,0,0,0,0
4328320,1982,8159,1980,"PL","",,1,1,521,1,15,4,4,1,0.75,0.625,11.5,5.25,,,,
4331693,1982,8180,1980,"PL","",446415,3,7,426,6,61,14,5,0.5714,0.64,0.7188,9.6,15.6429,0,0,0,0
4333802,1982,8194,1981,"PL","",446140,3,1,205,1,19,4,0,1,,0,,9.25,0,0,,
4339339,1982,8229,1981,"PL","",,1,6,252,1,19,9,2,0.8889,0.5,0.4063,13.5,14.3333,,,,
4341779,1982,8243,1979,"PL","",560850,3,7,514,3,31,2,1,1,0,0.5,3,5,0,0,0,0
4343205,1982,8257,1980,"PL","",446105,3,1,475,5,53,10,2,0.9,0,0.3457,7.5,12.2,0,0,0,0
4349841,1982,8292,1979,"PL","",638790,3,5,348,4,49,1,0,1,,0,,11,0,0,,
4351057,1982,8299,1980,"PL","",67070,3,26,373,6,66,6,3,0.6667,0.4444,0.625,6.6667,11.8333,0,0,0,0
4351937,1982,8306,1980,"PL","",446090,3,3,536,1,14,3,3,1,0.4444,0.4444,10,3.6667,0.3333,0.3333,0,0
4357052,1982,8341,1980,"PL","",96150,3,4,299,6,64,2,2,1,0.5,0,10,3,0,0,0,0
4360763,1982,8362,1980,"PL","",277300,3,7,315,4,42,4,6,0.75,0.6111,0.6667,9.6667,12,0,0,0,0
4365058,1982,8390,1980,"PL","",446090,3,3,536,1,14,3,0,0.6667,,0.5,,14.3333,0,0,,
4367985,1983,8411,1979,"PL","",600250,3,8,405,6,64,6,2,0.8333,0.5,0.56,6.5,11.8333,0,0,0,0
4369147,1983,8418,1981,"PL","",55665,3,3,558,1,14,0,1,,0,,8,,,,0,0
4369770,1983,8425,1981,"PL","",634965,3,3,606,3,32,3,7,1,0,0,6.4286,2,0,0,0,0
4371477,1983,8432,1980,"PL","",96150,3,6,261,1,19,5,1,0.4,0,0.5,4,28.6,0,0,0,0
4373113,1983,8439,1980,"PL","",277330,3,5,174,4,41,2,19,1,0.6648,0.5,13.1579,5,0,0,0,0
4373980,1983,8446,1981,"PL","",446125,3,1,156,1,19,3,5,0,0.48,,9,41,0,0,0,0
4380551,1983,8509,1980,"PL","",,5,18,426,6,61,8,2,0.375,0.5,0.4444,16,31,,,,
4382722,1983,8530,1981,"PL","",96150,3,3,405,6,64,6,3,0.6667,0,0,7.6667,18.1667,0,0,0,0
4385778,1983,8551,1981,"PL","",67045,3,2,285,6,67,5,0,0.8,,0,,18.8,0,0,,
4388438,1983,8565,1981,"PL","",422705,3,5,524,1,15,8,3,0.875,0.4444,0.449,2.3333,12.5,0,0,0,0
4389897,1983,8579,1981,"PL","",457615,3,9,73,4,43,4,0,0.5,,0,,20.75,0,0,,
4391654,1983,8586,1981,"PL","",277365,3,4,148,5,52,1,1,1,0,0,10,10,0,0,0,0
4392549,1983,8593,1982,"PL","",277315,3,5,181,6,69,2,1,0.5,0,0,4,25.5,0,0,0,0
4394238,1983,8600,1981,"PL","",311115,3,6,204,1,19,3,2,1,0,0.4444,4,8,0,0,0,0
4396107,1983,8614,1981,"PL","",437495,3,18,198,5,59,3,1,0,0,,10,37,0,0,0,0
4404967,1983,8663,1983,"PL","",634975,3,1,606,3,32,3,18,1,0,0,8.6111,1.3333,0,0,0,0
4406565,1983,8670,1981,"PL","",96150,3,1,405,6,64,1,0,1,,0,,9,0,0,,
4411704,1983,8698,1981,"PL","",446435,3,2,106,1,12,2,2,1,0,0.5,6,10,0,0,0,0
4420075,1983,8747,1981,"PL","",487070,3,2,198,5,59,4,3,1,0.6667,0,13,8,0,0,0,0
4422430,1983,8761,1981,"PL","",422730,3,4,123,5,53,4,6,1,0,0,12,7.75,0,0,0,0
4424299,1984,8768,1983,"PL","",277320,3,2,525,1,15,3,5,1,0.56,0.4444,9.8,6,0,0,0,0
4424673,1984,8775,1980,"PL","",446095,3,2,60,4,45,5,3,0.8,0.4444,0.5,9,10.4,0,0,0,0
