4820445,1989,10693,1987,"PL","",446410,3,1,252,1,19,1,5,1,0.48,0,4.8,14,0,0,0,0
4822311,1989,10700,1987,"PL","",446090,3,16,441,6,69,7,2,1,0.5,0.449,6,10.2857,0,0,0,0
4824944,1989,10707,1987,"PL","",446090,3,1,536,1,14,1,1,1,0,0,5,3,0,0,0,0
4825715,1989,10714,1987,"PL","",446120,3,2,74,5,59,3,1,0.6667,0,0,5,27,0,0,0,0
4833215,1989,10735,1986,"PL","",,1,15,525,1,15,5,0,1,,0.48,,9.2,,,,
4838075,1989,10756,1988,"PL","",277320,3,5,73,4,43,4,3,0.75,0.4444,0,6,15.5,0,0,0,0
4841263,1989,10763,1988,"PL","",182680,3,10,333,2,21,4,2,1,0,0,3.5,4.25,0,0,0,0
4842146,1989,10770,1988,"PL","",638535,3,18,209,5,51,9,0,0.1111,,0,,49,0,0,,
4849130,1989,10791,1988,"PL","",632080,3,12,252,1,19,10,3,1,0.4444,0.48,3,4.2,0,0,0,0
4856940,1989,10819,1988,"PL","",236335,3,1,405,6,64,3,0,1,,0,,7.3333,0,0,,
4867144,1989,10854,1987,"PL","",,5,1,606,3,32,7,5,1,0,0,8,10.2857,,,,
4871490,1989,10868,1987,"PL","",446100,3,1,264,5,51,7,5,1,0.72,0.7755,6.2,13.4286,0,0,0,0
4905790,1990,11022,1988,"PL","",638740,3,8,181,6,69,2,1,1,0,0.5,2,8.5,0,0,0,0
4906789,1990,11022,1988,"PL","",277325,3,7,568,1,14,5,3,0.8,0.4444,0,3.6667,15.4,0.3333,0.2,0.3333,0.3333
4908464,1990,11029,1988,"PL","",277410,3,3,558,1,14,0,0,,,,,,,,,
4909280,1990,11036,1988,"PL","",277320,3,1,138,6,67,6,1,1,0,0.5,7,12.3333,0,0,0,0
4918375,1990,11064,1988,"PL","",446390,3,21,324,4,43,2,4,1,0.375,0.5,6.75,8,0,0,0,0
4921053,1990,11078,1989,"PL","",446115,3,3,173,5,51,8,3,0.875,0,0.2449,4.6667,14.5,0,0,0,0
4921944,1990,11078,1988,"PL","",600255,3,5,534,1,14,1,1,1,0,0,8,18,0,0,0,0
4923965,1990,11085,1988,"PL","",446090,3,1,530,1,15,1,0,1,,0,,2,0,0,,
4926692,1990,11099,1988,"PL","",446430,3,5,73,4,43,6,3,1,0.4444,0,2.3333,11.6667,0,0,0,0
4942756,1990,11162,1988,"PL","",,1,3,72,5,52,6,1,0.8333,0,0.32,8,16.3333,,,,
4956840,1990,11211,1988,"PL","",446115,3,2,370,2,21,7,0,1,,0.4082,,5.5714,0,0,,
4958925,1990,11225,1988,"PL","",,5,8,351,3,39,1,2,1,0,0,3.5,12,,,,
4959942,1990,11232,1989,"PL","",151180,3,4,52,6,69,7,0,0.8571,,0.2778,,22.7143,0,0,,
4962198,1990,11239,1989,"PL","",55665,3,11,544,1,14,2,1,1,0,0,4,14.5,0.5,0.5,0,0
4964403,1990,11253,1987,"PL","",261740,3,3,606,3,32,9,5,0.6667,0,0.2778,6.4,23.3333,0,0,0,0
4976161,1990,11302,1989,"PL","",457565,3,2,73,4,43,7,1,1,0,0.5714,9,6.1429,0,0,0,0
4976282,1990,11302,1989,"PL","",144100,2,20,137,6,69,5,4,0.6,0.625,0.6667,5.75,26,0,0,0.25,0.25
4984550,1991,11337,1988,"PL","",446425,3,13,123,5,53,6,1,1,0,0.5,3,10.6667,0,0,0,0
5005985,1991,11421,1989,"PL","",446385,3,5,374,4,43,6,3,1,0.4444,0,7.3333,15,0.25,0.1667,0,0
5030813,1991,11512,1990,"PL","",458240,3,16,219,4,49,5,0,0.8,,0.5,,26.8,0,0,,
5038531,1991,11547,1989,"PL","",151180,3,16,52,6,69,5,3,0.4,0.6667,0.5,6.3333,33.6,0,0,0,0
5050689,1991,11589,1990,"PL","",446115,3,1,173,5,51,2,3,0.5,0,0,4.6667,28,0,0,0,0
5052499,1991,11596,1989,"PL","",446115,3,11,173,5,51,4,3,1,0,0,5.3333,11,0,0,0,0
5056802,1991,11610,1990,"PL","",,1,11,280,5,55,7,1,0.2857,0,0.5,4,61.4286,,,,
5076246,1991,11687,1990,"PL","",,1,6,123,5,53,10,8,1,0.2188,0.58,4,8.7,,,,
5078553,1992,11694,1990,"PL","",597315,6,9,408,5,51,2,2,0.5,0.5,0,2,21,0,0,0,0
5080333,1992,11701,1990,"PL","",446386,7,6,267,5,59,13,0,0.4615,,0.7778,,37.4615,0,0,,
5128511,1992,11876,1991,"PL","",458240,3,20,219,4,49,11,0,0.5455,,0.4444,,32.2727,0,0,,
5133096,1992,11897,1990,"PL","",,1,7,5,6,65,7,3,0.7143,0.4444,0,6,20,,,,
5151510,1992,11960,1990,"PL","",33180,2,17,536,1,14,1,6,1,0.2778,0,6.3333,4,0,0,0,0
