4806768,1989,10644,1987,"BR","",,1,3,250,4,44,10,7,0.7,0.449,0.5714,7.5714,21.1,,,,
4809724,1989,10658,1988,"BR","",,1,2,135,6,69,5,9,0.6,0.8148,0.4444,7.5556,22.4,,,,
4815948,1989,10679,1987,"BR","",,1,9,417,5,53,3,0,0.3333,,0,,24,,,,
4817752,1989,10686,1987,"BR","",48870,3,20,180,5,55,34,9,0.6176,0.1975,0.7302,6,22.2059,0.0526,0.0294,0,0
4818002,1989,10686,1986,"BR","",,1,2,292,6,69,13,4,0.7692,0.375,0.58,6.5,26.2308,,,,
4822109,1989,10700,1987,"BR","",47470,3,6,301,5,55,8,2,1,0.5,0,8.5,5.625,0,0,0,0
4822259,1989,10700,1987,"BR","",,1,5,417,5,53,11,1,0.5455,0,0.4444,3,28.7273,,,,
4834804,1989,10742,1985,"BR","",,1,2,134,6,69,9,0,0.8889,,0.4063,,11.2222,,,,
4835797,1989,10749,1987,"BR","",,1,1,4,6,65,8,2,0.25,0,0.5,8,49.5,,,,
4835907,1989,10749,1988,"BR","",369865,3,3,49,5,59,4,1,1,0,0,9,6.5,0,0,0,0
4839919,1989,10756,1987,"BR","",,1,9,379,2,21,7,21,1,0.4717,0.2449,6.381,4.5714,,,,
4840629,1989,10763,1988,"BR","",699843,3,8,623,3,39,5,2,0.6,0.5,0.4444,5.5,14.4,0,0,0,0
4845776,1989,10777,1987,"BR","",167150,3,3,381,4,49,11,5,0.1818,0.32,0.5,6.6,40.1818,0,0,0,0
4846277,1989,10784,1988,"BR","",437105,3,3,166,6,64,9,3,0.8889,0,0,6.6667,10.4444,0,0,1,1
4849190,1989,10791,1987,"BR","",437085,3,40,423,1,19,4,2,0,0.5,,5,63.75,0,0,0,0
4850988,1989,10798,1987,"BR","",101895,2,7,604,3,32,11,16,0.8182,0.375,0,7.625,14.4545,0,0,0,0
4850992,1989,10798,1987,"BR","",101895,2,6,604,3,32,9,16,0.8889,0.3984,0,6.5,13.2222,0,0,0,0
4852858,1989,10805,1988,"BR","",320215,3,17,266,5,52,2,3,0.5,0.4444,0,7,45.5,0,0,0,0
4853191,1989,10805,1988,"BR","",55680,3,14,423,1,19,5,1,0.8,0,0.375,4,10.2,0,0,0,0
4856176,1989,10819,1987,"BR","",473840,3,12,29,5,52,3,0,1,,0.4444,,7,0,0,,
4857872,1989,10819,1987,"BR","",595125,3,7,335,4,41,5,2,1,0,0,9,5.8,0,0,0,0
4863718,1989,10840,1985,"BR","",739012,3,8,424,3,31,4,2,1,0.5,0.75,7.5,7.75,0,0,0,0
4867276,1989,10854,1988,"BR","",,1,15,182,6,65,8,2,1,0,0.4063,1.5,3.125,,,,
4874411,1989,10882,1987,"BR","",204115,2,6,55,1,13,13,3,0.4615,0.6667,0.2778,7.6667,34.6923,0,0,0,0
4875686,1989,10889,1987,"BR","",,1,8,273,6,62,3,10,1,0.48,0.4444,6.3,3,,,,
4875931,1989,10889,1988,"BR","",454370,3,5,72,5,52,3,4,1,0.375,0.6667,7,19,0,0,0,0
4877088,1989,10896,1988,"BR","",437105,3,3,166,6,64,9,3,1,0.4444,0.4938,6.6667,12,0,0,0.3333,0.3333
4877990,1989,10896,1987,"BR","",,1,5,392,4,41,5,3,1,0,0.32,6.6667,14.2,,,,
4881599,1989,10917,1988,"BR","",437105,3,14,166,6,64,17,0,0.8235,,0,,13.2353,0,0,,
4881972,1989,10917,1988,"BR","",320215,3,23,75,5,52,6,1,0.6667,0,0.5,2,20.1667,0,0,0,0
4884381,1989,10931,1988,"BR","",297205,3,1,52,6,69,8,2,0.625,0.5,0.72,5,28.625,0,0,0,0
4887791,1989,10945,1988,"BR","",489495,3,13,249,6,69,7,1,0.7143,0,0.56,8,22.2857,0,0,0,0
4889279,1989,10952,1988,"BR","",363560,3,2,232,6,68,5,1,1,0,0.32,1,19.8,0,0,0,0
4889805,1989,10952,1988,"BR","",,1,7,435,3,33,2,1,1,0,0,3,6,,,,
4889813,1989,10952,1988,"BR","",437105,3,7,436,1,19,0,1,,0,,3,,,,1,1
4892746,1990,10966,1988,"BR","",,1,30,426,6,61,2,1,0.5,0,0,8,31.5,,,,
4893785,1990,10973,1987,"BR","",,1,10,254,5,59,2,0,0.5,,0,,26,,,,
4895498,1990,10980,1989,"BR","",,1,11,417,5,53,13,2,0.5385,0.5,0.4082,2,29.3077,,,,
4896767,1990,10987,1989,"BR","",182890,2,6,206,6,68,6,28,1,0.2526,0,4.0357,6.8333,0.8,0.6667,0.1071,0.1071
4900254,1990,11001,1987,"BR","",,1,13,433,3,39,6,1,0.6667,0,0,7,22.6667,,,,
4902205,1990,11008,1987,"BR","",,1,20,417,5,53,7,3,0.8571,0.6667,0.5,6.6667,14.1429,,,,
4905822,1990,11022,1989,"BR","",366620,3,4,206,6,68,7,7,0.7143,0.6939,0.64,4,23,0,0,0,0
4911116,1990,11043,1989,"BR","",478430,3,16,123,5,53,4,5,1,0.32,0,7.2,5.5,0,0,0.3333,0.2
4911619,1990,11043,1987,"BR","",172940,3,3,417,5,53,1,6,1,0,0,5.8333,2,1,1,0.1667,0.1667
4912049,1990,11043,1986,"BR","",64745,3,10,514,3,31,0,1,,0,,11,,,,0,0
4912612,1990,11043,1989,"BR","",38275,3,13,362,4,42,4,4,0.75,0.375,0,4.25,13,0,0,0,0
4919552,1990,11071,1988,"BR","",271135,3,1,384,5,59,5,0,0.4,,0,,26.4,0,0,,
4922813,1990,11085,1989,"BR","",202675,2,8,99,6,61,5,8,1,0.4688,0.48,5.75,13.4,1,0.6,0.8333,0.625
4923507,1990,11085,1988,"BR","",350615,3,15,423,1,19,9,1,1,0,0.1975,4,9.6667,0,0,0,0
4927861,1990,11099,1989,"BR","",74080,3,9,521,1,15,2,1,1,0,0.5,6,19,0,0,0,0
4930405,1990,11113,1988,"BR","",172940,3,10,92,5,53,7,3,0.4286,0.4444,0.6667,6,33,0.5,0.1429,0.3333,0.3333
4931347,1990,11113,1988,"BR","",391745,2,18,428,6,69,22,9,0.8182,0.7407,0.679,6.5556,17.5455,0,0,0,0
4939802,1990,11148,1988,"BR","",,1,23,5,6,65,10,7,0.2,0.449,0.5,5.5714,46.8,,,,
4942051,1990,11155,1989,"BR","",202675,2,14,426,6,61,2,2,1,0.5,0,4.5,12.5,0,0,0.5,0.5
4942890,1990,11162,1988,"BR","",,1,13,132,6,65,8,0,0.625,,0.64,,22.625,,,,
4944769,1990,11169,1987,"BR","",437105,3,6,23,1,19,7,0,0.8571,,0.5,,16.4286,0,0,,
4944867,1990,11169,1987,"BR","",437105,3,3,208,1,19,6,0,0.8333,,0.32,,20.6667,0.25,0.1667,,
4949940,1990,11190,1989,"BR","",320215,3,8,266,5,52,1,2,1,0,0,4,5,0,0,0,0
4951391,1990,11197,1985,"BR","",17215,2,8,29,5,52,11,3,0.4545,0.6667,0.48,9.6667,32.6364,0,0,0,0
4960174,1990,11232,1989,"BR","",437105,3,1,166,6,64,9,6,1,0.6667,0.4938,3.5,13,0,0,0.4,0.3333
4960368,1990,11232,1989,"BR","",172940,3,8,417,5,53,3,6,1,0,0,4.1667,2.6667,0.3333,0.3333,0.2,0.1667
4962606,1990,11246,1989,"BR","",22795,3,12,42,5,59,5,8,1,0,0,5.625,12.6,0,0,0,0
4963279,1990,11246,1989,"BR","",186560,2,89,508,5,59,23,3,0.8696,0,0.525,4.3333,12.8696,0.1579,0.1304,1,1
4965695,1990,11253,1988,"BR","",,1,5,361,4,45,7,3,0.8571,0.4444,0.5,5.6667,21.7143,,,,
4966083,1990,11260,1989,"BR","",,1,6,108,6,69,6,6,0.8333,0.2778,0.56,2.6667,26.8333,,,,
4966581,1990,11260,1988,"BR","",612665,3,16,604,3,32,3,9,0.6667,0.5185,0.5,6.5556,17.3333,0,0,0,0
4968223,1990,11267,1989,"BR","",172940,3,11,417,5,53,3,1,1,0,0.4444,3,3.3333,0,0,0,0
4968228,1990,11267,1989,"BR","",172940,3,7,417,5,53,2,0,0.5,,0,,28,0,0,,
4970872,1990,11281,1989,"BR","",172940,3,21,62,6,69,3,0,0.3333,,0,,30,0,0,,
4973230,1990,11288,1989,"BR","",172940,3,5,417,5,53,3,2,0.6667,0,0.5,2.5,12.6667,0,0,0,0
4974880,1990,11295,1989,"BR","",437105,3,3,285,6,67,4,0,0.25,,0,,34,0,0,,
4977713,1990,11309,1989,"BR","",,1,6,52,6,69,5,0,0.8,,0.75,,18,,,,
4978285,1990,11309,1990,"BR","",172940,3,12,417,5,53,4,6,0.5,0.6111,0,3.8333,32,0,0,0,0
4978287,1990,11309,1989,"BR","",172940,3,6,418,5,53,2,1,0.5,0,0,2,17,0,0,0,0
4978895,1990,11309,1989,"BR","",,1,6,318,4,45,2,12,1,0,0,2.75,2.5,,,,
4979879,1990,11316,1990,"BR","",172940,3,11,417,5,53,1,2,1,0.5,0,1.5,6,0,0,0,0
4982129,1991,11323,1989,"BR","",172940,3,9,310,4,45,2,0,1,,0,,16,0,0,,
4983047,1991,11330,1989,"BR","",,1,13,383,6,68,4,9,0.5,0.8395,0.5,5.2222,35.25,,,,
4983089,1991,11330,1989,"BR","",,1,15,414,5,51,10,2,0.6,0.5,0.7778,2.5,26.5,,,,
4983693,1991,11330,1988,"BR","",437105,3,9,526,1,15,2,4,1,0.75,0.5,6,10,0,0,0.5,0.5
4984935,1991,11337,1987,"BR","",437105,3,11,405,6,64,6,0,0.5,,0.4444,,23.8333,0,0,,
4986428,1991,11344,1990,"BR","",,1,5,215,6,68,11,1,0.4545,0,0.32,4,30.2727,,,,
4992519,1991,11365,1989,"BR","",71450,2,12,527,1,15,12,2,0.75,0.5,0.7654,5.5,22.0833,0.2857,0.1667,0,0
4993347,1991,11372,1990,"BR","",437105,3,10,405,6,64,11,0,0.7273,,0.375,,25.1818,0,0,,
4996713,1991,11379,1989,"BR","",504170,3,10,381,4,49,7,6,0.7143,0.4444,0,5,23,0,0,0,0
5000510,1991,11400,1989,"BR","",,1,8,297,6,65,9,2,0.8889,0,0,2.5,27,,,,
5000586,1991,11400,1990,"BR","",369335,3,6,384,5,59,4,2,0.25,0.5,0,6,36.5,0,0,0,0
5003791,1991,11414,1987,"BR","",,1,2,63,6,69,4,0,0.5,,0,,44.5,,,,
5004408,1991,11414,1989,"BR","",172940,3,8,418,5,53,3,0,0.3333,,0,,32,0,0,,
5004410,1991,11414,1990,"BR","",172940,3,9,418,5,53,4,1,1,0,0.625,1,9.5,0,0,0,0
5007813,1991,11428,1989,"BR","",172940,3,11,418,5,53,2,0,1,,0.5,,18.5,0,0,,
5007993,1991,11428,1989,"BR","",,1,32,204,1,19,4,4,1,0.625,0.375,2.5,11,,,,
5010898,1991,11442,1990,"BR","",352390,3,16,128,3,32,5,6,1,0.6667,0.32,2.1667,3.6,0,0,0,0
5011356,1991,11442,1990,"BR","",287680,3,16,411,5,59,3,9,1,0.4444,0.6667,4.2222,3.6667,0,0,0,0
5012800,1991,11449,1989,"BR","",,1,1,228,5,52,4,1,1,0,0.625,6,5.5,,,,
5012896,1991,11449,1990,"BR","",172940,3,8,184,5,59,5,3,1,0.4444,0.48,3.3333,5.4,0,0,0,0
5018381,1991,11470,1989,"BR","",,1,1,73,4,43,6,1,0.5,0,0,8,30.6667,,,,
5018968,1991,11470,1989,"BR","",,1,17,432,6,66,5,0,0.6,,0.4444,,32.8,,,,
5019756,1991,11470,1990,"BR","",172940,3,15,318,4,45,7,17,1,0.3045,0.2449,3.5882,3.5714,0,0,0,0
5020679,1991,11477,1990,"BR","",,1,4,215,6,68,9,2,0.5556,0,0.48,3.5,33.7778,,,,
5020695,1991,11477,1989,"BR","",84570,2,12,222,1,19,3,1,0.3333,0,0,6,27.3333,0,0,0,0
5021397,1991,11477,1988,"BR","",442070,3,2,505,4,46,11,0,1,,0.1653,,6.6364,0,0,,
5022254,1991,11484,1989,"BR","",,1,3,72,5,52,9,7,0.8889,0.2449,0,5.8571,18.7778,,,,
5022748,1991,11484,1990,"BR","",368935,3,3,359,5,54,0,2,,0.5,,3.5,,,,1,0.5
5022835,1991,11484,1989,"BR","",172940,3,16,418,5,53,2,2,0.5,0.5,0,3.5,41,0,0,0,0
5027953,1991,11505,1988,"BR","",,1,2,209,5,51,11,0,0.8182,,0.5926,,22.4545,,,,
5030362,1991,11512,1989,"BR","",186560,2,9,210,1,19,13,3,0.7692,0.4444,0.68,4.6667,20.0769,0,0,0,0
5031305,1991,11519,1989,"BR","",28145,2,8,29,5,52,4,2,0.5,0,0,6,39.25,0,0,0,0
5038948,1991,11547,1989,"BR","",,1,10,215,6,68,15,6,0.2667,0,0.375,4.8333,41.2667,,,,
5039287,1991,11547,1989,"BR","",172940,3,11,418,5,53,5,1,1,0,0.32,4,9.2,0,0,0,0
5040607,1991,11554,1989,"BR","",437105,3,2,166,6,64,6,5,1,0.64,0.5,4.8,4.8333,0,0,0.75,0.6
5044596,1991,11568,1990,"BR","",368935,3,3,248,6,69,5,3,1,0.4444,0,3,14,0,0,1,0.3333
5044739,1991,11568,1991,"BR","",368935,3,6,359,5,54,7,4,0.7143,0,0,4.5,33,0,0,0,0
5045279,1991,11568,1989,"BR","",,1,4,420,5,52,0,0,,,,,,,,,
5048192,1991,11582,1990,"BR","",,1,10,33,6,69,1,3,1,0,0,4.3333,10,,,,
5049246,1991,11582,1989,"BR","",,1,32,205,1,19,13,1,0.8462,0,0.6446,2,15.4615,,,,
5051681,1991,11589,1990,"BR","",172940,3,12,318,4,45,6,5,1,0,0,4.2,8.6667,0,0,0.25,0.2
5054510,1991,11603,1989,"BR","",437105,3,1,137,6,69,6,0,0.6667,,0.625,,17.6667,0,0,,
5054637,1991,11603,1989,"BR","",473840,3,3,220,6,68,3,0,1,,0.4444,,9,0,0,,
5056936,1991,11610,1989,"BR","",369340,3,9,384,5,59,4,1,0.75,0,0.4444,9,15.25,0,0,0,0
5062779,1991,11631,1990,"BR","",172940,3,9,418,5,53,7,6,0.5714,0.7222,0.625,3,41.2857,0,0,0,0
5063767,1991,11638,1989,"BR","",,1,5,72,5,52,3,0,1,,0,,6.6667,,,,
5065373,1991,11638,1988,"BR","",,1,18,368,6,69,5,1,0,0,,10,50.6,,,,
5065508,1991,11645,1989,"BR","",369340,3,9,29,5,52,4,7,0.25,0.4082,0,4.7143,62.25,0,0,0.7143,0.7143
5067878,1991,11652,1989,"BR","",172940,3,17,417,5,53,2,3,1,0.6667,0,4.3333,3.5,0,0,0,0
5068010,1991,11652,1990,"BR","",437105,3,2,202,1,19,12,0,0.75,,0.3704,,23.9167,0.125,0.0833,,
5069024,1991,11659,1990,"BR","",492955,3,12,56,6,61,3,1,1,0,0.6667,7,19,0,0,0,0
5069607,1991,11659,1989,"BR","",172940,3,3,418,5,53,5,0,0.6,,0,,27.6,0,0,,
5070768,1991,11666,1989,"BR","",369340,3,3,92,5,53,11,3,0.8182,0,0.4938,6.5,18.6364,0,0,0,0
5071332,1991,11666,1988,"BR","",437105,3,6,425,5,51,14,1,0.5714,0,0.6875,4,34,0,0,0,0
5072807,1991,11673,1990,"BR","",437105,3,4,182,6,65,9,0,0,,,,92.6667,0,0,,
5072963,1991,11673,1990,"BR","",,1,25,280,5,55,5,1,0.8,0,0.625,4,15.8,,,,
5073019,1991,11673,1990,"BR","",368935,3,2,359,5,54,4,4,1,0,0.625,5.5,13.75,0,0,0,0
5073630,1991,11673,1990,"BR","",411440,3,2,530,1,15,1,4,1,0.375,0,4.25,2,0,0,0,0
5074713,1991,11680,1990,"BR","",437105,3,3,405,6,64,4,3,1,0,0.375,5,7.5,0,0,0,0
5074927,1991,11680,1990,"BR","",104170,3,10,148,5,52,1,1,1,0,0,5,8,0,0,0,0
5076082,1991,11687,1989,"BR","",,1,2,70,6,65,2,0,0.5,,0,,33.5,,,,
5076160,1991,11687,1990,"BR","",84570,2,4,100,5,59,10,0,0.5,,0.72,,31.5,0,0,,
5078062,1992,11694,1990,"BR","",315916,3,2,101,6,69,6,0,1,,0.2778,,13.3333,0,0,,
5081335,1992,11701,1990,"BR","",52351,3,20,219,4,49,5,0,0.4,,0,,37.2,0,0,,
5082815,1992,11708,1989,"BR","",437105,3,7,502,1,19,7,7,0.5714,0.6939,0.375,4.5714,27.7143,0,0,0,0
5083104,1992,11708,1990,"BR","",498401,3,7,335,4,41,3,3,1,0,0,4,3,0,0,0,0
5085304,1992,11722,1990,"BR","",48871,3,16,192,5,53,6,11,1,0.5455,0.5,4.6364,5.8333,0,0,0,0
5086574,1992,11729,1991,"BR","",493356,3,20,36,6,63,16,15,0.625,0,0,3.3333,33.4375,0,0,0,0
5088303,1992,11736,1990,"BR","",172940,3,9,62,6,69,11,0,0.5455,,0.2778,,28.4545,0,0,,
5092403,1992,11750,1990,"BR","",437105,3,3,166,6,64,8,0,0.75,,0.4444,,18.25,0,0,,
5094171,1992,11757,1990,"BR","",437105,3,2,104,5,55,7,0,0.4286,,0.4444,,47.1429,0,0,,
5096395,1992,11764,1990,"BR","",172940,3,13,417,5,53,4,0,0.5,,0,,33,0,0,,
5097531,1992,11764,1988,"BR","",108476,3,10,392,4,41,9,0,0.6667,,0.5,,22.7778,0,0,,
5105652,1992,11799,1990,"BR","",,5,17,73,4,43,8,9,1,0.6667,0.6563,3.5556,19.75,,,,
5107798,1992,11806,1991,"BR","",489241,2,28,122,6,66,14,5,0.5714,0.72,0.5938,3.2,25.7857,0,0,0,0
5115352,1992,11827,1990,"BR","",,1,3,359,5,54,4,10,1,0,0,5.1,12.25,,,,
5115726,1992,11834,1989,"BR","",369340,3,15,92,5,53,3,3,1,0,0.6667,8,9.3333,0.3333,0.3333,0,0
5118148,1992,11841,1990,"BR","",683010,3,11,292,6,69,9,5,0.7778,0.56,0.449,3.8,18.7778,0,0,0,0
5120015,1992,11848,1991,"BR","",368935,3,2,248,6,69,7,2,1,0.5,0.2449,3.5,9.2857,0.3333,0.2857,0,0
5125826,1992,11869,1991,"BR","",683785,3,14,425,5,51,8,1,0.75,0,0.7222,1,25.25,0,0,0,0
5125847,1992,11869,1991,"BR","",437105,3,2,439,4,41,3,1,1,0,0.6667,1,11,0,0,0,0
5129521,1992,11883,1990,"BR","",684125,3,5,206,6,68,9,2,0.6667,0.5,0.6111,2.5,23.3333,0,0,1,1
5130062,1992,11883,1991,"BR","",550045,3,12,261,1,19,16,0,0.75,,0.4028,,25.125,0.1429,0.0625,,
5131389,1992,11890,1989,"BR","",,1,16,607,3,32,9,1,1,0,0.4938,7,10.1111,,,,
5133741,1992,11897,1991,"BR","",,1,7,606,3,32,3,1,0.6667,0,0,5,34.3333,,,,
5135248,1992,11904,1990,"BR","",,1,10,280,5,55,9,1,1,0,0,7,15.3333,,,,
5135366,1992,11904,1991,"BR","",437105,3,3,417,5,53,5,0,0.6,,0.6667,,23.4,0,0,,
5144923,1992,11939,1991,"BR","",369340,3,16,123,5,53,7,9,1,0.642,0.6122,3.6667,7.7143,0,0,0.3333,0.3333
5149363,1992,11953,1989,"BR","",,1,16,75,5,52,5,1,0.8,0,0,7,20.6,,,,
5150517,1992,11960,1991,"BR","",369340,3,5,29,5,52,10,3,0.8,0.4444,0.5313,4.3333,16,0.125,0.1,0.3333,0.3333
5150586,1992,11960,1990,"BR","",,1,14,62,6,69,26,1,0.7692,0,0.58,7,20.9231,,,,
5154741,1992,11974,1991,"BR","",437105,3,10,96,1,13,3,2,0.3333,0.5,0,4.5,43,0,0,0,0
5156729,1992,11981,1989,"BR","",369340,3,4,205,1,19,5,3,1,0.4444,0.32,5,11.6,0,0,0,0
5156789,1992,11981,1989,"BR","",101895,2,12,264,5,51,3,3,1,0.4444,0.4444,4.6667,3.3333,0,0,0,0
5163782,1992,12009,1991,"BR","",437105,3,9,405,6,64,7,1,1,0,0.4898,1,3.1429,0,0,1,1
5163982,1992,12009,1991,"BR","",437105,3,12,95,1,13,1,1,1,0,0,4,3,1,1,0,0
5165647,1992,12016,1991,"BR","",,1,4,248,6,69,5,4,1,0.625,0.72,4.25,13.8,,,,
5165787,1992,12016,1991,"BR","",,1,21,362,4,42,20,2,0.35,0.5,0,6.5,52.9,,,,
5169708,1992,12030,1992,"BR","",101895,2,4,428,6,69,4,3,1,0.6667,0.375,4,8.5,0,0,0,0
5171137,1992,12037,1991,"BR","",172940,3,11,417,5,53,3,4,1,0.375,0.6667,5.75,4.6667,0,0,0,0
5172985,1992,12044,1992,"BR","",688328,3,1,384,5,59,6,3,0.5,0.4444,0,2.3333,29,0,0,0,0
5173463,1992,12044,1991,"BR","",437105,3,10,502,1,19,2,5,1,0.56,0.5,3,6,0,0,0,0
5178339,1993,12065,1990,"BR","",688862,2,7,241,5,51,7,5,0.7143,0,0.64,5.6,28.7143,0,0,0,0
