3613409,1971,4309,1970,"BR","",,1,,70,6,65,,1,,0,,25,,,,,
3613474,1971,4309,1970,"BR","",204110,2,,74,5,59,,4,,0,,13.75,,,,0,0
3614826,1971,4316,1968,"BR","",,1,,29,5,52,,11,,0.4298,,17.9091,,,,,
3624719,1971,4351,1970,"BR","",271215,3,,82,5,51,,1,,0,,11,,,,0,0
3625098,1971,4358,1969,"BR","",271215,3,,82,5,51,,0,,,,,,,,,
3627618,1971,4365,1969,"BR","",,1,,156,1,19,,0,,,,,,,,,
3632014,1972,4386,1969,"BR","",329115,3,,220,6,68,,2,,0.5,,11.5,,,,0,0
3633560,1972,4393,1969,"BR","",,1,,124,5,59,,6,,0.7222,,22.6667,,,,,
3634915,1972,4400,1970,"BR","",,1,,24,6,63,,0,,,,,,,,,
3640706,1972,4421,1970,"BR","",,1,,75,5,52,,0,,,,,,,,,
3641864,1972,4428,1969,"BR","",,1,,84,6,69,,2,,0,,11,,,,,
3654920,1972,4484,1968,"BR","",,5,,606,3,32,,4,,0.5,,16.75,,,,,
3659460,1972,4505,1970,"BR","",,1,,73,4,43,,0,,,,,,,,,
3664477,1972,4526,1970,"BR","",158805,2,,400,5,59,,2,,0,,4.5,,,,0,0
3668285,1972,4540,1970,"BR","",597195,6,,264,5,51,,1,,0,,7,,,,0,0
3679654,1972,4589,1969,"BR","",,1,,530,1,15,,7,,0.449,,9.5714,,,,,
3680769,1972,4596,1970,"BR","",287125,3,,383,6,68,,2,,0,,11.5,,,,0,0
3682439,1972,4603,1971,"BR","",,1,,251,5,53,,1,,0,,13,,,,,
3685205,1972,4617,1970,"BR","",,1,,49,5,59,,1,,0,,15,,,,,
3688532,1972,4631,1970,"BR","",,1,,72,5,52,,1,,0,,11,,,,,
3692442,1972,4645,1970,"BR","",,1,,425,5,51,,7,,0.2449,,17.8571,,,,,
3698911,1972,4673,1970,"BR","",,1,,426,6,61,,3,,0,,5,,,,,
3719996,1973,4820,1971,"BR","",,1,,33,6,69,,3,,0,,5,,,,,
3724448,1973,4841,1970,"BR","",,1,,600,3,32,,5,,0.32,,26.8,,,,,
3725545,1973,4841,1971,"BR","",,1,,514,3,31,,8,,0.6563,,9.25,,,,,
3727352,1973,4855,1971,"BR","",,1,,451,5,51,,4,,0,,10.25,,,,,
3728107,1973,4855,1972,"BR","",88550,2,,75,5,52,,2,,0.5,,3,,,,0,0
3735541,1973,4897,1971,"BR","",,1,,52,6,69,,4,,0.375,,13,,,,,
3738583,1973,4911,1971,"BR","",,1,,241,5,51,,4,,0.375,,19,,,,,
3738585,1973,4911,1971,"BR","",,1,,241,5,51,,1,,0,,13,,,,,
3741590,1973,4925,1971,"BR","",,1,,285,6,67,,0,,,,,,,,,
3742115,1973,4925,1971,"BR","",,1,,84,6,69,,0,,,,,,,,,
3744998,1973,4939,1971,"BR","",88550,2,,420,5,52,,1,,0,,3,,,,0,0
3753376,1973,4981,1971,"BR","",174690,3,,74,5,59,,6,,0.4444,,7.8333,,,,0,0
3766453,1973,5037,1972,"BR","",478430,3,,310,4,45,,3,,0.4444,,13.6667,,,,0,0
3771811,1973,5065,1972,"BR","",,1,,280,5,55,,12,,0.1528,,17.3333,,,,,
3773298,1973,5072,1971,"BR","",,1,,366,1,19,,6,,0.7222,,9.8333,,,,,
3774865,1973,5079,1972,"BR","",,1,,244,5,55,,8,,0,,14.625,,,,,
3776433,1973,5086,1972,"BR","",271265,3,,222,1,19,,11,,0.6116,,16.8182,,,,0,0
3780917,1973,5107,1972,"BR","",482925,3,,223,6,63,,0,,,,,,,,,
3789050,1974,5142,1971,"BR","",88550,2,,523,1,15,,6,,0.7222,,12.5,,,,0,0
3791236,1974,5156,1973,"BR","",174690,3,,475,5,53,,0,,,,,,,,,
3791432,1974,5156,1972,"BR","",,1,,152,5,55,,2,,0,,22.5,,,,,
3793860,1974,5170,1972,"BR","",,1,,72,5,52,,1,,0,,2,,,,,
3795789,1974,5177,1971,"BR","",,1,,392,4,41,,3,,0,,12.6667,,,,,
3810467,1974,5247,1972,"BR","",153465,2,,128,3,32,,0,,,,,,,,,
3812262,1974,5254,1972,"BR","",254550,2,,514,3,31,,3,,0,,14.3333,,,,0,0
3817573,1974,5282,1972,"BR","",,1,,297,6,65,,2,,0,,22,,,,,
3820365,1974,5292,1973,"BR","",625115,2,,72,5,52,,2,,0.5,,10.5,,,,0,0
3821489,1974,5292,1969,"BR","",,1,,369,2,24,,4,,0.375,,13.75,,,,,
3830193,1974,5345,1971,"BR","",,1,,116,6,69,,0,,,,,,,,,
3836552,1974,5373,1972,"BR","",254145,3,,554,1,14,,2,,0.5,,11,,,,0.5,0.5
3839233,1974,5387,1972,"BR","",280765,2,,512,1,19,,2,,0,,12,,,,0,0
3845760,1974,5422,1973,"BR","",,1,,600,3,32,,5,,0.56,,17.6,,,,,
3847459,1974,5429,1972,"BR","",,1,,312,6,65,,2,,0.5,,18,,,,,
3849843,1974,5443,1973,"BR","",,1,,24,6,63,,1,,0,,2,,,,,
3851318,1974,5443,1973,"BR","",281120,2,,365,2,24,,16,,0.4844,,14.875,,,,0,0
3853120,1974,5457,1973,"BR","",,1,,600,3,32,,5,,0.48,,13.2,,,,,
3856486,1974,5471,1974,"BR","",551600,2,,96,1,13,,5,,0.48,,8.2,,,,0.2,0.2
3857427,1974,5478,1972,"BR","",,1,,152,5,55,,9,,0.1975,,8.4444,,,,,
3857978,1974,5478,1973,"BR","",117005,3,,426,6,61,,1,,0,,18,,,,0,0
3858338,1975,5485,1972,"BR","",269955,3,2,37,6,64,4,0,0.5,,0,,19.75,0,0,,
3869217,1975,5541,1973,"BR","",,1,6,403,6,67,6,0,1,,0,,5.1667,,,,
3879808,1975,5597,1974,"BR","",,1,8,24,6,63,2,1,1,0,0,13,3,,,,
3881513,1975,5604,1974,"BR","",551600,2,11,137,6,69,7,13,0.8571,0.7219,0.2778,11.3077,5,0.1667,0.1429,0,0
3882969,1975,5611,1973,"BR","",,1,6,187,5,55,3,3,0,0,,9.6667,41,,,,
3884387,1975,5618,1974,"BR","",25135,2,4,222,1,19,1,1,1,0,0,6,6,0,0,0,0
3884653,1975,5618,1973,"BR","",,1,4,96,1,13,6,8,0.3333,0.4063,0.5,14.75,29.6667,,,,
3887453,1975,5632,1972,"BR","",437105,3,8,208,1,19,7,7,1,0.2449,0,11.4286,5.8571,0,0,0.2857,0.2857
3895980,1975,5681,1973,"BR","",193320,3,6,149,1,19,6,1,0.8333,0,0.32,21,9.8333,0,0,0,0
3899201,1975,5702,1973,"BR","",,1,5,292,6,69,3,6,0.3333,0.4444,0,12,35.3333,,,,
3902370,1975,5723,1974,"BR","",,1,3,73,4,43,1,1,1,0,0,15,6,,,,
3906192,1975,5737,1974,"BR","",,1,1,235,5,59,5,0,1,,0.72,,3.2,,,,
3906450,1975,5737,1974,"BR","",,1,1,455,2,21,12,8,0.8333,0.6563,0.76,11,7.1667,,,,
3907606,1975,5744,1974,"BR","",551600,2,6,136,4,45,4,10,0.5,0.46,0.5,14.3,23,0,0,0,0
3912066,1975,5765,1973,"BR","",158805,2,15,400,5,59,24,0,0.5417,,0.568,,29.6667,0,0,,
3913207,1975,5772,1974,"BR","",,1,5,29,5,52,5,7,0.2,0.8163,0,10.1429,26,,,,
3915758,1975,5779,1973,"BR","",369340,3,7,148,5,52,2,1,0.5,0,0,7,18.5,0,0,0,0
3936952,1976,5884,1974,"BR","",321235,3,10,34,1,19,4,0,0.5,,0,,18.25,1,0.25,,
3939230,1976,5891,1971,"BR","",44005,3,1,261,1,19,11,4,0.1818,0.625,0.5,12,38.4545,0,0,0,0
3940064,1976,5898,1975,"BR","",,1,8,239,5,59,9,1,0.6667,0,0.6111,17,9.1111,,,,
3945416,1976,5926,1974,"BR","",,1,5,74,5,59,4,5,0,0,,16.2,42.75,,,,
3945540,1976,5926,1973,"BR","",,1,10,222,1,19,7,0,0.4286,,0,,32.2857,,,,
3948376,1976,5940,1973,"BR","",149510,3,6,194,5,59,6,15,1,0.7467,0.6667,17.0667,9.5,0,0,0,0
3949781,1976,5947,1974,"BR","",16870,3,2,137,6,69,2,6,0,0.7222,,13.8333,24,0,0,0.2,0.1667
3950618,1976,5947,1972,"BR","",,1,29,379,2,21,8,19,0.75,0.5596,0.6111,16.4737,10.125,,,,
3955576,1976,5975,1975,"BR","",313200,2,5,604,3,32,3,8,1,0.6563,0.6667,7.75,4.3333,0,0,0,0
3958201,1976,5982,1974,"BR","",218550,2,6,336,4,41,4,1,0.5,0,0,22,16.5,0,0,0,0
3969028,1976,6038,1974,"BR","",,1,8,401,1,12,6,2,0,0,,16.5,56.5,,,,
3976202,1976,6080,1975,"BR","",,1,2,212,5,59,2,2,0.5,0.5,0,17.5,46,,,,
3980270,1976,6101,1975,"BR","",,1,2,251,5,53,7,5,0.1429,0.32,0,7.6,22.2857,,,,
3980416,1976,6101,1975,"BR","",437105,3,12,431,6,66,4,10,1,0.58,0,13.4,2.5,0,0,0.1,0.1
3982102,1976,6108,1971,"BR","",,1,1,235,5,59,4,7,1,0.4898,0.625,12.8571,7.25,,,,
3984057,1976,6122,1975,"BR","",,1,2,241,5,51,7,4,0.7143,0.375,0.32,13.75,8.2857,,,,
3987578,1976,6143,1975,"BR","",,1,7,43,6,61,4,9,0.25,0,0,14.7778,20.5,,,,
3990181,1976,6157,1974,"BR","",,1,1,47,6,61,12,3,0.1667,0.4444,0.5,15.3333,42.0833,,,,
4001957,1977,6220,1974,"BR","",,1,17,40,6,69,4,3,0,0.6667,,16,57.75,,,,
4002010,1977,6220,1975,"BR","",,1,10,56,6,61,7,1,0.5714,0,0,15,17.8571,,,,
4006510,1977,6248,1975,"BR","",271235,3,2,15,6,69,9,2,0,0,,17,48.1111,0,0,0,0
4007961,1977,6255,1975,"BR","",,1,7,297,6,65,4,5,0.5,0.48,0.5,11,31.75,,,,
4012362,1977,6283,1975,"BR","",55665,3,3,528,1,15,2,4,0.5,0.75,0,4,18,0,0,0,0
4012871,1977,6290,1972,"BR","",3185,3,6,52,6,69,7,12,0.7143,0.1528,0,13.25,16,0,0,0,0
4013470,1977,6290,1975,"BR","",160890,2,16,430,1,19,2,6,1,0,0,15.8333,9.5,1,0.5,0.8333,0.8333
4032489,1977,6388,1975,"BR","",601600,2,4,524,1,15,14,3,1,0,0.8571,10.3333,5.0714,0,0,0.3333,0.3333
4032981,1977,6388,1975,"BR","",437425,3,8,360,2,24,7,3,0.4286,0.4444,0.4444,4,18,0,0,0,0
4034682,1977,6402,1975,"BR","",,1,4,108,6,69,9,0,0.4444,,0.625,,22.3333,,,,
4036413,1977,6409,1976,"BR","",436310,3,4,222,1,19,1,0,0,,,,19,0,0,,
4037789,1977,6416,1976,"BR","",,1,12,239,5,59,6,0,0.3333,,0.5,,20,,,,
4038129,1977,6416,1975,"BR","",,1,13,159,1,19,10,2,0.3,0.5,0.6667,18.5,38.3,,,,
