5569435,1996,13451,1994,"BR","",437105,3,5,422,1,19,9,0,1,,0.4938,,9.2222,0,0,,
5571475,1996,13458,1994,"BR","",320215,3,13,266,5,52,5,0,0.6,,0.4444,,25.4,0,0,,
5572182,1996,13458,1994,"BR","",437105,3,13,340,2,21,6,0,1,,0.2778,,15.6667,0,0,,
5576258,1996,13472,1995,"BR","",437105,3,6,502,1,19,16,0,1,,0.4766,,19.0625,0,0,,
5577535,1996,13479,1995,"BR","",437105,3,2,138,6,67,3,1,1,0,0.4444,2,12.6667,0,0,0,0
5578583,1996,13479,1995,"BR","",,5,4,514,3,31,14,0,1,,0.6939,,7.7143,,,,
5580362,1996,13486,1995,"BR","",320215,3,28,48,1,13,16,0,0.5625,,0.3704,,27.0625,0,0,,
5580391,1996,13486,1994,"BR","",437105,3,13,134,6,69,4,0,1,,0.625,,6.5,0.5,0.5,,
5580855,1996,13486,1994,"BR","",687212,3,7,514,3,31,7,0,1,,0.4898,,10,0.2,0.1429,,
5581231,1996,13486,1994,"BR","",,1,17,340,2,21,5,2,1,0,0.48,3,4.2,,,,
5582163,1996,13493,1993,"BR","",700576,3,17,128,3,32,4,2,1,0,0,3,18.5,0,0,0,0
5582412,1996,13493,1993,"BR","",726301,3,7,277,6,67,11,1,1,0,0.1653,3,18.5455,0,0,1,1
5584365,1996,13500,1994,"BR","",670697,2,17,187,5,55,6,1,0.6667,0,0.375,2,22.6667,0.3333,0.1667,0,0
5587543,1996,13507,1995,"BR","",,1,13,84,6,69,3,1,1,0,0,2,9,,,,
5588226,1996,13514,1995,"BR","",,1,8,36,6,63,5,0,0.6,,0,,53.4,,,,
5588351,1996,13514,1994,"BR","",369340,3,13,92,5,53,14,0,1,,0.6224,,9.7143,0.1538,0.1429,,
5590948,1997,13521,1995,"BR","",368935,3,8,362,4,42,7,2,1,0,0.5714,2,10.7143,0,0,0,0
5593447,1997,13528,1995,"BR","",,1,9,623,3,39,3,0,1,,0.6667,,7.3333,,,,
5595285,1997,13535,1994,"BR","",368935,3,11,200,4,41,6,0,1,,0.5,,8.1667,0,0,,
5595322,1997,13535,1994,"BR","",,1,10,220,6,68,10,2,1,0.5,0.76,3.5,10.5,,,,
5599674,1997,13549,1995,"BR","",,5,11,435,3,33,2,0,1,,0,,6,,,,
5600978,1997,13556,1994,"BR","",683010,3,21,70,6,65,6,1,0.3333,0,0.5,3,60.5,0,0,1,1
5601425,1997,13556,1994,"BR","",686347,2,9,431,6,66,21,6,1,0.4444,0.254,2.3333,7.5714,0.1905,0.1905,0.3333,0.3333
5602943,1997,13556,1994,"BR","",,1,6,382,2,22,16,3,1,0.4444,0.5781,2.3333,6.625,,,,
5603358,1997,13563,1995,"BR","",728019,3,13,138,6,67,7,2,0.7143,0,0.32,1,25.5714,0,0,0,0
5607903,1997,13577,1995,"BR","",437105,3,5,507,6,64,1,0,1,,0,,9,0,0,,
5607981,1997,13577,1994,"BR","",705866,3,14,521,1,15,7,0,1,,0.7347,,16.4286,0.1429,0.1429,,
5609527,1997,13584,1994,"BR","",224775,3,1,464,5,53,10,0,0.6,,0.2778,,33.8,0.2,0.1,,
5611327,1997,13591,1994,"BR","",,1,19,126,6,66,10,0,1,,0.8,,9.2,,,,
5612749,1997,13591,1994,"BR","",,1,9,348,4,49,3,1,1,0,0,2,7,,,,
5614022,1997,13598,1994,"BR","",728906,3,7,118,1,12,7,0,0.7143,,0.64,,31,0,0,,
5616110,1997,13605,1995,"BR","",,1,15,482,5,59,9,1,1,0,0.1975,3,8.7778,,,,
5617997,1997,13612,1996,"BR","",686347,2,17,239,5,59,23,2,0.8261,0,0.5651,0,22.2174,0.1111,0.087,0,0
5618288,1997,13612,1996,"BR","",,1,5,606,3,32,8,1,0.875,0,0.449,1,13.25,,,,
5622570,1997,13626,1994,"BR","",437105,3,8,134,6,69,10,0,0.7,,0.8163,,26.3,0,0,,
5624286,1997,13633,1995,"BR","",695811,2,18,439,4,41,11,0,1,,0.1653,,14.4545,0,0,,
5624407,1997,13633,1995,"BR","",,1,1,604,3,32,9,0,0.6667,,0,,25,,,,
5626819,1997,13640,1995,"BR","",,5,11,422,1,19,7,0,0.7143,,0.64,,25,,,,
5628277,1997,13647,1995,"BR","",,1,19,119,6,61,3,0,1,,0,,7,,,,
5632633,1997,13661,1996,"BR","",695811,2,21,439,4,41,18,1,0.8889,0,0.2266,1,14.2778,0.0769,0.0556,0,0
5634497,1997,13668,1995,"BR","",228390,2,4,138,6,67,5,0,0.8,,0.625,,14.6,0,0,,
5634955,1997,13668,1995,"BR","",597180,6,7,65,5,51,2,0,1,,0.5,,5,0,0,,
5636742,1997,13675,1995,"BR","",730770,3,7,206,6,68,5,0,0.6,,0.4444,,23,0,0,,
5637060,1997,13675,1996,"BR","",,1,7,482,5,59,13,1,0.7692,0,0.18,1,19.0769,,,,
5639313,1997,13682,1993,"BR","",437105,3,6,134,6,69,13,3,0.9231,0,0.6944,3.6667,15.7692,0.0833,0.0769,1,1
5642453,1997,13689,1995,"BR","",566545,3,39,385,2,21,8,1,1,0,0.2188,1,5.875,0,0,0,0
5642965,1997,13696,1994,"BR","",437105,3,6,405,6,64,15,1,0.9333,0,0.7041,2,19.7333,0,0,0,0
5647208,1997,13710,1996,"BR","",,5,5,60,4,45,11,1,1,0,0.5455,1,18.7273,,,,
5647512,1997,13710,1996,"BR","",731733,3,3,222,1,19,7,0,0.8571,,0.2778,,13.2857,0,0,,
5651267,1997,13724,1995,"BR","",172940,3,6,62,6,69,7,0,0.4286,,0.4444,,41.8571,0,0,,
5655441,1997,13738,1996,"BR","",,1,3,99,6,61,13,0,1,,0.2604,,6.4615,,,,
5655682,1997,13738,1995,"BR","",730770,3,1,221,5,51,2,1,1,0,0,3,18.5,0,0,0,0
5657896,1997,13745,1996,"BR","",,1,42,220,6,68,13,0,0.9231,,0.4167,,8.1538,,,,
5659142,1997,13745,1995,"BR","",437105,3,9,73,4,43,6,0,1,,0.7778,,17.1667,0,0,,
5660200,1997,13752,1995,"BR","",732807,2,1,137,6,69,9,0,1,,0.642,,16.3333,0,0,,
5662512,1997,13759,1995,"BR","",733032,3,4,450,6,63,11,0,0.3636,,0.625,,56.1818,0,0,,
5664936,1997,13766,1995,"BR","",718123,3,8,416,1,19,5,0,0.8,,0.5,,31.6,0,0,,
5665949,1997,13766,1995,"BR","",437105,3,6,208,1,19,9,0,1,,0.4938,,10.3333,0,0,,
5666754,1997,13773,1995,"BR","",204465,3,6,42,5,59,5,0,0.4,,0,,45.6,0,0,,
5671655,1997,13787,1995,"BR","",172940,3,6,92,5,53,4,0,1,,0.625,,8.5,0.25,0.25,,
5671813,1997,13787,1995,"BR","",437105,3,8,166,6,64,8,2,0.75,0,0.4444,2.5,24.875,0,0,0,0
5673674,1997,13794,1996,"BR","",733972,3,3,123,5,53,7,1,0.8571,0,0.5,0,15,0,0,0,0
5675998,1997,13801,1995,"BR","",,1,13,70,6,65,15,0,1,,0.7111,,7.1333,,,,
5676179,1997,13801,1995,"BR","",734205,3,2,139,6,63,3,0,0.6667,,0.5,,30.6667,0,0,,
5677354,1997,13801,1996,"BR","",,1,22,521,1,15,5,0,1,,0.56,,12.2,,,,
5678254,1997,13808,1994,"BR","",,1,1,4,6,65,9,1,1,0,0.7901,3,14.7778,,,,
5678983,1997,13808,1996,"BR","",172940,3,14,417,5,53,0,0,,,,,,,,,
5679250,1997,13808,1995,"BR","",551110,3,6,210,1,19,12,1,0.9167,0,0.4959,2,16.5,0,0,0,0
5679530,1997,13808,1995,"BR","",344615,2,8,435,3,33,0,0,,,,,,,,,
5683146,1997,13822,1996,"BR","",,1,17,300,6,69,2,1,1,0,0,1,2.5,,,,
5684078,1997,13822,1995,"BR","",54355,3,11,524,1,15,6,0,1,,0.6111,,13.8333,0,0,,
5684155,1997,13822,1996,"BR","",734847,3,14,548,1,14,5,0,1,,0.64,,15.4,0,0,,
5685407,1997,13829,1995,"BR","",194105,3,17,192,5,53,9,1,1,0,0.8148,2,7.2222,0.125,0.1111,0,0
5687488,1997,13836,1995,"BR","",,1,4,33,6,69,3,0,1,,0.6667,,10,,,,
5692602,1997,13850,1996,"BR","",182890,2,1,206,6,68,9,0,1,,0,,4.4444,0.5556,0.5556,,
5692887,1997,13850,1996,"BR","",172940,3,5,418,5,53,3,0,0.3333,,0,,38.6667,0,0,,
5695267,1997,13857,1996,"BR","",,1,26,353,5,54,5,0,0.8,,0.375,,16.8,,,,
5696661,1997,13857,1996,"BR","",,1,29,361,4,45,2,0,1,,0,,23.5,,,,
5704504,1998,13885,1995,"BR","",736611,3,15,215,6,68,13,1,0.6923,0,0.716,2,23.3077,0,0,0,0
5706007,1998,13885,1995,"BR","",736728,2,22,341,2,22,2,2,1,0.5,0.5,2,2,0,0,0,0
5707155,1998,13892,1995,"BR","",,1,7,384,5,59,3,0,0,,,,58,,,,
5707220,1998,13892,1996,"BR","",172940,3,9,417,5,53,5,0,1,,0.56,,11.6,0,0,,
5712804,1998,13906,1996,"BR","",737343,3,9,702,2,22,7,1,1,0,0.6939,0,10,0,0,0,0
5718755,1998,13927,1996,"BR","",55665,3,10,106,1,12,5,0,1,,0,,10,0.6,0.6,,
5720218,1998,13934,1996,"BR","",,1,12,99,6,61,2,0,1,,0.5,,6,,,,
5720219,1998,13934,1996,"BR","",,1,6,99,6,61,3,0,1,,0,,6.3333,,,,
5721796,1998,13934,1996,"BR","",722326,2,7,385,2,21,6,0,1,,0.7222,,6,0,0,,
5722982,1998,13941,1996,"BR","",734499,2,9,606,3,32,6,2,0.8333,0,0.32,1,16.6667,0,0,0,0
5725435,1998,13948,1996,"BR","",,1,10,472,6,62,4,0,1,,0.375,,15.25,,,,
5726816,1998,13948,1996,"BR","",368935,3,2,359,5,54,4,1,1,0,0.5,1,7.75,0.6667,0.5,1,1
5730493,1998,13962,1996,"BR","",,1,3,297,6,65,14,0,0.7143,,0.18,,20.0714,,,,
5730763,1998,13962,1996,"BR","",320215,3,17,48,1,13,17,0,0.5882,,0.48,,27.4706,0,0,,
5730984,1998,13962,1995,"BR","",739451,3,25,424,3,31,2,0,1,,0,,10,0,0,,
5731055,1998,13962,1995,"BR","",739012,3,9,428,6,69,3,1,1,0,0.4444,2,12.6667,0,0,0,0
5733331,1998,13969,1995,"BR","",739208,3,14,623,3,39,8,0,1,,0.5313,,6.75,0,0,,
5736039,1998,13976,1994,"BR","",,1,18,210,1,19,3,1,1,0,0.4444,3,7,,,,
5736348,1998,13976,1995,"BR","",739451,3,4,435,3,33,0,0,,,,,,,,,
5737730,1998,13976,1996,"BR","",739530,3,21,705,2,22,5,0,1,,0.56,,10.2,0,0,,
5737864,1998,13983,1996,"BR","",,1,17,42,5,59,10,0,0.8,,0,,19,,,,
5741917,1998,13990,1996,"BR","",254145,3,9,554,1,14,1,0,1,,0,,3,0,0,,
5747960,1998,14004,1996,"BR","",740449,3,11,318,4,45,3,2,1,0.5,0.4444,1.5,6.3333,0,0,0,0
5748487,1998,14004,1995,"BR","",693998,3,13,395,2,22,5,0,1,,0,,4.2,0,0,,
5749443,1998,14011,1995,"BR","",670697,2,11,187,5,55,9,0,1,,0.1975,,11.6667,0.125,0.1111,,
5755531,1998,14025,1996,"BR","",437105,3,3,405,6,64,4,0,1,,0.375,,19,0,0,,
5761440,1998,14032,1994,"BR","",280070,2,10,709,2,22,2,1,1,0,0.5,3,12.5,0,0,0,0
5762164,1998,14039,1997,"BR","",172940,3,6,184,5,59,8,0,1,,0.75,,13.5,0,0,,
5762479,1998,14039,1997,"BR","",172940,3,5,417,5,53,8,0,1,,0.375,,9.625,0,0,,
5765885,1998,14046,1995,"BR","",683010,3,9,292,6,69,12,0,1,,0.5417,,10.1667,0.0909,0.0833,,
5771941,1998,14060,1995,"BR","",,1,14,138,6,67,16,0,0.5625,,0.6667,,42.4375,,,,
5780699,1998,14074,1996,"BR","",437105,3,11,585,1,19,11,0,1,,0.4298,,15.8182,0,0,,
5782535,1998,14081,1997,"BR","",743261,3,18,297,6,65,13,0,0.5385,,0,,43.4615,0,0,,
5783045,1998,14081,1996,"BR","",687123,2,2,162,1,19,19,0,0.5789,,0.3967,,26.2105,0,0,,
5783256,1998,14081,1996,"BR","",,1,11,427,1,12,3,0,1,,0.4444,,4,,,,
5792161,1998,14102,1996,"BR","",,1,9,606,3,32,2,0,1,,0.5,,7,,,,
5794728,1998,14109,1996,"BR","",491685,3,11,175,6,64,4,2,1,0,0,1,19.25,0,0,1,1
5797521,1998,14116,1996,"BR","",744593,3,6,222,1,19,7,0,0.7143,,0,,23.7143,0,0,,
5800040,1998,14123,1994,"BR","",368935,3,16,362,4,42,4,0,1,,0,,8.75,0,0,,
5800680,1998,14123,1996,"BR","",437105,3,6,201,1,19,1,0,1,,0,,13,0,0,,
5802828,1998,14130,1996,"BR","",745068,3,24,57,6,63,13,1,1,0,0.7692,2,16.5385,0,0,0,0
5802964,1998,14130,1996,"BR","",,1,6,99,6,61,2,0,1,,0,,19,,,,
5807950,1998,14137,1997,"BR","",437105,3,4,526,1,15,10,0,1,,0.72,,13.6,0.1111,0.1,,
5809866,1998,14144,1996,"BR","",745668,3,20,92,5,53,6,0,1,,0.4444,,15.8333,0,0,,
5810783,1998,14144,1995,"BR","",,1,2,604,3,32,13,0,0.7692,,0,,32.4615,,,,
5811240,1998,14144,1996,"BR","",597175,6,17,435,3,33,0,0,,,,,,,,,
5811362,1998,14144,1997,"BR","",437105,3,4,502,1,19,10,0,1,,0.72,,13.6,0.1111,0.1,,
5813703,1998,14151,1997,"BR","",745989,3,11,285,6,67,4,0,1,,0,,1.5,0,0,,
5813795,1998,14151,1996,"BR","",718123,3,12,403,6,67,12,0,0.9167,,0.6612,,15.5,0,0,,
5817117,1998,14158,1997,"BR","",746330,2,3,606,3,32,3,1,1,0,0.4444,1,3.6667,0,0,0,0
5819847,1998,14165,1996,"BR","",437105,3,7,166,6,64,4,0,0.75,,0,,48.25,0,0,,
5823445,1998,14172,1996,"BR","",,1,16,239,5,59,6,0,1,,0.6111,,12.8333,,,,
5823730,1998,14172,1996,"BR","",473840,3,5,413,5,52,6,0,1,,0.5,,22,0,0,,
5824160,1998,14172,1996,"BR","",437105,3,14,134,6,69,5,0,1,,0.72,,10.2,0.4,0.4,,
5827963,1998,14179,1996,"BR","",736728,2,30,73,4,43,15,0,1,,0.4356,,13.2667,0,0,,
5829261,1998,14186,1997,"BR","",747409,3,3,62,6,69,3,0,0.6667,,0,,24.6667,0,0,,
5830088,1998,14186,1997,"BR","",,1,8,473,6,62,21,0,1,,0.0907,,6.5714,,,,
5831550,1998,14186,1997,"BR","",739530,3,13,340,2,21,1,0,1,,0,,14,0,0,,
5833090,1998,14193,1996,"BR","",697913,3,5,215,6,68,7,0,0.8571,,0.7778,,22,0.4,0.2857,,
5834757,1998,14193,1996,"BR","",566145,3,8,235,5,59,2,1,1,0,0.5,0,11,0,0,1,1
5836530,1998,14200,1997,"BR","",441005,3,10,241,5,51,4,0,0.75,,0,,20,0,0,,
5837367,1998,14200,1996,"BR","",748152,3,19,428,6,69,12,0,1,,0.8472,,10.25,0,0,,
5839600,1998,14207,1997,"BR","",748355,3,10,220,6,68,7,1,1,0,0.4082,0,18.1429,0,0,0,0
5840658,1998,14207,1996,"BR","",437105,3,18,504,1,11,11,0,1,,0.3967,,10.3636,0,0,,
5841654,1998,14207,1995,"BR","",736728,2,15,700,2,22,13,2,1,0.5,0.7811,2,6,0,0,0,0
5842489,1998,14214,1996,"BR","",110775,2,23,132,6,65,12,0,0.9167,,0.1653,,17.1667,0,0,,
5844733,1998,14214,1997,"BR","",368935,3,7,359,5,54,3,0,1,,0.4444,,6.3333,0.6667,0.6667,,
5845582,1998,14221,1997,"BR","",748840,3,12,104,5,55,14,0,0.8571,,0.7361,,30.3571,0,0,,
5845910,1998,14221,1996,"BR","",726301,3,3,277,6,67,6,0,0.8333,,0.32,,14.8333,0.25,0.1667,,
5846195,1998,14221,1996,"BR","",748912,3,4,600,3,32,2,0,1,,0.5,,18,0,0,,
5851281,1998,14235,1997,"BR","",749336,2,119,106,1,12,24,0,0.9583,,0.8091,,14.7917,0,0,,
5853031,1998,14242,1995,"BR","",,1,5,138,6,67,8,0,1,,0.5938,,12.75,,,,
5853261,1998,14242,1997,"BR","",749497,3,11,403,6,67,3,0,1,,0.4444,,10.3333,0,0,,
5853784,1998,14242,1997,"BR","",76315,3,21,426,6,61,3,0,1,,0,,20.6667,0,0,,
5855249,1999,14249,1996,"BR","",749675,3,,180,5,55,10,0,0.9,,0.3704,,22.3,0,0,,
5855398,1999,14249,1997,"BR","",745989,3,,285,6,67,5,0,1,,0,,7,0,0,,
5855433,1999,14249,1997,"BR","",,1,,382,2,22,5,0,1,,0.72,,5.8,,,,
5857279,1999,14256,1996,"BR","",204465,3,,42,5,59,3,0,1,,0,,14.6667,0,0,,
5857289,1999,14256,1996,"BR","",,1,,47,6,61,3,0,1,,0,,8.3333,,,,
5857498,1999,14256,1997,"BR","",737028,2,,139,6,63,5,1,1,0,0,1,6,0,0,0,0
5858204,1999,14256,1996,"BR","",437105,3,,205,1,19,4,0,0.75,,0.4444,,28.75,0,0,,
5858228,1999,14256,1994,"BR","",,1,,210,1,19,5,0,0.8,,0,,23.2,,,,
5862961,1999,14270,1997,"BR","",267665,2,,222,1,19,5,0,1,,0.48,,16.2,0,0,,
5868634,1999,14284,1997,"BR","",,1,,473,6,62,4,0,1,,0,,23.5,,,,
5868925,1999,14284,1997,"BR","",,1,,210,1,19,3,0,1,,0.4444,,11,,,,
5870700,1999,14284,1996,"BR","",751028,2,,704,2,22,6,0,1,,0.2778,,6,0,0,,
5874050,1999,14298,1996,"BR","",,1,,422,1,19,16,0,0.75,,0.5694,,28.5625,,,,
5874059,1999,14298,1996,"BR","",751360,3,,424,3,31,2,0,1,,0.5,,14,0,0,,
5879463,1999,14312,1997,"BR","",751816,3,,127,1,11,3,0,1,,0.4444,,15.3333,0,0,,
5881897,1999,14319,1997,"BR","",697913,3,,220,6,68,13,0,0.4615,,0.6667,,41.8462,1,0.1538,,
5885302,1999,14326,1997,"BR","",752306,3,,8,1,11,4,0,0.5,,0,,38,0,0,,
5888188,1999,14333,1997,"BR","",,5,,600,3,32,3,0,1,,0.4444,,12,,,,
5891262,1999,14340,1997,"BR","",437105,3,,134,6,69,10,0,1,,0.58,,13,0.3,0.3,,
5893843,1999,14347,1997,"BR","",,1,,604,3,32,27,0,0.963,,0.2101,,10.037,,,,
5895367,1999,14354,1997,"BR","",,1,,602,3,32,2,0,0,,,,74.5,,,,
5899165,1999,14368,1997,"BR","",437105,3,,114,5,55,12,0,1,,0.4028,,16.5833,0,0,,
5899243,1999,14368,1996,"BR","",753490,3,,141,5,51,14,0,0.9286,,0.6627,,19.5714,0,0,,
5899352,1999,14368,1997,"BR","",753506,3,,220,6,68,9,0,0.6667,,0,,43,0,0,,
5899434,1999,14368,1996,"BR","",749675,3,,251,5,53,2,0,1,,0,,32,0,0,,
5900049,1999,14368,1997,"BR","",,1,,106,1,12,3,0,1,,0.6667,,9.6667,,,,
5901521,1999,14375,1997,"BR","",,1,,52,6,69,29,0,0.4828,,0.4694,,47.1379,,,,
5903135,1999,14375,1998,"BR","",,1,,320,4,45,4,0,1,,0.625,,3.5,,,,
5903208,1999,14375,1998,"BR","",745436,2,,337,4,41,16,0,1,,0.3203,,8.9375,0,0,,
5904659,1999,14382,1997,"BR","",720879,2,,601,3,32,54,0,1,,0.5473,,8.6852,0.0435,0.037,,
5904858,1999,14382,1997,"BR","",,1,,210,1,19,6,0,0.8333,,0.72,,19.6667,,,,
5909902,1999,14403,1997,"BR","",717049,3,,285,6,67,22,0,0.7273,,0.4219,,28.8636,0.1111,0.0455,,
5910003,1999,14403,1997,"BR","",204465,3,,42,5,59,10,0,0.6,,0,,46.7,0,0,,
5910169,1999,14403,1997,"BR","",739208,3,,623,3,39,7,0,1,,0.4082,,15.1429,0,0,,
5913495,1999,14417,1997,"BR","",754357,3,,248,6,69,8,0,0.875,,0.6122,,16.5,0,0,,
5915587,1999,14424,1997,"BR","",,1,,220,6,68,8,0,1,,0.6563,,12.375,,,,
5918563,1999,14431,1996,"BR","",437105,3,,114,5,55,4,0,0.75,,0.4444,,15.75,0,0,,
5918620,1999,14431,1998,"BR","",172940,3,,137,6,69,5,0,0.6,,0.6667,,30,0,0,,
5921268,1999,14438,1997,"BR","",537250,3,,137,6,69,8,0,0.75,,0.6111,,30.875,0,0,,
5924797,1999,14445,1997,"BR","",683010,3,,383,6,68,6,0,0.6667,,0.625,,28.8333,0.5,0.1667,,
5929416,1999,14452,1997,"BR","",566145,3,,235,5,59,4,0,1,,0,,6,0,0,,
5934039,1999,14466,1997,"BR","",,1,,52,6,69,10,0,0.6,,0.2778,,42,,,,
5935427,1999,14466,1997,"BR","",437105,3,,210,1,19,6,0,0.6667,,0.375,,23.3333,0,0,,
5939461,1999,14473,1995,"BR","",726215,2,,514,3,31,1,0,1,,0,,17,0,0,,
5939809,1999,14473,1997,"BR","",172940,3,,310,4,45,1,0,1,,0,,31,0,0,,
5941119,1999,14480,1997,"BR","",757224,3,,72,5,52,3,0,1,,0,,9.6667,0,0,,
5942339,1999,14480,1996,"BR","",757358,3,,428,6,69,4,0,0.5,,0.5,,35.75,0,0,,
5942718,1999,14480,1998,"BR","",757386,3,,102,1,19,10,0,1,,0.46,,18.4,0,0,,
5947642,1999,14494,1997,"BR","",437105,3,,405,6,64,11,0,1,,0.6777,,23.2727,0,0,,
5952275,1999,14501,1997,"BR","",296145,2,,510,1,19,10,0,1,,0.18,,9.5,0,0,,
5952276,1999,14501,1997,"BR","",726215,2,,510,1,19,9,0,1,,0,,4.2222,0.2222,0.2222,,
5952622,1999,14501,1997,"BR","",,1,,181,6,69,5,0,1,,0.56,,9,,,,
5956448,1999,14508,1997,"BR","",758580,3,,385,2,21,6,0,1,,0,,7.6667,0,0,,
5959940,1999,14515,1996,"BR","",758895,3,,368,6,69,8,0,0.875,,0.449,,16.75,0,0,,
5960690,1999,14522,1997,"BR","",271215,3,,82,5,51,7,0,0.7143,,0.32,,27.7143,0,0,,
5962106,1999,14522,1997,"BR","",759114,3,,428,6,69,11,0,1,,0.1653,,9.5455,0,0,,
5962820,1999,14522,1997,"BR","",728019,3,,181,6,69,5,0,1,,0.56,,7.2,0,0,,
5966848,1999,14536,1997,"BR","",754357,3,,37,6,64,3,0,0.3333,,0,,60.3333,0,0,,
5969891,1999,14536,1998,"BR","",368935,3,,359,5,54,3,0,0.6667,,0.5,,20.6667,0,0,,
5970674,1999,14543,1997,"BR","",,1,,52,6,69,9,0,0.6667,,0.6667,,34.8889,,,,
5971675,1999,14543,1997,"BR","",271215,3,,408,5,51,10,0,0.9,,0.5185,,22.5,0.6,0.3,,
5971720,1999,14543,1998,"BR","",172940,3,,417,5,53,3,0,1,,0,,2.3333,0,0,,
5972290,1999,14543,1997,"BR","",,1,,422,1,19,10,0,1,,0.82,,7.3,,,,
5974656,1999,14550,1998,"BR","",172940,3,,29,5,52,1,0,1,,0,,19,0,0,,
5979066,1999,14557,1997,"BR","",,1,,33,6,69,4,0,0.5,,0.5,,45,,,,
5979077,1999,14557,1999,"BR","",,1,,36,6,63,3,0,0,,,,71.3333,,,,
5979943,1999,14557,1993,"BR","",437105,3,,285,6,67,5,0,1,,0.48,,12,0,0,,
5980051,1999,14557,1998,"BR","",368935,3,,359,5,54,3,0,1,,0,,2.6667,0,0,,
5980651,1999,14557,1996,"BR","",,1,,148,5,52,0,0,,,,,,,,,
5984183,1999,14564,1998,"BR","",566145,3,,235,5,59,5,0,1,,0,,6.6,0,0,,
5984192,1999,14564,1996,"BR","",566145,3,,235,5,59,18,0,1,,0.3642,,16.6667,0.0909,0.0556,,
5985194,1999,14564,1998,"BR","",368935,3,,264,5,51,5,0,1,,0.56,,11.8,0,0,,
5988361,1999,14571,1998,"BR","",754357,3,,198,5,59,1,0,1,,0,,3,0,0,,
5989558,1999,14571,1997,"BR","",,1,,424,3,31,9,0,1,,0.642,,11,,,,
5991950,1999,14578,1999,"BR","",,1,,12,6,63,5,0,0.4,,0.5,,35.8,,,,
5992254,1999,14578,1997,"BR","",761762,3,,74,5,59,16,0,0.8125,,0.3905,,18.625,0,0,,
5993110,1999,14578,1998,"BR","",761836,3,,404,6,69,0,0,,,,,,,,,
5996656,1999,14585,1998,"BR","",762143,3,,144,5,51,7,0,0.8571,,0.2778,,19.8571,0,0,,
5996696,1999,14585,1997,"BR","",194495,2,,166,6,64,31,0,0.8387,,0.074,,26.3226,0,0,,
6000138,1999,14592,1994,"BR","",762414,3,,30,6,65,5,0,0.8,,0,,29.4,0,0,,
6001751,1999,14592,1998,"BR","",362215,2,,442,1,11,6,0,1,,0.6667,,1.8333,0,0,,
6003178,1999,14599,1996,"BR","",,1,,5,6,65,4,0,0.75,,0.4444,,29,,,,
6003189,1999,14599,1998,"BR","",,1,,15,6,69,4,0,1,,0,,9,,,,
6003528,1999,14599,1997,"BR","",437105,3,,134,6,69,4,0,1,,0.625,,11.5,0.5,0.5,,
6003558,1999,14599,1998,"BR","",762715,3,,138,6,67,5,0,0.8,,0.5,,26.6,0,0,,
6004113,1999,14599,1999,"BR","",53520,2,,417,5,53,8,0,0.625,,0,,33.375,0,0,,
6004115,1999,14599,1996,"BR","",172940,3,,417,5,53,9,0,1,,0.4938,,20.2222,0,0,,
6004511,1999,14599,1998,"BR","",55570,2,,422,1,19,15,0,1,,0.56,,14.5333,0.1538,0.1333,,
6006534,1999,14606,1998,"BR","",90590,2,,62,6,69,6,0,1,,0.6667,,12.5,0.6667,0.6667,,
6006901,1999,14606,1998,"BR","",763048,3,,206,6,68,8,0,0.75,,0.5,,28.125,0,0,,
6008890,1999,14606,1997,"BR","",754357,3,,356,4,43,5,0,1,,0.8,,7.6,0,0,,
