4043862,1977,6444,1975,"BR","",183475,3,19,162,1,19,7,55,0.5714,0.6301,0.5,18.2545,19.7143,0,0,0.0189,0.0182
4049946,1977,6472,1975,"BR","",184280,2,1,219,4,49,10,3,0.7,0,0.6939,10.6667,13.4,0,0,0,0
4050263,1977,6479,1976,"BR","",478430,3,14,62,6,69,7,8,0.5714,0.4688,0.375,8.5,20.8571,0,0,0.125,0.125
4051481,1977,6479,1976,"BR","",,1,2,343,2,21,4,2,1,0,0.375,11.5,5.25,,,,
4051646,1977,6486,1976,"BR","",,1,2,53,6,68,4,0,0.5,,0,,13.75,,,,
4052489,1977,6486,1976,"BR","",,1,5,261,1,19,7,1,0.2857,0,0,15,29,,,,
4057035,1977,6521,1976,"BR","",,1,7,123,5,53,5,3,0,0.4444,,7.6667,51.6,,,,
4060479,1977,6542,1975,"BR","",,1,15,208,1,19,7,4,0.4286,0.625,0,5.25,20.1429,,,,
4066532,1978,6577,1976,"BR","",437105,3,3,208,1,19,4,15,1,0,0,8.7333,5,0,0,0,0
4071073,1978,6605,1975,"BR","",519815,3,10,164,5,52,4,2,1,0,0.375,7.5,7,0,0,0.5,0.5
4071074,1978,6605,1975,"BR","",497365,3,14,164,5,52,9,1,1,0,0.1975,3,6.8889,0.125,0.1111,0,0
4083487,1978,6675,1977,"BR","",,1,1,229,6,68,8,3,0.375,0,0,10.6667,22,,,,
4083743,1978,6675,1976,"BR","",,1,21,156,1,19,12,9,0.5,0.642,0.5,10.4444,18.6667,,,,
4083744,1978,6675,1976,"BR","",,1,21,156,1,19,4,7,0.75,0.4082,0,10.8571,12.75,,,,
4085545,1978,6689,1976,"BR","",121990,3,5,47,6,61,3,3,0,0.6667,,13.6667,58.3333,0,0,0,0
4087317,1978,6696,1975,"BR","",183475,3,7,162,1,19,13,9,0.3077,0.716,0,17.4444,27.6923,0,0,0,0
4091569,1978,6724,1976,"BR","",121990,3,6,47,6,61,0,0,,,,,,,,,
4092740,1978,6731,1976,"BR","",,1,9,623,3,39,4,3,1,0,0,7,3.5,,,,
4093173,1978,6731,1977,"BR","",,1,10,249,6,69,12,3,0.5833,0.6667,0.8163,6.3333,18.0833,,,,
4097635,1978,6752,1976,"BR","",183475,3,4,428,6,69,4,7,1,0.5714,0.375,6.4286,4.5,0,0,0,0
4098498,1978,6759,1976,"BR","",,1,13,267,5,59,7,4,0.5714,0,0,10.5,14.1429,,,,
4099158,1978,6759,1977,"BR","",,1,7,340,2,21,1,1,1,0,0,15,5,,,,
4099298,1978,6766,1977,"BR","",,1,11,24,6,63,1,10,1,0.82,0,10.7,14,,,,
4102505,1978,6780,1977,"BR","",274285,3,7,241,5,51,4,2,0.75,0,0,7,13.75,0,0,0,0
4103506,1978,6787,1976,"BR","",478430,3,4,62,6,69,7,5,0.4286,0.56,0,10,23.8571,0,0,0,0
4105173,1978,6794,1977,"BR","",,1,28,244,5,55,10,10,0.5,0.32,0.64,11.8,31.7,,,,
4105893,1978,6794,1976,"BR","",121990,3,3,392,4,41,4,0,0.5,,0,,21,0,0,,
4106801,1978,6801,1976,"BR","",,1,11,292,6,69,5,17,0.4,0.699,0,13,24,,,,
4111428,1978,6822,1976,"BR","",,1,2,273,6,62,7,1,0.1429,0,0,17,44.7143,,,,
4113628,1978,6829,1976,"BR","",165265,2,6,210,1,19,5,36,1,0.7377,0.8,13.3611,10,0,0,0.2,0.1944
4116392,1978,6843,1977,"BR","",274285,3,3,241,5,51,6,1,0.1667,0,0,8,41.5,0,0,0,0
4122568,1978,6878,1977,"BR","",,1,5,5,6,65,5,4,1,0,0.32,12.5,8.2,,,,
4141500,1979,6997,1977,"BR","",427900,3,10,238,5,55,3,4,0.3333,0,0,14,41,0,0,0,0
4141590,1979,6997,1977,"BR","",,1,10,297,6,65,3,2,0.6667,0,0.5,13,10.3333,,,,
4150910,1979,7053,1977,"BR","",456325,3,24,405,6,64,8,3,0.625,0,0.56,6.6667,24,0,0,0,0
4157669,1979,7102,1977,"BR","",441005,3,2,76,5,52,7,5,0.7143,0,0.72,7.2,16.1429,0,0,0,0
4158712,1979,7109,1978,"BR","",,1,14,428,6,69,2,8,1,0.6563,0,13.125,1,,,,
4158713,1979,7109,1978,"BR","",,1,10,428,6,69,2,13,1,0.7692,0,7.8462,1,,,,
4159019,1979,7116,1977,"BR","",,1,7,600,3,32,7,1,0.5714,0,0,16,22.7143,,,,
4161207,1979,7137,1978,"BR","",184280,2,7,164,5,52,9,5,0.4444,0.8,0.375,11.2,26.2222,1,0.2222,0,0
4162604,1979,7151,1977,"BR","",,1,8,53,6,68,4,6,1,0.4444,0,7.6667,8.25,,,,
4163492,1979,7158,1978,"BR","",36070,3,9,206,6,68,4,5,0,0,,11,44,0,0,0,0
4167149,1979,7193,1977,"BR","",,1,4,116,6,69,7,1,0.1429,0,0,6,44.8571,,,,
4169723,1979,7214,1974,"BR","",512285,3,9,75,5,52,3,1,1,0,0.4444,5,8.3333,0,0,0,0
4173960,1979,7256,1977,"BR","",478430,3,7,123,5,53,7,0,0.7143,,0.56,,17.4286,1,0.1429,,
4175337,1979,7270,1978,"BR","",,1,13,434,6,69,5,1,0.8,0,0.375,18,10.6,,,,
4175782,1979,7270,1978,"BR","",,1,8,292,6,69,2,7,0,0.2449,,10.5714,38.5,,,,
4176117,1979,7270,1977,"BR","",,1,11,530,1,15,3,0,0.3333,,0,,17.6667,,,,
4176159,1979,7270,1978,"BR","",,1,4,423,1,19,9,6,1,0,0.3457,11.3333,7.4444,,,,
4177953,1979,7284,1978,"BR","",492965,3,25,241,5,51,6,2,0.3333,0,0.5,8,21.3333,0,0,0,0
4178774,1979,7291,1978,"BR","",119550,3,8,62,6,69,2,0,0.5,,0,,13.5,0,0,,
4180959,1980,7305,1978,"BR","",,1,5,53,6,68,2,0,0.5,,0,,16,,,,
4185752,1980,7333,1978,"BR","",,1,1,220,6,68,3,0,0.3333,,0,,22.6667,,,,
4188184,1980,7347,1977,"BR","",,1,31,432,6,66,8,6,0.375,0.7222,0.6667,9.6667,41.875,,,,
4190425,1980,7361,1978,"BR","",437105,3,15,95,1,13,7,2,0.7143,0,0.48,7,11.8571,0,0,0,0
4190946,1980,7368,1977,"BR","",167970,3,7,29,5,52,8,1,0.625,0,0.72,2,23.875,0,0,0,0
4192752,1980,7375,1978,"BR","",,1,7,210,1,19,5,1,0,0,,13,36.2,,,,
4193143,1980,7382,1977,"BR","",,1,5,4,6,65,6,10,0.5,0.54,0.4444,12.2,18.5,,,,
4193963,1980,7382,1977,"BR","",437105,3,4,422,1,19,6,25,1,0.4768,0.5,13.12,7.6667,0,0,0,0
4194239,1980,7382,1978,"BR","",,1,25,363,4,45,5,4,0.4,0.5,0,11.75,34.4,,,,
4197982,1980,7410,1978,"BR","",,1,14,383,6,68,8,3,0,0.4444,,11.6667,71.75,,,,
4198108,1980,7410,1978,"BR","",,1,9,439,4,41,2,2,0.5,0.5,0,15,21.5,,,,
4198791,1980,7417,1978,"BR","",,1,1,52,6,69,2,1,0.5,0,0,17,21,,,,
4201312,1980,7431,1978,"BR","",,1,4,220,6,68,1,4,0,0.625,,13.75,58,,,,
4203261,1980,7445,1977,"BR","",561085,2,17,451,5,51,8,1,0.5,0,0,10,22.5,0,0,0,0
4222877,1980,7564,1978,"BR","",,1,10,210,1,19,5,8,0.6,0.2188,0,9.125,21.4,,,,
4224060,1980,7571,1977,"BR","",4900,3,1,420,5,52,5,11,1,0.7769,0,16.0909,4.2,0,0,0,0
4229023,1980,7599,1979,"BR","",,1,15,283,6,69,1,4,1,0.625,0,9.5,8,,,,
4230991,1980,7606,1978,"BR","",,1,22,327,4,41,1,3,1,0.6667,0,10.6667,2,,,,
4231033,1980,7606,1978,"BR","",,1,5,345,2,23,5,1,1,0,0.56,8,3.8,,,,
4231683,1980,7613,1978,"BR","",,1,7,405,6,64,6,2,1,0.5,0.5,9.5,2.6667,,,,
4232179,1980,7613,1978,"BR","",437105,3,12,585,1,19,3,5,0.6667,0.32,0,5.6,8.6667,0,0,0.25,0.2
4237152,1980,7641,1977,"BR","",,1,12,427,1,12,14,1,0.5,0,0.7755,17,20.2143,,,,
4238053,1980,7648,1978,"BR","",,1,3,222,1,19,8,1,0.25,0,0,16,53.125,,,,
4239091,1980,7655,1978,"BR","",,1,1,181,6,69,5,12,0.6,0.2917,0,11.5833,26.2,,,,
4243179,1981,7676,1978,"BR","",,1,1,241,5,51,3,3,0,0,,12.6667,23.6667,,,,
4250751,1981,7718,1979,"BR","",,1,10,374,4,43,13,2,0.6154,0.5,0.5938,10.5,22.0769,,,,
4250969,1981,7718,1979,"BR","",,1,7,172,6,64,4,2,0,0.5,,7.5,47.5,,,,
4251677,1981,7718,1979,"BR","",437105,3,15,585,1,19,3,0,1,,0.4444,,6.3333,0,0,,
4252793,1981,7725,1979,"BR","",25430,2,6,514,3,31,5,17,0.6,0.6021,0.6667,9.5882,23,0.5,0.2,0,0
4254933,1981,7739,1979,"BR","",,1,15,249,6,69,2,8,1,0.5938,0.5,11.875,9,,,,
4256266,1981,7746,1978,"BR","",,1,1,423,1,19,11,0,0.1818,,0.5,,30.8182,,,,
4257568,1981,7753,1979,"BR","",,1,3,244,5,55,5,1,0.2,0,0,12,51.8,,,,
4266541,1981,7802,1979,"BR","",238090,3,5,604,3,32,4,7,0.75,0,0,13.5714,10,0,0,0,0
4267241,1981,7802,1979,"BR","",369340,3,8,419,5,52,4,4,1,0.625,0.625,12.25,5.75,0,0,0,0
4269542,1981,7816,1979,"BR","",437105,3,3,405,6,64,7,12,0.5714,0.4861,0.5,7.6667,16.4286,0,0,0,0
4269679,1981,7816,1979,"BR","",157935,3,2,205,1,19,3,2,0,0,,11.5,48.6667,0,0,0,0
4270337,1981,7823,1979,"BR","",492965,3,13,56,6,61,5,1,1,0,0,5,5.6,0,0,0,0
4270550,1981,7823,1979,"BR","",,1,10,460,6,61,8,4,0.375,0.375,0.4444,7,28.125,,,,
4273575,1981,7837,1979,"BR","",377085,3,3,75,5,52,10,2,0.8,0,0.2188,5.5,11.8,0,0,0,0
4274595,1981,7844,1979,"BR","",,1,2,239,5,59,4,3,0.5,0,0,14,20.5,,,,
4276990,1981,7858,1980,"BR","",,1,1,220,6,68,4,7,0,0.449,,10,30.5,,,,
4279008,1981,7865,1979,"BR","",,1,18,361,4,45,2,0,0,,,,39.5,,,,
4280605,1981,7879,1979,"BR","",,1,14,192,5,53,3,3,0.6667,0.4444,0,6.3333,18.6667,,,,
4285612,1981,7907,1979,"BR","",148320,3,1,404,6,69,7,13,0.2857,0.3787,0.5,9.3077,37.4286,0,0,0,0
4288685,1981,7921,1979,"BR","",455085,3,3,392,4,41,8,2,0.375,0.5,0.4444,10,18.375,0,0,0,0
4293022,1981,7949,1979,"BR","",,1,1,164,5,52,3,0,0.6667,,0.5,,24,,,,
4306856,1981,8026,1979,"BR","",,1,10,432,6,66,4,12,0.5,0.8056,0.5,9.0833,25.5,,,,
4308777,1982,8040,1980,"BR","",480015,3,1,83,5,51,7,6,1,0.2778,0.5714,10,4.7143,0,0,0,0
4309942,1982,8047,1980,"BR","",601715,2,1,99,6,61,3,2,0.3333,0.5,0,11,43,0,0,0,0
4313449,1982,8068,1980,"BR","",104200,3,2,460,6,61,3,2,1,0,0,3,2.3333,0,0,0,0
4316505,1982,8089,1980,"BR","",,1,3,166,6,64,10,1,0.9,0,0.8148,13,11.2,,,,
4317677,1982,8096,1979,"BR","",320085,3,25,75,5,52,5,19,0,0.1939,,10.5263,28.6,0,0,0,0
4318570,1982,8103,1979,"BR","",204525,3,3,297,6,65,7,10,1,0.48,0.6122,9.6,5.1429,0,0,0,0
4325589,1982,8145,1980,"BR","",89600,3,11,384,5,59,3,2,0.6667,0.5,0,9.5,23,0,0,0,0
4326470,1982,8152,1980,"BR","",,1,6,110,6,66,7,6,0,0.5,,4.5,45.2857,,,,
4329836,1982,8173,1980,"BR","",202675,2,1,56,6,61,9,5,1,0,0,11.8,10.3333,0,0,0.5,0.4
4330275,1982,8173,1980,"BR","",,1,3,433,3,39,4,1,0.25,0,0,7,43.25,,,,
4333775,1982,8194,1980,"BR","",369340,3,7,419,5,52,2,5,1,0.72,0.5,10.4,8.5,0,0,0,0
4337123,1982,8215,1980,"BR","",608910,3,12,203,1,19,2,0,0,,,,55,0,0,,
4337782,1982,8222,1981,"BR","",104200,3,4,460,6,61,6,6,0.6667,0.2778,0,10.6667,17.6667,0,0,0,0
4338129,1982,8222,1980,"BR","",205440,3,14,420,5,52,3,0,1,,0,,6,0,0,,
4341062,1982,8243,1980,"BR","",202675,2,8,56,6,61,4,5,1,0,0,12.6,5.5,0.5,0.25,0.5,0.4
4342033,1982,8243,1980,"BR","",,1,6,343,2,21,9,4,0.6667,0.375,0.2778,4.75,17.6667,,,,
4347489,1982,8278,1980,"BR","",,1,8,336,4,41,2,0,0.5,,0,,23.5,,,,
4348175,1982,8285,1980,"BR","",26610,2,8,432,6,66,3,6,0.6667,0.2778,0.5,10.1667,22,0,0,0,0
4348816,1982,8292,1981,"BR","",,1,16,34,1,19,3,3,0.6667,0.6667,0.5,5.3333,14.6667,,,,
4349289,1982,8292,1980,"BR","",,1,6,402,5,59,7,5,0.1429,0,0,5.8,28.5714,,,,
4349290,1982,8292,1980,"BR","",,1,4,402,5,59,4,2,0.25,0,0,4,35,,,,
4353442,1982,8320,1979,"BR","",59455,3,8,188,5,53,3,2,1,0,0,9,5,0,0,0,0
4355916,1982,8334,1980,"BR","",,1,6,402,5,59,4,4,0,0.375,,4,34.25,,,,
4356665,1982,8341,1981,"BR","",,1,1,47,6,61,2,6,0.5,0.2778,0,12.3333,34,,,,
4358881,1982,8355,1979,"BR","",369340,3,8,29,5,52,9,12,0.2222,0.4861,0.5,10,37.7778,0,0,0.0833,0.0833
4363612,1982,8383,1981,"BR","",,1,4,425,5,51,20,8,0.75,0.6563,0.24,9.5,15.5,,,,
4365399,1982,8397,1980,"BR","",369340,3,9,29,5,52,11,2,0.3636,0.5,0.625,10.5,31.1818,0,0,0,0
4373536,1983,8446,1981,"BR","",104200,3,6,460,6,61,4,4,0.75,0.5,0.4444,12.25,23.5,0,0,0,0
4387676,1983,8565,1980,"BR","",219155,2,2,123,5,53,8,14,0.5,0.2449,0,7.8571,28.375,0.3333,0.125,0.0714,0.0714
4391056,1983,8586,1980,"BR","",204465,3,5,42,5,59,3,1,1,0,0,4,13.6667,0,0,0,0
4391057,1983,8586,1980,"BR","",204465,3,15,42,5,59,6,3,0.8333,0,0,13,9.8333,0,0,0,0
4392637,1983,8593,1981,"BR","",320085,3,12,266,5,52,1,0,0,,,,73,0,0,,
4394356,1983,8600,1980,"BR","",,1,3,423,1,19,3,3,0.3333,0.4444,0,10,30.3333,,,,
4396789,1983,8614,1982,"BR","",437105,3,3,585,1,19,3,0,1,,0,,8.3333,0.5,0.3333,,
4399846,1983,8635,1981,"BR","",437105,3,11,141,5,51,1,0,1,,0,,6,0,0,,
4403816,1983,8656,1980,"BR","",,1,4,312,6,65,11,1,0.6364,0,0.6122,11,23.7273,,,,
4403817,1983,8656,1981,"BR","",183475,3,6,312,6,65,11,4,0.8182,0,0.1975,5.75,16.2727,0,0,0,0
4403979,1983,8656,1981,"BR","",595915,2,13,474,5,53,13,13,0.6923,0,0,6.3846,14.3846,0.1667,0.0769,0.0769,0.0769
4406857,1983,8670,1981,"BR","",369340,3,4,428,6,69,2,9,0.5,0.1975,0,10.2222,17.5,0,0,0,0
4409023,1983,8684,1981,"BR","",320085,3,7,75,5,52,4,10,0.75,0.18,0.4444,9.8,8,0,0,0,0
4409917,1983,8691,1982,"BR","",,1,7,114,5,55,7,1,0.4286,0,0.6667,3,45.7143,,,,
4410246,1983,8691,1981,"BR","",,1,6,352,5,54,12,0,0.3333,,0.375,,33,,,,
4412811,1983,8705,1981,"BR","",437105,3,2,431,6,66,6,5,1,0.32,0,7.8,8,0.2,0.1667,0,0
4414794,1983,8719,1982,"BR","",139275,2,13,56,6,61,12,1,0.75,0,0.8395,3,16,0.25,0.0833,0,0
4417676,1983,8733,1981,"BR","",296140,2,1,225,5,51,6,0,0.5,,0,,28,0.3333,0.1667,,
4417978,1983,8733,1979,"BR","",,1,14,209,5,51,11,0,0.0909,,0,,59.4545,,,,
