5181563,1993,12079,1989,"BR","",362215,2,6,604,3,32,16,13,1,0.2604,0.4141,5.0769,8.5,0,0,0,0
5181785,1993,12079,1991,"BR","",369340,3,10,384,5,59,3,1,1,0,0,6,13,0,0,0,0
5181847,1993,12079,1991,"BR","",,1,4,431,6,66,5,1,0.8,0,0.375,1,15.8,,,,
5182110,1993,12079,1989,"BR","",,1,13,424,3,31,1,0,1,,0,,4,,,,
5182792,1993,12079,1991,"BR","",437105,3,4,392,4,41,9,1,0.8889,0,0.6563,6,17.3333,0,0,0,0
5183581,1993,12086,1992,"BR","",437105,3,8,507,6,64,14,7,0.8571,0.4898,0.625,4.2857,14.5714,0,0,0.5714,0.5714
5187654,1993,12100,1991,"BR","",,1,10,363,4,45,11,4,0.6364,0.625,0.4898,4.5,23.0909,,,,
5192167,1993,12121,1991,"BR","",437105,3,20,405,6,64,5,2,1,0.5,0.48,4,6.4,0.2,0.2,0.5,0.5
5192200,1993,12121,1991,"BR","",172940,3,16,417,5,53,4,4,1,0.375,0.625,4.25,11,0,0,0,0
5193872,1993,12128,1991,"BR","",437105,3,3,294,5,59,7,0,0.4286,,0.4444,,36.7143,0,0,,
5195226,1993,12135,1989,"BR","",204465,3,6,29,5,52,1,6,0,0.6111,,6.3333,61,0,0,0,0
5195589,1993,12135,1991,"BR","",437105,3,13,166,6,64,7,1,1,0,0,2,15.5714,0,0,0,0
5195723,1993,12135,1992,"BR","",690578,3,11,251,5,53,4,0,0.75,,0.4444,,18,0,0,,
5199148,1993,12149,1991,"BR","",,1,1,29,5,52,5,1,1,0,0.32,2,5.6,,,,
5199872,1993,12149,1991,"BR","",,1,14,433,3,39,14,1,0.4286,0,0,6,43.6429,,,,
5200719,1993,12149,1991,"BR","",566145,3,9,333,2,21,3,3,0.6667,0.4444,0,5.3333,22.6667,0,0,0,0
5201640,1993,12156,1992,"BR","",172940,3,14,417,5,53,9,5,1,0.56,0.1975,4,6.4444,0.3333,0.3333,0,0
5204484,1993,12163,1992,"BR","",691369,3,4,84,6,69,9,0,0.6667,,0,,34.8889,0,0,,
5205923,1993,12170,1991,"BR","",437105,3,7,208,1,19,5,2,1,0.5,0.48,5.5,17.4,0,0,0,0
5206977,1993,12177,1991,"BR","",,1,8,407,5,51,4,0,1,,0,,19.75,,,,
5207147,1993,12177,1991,"BR","",369340,3,10,92,5,53,6,2,0.5,0.5,0.4444,6.5,31.8333,0.5,0.1667,0,0
5208577,1993,12177,1992,"BR","",691712,3,1,340,2,21,6,1,1,0,0.6667,3,9.5,0,0,0,0
5211735,1993,12191,1991,"BR","",437105,3,10,71,1,11,22,2,0.5455,0.5,0.1528,3,28.0455,0.4286,0.1364,0,0
5213235,1993,12198,1991,"BR","",692172,2,16,222,1,19,10,7,1,0.4082,0.32,4.2857,8.3,0,0,0,0
5217622,1993,12212,1992,"BR","",,1,11,210,1,19,3,2,0.3333,0.5,0,4.5,57.6667,,,,
5218762,1993,12219,1992,"BR","",172940,3,7,29,5,52,11,0,0.8182,,0.6667,,14.8182,0,0,,
5220767,1993,12226,1991,"BR","",692851,3,6,53,6,68,7,0,1,,0,,20.8571,0,0,,
5220846,1993,12226,1991,"BR","",692857,3,6,74,5,59,5,2,0.2,0.5,0,3.5,69.4,0,0,0,0
5221532,1993,12226,1992,"BR","",,1,6,424,3,31,0,0,,,,,,,,,
5222621,1993,12233,1992,"BR","",,1,47,220,6,68,16,6,0.9375,0.5,0.56,2.5,11.8125,,,,
5222846,1993,12233,1991,"BR","",271215,3,38,408,5,51,3,3,1,0,0,3.3333,10.3333,0,0,1,1
5225139,1993,12240,1991,"BR","",443615,3,17,264,5,51,7,1,0.4286,0,0,2,31.5714,0,0,0,0
5226797,1993,12247,1991,"BR","",172940,3,6,418,5,53,5,0,0.8,,0,,14.2,0,0,,
5228806,1993,12254,1991,"BR","",437105,3,13,405,6,64,9,8,0.6667,0.375,0.5,2.875,35.8889,0,0,0,0
5230148,1993,12261,1991,"BR","",369340,3,9,29,5,52,9,1,0.7778,0,0.449,4,18.6667,0,0,0,0
5235853,1993,12282,1992,"BR","",694230,3,2,73,4,43,7,2,0.1429,0.5,0,4,41.2857,0,0,0,0
5242874,1993,12303,1990,"BR","",694900,3,14,501,1,19,0,1,,0,,4,,,,0,0
5243997,1993,12310,1992,"BR","",283290,2,21,600,3,32,12,11,1,0.5124,0.6944,2.2727,10.0833,0.1429,0.0833,0,0
5244045,1993,12310,1991,"BR","",437105,3,9,166,6,64,7,0,1,,0.6939,,14.4286,0,0,,
5245669,1993,12310,1991,"BR","",721782,3,5,381,4,49,6,1,0.8333,0,0,3,14.1667,0,0,0,0
5245752,1993,12317,1991,"BR","",369340,3,8,29,5,52,3,2,1,0.5,0.4444,5.5,3,0.3333,0.3333,0,0
5248382,1993,12324,1992,"BR","",,5,5,216,1,19,3,2,1,0,0.4444,2.5,10.6667,,,,
5248507,1993,12324,1991,"BR","",600015,2,19,424,3,31,4,2,1,0.5,0.375,1.5,9.75,0,0,0.5,0.5
5248799,1993,12324,1991,"BR","",594960,3,18,554,1,14,2,2,1,0.5,0,2,4.5,0,0,0,0
5249734,1993,12331,1991,"BR","",688862,2,2,228,5,52,3,0,0.3333,,0,,25.6667,0,0,,
5251394,1993,12338,1992,"BR","",204465,3,7,42,5,59,3,0,1,,0,,20.6667,0,0,,
5251412,1993,12338,1992,"BR","",,1,4,52,6,69,5,0,1,,0.56,,8.2,,,,
5255744,1993,12352,1991,"BR","",437105,3,8,166,6,64,10,1,1,0,0.48,7,9.9,0.1,0.1,0,0
5257705,1993,12359,1992,"BR","",692851,3,3,215,6,68,7,3,1,0,0,3.6667,5.5714,0,0,0,0
5267407,1993,12394,1992,"BR","",204465,3,4,42,5,59,3,3,1,0.4444,0.4444,3,15.3333,0,0,0,0
5267616,1993,12394,1991,"BR","",,1,7,166,6,64,3,0,1,,0.4444,,12.6667,,,,
5268797,1993,12394,1992,"BR","",368935,3,3,359,5,54,4,2,1,0,0.5,2,6.25,0,0,0.5,0.5
5269637,1993,12401,1992,"BR","",697341,3,11,406,5,59,4,1,1,0,0.625,3,8.5,0,0,0,0
5269731,1993,12401,1991,"BR","",134470,2,10,475,5,53,6,5,0.5,0.32,0.4444,5.4,39.8333,0,0,0.2,0.2
5271730,1993,12408,1992,"BR","",,1,2,431,6,66,6,2,0.8333,0,0.32,4,13.1667,,,,
5272315,1993,12408,1992,"BR","",,1,12,219,4,49,2,1,1,0,0,4,17.5,,,,
5275550,1994,12422,1992,"BR","",271215,3,19,425,5,51,10,6,1,0.2778,0,3.5,7.4,0,0,0,0
5275679,1994,12422,1992,"BR","",697913,3,3,156,1,19,17,2,0.9412,0.5,0.7031,4.5,16.3529,0,0,1,1
5276601,1994,12422,1992,"BR","",,1,22,362,4,42,20,2,0.35,0,0,4.5,54.9,,,,
5277521,1994,12429,1991,"BR","",437105,3,3,405,6,64,11,0,1,,0.2975,,7.4545,0,0,,
5278003,1994,12429,1993,"BR","",698157,3,5,429,4,45,3,6,1,0,0,2.8333,13,0,0,0,0
5279774,1994,12436,1992,"BR","",,1,2,261,1,19,6,1,0.8333,0,0,2,19,,,,
5280711,1994,12443,1993,"BR","",267665,2,12,62,6,69,2,0,0.5,,0,,41,0,0,,
5281118,1994,12443,1992,"BR","",698471,3,2,425,5,51,3,0,1,,0.4444,,6.3333,0,0,,
5284393,1994,12457,1992,"BR","",369340,3,11,384,5,59,7,0,1,,0.2449,,9.7143,0,0,,
5284441,1994,12457,1992,"BR","",,1,11,433,3,39,8,0,0.875,,0,,12.25,,,,
5284534,1994,12457,1991,"BR","",,1,20,148,5,52,2,1,1,0,0.5,5,6.5,,,,
5286261,1994,12464,1992,"BR","",,1,18,606,3,32,6,0,1,,0.5,,10.8333,,,,
5289561,1994,12471,1991,"BR","",437105,3,1,392,4,41,7,2,1,0.5,0.6122,5,9.5714,0,0,0,0
5290182,1994,12478,1992,"BR","",,1,23,440,5,55,9,2,0.6667,0,0,2.5,21.5556,,,,
5290957,1994,12478,1992,"BR","",474351,3,10,549,1,14,0,6,,0,,3.3333,,,,0,0
5292921,1994,12485,1992,"BR","",474351,3,10,560,1,14,3,6,1,0,0.4444,3.3333,8,0,0,0,0
5295547,1994,12499,1992,"BR","",437105,3,7,166,6,64,3,0,1,,0,,6.3333,0,0,,
5296069,1994,12499,1992,"BR","",699843,3,4,156,1,19,6,1,1,0,0.4444,5,17.6667,0,0,0,0
5299486,1994,12513,1992,"BR","",700175,3,2,84,6,69,6,1,0.3333,0,0,4,41.3333,0,0,0,0
5299641,1994,12513,1992,"BR","",437105,3,10,166,6,64,6,0,1,,0,,17,0,0,,
5302885,1994,12520,1992,"BR","",172940,3,21,318,4,45,6,2,1,0,0.2778,2.5,8.6667,0.2,0.1667,0,0
5303699,1994,12527,1991,"BR","",700576,3,13,128,3,32,7,5,1,0.32,0,3.2,4.5714,0,0,0,0
5305623,1994,12534,1993,"BR","",,1,15,70,6,65,7,0,0.2857,,0,,66.4286,,,,
5307674,1994,12541,1991,"BR","",,1,6,73,4,43,11,0,0.6364,,0.5714,,33.2727,,,,
5309818,1994,12548,1993,"BR","",369340,3,8,92,5,53,2,1,1,0,0.5,1,13,0.5,0.5,0,0
5310006,1994,12548,1992,"BR","",437105,3,15,166,6,64,7,1,1,0,0.2449,4,4.7143,0.2857,0.2857,0,0
5312386,1994,12555,1992,"BR","",296210,2,19,604,3,32,13,7,0.9231,0,0.4167,3.7143,12.6154,0,0,0,0
5313879,1994,12562,1992,"BR","",,1,13,99,6,61,11,2,0.0909,0.5,0,5,53.3636,,,,
5314113,1994,12562,1992,"BR","",684125,3,2,229,6,68,6,1,0.5,0,0.4444,6,33.8333,0.5,0.1667,0,0
5316417,1994,12569,1993,"BR","",271215,3,24,408,5,51,4,3,1,0,0,3.3333,5.75,0.25,0.25,0.3333,0.3333
5317958,1994,12576,1993,"BR","",369340,3,6,92,5,53,16,3,0.8125,0.4444,0.5562,2.6667,18.1875,0.0769,0.0625,0,0
5318385,1994,12576,1992,"BR","",437105,3,4,405,6,64,4,0,1,,0.5,,9,0.25,0.25,,
5318418,1994,12576,1992,"BR","",,1,7,425,5,51,4,1,1,0,0.625,5,10.75,,,,
5320447,1994,12583,1992,"BR","",702119,3,20,404,6,69,5,1,0.8,0,0.625,3,20.4,0,0,0,0
5320468,1994,12583,1993,"BR","",,1,3,413,5,52,5,0,1,,0.72,,8.2,,,,
5323933,1994,12597,1993,"BR","",,1,7,222,1,19,13,0,1,,0.142,,3.2308,,,,
5326198,1994,12604,1993,"BR","",271215,3,15,408,5,51,2,2,1,0,0.5,3.5,4.5,0.5,0.5,0.5,0.5
5326543,1994,12604,1993,"BR","",108476,3,12,422,1,19,20,4,0.7,0.375,0.7653,3,25.5,0,0,0,0
5327505,1994,12604,1992,"BR","",,1,3,381,4,49,8,4,0.375,0,0.6667,3.25,46.25,,,,
5330774,1994,12618,1993,"BR","",,1,2,426,6,61,2,0,1,,0.5,,6.5,,,,
5337188,1994,12639,1992,"BR","",368935,3,4,359,5,54,2,2,1,0,0,4.5,7,0,0,1,1
5340237,1994,12653,1992,"BR","",437105,3,7,405,6,64,9,0,1,,0,,4.4444,0.125,0.1111,,
5341884,1994,12660,1993,"BR","",437105,3,2,166,6,64,8,1,1,0,0.4688,5,16.25,0,0,0,0
5350365,1994,12688,1993,"BR","",,1,9,604,3,32,8,1,0.75,0,0.2778,3,29.625,,,,
5356189,1994,12709,1993,"BR","",437105,3,1,294,5,59,7,1,0.4286,0,0.4444,4,37.7143,0,0,0,0
5359007,1994,12716,1992,"BR","",705866,3,5,525,1,15,3,2,1,0,0.6667,3,9,0,0,1,0.5
5359922,1994,12723,1994,"BR","",369340,3,6,92,5,53,17,1,0.6471,0,0.5289,4,26.9412,0.1,0.0588,0,0
5360263,1994,12723,1993,"BR","",74080,3,20,312,6,65,5,5,1,0.56,0.56,2.8,17,0,0,0,0
5360377,1994,12723,1992,"BR","",367415,3,7,464,5,53,3,0,0.6667,,0,,22.6667,0,0,,
5361457,1994,12730,1993,"BR","",,1,19,19,1,11,6,1,0,0,,3,92.8333,,,,
5364448,1994,12737,1993,"BR","",320215,3,16,75,5,52,5,0,1,,0,,5.4,0,0,,
5365061,1994,12737,1992,"BR","",,1,22,250,4,44,1,0,1,,0,,3,,,,
5368867,1994,12751,1992,"BR","",707538,3,5,424,3,31,2,2,1,0.5,0.5,3,15,0,0,0,0
5369841,1994,12758,1993,"BR","",,1,13,16,5,59,13,1,1,0,0,1,13.6923,,,,
5370129,1994,12758,1992,"BR","",706978,2,17,128,3,32,10,1,1,0,0.34,4,15.5,0,0,0,0
5370320,1994,12758,1993,"BR","",,1,13,239,5,59,3,1,1,0,0.6667,3,12,,,,
5371082,1994,12758,1993,"BR","",,1,5,514,3,31,2,1,1,0,0.5,2,9,,,,
5372230,1994,12765,1993,"BR","",692857,3,17,193,5,59,4,2,0.5,0,0.5,2.5,41.75,0,0,0,0
5372679,1994,12765,1992,"BR","",13570,2,13,162,1,19,8,1,0.75,0,0.2778,5,27.375,0,0,0,0
5376042,1994,12779,1992,"BR","",707538,3,24,452,6,61,6,0,0.8333,,0.56,,18.5,0,0,,
5381905,1995,12800,1993,"BR","",684125,3,3,206,6,68,6,0,1,,0.6111,,11.6667,0.5,0.1667,,
5382622,1995,12800,1993,"BR","",368935,3,1,524,1,15,0,0,,,,,,,,,
5384032,1995,12807,1993,"BR","",708263,3,12,210,1,19,4,4,1,0,0,2,4,0,0,0,0
5385772,1995,12814,1991,"BR","",6260,2,3,428,6,69,32,0,0.875,,0.648,,18.5313,0,0,,
5386993,1995,12821,1994,"BR","",,1,11,273,6,62,8,1,1,0,0.2188,2,8.75,,,,
5387341,1995,12821,1993,"BR","",,1,6,210,1,19,8,0,1,,0.5625,,13,,,,
5388854,1995,12828,1993,"BR","",708713,3,1,280,5,55,7,1,0.7143,0,0.32,4,23.4286,0,0,0,0
5389128,1995,12828,1993,"BR","",437105,3,10,96,1,13,15,1,0.7333,0,0.562,1,23.4,0,0,0,0
5389155,1995,12828,1993,"BR","",437105,3,5,134,6,69,2,3,0.5,0.4444,0,3.6667,20,0,0,0,0
5389615,1995,12828,1993,"BR","",687212,3,14,514,3,31,4,1,1,0,0.5,1,12.25,0,0,1,1
5390807,1995,12835,1992,"BR","",,1,1,220,6,68,6,1,1,0,0,5,13.3333,,,,
5394788,1995,12849,1994,"BR","",369340,3,11,92,5,53,9,3,1,0.6667,0.5679,3.6667,16.2222,0.1429,0.1111,0,0
5395095,1995,12849,1993,"BR","",431545,3,10,266,5,52,5,1,1,0,0,2,11.4,0.2,0.2,1,1
5395768,1995,12849,1991,"BR","",437105,3,2,436,1,19,2,1,1,0,0,7,7.5,0,0,0,0
5396738,1995,12856,1993,"BR","",437105,3,6,451,5,51,7,0,1,,0.2449,,9.5714,0,0,,
5397434,1995,12856,1994,"BR","",13570,2,13,162,1,19,8,3,0.75,0.4444,0.2778,2,28.375,0,0,0,0
5399004,1995,12863,1993,"BR","",,1,10,312,6,65,10,3,1,0.6667,0.7,2.3333,13.5,,,,
5399786,1995,12863,1993,"BR","",709735,3,24,568,1,14,2,0,1,,0,,12.5,0,0,,
5400779,1995,12870,1993,"BR","",,1,3,128,3,32,5,3,0.8,0,0,2.6667,14.4,,,,
5403164,1995,12877,1993,"BR","",,1,8,417,5,53,8,0,0.625,,0.56,,33.75,,,,
5406804,1995,12891,1993,"BR","",710392,3,16,62,6,69,4,0,0,,,,73,0,0,,
5407303,1995,12891,1993,"BR","",,1,18,405,6,64,7,2,0.8571,0,0,3.5,20,,,,
5409981,1995,12898,1994,"BR","",368935,3,1,524,1,15,4,1,1,0,0.625,3,7.5,0,0,0,0
5413201,1995,12912,1993,"BR","",48871,3,13,192,5,53,10,3,1,0,0.18,2.3333,15.7,0,0,0,0
5414731,1995,12912,1994,"BR","",280070,2,11,375,2,21,6,5,1,0.32,0.6667,1,8,0,0,0.25,0.2
5421245,1995,12940,1994,"BR","",172940,2,10,92,5,53,2,1,0.5,0,0,0,44.5,0,0,0,0
5423370,1995,12947,1994,"BR","",453855,2,12,164,5,52,8,7,1,0,0.8125,2.7143,6.125,0,0,0,0
5427180,1995,12961,1994,"BR","",437105,3,5,166,6,64,4,0,1,,0.375,,5,0,0,,
5428225,1995,12961,1994,"BR","",597185,6,22,257,4,46,1,3,1,0.4444,0,1.3333,0,0,0,0,0
5429688,1995,12968,1993,"BR","",,1,3,148,5,52,1,0,1,,0,,1,,,,
5431244,1995,12975,1994,"BR","",712723,3,12,180,5,55,8,3,1,0.4444,0.75,2.3333,12.875,0,0,0,0
5431258,1995,12975,1993,"BR","",712728,3,14,188,5,53,7,0,0.4286,,0,,33.4286,0,0,,
5435338,1995,12989,1993,"BR","",437105,3,2,137,6,69,9,2,1,0.5,0.7407,5,23,0,0,0,0
5435793,1995,12989,1993,"BR","",713151,3,2,475,5,53,3,0,0.3333,,0,,34.3333,0,0,,
5435975,1995,12989,1993,"BR","",437105,3,4,422,1,19,1,0,1,,0,,7,0,0,,
5437164,1995,12996,1994,"BR","",119550,3,15,62,6,69,2,4,1,0,0,2.25,14,0,0,0,0
5437302,1995,12996,1993,"BR","",437105,3,2,137,6,69,8,1,1,0,0.6875,5,25.375,0,0,0,0
5439305,1995,13003,1994,"BR","",368935,3,3,403,6,67,7,5,1,0.48,0.449,2.2,7.4286,0,0,0,0
5439724,1995,13003,1994,"BR","",697913,3,12,428,6,69,13,3,1,0.6667,0.7337,2.6667,13.3846,0,0,0.6667,0.6667
5440425,1995,13003,1993,"BR","",368935,3,5,359,5,54,2,2,1,0.5,0,2.5,2,0,0,0,0
5441112,1995,13010,1994,"BR","",437105,3,3,166,6,64,2,0,1,,0.5,,15.5,0,0,,
5443078,1995,13017,1994,"BR","",283290,2,12,600,3,32,15,2,1,0.5,0.6844,2.5,10.6667,0.125,0.0667,0,0
5443371,1995,13017,1994,"BR","",564980,2,9,417,5,53,20,1,0.8,0,0.6484,2,25.95,0,0,0,0
5444350,1995,13017,1994,"BR","",265105,3,12,318,4,45,6,1,1,0,0.2778,3,5.5,0,0,0,0
5448990,1995,13038,1994,"BR","",714267,2,19,600,3,32,7,7,1,0.4082,0.2449,2.4286,10.8571,0,0,0,0
5449516,1995,13038,1993,"BR","",714443,3,5,424,3,31,1,1,1,0,0,4,2,0,0,0,0
5455278,1995,13059,1994,"BR","",631280,2,10,514,3,31,2,0,1,,0,,3,0,0,,
5456739,1995,13066,1993,"BR","",,1,7,75,5,52,2,1,0.5,0,0,4,23.5,,,,
5458465,1995,13073,1994,"BR","",51550,3,8,416,1,19,7,2,0.7143,0.5,0,1.5,21.5714,0,0,0,0
5460227,1995,13080,1994,"BR","",437105,3,10,166,6,64,5,1,1,0,0,4,10.6,0,0,0,0
5460706,1995,13080,1994,"BR","",,1,17,204,1,19,5,0,1,,0,,11.2,,,,
5462119,1995,13087,1994,"BR","",437105,3,3,166,6,64,6,0,1,,0,,15.5,0,0,,
5465747,1995,13101,1994,"BR","",437105,3,2,137,6,69,5,0,0.6,,0.4444,,37,0,0,,
5465772,1995,13101,1993,"BR","",694619,3,6,152,5,55,4,0,1,,0.375,,13.5,0,0,,
5470179,1995,13115,1993,"BR","",437105,3,3,405,6,64,2,0,1,,0,,13.5,0,0,,
5472149,1995,13122,1993,"BR","",716485,3,3,242,5,51,8,1,0.625,0,0,5,26.5,0,0,0,0
5472688,1995,13122,1994,"BR","",,1,6,424,3,31,8,1,1,0,0.2188,4,7.625,,,,
5476170,1995,13136,1994,"BR","",362675,2,9,206,6,68,10,3,0.7,0.4444,0.4898,2.3333,22.2,0.8333,0.5,0,0
5476347,1995,13136,1994,"BR","",271215,3,19,408,5,51,5,0,0.6,,0.4444,,32,0,0,,
5476896,1995,13136,1994,"BR","",71450,2,19,524,1,15,7,2,1,0,0.6122,2.5,12.2857,0,0,0,0
5478122,1995,13143,1994,"BR","",717049,3,3,285,6,67,19,0,0.6316,,0.1528,,29.4737,0,0,,
5478177,1995,13143,1994,"BR","",271215,3,20,408,5,51,4,2,1,0.5,0.5,2.5,4.5,0,0,0,0
5478504,1995,13143,1994,"BR","",437105,3,13,261,1,19,13,0,1,,0.7811,,11.3846,0,0,,
5482567,1996,13157,1994,"BR","",694487,2,18,139,6,63,16,4,1,0,0.5547,3,9.0625,0.0667,0.0625,0,0
5484044,1996,13164,1994,"BR","",,5,26,188,5,53,2,1,1,0,0.5,3,8.5,,,,
5484305,1996,13164,1994,"BR","",695811,2,10,439,4,41,16,1,0.9375,0,0.6489,2,20.75,0,0,0,0
5485832,1996,13171,1994,"BR","",,1,2,128,3,32,2,3,0,0,,1,70.5,,,,
5487306,1996,13178,1994,"BR","",218550,2,15,73,4,43,6,6,1,0.4444,0.7222,2,3.3333,0.5,0.5,0.3333,0.3333
5487832,1996,13178,1994,"BR","",708263,3,5,210,1,19,9,1,0.7778,0,0,2,24.7778,0,0,0,0
5488834,1996,13185,1994,"BR","",172940,3,4,62,6,69,7,2,1,0.5,0.4898,2,13.5714,0,0,0,0
5489034,1996,13185,1994,"BR","",,1,14,215,6,68,4,1,1,0,0.375,2,10,,,,
5490847,1996,13192,1993,"BR","",,1,20,604,3,32,4,7,1,0,0,3.1429,4.5,,,,
5493006,1996,13199,1993,"BR","",490315,2,2,530,1,15,9,4,1,0.375,0.4938,3,5.1111,0.5,0.4444,1,1
5496075,1996,13213,1995,"BR","",718629,3,10,285,6,67,9,2,0.6667,0.5,0,1.5,20.7778,0,0,0,0
5501435,1996,13234,1994,"BR","",,1,18,269,6,69,7,0,0.8571,,0,,19.8571,,,,
5505501,1996,13248,1994,"BR","",,1,4,285,6,67,8,2,1,0,0.5625,3,12.125,,,,
5507369,1996,13255,1994,"BR","",719671,3,1,188,5,53,7,0,1,,0,,8.2857,0,0,,
5510688,1996,13262,1994,"BR","",172940,3,12,318,4,45,7,0,1,,0.2449,,7.4286,0,0,,
5511969,1996,13269,1994,"BR","",256240,3,12,431,6,66,5,0,1,,0.32,,12.4,0.25,0.2,,
5514304,1996,13276,1992,"BR","",,1,7,261,1,19,5,1,0.4,0,0,6,37.4,,,,
5516809,1996,13283,1994,"BR","",705866,3,8,521,1,15,9,0,0.7778,,0.4898,,21.8889,0,0,,
5517003,1996,13283,1993,"BR","",368935,3,1,219,4,49,9,1,0.8889,0,0.7188,4,14.6667,0,0,0,0
5517178,1996,13283,1993,"BR","",720575,3,9,340,2,21,6,2,0.8333,0,0.48,2.5,14.5,0,0,0,0
5519286,1996,13290,1994,"BR","",,1,3,315,4,42,1,1,1,0,0,2,15,,,,
5520063,1996,13297,1994,"BR","",368935,3,2,74,5,59,3,0,1,,0.4444,,5.6667,0,0,,
5522336,1996,13304,1994,"BR","",437105,3,4,114,5,55,10,2,1,0,0.18,2.5,11.5,0,0,0,0
5522542,1996,13304,1994,"BR","",,1,4,238,5,55,4,1,0.75,0,0,2,20.5,,,,
5524635,1996,13311,1994,"BR","",283290,2,7,600,3,32,15,1,1,0,0.6844,3,11.6667,0.125,0.0667,0,0
5527138,1996,13318,1993,"BR","",721457,3,13,410,5,55,8,1,0.625,0,0.32,4,24.25,0,0,0,0
5527595,1996,13318,1994,"BR","",6260,2,18,428,6,69,37,0,0.8919,,0.6189,,18.5946,0.0333,0.027,,
5531117,1996,13332,1994,"BR","",218550,2,27,73,4,43,5,3,1,0,0.56,2.6667,4,0.6,0.6,0,0
5531455,1996,13332,1993,"BR","",,1,7,277,6,67,12,1,0.9167,0,0.7769,4,23.9167,,,,
5531753,1996,13332,1994,"BR","",,5,26,606,3,32,4,2,1,0,0.375,2.5,10.25,,,,
5533254,1996,13339,1995,"BR","",695811,2,11,29,5,52,6,0,0.6667,,0.625,,39.1667,0,0,,
5533496,1996,13339,1994,"BR","",714267,2,18,128,3,32,5,1,1,0,0.32,3,12.4,0,0,0,0
5533611,1996,13339,1994,"BR","",182890,2,6,206,6,68,8,1,1,0,0,2,12.625,0.5714,0.5,1,1
5535611,1996,13346,1994,"BR","",172940,3,10,72,5,52,4,1,1,0,0,4,21,0,0,0,0
5538037,1996,13353,1994,"BR","",437105,3,5,137,6,69,6,2,0.6667,0,0.625,2,27.8333,0,0,0,0
5538446,1996,13353,1994,"BR","",695811,2,11,439,4,41,3,2,1,0,0.4444,4,19.3333,0.5,0.3333,0,0
5540766,1996,13360,1995,"BR","",,1,13,106,1,12,9,2,0.6667,0.5,0.2778,2,30.4444,,,,
5542563,1996,13367,1995,"BR","",,1,18,220,6,68,10,2,0.9,0.5,0.3704,1.5,8,,,,
5542724,1996,13367,1994,"BR","",683010,3,8,292,6,69,13,1,0.7692,0,0.7,1,20.7692,0,0,1,1
5553269,1996,13395,1991,"BR","",280070,2,8,395,2,22,15,0,1,,0.7467,,6.6,0,0,,
5556384,1996,13409,1995,"BR","",,1,8,604,3,32,4,1,1,0,0.375,0,7.75,,,,
5560334,1996,13423,1995,"BR","",369340,3,6,123,5,53,4,1,0.75,0,0.4444,1,21.25,0,0,0,0
5560436,1996,13423,1995,"BR","",437105,3,3,175,6,64,10,1,0.6,0,0.4444,2,27.8,1,0.2,0,0
5564757,1996,13437,1994,"BR","",717049,3,5,285,6,67,15,3,0.6,0.4444,0.1975,2.3333,32.8667,0,0,0.3333,0.3333
5566568,1996,13444,1994,"BR","",697913,3,10,72,5,52,3,0,0.6667,,0,,52,0,0,,
5566854,1996,13444,1995,"BR","",697913,3,8,220,6,68,4,0,0.5,,0,,50.25,0,0,,
5567186,1996,13444,1994,"BR","",695811,2,7,439,4,41,11,2,0.9091,0,0.18,3.5,12.8182,0.2,0.1818,0,0
