4424876,1984,8775,1981,"BR","",367415,3,13,180,5,55,2,4,0.5,0,0,9.75,14,0,0,0,0
4425201,1984,8775,1982,"BR","",473480,2,4,205,1,19,3,3,1,0,0,8.6667,11.3333,0.6667,0.6667,0.3333,0.3333
4429813,1984,8803,1982,"BR","",568760,3,15,222,1,19,7,1,0.4286,0,0,11,40.5714,0,0,0,0
4436126,1984,8838,1981,"BR","",480040,2,4,144,5,51,3,9,0,0.1975,,15.8889,27.6667,0,0,0,0
4437835,1984,8845,1982,"BR","",4895,3,12,432,6,66,6,3,1,0,0.2778,7.3333,5.8333,0,0,0,0
4440328,1984,8859,1982,"BR","",568760,3,8,222,1,19,19,0,0.7368,,0,,12.7368,0,0,,
4441834,1984,8866,1981,"BR","",,1,6,402,5,59,7,1,0.5714,0,0,7,21.8571,,,,
4447647,1984,8894,1982,"BR","",55665,3,12,564,1,14,1,4,0,0.375,,5,30,0,0,0.25,0.25
4448402,1984,8901,1983,"BR","",144645,3,7,266,5,52,4,22,0.75,0.3678,0.4444,7.6364,11.75,0,0,0.1818,0.1818
4449962,1984,8908,1982,"BR","",352310,3,8,493,5,51,6,12,1,0.7222,0.5,10.3333,12,0,0,0,0
4461406,1984,8971,1982,"BR","",25135,2,4,222,1,19,8,8,0.5,0.5313,0.625,10.5,37.75,0,0,0,0
4461585,1984,8971,1982,"BR","",369340,3,6,384,5,59,5,4,1,0.5,0,12.25,5.6,0,0,0,0
4466160,1984,8999,1981,"BR","",,1,29,24,6,63,4,5,0.5,0.64,0.5,7.2,37.5,,,,
4469504,1984,9013,1982,"BR","",437105,3,3,71,1,11,4,1,0.5,0,0,9,31,0,0,1,1
4470380,1984,9020,1983,"BR","",,1,5,123,5,53,5,0,0.4,,0.5,,34.2,,,,
4475484,1984,9048,1983,"BR","",,1,18,123,5,53,7,3,1,0.4444,0.6122,4.3333,7.7143,,,,
4480188,1984,9069,1982,"BR","",601495,3,1,250,4,44,2,2,0.5,0,0,2,17,0,0,0,0
4485901,1984,9104,1981,"BR","",,1,8,192,5,53,2,2,0.5,0.5,0,4,14.5,,,,
4487785,1984,9111,1982,"BR","",,1,7,426,6,61,5,2,0.6,0.5,0,6,20.4,,,,
4489840,1984,9125,1983,"BR","",568760,3,5,215,6,68,5,5,0.8,0.48,0.5,7.4,24.8,0,0,0,0
4495843,1985,9160,1982,"BR","",271215,3,19,82,5,51,2,0,0,,,,50.5,0,0,,
4502567,1985,9195,1983,"BR","",,1,10,184,5,59,7,1,1,0,0,5,10.2857,,,,
4503210,1985,9195,1984,"BR","",616075,3,8,528,1,15,4,12,1,0.6806,0.375,6.5,8.5,0.6667,0.5,0.0833,0.0833
4505019,1985,9209,1983,"BR","",,1,8,29,5,52,11,12,0.6364,0.5278,0,6.75,24.8182,,,,
4505279,1985,9209,1983,"BR","",596125,2,13,460,6,61,11,12,0.9091,0,0.18,7.5833,13.2727,0.25,0.1818,0,0
4506812,1985,9216,1982,"BR","",568760,3,6,222,1,19,20,4,0.75,0,0,12.25,14.65,0,0,0,0
4512599,1985,9244,1983,"BR","",,1,7,292,6,69,6,2,0.8333,0,0.56,6.5,28,,,,
4520534,1985,9286,1983,"BR","",,1,14,24,6,63,2,2,1,0.5,0,10.5,15.5,,,,
4522874,1985,9293,1984,"BR","",,1,6,442,1,11,8,15,0.625,0.48,0.32,9.4667,15.875,,,,
4523355,1985,9300,1983,"BR","",451505,2,1,24,6,63,4,0,0.75,,0.6667,,18.75,1,0.25,,
4523486,1985,9300,1983,"BR","",159415,3,13,74,5,59,7,3,0.5714,0.6667,0.375,7.3333,20.8571,0.3333,0.1429,0,0
4523637,1985,9300,1982,"BR","",,1,7,165,6,66,6,10,0.1667,0.72,0,11.4,36.3333,,,,
4523941,1985,9300,1984,"BR","",437105,3,1,71,1,11,3,1,0.3333,0,0,7,47,0,0,1,1
4525623,1985,9307,1983,"BR","",601715,2,6,392,4,41,11,9,0.8182,0.716,0.6173,10,14.8182,0.1667,0.0909,0,0
4529185,1985,9328,1983,"BR","",,1,4,5,6,65,8,1,0.125,0,0,9,50.75,,,,
4529699,1985,9328,1982,"BR","",271245,3,3,435,3,33,5,6,0.4,0.6667,0.5,8.3333,30.8,0,0,0,0
4530360,1985,9335,1982,"BR","",,1,4,607,3,32,3,39,0.6667,0.7101,0.5,11.0256,16.3333,,,,
4539240,1985,9377,1984,"BR","",71655,2,5,428,6,69,2,7,1,0.7755,0.5,9.7143,10.5,0,0,0,0
4539770,1985,9384,1983,"BR","",204465,3,6,42,5,59,4,2,0.5,0,0,6.5,35,0,0,0,0
4544558,1985,9405,1983,"BR","",,1,5,426,6,61,5,2,1,0,0.32,7,8.6,,,,
4545271,1985,9412,1982,"BR","",271215,3,8,82,5,51,12,4,0.5833,0.375,0.449,8.75,29.3333,0,0,0,0
4545757,1985,9412,1984,"BR","",271215,3,9,425,5,51,17,3,0.5882,0.4444,0.18,3.3333,22.5882,0,0,0,0
4545913,1985,9412,1983,"BR","",369340,3,9,428,6,69,4,2,1,0.5,0.625,3,10.5,0,0,0,0
4547336,1985,9419,1983,"BR","",369335,3,3,419,5,52,2,0,0,,,,36,0,0,,
4549004,1985,9426,1984,"BR","",616075,3,8,528,1,15,5,14,1,0.8265,0.56,6.9286,13,0,0,0,0
4550652,1985,9440,1983,"BR","",601715,2,4,99,6,61,5,6,0.4,0.5,0,8.5,34.4,0,0,1,0.1667
4557490,1985,9475,1984,"BR","",,1,1,277,6,67,6,4,0.3333,0.625,0.5,5.5,20,,,,
4558547,1985,9482,1984,"BR","",208895,3,7,52,6,69,2,2,0.5,0.5,0,8.5,21,0,0,0,0
4559837,1985,9489,1983,"BR","",,1,11,73,4,43,7,5,0.8571,0.64,0.8333,11,12.1429,,,,
4562274,1985,9496,1983,"BR","",55665,3,8,549,1,14,2,0,1,,0,,14.5,0,0,,
4564045,1986,9510,1984,"BR","",,1,10,137,6,69,8,4,0.625,0,0.32,8.25,17.875,,,,
4568374,1986,9531,1984,"BR","",437105,3,10,71,1,11,5,1,0.4,0,0,7,35.8,0,0,1,1
4573164,1986,9552,1985,"BR","",112655,3,1,373,6,66,10,0,0.5,,0.56,,32,0,0,,
4573613,1986,9559,1984,"BR","",568760,3,2,222,1,19,20,0,0.7,,0,,15.55,0,0,,
4577529,1986,9580,1982,"BR","",,1,10,74,5,59,5,2,0.4,0,0,10,31,,,,
4579550,1986,9587,1983,"BR","",,1,12,474,5,53,2,3,0.5,0,0,4.6667,22.5,,,,
4586897,1986,9622,1985,"BR","",320215,3,10,432,6,66,1,5,1,0,0,4.8,2,0,0,0,0
4587906,1986,9629,1980,"BR","",,1,4,104,5,55,13,2,0.5385,0,0.7347,11.5,46.3846,,,,
4592479,1986,9650,1984,"BR","",16870,3,2,220,6,68,1,4,1,0.625,0,7.25,5,0,0,0,0
4592742,1986,9650,1985,"BR","",,1,9,604,3,32,6,12,1,0.1528,0.2778,7.1667,12,,,,
4594840,1986,9664,1985,"BR","",596125,2,3,56,6,61,11,10,1,0,0.2975,8.9,9,0.375,0.2727,0,0
4598478,1986,9685,1985,"BR","",,1,8,30,6,65,1,0,0,,,,69,,,,
4600073,1986,9692,1984,"BR","",,1,4,180,5,55,14,3,0.9286,0.4444,0.355,5.6667,11.9286,,,,
4601370,1986,9699,1982,"BR","",,1,22,192,5,53,3,4,0.6667,0.375,0,11.5,11.6667,,,,
4601636,1986,9699,1984,"BR","",,1,2,414,5,51,9,0,0.5556,,0.32,,24.4444,,,,
4602140,1986,9699,1984,"BR","",350950,3,4,219,4,49,9,9,0.5556,0,0,6,25.6667,0,0,0,0
4610099,1986,9748,1985,"BR","",,1,18,36,6,63,10,34,0.8,0.2647,0,7.7941,11.2,,,,
4614476,1986,9769,1983,"BR","",492965,3,11,414,5,51,11,3,0.6364,0.6667,0.5714,7,16.8182,0,0,0,0
4614523,1986,9769,1985,"BR","",613690,3,16,48,1,13,3,1,1,0,0.4444,10,15.3333,0,0,0,0
4615731,1986,9776,1985,"BR","",269045,3,39,75,5,52,12,6,0.5833,0.6111,0.449,4,28,0,0,0,0
4616882,1986,9783,1984,"BR","",159400,3,1,303,5,53,4,4,1,0.625,0.625,12.75,15,0,0,0,0
4618753,1986,9790,1984,"BR","",342615,3,12,218,4,49,1,0,1,,0,,4,0,0,,
4622744,1986,9818,1984,"BR","",,1,6,30,6,65,5,0,0.2,,0,,49,,,,
4624365,1986,9825,1985,"BR","",443615,3,4,206,6,68,16,4,0.75,0.625,0.1528,7.5,22.4375,0,0,0,0
4624420,1986,9825,1984,"BR","",,1,6,241,5,51,2,2,0.5,0.5,0,9,43,,,,
4625846,1986,9832,1984,"BR","",48870,3,26,192,5,53,25,13,0.48,0.5207,0.6528,9.0769,23.68,0,0,0.0909,0.0769
4630953,1986,9853,1985,"BR","",,1,3,401,1,12,3,1,0.3333,0,0,13,23,,,,
4633694,1987,9867,1985,"BR","",,1,6,72,5,52,13,0,0.7692,,0.72,,24.2308,,,,
4641700,1987,9902,1984,"BR","",,1,3,160,6,69,9,1,0,0,,6,44.6667,,,,
4643254,1987,9909,1985,"BR","",437105,3,4,166,6,64,11,1,0.6364,0,0,2,23.8182,0,0,0,0
4644256,1987,9909,1983,"BR","",265105,3,3,323,4,45,3,9,1,0.6173,0.4444,7.7778,9.3333,0,0,0,0
4646893,1987,9923,1984,"BR","",271215,3,12,192,5,53,8,0,0.75,,0,,18.5,0,0,,
4648654,1987,9930,1984,"BR","",,1,26,297,6,65,6,6,0.6667,0,0.375,9.8333,17.6667,,,,
4648838,1987,9930,1985,"BR","",744035,3,22,433,3,39,7,12,0.7143,0.2917,0,6.5,21,0,0,0.4286,0.25
4649033,1987,9930,1984,"BR","",316255,3,8,423,1,19,5,2,1,0,0.32,7.5,14,0,0,0,0
4650273,1987,9937,1985,"BR","",28145,2,7,439,4,41,7,20,0.7143,0.255,0.32,9.65,21.1429,0.5,0.1429,0.05,0.05
4650460,1987,9937,1985,"BR","",,1,1,604,3,32,7,15,0.8571,0.6844,0.4444,9.2667,13.5714,,,,
4651432,1987,9944,1986,"BR","",204465,3,6,33,6,69,9,5,0.6667,0.56,0.2778,8.2,19,0,0,0,0
4651608,1987,9944,1985,"BR","",,1,7,83,5,51,7,0,0.5714,,0,,35.2857,,,,
4652662,1987,9944,1985,"BR","",616075,3,3,549,1,14,1,4,1,0.75,0,6.25,8,0,0,0,0
4654239,1987,9951,1985,"BR","",,1,1,428,6,69,11,5,1,0.32,0.1653,8.8,10.9091,,,,
4658732,1987,9972,1984,"BR","",,1,19,104,5,55,20,2,0.65,0,0.7101,7.5,40.2,,,,
4658851,1987,9972,1985,"BR","",,1,5,137,6,69,5,2,0.6,0.5,0.4444,7,39.6,,,,
4660474,1987,9979,1985,"BR","",76115,3,1,102,1,19,6,7,1,0.2449,0,7.4286,8.6667,0,0,0,0
4661081,1987,9979,1985,"BR","",,1,4,446,6,62,7,11,0.2857,0.5455,0,5.2727,27.4286,,,,
4665783,1987,10000,1985,"BR","",271215,3,9,82,5,51,10,0,0.9,,0.1975,,16.2,0,0,,
4670200,1987,10014,1985,"BR","",,1,12,264,5,51,7,1,1,0,0.6939,11,9.7143,,,,
4671797,1987,10021,1985,"BR","",,1,7,600,3,32,3,5,1,0.56,0.4444,10.6,13.6667,,,,
4675368,1987,10035,1985,"BR","",531210,3,11,526,1,15,15,5,1,0.48,0.5511,4.4,7.6667,0.4667,0.4667,0,0
4680558,1987,10056,1985,"BR","",566145,3,9,333,2,21,7,6,0.8571,0,0.2778,5,11.4286,0,0,0,0
4685633,1987,10084,1986,"BR","",442070,3,14,242,5,51,9,8,0.6667,0.6875,0.2778,5.625,14.6667,0,0,0,0
4686795,1987,10091,1986,"BR","",,1,1,451,5,51,8,1,0.625,0,0.32,4,27.5,,,,
4687440,1987,10091,1986,"BR","",320215,3,10,432,6,66,3,1,1,0,0,3,11.3333,0,0,0,0
4688550,1987,10098,1985,"BR","",256240,3,10,126,6,66,7,1,0.4286,0,0.4444,9,33.8571,0,0,1,1
4692134,1987,10112,1986,"BR","",352310,3,4,493,5,51,5,6,1,0.6111,0.32,6.6667,4.6,0,0,0,0
4700028,1987,10147,1986,"BR","",342615,3,7,218,4,49,5,2,0.2,0,0,2,32,0,0,0,0
4702423,1987,10161,1985,"BR","",492960,3,11,241,5,51,1,6,1,0.5,0,6.8333,8,0,0,0,0
4704508,1987,10168,1986,"BR","",342615,3,4,218,4,49,4,0,0.5,,0,,26.75,0,0,,
4706338,1987,10182,1986,"BR","",101895,2,4,19,1,11,4,7,0.75,0.2449,0.6667,6.7143,17.75,0.5,0.25,0,0
4707248,1987,10182,1984,"BR","",437105,3,4,208,1,19,10,1,0.7,0,0.449,11,19,0,0,0,0
4707275,1987,10182,1986,"BR","",437105,3,13,210,1,19,4,2,1,0.5,0.375,4.5,5,0,0,0,0
4717537,1988,10231,1986,"BR","",115190,3,6,420,5,52,1,0,0,,,,54,0,0,,
4718366,1988,10238,1986,"BR","",269960,3,7,112,6,63,2,0,1,,0.5,,15,0,0,,
4723971,1988,10266,1986,"BR","",,1,20,96,1,13,7,5,0.2857,0.56,0.5,7.6,39.5714,,,,
4725002,1988,10273,1986,"BR","",478430,3,7,239,5,59,4,10,1,0.46,0.375,6.8,2.75,0.75,0.75,0.1,0.1
4735128,1988,10322,1986,"BR","",369340,3,19,92,5,53,6,14,1,0.7143,0.7222,5.4286,4,0,0,0,0
4736930,1988,10329,1986,"BR","",320215,3,12,266,5,52,5,2,1,0,0.64,9.5,13.2,0,0,0,0
4737255,1988,10329,1986,"BR","",601495,3,2,204,1,19,5,1,0.4,0,0.5,10,29.4,0,0,0,0
4738891,1988,10336,1984,"BR","",474315,3,10,428,6,69,4,2,1,0.5,0,10,9,0,0,0,0
4743405,1988,10357,1986,"BR","",339275,3,1,261,1,19,9,13,0.8889,0.7219,0.6875,4.7692,15.2222,0,0,0,0
4745521,1988,10364,1986,"BR","",265105,3,4,361,4,45,5,4,0.6,0.5,0,7.25,15.8,0,0,0,0
4747459,1988,10378,1987,"BR","",,1,7,180,5,55,4,2,1,0,0.375,4,20,,,,
4754475,1988,10406,1987,"BR","",531835,3,8,379,2,21,4,3,1,0.4444,0,6,6,0,0,0,0
4754613,1988,10413,1986,"BR","",491280,3,7,62,6,69,11,1,0.8182,0,0.716,4,17.5455,0,0,0,0
4755108,1988,10413,1987,"BR","",172940,3,12,417,5,53,5,12,1,0.375,0.48,4.5,3.8,0,0,0.25,0.25
4756250,1988,10420,1986,"BR","",76115,3,9,102,1,19,1,12,1,0.4028,0,7.0833,7,0,0,0,0
4757852,1988,10427,1986,"BR","",,1,9,160,6,69,9,7,0.3333,0.2449,0,6.4286,34.6667,,,,
4763759,1988,10455,1987,"BR","",185865,3,1,184,5,59,4,1,0.75,0,0.4444,7,20,0,0,0,0
4766680,1988,10469,1986,"BR","",232415,3,3,36,6,63,21,4,0.1429,0,0,6.5,42,0,0,0,0
4767373,1988,10469,1986,"BR","",,1,1,446,6,62,8,3,0.25,0.6667,0.5,6.3333,42.375,,,,
4770058,1988,10483,1987,"BR","",172940,3,5,74,5,59,10,4,0.8,0.75,0.7188,3.25,18.9,0,0,0.25,0.25
4774891,1988,10504,1986,"BR","",,1,10,104,5,55,10,1,0.5,0,0.32,9,48.8,,,,
4775375,1988,10504,1986,"BR","",,1,2,604,3,32,3,21,1,0.381,0,6.7143,5,,,,
4776319,1988,10511,1987,"BR","",,1,5,126,6,66,5,4,0.6,0.375,0.4444,3.25,26.4,,,,
4777457,1988,10511,1987,"BR","",566145,3,15,333,2,21,14,1,0.8571,0,0.4861,10,15.2857,0,0,0,0
4777846,1988,10518,1986,"BR","",,1,12,74,5,59,9,0,0.1111,,0,,30.3333,,,,
4788525,1988,10560,1987,"BR","",,1,10,340,2,21,5,2,0.6,0,0.4444,4.5,22.8,,,,
4790573,1988,10574,1987,"BR","",590255,3,2,285,6,67,4,4,0.5,0.375,0,5.25,24.75,0,0,0,0
4791654,1988,10574,1987,"BR","",706518,2,6,375,2,21,8,20,1,0.715,0.6875,4.1,3.375,0.125,0.125,0.1579,0.15
4791920,1988,10581,1987,"BR","",,1,8,128,3,32,12,1,1,0,0.2917,9,9.4167,,,,
4799508,1989,10616,1987,"BR","",16870,3,6,137,6,69,5,0,0.2,,0,,37.8,1,0.2,,
