5203971,1993,12163,1991,"BS","",382795,3,31,205,1,19,8,7,1,0.5714,0.4688,4.4286,7.25,0,0,0.8571,0.8571
5211363,1993,12191,1992,"BS","",,1,6,248,6,69,5,1,1,0,0.72,4,3,,,,
5362366,1994,12730,1992,"BS","",382795,3,48,205,1,19,8,12,1,0.6389,0.2188,3.6667,7.75,0,0,0.8333,0.8333
5368702,1994,12751,1993,"BS","",382795,3,25,205,1,19,7,4,0.8571,0.5,0.7778,3.75,12.7143,0,0,0.5,0.5
5378828,1995,12786,1993,"BS","",707750,3,12,536,1,14,3,1,1,0,0.4444,4,14.3333,0,0,0,0
5413689,1995,12912,1992,"BS","",382795,3,10,204,1,19,23,8,0.913,0.6563,0.8707,3,14.913,0,0,1,1
5457910,1995,13073,1993,"BS","",,1,7,43,6,61,7,0,0.7143,,0,,21.7143,,,,
5472578,1995,13122,1994,"BS","",382795,3,25,205,1,19,18,2,1,0.5,0.4938,2.5,9.3889,0.2222,0.2222,1,1
5507933,1996,13255,1994,"BS","",,1,51,204,1,19,17,7,0.9412,0.7347,0.8125,1.4286,13.2353,,,,
5527182,1996,13318,1993,"BS","",721465,3,47,433,3,39,27,14,1,0,0,3.7857,5.9259,0,0,0.1111,0.0714
