4056449,1977,6514,1975,"BS","",146350,3,14,205,1,19,6,2,1,0.5,0.6667,6.5,4,0,0,0,0
4064021,1977,6563,1976,"BS","",146350,3,4,205,1,19,1,2,1,0.5,0,7,1,0,0,0,0
4065367,1977,6570,1976,"BS","",141945,3,11,205,1,19,4,5,0.5,0.32,0.5,5.4,30.75,0.5,0.25,0,0
4071227,1978,6605,1975,"BS","",284925,3,5,266,5,52,8,0,0.125,,0,,33,0,0,,
4089561,1978,6710,1976,"BS","",224185,3,6,299,6,64,2,0,0,,,,43.5,0,0,,
4098669,1978,6759,1977,"BS","",146350,3,18,204,1,19,10,12,1,0.5694,0.64,6,7.9,0,0,0,0
4103949,1978,6787,1976,"BS","",,1,6,292,6,69,6,1,0.5,0,0,22,28.8333,,,,
4108756,1978,6808,1976,"BS","",141945,3,4,204,1,19,5,6,0.8,0.5,0,7.6667,20.2,0,0,0,0
4111765,1978,6822,1977,"BS","",146350,3,5,205,1,19,6,7,1,0.6122,0.6111,8.1429,6.5,0,0,0,0
4118306,1978,6850,1977,"BS","",146350,3,4,204,1,19,7,4,1,0.375,0.2449,5.5,4.4286,0,0,0,0
4124488,1978,6885,1977,"BS","",413920,3,20,210,1,19,12,23,0.8333,0.3856,0.62,11.7826,10.4167,0,0,0,0
4136235,1979,6962,1977,"BS","",146350,3,10,429,4,45,6,2,0.8333,0,0.48,4.5,7.8333,0,0,0,0
4138295,1979,6976,1978,"BS","",146350,3,37,205,1,19,2,16,1,0.4297,0.5,7.1875,4,0,0,0,0
4146438,1979,7025,1977,"BS","",146350,3,27,205,1,19,7,24,1,0.6528,0.6122,7.1667,4.4286,0,0,0.087,0.0833
4167607,1979,7193,1977,"BS","",146350,3,41,429,4,45,7,4,1,0,0.2449,2.25,6.8571,0,0,0,0
4187155,1980,7340,1978,"BS","",146350,3,25,205,1,19,4,26,1,0.6243,0.375,4.5,4,0,0,0.0385,0.0385
4191337,1980,7368,1977,"BS","",483630,3,6,241,5,51,4,1,0.75,0,0.4444,11,13.75,0,0,0,0
4212404,1980,7501,1977,"BS","",18360,3,12,212,5,59,3,2,1,0.5,0.4444,4.5,12,0,0,0,0
4227875,1980,7592,1978,"BS","",84025,3,10,432,6,66,1,0,1,,0,,13,0,0,,
4235695,1980,7634,1977,"BS","",146350,3,15,204,1,19,12,14,1,0.6735,0.7639,9.7857,7.5,0,0,0,0
4238863,1980,7655,1978,"BS","",590895,3,1,8,1,11,3,0,0.3333,,0,,31,0,0,,
4246324,1981,7690,1979,"BS","",146350,3,27,429,4,45,10,35,1,0.2563,0,12.8571,8.4,0,0,0,0
4250685,1981,7718,1979,"BS","",,4,20,53,6,68,3,1,0.3333,0,0,7,49.3333,,,,
4254806,1981,7739,1979,"BS","",,4,11,141,5,51,2,14,0.5,0.6224,0,9.5714,25.5,,,,
4267025,1981,7802,1979,"BS","",146350,3,8,205,1,19,3,2,1,0.5,0.4444,14,5.6667,0.3333,0.3333,0,0
4272354,1981,7837,1979,"BS","",146350,3,7,204,1,19,1,11,1,0.562,0,10,8,0,0,0,0
4285799,1981,7907,1979,"BS","",146350,3,5,204,1,19,10,2,0.8,0.5,0.5938,2,18.5,0.1429,0.1,0,0
4288302,1981,7921,1977,"BS","",146350,3,12,205,1,19,2,7,0.5,0.4082,0,8.7143,23,0,0,0,0
4303166,1981,8005,1980,"BS","",18360,3,2,212,5,59,7,4,0.5714,0.625,0.625,6.25,17.1429,0.5,0.1429,0,0
4335168,1982,8201,1980,"BS","",87835,3,10,428,6,69,11,4,0.5455,0.75,0.8333,11.25,19.1818,0,0,0,0
4339232,1982,8229,1980,"BS","",,1,1,417,5,53,4,7,0.25,0.6531,0,12.8571,29.5,,,,
4367140,1983,8404,1980,"BS","",555990,3,9,210,1,19,2,16,1,0.5391,0,10.1875,5,0,0,0,0
4370476,1983,8425,1980,"BS","",,1,2,536,1,14,5,13,1,0.7219,0.56,9.2308,12.4,,,,
4373560,1983,8446,1979,"BS","",,4,26,141,5,51,3,18,0.6667,0.4568,0.5,10.8333,30,,,,
4419904,1983,8747,1981,"BS","",,1,3,74,5,59,8,1,0.375,0,0.4444,3,32.25,,,,
