3611977,1971,4302,1969,"BS","",,1,,114,5,55,,6,,0.4444,,14.6667,,,,,
3626652,1971,4365,1970,"BS","",,1,,52,6,69,,8,,0.4063,,9.875,,,,,
3659364,1972,4505,1969,"BS","",224185,3,,37,6,64,,7,,0.6122,,18.7143,,,,0,0
3672973,1972,4561,1969,"BS","",141945,3,,205,1,19,,3,,0,,12,,,,0,0
3684543,1972,4610,1970,"BS","",168950,3,,428,6,69,,17,,0.7474,,9.7647,,,,0.1765,0.1765
3725223,1973,4841,1971,"BS","",168950,3,,205,1,19,,7,,0.4082,,6.4286,,,,0.1429,0.1429
3731956,1973,4876,1970,"BS","",,1,,52,6,69,,27,,0.8313,,15.2963,,,,,
3747230,1973,4953,1971,"BS","",583135,3,,434,6,69,,1,,0,,8,,,,0,0
3747231,1973,4953,1972,"BS","",583135,3,,434,6,69,,0,,,,,,,,,
3763304,1973,5023,1972,"BS","",583135,3,,434,6,69,,0,,,,,,,,,
3783530,1974,5121,1971,"BS","",583135,3,,434,6,69,,1,,0,,8,,,,0,0
3792707,1974,5163,1972,"BS","",590895,3,,132,6,65,,6,,0,,8.6667,,,,0,0
3800200,1974,5198,1972,"BS","",,1,,318,4,45,,0,,,,,,,,,
3803245,1974,5212,1972,"BS","",556740,2,,568,1,14,,4,,0.625,,15,,,,0,0
3803674,1974,5219,1970,"BS","",,1,,57,6,63,,1,,0,,6,,,,,
3814112,1974,5268,1972,"BS","",590895,3,,132,6,65,,3,,0,,5.3333,,,,0,0
3833964,1974,5366,1971,"BS","",549835,3,,16,5,59,,7,,0.7347,,13.1429,,,,0,0
3844437,1974,5415,1972,"BS","",,1,,215,6,68,,1,,0,,21,,,,,
3867928,1975,5534,1972,"BS","",590895,3,4,601,3,32,2,3,0,0,,11.6667,72,0,0,0,0
3868178,1975,5534,1973,"BS","",,1,29,353,5,54,7,1,0.7143,0,0.32,10,6.4286,,,,
3883238,1975,5611,1973,"BS","",,1,9,353,5,54,7,2,0.8571,0,0,13.5,6.5714,,,,
3923614,1975,5814,1974,"BS","",141945,3,21,205,1,19,3,3,0,0.4444,,9.3333,51,0,0,0,0
3953222,1976,5961,1974,"BS","",565745,2,16,106,1,12,3,5,0,0,,6.6,29.3333,0,0,0,0
3956097,1976,5975,1974,"BS","",168950,3,16,204,1,19,4,8,0.75,0.5,0,5.625,13.5,0,0,0,0
3960119,1976,5996,1974,"BS","",,1,8,123,5,53,9,1,0.4444,0,0,9,21.7778,,,,
3964188,1976,6017,1975,"BS","",,1,10,40,6,69,4,5,0.75,0.32,0.4444,17.6,9,,,,
3976556,1976,6080,1974,"BS","",141945,3,16,204,1,19,2,6,0.5,0.6111,0,8,37.5,0,0,0,0
4025280,1977,6353,1974,"BS","",508980,3,2,431,6,66,9,1,0.1111,0,0,15,30,0,0,0,0
