5609627,1997,13584,1994,"BS","",728524,2,2,128,3,32,55,14,1,0.6122,0.6056,2.7143,9.1636,0,0,0,0
5618234,1997,13612,1995,"BS","",729244,3,19,464,5,53,6,0,0.3333,,0,,36.1667,0,0,,
5618403,1997,13612,1995,"BS","",382795,3,16,205,1,19,14,0,0.8571,,0.4861,,21.6429,0.4,0.1429,,
5651874,1997,13724,1994,"BS","",382795,3,23,205,1,19,205,0,0.9707,,0.9013,,12.7415,0.125,0.1024,,
5676807,1997,13801,1996,"BS","",382795,3,47,204,1,19,56,0,0.9464,,0.7953,,11.1786,0.3125,0.2679,,
5681579,1997,13815,1994,"BS","",76070,2,26,424,3,31,14,1,1,0,0.4592,4,8.2143,0.3333,0.2857,1,1
5683450,1997,13822,1995,"BS","",728524,2,7,606,3,32,86,0,1,,0.6149,,7.5698,0,0,,
5683559,1997,13822,1995,"BS","",382795,3,36,204,1,19,178,0,0.9719,,0.9067,,13.1517,0.0748,0.0618,,
5693086,1997,13850,1995,"BS","",728524,2,3,623,3,39,93,2,1,0,0.6133,2.5,7.4086,0,0,0,0
5701884,1997,13878,1996,"BS","",,1,19,128,3,32,7,0,0.7143,,0.56,,35.8571,,,,
5716365,1998,13920,1995,"BS","",728524,2,24,606,3,32,98,1,1,0,0.6147,2,8.102,0,0,0,0
5718724,1998,13927,1995,"BS","",728524,2,10,606,3,32,97,1,1,0,0.647,1,8.2268,0,0,0,0
5725744,1998,13948,1996,"BS","",382795,3,21,204,1,19,16,2,1,0,0.4688,1,11.5,0.2,0.1875,0,0
5745039,1998,13997,1997,"BS","",377880,2,19,340,2,21,61,1,0.9836,0,0.7461,1,14.1148,0.0784,0.0656,0,0
5776180,1998,14067,1995,"BS","",728524,2,2,606,3,32,91,0,1,,0.6178,,8.6374,0,0,,
5800508,1998,14123,1995,"BS","",728524,2,22,623,3,39,91,1,1,0,0.6178,3,8.6374,0,0,0,0
5810358,1998,14144,1997,"BS","",,1,3,273,6,62,7,1,1,0,0,1,11.8571,,,,
5816707,1998,14158,1995,"BS","",377880,2,22,374,4,43,14,0,0.9286,,0.4734,,20.2143,0,0,,
5819666,1998,14165,1997,"BS","",746536,3,31,101,6,69,13,1,1,0,0.5562,1,5.0769,0,0,0,0
5830496,1998,14186,1997,"BS","",76070,2,7,424,3,31,8,0,1,,0.4688,,13.125,0.1429,0.125,,
5865981,1999,14277,1997,"BS","",382795,3,,205,1,19,21,0,1,,0.4898,,12.4762,0.1905,0.1905,,
5873570,1999,14298,1997,"BS","",,1,,273,6,62,6,0,0.6667,,0,,26.6667,,,,
5873721,1999,14298,1996,"BS","",721465,3,,433,3,39,30,0,1,,0,,9.0667,0.0769,0.0333,,
5888360,1999,14333,1997,"BS","",382795,3,,204,1,19,189,0,0.9735,,0.8975,,14.8201,0.0962,0.0794,,
5916263,1999,14424,1996,"BS","",728524,2,,623,3,39,99,0,1,,0.6518,,9.1212,0,0,,
5936382,1999,14466,1998,"BS","",,5,,320,4,45,6,0,1,,0.7222,,15.5,,,,
5938696,1999,14473,1997,"BS","",728524,2,,606,3,32,108,0,1,,0.6415,,9.1574,0,0,,
5951533,1999,14501,1995,"BS","",76070,2,,604,3,32,19,0,1,,0.3657,,14.5789,0.5294,0.4737,,
5968024,1999,14536,1998,"BS","",76070,2,,604,3,32,2,0,1,,0,,26,0,0,,
6001236,1999,14592,1996,"BS","",382795,3,,205,1,19,205,0,0.9707,,0.9032,,14.7415,0.119,0.0976,,
