4834850,1989,10742,1987,"BS","",171550,2,27,205,1,19,22,7,0.9091,0.5714,0.57,6,13.4091,0.0714,0.0455,0,0
4855416,1989,10812,1987,"BS","",446660,3,5,536,1,14,1,2,1,0.5,0,6,25,0,0,0,0
4869309,1989,10861,1988,"BS","",143495,3,5,160,6,69,20,6,0.85,0.2778,0.2907,9.1667,11.7,0,0,0,0
4870676,1989,10861,1988,"BS","",,1,7,455,2,21,4,14,1,0.3571,0.375,6.5714,4.25,,,,
4885356,1989,10931,1988,"BS","",13570,2,20,528,1,15,6,3,0.5,0,0,1.3333,26.8333,0,0,0,0
4924793,1990,11092,1989,"BS","",,1,2,114,5,55,3,2,1,0,0,2,4.3333,,,,
4946806,1990,11176,1988,"BS","",549385,3,10,501,1,19,15,1,0.8,0,0.7917,5,12.2667,0,0,0,0
4981628,1991,11323,1989,"BS","",549385,3,13,264,5,51,43,5,0.8605,0.56,0.8532,5.2,15.0698,0,0,0,0
5013499,1991,11449,1988,"BS","",549385,3,25,264,5,51,25,12,0.8,0.7917,0.795,4.9167,16.12,0,0,0,0
5016889,1991,11463,1990,"BS","",,1,1,273,6,62,1,1,0,0,,0,74,,,,
5029491,1991,11512,1988,"BS","",49485,3,37,74,5,59,5,0,0,,,,55.4,0,0,,
5071533,1991,11666,1990,"BS","",382795,3,11,204,1,19,5,18,0.6,0.6543,0,4.2778,34.2,0,0,0.8889,0.8889
5135621,1992,11904,1990,"BS","",382795,3,26,205,1,19,17,7,1,0.6122,0.3045,4.4286,12,0,0,1,0.8571
5152448,1992,11967,1991,"BS","",,1,4,228,5,52,6,3,0.8333,0.4444,0.56,4.3333,17,,,,
