4426115,1984,8782,1981,"BS","",,1,3,297,6,65,6,0,0.3333,,0,,60,,,,
4449425,1984,8908,1982,"BS","",460005,3,63,475,5,53,5,5,0.8,0.48,0,5.6,11,0,0,0.5,0.2
4465963,1984,8992,1982,"BS","",413175,2,5,320,4,45,6,3,1,0.4444,0.2778,10.6667,10.3333,0,0,0,0
4479344,1984,9069,1982,"BS","",109760,3,7,53,6,68,6,4,0.6667,0.625,0.625,11.5,16.3333,0,0,0,0
4480645,1984,9076,1983,"BS","",,1,3,131,6,61,2,0,1,,0,,6.5,,,,
4507472,1985,9216,1983,"BS","",,1,5,536,1,14,7,4,0.7143,0,0.64,5.5,13.1429,,,,
4522896,1985,9293,1983,"BS","",30445,3,3,429,4,45,26,4,0.3077,0.75,0.4063,10.25,40.1154,0,0,0,0
4526064,1985,9314,1984,"BS","",460005,3,81,475,5,53,7,4,0.5714,0,0.375,7.5,15.4286,0.3333,0.1429,0,0
4545886,1985,9412,1983,"BS","",171550,2,21,204,1,19,4,16,1,0.7734,0.375,4.8125,1.5,0,0,0,0
4545974,1985,9412,1984,"BS","",,1,23,423,1,19,1,7,0,0.6122,,7.1429,27,,,,
4650552,1987,9937,1985,"BS","",171550,2,18,205,1,19,9,17,0.8889,0.625,0.7188,9,17.4444,0,0,0,0
4659740,1987,9972,1985,"BS","",446660,3,10,514,3,31,9,6,0.8889,0.6111,0.75,7.3333,10.8889,0,0,0,0
4757962,1988,10427,1987,"BS","",,1,11,244,5,55,5,3,0.8,0,0.375,7.3333,20.2,,,,
4762056,1988,10448,1986,"BS","",,1,14,99,6,61,4,4,1,0.5,0.625,7.25,11.75,,,,
4784986,1988,10546,1986,"BS","",446660,3,5,512,1,19,2,4,1,0,0.5,4.5,8.5,0,0,0,0
