5658594,1997,13745,1986,"KW","",,1,20,424,3,31,0,1,,0,,11,,,,,
5684877,1997,13822,1995,"KW","",,1,19,380,2,22,5,0,1,,0.72,,6.6,,,,
5743207,1998,13997,1997,"KW","",740020,3,41,114,5,55,7,1,1,0,0,1,14.4286,0,0,0,0
5868094,1999,14284,1998,"KW","",,1,,114,5,55,8,1,1,0,0,0,13.875,,,,
5868723,1999,14284,1997,"KW","",,1,,604,3,32,22,0,0.9545,,0.7619,,11.2727,,,,
5875997,1999,14305,1997,"KW","",,1,,244,5,55,11,1,0.3636,0,0,1,43.4545,,,,
5879548,1999,14312,1997,"KW","",,1,,210,1,19,16,0,0.875,,0.5204,,19.25,,,,
5904665,1999,14382,1995,"KW","",604075,2,,604,3,32,9,0,1,,0.4938,,10.5556,0,0,,
5912018,1999,14410,1997,"KW","",,1,,424,3,31,1,0,1,,0,,2,,,,
5950372,1999,14501,1997,"KW","",740020,3,,52,6,69,12,0,0.5,,0.5,,40.4167,0,0,,
5971440,1999,14543,1997,"KW","",,1,,285,6,67,9,0,1,,0.6667,,16.7778,,,,
5989070,1999,14571,1998,"KW","",,1,,439,4,41,7,0,0.4286,,0,,48.8571,,,,
6001019,1999,14592,1999,"KW","",,1,,472,6,62,6,0,0.3333,,0.5,,62.5,,,,
