4567315,1986,9524,1984,"KW","",323835,3,20,585,1,19,10,6,0.8,0.2778,0.5938,8.3333,20.8,0,0,0,0
4598211,1986,9678,1984,"KW","",,1,6,290,4,45,8,1,0.75,0,0.2778,12,25.875,,,,
4622773,1986,9818,1985,"KW","",,1,18,43,6,61,6,1,0,0,,12,42.1667,,,,
4647924,1987,9923,1984,"KW","",,1,19,345,2,23,5,3,1,0.4444,0.32,10.3333,5.2,,,,
4651437,1987,9944,1986,"KW","",,1,6,33,6,69,4,3,0.5,0,0,3,26,,,,
4663387,1987,9986,1985,"KW","",323835,3,20,524,1,15,18,4,0.7222,0.375,0.6272,7,19.1111,0,0,0,0
4677159,1987,10042,1985,"KW","",323835,3,37,524,1,15,6,8,1,0.7813,0.2778,6.125,7.8333,0,0,0.2,0.125
4677870,1987,10049,1985,"KW","",,1,2,74,5,59,5,0,1,,0.64,,5.2,,,,
4686790,1987,10091,1985,"KW","",323835,3,43,47,6,61,22,11,1,0.7107,0.6901,7.3636,13.9091,0,0,0.1,0.0909
4793741,1988,10588,1986,"KW","",323835,3,26,405,6,64,9,3,1,0.4444,0.642,9,9.6667,0.125,0.1111,0,0
4797433,1989,10602,1986,"KW","",323835,3,4,524,1,15,5,2,1,0,0.56,5.5,12.4,0,0,0,0
