3614939,1971,4316,1969,"LB","",,1,,440,5,55,,1,,0,,11,,,,,
3642307,1972,4428,1969,"LB","",,1,,285,6,67,,4,,0.375,,16.75,,,,,
3724061,1973,4841,1971,"LB","",,1,,29,5,52,,14,,0.2551,,10.2143,,,,,
3798265,1974,5191,1969,"LB","",165265,2,,562,1,14,,8,,0.8438,,13.25,,,,0.25,0.25
3822971,1974,5303,1972,"LB","",,1,,418,5,53,,2,,0,,20.5,,,,,
3832985,1974,5359,1971,"LB","",,1,,123,5,53,,9,,0,,7.7778,,,,,
3861816,1975,5499,1973,"LB","",,1,5,403,6,67,1,9,0,0.7901,,12.1111,25,,,,
3867615,1975,5527,1972,"LB","",,1,3,377,4,49,3,5,0.6667,0.72,0.5,13.8,11.3333,,,,
3903548,1975,5730,1973,"LB","",,1,19,623,3,39,7,19,0.5714,0.0997,0.375,11.3158,9.5714,,,,
3923324,1975,5814,1974,"LB","",103050,2,6,285,6,67,10,13,0.3,0.6746,0.4444,11.9231,23.2,0,0,0,0
