4057146,1977,6521,1975,"CR","",635135,3,18,209,5,51,13,30,0.7692,0.4911,0.42,10.6,10.3077,0,0,0.037,0.0333
4118248,1978,6850,1977,"CR","",,1,7,127,1,11,4,3,0.75,0.6667,0.4444,13,16.5,,,,
4122676,1978,6878,1977,"CR","",,1,5,60,4,45,3,2,0,0.5,,4,70.3333,,,,
4140065,1979,6990,1977,"CR","",,1,1,108,6,69,11,13,0.5455,0.2722,0.4444,13.4615,18.7273,,,,
4144685,1979,7018,1976,"CR","",,1,23,52,6,69,10,6,0.5,0.5,0.32,15.3333,26,,,,
4156746,1979,7088,1977,"CR","",180670,3,2,427,1,12,11,0,0.5455,,0.4444,,14.2727,0,0,,
4184602,1980,7326,1978,"CR","",,1,6,220,6,68,12,4,0.3333,0.625,0.625,14,28.4167,,,,
4239411,1980,7655,1979,"CR","",,1,9,402,5,59,5,4,0,0.625,,4.75,60.8,,,,
4267831,1981,7809,1979,"CR","",,1,8,128,3,32,13,11,0.3846,0.314,0,14.1818,25.1538,,,,
4275966,1981,7851,1979,"CR","",,1,5,356,4,43,8,6,0.625,0.7778,0.72,9.1667,16.75,,,,
4276830,1981,7858,1979,"CR","",,1,2,102,1,19,4,4,0.75,0,0,12,9,,,,
4277174,1981,7858,1980,"CR","",,1,14,356,4,43,3,5,0.6667,0.8,0.5,11.6,18.6667,,,,
4297792,1981,7977,1980,"CR","",221495,2,10,34,1,19,2,1,0,0,,15,42.5,0,0,0,0
4319771,1982,8110,1980,"CR","",,1,8,283,6,69,3,4,0,0.375,,11.5,77,,,,
4344286,1982,8264,1980,"CR","",,1,6,60,4,45,6,2,0.6667,0,0,3,27,,,,
