5593709,1997,13528,1995,"CR","",727261,3,18,425,5,51,6,0,1,,0.6111,,14.8333,0,0,,
5617711,1997,13612,1995,"CR","",102520,2,17,53,6,68,25,0,0.92,,0.8015,,17.8,0.1429,0.08,,
5636556,1997,13675,1994,"CR","",,1,11,76,5,52,14,0,0.5,,0.4898,,53.2857,,,,
5652784,1997,13724,1996,"CR","",732161,3,12,379,2,21,18,2,1,0,0.1975,2,7.9444,0,0,0,0
5653488,1997,13731,1995,"CR","",,1,17,294,5,59,19,0,0.5789,,0.562,,32.5263,,,,
5662360,1997,13759,1996,"CR","",495535,2,15,285,6,67,12,2,1,0.5,0.4028,1,9.9167,0.1,0.0833,0,0
5678372,1997,13808,1995,"CR","",734391,3,25,52,6,69,8,0,0.625,,0,,30,0,0,,
5813476,1998,14151,1996,"CR","",,1,19,172,6,64,14,0,0.7857,,0.1653,,27.5,,,,
5913758,1999,14417,1998,"CR","",,1,,482,5,59,15,0,0.8667,,0.3787,,15,,,,
5921255,1999,14438,1997,"CR","",,1,,132,6,65,14,0,0.8571,,0.7917,,22.2143,,,,
5931769,1999,14459,1998,"CR","",,1,,482,5,59,16,0,0.9375,,0.1244,,11.0625,,,,
5961263,1999,14522,1998,"CR","",,1,,410,5,55,10,0,1,,0,,9.5,,,,
5967383,1999,14536,1998,"CR","",,1,,222,1,19,11,0,0.9091,,0.58,,16.3636,,,,
5967953,1999,14536,1998,"CR","",,1,,482,5,59,4,0,0.75,,0,,18.25,,,,
5972575,1999,14543,1998,"CR","",,1,,430,1,19,9,0,0.7778,,0,,25.6667,,,,
5976060,1999,14550,1998,"CR","",,1,,482,5,59,6,0,0.6667,,0.375,,24.6667,,,,
