5567382,1996,13444,1995,"RU","",723627,2,10,419,5,52,12,1,0.9167,0,0.5455,1,18.1667,0,0,0,0
5569423,1996,13451,1995,"RU","",528055,3,9,264,5,51,3,1,1,0,0.6667,2,20,0,0,0,0
5569427,1996,13451,1995,"RU","",528055,7,3,264,5,51,5,1,1,0,0.72,2,3,0,0,0,0
5569976,1996,13451,1995,"RU","",,1,6,313,4,42,3,0,1,,0.4444,,8.6667,,,,
5571082,1996,13458,1994,"RU","",,1,14,604,3,32,9,0,1,,0,,9.6667,,,,
5571836,1996,13458,1995,"RU","",,1,19,514,3,31,0,0,,,,,,,,,
5572897,1996,13465,1994,"RU","",,1,7,72,5,52,1,0,1,,0,,26,,,,
5573543,1996,13465,1995,"RU","",182890,2,22,606,3,32,22,0,0.6818,,0.6667,,28.381,0.3636,0.1818,,
5574818,1996,13465,1995,"RU","",714822,2,20,385,2,21,3,0,1,,0.4444,,10,0,0,,
5576383,1996,13472,1995,"RU","",,1,6,524,1,15,4,0,1,,0.625,,17.75,,,,
5576702,1996,13472,1995,"RU","",,1,40,340,2,21,7,3,1,0.4444,0,0.6667,5.4286,,,,
5577412,1996,13479,1994,"RU","",,1,16,74,5,59,4,0,1,,0.375,,6,,,,
5577882,1996,13479,1995,"RU","",408115,2,19,415,5,53,60,0,0.6667,,0.82,,37.9333,0.1333,0.0333,,
5579363,1996,13479,1995,"RU","",725990,2,17,378,4,44,1,2,1,0,0,1.5,2,0,0,0,0
5579427,1996,13479,1994,"RU","",714822,2,10,385,2,21,2,0,1,,0,,16,0,0,,
5580054,1996,13486,1995,"RU","",,1,8,273,6,62,3,0,0.6667,,0.5,,29,,,,
5581155,1996,13486,1995,"RU","",526405,3,26,315,4,42,4,2,1,0.5,0.625,1,4.5,0.3333,0.25,0,0
5584901,1996,13500,1994,"RU","",692908,2,26,55,1,13,10,0,0.8,,0.6563,,23.4,0.25,0.1,,
5585174,1996,13500,1995,"RU","",726542,3,15,428,6,69,5,0,0.8,,0.375,,17,0,0,,
5586602,1996,13507,1995,"RU","",726653,3,14,166,6,64,0,2,,0,,1.5,,,,0,0
5586872,1996,13507,1994,"RU","",,1,5,417,5,53,15,1,0.7333,0,0,2,22.6667,,,,
5587058,1996,13507,1995,"RU","",726698,3,6,204,1,19,6,0,1,,0.5,,12.6667,0,0,,
5587295,1996,13507,1994,"RU","",718039,3,8,435,3,33,0,0,,,,,,,,,
5588893,1996,13514,1995,"RU","",726871,3,7,445,4,42,8,5,0.875,0.48,0.6122,1.6,13.75,0,0,0,0
5588977,1996,13514,1995,"RU","",726878,2,11,65,5,51,14,1,0.7143,0,0.58,2,25.1429,0,0,0,0
5589050,1996,13514,1995,"RU","",726886,3,5,204,1,19,3,0,1,,0.4444,,19.3333,0,0,,
5590413,1996,13514,1994,"RU","",551495,2,18,455,2,21,2,0,1,,0.5,,11.5,0,0,,
5590724,1997,13521,1994,"RU","",727011,2,2,175,6,64,20,0,0.7,,0.4592,,31.6,0,0,,
5592582,1997,13521,1995,"RU","",727142,3,2,392,4,41,4,0,1,,0.625,,17.75,0,0,,
5594831,1997,13528,1995,"RU","",727323,3,1,392,4,41,3,0,1,,0.4444,,18.6667,0,0,,
5595065,1997,13535,1995,"RU","",32255,2,40,62,6,69,18,2,1,0.5,0.2037,1.5,14.6111,0.0556,0.0556,0,0
5595358,1997,13535,1996,"RU","",,1,23,244,5,55,15,0,0.6667,,0.34,,33.8667,,,,
5595793,1997,13535,1995,"RU","",714822,2,5,427,1,12,2,0,1,,0.5,,5,0,0,,
5597624,1997,13542,1995,"RU","",714822,2,17,427,1,12,2,0,1,,0.5,,8.5,0,0,,
5597953,1997,13542,1995,"RU","",,5,7,73,4,43,2,1,1,0,0.5,0,13,,,,
5600240,1997,13549,1994,"RU","",727769,3,7,324,4,43,12,1,0.9167,0,0,1,20,0,0,0,0
5601508,1997,13556,1995,"RU","",,1,6,475,5,53,8,1,0.25,0,0,2,39.5,,,,
5601633,1997,13556,1996,"RU","",,1,5,95,1,13,16,0,0.9375,,0.5867,,15.1875,,,,
5602281,1997,13556,1995,"RU","",,1,12,564,1,14,0,0,,,,,,,,,
5602961,1997,13556,1994,"RU","",722536,2,26,704,2,22,27,16,1,0.2188,0,2.1875,5.7407,0,0,0.0625,0.0625
5604173,1997,13563,1995,"RU","",706867,3,2,502,1,19,9,0,1,,0.5679,,7.4444,0.2222,0.2222,,
5604205,1997,13563,1995,"RU","",714568,3,9,514,3,31,5,1,1,0,0.72,2,12.8,0,0,0,0
5606098,1997,13570,1995,"RU","",728251,3,4,560,1,14,2,0,1,,0.5,,24.5,0,0,,
5606499,1997,13570,1995,"RU","",728265,3,34,702,2,22,3,1,1,0,0.6667,2,4.3333,0,0,1,1
5608630,1997,13577,1995,"RU","",,1,14,701,2,22,31,1,1,0,0.8658,2,6.8065,,,,
5609284,1997,13584,1994,"RU","",728479,3,15,225,5,51,18,4,0.9444,0.625,0.6367,2.75,21.9444,0,0,0,0
5609316,1997,13584,1995,"RU","",,1,9,248,6,69,18,1,0.9444,0,0.6436,2,15.1111,,,,
5609777,1997,13584,1996,"RU","",728538,3,5,219,4,49,2,0,1,,0,,9.5,0,0,,
5609842,1997,13584,1994,"RU","",728549,3,8,423,1,19,1,1,1,0,0,3,6,0,0,0,0
5609961,1997,13584,1996,"RU","",528055,7,5,428,6,69,8,1,1,0,0.7813,2,10.875,0,0,0,0
5610477,1997,13584,1994,"RU","",728588,2,30,313,4,42,22,0,0.9545,,0.6259,,13.9091,0,0,,
5612130,1997,13591,1995,"RU","",,4,8,428,6,69,7,2,1,0.5,0.6939,1,16.7143,,,,
5614162,1997,13598,1995,"RU","",528055,7,7,423,1,19,7,0,1,,0.4082,,11.7143,0,0,,
5616306,1997,13605,1995,"RU","",709516,2,16,423,1,19,14,0,0.9286,,0.142,,16.4286,0,0,,
5616478,1997,13605,1992,"RU","",,1,38,435,3,33,5,4,1,0.375,0.32,4.25,4.6,,,,
5616788,1997,13605,1996,"RU","",729109,3,4,562,1,14,0,0,,,,,,,,,
5616813,1997,13605,1995,"RU","",403170,3,1,568,1,14,0,0,,,,,,,,,
5617882,1997,13612,1994,"RU","",729192,3,4,131,6,61,6,0,0.8333,,0.72,,22.3333,0,0,,
5622133,1997,13626,1994,"RU","",729545,3,8,114,5,55,6,1,0.8333,0,0.72,2,30.3333,0,0,0,0
5623073,1997,13626,1993,"RU","",6660,3,12,544,1,14,1,0,1,,0,,6,0,0,,
5625083,1997,13633,1995,"RU","",,1,32,549,1,14,0,0,,,,,,,,,
5626035,1997,13640,1995,"RU","",729845,2,16,62,6,69,5,0,1,,0,,17.2,0,0,,
5626799,1997,13640,1996,"RU","",729921,3,3,261,1,19,6,0,0.6667,,0.5,,27,0,0,,
5628365,1997,13647,1995,"RU","",714568,3,25,166,6,64,7,1,1,0,0,1,13.5714,0.25,0.1429,0,0
5628888,1997,13647,1996,"RU","",730109,2,5,204,1,19,7,3,1,0.6667,0,1,14.5714,0,0,0.3333,0.3333
5629619,1997,13647,1994,"RU","",372875,3,18,324,4,43,4,0,1,,0.625,,16,0,0,,
5630405,1997,13654,1995,"RU","",,1,3,124,5,59,8,0,1,,0,,10.5,,,,
5631157,1997,13654,1995,"RU","",14230,3,2,435,3,33,2,1,1,0,0,2,15.5,0,0,0,0
5631414,1997,13654,1994,"RU","",,1,11,73,4,43,8,1,1,0,0.75,4,15.375,,,,
5633492,1997,13661,1995,"RU","",714822,2,18,250,4,44,2,0,1,,0,,10,0,0,,
5635040,1997,13668,1996,"RU","",730109,2,18,204,1,19,2,2,1,0.5,0,1,1.5,0,0,0.5,0.5
5635300,1997,13668,1995,"RU","",730647,3,6,428,6,69,3,0,1,,0.6667,,10.6667,0,0,,
5637244,1997,13675,1993,"RU","",730831,2,15,219,4,49,27,1,1,0,0.7435,4,16.037,0,0,0,0
5639756,1997,13682,1994,"RU","",6660,3,6,514,3,31,1,0,1,,0,,6,0,0,,
5640245,1997,13682,1995,"RU","",731072,3,13,356,4,43,2,0,1,,0,,5.5,0,0,,
5640668,1997,13682,1996,"RU","",,1,16,423,1,19,15,0,0.6,,0.5679,,24.2667,,,,
5642195,1997,13689,1995,"RU","",,1,6,356,4,43,2,0,1,,0,,4,,,,
5643339,1997,13696,1995,"RU","",628950,3,20,623,3,39,11,4,1,0,0.4959,1.5,4.3636,0,0,0,0
5643365,1997,13696,1996,"RU","",714822,2,20,118,1,12,10,0,1,,0.58,,3.6,0,0,,
5643457,1997,13696,1995,"RU","",724254,3,7,210,1,19,5,0,1,,0.72,,12.6,0,0,,
5643954,1997,13696,1993,"RU","",,1,4,514,3,31,4,1,1,0,0.375,4,11.5,,,,
5644547,1997,13696,1996,"RU","",551495,2,17,365,2,24,3,0,1,,0,,8,0,0,,
5646505,1997,13703,1995,"RU","",731642,2,4,320,4,45,10,0,0.9,,0,,10.7,0,0,,
5646905,1997,13703,1996,"RU","",551495,2,3,365,2,24,1,1,1,0,0,1,3,0,0,0,0
5650847,1997,13717,1995,"RU","",731990,3,5,356,4,43,1,0,1,,0,,16,0,0,,
5651989,1997,13724,1995,"RU","",723456,2,11,424,3,31,13,0,1,,0.5799,,11.7692,0.125,0.0769,,
5656069,1997,13738,1994,"RU","",722461,3,17,96,1,13,5,1,0.8,0,0.75,3,9.8,0,0,0,0
5657291,1997,13738,1996,"RU","",551495,2,20,365,2,24,5,1,1,0,0.32,1,4.4,0,0,0,0
5657631,1997,13745,1995,"RU","",732606,2,8,60,4,45,10,0,0.7,,0.2449,,25.3,0,0,,
5658560,1997,13745,1994,"RU","",,1,2,424,3,31,23,0,1,,0.6087,,10.2609,,,,
5658766,1997,13745,1996,"RU","",14230,3,2,435,3,33,3,0,1,,0,,6.6667,1,1,,
5658886,1997,13745,1994,"RU","",732721,3,3,514,3,31,7,0,1,,0.4898,,14.2857,0,0,,
5659129,1997,13745,1995,"RU","",732727,3,18,73,4,43,7,0,0.7143,,0.48,,20.4286,0,0,,
5659659,1997,13745,1996,"RU","",722536,2,17,704,2,22,28,4,1,0.375,0,1,5.7857,0,0,0.25,0.25
5660231,1997,13752,1995,"RU","",714568,3,16,166,6,64,7,0,0.8571,,0,,16.2857,0,0,,
5660880,1997,13752,1995,"RU","",528055,7,8,427,1,12,2,1,1,0,0.5,2,13.5,0,0,0,0
5661499,1997,13752,1995,"RU","",732918,3,18,343,2,21,6,2,0.5,0.5,0.4444,2,32.8333,0,0,0,0
5662463,1997,13759,1996,"RU","",573630,3,13,418,5,53,3,0,1,,0,,20.3333,0,0,,
5662889,1997,13759,1996,"RU","",723258,3,9,424,3,31,2,0,1,,0,,2.5,0.5,0.5,,
5664088,1997,13759,1995,"RU","",722326,2,15,714,2,22,11,3,1,0,0.314,1.6667,4.8182,0,0,0,0
5665544,1997,13766,1995,"RU","",27280,3,12,435,3,33,0,0,,,,,,,,,
5666971,1997,13773,1993,"RU","",,1,3,128,3,32,8,2,0.875,0,0.6122,3.5,17.5,,,,
5667852,1997,13773,1996,"RU","",716717,3,6,427,1,12,4,0,1,,0.75,,6.5,0,0,,
5672707,1997,13787,1993,"RU","",733882,3,1,546,1,14,3,0,1,,0.4444,,7.6667,0,0,,
5672774,1997,13787,1995,"RU","",218550,2,10,568,1,14,18,1,0.9444,0,0.3114,1,12.4444,0.1765,0.1667,1,1
5672777,1997,13787,1996,"RU","",759416,2,5,568,1,14,8,1,1,0,0.6563,1,6.125,0,0,1,1
5674385,1997,13794,1993,"RU","",,4,15,210,1,19,9,0,0.6667,,0.2778,,31,,,,
5676880,1997,13801,1995,"RU","",730833,3,14,252,1,19,15,0,1,,0.4444,,6.9333,0,0,,
5677060,1997,13801,1995,"RU","",526405,3,27,428,6,69,3,0,1,,0.6667,,15,0,0,,
5677983,1997,13801,1995,"RU","",734340,3,2,392,4,41,8,0,1,,0.6563,,16.875,0,0,,
5679663,1997,13808,1996,"RU","",687212,3,19,514,3,31,1,0,1,,0,,18,0,0,,
5683411,1997,13822,1995,"RU","",628950,3,13,606,3,32,8,1,1,0,0.5313,3,11.375,0.1667,0.125,0,0
5683574,1997,13822,1995,"RU","",709516,2,13,208,1,19,12,1,0.75,0,0.5679,2,25.8333,0,0,1,1
5684851,1997,13822,1995,"RU","",734886,2,20,378,4,44,10,1,1,0,0.34,2,8.3,0,0,0,0
5685316,1997,13829,1996,"RU","",734957,3,25,600,3,32,15,1,1,0,0,2,5.4667,0,0,0,0
5686037,1997,13829,1995,"RU","",735040,3,6,264,5,51,2,0,0.5,,0,,44.5,0,0,,
5687185,1997,13829,1995,"RU","",695915,2,37,372,4,42,8,1,1,0,0.6563,1,13.25,0.125,0.125,0,0
5687731,1997,13836,1994,"RU","",735160,3,46,600,3,32,13,0,1,,0,,8.0769,0,0,,
5688320,1997,13836,1996,"RU","",528055,3,4,117,1,19,5,0,1,,0.48,,9.8,0,0,,
5688740,1997,13836,1996,"RU","",735247,3,18,502,1,19,11,0,1,,0.4628,,8.8182,0,0,,
5689295,1997,13836,1992,"RU","",491065,3,4,347,2,23,8,0,1,,0.2188,,12.875,0,0,,
5690099,1997,13843,1996,"RU","",735348,2,33,128,3,32,1,0,1,,0,,6,0,0,,
5690780,1997,13843,1996,"RU","",377880,2,23,156,1,19,24,0,0.9583,,0.7372,,16.4167,0,0,,
5690794,1997,13843,1996,"RU","",735418,3,14,204,1,19,4,0,1,,0.75,,5,0,0,,
5691065,1997,13843,1996,"RU","",377880,2,20,428,6,69,24,0,0.9583,,0.7372,,16.4167,0,0,,
5693433,1997,13850,1996,"RU","",735634,2,24,429,4,45,1,0,1,,0,,10,0,0,,
5695508,1997,13857,1996,"RU","",735843,3,12,606,3,32,3,0,1,,0.4444,,8,0,0,,
5695665,1997,13857,1996,"RU","",735865,2,14,219,4,49,3,0,0.6667,,0,,22,0,0,,
5696044,1997,13857,1996,"RU","",709928,3,3,502,1,19,2,0,1,,0,,9,0,0,,
5698261,1997,13864,1995,"RU","",736079,3,6,427,1,12,8,1,1,0,0.5313,3,11.25,0,0,0,0
5698515,1997,13864,1995,"RU","",736090,3,11,514,3,31,9,0,1,,0.642,,6.6667,0,0,,
5700366,1997,13871,1996,"RU","",736244,2,23,205,1,19,12,3,1,0.4444,0.5833,1,15.1667,0,0,0.6667,0.6667
5701166,1997,13871,1995,"RU","",712893,3,5,349,1,19,5,3,1,0,0.32,2,4.8,0,0,0,0
5701487,1997,13871,1995,"RU","",551495,2,18,395,2,22,4,4,1,0.625,0.375,1.75,4.75,0,0,0,0
5701490,1997,13871,1996,"RU","",551495,2,12,395,2,22,3,1,1,0,0,0,5.3333,0,0,0,0
5702160,1997,13878,1996,"RU","",,1,20,299,6,64,4,0,1,,0,,5,,,,
5702528,1997,13878,1995,"RU","",351245,3,10,118,1,12,3,2,1,0.5,0.4444,2,16.6667,0,0,0.5,0.5
5703603,1997,13878,1995,"RU","",732918,3,5,343,2,21,3,0,1,,0,,23.3333,0,0,,
5705106,1998,13885,1995,"RU","",528055,3,11,264,5,51,5,0,1,,0.72,,16,0.2,0.2,,
5705195,1998,13885,1995,"RU","",723456,2,13,424,3,31,12,0,1,,0.6111,,13.6667,0,0,,
5705269,1998,13885,1996,"RU","",720917,2,3,428,6,69,7,0,1,,0.7347,,12.2857,0,0,,
5705371,1998,13885,1996,"RU","",14230,3,20,435,3,33,0,2,,0,,1,,,,0.5,0.5
5705538,1998,13885,1995,"RU","",736703,3,4,521,1,15,3,0,1,,0.4444,,19.6667,0,0,,
5705687,1998,13885,1996,"RU","",736711,3,6,562,1,14,0,0,,,,,,,,,
5706663,1998,13892,1995,"RU","",32255,2,3,62,6,69,2,0,1,,0,,5.5,0.5,0.5,,
5706749,1998,13892,1995,"RU","",,1,10,112,6,63,4,0,1,,0.375,,12.25,,,,
5707376,1998,13892,1995,"RU","",628950,3,20,606,3,32,14,1,1,0,0.4898,2,5.5714,0,0,0,0
5709257,1998,13899,1996,"RU","",711954,2,9,144,5,51,6,0,1,,0.4444,,20.5,0,0,,
5709626,1998,13899,1996,"RU","",,1,13,475,5,53,4,0,0.75,,0.4444,,23.75,,,,
5711286,1998,13906,1996,"RU","",737218,2,67,124,5,59,23,4,0.6087,0,0.3571,1.75,29.3913,0,0,0,0
5711948,1998,13906,1996,"RU","",,1,11,424,3,31,1,0,1,,0,,14,,,,
5712060,1998,13906,1996,"RU","",737297,3,6,429,4,45,8,1,0.875,0,0,2,24.125,0,0,0,0
5713255,1998,13913,1995,"RU","",373290,3,19,83,5,51,12,0,0.9167,,0.314,,27.1667,0,0,,
5715025,1998,13913,1993,"RU","",227815,3,6,349,1,19,8,0,1,,0.5625,,8.75,0,0,,
5716268,1998,13920,1997,"RU","",724403,3,3,454,5,59,4,0,0.75,,0,,18.5,0,0,,
5716567,1998,13920,1996,"RU","",737718,3,5,264,5,51,4,1,1,0,0.625,1,20.75,0,0,0,0
5717225,1998,13920,1994,"RU","",491065,3,13,257,4,46,2,0,1,,0.5,,6,0,0,,
5717733,1998,13920,1995,"RU","",734886,2,22,378,4,44,3,0,1,,0,,3.3333,0,0,,
5719259,1998,13927,1996,"RU","",165265,2,9,528,1,15,7,0,1,,0.8163,,16.8571,0.5,0.4286,,
5719370,1998,13927,1996,"RU","",728538,3,2,219,4,49,2,0,1,,0,,7.5,0,0,,
5720600,1998,13934,1996,"RU","",,1,1,417,5,53,2,0,0,,,,44,,,,
5720778,1998,13934,1996,"RU","",738112,2,11,8,1,11,4,0,1,,0.625,,10.25,0,0,,
5720866,1998,13934,1996,"RU","",738122,2,44,205,1,19,13,0,0.7692,,0,,21.6923,0,0,,
5723439,1998,13941,1993,"RU","",,5,2,514,3,31,3,0,1,,0.4444,,12,,,,
5724299,1998,13941,1996,"RU","",551495,2,16,365,2,24,4,0,1,,0.375,,11.25,0,0,,
5725576,1998,13948,1996,"RU","",371430,3,4,623,3,39,7,0,1,,0.7755,,12.2857,0,0,,
5725631,1998,13948,1996,"RU","",738539,3,13,75,5,52,9,0,0.8889,,0.4063,,12.7778,0,0,,
5728680,1998,13955,1995,"RU","",722488,2,12,514,3,31,55,1,1,0,0.6526,1,13.5273,0.0189,0.0182,0,0
5728837,1998,13955,1996,"RU","",709928,3,7,546,1,14,2,0,0.5,,0,,33.5,0,0,,
5729655,1998,13955,1996,"RU","",722536,2,25,704,2,22,28,3,1,0,0,1,6.7857,0,0,0.3333,0.3333
5729993,1998,13962,1996,"RU","",32255,2,30,62,6,69,2,1,0.5,0,0,2,33.5,0,0,0,0
5730848,1998,13962,1996,"RU","",738998,3,9,204,1,19,2,0,1,,0.5,,6,0,0,,
5730918,1998,13962,1996,"RU","",722461,3,9,264,5,51,3,1,1,0,0.4444,1,11.6667,0,0,0,0
5731349,1998,13962,1996,"RU","",,1,4,514,3,31,3,1,1,0,0.4444,1,12,,,,
5731724,1998,13962,1996,"RU","",551495,2,73,327,4,41,5,0,1,,0.72,,7.4,0,0,,
5732007,1998,13962,1995,"RU","",551495,2,50,708,2,22,31,4,1,0.375,0.179,1.5,4.9032,0,0,0,0
5733508,1998,13969,1996,"RU","",739228,3,11,422,1,19,7,0,1,,0.2449,,21.7143,0,0,,
5734271,1998,13969,1996,"RU","",551495,2,32,326,4,46,4,0,1,,0,,3,0,0,,
5734765,1998,13969,1995,"RU","",714822,2,28,385,2,21,3,0,1,,0,,11.6667,0,0,,
5736248,1998,13976,1996,"RU","",528055,7,3,428,6,69,4,0,1,,0.375,,14.75,1,0.25,,
5736636,1998,13976,1996,"RU","",739469,3,17,73,4,43,8,0,1,,0.5625,,12.5,0,0,,
5737219,1998,13976,1995,"RU","",739493,3,9,702,2,22,3,0,1,,0.4444,,9,0,0,,
5737918,1998,13983,1996,"RU","",739576,3,3,60,4,45,4,0,0.75,,0.4444,,16.25,0,0,,
5738704,1998,13983,1996,"RU","",738539,3,7,75,5,52,9,0,0.8889,,0.4063,,12.7778,0,0,,
5738789,1998,13983,1997,"RU","",,1,3,210,1,19,5,1,1,0,0,0,4,,,,
5739233,1998,13983,1996,"RU","",165265,2,7,526,1,15,4,0,0.75,,0.4444,,21.5,0.3333,0.25,,
5739296,1998,13983,1995,"RU","",739692,2,29,534,1,14,84,0,0.6548,,0.7947,,27.6429,0,0,,
5739601,1998,13983,1996,"RU","",739711,2,14,310,4,45,2,0,1,,0.5,,7.5,0,0,,
5739769,1998,13983,1995,"RU","",,4,3,340,2,21,7,1,0.8571,0,0.7222,2,12.1429,,,,
5741415,1998,13990,1994,"RU","",709516,2,8,208,1,19,15,0,0.5333,,0.4688,,34.5333,0,0,,
5741700,1998,13990,1995,"RU","",599445,2,4,435,3,33,2,0,1,,0.5,,4.5,0,0,,
5741755,1998,13990,1995,"RU","",739899,3,5,504,1,11,0,0,,,,,,,,,
5742080,1998,13990,1996,"RU","",739919,3,1,257,4,46,7,0,1,,0.7347,,6.8571,0,0,,
5742092,1998,13990,1996,"RU","",,1,22,257,4,46,3,0,1,,0,,18,,,,
5742388,1998,13990,1995,"RU","",69835,3,11,356,4,43,2,0,1,,0,,14.5,0,0,,
5743655,1998,13997,1997,"RU","",740072,2,29,384,5,59,6,1,1,0,0.5,0,7,0,0,0,0
5744452,1998,13997,1996,"RU","",,4,14,514,3,31,4,1,1,0,0.375,2,11.75,,,,
5744672,1998,13997,1996,"RU","",,1,10,585,1,19,1,0,1,,0,,2,,,,
5744813,1998,13997,1996,"RU","",,1,65,250,4,44,10,0,1,,0.72,,7.9,,,,
5745617,1998,13997,1996,"RU","",751931,2,2,385,2,21,11,8,1,0.2188,0.5455,1.125,6.0909,0,0,0.2857,0.25
5746702,1998,14004,1995,"RU","",740346,2,13,601,3,32,6,1,0.8333,0,0.56,4,27.5,0,0,0,0
5747561,1998,14004,1995,"RU","",,1,17,523,1,15,11,0,0.9091,,0.74,,21.2727,,,,
5749545,1998,14011,1995,"RU","",,1,4,244,5,55,5,1,1,0,0.48,2,4,,,,
5749677,1998,14011,1996,"RU","",705332,3,5,405,6,64,21,0,1,,0.585,,9.8095,0,0,,
5749960,1998,14011,1997,"RU","",462835,2,17,106,1,12,8,0,1,,0.6875,,14.875,0,0,,
5750822,1998,14011,1995,"RU","",740686,3,7,588,1,19,12,2,1,0.5,0.7639,2.5,4.75,0,0,0.5,0.5
5751113,1998,14011,1996,"RU","",534295,2,7,315,4,42,5,1,1,0,0.64,0,5.4,0,0,0,0
5752561,1998,14018,1995,"RU","",738539,3,12,164,5,52,1,0,1,,0,,5,0,0,,
5755640,1998,14025,1996,"RU","",,1,11,482,5,59,6,0,0.8333,,0.72,,33,,,,
5756050,1998,14025,1995,"RU","",599445,2,17,422,1,19,6,3,1,0.4444,0.7778,2.3333,8.3333,0,0,0.3333,0.3333
5756861,1998,14025,1997,"RU","",759416,2,10,568,1,14,10,0,1,,0.66,,7.2,0.1,0.1,,
5757477,1998,14025,1995,"RU","",714822,2,24,356,4,43,3,0,1,,0.4444,,13.3333,0,0,,
5757562,1998,14025,1997,"RU","",696864,3,8,359,5,54,3,0,1,,0.6667,,5.6667,0,0,,
5758163,1998,14025,1996,"RU","",551495,2,20,395,2,22,2,1,1,0,0,0,3.5,0,0,0,0
5758582,1998,14032,1996,"RU","",,1,20,104,5,55,8,0,1,,0.5313,,5.125,,,,
5759088,1998,14032,1995,"RU","",,1,16,451,5,51,2,0,0.5,,0,,23,,,,
5759543,1998,14032,1995,"RU","",741325,3,15,424,3,31,0,0,,,,,,,,,
5759641,1998,14032,1996,"RU","",,1,20,427,1,12,2,0,1,,0.5,,15.5,,,,
5759800,1998,14032,1995,"RU","",741348,3,5,435,3,33,6,0,0.8333,,0.56,,16.1667,0,0,,
5760377,1998,14032,1995,"RU","",,1,2,219,4,49,8,0,1,,0,,15.5,,,,
5762470,1998,14039,1996,"RU","",741546,3,6,415,5,53,3,0,1,,0,,15,0,0,,
5763341,1998,14039,1996,"RU","",726878,2,16,501,1,19,15,0,0.7333,,0.6116,,26.3333,0,0,,
5763699,1998,14039,1996,"RU","",403170,3,2,570,1,14,7,0,1,,0.7755,,14.1429,0,0,,
5766245,1998,14046,1996,"RU","",741877,3,38,623,3,39,10,0,1,,0.8,,9.9,0,0,,
5769008,1998,14053,1996,"RU","",742106,3,16,110,6,66,9,0,1,,0,,10.1111,0,0,,
5769857,1998,14053,1996,"RU","",742188,2,8,606,3,32,8,0,1,,0,,10.5,0,0,,
5770109,1998,14053,1997,"RU","",730833,3,1,252,1,19,6,0,1,,0.4444,,5.3333,0,0,,
5770376,1998,14053,1995,"RU","",742245,2,4,435,3,33,2,0,1,,0.5,,6,0,0,,
5770576,1998,14053,1995,"RU","",742256,2,13,514,3,31,55,1,1,0,0.6526,1,13.5273,0,0,1,1
5770721,1998,14053,1995,"RU","",599445,2,4,536,1,14,3,0,1,,0.6667,,11.3333,0,0,,
5773384,1998,14060,1996,"RU","",742511,2,24,502,1,19,2,1,1,0,0,1,6.5,0,0,0,0
5773387,1998,14060,1995,"RU","",324990,3,18,504,1,11,2,0,0.5,,0,,21,0,0,,
5774587,1998,14060,1995,"RU","",,1,13,382,2,22,5,0,1,,0.72,,7.2,,,,
5774858,1998,14060,1995,"RU","",,1,4,704,2,22,21,3,1,0.4444,0.7075,2.3333,6,,,,
5775187,1998,14067,1996,"RU","",,1,20,82,5,51,5,0,1,,0.48,,6.4,,,,
5777189,1998,14067,1995,"RU","",713926,3,8,585,1,19,43,0,0.7209,,0.5806,,31.0465,0,0,,
5777292,1998,14067,1996,"RU","",742837,2,79,204,1,19,0,0,,,,,,,,,
5779875,1998,14074,1996,"RU","",,5,5,205,1,19,3,0,0.6667,,0,,16.3333,,,,
5781194,1998,14074,1996,"RU","",743147,2,5,345,2,23,9,2,1,0,0.1975,1,4.2222,0,0,0,0
5781924,1998,14074,1997,"RU","",551495,2,13,711,2,24,16,1,1,0,0.5,0,3.75,0.0625,0.0625,1,1
5782397,1998,14081,1996,"RU","",743247,2,19,227,5,59,3,1,1,0,0,3,6,0,0,0,0
5783052,1998,14081,1997,"RU","",730109,2,4,204,1,19,2,0,1,,0,,2.5,0,0,,
5783945,1998,14081,1996,"RU","",,1,16,324,4,43,8,0,0.875,,0.6122,,11.875,,,,
5784139,1998,14081,1996,"RU","",730833,3,18,349,1,19,17,1,0.9412,0,0.6875,2,9.8235,0,0,0,0
5785315,1998,14088,1997,"RU","",,1,9,273,6,62,11,0,0.9091,,0.58,,23.0909,,,,
5785751,1998,14088,1996,"RU","",717076,2,20,106,1,12,2,0,1,,0.5,,10.5,0.5,0.5,,
5786334,1998,14088,1993,"RU","",735634,2,6,514,3,31,0,0,,,,,,,,,
5786809,1998,14088,1996,"RU","",,1,7,345,2,23,3,0,1,,0.4444,,4,,,,
5788367,1998,14095,1996,"RU","",,5,20,366,1,19,2,0,1,,0,,27.5,,,,
5788865,1998,14095,1996,"RU","",,4,15,210,1,19,1,0,1,,0,,4,,,,
5789204,1998,14095,1996,"RU","",711087,3,5,435,3,33,0,0,,,,,,,,,
5789384,1998,14095,1995,"RU","",742256,2,61,514,3,31,9,0,1,,0.4444,,10.7778,0,0,,
5791303,1998,14102,1997,"RU","",,1,13,123,5,53,7,1,0.8571,0,0,0,13.8571,,,,
5793905,1998,14102,1997,"RU","",744258,3,13,385,2,21,3,2,1,0,0.4444,0.5,6,0,0,0,0
5794029,1998,14102,1996,"RU","",744263,3,19,712,2,22,10,2,1,0.5,0.8,0.5,6.3,0,0,0,0
5794863,1998,14109,1997,"RU","",,1,2,241,5,51,5,0,0.6,,0,,30.8,,,,
5795712,1998,14109,1996,"RU","",744452,3,5,436,1,19,5,0,0.4,,0.5,,47.8,0,0,,
5796678,1998,14109,1997,"RU","",744513,2,10,367,2,21,20,0,1,,0.345,,5.55,0,0,,
5798371,1998,14116,1996,"RU","",,1,11,514,3,31,5,0,1,,0,,11,,,,
5798602,1998,14116,1997,"RU","",528055,3,4,313,4,42,2,0,1,,0.5,,3.5,0,0,,
5800895,1998,14123,1996,"RU","",,1,20,428,6,69,5,0,1,,0.72,,6,,,,
5801683,1998,14123,1996,"RU","",,1,12,345,2,23,3,0,1,,0.4444,,11.6667,,,,
5803948,1998,14130,1996,"RU","",351245,3,13,75,5,52,3,0,1,,0,,11,0,0,,
5804698,1998,14130,1996,"RU","",745238,2,19,73,4,43,1,0,1,,0,,24,0,0,,
5805662,1998,14130,1995,"RU","",734886,2,17,378,4,44,2,0,1,,0,,12,0,0,,
5806316,1998,14137,1995,"RU","",745378,3,32,60,4,45,4,0,1,,0.375,,15.75,0,0,,
5806512,1998,14137,1996,"RU","",735348,2,24,128,3,32,12,0,1,,0.2778,,9.5833,0,0,,
5807830,1998,14137,1995,"RU","",722488,2,11,514,3,31,55,0,1,,0.6526,,13.5273,0.0189,0.0182,,
5808730,1998,14137,1997,"RU","",714822,2,9,356,4,43,4,0,1,,0.625,,8,0.25,0.25,,
5808926,1998,14137,1996,"RU","",551495,2,26,708,2,22,33,1,1,0,0.169,1,5.0909,0,0,0,0
5810574,1998,14144,1996,"RU","",,1,15,418,5,53,13,0,0.9231,,0.4861,,25.3846,,,,
5811100,1998,14144,1996,"RU","",745799,2,42,424,3,31,5,0,1,,0.64,,22.2,0,0,,
5811399,1998,14144,1995,"RU","",742256,2,12,514,3,31,55,0,1,,0.6526,,13.5273,0,0,,
5814241,1998,14151,1997,"RU","",746044,3,6,252,1,19,1,0,1,,0,,20,0,0,,
5814386,1998,14151,1996,"RU","",361390,2,6,428,6,69,4,0,1,,0.625,,22,0.3333,0.25,,
5814445,1998,14151,1995,"RU","",399370,2,41,435,3,33,3,0,1,,0,,1.6667,0,0,,
5814611,1998,14151,1995,"RU","",722488,2,6,514,3,31,5,0,1,,0.48,,11,0,0,,
5817025,1998,14158,1997,"RU","",,1,1,600,3,32,0,0,,,,,,,,,
5817164,1998,14158,1996,"RU","",746332,3,15,75,5,52,7,0,0.8571,,0.2778,,17.2857,0,0,,
5818535,1998,14158,1996,"RU","",722536,2,25,348,4,49,18,0,1,,0.537,,5.4444,0,0,,
5820130,1998,14165,1996,"RU","",,1,5,277,6,67,8,0,0.625,,0.56,,27.625,,,,
5820940,1998,14165,1993,"RU","",687637,2,28,427,1,12,3,0,1,,0.4444,,4.3333,1,0.6667,,
5821673,1998,14165,1997,"RU","",746716,3,7,310,4,45,1,3,1,0,0,0,2,0,0,0,0
5822086,1998,14165,1996,"RU","",,1,24,358,2,21,5,0,1,,0.56,,8.2,,,,
5822353,1998,14165,1997,"RU","",,1,12,372,4,42,11,0,1,,0.2975,,16.2727,,,,
5823037,1998,14172,1996,"RU","",746841,3,15,72,5,52,8,0,0.625,,0.32,,26.5,0,0,,
5823283,1998,14172,1995,"RU","",746868,3,16,180,5,55,10,0,1,,0.34,,23.9,0,0,,
5823469,1998,14172,1996,"RU","",574015,3,19,244,5,55,23,0,0.9565,,0.7479,,21,0,0,,
5824207,1998,14172,1996,"RU","",746956,2,18,208,1,19,9,0,0.8889,,0.2188,,20.3333,0,0,,
5824827,1998,14172,1996,"RU","",701980,2,30,570,1,14,26,1,0.9615,0,0.7104,1,25.6538,0,0,1,1
5825122,1998,14172,1996,"RU","",,1,19,313,4,42,3,0,1,,0,,10,,,,
5827699,1998,14179,1995,"RU","",747283,3,5,435,3,33,9,0,1,,0.1975,,7,0,0,,
5830340,1998,14186,1997,"RU","",747535,2,15,204,1,19,5,0,0.6,,0.6667,,23.4,0,0,,
5831090,1998,14186,1997,"RU","",180585,3,18,544,1,14,6,0,1,,0.5,,6.8333,0.3333,0.3333,,
5831209,1998,14186,1997,"RU","",745611,2,2,149,1,19,7,0,1,,0.7347,,9.2857,0,0,,
5832443,1998,14186,1997,"RU","",722536,2,40,704,2,22,31,1,1,0,0,0,6.1935,0.1,0.0968,0,0
5833835,1998,14193,1996,"RU","",601715,2,32,205,1,19,5,0,1,,0.32,,19.4,0,0,,
5833890,1998,14193,1997,"RU","",747841,3,12,264,5,51,10,0,1,,0.68,,10.1,0,0,,
5835642,1998,14193,1997,"RU","",747969,2,21,385,2,21,6,0,1,,0.5,,5.6667,0,0,,
5836200,1998,14200,1996,"RU","",745238,2,16,73,4,43,9,0,0.8889,,0,,14.1111,0,0,,
5838120,1998,14200,1996,"RU","",748203,3,17,315,4,42,16,0,0.9375,,0.7911,,15.1875,0,0,,
5838157,1998,14200,1996,"RU","",,1,5,324,4,43,4,0,0.75,,0,,30.75,,,,
5838407,1998,14200,1996,"RU","",730833,3,6,349,1,19,7,0,1,,0.5714,,6,0,0,,
5838700,1998,14200,1997,"RU","",748247,3,20,372,4,42,10,1,1,0,0.62,1,7.3,0,0,0,0
5839306,1998,14207,1997,"RU","",,1,10,70,6,65,18,0,0.8889,,0.5,,15.6111,,,,
5839672,1998,14207,1996,"RU","",746874,2,3,241,5,51,7,0,0.7143,,0,,23.7143,0,0,,
5841235,1998,14207,1997,"RU","",718976,3,6,315,4,42,1,0,1,,0,,10,0,0,,
5842969,1998,14214,1997,"RU","",,1,11,600,3,32,5,0,1,,0.72,,15.2,,,,
5843079,1998,14214,1997,"RU","",748656,3,6,606,3,32,4,0,1,,0.5,,12.25,0,0,,
5844830,1998,14214,1996,"RU","",551495,2,23,708,2,22,32,0,1,,0.2246,,5.875,0,0,,
5845854,1998,14221,1996,"RU","",748871,3,12,241,5,51,4,0,1,,0.375,,16,0,0,,
5845880,1998,14221,1996,"RU","",534295,2,21,244,5,55,6,0,1,,0.6111,,20.3333,0,0,,
5846134,1998,14221,1996,"RU","",,1,24,463,6,62,5,2,1,0.5,0.72,1,3,,,,
5846341,1998,14221,1996,"RU","",,1,12,148,5,52,5,0,1,,0.48,,10,,,,
5846759,1998,14221,1997,"RU","",748959,3,3,435,3,33,3,0,1,,0,,11,0,0,,
5846950,1998,14221,1996,"RU","",371430,3,5,514,3,31,0,0,,,,,,,,,
5847035,1998,14221,1997,"RU","",595875,2,30,524,1,15,22,0,0.9545,,0.7846,,20.8182,0,0,,
5847235,1998,14221,1997,"RU","",218550,2,14,568,1,14,16,0,0.9375,,0.3378,,14.375,0.2,0.1875,,
5847493,1998,14221,1996,"RU","",534295,2,13,313,4,42,3,0,1,,0.6667,,3,0,0,,
5849191,1998,14228,1995,"RU","",749160,3,2,210,1,19,8,0,1,,0,,18.25,0,0,,
5849242,1998,14228,1997,"RU","",687212,3,30,264,5,51,5,0,1,,0.72,,13.6,0,0,,
5849656,1998,14228,1997,"RU","",709516,2,4,502,1,19,5,0,0.4,,0.5,,33.2,0,0,,
5849929,1998,14228,1997,"RU","",595875,2,30,548,1,14,5,0,0.8,,0.375,,20.8,0,0,,
5850033,1998,14228,1997,"RU","",,1,4,73,4,43,10,0,0.9,,0.5185,,15.4,,,,
5850620,1998,14228,1997,"RU","",739909,2,10,702,2,22,10,0,1,,0.72,,10.6,0,0,,
5850739,1998,14235,1996,"RU","",,1,3,60,4,45,2,0,1,,0,,12,,,,
5851772,1998,14235,1996,"RU","",599445,2,19,435,3,33,2,0,1,,0,,2.5,0,0,,
5856120,1999,14249,1997,"RU","",726316,2,,435,3,33,13,1,1,0,0.8639,1,10.9231,0,0,0,0
5856363,1999,14249,1996,"RU","",,4,,514,3,31,9,0,1,,0.4938,,10.5556,,,,
5856675,1999,14249,1997,"RU","",723862,2,,250,4,44,6,0,1,,0.6667,,17.1667,0,0,,
5857027,1999,14249,1996,"RU","",,1,,381,4,49,5,0,1,,0.48,,17.8,,,,
5857282,1999,14256,1997,"RU","",,1,,43,6,61,14,0,0.7857,,0.6942,,26,,,,
5858797,1999,14256,1997,"RU","",177020,2,,436,1,19,3,0,1,,0,,16.3333,0,0,,
5859981,1999,14256,1996,"RU","",750053,2,,709,2,22,23,0,1,,0.7183,,7.0435,0,0,,
5861029,1999,14263,1996,"RU","",,1,,623,3,39,10,0,1,,0.18,,11.7,,,,
5861247,1999,14263,1996,"RU","",599445,2,,435,3,33,2,0,1,,0,,3,0,0,,
5861349,1999,14263,1993,"RU","",750208,3,,501,1,19,4,0,1,,0,,17.5,0,0,,
5861612,1999,14263,1997,"RU","",712893,3,,219,4,49,9,0,1,,0.3457,,12.1111,0,0,,
5861948,1999,14263,1997,"RU","",69835,3,,356,4,43,2,0,1,,0,,14,0.5,0.5,,
5862247,1999,14263,1994,"RU","",706879,3,,382,2,22,19,1,1,0,0.8144,4,14.1579,0,0,0,0
5862285,1999,14263,1995,"RU","",714822,2,,385,2,21,13,1,1,0,0.7692,3,21.9231,0.1111,0.0769,0,0
5863954,1999,14270,1996,"RU","",,4,,514,3,31,11,0,1,,0.6281,,11,,,,
5863955,1999,14270,1996,"RU","",,4,,514,3,31,9,0,1,,0.4938,,10.5556,,,,
5865257,1999,14277,1997,"RU","",745611,2,,169,6,69,6,0,0.5,,0,,54.1667,0,0,,
5865758,1999,14277,1997,"RU","",750644,2,,600,3,32,7,0,1,,0,,9.7143,0,0,,
5866431,1999,14277,1997,"RU","",69835,3,,436,1,19,4,0,1,,0.375,,12.75,0.5,0.5,,
5866660,1999,14277,1997,"RU","",286575,2,,525,1,15,4,0,1,,0.625,,19.75,0,0,,
5867268,1999,14277,1997,"RU","",747969,2,,356,4,43,6,0,1,,0.5,,6.6667,0,0,,
5868731,1999,14284,1996,"RU","",750884,2,,606,3,32,36,0,1,,0.3395,,9.5833,0,0,,
5870320,1999,14284,1997,"RU","",551495,2,,708,2,22,4,0,1,,0,,4.75,0,0,,
5871117,1999,14291,1996,"RU","",361390,2,,220,6,68,13,0,0.9231,,0.5,,17.2308,0.1,0.0769,,
5871623,1999,14291,1997,"RU","",730109,2,,204,1,19,6,0,1,,0,,12.6667,0.5,0.3333,,
5873444,1999,14298,1997,"RU","",,5,,192,5,53,9,0,0.6667,,0,,26.6667,,,,
5873545,1999,14298,1995,"RU","",751299,3,,244,5,55,12,0,0.75,,0.1975,,20.0833,0,0,,
5873875,1999,14298,1997,"RU","",,1,,606,3,32,10,1,1,0,0.34,1,6.9,,,,
5875220,1999,14298,1997,"RU","",751427,3,,376,4,44,4,0,0.75,,0.6667,,11.25,0,0,,
5876615,1999,14305,1997,"RU","",250060,2,,222,1,19,10,0,1,,0.78,,8.8,0,0,,
5876787,1999,14305,1996,"RU","",751586,3,,427,1,12,7,0,1,,0.8163,,10.2857,0,0,,
5877147,1999,14305,1996,"RU","",719574,3,,514,3,31,14,0,1,,0.6837,,14.5,0,0,,
5877588,1999,14305,1997,"RU","",751636,3,,313,4,42,4,1,1,0,0.625,0,6,0,0,1,1
5880059,1999,14312,1996,"RU","",709928,3,,502,1,19,3,0,1,,0.4444,,20,0,0,,
5880154,1999,14312,1996,"RU","",599755,2,,514,3,31,7,0,0.8571,,0.6667,,20.4286,0,0,,
5880279,1999,14312,1997,"RU","",709516,2,,540,1,14,3,0,1,,0.4444,,3,0.3333,0.3333,,
5880293,1999,14312,1997,"RU","",286085,3,,549,1,14,10,0,0.8,,0.5625,,16.7,0,0,,
5880746,1999,14312,1997,"RU","",551495,2,,345,2,23,3,0,1,,0,,3.3333,0.3333,0.3333,,
5881071,1999,14312,1997,"RU","",252865,3,,714,2,22,1,0,1,,0,,3,0,0,,
5881720,1999,14319,1997,"RU","",454215,2,,128,3,32,11,0,1,,0.7934,,3.7273,0.2222,0.1818,,
5882431,1999,14319,1997,"RU","",752066,3,,134,6,69,9,0,0.5556,,0.48,,34.4444,0,0,,
5882581,1999,14319,1997,"RU","",740686,3,,266,5,52,3,0,1,,0.6667,,10,0.5,0.3333,,
5883041,1999,14319,1997,"RU","",752113,2,,502,1,19,2,0,1,,0,,20.5,0,0,,
5884871,1999,14326,1997,"RU","",729986,2,,244,5,55,18,0,1,,0.6049,,10.9444,0,0,,
5886060,1999,14326,1996,"RU","",752358,3,,521,1,15,7,0,1,,0.2449,,11.1429,0,0,,
5886318,1999,14326,1997,"RU","",,1,,219,4,49,7,0,1,,0.4082,,15.8571,,,,
5887181,1999,14326,1997,"RU","",551495,2,,712,2,22,7,1,1,0,0.2449,0,5.4286,0,0,1,1
5889048,1999,14333,1996,"RU","",,1,,514,3,31,1,0,1,,0,,21,,,,
5889985,1999,14333,1996,"RU","",744263,3,,712,2,22,2,0,1,,0,,13.5,0,0,,
5891106,1999,14340,1997,"RU","",752780,3,,604,3,32,4,0,1,,0.375,,9.25,0,0,,
5892307,1999,14340,1995,"RU","",,1,,310,4,45,23,0,0.913,,0.4626,,15.3913,,,,
5892329,1999,14340,1997,"RU","",752868,2,,315,4,42,3,0,1,,0.6667,,4.3333,0,0,,
5892951,1999,14340,1996,"RU","",551495,2,,395,2,22,6,0,1,,0.5,,7.3333,0,0,,
5894568,1999,14347,1997,"RU","",551495,2,,712,2,22,6,0,1,,0.7778,,5.8333,0,0,,
5894781,1999,14354,1997,"RU","",721429,3,,91,5,53,5,0,0.8,,0.375,,26.6,0,0,,
5895511,1999,14354,1997,"RU","",738119,2,,65,5,51,17,0,0.8824,,0.7556,,21.1765,0.0667,0.0588,,
5896223,1999,14354,1997,"RU","",,1,,359,5,54,10,0,1,,0.18,,6.2,,,,
5896307,1999,14354,1997,"RU","",551495,2,,708,2,22,2,0,1,,0.5,,2.5,0,0,,
5897813,1999,14361,1998,"RU","",753363,3,,252,1,19,1,0,1,,0,,13,0,0,,
5898902,1999,14361,1996,"RU","",,1,,455,2,21,3,1,1,0,0.4444,1,11.3333,,,,
5901306,1999,14368,1997,"RU","",551495,2,,712,2,22,9,0,1,,0.6667,,5.1111,0,0,,
5903696,1999,14375,1997,"RU","",714822,2,,385,2,21,6,0,1,,0.2778,,9.3333,0,0,,
5904955,1999,14382,1997,"RU","",386735,2,,427,1,12,4,0,1,,0.625,,6.5,0.25,0.25,,
5905024,1999,14382,1996,"RU","",599445,2,,435,3,33,3,0,1,,0,,3,0,0,,
5905325,1999,14382,1998,"RU","",495270,2,,310,4,45,1,0,1,,0,,12,0,0,,
5905661,1999,14382,1997,"RU","",551495,2,,708,2,22,4,0,1,,0.375,,3.5,0,0,,
5908745,1999,14396,1996,"RU","",599445,2,,435,3,33,2,0,1,,0,,3,0,0,,
5909857,1999,14403,1998,"RU","",,1,,244,5,55,7,0,0.7143,,0.56,,27.4286,,,,
5910971,1999,14403,1998,"RU","",562040,2,,376,4,44,2,0,1,,0,,10,0,0,,
5912677,1999,14410,1997,"RU","",551495,2,,345,2,23,4,0,1,,0,,2.75,0.5,0.5,,
5914685,1999,14417,1997,"RU","",348030,2,,342,2,21,6,0,1,,0.2778,,4.1667,0,0,,
5915480,1999,14424,1997,"RU","",745611,2,,169,6,69,8,0,1,,0,,19.125,0,0,,
5916512,1999,14424,1998,"RU","",13570,2,,266,5,52,10,0,1,,0.7,,10.3,0,0,,
5916878,1999,14424,1998,"RU","",,4,,514,3,31,6,0,1,,0.2778,,8.8333,,,,
5916955,1999,14424,1996,"RU","",755156,3,,524,1,15,3,0,1,,0.4444,,14,0,0,,
5917265,1999,14424,1997,"RU","",495270,2,,310,4,45,2,1,1,0,0,0,6.5,0,0,0,0
5917740,1999,14424,1997,"RU","",551495,2,,708,2,22,4,0,1,,0,,4.75,0,0,,
5920010,1999,14431,1997,"RU","",,5,,73,4,43,9,0,0.8889,,0.8125,,11.5556,,,,
5920538,1999,14431,1998,"RU","",560255,3,,369,2,24,13,0,1,,0.6036,,7.3846,0,0,,
5921310,1999,14438,1997,"RU","",704501,3,,164,5,52,5,0,1,,0.56,,16.8,0,0,,
5921320,1999,14438,1996,"RU","",,1,,166,6,64,4,0,1,,0.375,,11.25,,,,
5923525,1999,14438,1997,"RU","",755725,3,,361,4,45,8,0,1,,0.5,,8.875,0,0,,
5923871,1999,14438,1996,"RU","",744263,3,,712,2,22,1,0,1,,0,,6,0,0,,
5924306,1999,14445,1997,"RU","",,1,,62,6,69,4,0,1,,0,,16.25,,,,
5925154,1999,14445,1997,"RU","",755889,2,,51,5,59,11,0,1,,0.6612,,9.7273,0,0,,
5925315,1999,14445,1997,"RU","",92420,2,,420,5,52,5,0,1,,0.64,,9.8,0,0,,
5925801,1999,14445,1997,"RU","",709928,3,,585,1,19,15,0,0.9333,,0.1327,,18.4667,0,0,,
5927082,1999,14452,1997,"RU","",745611,2,,62,6,69,5,0,1,,0.32,,12.2,0,0,,
5929181,1999,14452,1997,"RU","",62890,2,,526,1,15,10,0,1,,0.46,,15.9,0.4444,0.4,,
5930279,1999,14452,1997,"RU","",696864,3,,372,4,42,3,0,1,,0.4444,,5.3333,0,0,,
5931134,1999,14459,1997,"RU","",756391,2,,123,5,53,61,0,0.459,,0.0689,,42.6721,0,0,,
5932067,1999,14459,1997,"RU","",,5,,162,1,19,1,0,1,,0,,7,,,,
5932621,1999,14459,1995,"RU","",,4,,514,3,31,9,0,1,,0.4938,,10.5556,,,,
5932717,1999,14459,1997,"RU","",,1,,536,1,14,2,0,1,,0.5,,2.5,,,,
5935474,1999,14466,1998,"RU","",745611,2,,219,4,49,10,0,1,,0.76,,17.3,0,0,,
5936102,1999,14466,1998,"RU","",55665,3,,549,1,14,10,0,1,,0.76,,7.3,0.7,0.7,,
5936256,1999,14466,1998,"RU","",741877,3,,252,1,19,3,0,1,,0.6667,,4.6667,0,0,,
5936579,1999,14466,1997,"RU","",756827,3,,343,2,21,6,0,1,,0,,10.3333,0,0,,
5936878,1999,14466,1997,"RU","",756852,2,,365,2,24,13,0,1,,0.7811,,9.2308,0,0,,
5940013,1999,14473,1997,"RU","",757147,2,,340,2,21,7,0,1,,0.5714,,4.8571,0,0,,
5943213,1999,14480,1998,"RU","",745611,2,,361,4,45,22,0,0.9545,,0.4717,,13.1818,0,0,,
5943970,1999,14487,1996,"RU","",,1,,110,6,66,3,0,1,,0.6667,,7.3333,,,,
5945252,1999,14487,1997,"RU","",748975,2,,430,1,19,13,0,1,,0.8047,,10,0,0,,
5945457,1999,14487,1997,"RU","",757641,3,,514,3,31,43,0,1,,0.8556,,9.3953,0,0,,
5945980,1999,14487,1997,"RU","",341580,2,,345,2,23,10,0,1,,0.58,,4.9,0,0,,
5946428,1999,14487,1998,"RU","",123425,2,,385,2,21,12,0,1,,0.5417,,7.0833,0.0833,0.0833,,
5946941,1999,14494,1997,"RU","",,1,,62,6,69,5,0,1,,0,,15.6,,,,
5948821,1999,14494,1996,"RU","",,4,,514,3,31,9,0,1,,0.4938,,10.5556,,,,
5952260,1999,14501,1996,"RU","",758244,3,,502,1,19,5,0,0.2,,0,,41.4,0,0,,
5952434,1999,14501,1998,"RU","",758253,3,,525,1,15,2,0,1,,0.5,,6.5,0,0,,
5952769,1999,14501,1996,"RU","",534630,2,,313,4,42,16,0,1,,0.6016,,13.4375,0,0,,
5953367,1999,14501,1995,"RU","",348030,2,,375,2,21,16,0,1,,0.3984,,5.25,0,0,,
5954342,1999,14508,1997,"RU","",758427,3,,277,6,67,38,0,1,,0.2867,,12.6842,0,0,,
5954786,1999,14508,1997,"RU","",551495,2,,708,2,22,8,0,1,,0.2188,,5.25,0,0,,
5958048,1999,14515,1996,"RU","",744263,3,,712,2,22,10,0,1,,0.68,,8,0,0,,
5958214,1999,14515,1995,"RU","",722461,3,,205,1,19,10,0,0.8,,0.5313,,15,0.125,0.1,,
5958294,1999,14515,1997,"RU","",758783,2,,252,1,19,2,0,1,,0.5,,3.5,0,0,,
5958604,1999,14515,1997,"RU","",736244,2,,428,6,69,13,0,1,,0.6036,,12.3077,0.0769,0.0769,,
5958698,1999,14515,1998,"RU","",758826,7,,435,3,33,5,0,1,,0.32,,6.6,0,0,,
5959402,1999,14515,1997,"RU","",,5,,313,4,42,8,0,0.25,,0,,37.5,,,,
5962288,1999,14522,1997,"RU","",759127,2,,435,3,33,25,0,0.84,,0.78,,22.68,0,0,,
5962329,1999,14522,1998,"RU","",599445,2,,436,1,19,10,0,1,,0.72,,10.9,0.125,0.1,,
5962597,1999,14522,1998,"RU","",562040,2,,525,1,15,3,0,0.6667,,0,,24.3333,0,0,,
5962751,1999,14522,1996,"RU","",218550,2,,568,1,14,16,0,0.875,,0.1327,,17.6875,0.2143,0.1875,,
5963461,1999,14522,1997,"RU","",551495,2,,708,2,22,54,0,1,,0.2037,,6.7778,0,0,,
5964913,1999,14529,1997,"RU","",759349,2,,65,5,51,10,0,0.9,,0.3704,,21.2,0,0,,
5965085,1999,14529,1999,"RU","",759366,3,,266,5,52,3,0,0.6667,,0,,41.3333,0,0,,
5965623,1999,14529,1997,"RU","",,1,,514,3,31,0,0,,,,,,,,,
5966479,1999,14529,1997,"RU","",123425,2,,385,2,21,8,0,1,,0.4063,,10.625,0,0,,
5968863,1999,14536,1996,"RU","",719747,3,,502,1,19,2,0,1,,0.5,,9,0,0,,
5968988,1999,14536,1995,"RU","",,4,,514,3,31,9,0,1,,0.4938,,10.5556,,,,
5969349,1999,14536,1997,"RU","",698357,3,,250,4,44,2,0,1,,0,,5.5,0,0,,
5970079,1999,14536,1997,"RU","",759777,3,,372,4,42,2,0,1,,0,,3,0,0,,
5970421,1999,14536,1997,"RU","",728265,2,,702,2,22,1,0,1,,0,,2,1,1,,
5972056,1999,14543,1998,"RU","",759985,3,,29,5,52,5,0,1,,0.32,,10.2,0,0,,
5972589,1999,14543,1997,"RU","",724214,2,,430,1,19,8,0,1,,0,,9,0,0,,
5972894,1999,14543,1997,"RU","",742256,2,,514,3,31,2,0,1,,0,,20.5,0,0,,
5973446,1999,14543,1997,"RU","",751636,3,,313,4,42,3,0,1,,0.4444,,10.6667,0,0,,
5980644,1999,14557,1997,"RU","",,1,,134,6,69,3,0,1,,0,,24.6667,,,,
5980698,1999,14557,1997,"RU","",760731,3,,203,1,19,14,0,0.8571,,0.8333,,23.6429,0,0,,
5981084,1999,14557,1997,"RU","",736244,2,,428,6,69,16,0,1,,0.6719,,13.9375,0.0625,0.0625,,
5981602,1999,14557,1996,"RU","",,4,,514,3,31,9,0,1,,0.4938,,10.5556,,,,
5981734,1999,14557,1997,"RU","",599445,2,,536,1,14,0,0,,,,,,,,,
5981912,1999,14557,1998,"RU","",69835,3,,219,4,49,16,0,1,,0.4219,,14.5625,0.2857,0.25,,
5983336,1999,14557,1996,"RU","",744263,3,,712,2,22,15,0,1,,0.24,,5.4667,0,0,,
5983871,1999,14564,1997,"RU","",,1,,123,5,53,7,0,1,,0.2449,,15.1429,,,,
5985110,1999,14564,1998,"RU","",,1,,204,1,19,2,0,1,,0,,14.5,,,,
5985333,1999,14564,1997,"RU","",723258,3,,424,3,31,1,0,1,,0,,3,1,1,,
5986169,1999,14564,1997,"RU","",761195,3,,623,3,39,8,0,1,,0,,11.625,0,0,,
5986876,1999,14564,1997,"RU","",761239,3,,361,4,45,8,0,1,,0.4063,,13.75,0,0,,
5986886,1999,14564,1998,"RU","",745611,2,,361,4,45,13,0,1,,0.2722,,15.8462,0,0,,
5987087,1999,14564,1998,"RU","",562040,2,,376,4,44,3,0,1,,0.4444,,5,0,0,,
5988400,1999,14571,1997,"RU","",761402,3,,210,1,19,7,0,1,,0.5714,,8.7143,0,0,,
5988720,1999,14571,1996,"RU","",,5,,295,5,55,9,0,0,,,,109.5556,,,,
5992017,1999,14578,1997,"RU","",,1,,29,5,52,12,0,1,,0.5417,,7.25,,,,
5992222,1999,14578,1996,"RU","",745238,2,,73,4,43,10,0,0.8,,0.7813,,20.8,0,0,,
5993796,1999,14578,1996,"RU","",741877,3,,424,3,31,15,0,1,,0.8889,,8.9333,0,0,,
5993941,1999,14578,1997,"RU","",761918,3,,428,6,69,5,0,1,,0,,10.4,0,0,,
5995536,1999,14578,1998,"RU","",762017,3,,375,2,21,18,0,1,,0.3642,,7.2778,0,0,,
5996056,1999,14578,1997,"RU","",551495,2,,712,2,22,11,0,1,,0.7438,,4.1818,0.1818,0.1818,,
5997909,1999,14585,1997,"RU","",723258,3,,424,3,31,2,0,1,,0.5,,1.5,0,0,,
5999673,1999,14585,1997,"RU","",287085,3,,385,2,21,7,0,1,,0.2449,,11,0,0,,
6000463,1999,14592,1999,"RU","",697133,2,,165,6,66,10,0,1,,0.54,,9.9,0,0,,
6001568,1999,14592,1996,"RU","",758826,3,,435,3,33,5,0,1,,0.32,,6.6,0,0,,
6002147,1999,14592,1998,"RU","",491065,3,,257,4,46,2,0,1,,0,,12.5,0,0,,
6002192,1999,14592,1997,"RU","",762584,3,,310,4,45,8,0,1,,0.4688,,14.375,0,0,,
6002208,1999,14592,1998,"RU","",762585,2,,250,4,44,3,0,1,,0.4444,,12.6667,0,0,,
6004439,1999,14599,1998,"RU","",,1,,204,1,19,4,0,1,,0.375,,13.5,,,,
6004583,1999,14599,1996,"RU","",762814,2,,424,3,31,9,0,1,,0.7654,,10.5556,0,0,,
6004726,1999,14599,1999,"RU","",,1,,430,1,19,5,0,1,,0,,3.6,,,,
6004953,1999,14599,1997,"RU","",762843,3,,514,3,31,2,0,1,,0,,10.5,0,0,,
6005331,1999,14599,1997,"RU","",762870,3,,310,4,45,5,0,1,,0.72,,4.4,0,0,,
6005343,1999,14599,1996,"RU","",,1,,313,4,42,7,0,1,,0.6939,,5.4286,,,,
6006188,1999,14599,1997,"RU","",762926,2,,704,2,22,15,0,1,,0.5156,,15.2,0,0,,
6006587,1999,14606,1997,"RU","",714568,3,,73,4,43,15,0,0.9333,,0.7143,,25.5333,0,0,,
6006823,1999,14606,1998,"RU","",,1,,165,6,66,3,0,1,,0.4444,,22,,,,
6007574,1999,14606,1998,"RU","",,1,,623,3,39,7,0,1,,0.2449,,4.8571,,,,
6008407,1999,14606,1998,"RU","",763183,3,,562,1,14,5,0,1,,0.64,,14.6,0,0,,
6008575,1999,14606,1997,"RU","",751636,3,,313,4,42,6,0,1,,0.7222,,4.1667,0.2,0.1667,,
6008699,1999,14606,1998,"RU","",491065,3,,331,4,41,5,0,1,,0.32,,14.8,0,0,,
6008721,1999,14606,1998,"RU","",,1,,340,2,21,4,0,1,,0.75,,11,,,,
