5221305,1993,12226,1992,"RU","",692908,2,20,55,1,13,2,1,1,0,0,2,21,0,0,1,1
5235443,1993,12275,1992,"RU","",254550,2,12,349,1,19,7,17,1,0.5329,0.449,3.1176,9.7143,0,0,0.0667,0.0588
5263920,1993,12380,1992,"RU","",696786,3,3,492,5,59,8,0,0.875,,0.5714,,24.375,0,0,,
5283376,1994,12450,1993,"RU","",218550,2,10,568,1,14,0,2,,0,,3.5,,,,1,1
5288043,1994,12471,1992,"RU","",,1,8,248,6,69,6,6,0.8333,0.2778,0.64,2.5,13.8333,,,,
5291950,1994,12485,1992,"RU","",699446,2,26,166,6,64,33,1,0.9091,0,0.42,1,16.8485,0,0,0,0
5295009,1994,12492,1993,"RU","",254550,2,7,349,1,19,10,15,1,0.4356,0.34,2,8.1,0,0,0,0
5300789,1994,12513,1991,"RU","",706518,2,22,257,4,46,3,3,1,0.4444,0.4444,4.3333,3.3333,1,0.6667,0,0
5301518,1994,12520,1993,"RU","",700349,3,11,62,6,69,4,3,1,0.4444,0,2.3333,4,0,0,0.3333,0.3333
5309543,1994,12541,1992,"RU","",691327,2,9,385,2,21,6,1,1,0,0.2778,2,10.5,0,0,0,0
5313527,1994,12555,1992,"RU","",701443,2,20,382,2,22,14,16,1,0.3281,0.1327,2.5625,12.3571,0,0,0.1333,0.125
5316340,1994,12569,1992,"RU","",,1,3,280,5,55,5,0,1,,0,,13,,,,
5316735,1994,12569,1992,"RU","",,1,8,422,1,19,2,2,1,0.5,0.5,2.5,14.5,,,,
5317583,1994,12569,1992,"RU","",695915,2,18,372,4,42,2,2,1,0.5,0,4.5,5.5,0,0,0,0
5319694,1994,12576,1992,"RU","",,1,7,378,4,44,0,7,,0,,3.4286,,,,,
5323941,1994,12597,1993,"RU","",,1,13,224,6,68,7,2,0.4286,0.5,0.6667,3.5,44.2857,,,,
5326774,1994,12604,1992,"RU","",,1,6,524,1,15,5,1,1,0,0.64,1,12.6,,,,
5328586,1994,12611,1992,"RU","",702883,3,13,205,1,19,6,0,0.6667,,0.625,,32.6667,0,0,,
5331329,1994,12618,1992,"RU","",703141,3,8,342,2,21,3,0,1,,0.4444,,16.6667,0,0,,
5336533,1994,12639,1993,"RU","",698633,2,29,427,1,12,11,2,1,0.5,0.8264,1,6.2727,0,0,0,0
5342022,1994,12660,1993,"RU","",691327,2,4,264,5,51,6,0,0.8333,,0.32,,14,0,0,,
5344281,1994,12667,1992,"RU","",704434,3,5,415,5,53,1,0,0,,,,91,0,0,,
5344547,1994,12667,1993,"RU","",,1,25,204,1,19,4,2,1,0.5,0.5,1.5,12,,,,
5349593,1994,12681,1993,"RU","",491065,3,5,372,4,42,4,6,1,0.4444,0,2.5,5.5,0,0,0,0
5353532,1994,12702,1992,"RU","",705332,3,10,37,6,64,4,0,1,,0.625,,3.25,0,0,,
5354334,1994,12702,1992,"RU","",705430,3,5,623,3,39,6,4,1,0.625,0,3.5,6.3333,0,0,0,0
5355827,1994,12709,1993,"RU","",705568,3,6,114,5,55,4,1,1,0,0,3,9.75,0,0,0,0
5356247,1994,12709,1993,"RU","",705568,3,4,409,5,51,1,0,1,,0,,22,0,0,,
5356455,1994,12709,1993,"RU","",705646,3,14,75,5,52,1,0,1,,0,,4,0,0,,
5357283,1994,12709,1993,"RU","",,1,25,348,4,49,2,0,1,,0,,8,,,,
5359133,1994,12716,1993,"RU","",705875,3,19,562,1,14,12,1,1,0,0,4,11.5,0,0,0,0
5359254,1994,12716,1993,"RU","",705883,3,3,313,4,42,2,2,1,0.5,0.5,2,27.5,0,0,0,0
5361515,1994,12730,1993,"RU","",706115,3,16,34,1,19,2,1,1,0,0.5,1,6,0,0,0,0
5364586,1994,12737,1993,"RU","",706412,2,39,419,5,52,13,5,0.6923,0.72,0.716,2.8,21.2308,0,0,0,0
5364974,1994,12737,1993,"RU","",706442,3,1,568,1,14,4,0,0.5,,0,,19.75,0,0,,
5366677,1994,12744,1993,"RU","",705568,3,9,264,5,51,3,1,1,0,0.4444,1,8.6667,0,0,0,0
5366899,1994,12744,1993,"RU","",,5,3,436,1,19,1,1,0,0,,1,36,,,,
5369273,1994,12751,1993,"RU","",706879,3,11,250,4,44,5,0,1,,0.72,,11,0,0,,
5370643,1994,12758,1993,"RU","",691327,2,19,606,3,32,11,2,1,0,0.6446,2,5.4545,0,0,0,0
5372191,1994,12765,1992,"RU","",,1,6,166,6,64,7,0,0.7143,,0.32,,26.7143,,,,
5372209,1994,12765,1993,"RU","",705568,3,15,175,6,64,5,0,0,,,,48,0,0,,
5378261,1995,12786,1993,"RU","",698942,2,17,75,5,52,6,2,1,0.5,0.5,1,10.3333,0,0,0,0
5381797,1995,12800,1993,"RU","",,1,9,600,3,32,2,7,1,0,0,2.2857,27.5,,,,
5383448,1995,12807,1993,"RU","",691643,3,3,128,3,32,7,4,1,0,0.6122,3,8.2857,0,0,0,0
5385336,1995,12814,1993,"RU","",708390,3,30,266,5,52,3,0,1,,0.4444,,24.3333,0,0,,
5389698,1995,12828,1993,"RU","",254550,2,3,522,1,15,18,8,1,0,0.858,2.5,4.3889,0,0,0.125,0.125
5390866,1995,12835,1993,"RU","",708890,3,24,241,5,51,15,0,0.5333,,0.2188,,38.4667,0,0,,
5391010,1995,12835,1993,"RU","",,1,6,401,1,12,10,0,0.3,,0.4444,,60.2,,,,
5391129,1995,12835,1994,"RU","",700908,3,8,482,5,59,3,4,1,0,0,2.75,7,0,0,0,0
5394694,1995,12849,1993,"RU","",709241,2,10,60,4,45,17,0,0.8824,,0.48,,15.7647,0,0,,
5397578,1995,12856,1994,"RU","",709539,3,2,424,3,31,0,0,,,,,,,,,
5399321,1995,12863,1991,"RU","",114565,3,2,422,1,19,1,1,1,0,0,3,20,0,0,0,0
5401003,1995,12870,1993,"RU","",698942,2,31,266,5,52,1,0,1,,0,,11,0,0,,
5401479,1995,12870,1992,"RU","",709928,3,14,423,1,19,5,0,1,,0,,13,0,0,,
5401561,1995,12870,1993,"RU","",706879,3,17,428,6,69,1,0,1,,0,,1,0,0,,
5401960,1995,12870,1993,"RU","",706879,3,17,250,4,44,6,7,1,0.449,0.6111,3,17.5,0,0,0,0
5402163,1995,12870,1992,"RU","",491065,3,1,347,2,23,2,1,1,0,0,5,18,0,0,0,0
5403951,1995,12877,1992,"RU","",,1,4,560,1,14,0,0,,,,,,,,,
5405382,1995,12884,1993,"RU","",,1,5,623,3,39,6,1,1,0,0.2778,3,11.5,,,,
5407889,1995,12891,1993,"RU","",710500,3,11,502,1,19,5,2,1,0.5,0.8,4,7.6,0,0,0,0
5409021,1995,12898,1993,"RU","",,1,3,131,6,61,2,0,1,,0,,3.5,,,,
5411330,1995,12905,1993,"RU","",710831,2,1,366,1,19,14,6,0.5,0.7222,0.2449,3.3333,40.3571,0,0,0,0
5413746,1995,12912,1992,"RU","",,1,26,264,5,51,8,5,1,0.72,0.4063,5,13.75,,,,
5414224,1995,12912,1993,"RU","",711089,3,9,174,4,41,10,3,1,0.6667,0.76,2.3333,9.7,0,0,0,0
5417391,1995,12926,1993,"RU","",711386,3,11,244,5,55,11,0,0.4545,,0.32,,30.5455,0,0,,
5417740,1995,12926,1994,"RU","",698942,2,16,75,5,52,3,0,1,,0.4444,,9.3333,0,0,,
5418274,1995,12926,1993,"RU","",711462,3,3,524,1,15,3,0,1,,0.6667,,10,0,0,,
5418612,1995,12926,1994,"RU","",470890,3,10,356,4,43,7,1,1,0,0,2,6.5714,0,0,0,0
5418803,1995,12926,1994,"RU","",23995,2,111,372,4,42,14,0,1,,0.1327,,12.0714,0,0,,
5418804,1995,12926,1994,"RU","",23995,2,20,372,4,42,14,1,1,0,0.1327,2,12.0714,0,0,0,0
5418805,1995,12926,1994,"RU","",23995,2,31,372,4,42,14,0,1,,0.1327,,12.0714,0,0,,
5418975,1995,12926,1992,"RU","",711496,3,1,712,2,22,11,3,1,0,0.1653,4,2.9091,0,0,0,0
5420687,1995,12933,1993,"RU","",711647,2,18,356,4,43,11,3,1,0,0.314,3.6667,6.3636,0,0,0.3333,0.3333
5420747,1995,12933,1993,"RU","",711649,3,11,361,4,45,6,2,1,0,0.2778,2.5,12.6667,0,0,0,0
5421857,1995,12940,1994,"RU","",,1,1,75,5,52,1,1,1,0,0,2,21,,,,
5421962,1995,12940,1993,"RU","",,1,1,202,1,19,7,0,1,,0.449,,19.2857,,,,
5423385,1995,12947,1993,"RU","",535795,3,25,169,6,69,9,3,0.4444,0.4444,0,1.3333,53.4444,0,0,0.5,0.3333
5423556,1995,12947,1993,"RU","",711965,2,23,463,6,62,6,2,1,0,0.6111,3.5,8,0,0,0,0
5425230,1995,12954,1994,"RU","",712145,3,3,60,4,45,4,0,1,,0.375,,20.75,0,0,,
5425426,1995,12954,1993,"RU","",535795,3,9,169,6,69,9,3,0.4444,0.4444,0,2,58.5556,0,0,0.5,0.3333
5425797,1995,12954,1994,"RU","",712195,3,12,75,5,52,3,3,0.3333,0,0,2,70,0,0,0,0
5425890,1995,12954,1994,"RU","",32255,2,4,252,1,19,2,4,1,0.625,0,2,6.5,0,0,0,0
5426441,1995,12954,1993,"RU","",712244,3,3,343,2,21,2,0,1,,0,,10,0,0,,
5427667,1995,12961,1994,"RU","",,1,10,204,1,19,2,10,1,0.58,0,2.8,7.5,,,,
5428216,1995,12961,1993,"RU","",712430,2,14,250,4,44,11,1,1,0,0.6777,2,11.3636,0,0,0,0
5428635,1995,12961,1994,"RU","",23995,2,43,372,4,42,15,3,1,0.6667,0.24,1.6667,12.4667,0,0,0,0
5429163,1995,12968,1993,"RU","",,1,4,144,5,51,7,3,1,0.6667,0.449,2.6667,12,,,,
5429661,1995,12968,1993,"RU","",705646,3,4,75,5,52,2,0,1,,0.5,,2.5,0,0,,
5431934,1995,12975,1993,"RU","",,1,9,426,6,61,5,0,1,,0,,16.2,,,,
5432053,1995,12975,1994,"RU","",,1,1,435,3,33,8,3,1,0,0.2188,2.6667,3.5,,,,
5432811,1995,12975,1994,"RU","",712846,2,15,372,4,42,39,2,1,0,0.7613,2.5,8.8974,0,0,0,0
5437089,1995,12996,1993,"RU","",713257,3,6,29,5,52,6,3,1,0.4444,0.4444,2.3333,5.6667,0,0,0,0
5437652,1995,12996,1993,"RU","",,1,9,604,3,32,3,1,1,0,0.4444,3,6.6667,,,,
5439930,1995,13003,1992,"RU","",707752,2,25,514,3,31,2,0,1,,0,,12,0,0,,
5440886,1995,13010,1994,"RU","",713661,3,10,62,6,69,13,2,0.9231,0,0.5833,2,19.2308,0,0,0,0
5441460,1995,13010,1993,"RU","",,1,4,475,5,53,4,0,0.25,,0,,55.5,,,,
5441658,1995,13010,1993,"RU","",32255,2,2,252,1,19,1,2,0,0.5,,3.5,76,0,0,0,0
5442323,1995,13010,1994,"RU","",,1,11,330,4,41,5,0,0.8,,0.375,,17.8,,,,
5442971,1995,13017,1993,"RU","",713834,3,6,74,5,59,4,0,0.5,,0.5,,33.25,0,0,,
5443799,1995,13017,1993,"RU","",713926,3,10,422,1,19,37,0,0.6757,,0.5568,,30.1351,0,0,,
5444258,1995,13017,1994,"RU","",526405,3,12,250,4,44,3,1,1,0,0.4444,2,26,0,0,0,0
5446579,1995,13024,1994,"RU","",491065,3,5,359,5,54,1,2,1,0.5,0,3,4,0,0,0,0
5448501,1995,13031,1993,"RU","",706879,3,10,340,2,21,1,2,1,0,0,3.5,5,0,0,0,0
5448880,1995,13038,1993,"RU","",714386,3,5,57,6,63,7,1,0.5714,0,0,3,39.2857,0,0,0,0
5449396,1995,13038,1994,"RU","",,1,9,75,5,52,0,0,,,,,,,,,
5449998,1995,13038,1993,"RU","",,1,10,320,4,45,5,2,0.8,0,0.375,2.5,23.6,,,,
5450823,1995,13045,1993,"RU","",713834,3,6,123,5,53,3,1,0.3333,0,0,3,51,0,0,0,0
5450899,1995,13045,1993,"RU","",714568,3,22,166,6,64,19,1,1,0,0.0997,2,13.8421,0,0,1,1
5451138,1995,13045,1994,"RU","",408115,2,24,415,5,53,22,1,0.7727,0,0.699,3,25.6364,0.3333,0.0909,0,0
5451741,1995,13045,1994,"RU","",714643,3,13,219,4,49,7,1,1,0,0.6122,3,21.5714,0,0,0,0
5452602,1995,13052,1994,"RU","",714714,3,20,73,4,43,13,0,1,,0.7101,,10.1538,0,0,,
5453532,1995,13052,1994,"RU","",,1,10,560,1,14,0,0,,,,,,,,,
5453838,1995,13052,1994,"RU","",714822,2,7,356,4,43,12,10,1,0.46,0.4444,2.6,14.9167,0,0,0.2,0.2
5456372,1995,13066,1994,"RU","",715064,3,11,216,1,19,8,0,1,,0.75,,16.625,0,0,,
5457244,1995,13066,1994,"RU","",218550,2,11,568,1,14,14,0,1,,0.2551,,7.8571,0.0714,0.0714,,
5457552,1995,13066,1993,"RU","",227815,3,5,349,1,19,3,2,1,0,0.4444,2,4.6667,0,0,0,0
5461635,1995,13080,1993,"RU","",,1,20,372,4,42,6,0,1,,0,,8.5,,,,
5461868,1995,13087,1994,"RU","",715570,3,6,62,6,69,3,0,0.6667,,0,,31.3333,0,0,,
5463962,1995,13094,1993,"RU","",,1,18,104,5,55,4,2,0.75,0,0.4444,4,29,,,,
5464511,1995,13094,1994,"RU","",,1,8,205,1,19,4,1,1,0,0.75,3,15.5,,,,
5464513,1995,13094,1994,"RU","",715818,2,5,204,1,19,18,2,1,0,0.716,2,13.5,0,0,0,0
5464915,1995,13094,1993,"RU","",715846,3,7,526,1,15,3,2,1,0,0.4444,3.5,17,0,0,0,0
5467407,1995,13101,1994,"RU","",701443,2,4,382,2,22,15,10,1,0.66,0.1244,1.7,12.5333,0.0909,0.0667,0,0
5468273,1995,13108,1993,"RU","",716164,3,5,55,1,13,11,3,0.1818,0,0,4.3333,43.7273,0,0,0,0
5468559,1995,13108,1994,"RU","",715064,3,39,428,6,69,9,0,1,,0.7901,,17.5556,0,0,,
5468976,1995,13108,1994,"RU","",,1,40,257,4,46,2,1,1,0,0,3,20.5,,,,
5470200,1995,13115,1994,"RU","",650,3,11,415,5,53,5,0,0.6,,0,,30.2,1,0.2,,
5470460,1995,13115,1994,"RU","",716351,3,11,210,1,19,9,0,1,,0.1975,,9.1111,0,0,,
5471179,1995,13115,1994,"RU","",716400,3,1,333,2,21,9,0,1,,0.3457,,10.5556,0,0,,
5471302,1995,13115,1994,"RU","",470890,3,11,356,4,43,0,0,,,,,,,,,
5472404,1995,13122,1995,"RU","",,1,2,600,3,32,4,1,1,0,0,1,22,,,,
5473451,1995,13122,1993,"RU","",227815,3,16,349,1,19,4,5,1,0.48,0.625,2,3.5,0,0,0.2,0.2
5473742,1995,13122,1994,"RU","",701443,2,24,345,2,23,6,5,1,0.32,0.5,1.8,1.8333,0.1667,0.1667,0,0
5474600,1995,13129,1994,"RU","",,1,11,96,1,13,7,2,1,0,0,2.5,12.8571,,,,
5474642,1995,13129,1994,"RU","",716717,3,15,156,1,19,14,2,1,0.5,0.8776,2.5,7.4286,0,0,0,0
5475704,1995,13129,1994,"RU","",491065,3,20,372,4,42,2,2,1,0,0.5,4,7,0,0,0,0
5478391,1995,13143,1993,"RU","",717076,2,29,106,1,12,13,3,1,0.6667,0.2604,3.6667,12.7692,0,0,0.5,0.3333
5479280,1995,13143,1993,"RU","",227815,3,7,349,1,19,3,3,1,0.6667,0.4444,2.6667,4.3333,0,0,0,0
5479542,1995,13143,1994,"RU","",714822,2,19,385,2,21,6,1,1,0,0.2778,3,9.5,0,0,0,0
5479994,1996,13150,1994,"RU","",717221,3,4,175,6,64,2,0,1,,0.5,,17,0,0,,
5480428,1996,13150,1994,"RU","",371430,3,10,623,3,39,5,3,1,0.6667,0,2.6667,6.6,0,0,0,0
5483130,1996,13157,1993,"RU","",717481,2,5,315,4,42,2,1,1,0,0,3,8.5,0,0,0,0
5484339,1996,13164,1993,"RU","",237025,3,7,464,5,53,4,0,1,,0,,15.75,0,0,,
5484451,1996,13164,1993,"RU","",182890,2,15,606,3,32,7,8,1,0.2188,0.4898,3,6.7143,0.4286,0.4286,0,0
5484589,1996,13164,1995,"RU","",717609,2,2,424,3,31,0,2,,0.5,,1.5,,,,0,0
5485891,1996,13171,1994,"RU","",717711,3,2,175,6,64,5,1,1,0,0,1,13.4,0,0,0,0
5488192,1996,13178,1994,"RU","",717914,3,8,585,1,19,0,1,,0,,2,,,,0,0
5488506,1996,13178,1994,"RU","",714822,2,14,359,5,54,1,0,1,,0,,7,0,0,,
5489510,1996,13185,1993,"RU","",718039,3,38,435,3,33,0,1,,0,,3,,,,0,0
5492115,1996,13199,1993,"RU","",,1,22,128,3,32,19,1,0.8947,0,0.4913,3,16.0526,,,,
5492462,1996,13199,1994,"RU","",718312,3,8,423,1,19,1,0,1,,0,,1,0,0,,
5492657,1996,13199,1994,"RU","",,1,19,264,5,51,4,3,1,0.4444,0.625,1.6667,3,,,,
5492716,1996,13199,1993,"RU","",624995,3,9,426,6,61,0,0,,,,,,,,,
5494538,1996,13206,1994,"RU","",718480,2,5,148,5,52,8,0,0.875,,0.7755,,17.75,0,0,,
5494939,1996,13206,1994,"RU","",,5,15,521,1,15,6,0,1,,0.7222,,12.3333,,,,
5495034,1996,13206,1994,"RU","",254145,3,6,554,1,14,7,0,0.8571,,0.7222,,20.5714,0.2,0.1429,,
5495685,1996,13213,1995,"RU","",275930,3,3,37,6,64,8,0,1,,0,,18.75,0,0,,
5495911,1996,13213,1994,"RU","",718604,3,11,180,5,55,1,1,1,0,0,1,30,0,0,0,0
5496723,1996,13213,1994,"RU","",,5,5,435,3,33,6,2,0.8333,0,0.32,2,16.3333,,,,
5499467,1996,13227,1995,"RU","",,1,10,40,6,69,6,0,0.1667,,0,,49.5,,,,
5499900,1996,13227,1994,"RU","",718965,3,5,415,5,53,5,0,1,,0.32,,18.6,0,0,,
5500394,1996,13227,1994,"RU","",719005,2,5,501,1,19,1,0,1,,0,,4,0,0,,
5502259,1996,13234,1994,"RU","",719174,2,19,568,1,14,4,5,0.5,0.32,0.5,2.4,27,0,0,0,0
5503352,1996,13241,1994,"RU","",,1,11,244,5,55,9,2,1,0,0.1975,2,13.7778,,,,
5503830,1996,13241,1993,"RU","",719328,2,56,424,3,31,1,1,1,0,0,3,6,0,0,0,0
5504251,1996,13241,1995,"RU","",218550,2,9,568,1,14,13,1,0.9231,0,0.5,0,16.1538,0.3,0.2308,1,1
5505964,1996,13248,1994,"RU","",19170,2,24,424,3,31,8,0,1,,0.7188,,6.25,0,0,,
5508201,1996,13255,1993,"RU","",719743,2,37,436,1,19,5,1,1,0,0,4,9.6,0,0,0,0
5508801,1996,13255,1994,"RU","",719777,3,16,356,4,43,3,2,1,0.5,0.4444,4,16.6667,0,0,0,0
5509266,1996,13262,1995,"RU","",526405,3,12,60,4,45,3,1,1,0,0.4444,1,5,0,0,0,0
5509299,1996,13262,1994,"RU","",714568,3,12,73,4,43,7,0,0.7143,,0,,19.7143,0,0,,
5510387,1996,13262,1994,"RU","",,5,7,514,3,31,2,0,1,,0.5,,8.5,,,,
5512258,1996,13269,1994,"RU","",706867,3,6,423,1,19,11,1,1,0,0.5785,1,7.2727,0.1,0.0909,1,1
5512321,1996,13269,1994,"RU","",351245,3,10,427,1,12,3,1,1,0,0.4444,1,6.6667,0,0,1,1
5516473,1996,13283,1994,"RU","",165265,2,21,264,5,51,7,0,0.8571,,0.5,,24.8571,0,0,,
5517099,1996,13283,1994,"RU","",720569,2,6,318,4,45,31,1,1,0,0.385,0,7.1935,0,0,0,0
5517306,1996,13283,1994,"RU","",,1,40,356,4,43,7,0,1,,0.2449,,14,,,,
5518450,1996,13290,1994,"RU","",716717,3,24,454,5,59,4,0,1,,0.625,,18.5,0,0,,
5518778,1996,13290,1995,"RU","",528055,3,9,427,1,12,7,0,1,,0.5714,,16.8571,0,0,,
5520458,1996,13297,1995,"RU","",,1,16,366,1,19,16,1,0.375,0,0,2,49.5625,,,,
5520800,1996,13297,1994,"RU","",720895,3,9,210,1,19,11,0,0.4545,,0.56,,36.5455,0,0,,
5521008,1996,13297,1994,"RU","",720917,2,3,428,6,69,7,1,1,0,0.7347,3,17,0,0,1,1
5522278,1996,13304,1994,"RU","",721021,3,3,74,5,59,8,0,0.625,,0,,30.375,0,0,,
5524827,1996,13311,1994,"RU","",,1,4,239,5,59,7,0,0.8571,,0.2778,,23.1429,,,,
5525208,1996,13311,1993,"RU","",412550,3,11,205,1,19,12,0,1,,0.6667,,14.3333,0,0,,
5526004,1996,13311,1995,"RU","",721337,2,8,343,2,21,5,0,1,,0,,13.2,0,0,,
5526885,1996,13318,1995,"RU","",721429,3,8,173,5,51,7,1,0.8571,0,0.5,2,18.4286,0,0,0,0
5526999,1996,13318,1994,"RU","",,1,6,244,5,55,9,3,0.6667,0,0,3.3333,21.6667,,,,
5527452,1996,13318,1994,"RU","",721496,3,4,210,1,19,4,2,0.75,0,0.4444,3,24,0,0,0,0
5530166,1996,13325,1995,"RU","",218550,2,12,568,1,14,4,1,1,0,0,1,2.75,0.25,0.25,0,0
5530429,1996,13325,1993,"RU","",706879,3,19,340,2,21,17,1,1,0,0.6713,3,10.0588,0,0,0,0
5531400,1996,13332,1994,"RU","",,1,11,244,5,55,4,0,0.75,,0,,29.5,,,,
5534262,1996,13339,1993,"RU","",,1,12,424,3,31,7,1,0.8571,0,0.2778,5,14.2857,,,,
5534421,1996,13339,1993,"RU","",14230,3,9,435,3,33,2,2,1,0,0,3,14,1,0.5,0.5,0.5
5535051,1996,13339,1995,"RU","",706518,2,12,359,5,54,6,1,1,0,0.6111,1,3.3333,0.2,0.1667,0,0
5537451,1996,13346,1995,"RU","",,4,,378,4,44,0,4,,0,,1.25,,,,,
5537481,1996,13346,1994,"RU","",722330,2,20,381,4,49,3,1,0.3333,0,0,3,28.3333,0,0,0,0
5538620,1996,13353,1994,"RU","",722461,3,22,205,1,19,3,5,1,0.56,0.4444,2,10.3333,0,0,0.25,0.2
5538873,1996,13353,1994,"RU","",14230,3,1,435,3,33,2,1,1,0,0,3,9,1,0.5,1,1
5540819,1996,13360,1995,"RU","",722659,3,1,205,1,19,2,1,1,0,0,2,21,0,0,0,0
5542278,1996,13367,1994,"RU","",,1,9,72,5,52,2,0,1,,0,,20,,,,
5542298,1996,13367,1995,"RU","",,1,117,73,4,43,7,3,1,0.6667,0,0.3333,10.7143,,,,
5542967,1996,13367,1994,"RU","",,1,7,96,1,13,15,3,0.9333,0.6667,0.6122,2,15.1333,,,,
5543147,1996,13367,1994,"RU","",,5,14,424,3,31,2,0,1,,0.5,,4.5,,,,
5543916,1996,13367,1994,"RU","",711647,2,13,356,4,43,10,2,1,0,0.18,4,6,0.125,0.1,0,0
5545131,1996,13374,1994,"RU","",742511,2,14,604,3,32,3,0,1,,0.4444,,19,0,0,,
5547134,1996,13381,1995,"RU","",,1,6,241,5,51,8,1,1,0,0,1,5,,,,
5547316,1996,13381,1994,"RU","",,5,11,405,6,64,1,0,1,,0,,12,,,,
5547684,1996,13381,1993,"RU","",723258,3,7,424,3,31,1,2,1,0,0,3.5,3,0,0,1,1
5549915,1996,13388,1994,"RU","",723456,2,20,424,3,31,12,2,1,0,0.6111,1,11.6667,0,0,0.5,0.5
5551324,1996,13395,1994,"RU","",,1,5,82,5,51,0,1,,0,,3,,,,,
5551639,1996,13395,1994,"RU","",723588,3,2,241,5,51,11,0,0.8182,,0.1975,,16.8182,0,0,,
5551970,1996,13395,1993,"RU","",723627,2,14,75,5,52,13,1,0.9231,0,0.5833,3,17.5385,0,0,0,0
5552270,1996,13395,1992,"RU","",723650,3,9,435,3,33,2,7,1,0.2449,0,4.2857,4,0,0,0,0
5554328,1996,13402,1994,"RU","",719005,2,18,264,5,51,3,0,1,,0.4444,,4,0,0,,
5554856,1996,13402,1994,"RU","",723862,2,21,250,4,44,8,0,1,,0.2188,,12.125,0,0,,
5557109,1996,13409,1994,"RU","",281870,2,11,250,4,44,7,0,1,,0.2449,,11.5714,0,0,,
5557497,1996,13409,1993,"RU","",711649,3,42,361,4,45,12,2,1,0.5,0.6111,4,12.9167,0,0,0,0
5557701,1996,13409,1994,"RU","",714822,2,7,385,2,21,10,0,1,,0.46,,9.8,0,0,,
5558695,1996,13416,1995,"RU","",724254,3,2,75,5,52,3,0,1,,0.4444,,15.3333,0,0,,
5559152,1996,13416,1994,"RU","",,1,9,514,3,31,0,1,,0,,2,,,,,
5559385,1996,13416,1994,"RU","",724306,3,4,310,4,45,5,0,1,,0.56,,6.8,0,0,,
5560790,1996,13423,1994,"RU","",724426,3,8,148,5,52,3,2,1,0.5,0.4444,2.5,3,0,0,0,0
5561067,1996,13423,1994,"RU","",,1,18,436,1,19,3,0,0.6667,,0.5,,15.6667,,,,
5562313,1996,13430,1994,"RU","",711954,2,8,285,6,67,6,0,0.6667,,0,,26.5,0,0,,
5562809,1996,13430,1995,"RU","",696607,2,22,204,1,19,5,1,1,0,0,1,19,0,0,0,0
5562841,1996,13430,1994,"RU","",716717,3,22,219,4,49,6,1,0.8333,0,0,3,18.6667,0,0,0,0
5563120,1996,13430,1994,"RU","",724623,3,18,514,3,31,1,0,1,,0,,9,0,0,,
