5280360,1994,12436,1992,"UA","",698373,3,14,348,4,49,31,2,1,0.5,0.7908,4.5,11.5161,0,0,0,0
5314117,1994,12562,1992,"UA","",,1,4,239,5,59,2,2,1,0.5,0.5,2.5,17.5,,,,
5338186,1994,12646,1992,"UA","",,1,8,431,6,66,6,2,0.8333,0,0,4,11.5,,,,
5344410,1994,12667,1992,"UA","",,1,6,604,3,32,5,1,0.8,0,0.625,3,21.8,,,,
5351164,1994,12688,1992,"UA","",705059,3,22,361,4,45,16,2,1,0.5,0.625,4,13.1875,0,0,0,0
5354285,1994,12702,1993,"UA","",,5,6,604,3,32,9,3,0.7778,0.6667,0.449,3,25.7778,,,,
5366570,1994,12744,1993,"UA","",715270,3,61,148,5,52,6,3,1,0.4444,0.5,2.3333,4.6667,0,0,0,0
5368957,1994,12751,1992,"UA","",705059,3,43,429,4,45,13,0,1,,0.4852,,14.2308,0,0,,
5374870,1994,12772,1992,"UA","",695915,2,4,313,4,42,4,3,1,0.4444,0.375,4,3,0.25,0.25,0.3333,0.3333
5394293,1995,12842,1993,"UA","",709182,2,22,361,4,45,12,1,1,0,0.7222,4,9.9167,0,0,0,0
5395794,1995,12849,1993,"UA","",,1,6,438,4,46,8,0,1,,0.2188,,5.125,,,,
5439535,1995,13003,1993,"UA","",689166,2,13,148,5,52,5,1,1,0,0.56,4,15.8,0.25,0.2,0,0
5449492,1995,13038,1993,"UA","",714441,3,2,422,1,19,5,0,1,,0.72,,9.6,0,0,,
5451308,1995,13045,1993,"UA","",710802,3,7,204,1,19,4,2,1,0.5,0,3.5,8.5,0,0,0,0
5458705,1995,13073,1994,"UA","",715270,3,12,148,5,52,6,0,1,,0.4444,,5.5,0,0,,
5460004,1995,13080,1993,"UA","",36605,2,6,62,6,69,5,2,0.6,0.5,0.4444,3,36.8,0,0,0,0
5461245,1995,13080,1994,"UA","",706518,2,11,257,4,46,3,4,1,0.375,0.4444,1.75,3,0.3333,0.3333,0,0
5483649,1996,13157,1994,"UA","",714950,2,38,713,2,22,8,16,1,0.2266,0.6875,1.6875,6,0,0,0.1,0.0625
5492654,1996,13199,1994,"UA","",,5,17,261,1,19,13,5,1,0.72,0.3905,2.8,14.3846,,,,
5495886,1996,13213,1994,"UA","",273190,2,79,164,5,52,7,2,1,0,0,2,6,0.5,0.4286,0.5,0.5
5495929,1996,13213,1994,"UA","",,1,15,194,5,59,4,5,1,0.56,0.75,1.4,19.25,,,,
5501037,1996,13234,1995,"UA","",,1,4,47,6,61,1,2,1,0,0,1.5,14,,,,
5503725,1996,13241,1993,"UA","",710802,3,18,204,1,19,7,1,1,0,0.6122,2,5,0,0,0,0
5505668,1996,13248,1994,"UA","",719522,3,3,475,5,53,4,1,1,0,0.375,2,14,0,0,0,0
5507791,1996,13255,1994,"UA","",,1,5,607,3,32,6,1,0.6667,0,0.375,1,27.1667,,,,
5512390,1996,13269,1994,"UA","",702882,2,9,429,4,45,5,0,0.6,,0.4444,,45.4,0,0,,
5535294,1996,13339,1995,"UA","",714822,2,5,385,2,21,12,2,1,0,0.5278,2.5,9.0833,0,0,0,0
5548167,1996,13381,1994,"UA","",723283,2,11,310,4,45,1,0,1,,0,,5,0,0,,
5560875,1996,13423,1995,"UA","",750908,3,5,261,1,19,6,1,0.8333,0,0.72,2,21.8333,0,0,1,1
