5568869,1996,13451,1994,"UA","",507565,2,48,209,5,51,6,1,0.8333,0,0.32,3,17.8333,0.25,0.1667,0,0
5576705,1996,13472,1994,"UA","",,5,8,341,2,22,6,1,1,0,0.6667,1,3.6667,,,,
5580403,1996,13486,1995,"UA","",715270,3,6,148,5,52,3,0,0.6667,,0.5,,18,0,0,,
5607342,1997,13577,1995,"UA","",722793,2,19,451,5,51,4,0,0.5,,0.5,,28.75,0,0,,
5621403,1997,13619,1995,"UA","",729483,2,7,341,2,22,14,0,1,,0.6327,,5.8571,0,0,,
5624253,1997,13633,1994,"UA","",,4,6,431,6,66,4,0,1,,0,,4.75,,,,
5624505,1997,13633,1995,"UA","",,1,10,148,5,52,3,0,0.6667,,0.5,,19,,,,
5647885,1997,13710,1994,"UA","",731764,3,5,71,1,11,1,0,1,,0,,18,0,0,,
5651321,1997,13724,1996,"UA","",696771,3,28,110,6,66,18,2,0.8889,0,0.875,0,16.5,0,0,0,0
5657846,1997,13745,1995,"UA","",732624,3,14,194,5,59,1,1,1,0,0,2,9,0,0,0,0
5686785,1997,13829,1995,"UA","",735078,3,20,313,4,42,4,1,0.75,0,0.4444,1,33,0,0,0,0
5710012,1998,13899,1994,"UA","",5336,2,20,435,3,33,17,0,1,,0.4775,,11,0.125,0.1176,,
5723076,1998,13941,1996,"UA","",738320,3,4,264,5,51,10,0,1,,0.58,,16.2,0,0,,
5730271,1998,13962,1995,"UA","",732624,3,6,194,5,59,5,0,1,,0.72,,5,0,0,,
5735125,1998,13976,1996,"UA","",,1,33,60,4,45,3,1,0.6667,0,0.5,2,28.6667,,,,
5735740,1998,13976,1996,"UA","",,1,32,460,6,61,2,0,1,,0,,19.5,,,,
5745188,1998,13997,1995,"UA","",,1,13,348,4,49,4,1,1,0,0.375,2,6.25,,,,
5748043,1998,14004,1996,"UA","",,1,19,331,4,41,4,0,1,,0.625,,14,,,,
5779002,1998,14074,1996,"UA","",742971,3,7,182,6,65,2,0,0.5,,0,,52.5,0,0,,
5795785,1998,14109,1995,"UA","",,1,4,436,1,19,0,0,,,,,,,,,
5798096,1998,14116,1997,"UA","",744653,3,1,424,3,31,8,1,1,0,0.7813,0,5.5,0,0,0,0
5803776,1998,14130,1997,"UA","",,1,7,440,5,55,3,0,0.3333,,0,,38.6667,,,,
5804070,1998,14130,1997,"UA","",161455,3,21,210,1,19,2,0,1,,0.5,,23,0,0,,
5808696,1998,14137,1995,"UA","",,1,13,348,4,49,7,0,1,,0,,7.7143,,,,
5811089,1998,14144,1995,"UA","",745796,3,9,424,3,31,3,0,1,,0,,19.6667,0,0,,
5817621,1998,14158,1997,"UA","",,1,6,514,3,31,2,0,1,,0,,5.5,,,,
5830394,1998,14186,1993,"UA","",,1,21,264,5,51,3,0,0.6667,,0.5,,47.6667,,,,
5834070,1998,14193,1997,"UA","",747865,3,20,427,1,12,8,0,1,,0.5,,5.625,0,0,,
5856862,1999,14249,1996,"UA","",,1,,352,5,54,5,0,1,,0.48,,15.2,,,,
5868031,1999,14284,1997,"UA","",,5,,74,5,59,4,0,0.75,,0,,23.25,,,,
5868972,1999,14284,1997,"UA","",750908,3,,261,1,19,6,0,0.8333,,0.32,,22.5,0.3333,0.1667,,
5869801,1999,14284,1996,"UA","",742971,3,,219,4,49,4,0,1,,0.375,,23,0,0,,
5876630,1999,14305,1997,"UA","",738320,3,,252,1,19,3,0,1,,0.6667,,19,0,0,,
5888391,1999,14333,1998,"UA","",752573,3,,210,1,19,7,0,1,,0.6939,,8.5714,0,0,,
5888406,1999,14333,1995,"UA","",,1,,210,1,19,5,0,1,,0,,22.4,,,,
5895568,1999,14354,1996,"UA","",753153,3,,210,1,19,2,0,0.5,,0,,26,0,0,,
5932361,1999,14459,1997,"UA","",,1,,428,6,69,18,0,1,,0.8395,,12.5,,,,
5933244,1999,14459,1997,"UA","",756568,3,,356,4,43,2,0,0.5,,0,,34.5,0,0,,
5934708,1999,14466,1998,"UA","",,1,,283,6,69,1,0,1,,0,,10,,,,
5939144,1999,14473,1997,"UA","",757093,2,,427,1,12,3,0,1,,0.4444,,13,0,0,,
5952641,1999,14501,1996,"UA","",758267,3,,235,5,59,11,0,1,,0.5455,,6.2727,0,0,,
5974075,1999,14543,1998,"UA","",,1,,373,6,66,10,0,0.6,,0.6667,,28.9,,,,
5979738,1999,14557,1998,"UA","",742971,3,,228,5,52,4,0,1,,0.625,,19.25,0,0,,
5983810,1999,14564,1997,"UA","",696771,3,,110,6,66,1,0,1,,0,,23,0,0,,
5985373,1999,14564,1998,"UA","",761146,3,,427,1,12,2,0,1,,0.5,,4.5,0,0,,
5993182,1999,14578,1997,"UA","",761844,3,,418,5,53,8,0,0.5,,0.375,,45.125,0,0,,
6000627,1999,14592,1998,"UA","",761146,3,,239,5,59,8,0,1,,0.2188,,14.875,0,0,,
6006537,1999,14606,1998,"UA","",,1,,62,6,69,7,0,1,,0,,8.4286,,,,
