4125657,1978,6892,1977,"VE","",,1,8,428,6,69,4,2,0.25,0,0,2,42,,,,
4127254,1978,6906,1976,"VE","",,1,13,249,6,69,7,3,1,0,0.5714,7.3333,6.2857,,,,
4132752,1979,6941,1978,"VE","",88410,3,9,261,1,19,10,8,0.4,0.375,0.375,6.25,32.4,0,0,0,0
4133532,1979,6948,1977,"VE","",,1,9,273,6,62,3,3,0.6667,0,0.5,7.3333,16.6667,,,,
4134164,1979,6955,1977,"VE","",,1,7,4,6,65,4,1,0.75,0,0,18,10.5,,,,
4134647,1979,6955,1977,"VE","",,1,5,351,3,39,4,16,1,0.1172,0,11.25,3,,,,
4135048,1979,6955,1977,"VE","",325830,3,2,548,1,14,2,0,1,,0.5,,4.5,0,0,,
4140296,1979,6990,1977,"VE","",,1,12,248,6,69,6,10,0.1667,0.18,0,12.4,66.3333,,,,
4145778,1979,7025,1977,"VE","",,1,2,5,6,65,4,6,1,0,0,10,3.25,,,,
4153053,1979,7067,1977,"VE","",,1,3,606,3,32,1,6,0,0.2778,,9.5,41,,,,
4158956,1979,7116,1978,"VE","",276455,3,7,73,4,43,3,1,0.3333,0,0,12,22,0,0,0,0
4167577,1979,7193,1978,"VE","",325830,3,2,514,3,31,2,2,1,0,0.5,16.5,4.5,0,0,0,0
4170954,1979,7228,1977,"VE","",,1,21,114,5,55,2,2,1,0.5,0.5,7,3.5,,,,
4194389,1980,7389,1978,"VE","",,1,22,73,4,43,6,12,0.8333,0.1528,0,12.5,8.1667,,,,
4196482,1980,7403,1978,"VE","",,1,8,4,6,65,2,0,1,,0,,4,,,,
4205651,1980,7459,1978,"VE","",,1,25,124,5,59,3,2,0.6667,0.5,0,9,32,,,,
4206919,1980,7466,1978,"VE","",,1,12,273,6,62,3,3,1,0.4444,0.4444,2.6667,6,,,,
4212107,1980,7501,1978,"VE","",,1,15,33,6,69,22,5,0.8182,0.8,0.6975,7,12.0909,,,,
4215661,1980,7522,1978,"VE","",369150,3,7,123,5,53,7,1,0.8571,0,0.5,4,16.8571,0,0,0,0
4218061,1980,7536,1978,"VE","",,1,15,273,6,62,4,2,0.75,0,0.4444,2.5,25.25,,,,
4218143,1980,7536,1979,"VE","",597270,6,20,356,4,43,10,4,1,0.75,0.68,4.5,5.6,0,0,0.5,0.5
4223724,1980,7571,1977,"VE","",,1,7,166,6,64,11,7,0,0.2449,,10.2857,57.1818,,,,
4232953,1980,7620,1979,"VE","",,1,10,353,5,54,8,3,0.75,0,0.2778,1.6667,16.625,,,,
4237805,1980,7648,1978,"VE","",,1,4,112,6,63,4,2,0.75,0,0,12,13.25,,,,
4249907,1981,7711,1979,"VE","",438920,2,11,585,1,19,3,7,1,0.8163,0.6667,5.7143,10,0.6667,0.6667,0.4286,0.4286
4266695,1981,7802,1979,"VE","",,1,13,222,1,19,2,9,0.5,0.1975,0,14,16,,,,
4274636,1981,7844,1978,"VE","",,1,26,273,6,62,4,1,1,0,0.375,19,9.75,,,,
4281475,1981,7886,1979,"VE","",,1,11,49,5,59,2,4,0.5,0.625,0,11.75,19,,,,
4283916,1981,7900,1979,"VE","",187245,3,6,62,6,69,3,2,0.6667,0,0,12.5,16.3333,0,0,0,0
4284253,1981,7900,1979,"VE","",,1,2,254,5,59,3,0,0.6667,,0,,14.6667,,,,
4289466,1981,7928,1980,"VE","",,1,17,425,5,51,1,0,1,,0,,7,,,,
4291955,1981,7942,1980,"VE","",,1,3,353,5,54,11,3,0.7273,0.4444,0.2188,6.3333,16.1818,,,,
4292548,1981,7942,1979,"VE","",276465,3,17,326,4,46,3,7,1,0.449,0,7.5714,11.3333,0,0,0,0
4296515,1981,7970,1980,"VE","",,1,6,12,6,63,3,6,0.6667,0.6111,0.5,14,27.6667,,,,
4296849,1981,7970,1979,"VE","",,1,15,192,5,53,5,1,0.6,0,0,10,24.2,,,,
4299232,1981,7984,1979,"VE","",,1,6,600,3,32,4,12,0.75,0.1528,0,12.25,13,,,,
4314005,1982,8068,1980,"VE","",,1,7,428,6,69,0,4,,0.625,,6.75,,,,,
4317477,1982,8096,1980,"VE","",478130,3,5,294,5,59,14,4,0.2857,0,0.625,9.5,31.8571,0,0,0,0
4318992,1982,8103,1980,"VE","",276360,3,3,435,3,33,9,5,0.7778,0.48,0.6122,10.2,17.8889,0,0,0,0
4322972,1982,8131,1980,"VE","",,1,4,73,4,43,2,5,0.5,0.56,0,9,20.5,,,,
4332497,1982,8187,1980,"VE","",,1,5,401,1,12,12,5,0.25,0.64,0,10.6,44,,,,
4335882,1982,8208,1979,"VE","",,1,15,273,6,62,5,3,0.4,0,0.5,8.6667,43.6,,,,
4344956,1982,8264,1976,"VE","",,1,25,514,3,31,1,1,1,0,0,8,12,,,,
4349253,1982,8292,1980,"VE","",,1,9,353,5,54,1,0,1,,0,,2,,,,
4365461,1982,8397,1980,"VE","",276465,3,6,56,6,61,4,2,0.5,0,0,10,19.5,0,0,0,0
4365781,1982,8397,1981,"VE","",326845,3,13,249,6,69,8,2,0.375,0.5,0,11.5,37,0,0,0,0
4397768,1983,8621,1981,"VE","",424375,3,18,502,1,19,48,7,0.8542,0.4898,0.6175,6.7143,12.7083,0,0,0,0
4400893,1983,8642,1981,"VE","",207810,3,7,36,6,63,3,6,0.3333,0,0,12.6667,26,0,0,0,0
4405073,1983,8663,1980,"VE","",,5,6,227,5,59,7,8,0.7143,0,0,9.625,20.2857,,,,
4408631,1983,8684,1979,"VE","",,1,2,137,6,69,5,4,0.2,0.375,0,12,53.8,,,,
4409745,1983,8691,1982,"VE","",207810,3,12,36,6,63,6,1,0.3333,0,0,14,40.5,0,0,0,0
