5572030,1996,13458,1996,"VE","",283375,3,16,250,4,44,3,1,1,0,0.4444,1,3.6667,0,0,0,0
5576256,1996,13472,1994,"VE","",283375,3,43,502,1,19,6,1,1,0,0.6111,2,3.1667,0,0,1,1
5591324,1997,13521,1995,"VE","",283375,3,9,208,1,19,9,0,1,,0.642,,4.8889,0,0,,
5598731,1997,13549,1994,"VE","",,1,30,72,5,52,6,1,0.8333,0,0,1,18.5,,,,
5602768,1997,13556,1995,"VE","",280070,2,18,708,2,22,5,0,1,,0,,3.4,0.2,0.2,,
5603864,1997,13563,1994,"VE","",283375,3,19,516,1,19,8,6,1,0.2778,0.6875,3,12.5,0.5714,0.5,0.3333,0.3333
5612273,1997,13591,1994,"VE","",283375,3,77,502,1,19,3,3,1,0.4444,0.4444,2.3333,9.6667,0,0,1,1
5618200,1997,13612,1995,"VE","",,1,8,439,4,41,5,2,0.6,0,0,2,46.8,,,,
5622920,1997,13626,1995,"VE","",283375,3,15,507,6,64,7,3,1,0,0.7755,1.6667,16.5714,0.2,0.1429,0.3333,0.3333
5628978,1997,13647,1994,"VE","",283375,3,10,423,1,19,21,0,1,,0.458,,12.3333,0,0,,
5641433,1997,13689,1995,"VE","",283375,3,11,516,1,19,8,2,0.75,0.5,0.7222,0,24.125,0,0,0,0
5642594,1997,13696,1994,"VE","",,1,22,52,6,69,8,0,1,,0.2188,,11.375,,,,
5648312,1997,13710,1995,"VE","",283375,3,17,502,1,19,3,0,1,,0.6667,,12,0,0,,
5652265,1997,13724,1995,"VE","",631280,2,34,514,3,31,3,1,1,0,0.4444,2,11.3333,0,0,0,0
5658839,1997,13745,1995,"VE","",283375,3,1,502,1,19,1,1,1,0,0,2,4,0,0,1,1
5663446,1997,13759,1996,"VE","",283375,3,6,564,1,14,0,0,,,,,,,,,
5670087,1997,13780,1995,"VE","",283375,3,8,516,1,19,8,2,0.875,0.5,0.7347,1,19.75,0,0,0.5,0.5
5674303,1997,13794,1996,"VE","",,1,22,55,1,13,25,1,0.8,0,0.51,2,23.64,,,,
5677257,1997,13801,1996,"VE","",283375,3,6,502,1,19,2,0,1,,0.5,,14,0,0,,
5677267,1997,13801,1995,"VE","",283375,3,15,507,6,64,7,0,1,,0.6122,,15.7143,0.1429,0.1429,,
5679731,1997,13808,1995,"VE","",283375,3,13,524,1,15,7,0,0.8571,,0.7222,,15.8571,0,0,,
5686370,1997,13829,1995,"VE","",283375,3,9,502,1,19,7,0,0.7143,,0.56,,24.1429,0,0,,
5688395,1997,13836,1996,"VE","",283375,3,17,208,1,19,3,1,1,0,0.4444,1,21.3333,0,0,1,1
5688741,1997,13836,1995,"VE","",283375,3,17,502,1,19,7,1,1,0,0.7347,2,16.2857,0,0,1,1
5694888,1997,13857,1995,"VE","",,1,13,123,5,53,11,1,1,0,0,2,10.8182,,,,
5702246,1997,13878,1996,"VE","",736406,3,14,432,6,66,10,1,1,0,0.34,0,13.7,0,0,1,1
5703025,1997,13878,1995,"VE","",454215,2,8,510,1,19,19,1,1,0,0.0997,2,8.7368,0.2105,0.2105,0,0
5705763,1998,13885,1996,"VE","",,1,7,89,5,59,10,0,0.3,,0,,35.9,,,,
5706796,1998,13892,1996,"VE","",,1,5,126,6,66,5,0,0.4,,0,,45.2,,,,
5708272,1998,13892,1996,"VE","",283375,3,22,250,4,44,1,0,1,,0,,3,0,0,,
5710093,1998,13899,1996,"VE","",283375,3,22,502,1,19,2,1,1,0,0.5,1,9,0,0,0,0
5712415,1998,13906,1997,"VE","",283375,3,11,564,1,14,0,0,,,,,,,,,
5725609,1998,13948,1996,"VE","",283375,3,3,44,1,19,5,2,0.8,0,0.375,0.5,18,0,0,0,0
5741133,1998,13990,1996,"VE","",,1,7,433,3,39,5,0,0.2,,0,,56.6,,,,
5753584,1998,14018,1996,"VE","",283375,3,14,502,1,19,15,2,1,0.5,0.7733,2,11.6,0,0,1,1
5753811,1998,14018,1996,"VE","",740900,3,8,73,4,43,4,0,1,,0.625,,16.25,0,0,,
5767034,1998,14046,1996,"VE","",283375,3,17,502,1,19,21,0,0.9524,,0.66,,16.2381,0,0,,
5770040,1998,14053,1996,"VE","",283375,3,8,208,1,19,14,0,1,,0.4592,,14.6429,0,0,,
5770047,1998,14053,1996,"VE","",283375,3,30,208,1,19,6,0,1,,0.2778,,10.3333,0.1667,0.1667,,
5783525,1998,14081,1997,"VE","",283375,3,23,507,6,64,9,0,1,,0.716,,4.2222,0,0,,
5786311,1998,14088,1997,"VE","",454215,2,7,510,1,19,19,0,1,,0.0997,,10.2632,0.2105,0.2105,,
5792223,1998,14102,1997,"VE","",283375,3,32,44,1,19,11,1,1,0,0.5785,1,4.0909,0.6,0.5455,1,1
5800698,1998,14123,1996,"VE","",283375,3,64,208,1,19,1,0,1,,0,,1,1,1,,
5800801,1998,14123,1996,"VE","",283375,3,11,423,1,19,9,0,1,,0.5185,,12.6667,0,0,,
5804073,1998,14130,1996,"VE","",,1,41,210,1,19,5,0,1,,0.8,,8,,,,
5817589,1998,14158,1996,"VE","",283375,3,42,502,1,19,3,0,1,,0.4444,,5.6667,0.3333,0.3333,,
5817595,1998,14158,1996,"VE","",283375,3,49,502,1,19,4,1,1,0,0.625,1,4,0.25,0.25,1,1
5821188,1998,14165,1997,"VE","",283375,3,2,502,1,19,2,0,1,,0.5,,3,0.5,0.5,,
5823224,1998,14172,1997,"VE","",746861,3,34,137,6,69,10,0,1,,0.58,,16.7,0,0,,
5834392,1998,14193,1995,"VE","",283375,3,10,502,1,19,2,0,1,,0,,7,0,0,,
5840097,1998,14207,1996,"VE","",736406,3,26,75,5,52,4,0,0.75,,0.4444,,25.5,0.5,0.25,,
5840271,1998,14207,1997,"VE","",283375,3,19,423,1,19,13,0,1,,0.3787,,4.1538,0,0,,
5849258,1998,14228,1996,"VE","",283375,3,24,423,1,19,11,0,1,,0.4463,,3,0,0,,
5851430,1998,14235,1997,"VE","",283375,3,6,516,1,19,9,1,0.8889,0,0.7188,0,18.5556,0.125,0.1111,0,0
5858211,1999,14256,1998,"VE","",283375,2,,208,1,19,2,0,1,,0,,8,0,0,,
5865086,1999,14277,1996,"VE","",,1,,91,5,53,5,0,1,,0.32,,17.4,,,,
5866376,1999,14277,1997,"VE","",750690,3,,435,3,33,6,0,1,,0.6667,,10.1667,0,0,,
5877364,1999,14305,1997,"VE","",283375,3,,585,1,19,0,0,,,,,,,,,
5878451,1999,14312,1996,"VE","",,1,,5,6,65,9,0,0.8889,,0.5313,,29.4444,,,,
5880052,1999,14312,1998,"VE","",283375,3,,502,1,19,2,0,1,,0,,8,0,0,,
5880324,1999,14312,1998,"VE","",283375,3,,585,1,19,1,0,1,,0,,6,0,0,,
5883054,1999,14319,1997,"VE","",283375,3,,507,6,64,5,0,1,,0.8,,2.8,0,0,,
5885290,1999,14326,1997,"VE","",,1,,606,3,32,11,1,1,0,0,1,18.6364,,,,
5885441,1999,14326,1997,"VE","",283375,3,,208,1,19,4,0,1,,0.375,,10.5,0.5,0.5,,
5891829,1999,14340,1997,"VE","",283375,3,,507,6,64,8,0,1,,0.625,,8.125,0.125,0.125,,
5892439,1999,14340,1997,"VE","",,1,,340,2,21,4,0,1,,0,,13.75,,,,
5896940,1999,14361,1997,"VE","",,1,,175,6,64,8,0,0.75,,0,,24.625,,,,
5902163,1999,14375,1997,"VE","",47020,2,,441,6,69,7,0,0.2857,,0.5,,77.4286,0,0,,
5902227,1999,14375,1997,"VE","",283375,3,,516,1,19,5,0,1,,0.56,,14,0.3333,0.2,,
5902564,1999,14375,1998,"VE","",283375,3,,423,1,19,0,0,,,,,,,,,
5904119,1999,14382,1997,"VE","",746861,3,,122,6,66,6,0,1,,0.7222,,14,0,0,,
5907072,1999,14389,1997,"VE","",283375,3,,585,1,19,7,0,1,,0.6531,,6.2857,0.2857,0.2857,,
5912400,1999,14410,1997,"VE","",746861,3,,75,5,52,9,0,1,,0.4938,,12.7778,0,0,,
5916433,1999,14424,1997,"VE","",283375,3,,208,1,19,2,0,1,,0,,1.5,1,1,,
5922190,1999,14438,1996,"VE","",283375,3,,208,1,19,3,0,1,,0.6667,,8,0,0,,
5925307,1999,14445,1997,"VE","",283375,3,,264,5,51,3,0,1,,0,,9.6667,0,0,,
5927236,1999,14452,1997,"VE","",,1,,123,5,53,16,0,0.625,,0.58,,35.125,,,,
5928495,1999,14452,1995,"VE","",,1,,208,1,19,44,0,1,,0.9081,,12.5909,,,,
5935445,1999,14466,1997,"VE","",283375,3,,210,1,19,12,0,0.8333,,0,,20.4167,0,0,,
5935447,1999,14466,1997,"VE","",283375,3,,210,1,19,12,0,0.8333,,0,,20.4167,0,0,,
5948942,1999,14494,1997,"VE","",283375,3,,564,1,14,3,0,1,,0.6667,,16.3333,0,0,,
5951868,1999,14501,1997,"VE","",283375,3,,210,1,19,4,0,0.75,,0.4444,,26.75,0,0,,
5952257,1999,14501,1998,"VE","",283375,3,,502,1,19,1,0,1,,0,,25,0,0,,
5957337,1999,14515,1997,"VE","",,1,,222,1,19,24,0,0.75,,0.1975,,29.5,,,,
5958223,1999,14515,1998,"VE","",283375,3,,208,1,19,10,0,1,,0.68,,7.7,0.1111,0.1,,
5964906,1999,14529,1997,"VE","",283375,3,,44,1,19,4,0,1,,0.75,,8.75,0,0,,
5967694,1999,14536,1998,"VE","",283375,3,,404,6,69,10,0,0.5,,0.48,,53.6,0,0,,
5971214,1999,14543,1999,"VE","",,1,,222,1,19,26,0,0.6923,,0.2901,,30.5385,,,,
5975455,1999,14550,1997,"VE","",389150,3,,242,5,51,9,0,0.8889,,0.5,,14.8889,0,0,,
5976200,1999,14550,1997,"VE","",283375,3,,44,1,19,7,0,1,,0.6122,,7.5714,0.1667,0.1429,,
5981421,1999,14557,1998,"VE","",283375,3,,502,1,19,17,0,1,,0.8097,,11.4706,0.0625,0.0588,,
5989058,1999,14571,1998,"VE","",,1,,439,4,41,8,0,0.75,,0.5,,38,,,,
5993495,1999,14578,1998,"VE","",283375,3,,44,1,19,2,0,1,,0,,9,0.5,0.5,,
