3611458,1971,4302,1969,"VE","",,1,,114,5,55,,2,,0,,11.5,,,,,
3615157,1971,4316,1969,"VE","",389150,3,,254,5,59,,4,,0.625,,11.25,,,,0,0
3616761,1971,4323,1968,"VE","",,1,,105,5,55,,7,,0.449,,23.8571,,,,,
3625395,1971,4358,1970,"VE","",119775,2,,221,5,51,,0,,,,,,,,,
3640495,1972,4421,1970,"VE","",,1,,248,6,69,,1,,0,,23,,,,,
3642624,1972,4428,1968,"VE","",235355,2,,507,6,64,,8,,0.75,,11.875,,,,0,0
3662166,1972,4512,1970,"VE","",,1,,362,4,42,,2,,0.5,,15,,,,,
3676964,1972,4582,1969,"VE","",,1,,52,6,69,,4,,0,,12.5,,,,,
3683504,1972,4610,1970,"VE","",,1,,33,6,69,,1,,0,,14,,,,,
3683542,1972,4610,1971,"VE","",,1,,43,6,61,,0,,,,,,,,,
3698224,1972,4673,1970,"VE","",512290,2,,72,5,52,,10,,0.74,,20.5,,,,0,0
3729705,1973,4862,1969,"VE","",497495,2,,367,2,21,,2,,0,,11.5,,,,1,1
3738219,1973,4911,1970,"VE","",,1,,89,5,59,,9,,0.4938,,19.6667,,,,,
3758892,1973,5009,1971,"VE","",,1,,4,6,65,,3,,0.4444,,7.6667,,,,,
3765753,1973,5037,1971,"VE","",,1,,351,3,39,,1,,0,,10,,,,,
3768652,1973,5051,1972,"VE","",,1,,210,1,19,,10,,0.18,,15.4,,,,,
3779372,1973,5100,1972,"VE","",,1,,206,6,68,,23,,0.7561,,16.8696,,,,,
3811677,1974,5254,1972,"VE","",,1,,273,6,62,,3,,0.4444,,6,,,,,
3814545,1974,5268,1973,"VE","",,1,,417,5,53,,7,,0.449,,13.1429,,,,,
3816811,1974,5275,1973,"VE","",,1,,324,4,43,,20,,0.725,,15.75,,,,,
3824915,1974,5317,1972,"VE","",,1,,99,6,61,,7,,0.449,,13.1429,,,,,
3850114,1974,5443,1973,"VE","",,1,,108,6,69,,2,,0.5,,19,,,,,
3854292,1974,5464,1971,"VE","",,1,,405,6,64,,7,,0.2449,,18.1429,,,,,
3855998,1974,5471,1973,"VE","",,5,,600,3,32,,21,,0.449,,16.2857,,,,,
