5186180,1993,12100,1991,"VE","",,1,5,600,3,32,9,3,1,0.4444,0.5679,3.3333,7.5556,,,,
5193358,1993,12128,1991,"VE","",,1,18,62,6,69,11,2,0.6364,0,0,2.5,27.8182,,,,
5194301,1993,12128,1991,"VE","",685153,3,20,427,1,12,7,1,1,0,0.6939,7,11.2857,0,0,0,0
5197471,1993,12142,1990,"VE","",,1,11,600,3,32,3,1,1,0,0,5,16.3333,,,,
5209175,1993,12184,1991,"VE","",326845,3,14,114,5,55,5,0,0.6,,0.6667,,31.6,0,0,,
5209295,1993,12184,1991,"VE","",283375,3,5,166,6,64,7,1,1,0,0,5,6.5714,0,0,0,0
5210326,1993,12184,1992,"VE","",283375,3,19,568,1,14,5,5,0.8,0.56,0.375,2,11.2,0,0,0.5,0.4
5212139,1993,12191,1992,"VE","",283375,3,17,502,1,19,1,0,1,,0,,7,0,0,,
5226492,1993,12247,1992,"VE","",283375,3,24,166,6,64,7,1,1,0,0.6122,0,6.4286,0,0,0,0
5228781,1993,12254,1992,"VE","",326340,3,11,374,4,43,7,0,1,,0.4082,,12.8571,0,0,,
5228996,1993,12254,1991,"VE","",,1,10,210,1,19,4,8,1,0,0,4.5,5.25,,,,
5229088,1993,12254,1992,"VE","",283375,3,8,423,1,19,6,0,1,,0.2778,,14.8333,0.2,0.1667,,
5229347,1993,12254,1991,"VE","",283375,3,29,502,1,19,7,1,0.7143,0,0.48,4,21.5714,0,0,0,0
5229927,1993,12254,1992,"VE","",,1,4,363,4,45,4,2,1,0,0.5,3,2,,,,
5238541,1993,12289,1992,"VE","",283375,3,10,203,1,19,6,4,1,0.375,0.6667,1.75,1.3333,0,0,0.25,0.25
5240073,1993,12296,1992,"VE","",694625,3,17,166,6,64,6,2,0.6667,0.5,0,2,35.5,0,0,0,0
5242483,1993,12303,1992,"VE","",283375,3,26,75,5,52,3,0,1,,0.4444,,16.6667,0,0,,
5243767,1993,12310,1992,"VE","",,1,26,34,1,19,17,2,0.4706,0,0.5625,2,30.1176,,,,
5245860,1993,12317,1991,"VE","",283375,3,8,73,4,43,10,1,1,0,0.8,6,13.9,0,0,0,0
5245976,1993,12317,1992,"VE","",,5,14,123,5,53,15,2,0.9333,0,0.4592,4,12.6,,,,
5250080,1993,12331,1992,"VE","",694625,3,17,44,1,19,4,3,1,0,0,2.6667,7.25,0,0,0.5,0.3333
5254240,1993,12345,1992,"VE","",283375,3,10,208,1,19,5,1,0.6,0,0.4444,3,21.8,0,0,0,0
5254327,1993,12345,1992,"VE","",283375,3,13,423,1,19,5,0,1,,0.32,,15.4,0,0,,
5256847,1993,12352,1992,"VE","",283375,3,24,219,4,49,7,1,0.8571,0,0,3,11.1429,0,0,0,0
5257812,1993,12359,1991,"VE","",694625,3,3,166,6,64,9,4,0.7778,0.375,0.449,5.75,29.3333,0,0,0,0
5260667,1993,12366,1991,"VE","",283375,3,14,324,4,43,4,6,1,0.2778,0.625,3.8333,6.5,0,0,0,0
5266614,1993,12387,1990,"VE","",283375,3,19,524,1,15,2,0,0.5,,0,,22.5,0,0,,
5267469,1993,12394,1992,"VE","",326845,3,17,73,4,43,7,1,0.7143,0,0.48,4,17,0,0,0,0
5269909,1993,12401,1991,"VE","",283375,3,15,208,1,19,5,1,1,0,0,6,3.6,0,0,1,1
5271317,1993,12408,1993,"VE","",,1,8,99,6,61,15,4,0.6667,0.375,0.66,3,34.4,,,,
5277795,1994,12429,1992,"VE","",,1,7,208,1,19,17,1,0.9412,0,0.3281,1,15.4118,,,,
5281278,1994,12443,1992,"VE","",698489,2,9,134,6,69,9,0,0.6667,,0.2778,,29.6667,0,0,,
5282999,1994,12450,1992,"VE","",283375,3,24,252,1,19,2,0,1,,0.5,,10,0,0,,
5284395,1994,12457,1992,"VE","",,1,4,384,5,59,4,0,0.25,,0,,54.25,,,,
5291777,1994,12485,1992,"VE","",283375,3,9,73,4,43,17,0,0.8235,,0.5612,,17.7059,0,0,,
5301536,1994,12520,1992,"VE","",283375,3,14,73,4,43,8,1,1,0,0.5938,1,9.25,0,0,1,1
5308534,1994,12541,1992,"VE","",283375,3,12,252,1,19,5,0,1,,0.56,,7.8,0,0,,
5309998,1994,12548,1992,"VE","",283375,3,24,166,6,64,7,3,0.2857,0,0,3.6667,34.1429,0,0,0,0
5313143,1994,12555,1992,"VE","",332175,3,8,315,4,42,1,4,1,0.375,0,3.5,2,1,1,0,0
5314615,1994,12562,1993,"VE","",283375,3,3,208,1,19,2,1,1,0,0.5,3,10.5,0,0,0,0
5316685,1994,12569,1992,"VE","",698489,2,7,210,1,19,14,1,0.7143,0,0.66,4,26.0714,0,0,0,0
5320783,1994,12583,1992,"VE","",454215,2,23,510,1,19,24,7,0.9583,0,0.0832,3.7143,11.5833,0.1364,0.125,0.3333,0.2857
5321187,1994,12583,1993,"VE","",283375,3,5,585,1,19,5,0,1,,0.32,,8,0,0,,
5324028,1994,12597,1992,"VE","",,1,28,473,6,62,9,11,1,0.4298,0.7901,2.7273,4.6667,,,,
5329779,1994,12618,1993,"VE","",131405,3,25,62,6,69,9,2,1,0,0.716,3.5,16.6667,0,0,0,0
5341631,1994,12660,1992,"VE","",412005,3,8,57,6,63,5,0,1,,0.72,,6,0.2,0.2,,
5346811,1994,12674,1992,"VE","",704666,2,28,435,3,33,7,0,1,,0.2449,,5.1429,0,0,,
5352425,1994,12695,1993,"VE","",283375,3,5,423,1,19,4,1,1,0,0.375,4,10.5,0,0,0,0
5354504,1994,12702,1991,"VE","",283375,3,17,516,1,19,8,3,1,0.4444,0.7813,3.3333,7,0,0,0.3333,0.3333
5354505,1994,12702,1992,"VE","",694625,3,14,516,1,19,8,3,0.875,0.4444,0.6122,4.6667,16.5,0,0,0,0
5360774,1994,12723,1993,"VE","",283375,3,2,502,1,19,11,0,0.9091,,0.64,,14.6364,0,0,,
5366094,1994,12744,1993,"VE","",698489,2,35,209,5,51,4,0,0.75,,0,,23.75,0,0,,
5374596,1994,12772,1993,"VE","",283375,3,1,502,1,19,7,0,0.8571,,0.6111,,9.7143,0.1667,0.1429,,
5378250,1995,12786,1993,"VE","",283375,3,24,44,1,19,6,0,0.8333,,0.48,,11.3333,0.2,0.1667,,
5379654,1995,12793,1993,"VE","",283375,3,16,73,4,43,4,2,1,0.5,0.375,3,13,0,0,0,0
5383347,1995,12807,1993,"VE","",,1,46,72,5,52,5,2,0.8,0,0,1.5,19.8,,,,
5384039,1995,12807,1992,"VE","",708264,3,11,208,1,19,5,0,1,,0.72,,9.2,0,0,,
5384297,1995,12807,1993,"VE","",283375,3,16,502,1,19,5,1,1,0,0,2,7.4,0,0,0,0
5385175,1995,12814,1993,"VE","",283375,3,19,138,6,67,8,0,1,,0.8125,,13,0,0,,
5387274,1995,12821,1993,"VE","",131405,3,26,75,5,52,3,6,1,0.6111,0,2.8333,3.6667,1,1,0,0
5390551,1995,12835,1994,"VE","",283375,3,7,73,4,43,13,5,0.9231,0,0.6806,1.4,16.8462,0,0,0,0
5395322,1995,12849,1991,"VE","",,1,6,604,3,32,20,0,0.45,,0.6173,,55,,,,
5398862,1995,12863,1993,"VE","",283375,3,25,228,5,52,8,4,0.875,0,0.6122,2,19.375,0,0,0,0
5399293,1995,12863,1992,"VE","",283375,3,16,516,1,19,9,4,1,0.625,0.716,3.75,9.5556,0,0,0.25,0.25
5401384,1995,12870,1993,"VE","",283375,3,28,208,1,19,6,1,1,0,0,3,6.8333,0,0,0,0
5406718,1995,12891,1994,"VE","",698489,2,7,34,1,19,3,2,0.6667,0,0,2,28,0,0,0,0
5407460,1995,12891,1994,"VE","",131405,3,2,75,5,52,6,1,1,0,0,3,9.8333,0.1667,0.1667,0,0
5408868,1995,12898,1993,"VE","",283375,3,9,73,4,43,10,2,1,0.5,0.54,2,9.8,0.1111,0.1,0,0
5416052,1995,12919,1994,"VE","",283375,3,8,502,1,19,3,3,1,0.4444,0.4444,2.3333,8,0,0,0.5,0.3333
5419852,1995,12933,1991,"VE","",283375,3,3,516,1,19,5,5,1,0.48,0.56,4.8,6.8,0.4,0.4,0.8,0.8
5421837,1995,12940,1993,"VE","",694625,3,5,44,1,19,5,0,1,,0,,7.8,0.25,0.2,,
5423901,1995,12947,1994,"VE","",694625,3,5,95,1,13,4,1,0.75,0,0.6667,3,23,0,0,0,0
5425409,1995,12954,1993,"VE","",,1,12,160,6,69,11,0,0.7273,,0,,21.4545,,,,
5427143,1995,12961,1994,"VE","",,1,14,137,6,69,7,0,0.5714,,0,,41.1429,,,,
5431222,1995,12975,1994,"VE","",694625,3,9,166,6,64,12,1,0.6667,0,0,3,29,0,0,0,0
5437541,1995,12996,1993,"VE","",,1,18,416,1,19,10,0,0.7,,0.2449,,24.1,,,,
5452554,1995,13052,1994,"VE","",,1,7,52,6,69,2,1,1,0,0.5,3,20,,,,
5453550,1995,13052,1993,"VE","",283375,3,10,568,1,14,2,0,1,,0.5,,1.5,0.5,0.5,,
5456204,1995,13066,1993,"VE","",715052,3,41,117,1,19,10,0,0.6,,0,,26.9,0,0,,
5457286,1995,13066,1991,"VE","",,1,11,174,4,41,11,6,0.6364,0.5,0.6122,4.8333,26.8182,,,,
5458775,1995,13073,1994,"VE","",698489,2,16,210,1,19,4,0,1,,0.625,,9,0,0,,
5476527,1995,13136,1993,"VE","",283375,3,18,71,1,11,1,0,1,,0,,4,0,0,,
5480583,1996,13150,1993,"VE","",283375,3,1,516,1,19,9,5,1,0.32,0.8148,3,11.3333,0.25,0.2222,0.6,0.6
5481748,1996,13150,1994,"VE","",280070,2,37,708,2,22,10,1,1,0,0,1,8.9,0,0,0,0
5483840,1996,13164,1994,"VE","",283375,3,22,73,4,43,3,1,1,0,0,4,4.6667,0,0,0,0
5486297,1996,13171,1994,"VE","",454215,2,12,8,1,11,19,4,1,0,0.6094,1.75,8.6316,0.8947,0.8947,1,1
5490547,1996,13192,1994,"VE","",,1,13,141,5,51,20,2,0.75,0.5,0.7556,3,28.75,,,,
5490749,1996,13192,1995,"VE","",,1,4,410,5,55,6,3,0.8333,0.6667,0.48,2,17,,,,
5499587,1996,13227,1991,"VE","",283375,3,26,110,6,66,23,0,1,,0.6427,,11.9565,0,0,,
5500153,1996,13227,1994,"VE","",454215,2,6,510,1,19,17,6,0.7647,0.7222,0.142,1.8333,13.6471,0.6667,0.4706,1,1
5503772,1996,13241,1995,"VE","",283375,3,2,516,1,19,4,4,1,0,0.5,2,4.75,0.75,0.75,0.25,0.25
5505876,1996,13248,1994,"VE","",283380,3,13,516,1,19,9,5,1,0,0.8148,2.8,9,0,0,0,0
5509791,1996,13262,1994,"VE","",,1,8,417,5,53,10,0,0.8,,0.2188,,20.8,,,,
5513473,1996,13276,1993,"VE","",,1,64,52,6,69,16,1,0.9375,0,0.3378,4,15.5,,,,
5513584,1996,13276,1990,"VE","",283375,3,12,110,6,66,27,1,0.8889,0,0.7257,5,15.7037,0.1364,0.1111,0,0
5521814,1996,13297,1994,"VE","",62580,2,46,700,2,22,10,8,1,0.6563,0.66,1.875,7.9,0,0,0,0
5523271,1996,13304,1994,"VE","",283375,3,15,502,1,19,0,2,,0,,2.5,,,,0.5,0.5
5523272,1996,13304,1994,"VE","",283375,3,5,502,1,19,6,1,1,0,0.6667,3,7.6667,0.1667,0.1667,1,1
5523737,1996,13304,1994,"VE","",,1,28,340,2,21,9,1,0.8889,0,0.75,2,15,,,,
5526839,1996,13318,1993,"VE","",352495,3,2,137,6,69,2,2,1,0.5,0,1.5,20,0,0,0,0
5535777,1996,13346,1995,"VE","",,1,14,137,6,69,3,0,0.6667,,0,,47.6667,,,,
5552569,1996,13395,1995,"VE","",,1,18,181,6,69,11,2,0.8182,0,0.4444,0,20.3636,,,,
5556574,1996,13409,1995,"VE","",283375,3,11,516,1,19,6,1,1,0,0.7778,2,10.6667,0.4,0.3333,1,1
5558766,1996,13416,1994,"VE","",283375,3,25,208,1,19,16,2,0.8125,0,0.426,3,18.3125,0,0,0,0
5560064,1996,13423,1994,"VE","",,1,15,15,6,69,7,0,0.5714,,0.625,,44.8571,,,,
