4425741,1984,8782,1980,"VE","",,1,13,52,6,69,20,2,0.3,0,0.2778,10.5,39,,,,
4434568,1984,8831,1981,"VE","",,1,10,40,6,69,11,0,0.4545,,0.64,,30.1818,,,,
4437128,1984,8838,1980,"VE","",,4,25,386,4,49,7,9,0.8571,0.4444,0.7222,10.1111,10.5714,,,,
4437889,1984,8845,1983,"VE","",,1,4,75,5,52,3,1,0.3333,0,0,3,26.3333,,,,
4454080,1984,8929,1982,"VE","",187960,2,9,261,1,19,10,3,0.6,0.4444,0.5,7.3333,17.2,0,0,0,0
4455221,1984,8936,1983,"VE","",283380,3,14,208,1,19,11,2,0.8182,0.5,0,5,11.4545,0,0,0,0
4457768,1984,8950,1982,"VE","",438920,2,20,62,6,69,3,4,1,0,0,12.75,14.3333,0.5,0.3333,0.6667,0.5
4465784,1984,8992,1983,"VE","",283375,3,12,502,1,19,11,1,0.1818,0,0,1,31,0,0,1,1
4469587,1984,9013,1983,"VE","",283375,3,26,208,1,19,18,5,0.7778,0.32,0.4592,3.4,16.2222,0,0,0,0
4478125,1984,9062,1982,"VE","",,1,6,84,6,69,4,1,0,0,,3,67.75,,,,
4490252,1984,9125,1981,"VE","",,1,1,210,1,19,6,5,0.5,0.32,0.4444,9,23.1667,,,,
4499202,1985,9174,1982,"VE","",283375,3,5,502,1,19,7,3,0.7143,0.4444,0.48,5,17.5714,0,0,0.6667,0.6667
4508616,1985,9223,1984,"VE","",283375,3,2,208,1,19,9,5,0.6667,0.32,0.2778,2.6,12.7778,0.1667,0.1111,0.2,0.2
4513778,1985,9251,1983,"VE","",283375,3,14,137,6,69,6,4,0.8333,0.375,0.32,6.25,17.6667,0,0,0.3333,0.25
4516479,1985,9265,1983,"VE","",283375,3,4,92,5,53,2,7,0.5,0.6122,0,6.5714,30,0,0,0,0
4520128,1985,9279,1983,"VE","",283375,3,16,502,1,19,6,33,1,0.4628,0.4444,8.4848,7.3333,0,0,0.1818,0.1818
4521277,1985,9286,1983,"VE","",283375,3,5,196,1,19,9,2,1,0,0.1975,10,10,0,0,0,0
4523599,1985,9300,1983,"VE","",,1,6,132,6,65,3,2,0.6667,0.5,0.5,11,18.6667,,,,
4525472,1985,9307,1983,"VE","",283375,3,8,502,1,19,10,8,1,0.5,0.58,5.125,4.8,0,0,0.2857,0.25
4539186,1985,9377,1984,"VE","",283375,3,28,423,1,19,3,3,0.3333,0,0,4.6667,50,0,0,0,0
4540946,1985,9384,1983,"VE","",393900,3,8,327,4,41,26,13,1,0.7574,0.8935,7.7692,9.7692,0,0,0,0
4546275,1985,9412,1983,"VE","",221085,2,22,327,4,41,3,19,1,0.5762,0.4444,8.6316,6.6667,0,0,0,0
4548013,1985,9426,1984,"VE","",,1,14,52,6,69,10,7,0.7,0.2449,0.4898,7.5714,14,,,,
4548792,1985,9426,1984,"VE","",283375,3,17,423,1,19,3,2,0.3333,0.5,0,6,50,0,0,0,0
4551232,1985,9440,1983,"VE","",283375,3,13,208,1,19,12,0,0.75,,0,,14.6667,0,0,,
4555535,1985,9461,1984,"VE","",165265,2,23,524,1,15,9,32,0.8889,0.7793,0.6563,9.0938,13.5556,0.8,0.4444,0.1613,0.1563
4568657,1986,9531,1984,"VE","",283375,3,21,502,1,19,10,2,0.8,0,0.6563,4.5,18,0,0,0.5,0.5
4572121,1986,9552,1982,"VE","",276465,7,12,123,5,53,12,3,0.5,0,0.5,12.3333,33.75,0,0,0,0
4572514,1986,9552,1983,"VE","",,1,8,273,6,62,14,8,0.4286,0.2188,0,9.125,33.6429,,,,
4572781,1986,9552,1984,"VE","",283375,3,13,208,1,19,12,9,0.9167,0.5679,0,6,13.1667,0,0,0,0
4572861,1986,9552,1984,"VE","",119585,3,9,428,6,69,2,5,1,0.32,0.5,6.4,10,0,0,0,0
4579649,1986,9587,1985,"VE","",283375,3,3,208,1,19,7,9,1,0.3457,0.4898,5.6667,2,0.1429,0.1429,0.1111,0.1111
4587815,1986,9629,1984,"VE","",,1,19,70,6,65,15,5,0.6667,0,0.46,6.4,35.9333,,,,
4588709,1986,9629,1985,"VE","",283375,3,14,502,1,19,19,11,1,0.4628,0.5429,4.5455,6.5263,0,0,0.1,0.0909
4591315,1986,9643,1982,"VE","",,1,4,417,5,53,9,2,0.2222,0,0,8,46.2222,,,,
4591316,1986,9643,1982,"VE","",,1,2,417,5,53,15,4,0.1333,0,0,8,54.2667,,,,
4591426,1986,9643,1983,"VE","",283375,3,29,208,1,19,15,4,1,0.375,0.5244,10,8.4667,0.0714,0.0667,0.5,0.5
4592827,1986,9650,1985,"VE","",283375,3,18,208,1,19,17,8,1,0.4688,0.1107,5.875,7.6471,0,0,0,0
4598832,1986,9685,1984,"VE","",,1,10,215,6,68,7,8,0.5714,0.6563,0.625,7.875,30.5714,,,,
4600102,1986,9692,1984,"VE","",,1,4,206,6,68,3,4,0,0.625,,6.25,58,,,,
4600703,1986,9692,1985,"VE","",283375,3,7,502,1,19,6,8,1,0.375,0,3.125,3,0.3333,0.3333,0.125,0.125
4602004,1986,9699,1984,"VE","",,1,9,514,3,31,1,1,1,0,0,11,6,,,,
4605250,1986,9720,1985,"VE","",,1,3,292,6,69,8,0,0,,,,61.875,,,,
4613427,1986,9762,1985,"VE","",283375,3,4,208,1,19,7,1,0.7143,0,0.48,2,19.8571,0,0,0,0
4619089,1986,9797,1985,"VE","",,1,8,52,6,69,6,6,0.5,0.6667,0.4444,5.6667,35,,,,
4626340,1986,9832,1985,"VE","",283375,3,7,208,1,19,15,4,1,0,0.3911,3.75,4.1333,0.1333,0.1333,0.25,0.25
4632914,1986,9860,1985,"VE","",283375,3,10,502,1,19,3,1,0.6667,0,0,5,22.3333,0,0,0,0
4635040,1987,9867,1985,"VE","",,1,17,340,2,21,7,6,1,0.5,0.449,3,12,,,,
4637458,1987,9881,1986,"VE","",352495,3,11,166,6,64,5,2,1,0.5,0.72,7.5,10.6,0,0,0,0
4642179,1987,9902,1986,"VE","",283375,3,2,208,1,19,20,2,1,0,0.495,6,7.1,0.0556,0.05,0,0
4648813,1987,9930,1985,"VE","",,1,18,418,5,53,3,0,0.3333,,0,,39,,,,
4650150,1987,9937,1985,"VE","",419180,3,19,249,6,69,12,6,0.5833,0.4444,0,8.6667,30.5,0,0,0,0
4652867,1987,9944,1984,"VE","",,1,7,340,2,21,12,13,0.9167,0.6746,0.7934,9.4615,14,,,,
4655903,1987,9958,1985,"VE","",283375,3,13,208,1,19,7,4,1,0.375,0.2449,7.25,10.8571,0,0,0,0
4662392,1987,9986,1986,"VE","",283375,3,17,137,6,69,3,4,0.6667,0.375,0,5,22.6667,1,0.3333,0,0
4664782,1987,9993,1986,"VE","",283375,3,5,208,1,19,6,10,0.8333,0.5,0.32,6.3,12,0,0,0.1,0.1
4665088,1987,9993,1984,"VE","",542300,2,16,514,3,31,6,10,0.5,0.6,0.4444,10.8,27.1667,0,0,0,0
4665096,1987,9993,1985,"VE","",,1,5,514,3,31,1,1,0,0,,2,31,,,,
4670132,1987,10014,1986,"VE","",283375,3,5,208,1,19,8,3,1,0.4444,0.5,5.3333,1.875,0.5,0.5,0,0
4676886,1987,10042,1986,"VE","",283375,3,8,208,1,19,7,4,0.8571,0,0,3.25,14.5714,0,0,0,0
4678557,1987,10049,1985,"VE","",283375,3,8,208,1,19,9,1,0.7778,0,0.4898,2,15.6667,0,0,1,1
4682655,1987,10070,1986,"VE","",283375,3,6,166,6,64,5,0,1,,0.32,,8.4,0,0,,
4687666,1987,10091,1985,"VE","",377600,3,8,424,3,31,0,9,,0.4938,,10,,,,0,0
4689314,1987,10098,1986,"VE","",283375,3,5,502,1,19,2,3,1,0.4444,0,7.6667,10.5,0,0,0,0
4690087,1987,10105,1986,"VE","",,1,14,114,5,55,10,0,0.3,,0,,45.4,,,,
4693445,1987,10119,1986,"VE","",,1,13,249,6,69,6,1,0.1667,0,0,5,52,,,,
4698621,1987,10140,1984,"VE","",,1,9,340,2,21,12,10,0.75,0.46,0.1975,9.5,20.5,,,,
4701435,1987,10154,1986,"VE","",283375,3,38,502,1,19,3,2,1,0.5,0.6667,6.5,12.3333,0,0,0,0
4704375,1987,10168,1986,"VE","",283375,3,4,502,1,19,6,2,0.8333,0,0.32,5.5,9.6667,0,0,0.5,0.5
4706073,1987,10175,1985,"VE","",,1,27,340,2,21,13,3,0.9231,0,0.1528,11,14.1538,,,,
4708597,1987,10189,1986,"VE","",283375,3,4,417,5,53,4,1,0.75,0,0,8,19.25,0,0,0,0
4718593,1988,10238,1986,"VE","",,1,17,228,5,52,3,0,1,,0.6667,,13.3333,,,,
4722158,1988,10259,1984,"VE","",,1,8,52,6,69,11,4,0.2727,0.625,0.4444,8.75,40.3636,,,,
4729980,1988,10294,1987,"VE","",283375,3,10,502,1,19,3,3,1,0.4444,0.4444,5.6667,7,0,0,0.3333,0.3333
4732664,1988,10308,1984,"VE","",283375,3,15,208,1,19,21,3,0.9048,0,0.2825,4.3333,10.0476,0,0,0,0
4737769,1988,10329,1986,"VE","",,1,8,340,2,21,11,5,1,0.56,0.314,6.8,10.4545,,,,
4740141,1988,10343,1986,"VE","",283375,3,4,417,5,53,2,1,1,0,0,8,3,0,0,0,0
4743574,1988,10357,1986,"VE","",283375,3,21,502,1,19,23,0,0.913,,0.5578,,14.1304,0.05,0.0435,,
4745937,1988,10371,1987,"VE","",283375,3,11,137,6,69,9,3,0.8889,0.4444,0.2188,6.3333,15.4444,0,0,0,0
4750865,1988,10392,1986,"VE","",283375,3,13,417,5,53,7,0,0.4286,,0.4444,,34.8571,0,0,,
4751210,1988,10392,1987,"VE","",283375,3,13,502,1,19,5,3,0.8,0.4444,0.375,8,20.2,0.3333,0.2,0,0
4752376,1988,10399,1986,"VE","",283375,3,1,208,1,19,6,4,1,0,0.2778,4.5,10.3333,0.1667,0.1667,0,0
4753261,1988,10406,1987,"VE","",283375,3,10,137,6,69,4,1,1,0,0,4,17,0,0,0,0
4760384,1988,10434,1987,"VE","",,1,9,340,2,21,2,4,1,0.625,0,4.5,10,,,,
4768025,1988,10469,1987,"VE","",,1,16,340,2,21,1,4,1,0.625,0,3,1,,,,
4772308,1988,10490,1986,"VE","",283375,3,4,71,1,11,1,5,1,0.32,0,6,16,0,0,0,0
4781819,1988,10532,1986,"VE","",682155,3,13,208,1,19,20,3,0.55,0.6667,0,7.6667,28.35,0,0,0,0
4785602,1988,10553,1987,"VE","",123645,3,20,52,6,69,4,10,0.5,0.74,0,5.8,29.25,0,0,0,0
4791689,1988,10581,1987,"VE","",,1,4,4,6,65,7,4,0.7143,0.5,0.32,5.5,24.4286,,,,
4791985,1988,10581,1987,"VE","",326845,3,4,166,6,64,11,4,0.7273,0,0.5313,5.75,22.1818,0,0,0,0
4793412,1988,10588,1987,"VE","",283375,3,10,166,6,64,14,1,0.2857,0,0.625,5,46.1429,0,0,0,0
4795478,1989,10595,1987,"VE","",283375,3,45,44,1,19,28,8,1,0.7813,0.6556,7.125,9.6786,0,0,0.3333,0.25
4795548,1989,10595,1986,"VE","",283375,3,10,208,1,19,8,1,0.75,0,0.2778,6,14.25,0,0,0,0
4801304,1989,10623,1986,"VE","",283375,3,10,44,1,19,30,10,0.9667,0.78,0.6445,7.4,10.8,0,0,0.7143,0.5
4801432,1989,10623,1986,"VE","",283375,3,5,422,1,19,6,1,0.5,0,0,6,34,0.3333,0.1667,0,0
