4806231,1989,10644,1988,"VE","",682155,3,6,208,1,19,9,3,0.5556,0.4444,0.56,5,25.2222,0,0,0,0
4816135,1989,10679,1987,"VE","",283375,3,5,208,1,19,6,1,1,0,0.5,7,5.8333,0.1667,0.1667,0,0
4824439,1989,10707,1987,"VE","",283375,3,7,44,1,19,5,4,0.8,0.625,0.5,7,15.4,0,0,0.5,0.25
4832701,1989,10735,1987,"VE","",283375,3,35,44,1,19,10,2,0.9,0.5,0.6914,7,10.3,0,0,0.5,0.5
4832829,1989,10735,1987,"VE","",283375,3,6,208,1,19,9,0,0.8889,,0.4688,,14.5556,0.2857,0.2222,,
4834775,1989,10742,1987,"VE","",283375,3,13,44,1,19,25,2,0.96,0.5,0.5382,9,10.52,0,0,0,0
4834923,1989,10742,1987,"VE","",,1,1,264,5,51,13,0,0.5385,,0.6531,,37.3846,,,,
4837032,1989,10749,1986,"VE","",190115,3,13,424,3,31,18,6,0.8889,0,0.1172,6.6667,9.4444,0,0,0,0
4837708,1989,10749,1987,"VE","",352495,3,24,702,2,22,6,6,0.6667,0.7222,0.625,5,25.1667,0,0,0,0
4838787,1989,10756,1987,"VE","",,1,2,433,3,39,25,9,0.64,0,0,5.1111,25.52,,,,
4841994,1989,10770,1987,"VE","",,1,7,131,6,61,2,0,1,,0,,6.5,,,,
4856376,1989,10819,1987,"VE","",,1,13,74,5,59,6,2,0.3333,0.5,0,6.5,33.1667,,,,
4857494,1989,10819,1987,"VE","",283375,3,1,502,1,19,4,0,1,,0.375,,15.5,0,0,,
4862622,1989,10840,1988,"VE","",,1,18,42,5,59,8,1,0.25,0,0,9,47.375,,,,
4871020,1989,10868,1987,"VE","",283375,3,6,166,6,64,11,5,0.3636,0.48,0.625,5.8,36.2727,0,0,0,0
4877542,1989,10896,1988,"VE","",283375,3,13,252,1,19,8,2,1,0,0.75,7,11.125,0,0,0.5,0.5
4878676,1989,10903,1987,"VE","",97825,2,2,277,6,67,3,0,1,,0.6667,,11,0,0,,
4881389,1989,10917,1987,"VE","",,1,2,70,6,65,10,6,0.2,0.6111,0.5,5.6667,50.3,,,,
4888104,1989,10945,1988,"VE","",283375,3,12,208,1,19,19,2,1,0.5,0.2659,3.5,9.6842,0,0,1,0.5
4894354,1990,10973,1988,"VE","",283375,3,8,502,1,19,11,0,0.7273,,0.4688,,16.4545,0,0,,
4895641,1990,10980,1989,"VE","",,1,6,208,1,19,16,5,0.9375,0.64,0.7467,4.6,9.375,,,,
4913230,1990,11050,1989,"VE","",283375,3,7,166,6,64,11,4,0.3636,0,0.625,4.25,37.2727,0,0,0,0
4915819,1990,11057,1988,"VE","",682155,3,13,208,1,19,20,3,0.55,0,0,8.6667,30.35,0,0,0,0
4918739,1990,11064,1988,"VE","",352495,3,16,382,2,22,11,7,1,0.4082,0.314,4,6.5455,0,0,0,0
4923483,1990,11085,1988,"VE","",283375,3,2,44,1,19,4,5,1,0.64,0,7,7.75,0,0,0.4,0.4
4927524,1990,11099,1989,"VE","",283375,3,6,208,1,19,12,6,1,0,0.2917,5.1667,13.6667,0,0,0,0
4928051,1990,11099,1989,"VE","",,1,5,318,4,45,5,1,1,0,0.56,1,12,,,,
4929473,1990,11106,1989,"VE","",283375,3,7,427,1,12,2,1,1,0,0.5,3,16.5,0,0,0,0
4934398,1990,11127,1988,"VE","",682155,3,11,137,6,69,7,5,0.7143,0.32,0.72,6.4,19.5714,0,0,0,0
4935673,1990,11127,1988,"VE","",332175,3,8,315,4,42,1,2,1,0.5,0,4,11,0,0,0,0
4937218,1990,11134,1989,"VE","",283375,3,11,502,1,19,13,1,0.9231,0,0.375,5,9.7692,0.0833,0.0769,0,0
4939891,1990,11148,1988,"VE","",,1,2,53,6,68,6,3,1,0.4444,0.8333,7,12.6667,,,,
4941825,1990,11155,1989,"VE","",,1,2,433,3,39,1,6,1,0,0,2.3333,26,,,,
4942760,1990,11162,1989,"VE","",283375,3,10,73,4,43,4,2,1,0.5,0,4.5,10.5,0,0,0,0
4955440,1990,11211,1989,"VE","",283375,3,9,175,6,64,6,3,0.8333,0,0.32,4,14.5,0,0,0,0
4961789,1990,11239,1988,"VE","",,1,12,106,1,12,1,1,1,0,0,5,1,,,,
4961837,1990,11239,1989,"VE","",283375,3,25,208,1,19,11,1,0.9091,0,0,3,14.0909,0,0,0,0
4976591,1990,11302,1990,"VE","",283375,3,6,417,5,53,2,2,0.5,0.5,0,4,15,0,0,0,0
4976745,1990,11302,1989,"VE","",,1,19,44,1,19,40,3,0.95,0,0.6856,7.6667,13,,,,
4985696,1991,11337,1986,"VE","",326845,3,7,340,2,21,7,1,1,0,0.6939,5,9.5714,0,0,0,0
4994090,1991,11372,1990,"VE","",283375,3,1,44,1,19,29,1,1,0,0.6683,0,11.6552,0,0,0,0
5003724,1991,11414,1989,"VE","",,1,17,47,6,61,4,4,0.75,0.625,0,5,32.5,,,,
5009768,1991,11435,1989,"VE","",283375,3,20,208,1,19,14,1,1,0,0.3571,3,7.7857,0.2308,0.2143,0,0
5010845,1991,11442,1990,"VE","",,1,4,119,6,61,6,5,1,0,0.2778,5,13,,,,
5012406,1991,11442,1988,"VE","",449375,3,10,714,2,22,13,33,1,0.6593,0.6982,5.6667,5.8462,0,0,0,0
5015535,1991,11456,1990,"VE","",283375,3,8,428,6,69,9,0,0.8889,,0.375,,18.7778,0,0,,
5015919,1991,11456,1989,"VE","",332175,3,5,315,4,42,9,9,1,0.3704,0.642,6.8889,12.2222,0,0,0,0
5017280,1991,11463,1990,"VE","",325875,3,16,208,1,19,4,2,0.75,0.5,0,5.5,23,0,0,0,0
5024621,1991,11491,1990,"VE","",,1,2,439,4,41,3,1,0.3333,0,0,5,40,,,,
5031250,1991,11519,1988,"VE","",,1,2,4,6,65,14,0,0.5714,,0.5625,,31.2143,,,,
5037297,1991,11540,1990,"VE","",,1,11,433,3,39,6,5,1,0,0.2778,2.6,11.1667,,,,
5044395,1991,11568,1990,"VE","",283375,3,4,137,6,69,10,0,0.5,,0.56,,43.8,0,0,,
5047218,1991,11575,1988,"VE","",283375,3,19,423,1,19,2,1,0.5,0,0,7,21.5,0,0,0,0
5048604,1991,11582,1990,"VE","",283375,3,4,166,6,64,6,2,0,0.5,,2.5,74.6667,0,0,0.5,0.5
5049586,1991,11582,1990,"VE","",190120,3,9,514,3,31,0,7,,0.2449,,4.4286,,,,0,0
5051156,1991,11589,1990,"VE","",283375,3,33,205,1,19,4,2,1,0.5,0.625,6.5,4.75,0,0,0,0
5054960,1991,11603,1989,"VE","",283375,3,19,405,6,64,6,1,1,0,0,2,13,0,0,0,0
5062451,1991,11631,1990,"VE","",283375,3,4,137,6,69,4,1,0,0,,5,39.75,0,0,0,0
5062480,1991,11631,1990,"VE","",283375,3,9,166,6,64,3,3,0.3333,0,0,4.6667,35.6667,0,0,0,0
5064467,1991,11638,1989,"VE","",131405,3,12,75,5,52,19,2,1,0,0.2825,6,12.5789,0,0,0.5,0.5
5064708,1991,11638,1989,"VE","",,1,8,428,6,69,7,1,1,0,0.7347,4,11.5714,,,,
5066193,1991,11645,1990,"VE","",70685,3,4,415,5,53,4,1,0.5,0,0.5,5,32.5,0,0,0,0
5067563,1991,11652,1991,"VE","",,1,15,166,6,64,7,3,0.8571,0.4444,0,1.3333,12.4286,,,,
5069716,1991,11659,1990,"VE","",131405,3,18,75,5,52,19,2,1,0.5,0.2825,4,12.5789,0,0,0.5,0.5
5078788,1992,11694,1990,"VE","",131405,3,12,75,5,52,19,4,1,0.75,0.2825,4.25,13.5789,0,0,0.3333,0.25
5087350,1992,11729,1990,"VE","",325875,3,12,208,1,19,9,0,0.4444,,0.375,,30,0,0,,
5087597,1992,11729,1990,"VE","",36986,3,39,502,1,19,11,1,0.9091,0,0.84,2,15.7273,0,0,0,0
5097183,1992,11764,1991,"VE","",332175,3,9,315,4,42,2,3,1,0.4444,0.5,2.3333,3,0,0,0.5,0.3333
5100299,1992,11778,1991,"VE","",283375,3,1,417,5,53,2,0,0,,,,35.5,0,0,,
5103775,1992,11792,1990,"VE","",,1,8,123,5,53,3,2,0,0.5,,5.5,93.6667,,,,
5109713,1992,11813,1991,"VE","",283375,3,28,73,4,43,11,0,0.5455,,0.6111,,27.2727,0,0,,
5109921,1992,11813,1991,"VE","",238325,2,16,166,6,64,8,2,1,0,0,3.5,4.5,0.2857,0.25,0,0
5113837,1992,11827,1991,"VE","",,5,16,123,5,53,14,4,0.9286,0.375,0.4852,2,12.4286,,,,
5114458,1992,11827,1991,"VE","",283375,3,9,71,1,11,1,1,1,0,0,1,25,0,0,0,0
5125540,1992,11869,1991,"VE","",352495,3,4,222,1,19,8,3,0.125,0,0,3.6667,72.375,0,0,0,0
5129689,1992,11883,1990,"VE","",283375,3,13,285,6,67,11,2,0.6364,0.5,0.449,2.5,37.8182,0,0,0,0
5131347,1992,11890,1991,"VE","",,1,4,114,5,55,13,0,0.8462,,0,,23.5385,,,,
5131466,1992,11890,1991,"VE","",283375,3,8,166,6,64,5,3,0.4,0.4444,0,3,29.8,0.5,0.2,0,0
5132583,1992,11890,1989,"VE","",283375,3,22,310,4,45,1,6,1,0.6111,0,7.6667,2,0,0,0,0
5139823,1992,11918,1990,"VE","",685153,3,14,427,1,12,7,1,1,0,0.6939,4,10.2857,0,0,0,0
5146398,1992,11939,1991,"VE","",332175,3,3,363,4,45,6,13,1,0.5,0.2778,3.4167,1.8333,0,0,0,0
5148951,1992,11953,1990,"VE","",454215,2,5,222,1,19,20,3,0.3,0.4444,0.7778,3.6667,42.2,0,0,0,0
5152886,1992,11967,1990,"VE","",325875,3,16,208,1,19,2,0,1,,0,,7.5,0,0,,
5161574,1992,12002,1991,"VE","",283375,3,12,137,6,69,4,1,0.5,0,0,5,31.25,0,0,0,0
5161616,1992,12002,1991,"VE","",154480,2,17,166,6,64,6,11,1,0.4298,0.7222,3.9091,4.3333,0,0,0,0
5164196,1992,12009,1990,"VE","",687502,2,7,424,3,31,3,2,1,0.5,0.4444,2.5,6.6667,0,0,1,0.5
5178061,1993,12065,1990,"VE","",688829,3,13,100,5,59,16,2,0.9375,0,0.6844,5,14.6875,0,0,0,0
