5567285,1996,13444,1995,"ES","",42355,3,20,204,1,19,5,0,1,,0.64,,17.8,0,0,,
5570377,1996,13451,1993,"ES","",17020,3,9,714,2,22,9,2,1,0,0.4938,4,6,0.1111,0.1111,0,0
5570450,1996,13451,1994,"ES","",566570,3,6,385,2,21,5,2,1,0.5,0.32,3.5,3.6,0,0,0,0
5570763,1996,13458,1995,"ES","",725266,3,10,188,5,53,12,1,1,0,0.4028,1,9.5,0,0,0,0
5571940,1996,13458,1995,"ES","",707048,3,2,562,1,14,2,1,1,0,0.5,1,8.5,0,0,0,0
5573092,1996,13465,1995,"ES","",227296,3,2,192,5,53,10,2,1,0,0.34,1.5,15.6,0,0,0,0
5574229,1996,13465,1994,"ES","",712912,3,8,73,4,43,7,0,1,,0.6939,,11.4286,0,0,,
5575270,1996,13472,1994,"ES","",691443,3,24,124,5,59,7,0,0.8571,,0.2778,,18.4286,0.3333,0.1429,,
5575828,1996,13472,1994,"ES","",717659,3,2,65,5,51,5,0,1,,0.56,,8.2,0,0,,
5576204,1996,13472,1993,"ES","",684195,3,6,435,3,33,2,0,1,,0,,6,0.5,0.5,,
5576451,1996,13472,1994,"ES","",247990,3,20,554,1,14,3,0,1,,0.4444,,5.6667,0.6667,0.6667,,
5577298,1996,13479,1994,"ES","",714374,2,32,19,1,11,14,1,0.4286,0,0.7222,4,43.0714,0,0,0,0
5577585,1996,13479,1994,"ES","",603215,3,15,192,5,53,2,2,1,0,0,2,7,0,0,0.5,0.5
5578029,1996,13479,1996,"ES","",110220,2,2,606,3,32,12,2,1,0,0.2778,1,2.4167,0,0,0,0
5578490,1996,13479,1994,"ES","",599885,3,5,435,3,33,4,0,1,,0,,16.5,0,0,,
5580131,1996,13486,1995,"ES","",726093,3,20,297,6,65,8,1,0.75,0,0,2,26.75,0,0,0,0
5580850,1996,13486,1995,"ES","",247990,3,8,510,1,19,7,0,1,,0.449,,6.8571,0.1429,0.1429,,
5580869,1996,13486,1993,"ES","",719172,3,6,514,3,31,0,0,,,,,,,,,
5582455,1996,13493,1996,"ES","",489515,3,3,296,5,55,19,9,0.9474,0,0.1975,0.5556,8.4737,0.1176,0.1053,0,0
5583185,1996,13493,1995,"ES","",702164,3,11,525,1,15,4,0,1,,0,,6,0,0,,
5588296,1996,13514,1994,"ES","",726810,3,3,60,4,45,4,0,1,,0.75,,9.5,0,0,,
5588559,1996,13514,1994,"ES","",701051,3,12,222,1,19,14,0,1,,0.4388,,5.9286,0,0,,
5589450,1996,13514,1995,"ES","",247990,3,16,510,1,19,2,0,1,,0.5,,4.5,0.5,0.5,,
5589501,1996,13514,1994,"ES","",170335,2,7,514,3,31,0,2,,0,,3,,,,0.5,0.5
5590815,1997,13521,1995,"ES","",384320,3,17,222,1,19,9,1,0.8889,0,0.4063,1,13.6667,0,0,0,0
5590962,1997,13521,1995,"ES","",74130,3,15,366,1,19,5,0,0.4,,0.5,,50.2,0,0,,
5591938,1997,13521,1994,"ES","",32185,3,3,174,4,41,4,1,1,0,0.375,4,11.25,0.5,0.25,1,1
5591950,1997,13521,1995,"ES","",559640,3,21,235,5,59,5,3,1,0,0.32,1,10.4,0.2,0.2,0,0
5592031,1997,13521,1994,"ES","",684195,3,6,307,4,49,4,0,1,,0.375,,11,0,0,,
5592141,1997,13521,1994,"ES","",395140,3,6,338,4,41,9,2,0.6667,0,0.2778,2,20.8889,0,0,0,0
5592653,1997,13521,1994,"ES","",17020,3,10,710,2,22,17,0,1,,0.3806,,7.5882,0,0,,
5595763,1997,13535,1995,"ES","",727431,3,17,424,3,31,4,0,1,,0.625,,7,0,0,,
5597560,1997,13542,1995,"ES","",701051,3,96,424,3,31,5,0,1,,0.48,,12.8,0,0,,
5597847,1997,13542,1994,"ES","",727598,3,14,514,3,31,1,0,1,,0,,26,0,0,,
5598445,1997,13542,1995,"ES","",17020,3,4,375,2,21,17,3,1,0,0.5329,0.6667,3.8824,0,0,0,0
5598886,1997,13549,1995,"ES","",,1,9,165,6,66,8,0,0.875,,0.449,,12.25,,,,
5599188,1997,13549,1994,"ES","",,1,15,434,6,69,14,0,1,,0.1327,,15.7857,,,,
5599340,1997,13549,1995,"ES","",,1,18,606,3,32,2,4,1,0.375,0,2,1.5,,,,
5600869,1997,13556,1995,"ES","",704051,3,9,16,5,59,6,1,1,0,0,2,8.1667,0.1667,0.1667,0,0
5601227,1997,13556,1994,"ES","",363070,3,2,228,5,52,4,0,1,,0.625,,14.75,0,0,,
5601336,1997,13556,1995,"ES","",727858,3,15,297,6,65,4,0,1,,0,,10.5,0,0,,
5601521,1997,13556,1995,"ES","",719676,3,9,493,5,51,7,0,0.7143,,0.32,,22.8571,0,0,,
5601829,1997,13556,1995,"ES","",727907,3,8,424,3,31,0,0,,,,,,,,,
5602237,1997,13556,1995,"ES","",491585,3,23,534,1,14,2,0,0.5,,0,,34,0,0,,
5605204,1997,13570,1996,"ES","",712301,3,2,182,6,65,4,0,1,,0.375,,12.75,0,0,,
5605260,1997,13570,1995,"ES","",728180,3,14,223,6,63,12,0,0.8333,,0,,20.3333,0,0,,
5605703,1997,13570,1994,"ES","",721523,3,23,424,3,31,1,0,1,,0,,3,0,0,,
5605731,1997,13570,1994,"ES","",,1,9,428,6,69,3,0,1,,0.6667,,6,,,,
5605905,1997,13570,1995,"ES","",728243,3,3,514,3,31,0,1,,0,,2,,,,0,0
5607437,1997,13577,1994,"ES","",599725,2,15,606,3,32,8,2,0.625,0,0.32,2.5,22.375,0,0,0,0
5607837,1997,13577,1993,"ES","",57990,3,8,435,3,33,7,0,1,,0.2449,,11.2857,0.4286,0.4286,,
5607984,1997,13577,1994,"ES","",728394,3,4,521,1,15,2,0,1,,0,,16,0,0,,
5608055,1997,13577,1995,"ES","",64410,3,17,540,1,14,3,0,1,,0.6667,,16.3333,0,0,,
5608191,1997,13577,1993,"ES","",597540,2,3,174,4,41,8,0,0.75,,0.5,,17,0,0,,
5608802,1997,13577,1994,"ES","",17030,3,5,380,2,22,1,4,1,0,0,3,17,0,0,0,0
5609138,1997,13584,1996,"ES","",478430,3,30,123,5,53,13,4,1,0.625,0.5562,1.5,5.9231,0.3077,0.3077,0.25,0.25
5609905,1997,13584,1995,"ES","",714609,3,10,426,6,61,4,0,1,,0.375,,11,0,0,,
5611555,1997,13591,1994,"ES","",,1,5,280,5,55,9,1,0.8889,0,0.5938,3,17.8889,,,,
5611818,1997,13591,1993,"ES","",491585,3,66,8,1,11,14,2,0.7143,0,0.34,3,27.5,0.3,0.2143,0,0
5613310,1997,13598,1995,"ES","",74130,3,9,38,6,63,7,0,0.4286,,0,,36.5714,0,0,,
5613636,1997,13598,1994,"ES","",505020,3,35,239,5,59,5,1,1,0,0.32,3,7.4,0.2,0.2,0,0
5613696,1997,13598,1994,"ES","",728863,3,4,280,5,55,9,2,0.8889,0,0.2188,1.5,14.8889,0,0,0.5,0.5
5613994,1997,13598,1994,"ES","",489515,3,21,65,5,51,10,1,0.6,0,0,3,34.4,0,0,0,0
5614047,1997,13598,1992,"ES","",,1,2,156,1,19,8,0,0.625,,0.32,,30.625,,,,
5614695,1997,13598,1994,"ES","",32185,3,5,174,4,41,4,3,1,0.4444,0.75,3.3333,12,0,0,0,0
5616211,1997,13605,1995,"ES","",729075,3,10,156,1,19,9,0,1,,0.5185,,12.6667,0,0,,
5617809,1997,13612,1995,"ES","",,1,1,114,5,55,3,0,1,,0.4444,,7.3333,,,,
5617996,1997,13612,1996,"ES","",729210,3,5,238,5,55,6,0,1,,0.2778,,18.5,0,0,,
5618534,1997,13612,1995,"ES","",366895,2,2,424,3,31,1,0,1,,0,,3,0,0,,
5622160,1997,13626,1995,"ES","",691443,3,14,124,5,59,14,0,1,,0.6224,,12.3571,0,0,,
5622766,1997,13626,1994,"ES","",729599,3,12,428,6,69,3,0,0.6667,,0.5,,21.6667,0,0,,
5622915,1997,13626,1995,"ES","",153550,2,8,504,1,11,0,0,,,,,,,,,
5624500,1997,13633,1995,"ES","",714609,3,6,127,1,11,12,0,0.9167,,0.7273,,15.0833,0.1,0.0833,,
5624975,1997,13633,1994,"ES","",64480,3,7,523,1,15,7,0,0.8571,,0.8333,,17.5714,0.2,0.1429,,
5626875,1997,13640,1995,"ES","",181036,3,14,424,3,31,7,0,1,,0.449,,11.7143,0.1667,0.1429,,
5627313,1997,13640,1995,"ES","",,1,4,73,4,43,17,0,0.8235,,0.4694,,24.5882,,,,
5628217,1997,13647,1995,"ES","",730035,3,15,70,6,65,7,0,1,,0.2449,,7.1429,0,0,,
5629496,1997,13647,1994,"ES","",32185,3,7,174,4,41,6,6,0.8333,0,0.32,3,20.5,0,0,0.3333,0.3333
5631032,1997,13654,1995,"ES","",595360,3,7,426,6,61,25,1,0.8,0,0.185,2,23.64,0,0,0,0
5631681,1997,13654,1995,"ES","",250060,2,9,347,2,23,7,2,1,0.5,0.5714,2,9.2857,0.1667,0.1429,0,0
5635618,1997,13668,1994,"ES","",727589,3,35,800,3,33,1,0,1,,0,,5,0,0,,
5636262,1997,13668,1994,"ES","",566570,3,1,379,2,21,5,2,1,0,0,0.5,8.2,0,0,0.5,0.5
5636576,1997,13675,1995,"ES","",730755,3,8,105,5,55,8,2,0.875,0,0.449,1,16.25,0,0,0,0
5636622,1997,13675,1996,"ES","",188150,3,9,126,6,66,6,0,0.8333,,0.56,,10.6667,0,0,,
5636971,1997,13675,1994,"ES","",,1,18,417,5,53,14,0,1,,0.3673,,17.3571,,,,
5637678,1997,13675,1995,"ES","",491585,3,4,534,1,14,5,0,0.4,,0,,40.6,0,0,,
5637742,1997,13675,1994,"ES","",157355,3,2,552,1,14,9,0,1,,0.5679,,7.4444,0.1111,0.1111,,
5637983,1997,13675,1995,"ES","",730873,3,21,320,4,45,4,0,1,,0,,15.5,0,0,,
5638996,1997,13682,1996,"ES","",384320,3,4,222,1,19,11,1,1,0,0.1653,1,10.1818,0,0,0,0
5639034,1997,13682,1995,"ES","",74130,3,4,241,5,51,6,0,0.6667,,0,,22.1667,0.3333,0.1667,,
5639383,1997,13682,1994,"ES","",731017,3,18,210,1,19,4,0,1,,0.625,,15.5,0,0,,
5639429,1997,13682,1995,"ES","",684195,3,16,422,1,19,9,0,1,,0.5185,,12.2222,0,0,,
5639904,1997,13682,1995,"ES","",719172,3,3,560,1,14,3,0,1,,0.6667,,16.3333,0,0,,
5641024,1997,13689,1995,"ES","",,1,5,169,6,69,8,0,0.5,,0.625,,38,,,,
5641409,1997,13689,1995,"ES","",418665,3,2,210,1,19,14,0,0.7857,,0.5455,,38.4286,0,0,,
5641781,1997,13689,1996,"ES","",325840,3,2,514,3,31,3,0,1,,0,,3.3333,0.6667,0.6667,,
5642544,1997,13696,1996,"ES","",,1,2,5,6,65,11,1,0.9091,0,0.18,2,16.9091,,,,
5642565,1997,13696,1995,"ES","",,1,13,30,6,65,4,0,0.75,,0.4444,,27.25,,,,
5643719,1997,13696,1994,"ES","",224590,3,7,435,3,33,3,0,0.3333,,0,,30.6667,0,0,,
5643927,1997,13696,1995,"ES","",192760,3,7,514,3,31,2,0,1,,0.5,,14,0,0,,
5644826,1997,13703,1994,"ES","",725266,3,7,29,5,52,4,1,0.75,0,0.6667,3,25.25,0,0,0,0
5644923,1997,13703,1995,"ES","",,1,8,62,6,69,17,0,0.7647,,0.2722,,23.8235,,,,
5645869,1997,13703,1995,"ES","",685715,3,18,425,5,51,13,0,0.7692,,0.58,,18.2308,0.1667,0.0769,,
5646294,1997,13703,1995,"ES","",745502,3,5,548,1,14,1,0,1,,0,,5,1,1,,
5647546,1997,13710,1995,"ES","",74130,3,12,241,5,51,2,0,1,,0,,26,0,0,,
5649477,1997,13717,1995,"ES","",,1,20,99,6,61,12,1,1,0,0.5694,3,11.1667,,,,
5649925,1997,13717,1995,"ES","",,5,14,606,3,32,3,3,0.3333,0,0,2.3333,60,,,,
5650050,1997,13717,1995,"ES","",,1,20,202,1,19,6,0,0.8333,,0.64,,25.1667,,,,
5653341,1997,13731,1995,"ES","",477245,2,8,206,6,68,11,0,0.9091,,0.42,,25,0,0,,
5653544,1997,13731,1995,"ES","",732253,3,5,402,5,59,5,0,0.6,,0.6667,,39.2,0,0,,
5653725,1997,13731,1994,"ES","",599725,2,6,606,3,32,5,1,0.8,0,0.375,2,33.2,0,0,0,0
5654879,1997,13731,1995,"ES","",17020,3,6,363,4,45,4,2,1,0.5,0,1,4.25,0,0,0,0
5655509,1997,13738,1996,"ES","",691443,3,16,124,5,59,7,0,0.8571,,0.2778,,19.4286,0.3333,0.1429,,
5655566,1997,13738,1994,"ES","",710226,3,19,137,6,69,14,1,1,0,0.2449,2,8.5,0.1,0.0714,0,0
5655662,1997,13738,1995,"ES","",,1,21,206,6,68,12,2,0.75,0,0.5679,2.5,19.0833,,,,
5655939,1997,13738,1995,"ES","",,1,24,441,6,69,6,1,0.6667,0,0.5,3,25.5,,,,
5655967,1997,13738,1994,"ES","",603215,3,8,464,5,53,5,0,1,,0,,7.8,0.4,0.4,,
5657685,1997,13745,1996,"ES","",,1,46,99,6,61,11,0,1,,0.1653,,7.6364,,,,
5657813,1997,13745,1996,"ES","",732621,3,6,164,5,52,1,0,1,,0,,1,0,0,,
5658284,1997,13745,1995,"ES","",19995,3,16,606,3,32,8,0,1,,0,,4.25,0,0,,
5658916,1997,13745,1995,"ES","",703129,3,12,514,3,31,2,0,1,,0,,3,0,0,,
5660164,1997,13752,1995,"ES","",,1,5,126,6,66,7,0,1,,0.4898,,13,,,,
5660208,1997,13752,1995,"ES","",710226,3,32,137,6,69,6,0,1,,0.4444,,8.3333,0,0,,
5660424,1997,13752,1996,"ES","",704051,3,9,296,5,55,3,0,1,,0,,13.3333,0,0,,
5660759,1997,13752,1996,"ES","",247990,3,7,252,1,19,6,0,1,,0.8333,,19.1667,0,0,,
5660999,1997,13752,1994,"ES","",325885,3,3,435,3,33,4,0,1,,0,,6,0.25,0.25,,
5661822,1997,13752,1994,"ES","",732937,3,8,382,2,22,9,11,1,0.5455,0.716,2.8182,7.8889,0,0,0,0
5663193,1997,13759,1996,"ES","",367520,2,11,514,3,31,17,0,1,,0.7197,,3.2353,0.7647,0.7647,,
5664276,1997,13766,1996,"ES","",,1,2,15,6,69,5,0,0.8,,0,,31.8,,,,
5664546,1997,13766,1996,"ES","",,1,4,123,5,53,7,3,1,0,0.449,1.3333,8,,,,
5665190,1997,13766,1995,"ES","",,1,3,156,1,19,16,3,0.75,0.4444,0.6944,2.3333,28.125,,,,
5665736,1997,13766,1996,"ES","",192760,3,10,514,3,31,2,1,1,0,0,1,7,0,0,1,1
5665855,1997,13766,1993,"ES","",685451,3,14,528,1,15,1,0,1,,0,,25,0,0,,
5666421,1997,13766,1994,"ES","",442205,2,17,380,2,22,15,4,1,0.375,0.6667,2.25,8.2,0.7333,0.7333,0.5,0.5
5666884,1997,13773,1996,"ES","",,5,1,105,5,55,5,0,0.6,,0.4444,,29.4,,,,
5667070,1997,13773,1995,"ES","",477245,2,14,206,6,68,6,1,0.8333,0,0.48,2,23.6667,0.25,0.1667,0,0
5667086,1997,13773,1996,"ES","",733419,3,20,215,6,68,4,1,0.75,0,0,1,23.5,0,0,0,0
5667444,1997,13773,1996,"ES","",,1,1,472,6,62,3,0,1,,0,,10,,,,
5667483,1997,13773,1995,"ES","",,1,4,601,3,32,12,0,1,,0,,9.8333,,,,
5668259,1997,13773,1995,"ES","",717760,3,21,534,1,14,3,0,1,,0,,7.6667,0,0,,
5668496,1997,13773,1995,"ES","",74130,3,4,327,4,41,9,1,1,0,0.5926,2,9.1111,0,0,0,0
5668639,1997,13773,1995,"ES","",733547,3,12,385,2,21,29,0,1,,0.604,,5.069,0,0,,
5669625,1997,13780,1995,"ES","",289945,3,11,280,5,55,8,1,1,0,0.375,1,9.5,0,0,0,0
5670677,1997,13780,1995,"ES","",247990,3,20,554,1,14,0,0,,,,,,,,,
5670913,1997,13780,1996,"ES","",17020,3,3,331,4,41,8,2,1,0.5,0.5938,1,13.875,0,0,0,0
5671549,1997,13787,1995,"ES","",733779,3,5,34,1,19,8,0,0.875,,0.4082,,18.125,0,0,,
5671663,1997,13787,1996,"ES","",733793,3,6,99,6,61,3,0,1,,0.4444,,4.3333,0,0,,
5672089,1997,13787,1996,"ES","",,1,4,446,6,62,6,0,0.6667,,0.375,,31,,,,
5672156,1997,13787,1995,"ES","",,1,5,602,3,32,9,0,0.5556,,0.32,,33.4444,,,,
5672292,1997,13787,1996,"ES","",733857,3,1,219,4,49,6,0,1,,0,,10.5,0,0,,
5672604,1997,13787,1996,"ES","",751615,3,4,514,3,31,2,0,1,,0,,4.5,0.5,0.5,,
5673440,1997,13794,1995,"ES","",,1,4,4,6,65,5,0,1,,0,,10.2,,,,
5673531,1997,13794,1995,"ES","",,1,11,52,6,69,17,0,0.9412,,0.4297,,11.3529,,,,
5674024,1997,13794,1995,"ES","",,1,3,403,6,67,11,1,0.9091,0,0.48,2,18.5455,,,,
5674088,1997,13794,1995,"ES","",,1,19,439,4,41,17,1,1,0,0.1107,3,4.7059,,,,
5674158,1997,13794,1995,"ES","",,1,4,482,5,59,11,0,1,,0.1653,,6.8182,,,,
5674310,1997,13794,1996,"ES","",705813,3,10,75,5,52,3,0,1,,0.6667,,7.6667,0.3333,0.3333,,
5674332,1997,13794,1995,"ES","",114735,3,5,152,5,55,13,0,1,,0.4734,,8.6923,0,0,,
5674818,1997,13794,1995,"ES","",734089,3,12,508,5,59,9,0,1,,0.8148,,13.1111,0,0,,
5675557,1997,13794,1995,"ES","",,5,7,369,2,24,6,0,1,,0.7778,,8.6667,,,,
5676728,1997,13801,1996,"ES","",,1,8,71,1,11,1,0,1,,0,,1,,,,
5676872,1997,13801,1995,"ES","",734274,3,5,219,4,49,10,1,0.9,0,0.6914,3,18.5,0,0,0,0
5676962,1997,13801,1995,"ES","",,1,20,424,3,31,1,0,1,,0,,13,,,,
5678468,1997,13808,1995,"ES","",,1,18,83,5,51,13,0,0.8462,,0.6446,,20.1538,,,,
5678475,1997,13808,1996,"ES","",733857,3,2,99,6,61,2,0,0.5,,0,,34.5,0,0,,
5678705,1997,13808,1996,"ES","",,1,16,211,6,65,6,0,0.6667,,0.375,,38.5,,,,
5679050,1997,13808,1996,"ES","",711226,3,3,446,6,62,4,0,0.75,,0,,27.5,0,0,,
5679665,1997,13808,1995,"ES","",701051,3,20,514,3,31,0,0,,,,,,,,,
5680439,1997,13808,1995,"ES","",17020,3,7,379,2,21,6,1,1,0,0.2778,1,6.1667,0,0,0,0
5681161,1997,13815,1996,"ES","",,1,20,431,6,66,2,0,0.5,,0,,40,,,,
5681813,1997,13815,1994,"ES","",714452,3,4,514,3,31,1,0,1,,0,,15,0,0,,
5682966,1997,13822,1995,"ES","",,1,4,188,5,53,3,0,0.6667,,0,,27.6667,,,,
5684340,1997,13822,1996,"ES","",250060,2,7,307,4,49,5,0,1,,0.32,,2.6,0,0,,
5685394,1997,13829,1995,"ES","",,1,2,182,6,65,12,0,0.5,,0.2778,,45.0833,,,,
5685710,1997,13829,1995,"ES","",,1,14,34,1,19,10,0,0.8,,0.375,,30.5,,,,
5685747,1997,13829,1995,"ES","",,1,8,439,4,41,5,0,1,,0,,7.6,,,,
5685765,1997,13829,1995,"ES","",735012,3,1,451,5,51,7,0,1,,0,,8.8571,0,0,,
5686265,1997,13829,1994,"ES","",134480,2,11,435,3,33,3,0,1,,0.4444,,7.6667,0.3333,0.3333,,
5686554,1997,13829,1995,"ES","",735065,3,11,528,1,15,2,0,1,,0,,18,0,0,,
5687625,1997,13836,1995,"ES","",284210,3,6,83,5,51,12,0,0.75,,0.1975,,27.5833,0,0,,
5687629,1997,13836,1995,"ES","",284210,3,3,83,5,51,12,0,0.75,,0.1975,,27.5833,0,0,,
5688172,1997,13836,1995,"ES","",271185,3,12,463,6,62,6,0,1,,0,,10.5,0,0,,
5689214,1997,13836,1995,"ES","",735273,3,3,331,4,41,10,0,0.8,,0.75,,20.4,0,0,,
5689956,1997,13843,1996,"ES","",,1,9,60,4,45,4,0,1,,0,,14.25,,,,
5691361,1997,13843,1995,"ES","",,1,7,514,3,31,0,0,,,,,,,,,
5692283,1997,13850,1996,"ES","",735526,3,7,29,5,52,7,0,0.8571,,0.6111,,29,0,0,,
5692846,1997,13850,1996,"ES","",735587,3,4,401,1,12,3,2,1,0.5,0,2,31.3333,0,0,0,0
5693242,1997,13850,1995,"ES","",,1,10,219,4,49,10,0,0.8,,0.75,,25,,,,
5694705,1997,13857,1995,"ES","",,1,7,36,6,63,13,1,0.8462,0,0.2975,1,16.8462,,,,
5694800,1997,13857,1995,"ES","",735769,3,7,72,5,52,10,0,0.9,,0.1975,,14.3,0,0,,
5695753,1997,13857,1995,"ES","",57990,3,4,424,3,31,4,0,1,,0.625,,9.25,0.25,0.25,,
5696242,1997,13857,1995,"ES","",717760,3,14,534,1,14,10,0,1,,0.34,,18.5,0,0,,
5696390,1997,13857,1996,"ES","",192740,3,4,257,4,46,5,0,0.8,,0.625,,27.4,0,0,,
5697502,1997,13864,1996,"ES","",734571,3,7,206,6,68,12,0,0.8333,,0,,23.25,0,0,,
5697530,1997,13864,1996,"ES","",384320,3,9,222,1,19,10,0,1,,0.32,,11.3,0.1111,0.1,,
5698219,1997,13864,1995,"ES","",701051,3,16,424,3,31,4,0,0.75,,0,,12.25,0,0,,
5699980,1997,13871,1996,"ES","",,1,8,242,5,51,4,0,0.5,,0,,44,,,,
5701806,1997,13878,1996,"ES","",,1,17,99,6,61,2,0,1,,0.5,,9,,,,
5701979,1997,13878,1996,"ES","",,1,2,190,6,69,15,0,0.2667,,0.375,,49.2,,,,
5703089,1997,13878,1996,"ES","",316820,3,5,514,3,31,6,0,1,,0.5,,4,0.3333,0.3333,,
5703460,1997,13878,1996,"ES","",,1,7,320,4,45,3,0,1,,0,,14,,,,
5704463,1998,13885,1995,"ES","",566570,3,5,194,5,59,2,0,0,,,,75.5,0,0,,
5704826,1998,13885,1996,"ES","",736649,3,2,451,5,51,5,0,0.8,,0,,17.8,0,0,,
5705196,1998,13885,1994,"ES","",701051,3,32,424,3,31,7,2,1,0.5,0.6939,3,12.2857,0,0,0.5,0.5
5705504,1998,13885,1996,"ES","",745502,3,21,514,3,31,1,0,1,,0,,4,0,0,,
5706111,1998,13885,1995,"ES","",17020,3,14,359,5,54,6,0,0.8333,,0,,21.3333,0.2,0.1667,,
5706590,1998,13892,1996,"ES","",736793,3,4,36,6,63,15,0,0.3333,,0.72,,52.6667,0,0,,
5708708,1998,13892,1996,"ES","",,1,23,379,2,21,4,0,0.25,,0,,59.75,,,,
5708714,1998,13892,1995,"ES","",87490,3,31,713,2,22,5,2,1,0.5,0.32,2,3.2,0.3333,0.2,0,0
5709481,1998,13899,1996,"ES","",250060,2,8,384,5,59,8,0,1,,0.75,,17.25,0,0,,
5709888,1998,13899,1996,"ES","",735,2,21,424,3,31,12,1,1,0,0.2917,1,11.25,0,0,0,0
5711494,1998,13906,1995,"ES","",,1,18,244,5,55,8,0,0.75,,0.5,,29,,,,
5711534,1998,13906,1995,"ES","",691135,3,6,277,6,67,7,0,1,,0,,17,0.1429,0.1429,,
5712015,1998,13906,1995,"ES","",683069,3,14,428,6,69,0,1,,0,,3,,,,0,0
5712338,1998,13906,1996,"ES","",165265,2,10,524,1,15,6,0,1,,0.4444,,11,0.1667,0.1667,,
5713299,1998,13913,1996,"ES","",,1,14,114,5,55,11,0,1,,0,,17.1818,,,,
5713386,1998,13913,1995,"ES","",737434,3,13,137,6,69,13,0,0.3077,,0.625,,52.2308,0,0,,
5714269,1998,13913,1995,"ES","",91575,3,12,428,6,69,1,0,1,,0,,19,0,0,,
5716265,1998,13920,1996,"ES","",369720,3,17,452,6,61,1,0,1,,0,,2,0,0,,
5716924,1998,13920,1996,"ES","",247990,3,4,510,1,19,4,0,1,,0,,6.25,0.5,0.5,,
5716963,1998,13920,1996,"ES","",728243,3,23,514,3,31,3,0,0.3333,,0,,49,0,0,,
5718008,1998,13927,1996,"ES","",,1,6,4,6,65,1,1,1,0,0,2,10,,,,
5718637,1998,13927,1996,"ES","",,1,2,472,6,62,1,0,1,,0,,3,,,,
5718891,1998,13927,1994,"ES","",247990,3,13,424,3,31,1,0,1,,0,,2,1,1,,
5718922,1998,13927,1995,"ES","",701081,2,18,424,3,31,4,0,1,,0.75,,5,0,0,,
5719276,1998,13927,1995,"ES","",64410,3,18,540,1,14,7,0,1,,0.2449,,20.5714,0,0,,
5719282,1998,13927,1995,"ES","",684195,3,8,544,1,14,3,0,1,,0,,9.3333,0,0,,
5720273,1998,13934,1996,"ES","",738411,3,15,126,6,66,3,0,0.6667,,0.5,,32,0,0,,
5720366,1998,13934,1995,"ES","",316865,3,13,188,5,53,1,0,1,,0,,20,0,0,,
5722318,1998,13941,1995,"ES","",520635,3,7,99,6,61,4,0,1,,0,,14,0.5,0.25,,
5722476,1998,13941,1996,"ES","",738263,3,9,160,6,69,7,0,0.7143,,0.32,,31.1429,0,0,,
5724918,1998,13948,1997,"ES","",738461,3,11,119,6,61,9,0,1,,0,,12.2222,0,0,,
5725226,1998,13948,1995,"ES","",,1,2,280,5,55,5,0,1,,0.48,,12.6,,,,
5727364,1998,13955,1996,"ES","",738693,3,14,53,6,68,11,2,0.9091,0.5,0.66,1.5,14.3636,0,0,0,0
5727457,1998,13955,1996,"ES","",735526,3,7,100,5,59,5,0,0.4,,0.5,,56.8,0,0,,
5727664,1998,13955,1995,"ES","",738729,3,4,188,5,53,4,0,0.5,,0,,45.75,0,0,,
5728125,1998,13955,1995,"ES","",,1,13,604,3,32,4,0,1,,0.375,,15.75,,,,
5728141,1998,13955,1996,"ES","",269660,3,4,607,3,32,2,0,0.5,,0,,39.5,0,0,,
5729961,1998,13962,1996,"ES","",559635,3,1,53,6,68,6,1,1,0,0,1,17.3333,0,0,0,0
5730267,1998,13962,1996,"ES","",603215,3,14,192,5,53,4,1,1,0,0.375,1,8,0,0,0,0
5730788,1998,13962,1996,"ES","",,1,1,106,1,12,9,0,1,,0.7407,,12.3333,,,,
5731035,1998,13962,1996,"ES","",687491,2,12,427,1,12,44,0,0.9773,,0.8675,,13.0455,0,0,,
5731052,1998,13962,1996,"ES","",640970,3,14,428,6,69,9,0,1,,0.5185,,10.5556,0,0,,
5731331,1998,13962,1995,"ES","",325840,3,2,514,3,31,6,0,1,,0.5,,14.8333,0.1667,0.1667,,
5733567,1998,13969,1996,"ES","",440730,3,26,424,3,31,3,0,1,,0.6667,,3.6667,0,0,,
5734791,1998,13969,1992,"ES","",32940,2,22,704,2,22,9,1,1,0,0.6914,5,7.7778,0,0,0,0
5735192,1998,13976,1996,"ES","",739352,3,15,99,6,61,13,0,1,,0.142,,6.9231,0,0,,
5735405,1998,13976,1996,"ES","",719676,3,10,206,6,68,11,0,0.7273,,0.5313,,30.0909,0.25,0.0909,,
5735507,1998,13976,1995,"ES","",739377,3,40,254,5,59,6,1,0.1667,0,0,3,70.6667,0,0,0,0
5735869,1998,13976,1995,"ES","",683984,3,12,606,3,32,8,0,1,,0.5313,,4.875,0,0,,
5736161,1998,13976,1994,"ES","",721523,3,32,424,3,31,1,2,1,0.5,0,3,5,0,0,0,0
5736558,1998,13976,1997,"ES","",192760,3,7,514,3,31,2,0,1,,0,,8.5,0,0,,
5739114,1998,13983,1995,"ES","",709842,3,5,514,3,31,2,0,1,,0.5,,11.5,0,0,,
5739164,1998,13983,1996,"ES","",170335,2,7,514,3,31,0,0,,,,,,,,,
5739272,1998,13983,1994,"ES","",721523,3,26,530,1,15,2,0,1,,0.5,,8.5,0,0,,
5739384,1998,13983,1996,"ES","",739696,3,5,562,1,14,10,0,0.6,,0.5,,25.5,0,0,,
5740589,1998,13990,1997,"ES","",375510,3,3,24,6,63,12,0,0.9167,,0.2975,,14,0,0,,
5740635,1998,13990,1996,"ES","",,1,10,52,6,69,12,0,1,,0.7778,,12.5833,,,,
5741086,1998,13990,1993,"ES","",,1,5,405,6,64,15,0,0.6,,0,,39.3333,,,,
5741956,1998,13990,1996,"ES","",739905,3,11,568,1,14,8,0,0.75,,0.6667,,23.125,0,0,,
5742979,1998,13997,1996,"ES","",739995,3,18,16,5,59,17,0,0.5882,,0.58,,33.5882,0,0,,
5743068,1998,13997,1996,"ES","",740007,3,6,53,6,68,7,1,1,0,0.5714,1,12.4286,0,0,0,0
5743271,1998,13997,1997,"ES","",740027,3,1,128,3,32,10,0,1,,0.18,,12.1,0,0,,
5744109,1998,13997,1996,"ES","",42355,3,6,423,1,19,12,0,0.9167,,0.6116,,18.5833,0,0,,
5744623,1998,13997,1996,"ES","",714452,3,27,552,1,14,4,0,1,,0,,6.75,0,0,,
5744871,1998,13997,1996,"ES","",,1,3,290,4,45,9,0,0.6667,,0.6111,,28.7778,,,,
5745659,1998,13997,1996,"ES","",250060,2,23,358,2,21,2,2,1,0,0,1,4.5,0.5,0.5,0,0
5747068,1998,14004,1995,"ES","",337620,3,20,424,3,31,14,1,0.9286,0,0.568,2,20.2143,0,0,0,0
5747477,1998,14004,1997,"ES","",745502,3,16,514,3,31,3,0,0.6667,,0.5,,23.3333,0,0,,
5747529,1998,14004,1995,"ES","",709842,3,2,514,3,31,1,0,1,,0,,7,0,0,,
5748622,1998,14004,1996,"ES","",17020,3,5,370,2,21,7,0,1,,0.4082,,6,0,0,,
5749399,1998,14011,1997,"ES","",286525,3,6,138,6,67,8,1,0.875,0,0.5714,0,20.375,0,0,1,1
5749400,1998,14011,1996,"ES","",740571,3,17,139,6,63,7,0,0.4286,,0.6667,,45.4286,0,0,,
5749445,1998,14011,1995,"ES","",705558,3,1,188,5,53,3,1,1,0,0,2,15,0,0,0,0
5750486,1998,14011,1996,"ES","",247990,3,6,510,1,19,11,0,1,,0,,11.2727,0.3636,0.3636,,
5751535,1998,14011,1995,"ES","",740730,3,6,361,4,45,6,0,1,,0,,16.3333,0,0,,
5752338,1998,14018,1997,"ES","",740784,3,3,42,5,59,11,0,0.5455,,0,,37.5455,0,0,,
5752831,1998,14018,1996,"ES","",,1,1,433,3,39,13,0,0.9231,,0,,13.1538,,,,
5753856,1998,14018,1996,"ES","",32185,3,11,174,4,41,4,0,1,,0.375,,4,0.25,0.25,,
5756326,1998,14025,1997,"ES","",367520,2,4,435,3,33,1,0,1,,0,,10,0,0,,
5758367,1998,14032,1996,"ES","",,1,3,2,6,63,6,0,0.5,,0.6667,,37.6667,,,,
5758372,1998,14032,1997,"ES","",187330,3,11,5,6,65,6,0,1,,0,,19.8333,0,0,,
5758528,1998,14032,1996,"ES","",559640,3,12,70,6,65,15,0,0.5333,,0,,42.8,0,0,,
5760245,1998,14032,1997,"ES","",745502,3,2,548,1,14,4,0,1,,0.5,,8,0.25,0.25,,
5760828,1998,14032,1996,"ES","",741412,3,6,348,4,49,12,0,1,,0.6806,,5.3333,0,0,,
5762785,1998,14039,1997,"ES","",741583,3,5,210,1,19,5,0,1,,0,,27.2,0,0,,
5763722,1998,14039,1995,"ES","",741666,3,9,585,1,19,6,0,1,,0,,9.8333,0,0,,
5765245,1998,14046,1996,"ES","",,5,14,5,6,65,5,0,1,,0.56,,19.6,,,,
5766269,1998,14046,1996,"ES","",717760,3,33,8,1,11,3,0,1,,0.4444,,7,0,0,,
5766301,1998,14046,1995,"ES","",720303,3,6,71,1,11,3,0,1,,0.4444,,21.3333,0,0,,
5768984,1998,14053,1996,"ES","",742098,3,13,99,6,61,11,0,0.7273,,0.6875,,24.7273,0,0,,
5769203,1998,14053,1995,"ES","",,1,18,198,5,59,18,0,0.8889,,0.2266,,22.2778,,,,
5769676,1998,14053,1996,"ES","",,1,8,441,6,69,2,0,0.5,,0,,24.5,,,,
5769913,1998,14053,1997,"ES","",684195,3,20,95,1,13,2,0,1,,0.5,,19.5,0,0,,
5770587,1998,14053,1996,"ES","",367520,2,6,514,3,31,0,0,,,,,,,,,
5771780,1998,14060,1997,"ES","",386930,3,9,99,6,61,5,2,1,0,0.32,1,9.4,0,0,0.5,0.5
5772670,1998,14060,1997,"ES","",,1,2,606,3,32,3,0,1,,0.6667,,16.6667,,,,
5773433,1998,14060,1997,"ES","",290075,3,21,514,3,31,1,0,1,,0,,21,0,0,,
5773946,1998,14060,1996,"ES","",,1,25,318,4,45,5,0,1,,0.72,,7.4,,,,
5775144,1998,14067,1996,"ES","",,1,23,70,6,65,10,0,0.6,,0,,38.7,,,,
5775829,1998,14067,1996,"ES","",742725,3,9,403,6,67,8,0,1,,0.75,,14.375,0,0,,
5775966,1998,14067,1997,"ES","",,1,6,441,6,69,7,0,0.7143,,0,,33,,,,
5776947,1998,14067,1996,"ES","",437980,3,5,514,3,31,1,0,1,,0,,13,0,0,,
5777995,1998,14067,1997,"ES","",566570,3,12,370,2,21,3,0,1,,0.6667,,5.3333,0,0,,
5778025,1998,14067,1995,"ES","",566570,3,6,375,2,21,5,0,1,,0.8,,9,0,0,,
5779136,1998,14074,1997,"ES","",,1,9,358,2,21,3,0,1,,0.4444,,14.6667,,,,
5779238,1998,14074,1996,"ES","",,1,13,273,6,62,4,0,1,,0,,9,,,,
5779530,1998,14074,1997,"ES","",743020,3,5,452,6,61,6,0,0.8333,,0,,30.1667,0,0,,
5780011,1998,14074,1996,"ES","",728921,3,9,424,3,31,5,0,1,,0.32,,3.2,0,0,,
5780658,1998,14074,1996,"ES","",743107,3,15,554,1,14,5,0,0.8,,0.625,,23,0,0,,
5780801,1998,14074,1996,"ES","",418665,3,2,219,4,49,8,0,1,,0.4063,,11.5,0,0,,
5780837,1998,14074,1996,"ES","",722100,3,20,235,5,59,1,0,1,,0,,2,0,0,,
5782345,1998,14081,1995,"ES","",701051,3,14,206,6,68,7,1,0.8571,0,0.2778,3,12.5714,0,0,0,0
5782457,1998,14081,1997,"ES","",743254,3,5,254,5,59,7,0,1,,0,,5.8571,0,0,,
5783009,1998,14081,1995,"ES","",724225,3,9,156,1,19,11,0,0.9091,,0.76,,11.3636,0,0,,
5783137,1998,14081,1995,"ES","",,1,7,264,5,51,5,0,0.8,,0.375,,19.4,,,,
5783149,1998,14081,1995,"ES","",,1,7,422,1,19,2,0,1,,0.5,,12,,,,
5783167,1998,14081,1995,"ES","",684195,3,29,423,1,19,8,0,1,,0.4063,,6.875,0,0,,
5783604,1998,14081,1996,"ES","",,1,3,514,3,31,4,0,0.75,,0.4444,,23.75,,,,
5784727,1998,14088,1996,"ES","",,5,2,4,6,65,6,0,1,,0,,20.8333,,,,
5784978,1998,14088,1996,"ES","",,1,10,114,5,55,1,0,0,,,,140,,,,
5785015,1998,14088,1996,"ES","",,1,12,123,5,53,20,1,0.6,0,0.1528,1,38.9,,,,
5785575,1998,14088,1996,"ES","",743518,3,3,446,6,62,9,0,0.5556,,0,,33.4444,0,0,,
5785589,1998,14088,1996,"ES","",369720,3,14,452,6,61,6,0,0.8333,,0,,31.5,0,0,,
5785600,1998,14088,1996,"ES","",,1,3,464,5,53,9,1,1,0,0.7407,1,12.1111,,,,
5785974,1998,14088,1994,"ES","",743553,3,12,424,3,31,1,0,1,,0,,2,0,0,,
5786363,1998,14088,1997,"ES","",743584,3,12,514,3,31,1,0,1,,0,,11,0,0,,
5786377,1998,14088,1997,"ES","",599885,3,16,514,3,31,1,0,1,,0,,7,0,0,,
5786492,1998,14088,1997,"ES","",714452,3,4,549,1,14,0,0,,,,,,,,,
5787186,1998,14088,1996,"ES","",743625,3,19,382,2,22,10,0,1,,0.72,,4.7,0,0,,
5787734,1998,14095,1996,"ES","",743686,3,11,68,6,63,5,0,1,,0.48,,6.8,0,0,,
5787814,1998,14095,1997,"ES","",430590,3,18,105,5,55,8,0,0.625,,0.56,,47.375,0,0,,
5787831,1998,14095,1995,"ES","",,1,4,114,5,55,6,0,0.8333,,0,,28.6667,,,,
5788147,1998,14095,1995,"ES","",,1,1,236,6,69,4,0,1,,0,,19.5,,,,
5788931,1998,14095,1996,"ES","",,1,10,422,1,19,3,0,1,,0.6667,,5.3333,,,,
5788994,1998,14095,1997,"ES","",363070,3,4,425,5,51,4,0,1,,0.625,,10.75,0,0,,
5789597,1998,14095,1996,"ES","",720755,3,21,546,1,14,0,0,,,,,,,,,
5791176,1998,14102,1996,"ES","",744023,3,18,70,6,65,20,0,1,,0.74,,11.35,0,0,,
5791392,1998,14102,1997,"ES","",744051,3,6,160,6,69,8,0,0.875,,0.2449,,14.25,0,0,,
5791957,1998,14102,1997,"ES","",,5,2,441,6,69,5,0,0.8,,0,,21.4,,,,
5792979,1998,14102,1996,"ES","",,1,20,102,1,19,7,0,0.7143,,0,,42,,,,
5793271,1998,14102,1996,"ES","",686571,3,2,333,2,21,4,0,0.75,,0,,17.25,0,0,,
5796063,1998,14109,1996,"ES","",418665,3,6,219,4,49,9,0,1,,0,,9,0,0,,
5796627,1998,14109,1995,"ES","",566570,3,5,702,2,22,3,0,1,,0,,7,0,0,,
5796731,1998,14109,1995,"ES","",17020,3,6,370,2,21,4,0,1,,0.75,,4.25,0,0,,
5796817,1998,14109,1994,"ES","",566570,3,9,379,2,21,11,0,1,,0.314,,13.2727,0.0909,0.0909,,
5797423,1998,14116,1995,"ES","",,1,3,137,6,69,16,0,0.1875,,0.6667,,52.0625,,,,
5797568,1998,14116,1996,"ES","",566570,3,7,248,6,69,11,1,0.9091,0,0.34,1,12.1818,0,0,0,0
5798348,1998,14116,1996,"ES","",744675,3,20,514,3,31,0,0,,,,,,,,,
5798361,1998,14116,1997,"ES","",192760,3,7,514,3,31,1,0,1,,0,,14,0,0,,
5798419,1998,14116,1996,"ES","",702164,3,21,525,1,15,1,1,1,0,0,1,13,0,0,0,0
5799586,1998,14123,1997,"ES","",719676,3,20,108,6,69,10,0,1,,0.18,,13.1,0,0,,
5800138,1998,14123,1996,"ES","",,1,11,417,5,53,3,0,0.3333,,0,,44,,,,
5800266,1998,14123,1996,"ES","",49795,3,10,463,6,62,4,0,1,,0.5,,21.75,0,0,,
5801058,1998,14123,1997,"ES","",,1,5,436,1,19,5,0,1,,0.48,,8.4,,,,
5801925,1998,14123,1996,"ES","",597540,2,17,361,4,45,5,1,1,0,0.64,1,7.6,0.4,0.4,0,0
5802890,1998,14130,1997,"ES","",745073,3,2,70,6,65,9,1,0.8889,0,0.7188,1,16.8889,0,0,0,0
5803277,1998,14130,1996,"ES","",,1,6,211,6,65,9,0,0.8889,,0.6875,,19.7778,,,,
5803459,1998,14130,1997,"ES","",745133,3,7,273,6,62,5,0,0.6,,0.4444,,24.2,0,0,,
5803535,1998,14130,1997,"ES","",289945,3,18,297,6,65,9,0,0.8889,,0.2188,,14.3333,0,0,,
5803542,1998,14130,1997,"ES","",,1,4,297,6,65,5,0,0.8,,0.375,,20.8,,,,
5805572,1998,14130,1995,"ES","",551495,2,16,370,2,21,1,0,1,,0,,1,0,0,,
5806663,1998,14137,1996,"ES","",,1,3,198,5,59,3,0,0.6667,,0,,43.6667,,,,
5806698,1998,14137,1997,"ES","",689623,3,5,215,6,68,7,1,1,0,0,0,4.5714,0,0,0,0
5807613,1998,14137,1996,"ES","",745486,3,21,427,1,12,26,0,1,,0.7781,,13.7692,0,0,,
5807854,1998,14137,1997,"ES","",745502,3,19,514,3,31,0,0,,,,,,,,,
5808466,1998,14137,1997,"ES","",49795,3,2,324,4,43,4,0,1,,0.375,,13.5,0,0,,
5808906,1998,14137,1996,"ES","",430590,3,17,702,2,22,8,0,1,,0.6563,,10.125,0,0,,
5809124,1998,14137,1997,"ES","",745576,3,20,379,2,21,3,0,1,,0.4444,,5.3333,0,0,,
5809448,1998,14137,1995,"ES","",730755,3,6,701,2,22,8,0,1,,0.5938,,14.5,0,0,,
5809812,1998,14144,1996,"ES","",559640,3,20,70,6,65,10,1,1,0,0.32,2,13.9,0,0,1,1
5810472,1998,14144,1997,"ES","",74130,3,24,366,1,19,6,0,0.8333,,0.56,,19.8333,0.5,0.1667,,
5810690,1998,14144,1996,"ES","",,1,6,477,5,53,9,0,1,,0.716,,6.2222,,,,
5811060,1998,14144,1996,"ES","",745792,3,10,422,1,19,12,1,1,0,0.6806,2,12.75,0,0,0,0
5812392,1998,14144,1995,"ES","",717659,3,3,700,2,22,6,0,1,,0.6111,,8.5,0,0,,
5812530,1998,14144,1996,"ES","",566570,3,4,370,2,21,2,0,1,,0,,3,0,0,,
5813554,1998,14151,1996,"ES","",745977,3,10,215,6,68,7,2,1,0.5,0.2449,0.5,12.8571,0,0,0,0
5813629,1998,14151,1996,"ES","",,1,14,244,5,55,6,0,0.6667,,0.625,,20,,,,
5813794,1998,14151,1997,"ES","",,1,4,403,6,67,15,0,1,,0.56,,12.7333,,,,
5813974,1998,14151,1996,"ES","",,1,11,600,3,32,4,0,1,,0.625,,5,,,,
5814714,1998,14151,1995,"ES","",153420,2,39,526,1,15,8,0,1,,0.4063,,13.625,0.5,0.375,,
5815073,1998,14151,1997,"ES","",,1,5,340,2,21,8,1,1,0,0.2188,0,9.625,,,,
5815171,1998,14151,1995,"ES","",250060,2,16,347,2,23,6,0,1,,0.4444,,3.6667,0.3333,0.3333,,
5815186,1998,14151,1996,"ES","",250060,2,16,347,2,23,2,1,1,0,0.5,3,3,0.5,0.5,0,0
5815846,1998,14158,1996,"ES","",746176,3,22,2,6,63,4,2,1,0,0.375,2,14.5,0,0,0,0
5816170,1998,14158,1997,"ES","",430590,3,5,105,5,55,5,0,0.4,,0.5,,37.6,0,0,,
5816422,1998,14158,1996,"ES","",746247,3,6,215,6,68,13,0,0.9231,,0.1528,,16.7692,0,0,,
5816490,1998,14158,1997,"ES","",188150,3,4,236,6,69,3,0,1,,0.4444,,12.3333,0,0,,
5817349,1998,14158,1996,"ES","",,1,5,425,5,51,7,0,1,,0.5714,,10.1429,,,,
5817904,1998,14158,1995,"ES","",741666,3,5,585,1,19,10,0,1,,0.32,,10.5,0,0,,
5819479,1998,14165,1996,"ES","",,1,3,52,6,69,12,0,1,,0.5833,,5.0833,,,,
5819595,1998,14165,1997,"ES","",720834,3,4,74,5,59,5,0,1,,0,,8.6,0,0,,
5819972,1998,14165,1996,"ES","",746564,3,1,220,6,68,13,3,1,0,0.3787,1.3333,20.1538,0,0,0,0
5820069,1998,14165,1997,"ES","",746576,3,8,242,5,51,4,0,0.75,,0,,23.75,0,0,,
5820134,1998,14165,1996,"ES","",746582,3,1,279,6,69,4,0,0.5,,0,,40,0,0,,
5820541,1998,14165,1996,"ES","",746631,3,9,588,1,19,7,0,1,,0.5714,,10.4286,0,0,,
5821090,1998,14165,1996,"ES","",54310,3,9,435,3,33,0,1,,0,,2,,,,1,1
5822999,1998,14172,1997,"ES","",746837,3,3,62,6,69,7,0,0.7143,,0,,29.4286,0,0,,
5824620,1998,14172,1997,"ES","",702164,3,20,502,1,19,5,0,1,,0.56,,3.2,0,0,,
5826514,1998,14179,1996,"ES","",747176,3,5,101,6,69,2,0,1,,0.5,,4.5,0,0,,
5827863,1998,14179,1996,"ES","",745502,3,19,514,3,31,2,0,1,,0,,3.5,0,0,,
5829202,1998,14186,1996,"ES","",566570,3,9,52,6,69,5,0,1,,0.56,,12,0,0,,
5829463,1998,14186,1997,"ES","",,1,5,135,6,69,6,0,1,,0.4444,,10,,,,
5829906,1998,14186,1997,"ES","",720834,3,2,403,6,67,3,0,1,,0,,10.3333,0,0,,
5830071,1998,14186,1996,"ES","",,1,6,464,5,53,13,0,0.8462,,0.843,,21.3077,,,,
5830238,1998,14186,1997,"ES","",,1,6,8,1,11,0,0,,,,,,,,,
5830299,1998,14186,1997,"ES","",719676,3,19,156,1,19,3,0,0.6667,,0,,31,0,0,,
5830411,1998,14186,1997,"ES","",747539,3,7,422,1,19,9,1,1,0,0.6914,0,3.6667,0,0,0,0
5830455,1998,14186,1996,"ES","",716022,2,7,424,3,31,6,0,1,,0.6667,,9.3333,0,0,,
5833306,1998,14193,1996,"ES","",,1,15,297,6,65,7,0,0,,,,67.5714,,,,
5833322,1998,14193,1997,"ES","",747786,3,4,297,6,65,4,1,1,0,0.625,1,7,0,0,0,0
5833342,1998,14193,1997,"ES","",49795,3,3,353,5,54,6,0,0.5,,0.6667,,40.5,0,0,,
5833371,1998,14193,1995,"ES","",747793,3,9,384,5,59,4,0,0.75,,0,,15,0,0,,
5833513,1998,14193,1996,"ES","",711226,3,16,446,6,62,6,0,1,,0.2778,,15.3333,0,0,,
5833910,1998,14193,1995,"ES","",363070,3,8,264,5,51,2,0,1,,0.5,,8.5,0,0,,
5834076,1998,14193,1996,"ES","",738693,3,34,428,6,69,6,0,1,,0.5,,9.8333,0,0,,
5834091,1998,14193,1996,"ES","",,1,16,428,6,69,4,0,0.75,,0,,18.5,,,,
5834490,1998,14193,1997,"ES","",276285,3,6,514,3,31,0,1,,0,,1,,,,0,0
5834507,1998,14193,1997,"ES","",709842,3,3,514,3,31,0,0,,,,,,,,,
5836684,1998,14200,1997,"ES","",74130,3,12,366,1,19,6,0,1,,0.2778,,18.8333,0.5,0.1667,,
5837875,1998,14200,1995,"ES","",748182,3,7,800,3,33,1,0,1,,0,,2,0,0,,
5839325,1998,14207,1997,"ES","",,1,14,74,5,59,8,0,1,,0.2188,,5.125,,,,
5839426,1998,14207,1997,"ES","",188150,3,2,126,6,66,5,0,0.4,,0.5,,56.6,0,0,,
5840885,1998,14207,1995,"ES","",64410,3,18,540,1,14,7,0,1,,0.2449,,20.5714,0,0,,
5841652,1998,14207,1996,"ES","",748503,3,95,700,2,22,8,0,1,,0.2188,,7.75,0,0,,
5842382,1998,14214,1996,"ES","",720834,3,6,74,5,59,6,0,0.8333,,0.56,,22.6667,0,0,,
5842404,1998,14214,1995,"ES","",748593,3,1,92,5,53,5,0,0.8,,0.625,,30.8,0,0,,
5842790,1998,14214,1997,"ES","",,1,22,383,6,68,11,0,0.5455,,0,,38.9091,,,,
5842890,1998,14214,1997,"ES","",218550,2,4,439,4,41,4,0,1,,0,,3.5,0,0,,
5842893,1998,14214,1997,"ES","",740609,3,6,439,4,41,3,3,1,0,0.4444,0.6667,30.3333,0,0,0,0
5842926,1998,14214,1996,"ES","",,1,8,472,6,62,2,1,1,0,0,2,8,,,,
5843434,1998,14214,1996,"ES","",748690,3,21,424,3,31,1,0,1,,0,,1,0,0,,
5843509,1998,14214,1997,"ES","",599885,3,20,424,3,31,1,0,1,,0,,2,0,0,,
5844696,1998,14214,1996,"ES","",454325,3,9,558,1,14,1,0,1,,0,,4,0,0,,
5845467,1998,14221,1995,"ES","",559635,3,2,53,6,68,7,0,1,,0.449,,10.5714,0,0,,
5846930,1998,14221,1997,"ES","",747539,3,7,514,3,31,1,0,1,,0,,20,0,0,,
5847229,1998,14221,1997,"ES","",247990,3,20,568,1,14,7,0,1,,0.6939,,9,0.2857,0.2857,,
5849540,1998,14228,1997,"ES","",714452,3,3,435,3,33,1,0,1,,0,,16,0,0,,
5849931,1998,14228,1997,"ES","",325840,3,8,548,1,14,1,0,1,,0,,8,0,0,,
5850859,1998,14235,1997,"ES","",698055,3,3,141,5,51,8,0,0.625,,0.56,,21.5,0,0,,
5851452,1998,14235,1996,"ES","",701051,3,15,264,5,51,6,0,1,,0.6667,,5.6667,0.1667,0.1667,,
5851550,1998,14235,1996,"ES","",684178,3,26,424,3,31,1,0,1,,0,,8,0,0,,
5851590,1998,14235,1997,"ES","",165265,2,7,427,1,12,4,1,1,0,0.375,0,15.25,0.25,0.25,1,1
5852021,1998,14235,1996,"ES","",192760,3,4,514,3,31,1,0,1,,0,,9,1,1,,
5852033,1998,14235,1995,"ES","",714452,3,15,514,3,31,0,0,,,,,,,,,
5853580,1998,14242,1997,"ES","",749526,3,1,210,1,19,3,1,0.6667,0,0,1,22.3333,0,0,0,0
5854280,1998,14242,1996,"ES","",749580,3,15,514,3,31,0,1,,0,,2,,,,0,0
5854486,1998,14242,1996,"ES","",,4,7,250,4,44,1,0,1,,0,,8,,,,
5854976,1998,14242,1996,"ES","",17020,3,4,455,2,21,7,0,1,,0.2449,,4.4286,0,0,,
5855081,1999,14249,1997,"ES","",74130,3,,38,6,63,4,0,1,,0,,9.5,0,0,,
5855427,1999,14249,1996,"ES","",,1,,362,4,42,6,0,0.8333,,0.32,,15.3333,,,,
5855925,1999,14249,1997,"ES","",,1,,425,5,51,7,0,0.8571,,0.5,,25.7143,,,,
5856313,1999,14249,1996,"ES","",714609,3,,514,3,31,2,0,1,,0,,14.5,0,0,,
5857735,1999,14256,1997,"ES","",734994,3,,296,5,55,8,0,1,,0.2188,,7.375,0,0,,
5859215,1999,14256,1995,"ES","",617465,3,,534,1,14,8,0,1,,0,,4.125,0.5,0.5,,
5859769,1999,14256,1996,"ES","",718060,3,,363,4,45,7,0,1,,0.449,,11.8571,0,0,,
5860578,1999,14263,1997,"ES","",750137,3,,225,5,51,29,0,0.4138,,0.6111,,37.4138,0,0,,
5860660,1999,14263,1997,"ES","",,1,,280,5,55,5,0,0.8,,0.375,,26.4,,,,
5860911,1999,14263,1997,"ES","",,1,,600,3,32,3,0,1,,0,,21.6667,,,,
5861141,1999,14263,1995,"ES","",337620,3,,424,3,31,14,0,1,,0.4082,,5.8571,0,0,,
5861172,1999,14263,1996,"ES","",750190,3,,424,3,31,1,0,1,,0,,9,0,0,,
5862653,1999,14270,1997,"ES","",750317,3,,53,6,68,7,0,1,,0.2449,,17.8571,0,0,,
5862749,1999,14270,1997,"ES","",,1,,101,6,69,4,0,1,,0.5,,9.75,,,,
5862889,1999,14270,1993,"ES","",670697,2,,187,5,55,2,0,0.5,,0,,26,0,0,,
5863245,1999,14270,1997,"ES","",,1,,452,6,61,1,0,1,,0,,7,,,,
5863593,1999,14270,1997,"ES","",750420,3,,426,6,61,4,0,1,,0,,6.75,0,0,,
5863594,1999,14270,1997,"ES","",750421,3,,426,6,61,9,0,1,,0,,9.6667,0,0,,
5863634,1999,14270,1997,"ES","",729599,3,,428,6,69,7,0,0.7143,,0.8,,21.4286,0,0,,
5864385,1999,14270,1996,"ES","",,1,,351,3,39,1,0,1,,0,,4,,,,
5864964,1999,14277,1997,"ES","",,1,,34,1,19,1,0,1,,0,,19,,,,
5865358,1999,14277,1997,"ES","",618340,2,,225,5,51,6,0,0.6667,,0,,35.1667,0,0,,
5865558,1999,14277,1997,"ES","",720834,3,,403,6,67,11,0,1,,0.5455,,11,0,0,,
5867378,1999,14277,1997,"ES","",750248,3,,363,4,45,3,0,1,,0.4444,,2.6667,0,0,,
5867605,1999,14277,1997,"ES","",601715,2,,382,2,22,3,0,1,,0.4444,,8.6667,0,0,,
5868413,1999,14284,1996,"ES","",,1,,280,5,55,11,0,0.4545,,0.32,,66.4545,,,,
5869318,1999,14284,1996,"ES","",,5,,435,3,33,0,0,,,,,,,,,
5869518,1999,14284,1997,"ES","",556795,3,,514,3,31,6,0,1,,0.5,,16.6667,0.2,0.1667,,
5869629,1999,14284,1997,"ES","",750956,3,,536,1,14,3,0,1,,0.4444,,16,0,0,,
5869716,1999,14284,1996,"ES","",247990,3,,554,1,14,3,0,1,,0.4444,,14.6667,0,0,,
5870922,1999,14291,1997,"ES","",,1,,72,5,52,3,1,0.3333,0,0,1,30.6667,,,,
5871089,1999,14291,1997,"ES","",751099,3,,206,6,68,11,0,1,,0,,11.1818,0,0,,
5872125,1999,14291,1997,"ES","",325840,3,,514,3,31,4,0,1,,0.375,,5.75,1,1,,
5873496,1999,14298,1997,"ES","",384320,3,,222,1,19,5,0,1,,0.32,,7.8,0,0,,
5873617,1999,14298,1997,"ES","",730755,3,,295,5,55,5,0,0.8,,0.375,,20,0,0,,
5876616,1999,14305,1996,"ES","",733774,3,,222,1,19,6,0,1,,0.2778,,14,0,0,,
5877187,1999,14305,1997,"ES","",751615,3,,514,3,31,0,0,,,,,,,,,
5877356,1999,14305,1997,"ES","",735065,3,,568,1,14,1,0,1,,0,,13,0,0,,
5878768,1999,14312,1997,"ES","",,1,,137,6,69,10,0,1,,0.48,,13.1,,,,
5878910,1999,14312,1997,"ES","",,1,,221,5,51,10,0,1,,0.56,,10,,,,
5879234,1999,14312,1997,"ES","",751791,3,,463,6,62,31,0,1,,0.5453,,9.4516,0,0,,
5880200,1999,14312,1997,"ES","",320905,3,,524,1,15,1,0,1,,0,,11,0,0,,
5880299,1999,14312,1996,"ES","",247970,2,,554,1,14,7,0,1,,0.6122,,21.2857,0,0,,
5881581,1999,14319,1996,"ES","",743686,3,,68,6,63,5,0,0.8,,0.375,,17.6,0,0,,
5881624,1999,14319,1996,"ES","",250060,2,,83,5,51,3,0,1,,0,,5.3333,0,0,,
5882128,1999,14319,1997,"ES","",250060,2,,400,5,59,8,0,1,,0.4688,,11,0,0,,
5882175,1999,14319,1997,"ES","",618340,2,,414,5,51,24,0,0.9583,,0.5709,,13.625,0,0,,
5882652,1999,14319,1994,"ES","",743553,3,,424,3,31,4,0,1,,0.625,,8,0,0,,
5883572,1999,14319,1997,"ES","",,1,,340,2,21,3,0,1,,0,,11.6667,,,,
5884615,1999,14326,1997,"ES","",691443,3,,124,5,59,3,0,1,,0,,8,0,0,,
5885399,1999,14326,1997,"ES","",729599,3,,156,1,19,8,0,0.5,,0.625,,31.75,0,0,,
5885491,1999,14326,1997,"ES","",701051,3,,264,5,51,7,0,1,,0.4898,,7.1429,0,0,,
5885634,1999,14326,1996,"ES","",738693,3,,426,6,61,6,0,1,,0,,23.6667,0,0,,
5886201,1999,14326,1996,"ES","",247990,3,,554,1,14,1,0,1,,0,,10,0,0,,
5887744,1999,14333,1997,"ES","",752509,3,,220,6,68,8,0,1,,0.5938,,15.375,0,0,,
5888100,1999,14333,1997,"ES","",695811,2,,439,4,41,8,0,1,,0,,8.5,0,0,,
5888513,1999,14333,1996,"ES","",752585,3,,424,3,31,0,0,,,,,,,,,
5888941,1999,14333,1997,"ES","",745502,3,,504,1,11,0,0,,,,,,,,,
5889375,1999,14333,1997,"ES","",752630,3,,318,4,45,3,0,1,,0.6667,,2,0,0,,
5890338,1999,14340,1996,"ES","",,1,,52,6,69,6,0,0.5,,0.6667,,26.3333,,,,
5890896,1999,14340,1997,"ES","",,1,,433,3,39,13,0,0.9231,,0,,17,,,,
5893268,1999,14347,1997,"ES","",726810,3,,60,4,45,2,0,1,,0.5,,1.5,0,0,,
5895015,1999,14354,1996,"ES","",,1,,244,5,55,8,0,0.625,,0,,36,,,,
5895528,1999,14354,1997,"ES","",,1,,118,1,12,2,0,1,,0.5,,16,,,,
5896812,1999,14361,1998,"ES","",753278,3,,99,6,61,11,0,0.8182,,0,,14.0909,0,0,,
5898445,1999,14361,1995,"ES","",250060,2,,347,2,23,11,0,1,,0.1653,,6.1818,0.6364,0.6364,,
5899477,1999,14368,1996,"ES","",753517,3,,280,5,55,10,0,0.7,,0.7347,,40.3,0,0,,
5900267,1999,14368,1997,"ES","",,1,,426,6,61,1,0,1,,0,,33,,,,
5900373,1999,14368,1997,"ES","",723075,3,,435,3,33,2,0,1,,0,,10,0,0,,
5900925,1999,14368,1997,"ES","",753641,3,,352,5,54,2,0,1,,0.5,,10,0,0,,
5901719,1999,14375,1997,"ES","",,1,,134,6,69,13,0,0.8462,,0.562,,17.9231,,,,
5902060,1999,14375,1996,"ES","",753789,3,,401,1,12,11,0,0.6364,,0.6122,,42.4545,0,0,,
5904029,1999,14382,1997,"ES","",753989,3,,53,6,68,15,0,1,,0.1244,,10.4,0,0,,
5904465,1999,14382,1997,"ES","",618340,2,,414,5,51,11,0,0.9091,,0.46,,14.5455,0,0,,
5904774,1999,14382,1997,"ES","",,1,,118,1,12,2,0,1,,0.5,,16,,,,
5906149,1999,14389,1997,"ES","",,1,,83,5,51,17,1,0.8824,0,0.5067,2,21.4118,,,,
5906361,1999,14389,1998,"ES","",,1,,267,5,59,1,0,0,,,,54,,,,
5906531,1999,14389,1998,"ES","",,1,,446,6,62,9,0,0.7778,,0,,33.8889,,,,
5908078,1999,14396,1994,"ES","",,1,,180,5,55,4,0,1,,0,,7.25,,,,
5908166,1999,14396,1997,"ES","",754357,3,,241,5,51,15,0,1,,0.6844,,11.7333,0,0,,
5908181,1999,14396,1997,"ES","",,1,,248,6,69,8,0,0.875,,0.6122,,20.375,,,,
5908438,1999,14396,1997,"ES","",,1,,606,3,32,1,0,1,,0,,2,,,,
5911530,1999,14410,1997,"ES","",250060,2,,400,5,59,8,0,1,,0.4063,,11.375,0.125,0.125,,
5912149,1999,14410,1996,"ES","",599485,2,,435,3,33,1,0,1,,0,,3,0,0,,
5912248,1999,14410,1996,"ES","",170335,2,,514,3,31,0,0,,,,,,,,,
5913958,1999,14417,1996,"ES","",,1,,83,5,51,6,0,1,,0.2778,,10.5,,,,
5915704,1999,14424,1996,"ES","",728863,3,,280,5,55,14,0,0.9286,,0.142,,14.6429,0.0909,0.0714,,
5915779,1999,14424,1996,"ES","",734994,3,,296,5,55,0,0,,,,,,,,,
5916214,1999,14424,1997,"ES","",701934,2,,606,3,32,21,0,1,,0.6531,,6.9524,0,0,,
5916920,1999,14424,1996,"ES","",170335,2,,514,3,31,3,0,1,,0.6667,,11,0.3333,0.3333,,
5918321,1999,14431,1998,"ES","",755257,3,,4,6,65,4,0,1,,0.5,,10.75,0,0,,
5918391,1999,14431,1997,"ES","",734370,3,,37,6,64,11,0,0.5455,,0,,33.0909,0,0,,
5918532,1999,14431,1998,"ES","",386930,3,,99,6,61,8,0,1,,0,,4.25,0.25,0.25,,
5918588,1999,14431,1997,"ES","",,1,,126,6,66,7,0,1,,0.6531,,8.5714,,,,
5919502,1999,14431,1998,"ES","",397085,3,,426,6,61,12,0,1,,0.4167,,16.5,0,0,,
5919688,1999,14431,1997,"ES","",410090,3,,435,3,33,5,0,1,,0.56,,5.8,0,0,,
5921112,1999,14438,1997,"ES","",51515,3,,68,6,63,4,0,0.75,,0.4444,,27.5,0,0,,
5921311,1999,14438,1996,"ES","",42355,3,,164,5,52,1,0,1,,0,,36,0,0,,
5923241,1999,14438,1997,"ES","",35010,3,,338,4,41,7,0,0.8571,,0.2778,,19.4286,0,0,,
5924146,1999,14445,1996,"ES","",,1,,4,6,65,5,0,1,,0,,22.4,,,,
5925311,1999,14445,1997,"ES","",755909,3,,266,5,52,4,0,1,,0.375,,13.25,0,0,,
5925671,1999,14445,1997,"ES","",714452,3,,514,3,31,1,0,1,,0,,16,0,0,,
5927515,1999,14452,1997,"ES","",,1,,211,6,65,8,0,0.625,,0.32,,33.625,,,,
5927962,1999,14452,1997,"ES","",696636,3,,431,6,66,18,0,1,,0.642,,17.0556,0.0588,0.0556,,
5928134,1999,14452,1997,"ES","",,1,,600,3,32,4,0,0.75,,0,,29,,,,
5928697,1999,14452,1998,"ES","",397085,3,,426,6,61,2,0,1,,0.5,,14.5,0,0,,
5929056,1999,14452,1995,"ES","",157355,3,,514,3,31,1,0,1,,0,,3,0,0,,
5929876,1999,14452,1996,"ES","",250060,2,,347,2,23,4,0,1,,0,,8.75,0.5,0.5,,
5930258,1999,14452,1996,"ES","",566570,3,,370,2,21,7,0,1,,0.4082,,2,0,0,,
5930469,1999,14452,1997,"ES","",250060,2,,358,2,21,2,0,1,,0.5,,4.5,0,0,,
5931045,1999,14459,1997,"ES","",756378,3,,74,5,59,1,0,1,,0,,7,0,0,,
5931080,1999,14459,1997,"ES","",213240,3,,99,6,61,7,0,1,,0,,7.1429,0,0,,
5931344,1999,14459,1998,"ES","",,1,,222,1,19,11,0,0.3636,,0,,37.8182,,,,
5931389,1999,14459,1998,"ES","",756425,3,,239,5,59,5,0,1,,0.32,,20.4,0,0,,
5931539,1999,14459,1997,"ES","",,1,,297,6,65,19,0,0.9474,,0.5926,,16.6842,,,,
5931648,1999,14459,1996,"ES","",756456,3,,417,5,53,12,0,0.9167,,0.7273,,15.6667,0,0,,
5931846,1999,14459,1997,"ES","",599725,2,,606,3,32,8,0,0.625,,0.32,,24.375,0,0,,
5931994,1999,14459,1997,"ES","",,1,,106,1,12,2,0,1,,0.5,,10.5,,,,
5932438,1999,14459,1995,"ES","",756522,3,,435,3,33,3,0,1,,0,,8.6667,0,0,,
5932468,1999,14459,1996,"ES","",747539,3,,435,3,33,4,0,1,,0.625,,15.75,0,0,,
5936134,1999,14466,1997,"ES","",684195,3,,585,1,19,3,0,1,,0.4444,,15.6667,0,0,,
5937986,1999,14473,1998,"ES","",603215,3,,192,5,53,5,0,1,,0.32,,11.2,0.25,0.2,,
5937991,1999,14473,1997,"ES","",756966,3,,194,5,59,2,0,1,,0,,26,0,0,,
5938196,1999,14473,1997,"ES","",751791,3,,273,6,62,31,0,0.9677,,0.54,,12.1613,0,0,,
5938526,1999,14473,1997,"ES","",,1,,454,5,59,1,0,1,,0,,27,,,,
5938566,1999,14473,1996,"ES","",,1,,482,5,59,4,0,1,,0.625,,11.25,,,,
5939555,1999,14473,1996,"ES","",192760,3,,548,1,14,1,0,1,,0,,7,1,1,,
5941676,1999,14480,1997,"ES","",,1,,414,5,51,6,0,1,,0,,11.3333,,,,
5944366,1999,14487,1997,"ES","",559640,3,,292,6,69,12,0,0.9167,,0.3967,,14.8333,0,0,,
5947009,1999,14494,1998,"ES","",245965,3,,99,6,61,5,0,1,,0.32,,11.6,1,1,,
5947341,1999,14494,1997,"ES","",384320,3,,222,1,19,2,0,1,,0.5,,8,0,0,,
5947470,1999,14494,1998,"ES","",618340,2,,271,5,51,7,0,1,,0.449,,5.5714,0,0,,
5950288,1999,14501,1998,"ES","",,1,,27,6,69,7,0,0.7143,,0.72,,28.2857,,,,
5950527,1999,14501,1992,"ES","",,5,,99,6,61,8,0,0.625,,0.56,,37.375,,,,
5951010,1999,14501,1997,"ES","",,1,,273,6,62,6,0,0.8333,,0,,14.5,,,,
5951181,1999,14501,1997,"ES","",250060,2,,400,5,59,7,0,1,,0.4898,,7.5714,0.3333,0.2857,,
5952207,1999,14501,1997,"ES","",,1,,435,3,33,6,0,1,,0.5,,15,,,,
5952334,1999,14501,1998,"ES","",749580,3,,514,3,31,0,0,,,,,,,,,
5954333,1999,14508,1998,"ES","",,1,,273,6,62,7,0,0.7143,,0,,23.4286,,,,
5954442,1999,14508,1998,"ES","",758433,3,,401,1,12,6,0,0.5,,0,,31.1667,0,0,,
5955004,1999,14508,1997,"ES","",,1,,252,1,19,7,0,0.5714,,0.75,,35.8571,,,,
5955567,1999,14508,1998,"ES","",247990,3,,528,1,15,13,0,1,,0.6627,,15.6923,0,0,,
5957043,1999,14515,1999,"ES","",758650,3,,99,6,61,13,0,0.3846,,0.56,,38.9231,0,0,,
5957860,1999,14515,1997,"ES","",,1,,600,3,32,19,0,1,,0.5596,,8.6842,,,,
5958868,1999,14515,1997,"ES","",247990,3,,510,1,19,19,0,0.8421,,0.5547,,11.8421,0.2,0.1579,,
5959041,1999,14515,1998,"ES","",702164,3,,525,1,15,1,0,1,,0,,14,0,0,,
5959647,1999,14515,1996,"ES","",250060,2,,347,2,23,11,0,1,,0.6116,,4.6364,0.4444,0.3636,,
5960574,1999,14522,1997,"ES","",740784,3,,42,5,59,11,0,0.7273,,0,,38.1818,0,0,,
5962421,1999,14522,1998,"ES","",759134,3,,514,3,31,2,0,1,,0.5,,7,0,0,,
5963216,1999,14522,1996,"ES","",250060,2,,345,2,23,2,0,1,,0,,4,0,0,,
5963897,1999,14522,1998,"ES","",738633,3,,704,2,22,12,0,1,,0,,7.4167,0,0,,
5964899,1999,14529,1997,"ES","",717760,3,,8,1,11,4,0,0,,,,67.5,0,0,,
5965020,1999,14529,1998,"ES","",138150,3,,210,1,19,5,0,1,,0,,17.2,0,0,,
5965569,1999,14529,1997,"ES","",364715,3,,514,3,31,3,0,1,,0.4444,,8.6667,0,0,,
5966439,1999,14529,1997,"ES","",756425,3,,379,2,21,1,0,1,,0,,9,0,0,,
5968472,1999,14536,1997,"ES","",702164,3,,423,1,19,11,0,0.5455,,0,,29.0909,0,0,,
5968473,1999,14536,1998,"ES","",600400,2,,423,1,19,9,0,1,,0.3704,,8.1111,0.1111,0.1111,,
5968497,1999,14536,1997,"ES","",728243,3,,424,3,31,1,0,1,,0,,1,0,0,,
5969107,1999,14536,1996,"ES","",367550,3,,530,1,15,3,0,1,,0.4444,,6,0,0,,
5972204,1999,14543,1998,"ES","",275750,3,,208,1,19,3,0,1,,0.6667,,6.6667,0,0,,
5973155,1999,14543,1997,"ES","",192760,3,,546,1,14,1,0,1,,0,,2,1,1,,
5973593,1999,14543,1996,"ES","",760099,3,,340,2,21,13,0,1,,0.4852,,6.6923,0,0,,
5974984,1999,14550,1998,"ES","",760226,3,,108,6,69,3,0,0.6667,,0.5,,31.6667,0,0,,
5975979,1999,14550,1996,"ES","",711226,3,,446,6,62,2,0,1,,0,,17,0,0,,
5977392,1999,14550,1997,"ES","",702164,3,,556,1,14,7,0,1,,0.4898,,15,0,0,,
5978676,1999,14550,1996,"ES","",566545,3,,455,2,21,7,0,1,,0.6122,,4.2857,0.1429,0.1429,,
5979132,1999,14557,1998,"ES","",760550,3,,52,6,69,6,0,0.3333,,0,,44,0,0,,
5979354,1999,14557,1997,"ES","",,1,,114,5,55,2,0,1,,0.5,,35,,,,
5979592,1999,14557,1998,"ES","",163585,3,,181,6,69,2,0,1,,0,,8,0,0,,
5979695,1999,14557,1996,"ES","",,1,,220,6,68,12,0,0.3333,,0.75,,52.0833,,,,
5979712,1999,14557,1998,"ES","",384320,3,,222,1,19,4,0,1,,0,,13.25,0.25,0.25,,
5979807,1999,14557,1998,"ES","",,1,,241,5,51,10,0,0.7,,0.6122,,25.3,,,,
5979877,1999,14557,1998,"ES","",743254,3,,254,5,59,6,0,1,,0,,7.1667,0,0,,
5979948,1999,14557,1998,"ES","",559640,3,,292,6,69,12,0,1,,0,,7.1667,0,0,,
5981027,1999,14557,1996,"ES","",607260,3,,428,6,69,14,0,1,,0.7449,,10.2857,0.0833,0.0714,,
5984450,1999,14564,1995,"ES","",250060,2,,347,2,23,8,0,1,,0,,6.5,0.625,0.625,,
5985278,1999,14564,1995,"ES","",367550,3,,424,3,31,0,0,,,,,,,,,
5985780,1999,14564,1995,"ES","",489515,3,,501,1,19,17,0,1,,0.2076,,9.5882,0.125,0.1176,,
5985937,1999,14564,1997,"ES","",761180,3,,514,3,31,1,0,1,,0,,12,0,0,,
5985995,1999,14564,1997,"ES","",702164,3,,525,1,15,6,0,1,,0,,7.8333,0,0,,
5987713,1999,14571,1998,"ES","",375510,3,,24,6,63,13,0,0.9231,,0,,15.3077,0.1,0.0769,,
5987945,1999,14571,1998,"ES","",559640,3,,70,6,65,12,0,0.9167,,0,,18.0833,0.1429,0.0833,,
5988192,1999,14571,1998,"ES","",687608,3,,134,6,69,10,0,0.6,,0.2778,,48.8,0,0,,
5988904,1999,14571,1997,"ES","",250060,2,,400,5,59,6,0,0.5,,0.6667,,38.3333,0,0,,
5989173,1999,14571,1997,"ES","",,1,,493,5,51,5,0,0.2,,0,,72,,,,
5989219,1999,14571,1998,"ES","",57585,2,,604,3,32,15,0,1,,0,,7.9333,0.2857,0.1333,,
5990165,1999,14571,1998,"ES","",337620,3,,514,3,31,1,0,1,,0,,3,0,0,,
5990351,1999,14571,1997,"ES","",64410,3,,562,1,14,3,0,0.6667,,0.5,,25,0,0,,
5990655,1999,14571,1997,"ES","",718060,3,,318,4,45,11,0,1,,0.1653,,12,0,0,,
5991098,1999,14571,1998,"ES","",,1,,359,5,54,1,0,0,,,,75,,,,
5991641,1999,14571,1997,"ES","",566545,3,,455,2,21,8,0,1,,0.2188,,6.375,0,0,,
5991732,1999,14571,1995,"ES","",,1,,705,2,22,23,0,1,,0.5709,,7.087,,,,
5992022,1999,14578,1998,"ES","",761728,3,,30,6,65,8,0,0.125,,0,,82.5,0,0,,
5992068,1999,14578,1998,"ES","",,4,,40,6,69,39,0,0.4872,,0.5706,,39.6923,,,,
5992269,1999,14578,1997,"ES","",,1,,81,5,59,2,0,0,,,,87.5,,,,
5992591,1999,14578,1997,"ES","",227300,3,,192,5,53,10,0,1,,0.58,,14.5,0,0,,
5992969,1999,14578,1996,"ES","",250060,2,,347,2,23,9,0,0.8889,,0.75,,15.5556,0.5,0.4444,,
5993663,1999,14578,1998,"ES","",418665,3,,210,1,19,6,0,1,,0.5,,17.6667,0,0,,
5993713,1999,14578,1995,"ES","",,1,,264,5,51,39,0,0.9231,,0.7222,,11.4615,,,,
5994092,1999,14578,1997,"ES","",761930,3,,435,3,33,0,0,,,,,,,,,
5994248,1999,14578,1997,"ES","",489525,3,,501,1,19,20,0,0.95,,0.5596,,9.5,0.0556,0.05,,
5994406,1999,14578,1996,"ES","",684195,3,,514,3,31,0,0,,,,,,,,,
5994579,1999,14578,1999,"ES","",55665,3,,560,1,14,3,0,1,,0,,7.6667,0.3333,0.3333,,
5996588,1999,14585,1998,"ES","",,1,,131,6,61,4,0,0.5,,0,,19.25,,,,
5996673,1999,14585,1997,"ES","",762147,3,,160,6,69,10,0,0.6,,0.6111,,31.9,0,0,,
5996747,1999,14585,1996,"ES","",,1,,188,5,53,12,0,1,,0.5972,,20.3333,,,,
5996923,1999,14585,1998,"ES","",762173,3,,242,5,51,11,0,0.6364,,0.2449,,35.7273,0,0,,
5997290,1999,14585,1999,"ES","",,1,,432,6,66,7,0,1,,0.449,,9.7143,,,,
5998324,1999,14585,1997,"ES","",709842,3,,502,1,19,4,0,1,,0.5,,22,0,0,,
5998610,1999,14585,1997,"ES","",64410,3,,540,1,14,13,0,1,,0.5444,,12.7692,0,0,,
5998678,1999,14585,1997,"ES","",762325,3,,568,1,14,4,0,1,,0,,9,0,0,,
6000650,1999,14592,1998,"ES","",74130,3,,241,5,51,0,0,,,,,,,,,
6001102,1999,14592,1997,"ES","",,5,,606,3,32,3,0,1,,0,,10.6667,,,,
6001370,1999,14592,1997,"ES","",762537,3,,424,3,31,1,0,1,,0,,4,0,0,,
6003232,1999,14599,1997,"ES","",430590,3,,33,6,69,8,0,1,,0.375,,14.125,0,0,,
6003344,1999,14599,1997,"ES","",,1,,66,6,63,5,0,0.2,,0,,57.4,,,,
6005115,1999,14599,1996,"ES","",192760,3,,548,1,14,1,0,1,,0,,11,1,1,,
6005187,1999,14599,1998,"ES","",32185,3,,174,4,41,3,0,1,,0,,4,1,1,,
6007937,1999,14606,1997,"ES","",520670,3,,429,4,45,11,0,0.9091,,0,,14.5455,0,0,,
6008324,1999,14606,1997,"ES","",763177,3,,530,1,15,1,0,1,,0,,11,0,0,,
6008391,1999,14606,1998,"ES","",247990,3,,554,1,14,1,0,1,,0,,5,1,1,,
6008443,1999,14606,1995,"ES","",763185,3,,84,6,69,2,0,1,,0,,21.5,0,0,,
