4041878,1977,6437,1975,"ES","",430590,3,6,105,5,55,8,0,0.375,,0,,21.5,0,0,,
4042274,1977,6437,1976,"ES","",,1,3,296,5,55,5,4,0.6,0.375,0,9.5,24,,,,
4044748,1977,6451,1975,"ES","",,1,1,125,5,51,4,1,0.25,0,0,3,44.75,,,,
4044809,1977,6451,1976,"ES","",443605,3,3,411,5,59,3,0,0.3333,,0,,18.3333,0,0,,
4045927,1977,6458,1976,"ES","",264420,3,8,52,6,69,6,20,0.8333,0.53,0.56,11.8,10.6667,0,0,0,0
4046423,1977,6458,1976,"ES","",,1,3,298,5,55,2,0,0,,,,34.5,,,,
4046918,1977,6458,1975,"ES","",212075,3,4,514,3,31,0,3,,0,,5.6667,,,,0,0
4046919,1977,6458,1975,"ES","",212075,3,5,514,3,31,0,4,,0,,4.75,,,,0,0
4047407,1977,6465,1976,"ES","",191810,3,6,70,6,65,1,1,0,0,,9,39,0,0,0,0
4048604,1977,6465,1976,"ES","",,1,1,336,4,41,3,1,0,0,,3,41,,,,
4049173,1977,6472,1976,"ES","",16065,3,5,242,5,51,4,5,0.25,0.32,0,8,34,0,0,0,0
4049316,1977,6472,1976,"ES","",,1,5,298,5,55,2,0,0.5,,0,,14.5,,,,
4050459,1977,6479,1976,"ES","",,1,5,604,3,32,3,5,0,0.32,,8,31,,,,
4052288,1977,6486,1977,"ES","",22375,3,7,264,5,51,5,12,1,0.6528,0.56,13.4167,6.2,0,0,0.0833,0.0833
4052402,1977,6486,1976,"ES","",187255,3,2,546,1,14,1,1,1,0,0,1,14,0,0,0,0
4052823,1977,6493,1976,"ES","",192350,3,15,451,5,51,2,0,1,,0.5,,1,0,0,,
4053483,1977,6493,1975,"ES","",150720,3,4,548,1,14,1,2,1,0,0,14,2,0,0,0,0
4053724,1977,6493,1975,"ES","",,1,6,200,4,41,10,10,0.9,0.54,0.716,7.7,9.3,,,,
4055978,1977,6514,1976,"ES","",559645,3,2,72,5,52,2,1,0.5,0,0,9,21,0,0,0,0
4056058,1977,6514,1976,"ES","",,1,14,102,1,19,5,3,0.8,0,0,3.6667,11.2,,,,
4056387,1977,6514,1975,"ES","",273190,2,5,420,5,52,7,2,1,0.5,0.4082,9.5,3.2857,0.1667,0.1429,0,0
4056593,1977,6514,1974,"ES","",471260,3,4,264,5,51,4,31,0.5,0.8262,0.5,18.9032,14.75,0,0,0.0323,0.0323
4058584,1977,6528,1975,"ES","",,1,3,264,5,51,10,3,0.7,0,0.6122,3,15.1,,,,
4058660,1977,6528,1975,"ES","",,1,2,540,1,14,6,0,1,,0.5,,1.6667,,,,
4059283,1977,6535,1975,"ES","",193550,3,17,172,6,64,8,4,0.5,0.375,0.375,9.25,19.125,0,0,0,0
4060115,1977,6542,1977,"ES","",,1,7,81,5,59,0,2,,0,,16.5,,,,,
4062592,1977,6556,1976,"ES","",,1,1,298,5,55,1,1,0,0,,18,25,,,,
4062722,1977,6556,1976,"ES","",,1,5,162,1,19,8,0,0.75,,0.6111,,8.625,,,,
4063381,1977,6563,1976,"ES","",,1,5,446,6,62,5,2,0.8,0,0,7.5,4.4,,,,
4064221,1977,6563,1976,"ES","",,1,2,423,1,19,5,2,0.4,0,0,8,26.4,,,,
4064651,1977,6570,1976,"ES","",,1,7,49,5,59,0,2,,0,,14.5,,,,,
4065067,1977,6570,1976,"ES","",,1,10,242,5,51,3,8,1,0.75,0.4444,9.125,2.6667,,,,
4065365,1977,6570,1976,"ES","",32520,3,10,205,1,19,2,6,0,0.7222,,11.8333,29.5,0,0,0,0
4065866,1978,6577,1976,"ES","",441790,2,12,42,5,59,4,8,0,0,,11,119,0,0,0,0
4066215,1978,6577,1976,"ES","",,1,2,241,5,51,3,5,0.6667,0.32,0,12.4,11,,,,
4066321,1978,6577,1976,"ES","",28145,2,3,439,4,41,5,8,0.8,0,0,10.75,9.8,0.5,0.2,0.25,0.25
4067505,1978,6584,1977,"ES","",,1,1,241,5,51,2,2,1,0,0,16.5,7.5,,,,
4070878,1978,6605,1976,"ES","",,1,6,68,6,63,6,1,0.5,0,0,8,18.8333,,,,
4070918,1978,6605,1975,"ES","",272260,3,3,74,5,59,2,2,1,0,0,7.5,9.5,0,0,0,0
4071056,1978,6605,1976,"ES","",272260,3,4,139,6,63,5,1,0.4,0,0,2,30.2,0,0,0,0
4072235,1978,6612,1976,"ES","",147045,3,5,211,6,65,4,2,0.75,0,0,8,12.5,0,0,0,0
4072710,1978,6612,1975,"ES","",,1,6,562,1,14,6,6,1,0.7778,0.5,11.8333,5.5,,,,
4072747,1978,6612,1976,"ES","",31750,3,24,514,3,31,1,0,1,,0,,8,0,0,,
4072758,1978,6612,1976,"ES","",745502,3,4,514,3,31,2,0,1,,0,,9,0,0,,
4075463,1978,6626,1977,"ES","",,1,6,377,4,49,10,7,0.6,0.7347,0.6667,5.2857,21.9,,,,
4077056,1978,6633,1976,"ES","",,1,9,361,4,45,5,4,0.4,0.375,0,18,17,,,,
4077769,1978,6640,1976,"ES","",,1,5,8,1,11,7,9,0.2857,0.5679,0,20.7778,36.1429,,,,
4078439,1978,6647,1975,"ES","",,1,3,74,5,59,7,13,0,0.5562,,13,35.4286,,,,
4078731,1978,6647,1977,"ES","",,1,3,241,5,51,3,1,0.6667,0,0,3,18.6667,,,,
4079689,1978,6654,1976,"ES","",505025,3,9,114,5,55,5,3,1,0.4444,0.64,9.6667,10.2,0,0,0,0
4079787,1978,6654,1977,"ES","",,1,1,172,6,64,3,0,0.3333,,0,,31.6667,,,,
4080125,1978,6654,1977,"ES","",445985,3,7,425,5,51,6,2,0.8333,0,0.32,10,9,0,0,0,0
4080133,1978,6654,1976,"ES","",,1,2,425,5,51,8,0,0.875,,0,,5.875,,,,
4080220,1978,6654,1976,"ES","",148250,3,12,134,6,69,5,3,0.8,0.4444,0.375,11.6667,8,0,0,0,0
4080299,1978,6654,1975,"ES","",,1,3,210,1,19,10,14,0.6,0.6122,0.4444,15.5,25.8,,,,
4080805,1978,6661,1975,"ES","",,1,5,66,6,63,9,1,0.7778,0,0,14,13,,,,
4082824,1978,6668,1976,"ES","",442870,3,9,264,5,51,7,4,1,0.625,0.4898,9,8.4286,0,0,0,0
4084014,1978,6675,1976,"ES","",,1,5,427,1,12,6,2,0.6667,0.5,0.75,8.5,17,,,,
4084026,1978,6675,1976,"ES","",111680,3,5,427,1,12,4,6,0.25,0.5,0,19.6667,27.75,0,0,0,0
4084479,1978,6682,1976,"ES","",,1,1,87,6,63,5,6,0.2,0.2778,0,18.1667,56.4,,,,
4084697,1978,6682,1976,"ES","",203670,3,1,209,5,51,2,0,0.5,,0,,34,0,0,,
4086135,1978,6689,1974,"ES","",125555,2,8,435,3,33,2,4,1,0.625,0.5,14.25,6.5,0,0,0.25,0.25
4087425,1978,6696,1976,"ES","",325865,3,9,544,1,14,1,7,1,0.2449,0,18,2,0,0,0,0
4089468,1978,6710,1977,"ES","",41900,3,13,220,6,68,6,0,0.8333,,0.64,,10.1667,0,0,,
4089851,1978,6710,1976,"ES","",55665,3,1,534,1,14,4,1,0,0,,18,31.75,0,0,0,0
4090999,1978,6717,1976,"ES","",,1,11,528,1,15,7,0,0.4286,,0.4444,,23.4286,,,,
4093292,1978,6731,1977,"ES","",,1,7,294,5,59,7,3,0.4286,0.6667,0.6667,10,25.4286,,,,
4093426,1978,6731,1977,"ES","",369345,3,10,95,1,13,3,1,0.3333,0,0,1,18.3333,0,0,0,0
4094531,1978,6738,1977,"ES","",289945,3,7,280,5,55,3,3,1,0,0.4444,2.3333,5.6667,0,0,0,0
4094716,1978,6738,1976,"ES","",264415,3,1,156,1,19,11,2,0.5455,0.5,0.2778,7,22,0,0,0,0
4096252,1978,6745,1976,"ES","",745502,3,2,514,3,31,1,1,0,0,,8,16,0,0,0,0
4096722,1978,6752,1976,"ES","",,1,5,72,5,52,5,1,0.2,0,0,12,33.2,,,,
4096794,1978,6752,1975,"ES","",,1,6,99,6,61,7,3,0,0,,11.6667,35.7143,,,,
4096795,1978,6752,1976,"ES","",,1,8,99,6,61,8,12,0.625,0.4861,0.56,8.3333,14.625,,,,
4097136,1978,6752,1976,"ES","",264405,3,4,353,5,54,5,2,0.6,0,0.4444,15,12.4,0,0,0,0
4097210,1978,6752,1976,"ES","",,1,13,425,5,51,10,9,1,0.7654,0.58,11.8889,6,,,,
4097528,1978,6752,1977,"ES","",150720,3,1,564,1,14,2,5,1,0.32,0,16.8,6.5,0,0,0,0
4099303,1978,6766,1977,"ES","",,1,6,24,6,63,5,1,0.4,0,0,14,30.2,,,,
4099386,1978,6766,1976,"ES","",,1,1,405,6,64,5,3,0.4,0,0,17.6667,47.4,,,,
4100252,1978,6766,1977,"ES","",174630,2,10,423,1,19,3,1,1,0,0,13,4.6667,0,0,0,0
4100716,1978,6773,1976,"ES","",,1,5,53,6,68,4,5,0.75,0.56,0.4444,14.2,11.5,,,,
4100822,1978,6773,1976,"ES","",,1,86,104,5,55,11,4,0.8182,0.625,0.6173,11.75,12.3636,,,,
4101164,1978,6773,1976,"ES","",351745,3,14,297,6,65,8,3,0.5,0.4444,0,8.6667,26.625,0,0,0,0
4102257,1978,6780,1977,"ES","",,1,15,99,6,61,3,2,0,0,,4,22.6667,,,,
4103019,1978,6780,1975,"ES","",325855,3,11,548,1,14,1,2,1,0.5,0,15,3,0,0,0,0
4103407,1978,6787,1977,"ES","",59445,2,4,29,5,52,7,13,0.2857,0.6272,0.5,9,44,0,0,0,0
4104754,1978,6794,1977,"ES","",,1,1,12,6,63,5,4,0,0.375,,2.75,32.8,,,,
4106470,1978,6801,1976,"ES","",,1,1,123,5,53,5,9,1,0.1975,0.32,10.3333,8.8,,,,
4106752,1978,6801,1976,"ES","",80290,3,9,254,5,59,3,3,1,0.6667,0.4444,10.3333,7.3333,0,0,0,0
4107161,1978,6801,1974,"ES","",745502,3,5,540,1,14,0,2,,0.5,,22,,,,0,0
4107506,1978,6801,1976,"ES","",,1,1,219,4,49,2,10,1,0.58,0.5,14.1,8,,,,
4108391,1978,6808,1976,"ES","",,1,8,242,5,51,5,6,0.6,0.4444,0.4444,11.6667,12,,,,
4109402,1978,6815,1975,"ES","",,1,1,42,5,59,5,5,0.6,0,0,11,23,,,,
4109490,1978,6815,1977,"ES","",564745,3,10,66,6,63,10,9,0.4,0,0,7.2222,31.4,0,0,0,0
4109804,1978,6815,1976,"ES","",,1,9,414,5,51,10,1,0.8,0,0,11,10.9,,,,
4110118,1978,6815,1977,"ES","",490545,3,7,106,1,12,4,1,1,0,0.75,20,4,0,0,0,0
4110442,1978,6815,1976,"ES","",745502,3,5,514,3,31,1,3,0,0.6667,,8.6667,16,0,0,0,0
4111277,1978,6822,1977,"ES","",,1,6,180,5,55,16,5,1,0.56,0,7,7.4375,,,,
4111945,1978,6822,1977,"ES","",325700,3,1,546,1,14,4,1,1,0,0.375,18,7.5,0.5,0.25,0,0
4112592,1978,6829,1977,"ES","",,1,7,434,6,69,4,2,0.25,0,0,6.5,31.25,,,,
4112902,1978,6829,1976,"ES","",559645,3,5,123,5,53,4,1,1,0,0,8,4.5,0,0,0,0
4114359,1978,6836,1976,"ES","",538625,3,10,57,6,63,6,11,0.3333,0,0,9.3636,21.5,0,0,0,0
4115648,1978,6836,1975,"ES","",325840,3,2,544,1,14,1,3,1,0.6667,0,16.6667,11,0,0,0,0
4116473,1978,6843,1976,"ES","",,1,10,285,6,67,7,1,0.2857,0,0.5,20,21,,,,
4117837,1978,6850,1977,"ES","",591070,3,1,606,3,32,8,5,0,0.8,,14.6,44,0,0,0,0
4117874,1978,6850,1977,"ES","",,1,5,383,6,68,4,10,0.25,0.64,0,15.8,38.25,,,,
4118052,1978,6850,1977,"ES","",,1,6,280,5,55,4,6,1,0.6667,0,4.1667,4.5,,,,
4119092,1978,6857,1977,"ES","",,1,3,606,3,32,3,15,0.6667,0.1244,0,12.2,11.3333,,,,
4119176,1978,6857,1977,"ES","",,1,8,182,6,65,2,13,1,0.2722,0,11.2308,4.5,,,,
4120523,1978,6864,1977,"ES","",383860,3,9,292,6,69,4,1,0.5,0,0.5,4,25.75,0,0,0,0
4121474,1978,6871,1974,"ES","",,1,1,474,5,53,3,5,1,0.32,0,15.2,6.6667,,,,
4121511,1978,6871,1976,"ES","",97690,3,6,99,6,61,6,0,0.3333,,0.5,,23.6667,0,0,,
4121582,1978,6871,1976,"ES","",,1,3,602,3,32,1,9,0,0.6667,,12.7778,16,,,,
4121776,1978,6871,1977,"ES","",,1,7,241,5,51,5,1,0.6,0,0,1,21,,,,
4122745,1978,6878,1977,"ES","",,1,5,84,6,69,4,1,0,0,,20,72.5,,,,
4122951,1978,6878,1977,"ES","",,1,7,209,5,51,6,13,0.6667,0.568,0,9.2308,12,,,,
4123050,1978,6878,1976,"ES","",63195,3,14,273,6,62,2,3,0.5,0.4444,0,9.6667,13.5,0,0,0,0
4124446,1978,6885,1976,"ES","",505025,3,12,376,4,44,4,3,1,0,0.5,8.3333,5.25,0,0,0,0
4125962,1978,6899,1977,"ES","",,1,4,446,6,62,3,2,1,0.5,0,12,10,,,,
4126022,1978,6899,1977,"ES","",,1,9,70,6,65,9,1,0.2222,0,0.5,3,34.7778,,,,
4128046,1978,6913,1977,"ES","",59390,3,6,91,5,53,3,2,0.6667,0,0,15,8,0,0,0,0
4128147,1978,6913,1977,"ES","",,1,4,188,5,53,5,8,0.8,0.6563,0,15.375,14,,,,
4129340,1978,6920,1977,"ES","",59390,3,6,303,5,53,5,0,1,,0.72,,10.8,0,0,,
4129900,1978,6920,1977,"ES","",,1,1,362,4,42,5,2,0.4,0,0,3.5,19.8,,,,
4130211,1978,6927,1977,"ES","",,1,7,414,5,51,6,14,0.6667,0.3571,0,12,11.3333,,,,
4132173,1979,6941,1977,"ES","",640330,3,5,102,1,19,7,2,0.8571,0,0,11,18.4286,0,0,0,0
4132249,1979,6941,1976,"ES","",269145,3,5,139,6,63,2,3,1,0.4444,0,8,10.5,0,0,0,0
4133133,1979,6948,1977,"ES","",547570,3,8,43,6,61,1,7,1,0,0,10.4286,9,0,0,0,0
4134715,1979,6955,1976,"ES","",83310,3,1,425,5,51,7,6,0.8571,0.4444,0.2778,16.5,11.2857,0,0,0,0
4134875,1979,6955,1978,"ES","",17320,3,14,524,1,15,4,11,1,0.7769,0.75,6.8182,6.5,0,0,0.1429,0.0909
4134946,1979,6955,1976,"ES","",,1,4,264,5,51,4,1,0.25,0,0,17,28,,,,
4135695,1979,6962,1977,"ES","",,1,9,249,6,69,9,2,0.7778,0.5,0.4898,5,22.3333,,,,
4138204,1979,6976,1977,"ES","",59390,3,1,417,5,53,10,5,1,0.56,0.58,5.4,9,0,0,0,0
4138480,1979,6976,1977,"ES","",,1,10,514,3,31,3,3,1,0.4444,0.4444,7.3333,8.6667,,,,
4138492,1979,6976,1975,"ES","",31025,3,10,514,3,31,5,16,1,0.3203,0.48,15.3125,5.4,0,0,0,0
4143527,1979,7011,1977,"ES","",36270,3,5,68,6,63,5,3,0.8,0.4444,0,6.6667,12.2,0,0,0,0
4145424,1979,7018,1978,"ES","",325700,3,2,514,3,31,2,0,1,,0,,11.5,0,0,,
4146636,1979,7025,1977,"ES","",,1,3,514,3,31,0,1,,0,,8,,,,,
4146720,1979,7025,1977,"ES","",325700,3,5,546,1,14,4,8,1,0.7188,0,11,8.75,0,0,0,0
4147870,1979,7032,1977,"ES","",325865,3,1,544,1,14,0,8,,0.2188,,14,,,,0,0
4150661,1979,7053,1977,"ES","",,1,9,126,6,66,6,6,1,0,0.5,1.5,2.5,,,,
4151077,1979,7053,1977,"ES","",,1,14,210,1,19,9,8,0.8889,0.5625,0.6563,8.75,9.1111,,,,
4151675,1979,7060,1977,"ES","",187315,3,4,446,6,62,6,2,0,0,,13.5,47.1667,0,0,0,0
4153494,1979,7067,1975,"ES","",,1,6,156,1,19,7,14,0.7143,0.6224,0.32,15.6429,16.7143,,,,
4155381,1979,7081,1978,"ES","",15225,3,8,139,6,63,5,0,0.8,,0,,9.6,0,0,,
4157883,1979,7102,1978,"ES","",,1,4,425,5,51,4,12,0.75,0.5694,0.6667,11.25,7.5,,,,
4158046,1979,7102,1977,"ES","",,1,1,423,1,19,4,0,0.5,,0,,29.25,,,,
4160468,1979,7130,1978,"ES","",269145,3,4,139,6,63,3,2,1,0,0,5,8,0,0,0,0
4161054,1979,7137,1977,"ES","",,1,6,26,6,63,10,1,0.4,0,0.375,12,33.6,,,,
4162046,1979,7144,1978,"ES","",,1,1,241,5,51,4,0,1,,0,,4.75,,,,
4162228,1979,7144,1978,"ES","",726215,2,4,510,1,19,5,2,0.8,0.5,0.625,7.5,8.4,0.25,0.2,0,0
4163789,1979,7158,1977,"ES","",31025,3,36,514,3,31,5,4,1,0.375,0.72,13.25,6.8,0,0,0,0
4164847,1979,7172,1976,"ES","",,1,6,60,4,45,9,3,0.7778,0.4444,0.4898,10.3333,16.4444,,,,
4167148,1979,7193,1977,"ES","",,1,5,114,5,55,5,8,0.8,0.375,0.625,11.625,17.8,,,,
4168325,1979,7200,1977,"ES","",364955,3,11,426,6,61,4,3,0.75,0,0,9.6667,9.5,0,0,0,0
4169318,1979,7214,1977,"ES","",456575,3,7,33,6,69,4,2,0.25,0.5,0,7,17.5,0,0,0,0
4169471,1979,7214,1977,"ES","",,1,15,123,5,53,2,1,1,0,0,16,6,,,,
4169738,1979,7214,1977,"ES","",,1,5,136,4,45,10,6,1,0,0.48,10.1667,4.1,,,,
4170087,1979,7221,1978,"ES","",17320,3,11,47,6,61,1,3,1,0,0,5,1,0,0,0.3333,0.3333
4170266,1979,7221,1977,"ES","",,1,18,175,6,64,10,10,0.8,0.58,0.4688,9,11.7,,,,
4172201,1979,7235,1978,"ES","",325700,3,3,546,1,14,1,5,1,0.48,0,5,11,0,0,0,0
4172424,1979,7242,1978,"ES","",,1,3,109,6,69,6,4,0.3333,0.625,0.5,12.25,37.6667,,,,
4172627,1979,7242,1978,"ES","",,1,7,439,4,41,2,3,0.5,0,0,11,13.5,,,,
4172894,1979,7242,1978,"ES","",325700,3,3,514,3,31,1,0,1,,0,,11,0,0,,
4173705,1979,7249,1978,"ES","",325700,3,6,546,1,14,0,1,,0,,1,,,,0,0
4174396,1979,7256,1978,"ES","",325700,3,5,514,3,31,4,1,1,0,0.625,13,7,0,0,0,0
4174451,1979,7256,1978,"ES","",325700,3,6,546,1,14,0,1,,0,,12,,,,0,0
4174685,1979,7263,1978,"ES","",3100,3,9,123,5,53,7,1,0.2857,0,0,5,42.2857,0,0,0,0
4174800,1979,7263,1978,"ES","",,1,2,226,5,51,3,0,1,,0.4444,,3.3333,,,,
4177904,1979,7284,1978,"ES","",,1,9,215,6,68,3,0,0.6667,,0,,18,,,,
4178450,1979,7284,1978,"ES","",325700,3,3,546,1,14,1,4,1,0.375,0,6,11,0,0,0,0
4178779,1979,7291,1978,"ES","",298870,3,4,66,6,63,5,1,0.2,0,0,13,41.8,0,0,0,0
4179565,1979,7291,1978,"ES","",325700,3,4,546,1,14,1,3,1,0.4444,0,3.6667,11,0,0,0,0
4179943,1979,7298,1977,"ES","",,1,19,74,5,59,4,3,0.25,0.4444,0,12.3333,40.75,,,,
4182233,1980,7312,1977,"ES","",,1,8,99,6,61,5,3,0.4,0,0.5,12,24.4,,,,
4184285,1980,7326,1977,"ES","",185870,3,14,446,6,62,3,2,0.3333,0,0,12.5,22,0,0,0,0
4185339,1980,7333,1977,"ES","",,1,7,4,6,65,7,5,0.2857,0.32,0,7,22.4286,,,,
4186479,1980,7340,1977,"ES","",,1,7,29,5,52,1,2,1,0.5,0,19,7,,,,
4187550,1980,7340,1976,"ES","",284160,3,29,700,2,22,6,3,1,0.6667,0.7222,7.6667,8.1667,0,0,0,0
4187564,1980,7347,1978,"ES","",,1,7,5,6,65,4,1,0.25,0,0,19,52,,,,
4189237,1980,7354,1979,"ES","",,1,4,366,1,19,4,5,0.75,0,0.4444,11.8,11,,,,
4189809,1980,7361,1977,"ES","",471260,3,7,24,6,63,4,9,1,0.7654,0.5,9.2222,6.25,0.3333,0.25,0,0
4190082,1980,7361,1978,"ES","",172965,3,4,137,6,69,0,5,,0.56,,6.2,,,,0,0
4190379,1980,7361,1978,"ES","",,1,8,404,6,69,11,4,0.3636,0.375,0.5,10,38.6364,,,,
4191495,1980,7368,1978,"ES","",505020,3,11,405,6,64,6,4,0.5,0.375,0,3.75,16.5,0,0,0,0
4193918,1980,7382,1978,"ES","",31580,3,5,540,1,14,3,2,1,0,0,17,3.3333,0,0,0,0
4194374,1980,7389,1978,"ES","",298870,3,1,66,6,63,5,2,0.2,0,0,14,25.4,0,0,0,0
4195719,1980,7396,1977,"ES","",,5,2,192,5,53,3,8,1,0.4063,0,10.875,6.6667,,,,
4195807,1980,7396,1978,"ES","",287655,3,7,248,6,69,5,13,0.6,0.4615,0.4444,11.9231,17.2,0,0,0,0
4196599,1980,7403,1979,"ES","",298870,3,5,66,6,63,7,8,0.7143,0,0,7.125,18.4286,0,0,0,0
4197576,1980,7403,1977,"ES","",,1,12,700,2,22,5,21,1,0.3311,0,11.7143,6.4,,,,
4198770,1980,7417,1978,"ES","",,1,5,36,6,63,1,5,0,0,,8.2,42,,,,
4201219,1980,7431,1978,"ES","",,1,3,607,3,32,4,24,1,0.1528,0.375,10.0833,6.5,,,,
4202286,1980,7438,1978,"ES","",271210,3,17,112,6,63,6,6,0.8333,0,0,5.1667,12.8333,0,0,0,0
4202825,1980,7438,1978,"ES","",480605,3,1,549,1,14,4,2,0.75,0.5,0,17.5,13,0,0,0,0
4203329,1980,7445,1977,"ES","",564275,3,3,74,5,59,3,1,0.6667,0,0,11,17,0,0,0,0
4204063,1980,7445,1978,"ES","",325700,3,5,546,1,14,9,7,0.7778,0.6939,0,11.1429,18.3333,0,0,0,0
4204359,1980,7452,1978,"ES","",,1,4,446,6,62,2,2,0,0,,16.5,37,,,,
4206246,1980,7459,1978,"ES","",,1,6,426,6,61,8,4,0.25,0,0,14.5,39.875,,,,
4206678,1980,7466,1978,"ES","",,1,3,84,6,69,9,5,0.2222,0,0,14.8,47.8889,,,,
4208951,1980,7480,1978,"ES","",59390,3,5,91,5,53,3,4,0.6667,0.5,0.5,5.5,13,0,0,0.5,0.5
4209370,1980,7480,1977,"ES","",,1,5,205,1,19,13,1,0.6923,0,0.4938,2,15.7692,,,,
4210005,1980,7487,1979,"ES","",36270,3,9,68,6,63,2,3,1,0.4444,0,4.6667,3,0,0,0,0
4210434,1980,7487,1978,"ES","",272270,3,15,65,5,51,3,2,0.6667,0,0,5,15.3333,0,0,0,0
4212236,1980,7501,1977,"ES","",271220,3,3,99,6,61,3,1,0.6667,0,0,20,10.6667,0,0,0,0
4212597,1980,7501,1978,"ES","",,1,5,417,5,53,5,4,0,0.375,,9.5,24.8,,,,
4213220,1980,7508,1978,"ES","",,1,6,412,6,69,2,8,1,0.5938,0,8.875,8.5,,,,
4214325,1980,7515,1978,"ES","",204660,3,2,5,6,65,2,2,0.5,0,0,7.5,20,0,0,0,0
4214413,1980,7515,1979,"ES","",,1,7,52,6,69,5,2,1,0.5,0,11.5,7,,,,
4214747,1980,7515,1978,"ES","",,1,20,472,6,62,5,6,0.8,0.7778,0.625,9,16.6,,,,
4214963,1980,7515,1978,"ES","",,5,10,204,1,19,1,2,1,0,0,12.5,4,,,,
4215170,1980,7515,1978,"ES","",183870,3,17,428,6,69,13,53,0.7692,0.6857,0.64,10.6981,13.5385,0,0,0,0
4216214,1980,7522,1977,"ES","",454320,3,11,514,3,31,1,1,0,0,,20,24,0,0,0,0
4217932,1980,7536,1979,"ES","",59445,2,16,137,6,69,2,16,0.5,0.7422,0,7.0625,30,0,0,0,0
4221297,1980,7557,1978,"ES","",,1,8,209,5,51,3,10,0.3333,0.76,0,12.1,20.6667,,,,
4223600,1980,7571,1979,"ES","",354525,3,7,100,5,59,2,1,0.5,0,0,9,12.5,0,0,0,0
4225980,1980,7585,1978,"ES","",,1,4,623,3,39,4,6,1,0,0.375,6.8333,9.25,,,,
4226099,1980,7585,1978,"ES","",430585,3,4,70,6,65,3,3,0.3333,0,0,10.6667,50.6667,0,0,1,0.3333
4229030,1980,7599,1979,"ES","",,1,7,292,6,69,3,1,0,0,,9,80.6667,,,,
4229141,1980,7599,1978,"ES","",,1,1,416,1,19,5,3,1,0.4444,0,8.6667,10.4,,,,
4230019,1980,7606,1978,"ES","",,1,5,91,5,53,5,7,0.8,0.449,0,9.7143,18,,,,
4230849,1980,7606,1979,"ES","",31580,3,4,540,1,14,1,0,1,,0,,3,0,0,,
4231218,1980,7613,1976,"ES","",610145,3,24,56,6,61,12,3,0.5833,0,0.6122,12.3333,16.1667,0,0,0,0
4232162,1980,7613,1978,"ES","",31580,3,3,548,1,14,0,0,,,,,,,,,
4232521,1980,7620,1978,"ES","",,1,4,60,4,45,2,8,0.5,0.75,0,8.5,31,,,,
4232758,1980,7620,1978,"ES","",,1,3,180,5,55,4,6,1,0.7778,0.75,13.3333,9.5,,,,
4232769,1980,7620,1978,"ES","",269965,3,12,192,5,53,4,0,0.5,,0.5,,32.75,0,0,,
4233027,1980,7620,1978,"ES","",,1,3,8,1,11,4,3,0.75,0.4444,0.4444,7.6667,7.75,,,,
4233908,1980,7627,1978,"ES","",,1,11,105,5,55,4,1,0.75,0,0,10,23.25,,,,
4233921,1980,7627,1979,"ES","",505020,3,12,114,5,55,6,1,1,0,0.2778,15,6.3333,0,0,0,0
4234415,1980,7627,1979,"ES","",,1,37,209,5,51,15,3,0.2,0.4444,0,13,22.6,,,,
4235022,1980,7634,1979,"ES","",,1,5,33,6,69,3,3,0,0.4444,,11.3333,56.6667,,,,
4235319,1980,7634,1978,"ES","",271240,3,3,192,5,53,6,1,0.1667,0,0,18,40.8333,0,0,0,0
4235381,1980,7634,1979,"ES","",,1,8,239,5,59,4,6,1,0,0.375,10.6667,7.5,,,,
4235713,1980,7634,1978,"ES","",,1,9,210,1,19,2,8,1,0.75,0,11.75,13,,,,
4236765,1980,7641,1978,"ES","",,1,1,384,5,59,3,0,1,,0.4444,,5.3333,,,,
4236866,1980,7641,1977,"ES","",,1,5,415,5,53,9,6,0.2222,0.6111,0,8.8333,48.4444,,,,
4239523,1980,7655,1978,"ES","",,1,2,71,1,11,7,2,0.5714,0.5,0.5,5,25.7143,,,,
4242257,1980,7669,1979,"ES","",,1,7,530,1,15,0,1,,0,,11,,,,,
4242835,1981,7676,1979,"ES","",,1,3,47,6,61,7,10,0.8571,0.46,0.2778,13.2,13,,,,
4243679,1981,7676,1979,"ES","",,1,1,514,3,31,5,1,1,0,0.32,10,5.4,,,,
4244480,1981,7683,1979,"ES","",564845,3,1,215,6,68,5,7,0.4,0.449,0,7.4286,19.6,0,0,0,0
4245672,1981,7690,1978,"ES","",,1,10,137,6,69,5,0,0.4,,0.5,,23.2,,,,
4246152,1981,7690,1979,"ES","",430595,3,12,524,1,15,1,1,0,0,,3,42,0,0,0,0
4247268,1981,7697,1977,"ES","",,1,2,418,5,53,3,2,0,0,,13.5,44.6667,,,,
4247295,1981,7697,1980,"ES","",180955,3,3,8,1,11,8,4,0.25,0,0,15,29.75,0,0,0,0
4249358,1981,7711,1979,"ES","",642090,3,16,52,6,69,3,4,0.3333,0.625,0,10.25,47.6667,0,0,0,0
4251697,1981,7718,1979,"ES","",28095,3,10,200,4,41,10,2,1,0,0,2.5,5.5,0,0,0,0
4253561,1981,7732,1979,"ES","",,1,1,211,6,65,5,3,0.6,0.6667,0.6667,8.3333,18.4,,,,
4254570,1981,7739,1978,"ES","",,1,5,42,5,59,4,1,0.5,0,0,18,39.75,,,,
4257462,1981,7753,1980,"ES","",,1,6,144,5,51,9,3,0,0.6667,,4.6667,61.6667,,,,
4259359,1981,7760,1978,"ES","",398530,2,21,426,6,61,7,13,0.8571,0,0,10.4615,11.7143,0,0,0.25,0.2308
4260302,1981,7767,1979,"ES","",,1,10,408,5,51,5,7,0,0,,14.4286,63.8,,,,
4261342,1981,7774,1979,"ES","",,1,3,128,3,32,1,12,1,0.5694,0,14.5,4,,,,
4264145,1981,7788,1979,"ES","",505020,3,9,359,5,54,3,3,1,0.4444,0.4444,9.3333,3,0,0,0,0
4265081,1981,7795,1978,"ES","",538625,3,17,57,6,63,6,2,0.6667,0,0,9,15,0,0,0,0
4266972,1981,7802,1979,"ES","",,1,16,205,1,19,6,16,1,0.5391,0.6111,9.125,4.5,,,,
4267334,1981,7802,1979,"ES","",454790,3,11,546,1,14,1,0,1,,0,,5,0,0,,
4267788,1981,7809,1977,"ES","",,1,8,114,5,55,5,2,0.8,0.5,0.625,8.5,29,,,,
4269310,1981,7816,1979,"ES","",,1,2,206,6,68,5,19,0.8,0.554,0.5,12.3684,11.8,,,,
4270662,1981,7823,1978,"ES","",,1,8,211,6,65,10,5,0.9,0.32,0.4938,9.2,11.8,,,,
4271564,1981,7830,1979,"ES","",,1,9,19,1,11,6,6,0.5,0,0,9.5,19,,,,
4274712,1981,7844,1979,"ES","",505020,3,7,359,5,54,4,0,0.25,,0,,46,0,0,,
4275024,1981,7844,1979,"ES","",562520,3,23,264,5,51,11,1,0.4545,0,0,13,22.6364,0,0,0,0
4275030,1981,7844,1979,"ES","",,1,5,264,5,51,4,7,0.5,0.6939,0.5,12.2857,27.25,,,,
4275445,1981,7844,1979,"ES","",38300,3,7,700,2,22,7,8,1,0.7813,0.5714,7.5,5.2857,0,0,0,0
4275574,1981,7851,1979,"ES","",,1,5,66,6,63,7,1,0.2857,0,0.5,1,22.7143,,,,
4275709,1981,7851,1979,"ES","",,1,4,126,6,66,3,2,1,0.5,0.6667,9,4,,,,
4275898,1981,7851,1978,"ES","",,1,6,280,5,55,1,0,1,,0,,11,,,,
4279591,1981,7872,1978,"ES","",,1,5,431,6,66,8,4,1,0,0.4063,15,10.375,,,,
4281587,1981,7886,1979,"ES","",,1,8,91,5,53,2,4,1,0.625,0.5,5.25,4.5,,,,
4282956,1981,7893,1979,"ES","",269965,3,15,192,5,53,5,0,0.6,,0.4444,,29.6,0,0,,
4283035,1981,7893,1979,"ES","",,1,14,248,6,69,7,1,0.2857,0,0.5,7,43.4286,,,,
4283812,1981,7900,1979,"ES","",,1,7,425,5,51,5,4,0,0.75,,11.25,30.2,,,,
4283898,1981,7900,1979,"ES","",129835,3,9,52,6,69,8,8,0.625,0.4063,0,13.5,13.5,0,0,0,0
4284251,1981,7900,1979,"ES","",,1,3,242,5,51,3,11,0.6667,0.1653,0,10.4545,20,,,,
4285229,1981,7907,1979,"ES","",172980,3,14,73,4,43,3,2,0.3333,0.5,0,12.5,23.3333,0,0,0,0
4285267,1981,7907,1979,"ES","",59390,3,1,91,5,53,3,1,1,0,0,4,3.3333,0,0,1,1
4287733,1981,7921,1979,"ES","",,1,8,70,6,65,10,10,1,0.34,0.34,6.6,8.1,,,,
4288223,1981,7921,1980,"ES","",41895,3,12,440,5,55,11,7,0.2727,0.8163,0.4444,6,63.8182,0,0,0,0
4288597,1981,7921,1980,"ES","",325700,3,22,546,1,14,1,0,0,,,,31,0,0,,
4290350,1981,7935,1979,"ES","",,1,9,99,6,61,3,7,1,0.4082,0,8.2857,2.3333,,,,
4290412,1981,7935,1979,"ES","",,5,31,126,6,66,20,1,0.9,0,0.3827,6,8,,,,
4290863,1981,7935,1979,"ES","",,1,7,205,1,19,3,1,1,0,0.4444,9,2.6667,,,,
4293149,1981,7949,1979,"ES","",271200,3,5,285,6,67,9,9,0.7778,0,0,10.7778,16.4444,0,0,0,0
4294034,1981,7956,1979,"ES","",,1,5,446,6,62,7,0,0.4286,,0.4444,,27.1429,,,,
4296673,1981,7970,1978,"ES","",59390,3,11,91,5,53,6,2,1,0,0.5,10,7.6667,0,0,0,0
4296735,1981,7970,1978,"ES","",,1,6,126,6,66,10,1,0.9,0,0.3704,16,7.5,,,,
4299215,1981,7984,1979,"ES","",,1,9,128,3,32,1,2,1,0.5,0,8.5,3,,,,
4300057,1981,7984,1979,"ES","",252230,3,7,307,4,49,4,11,1,0.6942,0.625,10,8,0,0,0,0
4300594,1981,7991,1979,"ES","",59390,3,4,137,6,69,1,9,1,0.716,0,9,5,0,0,0,0
4301733,1981,7998,1979,"ES","",,1,20,102,1,19,6,9,0.8333,0.1975,0.32,6.4444,24.1667,,,,
4302594,1981,7998,1980,"ES","",579565,3,9,556,1,14,3,1,1,0,0.4444,7,3.3333,0,0,0,0
4302907,1981,8005,1979,"ES","",,1,9,49,5,59,4,4,0.25,0.375,0,6.75,27,,,,
4302949,1981,8005,1979,"ES","",,5,11,62,6,69,4,4,0.75,0.375,0,12,11.25,,,,
4305787,1981,8019,1979,"ES","",,1,14,376,4,44,2,10,1,0.18,0,8.7,3,,,,
4307584,1981,8033,1979,"ES","",134435,3,2,464,5,53,6,3,0.6667,0.4444,0.375,7.3333,16.8333,0,0,0,0
4310024,1982,8047,1980,"ES","",59390,3,6,137,6,69,2,10,1,0.54,0,4.5,2,0.5,0.5,0.6667,0.6
4310095,1982,8047,1980,"ES","",,1,8,211,6,65,8,4,0.125,0.625,0,9.25,44,,,,
4310368,1982,8047,1980,"ES","",,1,8,156,1,19,4,2,0.75,0,0.4444,3,24.5,,,,
4310724,1982,8047,1979,"ES","",28095,3,1,379,2,21,1,2,1,0,0,9,8,0,0,0,0
4311550,1982,8054,1980,"ES","",66935,3,27,156,1,19,6,20,0.8333,0.725,0.32,10,14.5,0,0,0,0
4313630,1982,8068,1979,"ES","",,1,14,289,6,69,6,5,0.5,0.32,0,4.4,16.8333,,,,
4313687,1982,8068,1978,"ES","",,1,10,403,6,67,3,20,0.6667,0.445,0,9.8,32.6667,,,,
4314533,1982,8075,1979,"ES","",,1,28,123,5,53,4,2,1,0.5,0.375,11,9.75,,,,
4316689,1982,8089,1979,"ES","",,1,9,411,5,59,5,2,0.6,0,0.6667,6.5,23.8,,,,
4318513,1982,8103,1980,"ES","",,1,8,242,5,51,3,1,0.3333,0,0,17,24.6667,,,,
4318650,1982,8103,1980,"ES","",287655,3,3,411,5,59,2,5,1,0.56,0,4.6,3,0,0,0,0
4318727,1982,8103,1980,"ES","",,1,10,65,5,51,3,3,0.6667,0.6667,0,12.3333,15.3333,,,,
4318987,1982,8103,1979,"ES","",,1,2,435,3,33,4,8,0.5,0.2188,0,15.25,18.25,,,,
4320780,1982,8117,1980,"ES","",59390,3,3,137,6,69,3,6,1,0.6111,0.4444,4.3333,3.3333,0,0,0.25,0.1667
4324099,1982,8138,1978,"ES","",,1,2,60,4,45,2,2,0,0,,8.5,72,,,,
4327643,1982,8159,1979,"ES","",,1,5,102,1,19,8,6,0.875,0,0.2449,10.1667,8.75,,,,
4327810,1982,8159,1979,"ES","",,1,2,180,5,55,5,3,1,0,0.48,3,8.8,,,,
4331301,1982,8180,1980,"ES","",,1,7,156,1,19,5,12,1,0.4028,0.32,8.1667,5.4,,,,
4332366,1982,8187,1980,"ES","",,1,2,248,6,69,7,5,0.4286,0.56,0.6667,8.6,23,,,,
4332682,1982,8187,1980,"ES","",,1,22,210,1,19,13,1,0.8462,0,0,9,13.2308,,,,
4336376,1982,8208,1981,"ES","",217685,3,5,540,1,14,1,0,1,,0,,3,0,0,,
4336470,1982,8208,1979,"ES","",,1,23,310,4,45,1,15,1,0.5244,0,13.9333,4,,,,
4337035,1982,8215,1980,"ES","",306105,3,4,432,6,66,6,0,0.5,,0.4444,,23.1667,0,0,,
4337287,1982,8215,1980,"ES","",,1,6,428,6,69,6,2,0.8333,0.5,0.48,10,18.1667,,,,
4338176,1982,8222,1979,"ES","",172970,3,7,204,1,19,5,4,1,0.625,0.72,11.25,7,0.25,0.2,0,0
4341099,1982,8243,1980,"ES","",559640,3,5,70,6,65,3,4,1,0,0,8,7.6667,0,0,0,0
4342729,1982,8250,1980,"ES","",,5,10,423,1,19,11,8,0.0909,0.375,0,4.125,48.9091,,,,
4342763,1982,8250,1980,"ES","",457300,3,10,514,3,31,1,0,1,,0,,10,0,0,,
4346572,1982,8278,1979,"ES","",298870,3,10,66,6,63,5,1,0.6,0,0,6,23.4,0,0,0,0
4347402,1982,8278,1980,"ES","",,1,25,174,4,41,13,11,0.9231,0.1653,0.625,7.8182,7.3846,,,,
4348968,1982,8292,1980,"ES","",,1,23,110,6,66,4,3,0,0.4444,,10,74.5,,,,
4350085,1982,8299,1980,"ES","",,1,12,454,5,59,8,2,0.625,0.5,0.56,4,18.875,,,,
4350200,1982,8299,1979,"ES","",,1,24,165,6,66,11,4,0.8182,0.625,0.5926,6.5,7.8182,,,,
4350543,1982,8299,1980,"ES","",430595,3,2,156,1,19,1,0,1,,0,,7,0,0,,
4350708,1982,8299,1980,"ES","",516545,3,9,426,6,61,5,4,0.6,0,0,6.75,14.4,0,0,0,0
4350878,1982,8299,1981,"ES","",,1,10,235,5,59,13,0,0.2308,,0,,25.1538,,,,
4351903,1982,8306,1980,"ES","",115215,3,11,435,3,33,3,1,1,0,0,5,1,0,0,0,0
4352935,1982,8313,1981,"ES","",,1,1,549,1,14,4,0,1,,0.625,,4.5,,,,
4353363,1982,8320,1981,"ES","",,1,2,128,3,32,11,10,1,0.18,0.1653,7.5,6.7273,,,,
4355439,1982,8334,1980,"ES","",,1,5,19,1,11,2,14,0.5,0,0,8.0714,17,,,,
4355716,1982,8334,1980,"ES","",,1,1,206,6,68,9,1,0.1111,0,0,2,37.2222,,,,
4358988,1982,8355,1980,"ES","",,1,3,91,5,53,5,1,0.8,0,0.625,15,12,,,,
4362230,1982,8376,1980,"ES","",207915,3,13,192,5,53,3,11,0.3333,0.314,0,8.4545,28,0,0,0,0
4362248,1982,8376,1979,"ES","",,1,3,211,6,65,7,3,0.4286,0.6667,0.6667,12.6667,33.5714,,,,
4362481,1982,8376,1980,"ES","",,1,12,418,5,53,3,0,0,,,,45.6667,,,,
4362488,1982,8376,1981,"ES","",,1,6,425,5,51,7,10,0.7143,0.58,0.64,7.8,15,,,,
4364163,1982,8390,1980,"ES","",115505,3,4,29,5,52,3,4,1,0.375,0.4444,7.5,11.3333,0,0,0,0
4364247,1982,8390,1980,"ES","",,1,6,66,6,63,4,4,0.25,0.625,0,3.75,30.25,,,,
4365179,1982,8390,1981,"ES","",,5,2,310,4,45,8,2,0.5,0,0,12.5,19.125,,,,
4367063,1983,8404,1981,"ES","",,1,7,416,1,19,21,0,0.5238,,0.4959,,21.2381,,,,
4367232,1983,8404,1977,"ES","",204120,3,3,514,3,31,6,8,0.8333,0,0.64,17.125,13.1667,0,0,0,0
4367379,1983,8404,1980,"ES","",149360,3,5,200,4,41,4,2,0.75,0,0,8.5,13,0,0,0,0
4367669,1983,8411,1980,"ES","",352295,3,2,83,5,51,3,3,0.6667,0,0.5,5.3333,36,0,0,0,0
4367727,1983,8411,1980,"ES","",,1,1,126,6,66,5,5,1,0.32,0,10.6,7.4,,,,
4367748,1983,8411,1981,"ES","",,1,1,450,6,63,2,2,1,0,0,12.5,17.5,,,,
4368896,1983,8418,1980,"ES","",,1,3,280,5,55,3,1,0.3333,0,0,16,16.6667,,,,
4369986,1983,8425,1980,"ES","",,1,3,280,5,55,7,2,0.7143,0,0.32,11.5,16.1429,,,,
4370939,1983,8432,1980,"ES","",54600,3,11,112,6,63,7,3,0.8571,0,0,14.6667,7.2857,0,0,0,0
4371649,1983,8432,1981,"ES","",,1,5,523,1,15,2,3,1,0.6667,0.5,3,10.5,,,,
4372137,1983,8439,1980,"ES","",430585,3,3,70,6,65,2,2,0.5,0,0,13,32.5,1,0.5,0,0
4372471,1983,8439,1980,"ES","",610880,3,1,225,5,51,12,0,0.6667,,0.4063,,21.1667,0,0,,
4374443,1983,8453,1980,"ES","",,1,24,15,6,69,9,7,0.5556,0.4898,0.32,12,21.4444,,,,
4378546,1983,8488,1981,"ES","",363070,3,8,335,4,41,2,0,1,,0,,11,0,0,,
4379793,1983,8502,1981,"ES","",85230,3,3,514,3,31,1,5,1,0.32,0,3,3,0,0,0,0
4382319,1983,8530,1981,"ES","",,1,5,24,6,63,7,0,0.2857,,0,,51,,,,
4384001,1983,8537,1978,"ES","",,1,9,514,3,31,0,2,,0,,12.5,,,,,
4384391,1983,8544,1981,"ES","",,5,9,24,6,63,2,13,1,0,0.5,7.1538,4.5,,,,
4389604,1983,8572,1981,"ES","",271250,3,6,318,4,45,5,1,1,0,0.32,1,4.6,0,0,0,0
4390302,1983,8579,1981,"ES","",546795,3,3,403,6,67,4,0,1,,0.75,,9.25,0,0,,
4391332,1983,8586,1981,"ES","",41900,3,4,166,6,64,6,12,1,0.6528,0.6111,8.25,7.8333,0,0,0,0
4391460,1983,8586,1980,"ES","",,1,4,292,6,69,3,4,0,0.375,,11.75,44.6667,,,,
4391463,1983,8586,1981,"ES","",,1,8,292,6,69,2,4,1,0.375,0,5.5,6.5,,,,
4391469,1983,8586,1981,"ES","",222760,3,31,299,6,64,4,3,1,0.4444,0.375,4,10,0.75,0.75,0,0
4391577,1983,8586,1982,"ES","",234195,3,8,425,5,51,15,0,0.6,,0.3704,,27.8667,1,0.0667,,
4391974,1983,8586,1980,"ES","",338915,3,1,540,1,14,4,0,1,,0,,3,0,0,,
4396238,1983,8614,1981,"ES","",436350,3,8,312,6,65,11,5,0.3636,0.32,0.375,11.6,31.8182,0,0,0,0
4396380,1983,8614,1980,"ES","",369235,3,3,493,5,51,6,1,0.3333,0,0,12,37.1667,0,0,0,0
4396843,1983,8614,1981,"ES","",,1,8,290,4,45,2,0,0.5,,0,,19.5,,,,
4399809,1983,8635,1980,"ES","",,1,11,600,3,32,3,13,0.6667,0.497,0.5,8.3846,9.3333,,,,
4401531,1983,8642,1982,"ES","",,1,16,423,1,19,3,2,1,0.5,0.4444,7,6,,,,
4403637,1983,8656,1981,"ES","",,1,4,383,6,68,3,1,0.6667,0,0.5,15,29,,,,
4405023,1983,8663,1982,"ES","",,1,11,177,6,69,2,5,1,0.56,0,4.8,6.5,,,,
4405782,1983,8663,1981,"ES","",217685,3,7,540,1,14,2,4,1,0,0,8,6.5,0,0,0.25,0.25
4407770,1983,8677,1982,"ES","",548300,3,10,264,5,51,8,1,0.375,0,0.4444,8,22.625,0,0,0,0
4410564,1983,8691,1981,"ES","",463560,3,13,427,1,12,3,1,0.6667,0,0.5,3,17.3333,0,0,0,0
4411118,1983,8698,1981,"ES","",,1,9,52,6,69,6,1,0.3333,0,0,14,41.8333,,,,
4412364,1983,8705,1981,"ES","",,1,6,12,6,63,4,16,0,0.8125,,10.6875,37.5,,,,
4413658,1983,8712,1981,"ES","",,1,13,139,6,63,4,1,0.75,0,0,5,20.75,,,,
4414989,1983,8719,1981,"ES","",,1,1,131,6,61,2,0,1,,0,,12.5,,,,
4415669,1983,8719,1981,"ES","",367520,2,1,435,3,33,3,8,0.6667,0.4063,0,9.375,18.3333,0,0,0.125,0.125
4415814,1983,8719,1981,"ES","",,1,3,290,4,45,2,5,1,0.48,0,8,3,,,,
4416127,1983,8726,1981,"ES","",,1,19,70,6,65,4,10,1,0.18,0.625,11,1.75,,,,
4417966,1983,8733,1981,"ES","",273955,3,11,204,1,19,6,25,0.1667,0.1472,0,10.36,53.5,0,0,0,0
4418885,1983,8740,1981,"ES","",,1,2,249,6,69,1,0,1,,0,,5,,,,
4419229,1983,8740,1982,"ES","",55610,3,1,210,1,19,7,0,1,,0.2449,,13.1429,0,0,,
4419939,1983,8747,1981,"ES","",,1,35,109,6,69,3,1,0.6667,0,0,17,47.6667,,,,
4420157,1983,8747,1982,"ES","",,1,10,273,6,62,4,3,0.75,0,0,8.3333,23.75,,,,
4421610,1983,8754,1981,"ES","",,1,3,205,1,19,6,6,1,0.5,0,8.8333,7.3333,,,,
4423329,1983,8761,1980,"ES","",299050,3,5,250,4,44,7,5,1,0.32,0.2449,6.2,5.7143,0,0,0,0
4423817,1984,8768,1981,"ES","",,1,7,211,6,65,5,9,1,0.716,0,10.2222,7.8,,,,
