5181454,1993,12079,1991,"ES","",687608,3,9,99,6,61,4,0,0.75,,0.4444,,19,0,0,,
5182280,1993,12079,1991,"ES","",325840,3,4,514,3,31,5,3,1,0.4444,0.32,4,11.8,0,0,0.6667,0.6667
5182281,1993,12079,1992,"ES","",325840,3,2,514,3,31,0,5,,0.48,,3.2,,,,0.4,0.4
5183821,1993,12086,1991,"ES","",689371,3,6,514,3,31,9,3,0.7778,0.6667,0.7755,3.3333,23.6667,0,0,0,0
5185920,1993,12100,1991,"ES","",,1,9,29,5,52,6,0,0.5,,0.4444,,29.6667,,,,
5185981,1993,12100,1992,"ES","",435070,3,2,52,6,69,29,0,0.5172,,0.24,,30.5862,0.0833,0.0345,,
5186210,1993,12100,1991,"ES","",59475,3,9,137,6,69,2,1,1,0,0,1,4.5,0.5,0.5,0,0
5186369,1993,12100,1990,"ES","",689623,3,5,222,1,19,11,5,0.6364,0.48,0.2449,6.6,26.6364,0,0,0,0
5187177,1993,12100,1991,"ES","",410090,3,5,514,3,31,0,0,,,,,,,,,
5187341,1993,12100,1989,"ES","",,1,11,219,4,49,12,7,1,0,0,6.7143,12.75,,,,
5187919,1993,12107,1990,"ES","",559635,3,4,53,6,68,14,0,0.8571,,0.1528,,13.4286,0.1,0.0714,,
5188225,1993,12107,1992,"ES","",,1,14,206,6,68,18,7,0.7778,0,0.4898,2.7143,21.6111,,,,
5190492,1993,12114,1991,"ES","",,1,2,446,6,62,5,1,1,0,0,5,19.6,,,,
5191679,1993,12121,1991,"ES","",,1,6,16,5,59,3,13,0.3333,0.3905,0,3.7692,67.6667,,,,
5191956,1993,12121,1991,"ES","",49795,3,3,194,5,59,1,4,1,0,0,3.75,6,0,0,0.25,0.25
5192305,1993,12121,1991,"ES","",,1,8,606,3,32,8,3,0.625,0.4444,0.32,4.3333,49,,,,
5193234,1993,12128,1992,"ES","",444455,3,4,5,6,65,3,3,0.6667,0.4444,0,4,17.6667,0,0,0,0
5193447,1993,12128,1990,"ES","",74130,3,18,99,6,61,2,0,1,,0,,16,0,0,,
5193564,1993,12128,1991,"ES","",690342,3,4,134,6,69,8,0,1,,0,,8.25,0,0,,
5193754,1993,12128,1991,"ES","",682533,3,2,241,5,51,2,5,1,0,0,3.6,5,0,0,0,0
5195749,1993,12135,1990,"ES","",350115,3,7,473,6,62,14,3,0.7857,0,0,7,22.7143,0,0,0,0
5197586,1993,12142,1991,"ES","",,1,21,198,5,59,13,3,0.9231,0.4444,0.2778,4,15.1538,,,,
5197872,1993,12142,1990,"ES","",92220,3,1,431,6,66,4,3,1,0,0.375,5,18.5,0.3333,0.25,0,0
5198496,1993,12142,1990,"ES","",690831,3,8,525,1,15,18,1,1,0,0.6728,5,9.3333,0,0,0,0
5198543,1993,12142,1991,"ES","",684195,3,3,536,1,14,1,4,1,0,0,3.75,4,0,0,0,0
5199132,1993,12149,1991,"ES","",271240,3,4,16,5,59,2,2,1,0,0.5,3,4,0.5,0.5,0,0
5199765,1993,12149,1990,"ES","",219155,2,9,297,6,65,3,7,1,0,0.4444,5.2857,4.6667,0,0,0,0
5200095,1993,12149,1991,"ES","",690991,3,9,210,1,19,9,0,1,,0.6173,,5.7778,0,0,,
5200226,1993,12149,1990,"ES","",691005,3,5,426,6,61,5,7,0.8,0,0,4.8571,17,0,0,0,0
5200555,1993,12149,1991,"ES","",691032,3,4,562,1,14,4,0,1,,0.625,,7.5,0,0,,
5201141,1993,12156,1990,"ES","",60105,3,20,47,6,61,7,1,0.8571,0,0,8,21.2857,0,0,0,0
5201683,1993,12156,1991,"ES","",187315,3,8,446,6,62,9,1,0.7778,0,0.2449,3,21.4444,0,0,0,0
5201770,1993,12156,1991,"ES","",,1,3,623,3,39,2,2,1,0,0,5.5,6.5,,,,
5202263,1993,12156,1991,"ES","",687608,3,6,435,3,33,11,0,0.5455,,0.6667,,50,0,0,,
5203874,1993,12163,1992,"ES","",552410,3,5,470,5,59,5,0,0.4,,0.5,,42.2,0,0,,
5203995,1993,12163,1992,"ES","",,1,10,210,1,19,6,1,1,0,0.2778,2,19.8333,,,,
5204365,1993,12163,1991,"ES","",520665,3,8,514,3,31,0,0,,,,,,,,,
5205271,1993,12170,1991,"ES","",691443,3,6,124,5,59,5,5,0.4,0,0,4.8,52.6,0,0,0.4,0.4
5205387,1993,12170,1992,"ES","",603215,3,13,192,5,53,12,4,0.9167,0.375,0,3.75,9.3333,0.1,0.0833,0,0
5205760,1993,12170,1991,"ES","",11995,3,9,439,4,41,2,1,1,0,0,3,12,0,0,0,0
5205963,1993,12170,1992,"ES","",173100,3,21,252,1,19,11,1,1,0,0.7438,5,11.4545,0,0,0,0
5206608,1993,12170,1991,"ES","",10940,3,2,327,4,41,2,1,1,0,0.5,4,9.5,0,0,0,0
5207326,1993,12177,1992,"ES","",,1,14,206,6,68,13,1,0.6154,0,0.6875,1,32.2308,,,,
5207676,1993,12177,1991,"ES","",290870,3,25,606,3,32,6,21,1,0.1769,0,4.7619,7.6667,0,0,0.0625,0.0476
5208246,1993,12177,1991,"ES","",745502,3,24,514,3,31,1,4,1,0.375,0,2.25,19,0,0,0.25,0.25
5208254,1993,12177,1991,"ES","",325890,3,6,514,3,31,2,0,1,,0,,16.5,1,0.5,,
5208393,1993,12177,1991,"ES","",688937,3,31,570,1,14,1,2,1,0,0,2.5,1,0,0,0,0
5209150,1993,12184,1991,"ES","",,1,6,83,5,51,9,1,0.6667,0,0.6111,4,26.6667,,,,
5209157,1993,12184,1992,"ES","",691005,3,6,99,6,61,8,5,0.75,0.72,0.5,3.6,19,0,0,0,0
5209340,1993,12184,1992,"ES","",691787,3,12,198,5,59,9,6,0.6667,0.2778,0.6111,1.5,30.5556,0,0,0.25,0.1667
5209393,1993,12184,1992,"ES","",691795,3,3,229,6,68,9,1,0.6667,0,0,2,23.6667,0,0,0,0
5210288,1993,12184,1991,"ES","",,1,9,562,1,14,1,0,1,,0,,17,,,,
5210995,1993,12191,1991,"ES","",691923,3,9,53,6,68,5,0,1,,0,,16.6,0,0,,
5211523,1993,12191,1991,"ES","",284210,3,6,414,5,51,8,3,1,0.6667,0.8125,2.3333,11.125,0,0,0,0
5214040,1993,12198,1992,"ES","",325840,3,3,514,3,31,2,6,1,0.2778,0,4.8333,7.5,0,0,0.1667,0.1667
5215119,1993,12205,1991,"ES","",415160,3,5,137,6,69,4,0,0.5,,0,,42.25,0,0,,
5217228,1993,12212,1992,"ES","",,1,14,473,6,62,4,13,1,0,0,3.3077,8.25,,,,
5217481,1993,12212,1991,"ES","",,1,1,606,3,32,3,1,1,0,0,7,5.3333,,,,
5222522,1993,12233,1991,"ES","",693012,3,6,137,6,69,3,2,0.3333,0.5,0,4.5,26.6667,0,0,0,0
5222618,1993,12233,1991,"ES","",693022,3,5,220,6,68,8,0,0.5,,0.375,,43.75,0,0,,
5222921,1993,12233,1991,"ES","",693063,3,11,475,5,53,11,7,0.9091,0.2449,0.18,3.1429,12.3636,0,0,0,0
5223504,1993,12233,1991,"ES","",693118,3,9,514,3,31,1,4,1,0.625,0,4.75,13,0,0,0,0
5224199,1993,12233,1992,"ES","",566570,3,10,385,2,21,3,8,1,0,0,3.25,6.6667,0,0,0,0
5224499,1993,12240,1991,"ES","",,1,6,131,6,61,4,1,0.25,0,0,7,30.75,,,,
5225592,1993,12240,1992,"ES","",688937,2,10,562,1,14,3,2,1,0,0.6667,1,11.6667,0,0,0,0
5226433,1993,12247,1992,"ES","",,1,10,132,6,65,6,2,0.8333,0.5,0.64,3,25.3333,,,,
5227486,1993,12247,1992,"ES","",325840,3,11,544,1,14,1,7,1,0.4082,0,3,1,1,1,0.2857,0.2857
5228147,1993,12254,1991,"ES","",,1,3,4,6,65,11,0,0.5455,,0,,41.4545,,,,
5228647,1993,12254,1991,"ES","",693596,3,3,251,5,53,3,1,0.3333,0,0,2,27,0,0,0,0
5228708,1993,12254,1991,"ES","",,1,4,280,5,55,7,1,1,0,0.7347,3,12.1429,,,,
5229509,1993,12254,1992,"ES","",31580,3,25,540,1,14,6,3,1,0,0.2778,2.3333,15.1667,0,0,0,0
5232456,1993,12268,1992,"ES","",,1,7,604,3,32,4,5,1,0,0,3.6,3,,,,
5232488,1993,12268,1991,"ES","",684195,3,11,75,5,52,1,3,1,0.4444,0,4.6667,17,0,0,0,0
5232706,1993,12268,1991,"ES","",181036,3,11,424,3,31,1,3,1,0,0,5.3333,5,0,0,0.3333,0.3333
5233647,1993,12268,1991,"ES","",566570,3,5,379,2,21,2,1,1,0,0.5,3,5,0,0,0,0
5236389,1993,12282,1992,"ES","",,1,4,453,5,59,3,0,1,,0,,2.3333,,,,
5237353,1993,12282,1991,"ES","",,1,1,352,5,54,8,2,0.875,0.5,0.6939,3,16.5,,,,
5237913,1993,12289,1992,"ES","",74130,3,13,99,6,61,11,4,0.3636,0,0.375,2,40,0.6667,0.1818,0,0
5238087,1993,12289,1992,"ES","",670697,2,1,187,5,55,6,3,0.5,0,0.4444,3.6667,36.3333,0,0,1,0.6667
5238441,1993,12289,1992,"ES","",187315,3,6,446,6,62,4,1,1,0,0,4,6.25,0,0,0,0
5240137,1993,12296,1992,"ES","",23335,3,10,220,6,68,7,1,0.8571,0,0.6111,2,15.5714,0,0,0,0
5240714,1993,12296,1989,"ES","",,1,7,424,3,31,0,0,,,,,,,,,
5241581,1993,12296,1992,"ES","",566570,3,3,379,2,21,1,1,1,0,0,5,3,0,0,0,0
5241893,1993,12303,1992,"ES","",59475,3,3,91,5,53,7,3,1,0,0.6531,4,8.2857,0,0,0,0
5243036,1993,12303,1991,"ES","",694907,3,15,536,1,14,3,0,1,,0.4444,,5.6667,0,0,,
5243110,1993,12303,1992,"ES","",685451,3,8,570,1,14,2,1,1,0,0.5,2,7,0,0,0,0
5243753,1993,12310,1992,"ES","",,1,11,29,5,52,6,0,1,,0.5,,6.1667,,,,
5244176,1993,12310,1992,"ES","",,1,11,248,6,69,3,0,0.3333,,0,,45.3333,,,,
5245033,1993,12310,1992,"ES","",695084,3,1,544,1,14,0,0,,,,,,,,,
5245091,1993,12310,1992,"ES","",685451,3,11,568,1,14,8,0,0.5,,0,,18.875,0,0,,
5245410,1993,12310,1990,"ES","",695113,3,13,356,4,43,2,4,1,0.375,0,5,4,0,0,0,0
5246194,1993,12317,1991,"ES","",,1,9,248,6,69,3,0,0.6667,,0.5,,29.3333,,,,
5246303,1993,12317,1991,"ES","",458105,3,2,403,6,67,10,4,0.4,0.75,0.5,4,43.2,0,0,0,0
5247765,1993,12324,1991,"ES","",695328,3,19,451,5,51,3,5,1,0.72,0,3.2,11.3333,0,0,0,0
5248023,1993,12324,1991,"ES","",294965,3,3,194,5,59,2,2,1,0,0.5,5.5,10,0,0,0,0
5248591,1993,12324,1991,"ES","",,1,4,435,3,33,0,1,,0,,5,,,,,
5249516,1993,12331,1992,"ES","",695486,3,8,99,6,61,11,1,0.2727,0,0,3,38.9091,0,0,1,1
5250003,1993,12331,1992,"ES","",695541,3,20,446,6,62,3,1,1,0,0,5,13.3333,0,0,0,0
5250151,1993,12331,1992,"ES","",,1,9,159,1,19,11,2,0.5455,0,0.6111,3.5,35.6364,,,,
5251784,1993,12338,1992,"ES","",695673,3,15,221,5,51,10,0,0.6,,0.4444,,26.9,0,0,,
5252728,1993,12338,1991,"ES","",694907,3,15,536,1,14,3,0,1,,0.4444,,9.3333,0,0,,
5252824,1993,12338,1992,"ES","",497435,3,8,250,4,44,4,4,1,0.625,0.75,2.75,13.25,0,0,0.5,0.25
5253814,1993,12345,1992,"ES","",682533,3,3,241,5,51,4,0,1,,0,,3.5,0.3333,0.25,,
5254220,1993,12345,1992,"ES","",187305,3,6,162,1,19,3,0,1,,0.4444,,1.6667,0.5,0.3333,,
5255824,1993,12352,1992,"ES","",269915,3,13,222,1,19,4,0,0,,,,57,0,0,,
5256129,1993,12352,1992,"ES","",696075,3,5,493,5,51,9,1,0.3333,0,0.4444,1,46.7778,0,0,1,1
5256665,1993,12352,1992,"ES","",751615,3,4,514,3,31,1,1,1,0,0,4,4,0,0,1,1
5257059,1993,12352,1992,"ES","",,1,12,396,5,54,4,1,1,0,0,2,10.25,,,,
5257161,1993,12352,1992,"ES","",,1,3,361,4,45,7,1,1,0,0.5714,2,6.5714,,,,
5257512,1993,12359,1992,"ES","",696183,3,4,63,6,69,8,1,0.625,0,0,5,27.125,0,0,0,0
5257831,1993,12359,1992,"ES","",,1,9,241,5,51,9,1,0.7778,0,0.6122,6,22.6667,,,,
5257911,1993,12359,1992,"ES","",696225,3,4,417,5,53,4,2,1,0.5,0.625,4,12.75,0,0,0,0
5258742,1993,12359,1992,"ES","",,1,3,340,2,21,6,0,0.8333,,0.72,,19,,,,
5259265,1993,12366,1992,"ES","",458105,3,6,74,5,59,11,2,1,0.5,0,3.5,6.7273,0,0,0,0
5259571,1993,12366,1992,"ES","",,1,13,244,5,55,9,1,0.6667,0,0.2778,3,20.5556,,,,
5259575,1993,12366,1992,"ES","",,1,20,244,5,55,7,0,0.7143,,0.32,,31.5714,,,,
5259944,1993,12366,1993,"ES","",696412,3,2,204,1,19,2,1,1,0,0.5,5,3.5,0,0,0,0
5260078,1993,12366,1992,"ES","",398530,2,11,426,6,61,8,3,1,0,0.2188,4,6.625,0.25,0.25,0,0
5261038,1993,12366,1991,"ES","",250060,2,16,358,2,21,2,4,1,0.75,0.5,2.75,8,0,0,0,0
5261292,1993,12373,1992,"ES","",458105,3,5,74,5,59,6,3,1,0.4444,0.2778,4,3.6667,0.1667,0.1667,0,0
5262697,1993,12373,1992,"ES","",696636,3,20,310,4,45,6,4,1,0.375,0.6111,4,20.1667,0,0,0.25,0.25
5263298,1993,12380,1992,"ES","",,1,20,52,6,69,8,1,0.875,0,0,6,27.625,,,,
5263756,1993,12380,1992,"ES","",,1,7,296,5,55,1,0,1,,0,,6,,,,
5264648,1993,12380,1991,"ES","",115215,3,3,585,1,19,5,0,1,,0.64,,2.8,0.2,0.2,,
5265493,1993,12387,1992,"ES","",696920,3,14,74,5,59,9,6,1,0,0.4444,3.3333,4.2222,0,0,0,0
5265494,1993,12387,1991,"ES","",458105,3,15,74,5,59,10,1,1,0,0.58,5,6.4,0.1,0.1,0,0
5265702,1993,12387,1992,"ES","",670697,2,1,49,5,59,1,2,0,0,,3.5,59,0,0,0.5,0.5
5265710,1993,12387,1992,"ES","",458105,3,27,192,5,53,13,5,0.6923,0.72,0.5185,3.2,22.5385,0,0,0,0
5267316,1993,12387,1992,"ES","",17030,3,3,380,2,22,6,1,1,0,0.2778,1,2.6667,0,0,0,0
5268079,1993,12394,1992,"ES","",759416,2,11,204,1,19,7,3,0.8571,0.4444,0.5,3.6667,16.1429,0,0,0,0
5268271,1993,12394,1991,"ES","",684195,3,15,435,3,33,10,1,1,0,0,5,12.6,0,0,0,0
5269216,1993,12401,1992,"ES","",369720,3,26,99,6,61,10,5,1,0.48,0.7,2.8,12.3,0,0,0.4,0.4
5269773,1993,12401,1992,"ES","",697354,3,4,604,3,32,1,1,1,0,0,2,2,0,0,0,0
5269897,1993,12401,1991,"ES","",42355,3,3,204,1,19,10,0,1,,0.34,,14.9,0,0,,
5270512,1993,12401,1992,"ES","",418665,3,5,219,4,49,1,3,1,0.4444,0,2.6667,6,0,0,0,0
5270704,1993,12401,1991,"ES","",697419,3,17,340,2,21,7,8,1,0.75,0.8163,3.5,8.1429,0,0,0,0
5271318,1993,12408,1992,"ES","",,1,6,100,5,59,6,0,0.6667,,0.625,,32,,,,
5271347,1993,12408,1991,"ES","",,1,7,112,6,63,6,9,1,0,0,4.1111,10.5,,,,
5271626,1993,12408,1992,"ES","",697533,2,4,273,6,62,2,3,1,0.4444,0.5,2.6667,13.5,0,0,0,0
5272170,1993,12408,1993,"ES","",745502,3,12,514,3,31,1,1,1,0,0,0,16,0,0,0,0
5273145,1993,12415,1992,"ES","",603215,3,4,192,5,53,6,4,1,0,0.2778,4,21,0,0,0,0
5273155,1993,12415,1992,"ES","",697676,3,4,206,6,68,5,0,0,,,,54.4,0,0,,
5273604,1993,12415,1992,"ES","",186885,2,1,156,1,19,11,8,0.9091,0.6875,0.62,3,13.0909,0,0,0.1667,0.125
5274234,1993,12415,1992,"ES","",697766,3,2,250,4,44,4,1,1,0,0,3,6.25,0,0,0,0
5274532,1993,12415,1991,"ES","",271240,3,26,362,4,42,10,0,0.8,,0.2188,,17,0,0,,
5275599,1994,12422,1992,"ES","",,1,11,606,3,32,18,12,0.5556,0.1528,0.34,3.6667,29.3889,,,,
5276054,1994,12422,1992,"ES","",367520,2,4,514,3,31,0,1,,0,,4,,,,0,0
5276055,1994,12422,1992,"ES","",367520,2,6,514,3,31,0,2,,0,,2,,,,0.5,0.5
5277011,1994,12429,1992,"ES","",,1,20,52,6,69,10,2,0.9,0,0,3,20.1,,,,
5277018,1994,12429,1991,"ES","",,1,3,57,6,63,5,0,0.8,,0,,17,,,,
5277102,1994,12429,1992,"ES","",698055,3,11,99,6,61,11,2,0.9091,0,0.18,1.5,16.2727,0,0,0.5,0.5
5278157,1994,12429,1991,"ES","",217685,3,11,514,3,31,3,0,1,,0,,23,0,0,,
5279434,1994,12436,1993,"ES","",689623,3,1,215,6,68,12,2,1,0,0.4861,1.5,9.1667,0,0,0,0
5279842,1994,12436,1991,"ES","",,1,23,426,6,61,7,0,0.7143,,0.32,,18.4286,,,,
5282409,1994,12450,1992,"ES","",,1,11,83,5,51,9,6,0.6667,0,0,3.3333,21,,,,
5282564,1994,12450,1992,"ES","",,1,18,227,5,59,7,1,1,0,0.449,6,15.8571,,,,
5284402,1994,12457,1993,"ES","",,1,11,405,6,64,6,0,0.3333,,0,,60.1667,,,,
5284873,1994,12457,1992,"ES","",325870,3,9,514,3,31,0,0,,,,,,,,,
5285902,1994,12464,1992,"ES","",,1,10,206,6,68,2,4,0.5,0.375,0,3.25,24,,,,
5288401,1994,12471,1992,"ES","",,1,9,210,1,19,4,0,0.25,,0,,48.5,,,,
5288506,1994,12471,1989,"ES","",618010,3,10,424,3,31,3,1,1,0,0,6,11.6667,0,0,0,0
5289938,1994,12478,1993,"ES","",,1,5,220,6,68,2,0,1,,0,,7,,,,
5289994,1994,12478,1992,"ES","",,1,1,244,5,55,9,3,0.5556,0,0.56,3.6667,28.8889,,,,
5290224,1994,12478,1992,"ES","",696075,3,4,493,5,51,3,0,1,,0.4444,,8,0,0,,
5291331,1994,12478,1991,"ES","",,1,4,359,5,54,1,1,1,0,0,5,4,,,,
5292022,1994,12485,1992,"ES","",,1,1,220,6,68,6,3,1,0.4444,0,4.6667,13.8333,,,,
5292076,1994,12485,1992,"ES","",682533,3,3,241,5,51,6,2,1,0,0.2778,4,5.3333,0.1667,0.1667,0,0
5292739,1994,12485,1992,"ES","",325840,3,8,514,3,31,7,4,1,0.375,0.4082,2.5,19.1429,0.1667,0.1429,0,0
5292886,1994,12485,1991,"ES","",,1,12,546,1,14,1,0,1,,0,,3,,,,
5293022,1994,12485,1992,"ES","",418665,3,4,219,4,49,2,3,1,0,0,3.3333,4.5,0,0,0,0
5294283,1994,12492,1992,"ES","",559635,3,1,156,1,19,1,3,0,0.4444,,2,60,0,0,0,0
5295494,1994,12499,1992,"ES","",,1,15,128,3,32,8,2,0.625,0,0.32,4.5,38.25,,,,
5295819,1994,12499,1992,"ES","",199875,3,12,431,6,66,5,0,0.8,,0,,16,0,0,,
5296469,1994,12499,1993,"ES","",751615,3,7,514,3,31,3,0,1,,0.4444,,9,0,0,,
5296872,1994,12499,1992,"ES","",250060,2,6,346,4,49,7,3,1,0.4444,0.449,4.3333,10.1429,0,0,0.6667,0.6667
5297666,1994,12506,1993,"ES","",,1,5,198,5,59,6,3,1,0.4444,0,1.6667,10,,,,
5298619,1994,12506,1992,"ES","",21970,3,4,544,1,14,0,0,,,,,,,,,
5299175,1994,12506,1993,"ES","",684195,3,30,367,2,21,3,1,1,0,0.4444,4,4.6667,0,0,0,0
5300095,1994,12513,1992,"ES","",,1,10,601,3,32,8,1,0.75,0,0.2778,2,20.875,,,,
5300148,1994,12513,1992,"ES","",491585,3,38,106,1,12,4,3,1,0.4444,0.375,2,9.25,0,0,0,0
5300309,1994,12513,1993,"ES","",700266,3,5,426,6,61,12,0,1,,0,,18.4167,0,0,,
5301635,1994,12520,1992,"ES","",564630,3,4,119,6,61,8,2,1,0,0.4063,1.5,14,0,0,0,0
5301740,1994,12520,1992,"ES","",,1,1,164,5,52,3,1,1,0,0,2,7.3333,,,,
5301830,1994,12520,1992,"ES","",,1,2,220,6,68,14,1,0.8571,0,0.1528,4,16.4286,,,,
5303679,1994,12527,1993,"ES","",,1,17,123,5,53,7,1,1,0,0,3,15.2857,,,,
5303930,1994,12527,1993,"ES","",700608,3,5,273,6,62,7,0,1,,0,,11.2857,0,0,,
5309498,1994,12541,1992,"ES","",566570,3,4,379,2,21,3,0,1,,0,,4.6667,0,0,,
5310930,1994,12548,1992,"ES","",758533,7,6,548,1,14,4,1,1,0,0.375,2,8.75,0,0,0,0
5311721,1994,12555,1992,"ES","",701300,3,7,53,6,68,11,0,0.9091,,0.48,,24,0,0,,
5311980,1994,12555,1993,"ES","",691787,3,20,198,5,59,12,2,0.75,0.5,0.4938,1,27.6667,0.2,0.0833,0,0
5313973,1994,12562,1990,"ES","",142845,3,26,137,6,69,22,2,0.8182,0,0.784,7,22,0,0,0,0
5314085,1994,12562,1992,"ES","",701521,3,2,215,6,68,8,4,1,0.375,0,3.75,7.875,0,0,0,0
5314163,1994,12562,1991,"ES","",59475,3,10,251,5,53,9,2,0.7778,0,0.4898,4.5,21.5556,0,0,0,0
5314468,1994,12562,1992,"ES","",,1,9,623,3,39,2,1,1,0,0.5,2,10,,,,
5314739,1994,12562,1992,"ES","",187305,3,2,428,6,69,6,0,1,,0.6667,,6.6667,0,0,,
5315806,1994,12569,1992,"ES","",,1,10,52,6,69,6,0,0.8333,,0.32,,27.8333,,,,
5315892,1994,12569,1992,"ES","",458105,3,4,74,5,59,7,0,0.8571,,0,,21.8571,0,0,,
5316038,1994,12569,1993,"ES","",,1,18,137,6,69,7,0,1,,0.449,,18.8571,,,,
5316118,1994,12569,1992,"ES","",49795,3,14,194,5,59,3,1,1,0,0.4444,2,8,0,0,0,0
5316120,1994,12569,1992,"ES","",49795,3,1,194,5,59,0,6,,0,,4.3333,,,,0,0
5316382,1994,12569,1992,"ES","",74130,3,12,366,1,19,6,3,1,0,0.6667,5,18.8333,0.25,0.1667,0,0
5316431,1994,12569,1992,"ES","",,1,15,414,5,51,5,4,0.8,0.375,0.375,3.25,14.6,,,,
5317110,1994,12569,1992,"ES","",559635,3,1,177,6,69,4,0,1,,0,,9.5,0.3333,0.25,,
5318336,1994,12576,1992,"ES","",271240,3,9,296,5,55,3,3,1,0,0,2.3333,6.3333,0.5,0.3333,0,0
5318437,1994,12576,1992,"ES","",701923,3,7,431,6,66,3,0,1,,0.4444,,14.6667,0,0,,
5318807,1994,12576,1992,"ES","",,5,7,427,1,12,4,6,1,0.7778,0.75,4.5,2.75,,,,
5319037,1994,12576,1992,"ES","",688937,3,7,525,1,15,4,1,1,0,0.5,4,7.5,0,0,0,0
5319075,1994,12576,1993,"ES","",491585,3,20,534,1,14,1,0,1,,0,,2,0,0,,
5319708,1994,12576,1992,"ES","",,1,13,380,2,22,4,1,1,0,0,4,5.5,,,,
5320296,1994,12583,1992,"ES","",,1,3,242,5,51,8,0,0.875,,0,,14,,,,
5321175,1994,12583,1992,"ES","",702164,3,10,585,1,19,1,0,1,,0,,20,0,0,,
5321795,1994,12583,1991,"ES","",,1,20,706,2,22,15,1,1,0,0.6222,6,4.8,,,,
5322153,1994,12590,1992,"ES","",49795,3,5,194,5,59,9,0,0.8889,,0.375,,18.7778,0,0,,
5322850,1994,12590,1993,"ES","",751615,3,12,514,3,31,3,4,1,0,0,3.5,2.3333,0,0,0,0
5324427,1994,12597,1993,"ES","",702517,3,4,210,1,19,19,3,1,0,0.0997,3,8.8947,0,0,0,0
5324652,1994,12597,1992,"ES","",694907,3,5,435,3,33,4,0,0,,,,86,0,0,,
5326302,1994,12604,1992,"ES","",187315,3,4,446,6,62,4,0,1,,0,,7.25,0,0,,
5326838,1994,12604,1992,"ES","",702164,3,12,526,1,15,8,1,1,0,0.375,4,16.25,0,0,0,0
5327758,1994,12611,1993,"ES","",,1,5,72,5,52,9,0,0.7778,,0.6939,,23.3333,,,,
5327990,1994,12611,1993,"ES","",,1,2,180,5,55,8,9,1,0.5926,0.4063,2,13.375,,,,
5329709,1994,12618,1992,"ES","",74130,3,22,38,6,63,10,0,0.2,,0.5,,43.5,0,0,,
5329763,1994,12618,1993,"ES","",505020,3,25,239,5,59,7,0,1,,0.2449,,3.7143,0,0,,
5331005,1994,12618,1993,"ES","",703129,3,6,514,3,31,2,0,1,,0,,4,0,0,,
5333430,1994,12632,1992,"ES","",,1,9,52,6,69,3,0,0.6667,,0.5,,34.6667,,,,
5333669,1994,12632,1993,"ES","",,1,2,164,5,52,1,0,1,,0,,16,,,,
5334156,1994,12632,1993,"ES","",703443,3,6,604,3,32,3,0,1,,0,,7.3333,0,0,,
5338033,1994,12646,1992,"ES","",703834,3,2,273,6,62,4,1,1,0,0,4,9.25,0,0,0,0
5339594,1994,12653,1990,"ES","",,1,3,52,6,69,1,6,1,0,0,6.1667,23,,,,
5340186,1994,12653,1993,"ES","",704051,3,8,296,5,55,7,1,1,0,0.6122,4,10.4286,0,0,0,0
5340359,1994,12653,1993,"ES","",275280,3,11,604,3,32,6,3,1,0.4444,0.5,2.6667,10,0.2,0.1667,0,0
5341080,1994,12653,1992,"ES","",218550,2,3,318,4,45,12,2,1,0.5,0.1528,3,4.5,0.2222,0.1667,0.5,0.5
5343444,1994,12660,1993,"ES","",11995,3,8,368,6,69,7,0,0.8571,,0.7778,,27.2857,0,0,,
5344293,1994,12667,1992,"ES","",696225,3,5,417,5,53,7,3,0.8571,0.4444,0.4444,4,16.7143,0,0,0,0
5344839,1994,12667,1993,"ES","",745502,3,11,514,3,31,0,0,,,,,,,,,
5347695,1994,12681,1993,"ES","",704732,3,6,24,6,63,10,0,0.1,,0,,68.2,0,0,,
5347924,1994,12681,1991,"ES","",28095,3,13,101,6,69,1,0,1,,0,,3,1,1,,
5348029,1994,12681,1992,"ES","",,1,15,132,6,65,11,0,0.6364,,0,,26.1818,,,,
5348204,1994,12681,1993,"ES","",,1,8,222,1,19,6,1,1,0,0.7222,3,21.8333,,,,
5348757,1994,12681,1993,"ES","",704856,3,11,426,6,61,17,0,1,,0,,7.5294,0,0,,
5349724,1994,12688,1992,"ES","",,1,5,24,6,63,6,2,0.5,0,0.4444,3.5,39.8333,,,,
5349854,1994,12688,1992,"ES","",670697,2,1,73,4,43,4,0,0.75,,0,,29.25,0,0,,
5351266,1994,12688,1992,"ES","",705068,3,5,373,6,66,8,2,0.375,0,0,4,49.25,0,0,0,0
5351505,1994,12695,1993,"ES","",696183,3,14,63,6,69,6,2,0.1667,0,0,0.5,59.1667,0,0,0,0
5351506,1994,12695,1993,"ES","",696183,3,13,63,6,69,5,0,0.8,,0.375,,39.4,0,0,,
5351514,1994,12695,1992,"ES","",,1,10,70,6,65,9,0,0.5556,,0,,36.5556,,,,
5351649,1994,12695,1993,"ES","",564630,3,8,119,6,61,1,1,1,0,0,3,12,0,0,0,0
5351799,1994,12695,1992,"ES","",49795,3,3,194,5,59,4,1,1,0,0.625,4,13.75,0,0,0,0
5352346,1994,12695,1993,"ES","",409605,3,2,204,1,19,7,1,0.8571,0,0.5,4,14.4286,0,0,0,0
5352396,1994,12695,1992,"ES","",,1,8,264,5,51,4,0,0.5,,0,,50.75,,,,
5353035,1994,12695,1992,"ES","",684195,3,13,343,2,21,2,1,1,0,0,6,11,0,0,0,0
5353894,1994,12702,1993,"ES","",670697,2,4,187,5,55,5,0,0.8,,0.375,,26.4,0,0,,
5354395,1994,12702,1993,"ES","",,1,7,156,1,19,4,1,0.75,0,0.4444,2,28.25,,,,
5354432,1994,12702,1992,"ES","",55665,3,5,203,1,19,10,1,0.9,0,0.3704,3,19.7,0.2222,0.2,1,1
5354667,1994,12702,1991,"ES","",705457,3,6,435,3,33,1,1,1,0,0,3,6,0,0,0,0
5354769,1994,12702,1993,"ES","",758533,3,2,514,3,31,4,0,1,,0.375,,8.75,0,0,,
5355254,1994,12702,1992,"ES","",271240,3,2,359,5,54,9,2,1,0.5,0.5926,3,6.8889,0,0,0,0
5355721,1994,12709,1993,"ES","",,1,11,73,4,43,4,1,1,0,0,4,19.75,,,,
5355886,1994,12709,1993,"ES","",,1,2,600,3,32,3,2,1,0,0,5,4,,,,
5356063,1994,12709,1993,"ES","",179605,3,5,227,5,59,8,0,0.875,,0,,17.125,0,0,,
5356915,1994,12709,1993,"ES","",745502,3,24,514,3,31,2,0,1,,0,,1.5,0.5,0.5,,
5357368,1994,12709,1990,"ES","",,1,16,359,5,54,2,0,1,,0.5,,21,,,,
5358214,1994,12716,1992,"ES","",,1,14,249,6,69,6,0,0.5,,0.4444,,36.5,,,,
5360813,1994,12723,1992,"ES","",745502,3,21,514,3,31,0,1,,0,,3,,,,0,0
5361875,1994,12730,1994,"ES","",,1,6,188,5,53,3,0,1,,0.4444,,4.6667,,,,
5364149,1994,12737,1992,"ES","",271240,3,4,296,5,55,5,5,1,0.48,0.48,4.4,6.8,0,0,0,0
5364373,1994,12737,1993,"ES","",706392,3,9,604,3,32,9,4,0.8889,0,0.375,2.5,21.1111,0,0,0.3333,0.25
5365394,1994,12737,1993,"ES","",706478,3,20,361,4,45,5,0,1,,0,,7.6,0,0,,
5366265,1994,12744,1993,"ES","",704051,3,6,296,5,55,3,3,1,0.4444,0.4444,3.6667,5.3333,0,0,0.3333,0.3333
5366310,1994,12744,1993,"ES","",,1,4,401,1,12,7,0,0.4286,,0.4444,,39.7143,,,,
5366626,1994,12744,1993,"ES","",138150,3,10,210,1,19,8,1,1,0,0.2188,5,10,0,0,0,0
5367091,1994,12744,1993,"ES","",364715,3,8,558,1,14,9,0,1,,0.4938,,9.5556,0,0,,
5367521,1994,12744,1993,"ES","",566570,3,5,370,2,21,6,2,1,0.5,0.2778,1,4.3333,0,0,0,0
5367968,1994,12751,1992,"ES","",187330,3,7,112,6,63,12,4,0.9167,0,0,3.5,12.75,0,0,0,0
5368149,1994,12751,1993,"ES","",49795,3,5,194,5,59,18,2,0.9444,0,0.3045,2.5,10.8889,0.1429,0.1111,0,0
5368732,1994,12751,1993,"ES","",138150,3,9,210,1,19,5,2,1,0.5,0.32,3.5,11.6,0.5,0.2,0,0
5369229,1994,12751,1993,"ES","",11995,3,8,200,4,41,2,0,1,,0.5,,15.5,0,0,,
5369830,1994,12758,1993,"ES","",706945,3,2,12,6,63,11,3,0.4545,0.4444,0,3,35,0,0,0,0
5369946,1994,12758,1993,"ES","",,1,11,57,6,63,8,0,1,,0,,14.625,,,,
5370210,1994,12758,1993,"ES","",49795,3,4,194,5,59,13,0,0.9231,,0.4028,,15.1538,0.125,0.0769,,
5370231,1994,12758,1993,"ES","",,1,5,206,6,68,9,1,0.4444,0,0.625,2,55.2222,,,,
5372423,1994,12765,1993,"ES","",,1,21,366,1,19,4,1,0.5,0,0.5,4,31.5,,,,
5372977,1994,12765,1993,"ES","",489515,3,11,501,1,19,9,8,0.8889,0.5313,0.4063,2.75,10.7778,0,0,0.375,0.375
5373198,1994,12765,1993,"ES","",707249,3,4,307,4,49,8,2,1,0.5,0.6563,3.5,13.25,0,0,0,0
5374437,1994,12772,1993,"ES","",369720,3,10,426,6,61,10,0,1,,0.7,,13.3,0,0,,
5375071,1994,12772,1992,"ES","",418665,3,3,702,2,22,10,0,1,,0.48,,5.8,0.1,0.1,,
5376631,1994,12779,1991,"ES","",57990,3,6,514,3,31,4,2,1,0,0.625,4.5,10.25,0.25,0.25,0,0
5377809,1995,12786,1992,"ES","",49795,3,3,194,5,59,3,0,1,,0,,8.6667,0,0,,
5377918,1995,12786,1992,"ES","",707679,3,8,241,5,51,5,5,0.6,0,0.4444,3.6,29.8,0,0,0,0
5382155,1995,12800,1993,"ES","",696075,3,4,425,5,51,8,0,0.625,,0.56,,34.125,0.3333,0.125,,
5382256,1995,12800,1991,"ES","",,1,15,606,3,32,13,0,0.6923,,0.716,,30.2308,,,,
5382586,1995,12800,1993,"ES","",325840,3,11,514,3,31,7,1,1,0,0.4082,2,20.1429,0.1667,0.1429,0,0
5383304,1995,12807,1993,"ES","",,1,14,49,5,59,8,4,0.75,0,0.5,3.25,20.375,,,,
5384091,1995,12807,1993,"ES","",693012,3,4,422,1,19,9,6,0.8889,0.6111,0.4063,3,17.1111,0,0,0,0
5385531,1995,12814,1993,"ES","",708417,3,10,601,3,32,10,4,0.8,0.375,0.4688,3.25,15.4,0,0,0,0
5385766,1995,12814,1993,"ES","",279645,3,5,428,6,69,1,1,1,0,0,3,6,1,1,0,0
5385841,1995,12814,1992,"ES","",325885,3,10,435,3,33,1,1,1,0,0,2,7,0,0,1,1
5386901,1995,12821,1993,"ES","",49795,3,2,194,5,59,16,2,0.875,0,0.4592,4.5,21.75,0.1111,0.0625,0,0
5389079,1995,12828,1993,"ES","",,1,5,604,3,32,8,0,1,,0,,7.625,,,,
5389337,1995,12828,1993,"ES","",708753,3,8,422,1,19,3,0,1,,0.4444,,11,0,0,,
5389513,1995,12828,1991,"ES","",276480,3,12,435,3,33,1,3,1,0.6667,0,3.3333,13,0,0,0.5,0.3333
5390251,1995,12828,1993,"ES","",442205,2,12,705,2,22,7,22,1,0.6116,0.6939,2.5455,9,0.5714,0.5714,0.619,0.5909
5390567,1995,12835,1993,"ES","",,1,5,81,5,59,5,2,1,0,0.56,3,14.2,,,,
5392017,1995,12835,1994,"ES","",601715,2,4,336,4,41,3,1,0.6667,0,0.5,3,16,0,0,0,0
5393048,1995,12842,1993,"ES","",,1,7,473,6,62,3,2,1,0,0,4,16,,,,
5393159,1995,12842,1994,"ES","",709083,3,10,403,6,67,5,0,0.6,,0.4444,,27.4,0,0,,
5393758,1995,12842,1994,"ES","",325840,3,7,514,3,31,3,0,1,,0.4444,,5,0,0,,
5393853,1995,12842,1993,"ES","",598930,3,2,526,1,15,5,0,1,,0.56,,13,0,0,,
5395841,1995,12849,1993,"ES","",192760,3,10,514,3,31,5,1,1,0,0.56,2,6.8,0,0,0,0
5395929,1995,12849,1993,"ES","",134480,2,6,536,1,14,3,0,1,,0.4444,,5.6667,0.3333,0.3333,,
5395953,1995,12849,1993,"ES","",157355,3,3,552,1,14,0,0,,,,,,,,,
5396789,1995,12856,1993,"ES","",,1,2,72,5,52,2,2,0.5,0,0,4,42,,,,
5396854,1995,12856,1993,"ES","",187330,3,14,112,6,63,6,2,0.8333,0,0.56,2,20.3333,0,0,0,0
5397045,1995,12856,1993,"ES","",709469,3,6,227,5,59,6,0,0.6667,,0,,23.6667,0,0,,
5397414,1995,12856,1993,"ES","",186885,2,4,156,1,19,14,5,1,0.48,0.6939,2.8,11.7857,0.125,0.0714,0,0
5398499,1995,12863,1994,"ES","",505020,3,7,60,4,45,10,4,1,0.375,0.32,2,4.6,0,0,0.25,0.25
5399090,1995,12863,1994,"ES","",701938,3,6,433,3,39,3,3,1,0.4444,0,2.3333,9,0,0,0,0
5400642,1995,12870,1993,"ES","",709842,3,7,73,4,43,3,1,1,0,0.6667,3,3,0,0,0,0
5400929,1995,12870,1993,"ES","",,1,6,222,1,19,3,1,0.6667,0,0.5,4,40.3333,,,,
5401217,1995,12870,1993,"ES","",,1,10,473,6,62,4,0,0,,,,67.75,,,,
5401487,1995,12870,1993,"ES","",204345,3,3,423,1,19,6,1,1,0,0.2778,5,14.5,0,0,0,0
5401496,1995,12870,1992,"ES","",,1,13,424,3,31,17,1,1,0,0.5536,4,5.6471,,,,
5402873,1995,12877,1993,"ES","",49795,3,3,194,5,59,17,0,0.8235,,0.4592,,23.8824,0.125,0.0588,,
5403443,1995,12877,1992,"ES","",,1,8,162,1,19,7,0,0.7143,,0.32,,23.5714,,,,
5403509,1995,12877,1993,"ES","",710105,3,6,510,1,19,14,28,0.7857,0.0689,0.6116,2.9643,19.5714,0,0,0,0
5403594,1995,12877,1993,"ES","",474351,3,10,424,3,31,0,1,,0,,2,,,,1,1
5403940,1995,12877,1994,"ES","",157355,3,11,549,1,14,6,10,1,0.18,0.6111,1.3,6.1667,0,0,0.1,0.1
5404911,1995,12884,1993,"ES","",710226,3,18,137,6,69,6,2,1,0,0.4444,2.5,6.3333,0,0,0.5,0.5
5405046,1995,12884,1993,"ES","",,1,14,221,5,51,8,0,0.75,,0.5,,26.5,,,,
5405147,1995,12884,1994,"ES","",,1,2,273,6,62,8,2,0.75,0,0,2.5,26.25,,,,
5406964,1995,12891,1994,"ES","",,1,1,128,3,32,8,0,0.625,,0.56,,33.875,,,,
5407941,1995,12891,1993,"ES","",745502,3,6,514,3,31,2,8,1,0,0,2,8.5,0,0,0,0
5409380,1995,12898,1992,"ES","",,1,8,434,6,69,1,2,1,0,0,4.5,5,,,,
5411309,1995,12905,1993,"ES","",704051,3,5,296,5,55,4,0,0.75,,0,,15.5,0,0,,
5413269,1995,12912,1992,"ES","",711012,3,9,228,5,52,4,0,1,,0.375,,12.25,0,0,,
5413435,1995,12912,1993,"ES","",,1,22,405,6,64,4,1,1,0,0,1,15,,,,
5414114,1995,12912,1993,"ES","",707048,3,10,562,1,14,2,0,1,,0.5,,7.5,0,0,,
5414932,1995,12919,1994,"ES","",552410,3,2,30,6,65,3,1,0.3333,0,0,2,32,0,0,0,0
5415322,1995,12919,1993,"ES","",,1,22,221,5,51,6,1,0.8333,0,0,4,24.1667,,,,
5415362,1995,12919,1993,"ES","",,1,11,242,5,51,11,3,0.5455,0.4444,0.2778,4.3333,38.4545,,,,
5415580,1995,12919,1994,"ES","",711226,3,9,446,6,62,4,1,0.75,0,0,4,22,0,0,0,0
5416314,1995,12919,1993,"ES","",711285,3,5,204,1,19,4,0,1,,0.625,,7.75,0,0,,
5417807,1995,12926,1993,"ES","",736330,3,17,162,1,19,12,6,1,0.7222,0.4167,2.5,5.5833,0.1667,0.1667,0.1667,0.1667
5418616,1995,12926,1993,"ES","",641310,3,12,356,4,43,2,0,1,,0,,7.5,0,0,,
5420131,1995,12933,1994,"ES","",745502,3,17,514,3,31,9,9,1,0,0.3704,1.1111,5.7778,0.3333,0.3333,0,0
5420137,1995,12933,1994,"ES","",316820,3,4,514,3,31,1,0,1,,0,,3,0,0,,
5421266,1995,12940,1994,"ES","",711721,3,2,104,5,55,2,0,0.5,,0,,34,0,0,,
5421445,1995,12940,1994,"ES","",,1,13,194,5,59,5,0,1,,0,,4.8,,,,
5423144,1995,12947,1993,"ES","",,1,7,49,5,59,8,0,0.75,,0,,20.25,,,,
5423530,1995,12947,1994,"ES","",,1,17,224,6,68,6,5,0.8333,0.32,0.64,2,18.3333,,,,
5423853,1995,12947,1993,"ES","",,1,5,606,3,32,7,1,0.5714,0,0.625,2,27.2857,,,,
5425328,1995,12954,1993,"ES","",711721,3,3,116,6,69,2,3,0.5,0.4444,0,3.6667,31,0,0,0,0
5425476,1995,12954,1994,"ES","",384320,3,13,222,1,19,10,2,1,0,0,1.5,11.3,0.1111,0.1,0,0
5425477,1995,12954,1994,"ES","",384320,3,17,222,1,19,13,2,1,0.5,0.355,1,5.8462,0.1667,0.0769,0,0
5425891,1995,12954,1994,"ES","",736330,3,12,510,1,19,17,9,0.8235,0.1975,0.551,1.8889,14.5882,0,0,0,0
5426227,1995,12954,1994,"ES","",364715,3,6,564,1,14,4,0,1,,0.625,,15.75,0,0,,
5426583,1995,12954,1994,"ES","",,1,8,704,2,22,0,3,,0.4444,,1.3333,,,,,
5426913,1995,12961,1993,"ES","",712301,3,6,53,6,68,1,0,1,,0,,1,0,0,,
5427458,1995,12961,1994,"ES","",,1,20,384,5,59,12,2,0.25,0.5,0,2,55.6667,,,,
5427918,1995,12961,1993,"ES","",57990,3,3,435,3,33,4,2,1,0.5,0.625,2,11.25,0.25,0.25,0,0
5428013,1995,12961,1992,"ES","",,1,19,514,3,31,3,0,1,,0.6667,,4.6667,,,,
5428888,1995,12968,1994,"ES","",17030,3,6,29,5,52,1,0,1,,0,,4,0,0,,
5429233,1995,12968,1994,"ES","",94090,3,2,206,6,68,6,1,0.8333,0,0,2,18.3333,0,0,0,0
5429269,1995,12968,1993,"ES","",,1,15,221,5,51,8,0,0.875,,0.5714,,22.25,,,,
5429448,1995,12968,1993,"ES","",,1,11,404,6,69,10,0,1,,0.54,,8.8,,,,
5431031,1995,12975,1994,"ES","",291170,3,11,68,6,63,10,4,1,0.375,0.42,2.25,15.3,0,0,0,0
5431088,1995,12975,1993,"ES","",698055,3,3,99,6,61,6,0,1,,0,,6,0.25,0.1667,,
5431335,1995,12975,1994,"ES","",264425,3,11,229,6,68,8,0,0.5,,0,,27.875,0,0,,
5431735,1995,12975,1994,"ES","",712778,3,30,118,1,12,2,0,1,,0.5,,3.5,0,0,,
5432159,1995,12975,1992,"ES","",326170,3,7,514,3,31,0,0,,,,,,,,,
5433118,1995,12982,1993,"ES","",712912,3,2,73,4,43,5,1,1,0,0.56,4,12.2,0,0,0,0
5433765,1995,12982,1994,"ES","",489515,3,6,65,5,51,10,4,0.6,0,0,2.5,34.3,0,0,0,0
5435558,1995,12989,1994,"ES","",350115,3,11,473,6,62,9,0,0.8889,,0,,14.5556,0,0,,
5435606,1995,12989,1994,"ES","",32185,3,12,285,6,67,4,2,0.75,0,0.4444,3,32,0,0,0,0
5435641,1995,12989,1993,"ES","",367980,3,13,312,6,65,8,4,1,0.625,0.5625,2.75,17.25,0,0,0,0
5437573,1995,12996,1993,"ES","",,1,16,472,6,62,3,1,1,0,0.4444,3,10,,,,
5439030,1995,13003,1993,"ES","",713460,3,5,137,6,69,3,1,0.3333,0,0,4,47,0,0,0,0
5439071,1995,13003,1993,"ES","",,1,5,180,5,55,6,1,1,0,0.7778,3,6.3333,,,,
5439084,1995,13003,1994,"ES","",59475,3,3,188,5,53,8,0,0.625,,0.32,,38.625,0,0,,
5440102,1995,13003,1994,"ES","",,1,10,219,4,49,10,0,1,,0.66,,18.9,,,,
5440862,1995,13010,1994,"ES","",203670,3,2,53,6,68,4,2,0.75,0,0,2,20.75,0,0,0,0
5441272,1995,13010,1994,"ES","",357035,3,8,473,6,62,18,0,0.9444,,0,,13.7222,0,0,,
5441381,1995,13010,1994,"ES","",696075,3,2,414,5,51,7,0,0.8571,,0,,16.4286,0,0,,
5441493,1995,13010,1994,"ES","",,1,15,604,3,32,6,1,0.8333,0,0,2,28.6667,,,,
5442005,1995,13010,1993,"ES","",454130,3,27,524,1,15,9,2,1,0.5,0.5185,3.5,10.3333,0,0,0,0
5442879,1995,13017,1993,"ES","",613215,3,20,49,5,59,8,0,0.5,,0.375,,25.625,0,0,,
5443708,1995,13017,1994,"ES","",713910,3,5,204,1,19,0,0,,,,,,,,,
5444059,1995,13017,1994,"ES","",325840,3,4,514,3,31,10,4,1,0.375,0.42,1.5,4.1,0.4,0.4,0,0
5444526,1995,13017,1994,"ES","",49795,3,9,356,4,43,3,0,1,,0.6667,,6.6667,0,0,,
5445067,1995,13024,1993,"ES","",,1,7,99,6,61,13,1,0.3077,0,0,5,39.2308,,,,
5445069,1995,13024,1992,"ES","",74130,3,10,99,6,61,7,0,0.4286,,0,,36.8571,0,0,,
5445296,1995,13024,1993,"ES","",49795,3,4,221,5,51,4,0,1,,0,,11,0,0,,
5445580,1995,13024,1993,"ES","",,1,9,477,5,53,10,0,1,,0.18,,11.6,,,,
5446127,1995,13024,1994,"ES","",714140,3,8,530,1,15,1,1,1,0,0,1,5,0,0,0,0
5446586,1995,13024,1993,"ES","",,1,9,359,5,54,14,1,0.7857,0,0.5785,5,28.4286,,,,
5448803,1995,13038,1994,"ES","",714374,2,30,19,1,11,23,3,0.8696,0,0.75,4,22.8696,0,0,0,0
5449136,1995,13038,1994,"ES","",,1,4,244,5,55,11,0,0.8182,,0.3704,,12.4545,,,,
5449668,1995,13038,1993,"ES","",157355,3,12,514,3,31,3,14,1,0.3367,0,2.9286,3.3333,0,0,0.1538,0.1429
5449873,1995,13038,1994,"ES","",,1,6,219,4,49,1,1,1,0,0,3,3,,,,
5450311,1995,13038,1993,"ES","",714493,3,13,363,4,45,5,3,1,0,0.56,2.3333,5.75,0,0,0,0
5450693,1995,13045,1994,"ES","",714539,3,8,49,5,59,4,1,0.75,0,0,3,15,0,0,0,0
5451262,1995,13045,1994,"ES","",714609,3,12,127,1,11,7,1,1,0,0.449,1,14.4286,0,0,1,1
5452381,1995,13045,1994,"ES","",,1,13,384,5,59,6,0,0.8333,,0.72,,27.1667,,,,
5452780,1995,13052,1993,"ES","",227296,3,4,192,5,53,3,0,1,,0,,26,0,0,,
5452848,1995,13052,1994,"ES","",264425,3,8,229,6,68,6,4,1,0,0.4444,2.25,10.8333,0,0,0,0
5454290,1995,13059,1993,"ES","",59475,3,4,91,5,53,7,1,1,0,0.6939,3,15.4286,0,0,0,0
5454616,1995,13059,1993,"ES","",271240,3,9,296,5,55,3,4,1,0,0.4444,4,7,0.5,0.3333,0,0
5457930,1995,13073,1994,"ES","",559635,3,19,53,6,68,11,0,0.7273,,0.5625,,25.1818,0,0,,
5458693,1995,13073,1994,"ES","",715267,3,7,139,6,63,1,1,1,0,0,2,3,0,0,0,0
5459537,1995,13073,1994,"ES","",,1,6,353,5,54,4,0,1,,0.375,,3.75,,,,
5460352,1995,13080,1994,"ES","",715425,3,3,254,5,59,3,3,1,0,0,3,2,0,0,0,0
5460650,1995,13080,1994,"ES","",715457,3,2,106,1,12,7,0,1,,0.2449,,21.2857,0,0,,
5461856,1995,13087,1993,"ES","",505020,3,20,60,4,45,8,1,1,0,0,2,4.375,0,0,0,0
5461964,1995,13087,1993,"ES","",59475,3,6,91,5,53,4,0,1,,0.375,,13.5,0,0,,
5462720,1995,13087,1994,"ES","",715667,3,14,423,1,19,7,3,0.8571,0.4444,0.6111,2,17.2857,0,0,0,0
5464150,1995,13094,1994,"ES","",,1,5,229,6,68,14,3,1,0.6667,0.3673,3,12.7143,,,,
5464251,1995,13094,1993,"ES","",,1,5,280,5,55,13,5,1,0.56,0.5562,2.8,13.9231,,,,
5464451,1995,13094,1994,"ES","",491585,3,12,8,1,11,2,1,1,0,0,1,8,0,0,0,0
5464615,1995,13094,1994,"ES","",57990,3,4,424,3,31,2,1,1,0,0.5,1,12.5,0,0,1,1
5467934,1995,13108,1994,"ES","",,1,5,242,5,51,11,0,0.5455,,0.5,,29.4545,,,,
5468001,1995,13108,1992,"ES","",716135,3,3,463,6,62,3,1,1,0,0,3,6,0,0,0,0
5468378,1995,13108,1993,"ES","",,1,6,210,1,19,1,3,1,0.6667,0,3.3333,12,,,,
5468726,1995,13108,1990,"ES","",716197,3,5,514,3,31,4,0,1,,0.375,,7,0,0,,
5470145,1995,13115,1992,"ES","",716326,3,11,366,1,19,3,1,0,0,,5,53.3333,0,0,0,0
5471025,1995,13115,1994,"ES","",,1,5,219,4,49,12,0,1,,0,,6.3333,,,,
5472224,1995,13122,1993,"ES","",289945,3,8,280,5,55,6,5,1,0.48,0,2.8,12.5,0,0,0,0
5472597,1995,13122,1994,"ES","",,1,3,210,1,19,6,1,1,0,0,1,16.5,,,,
5474209,1995,13129,1993,"ES","",701051,3,11,222,1,19,8,4,1,0.375,0.5,3.5,10.375,0,0,0,0
5474518,1995,13129,1995,"ES","",,1,3,600,3,32,1,0,1,,0,,4,,,,
5476856,1995,13136,1995,"ES","",745502,3,6,514,3,31,6,0,1,,0.2778,,4.6667,0,0,,
5477567,1995,13143,1994,"ES","",683373,3,7,4,6,65,7,0,0.5714,,0.375,,33,0,0,,
5477591,1995,13143,1994,"ES","",714374,2,36,19,1,11,15,0,0.4,,0.5,,42.2667,0,0,,
5477896,1995,13143,1994,"ES","",,1,6,141,5,51,5,0,1,,0.56,,12.2,,,,
5478826,1995,13143,1994,"ES","",745502,3,29,514,3,31,1,0,1,,0,,3,1,1,,
5479451,1995,13143,1993,"ES","",17020,3,6,375,2,21,3,3,1,0,0.4444,3.3333,5,0,0,0,0
5480396,1996,13150,1994,"ES","",,1,18,606,3,32,12,8,1,0.4688,0.6111,2.5,5.4167,,,,
5482131,1996,13157,1993,"ES","",59475,3,9,180,5,55,3,0,1,,0,,22,0,0,,
5482623,1996,13157,1994,"ES","",138150,3,10,210,1,19,2,0,1,,0.5,,7,0,0,,
5482627,1996,13157,1993,"ES","",138150,3,19,210,1,19,6,0,1,,0.2778,,7.6667,0,0,,
5482892,1996,13157,1995,"ES","",712778,3,26,117,1,19,3,0,1,,0.6667,,6.3333,0,0,,
5482934,1996,13157,1994,"ES","",717472,3,12,514,3,31,10,1,1,0,0.66,2,16.3,0,0,0,0
5483885,1996,13164,1994,"ES","",717554,3,4,101,6,69,3,0,1,,0.6667,,16.6667,0,0,,
5483909,1996,13164,1994,"ES","",187330,3,9,112,6,63,7,1,0.7143,0,0.32,1,31.2857,0,0,0,0
5484084,1996,13164,1994,"ES","",,1,6,222,1,19,11,0,0.2727,,0.6667,,48.4545,,,,
5484423,1996,13164,1994,"ES","",706392,3,6,604,3,32,9,0,1,,0.1975,,11.4444,0.125,0.1111,,
5485388,1996,13164,1994,"ES","",717659,3,10,700,2,22,10,0,1,,0.18,,11.6,0,0,,
5487447,1996,13178,1994,"ES","",,1,22,184,5,59,11,2,1,0.5,0.562,1,11.2727,,,,
5487714,1996,13178,1993,"ES","",717873,2,7,482,5,59,28,0,0.8929,,0.0768,,20.3929,0,0,,
5489264,1996,13185,1994,"ES","",,1,1,604,3,32,5,2,1,0,0.32,2,7.8,,,,
5489807,1996,13185,1993,"ES","",74130,3,11,307,4,49,6,0,1,,0.6111,,14.1667,0,0,,
5489833,1996,13185,1994,"ES","",718060,3,5,318,4,45,8,0,1,,0.6875,,10.5,0,0,,
5490305,1996,13192,1994,"ES","",,1,5,16,5,59,11,0,0.6364,,0.6122,,32.1818,,,,
5490773,1996,13192,1994,"ES","",199875,3,7,431,6,66,4,6,0.75,0,0,2.5,11.25,0,0,0,0
5491131,1996,13192,1992,"ES","",33701,3,13,514,3,31,2,0,1,,0.5,,15.5,0,0,,
5491897,1996,13199,1994,"ES","",718265,3,1,30,6,65,7,2,0.5714,0,0.625,3.5,33.7143,0,0,0,0
5492165,1996,13199,1993,"ES","",,1,4,164,5,52,6,0,1,,0,,4.1667,,,,
5492874,1996,13199,1993,"ES","",684195,3,6,502,1,19,3,0,1,,0,,5.6667,0,0,,
5493965,1996,13206,1995,"ES","",,1,5,101,6,69,12,1,0.4167,0,0.56,2,34.9167,,,,
5494096,1996,13206,1994,"ES","",,1,10,164,5,52,3,0,1,,0,,11,,,,
5495086,1996,13206,1994,"ES","",,1,6,219,4,49,2,1,1,0,0,3,5,,,,
5495773,1996,13213,1994,"ES","",718584,3,4,73,4,43,3,3,1,0,0,4,10.3333,0,0,0,0
5495879,1996,13213,1993,"ES","",114735,3,13,152,5,55,2,1,0.5,0,0,4,31,0,0,0,0
5496084,1996,13213,1993,"ES","",,1,5,294,5,59,12,0,1,,0.1528,,18.5833,,,,
5496167,1996,13213,1993,"ES","",,1,5,425,5,51,4,2,1,0.5,0.375,2,14.5,,,,
5497541,1996,13220,1992,"ES","",187330,3,10,29,5,52,9,0,0.8889,,0.2188,,16.7778,0,0,,
5498408,1996,13220,1994,"ES","",711042,3,12,424,3,31,2,0,1,,0.5,,5,0,0,,
5498413,1996,13220,1993,"ES","",718832,3,6,424,3,31,1,1,1,0,0,1,6,0,0,0,0
5500706,1996,13227,1994,"ES","",719026,3,8,396,5,54,4,0,1,,0.375,,12.5,0,0,,
5500941,1996,13227,1994,"ES","",719039,3,15,714,2,22,5,11,1,0.314,0.64,2.0909,4.4,0,0,0,0
5501066,1996,13234,1994,"ES","",712301,3,12,53,6,68,8,0,1,,0,,11.5,0,0,,
5502237,1996,13234,1994,"ES","",719172,3,3,560,1,14,1,0,1,,0,,21,0,0,,
5503949,1996,13241,1994,"ES","",605340,3,11,429,4,45,3,0,1,,0.4444,,9,0,0,,
5504250,1996,13241,1994,"ES","",691032,3,17,562,1,14,0,0,,,,,,,,,
5505640,1996,13248,1995,"ES","",,1,3,440,5,55,4,0,0.75,,0.4444,,26,,,,
5505701,1996,13248,1994,"ES","",,1,2,604,3,32,14,2,0.9286,0,0.142,3.5,8.5,,,,
5505914,1996,13248,1995,"ES","",,1,5,422,1,19,10,1,0.8,0,0.8125,2,20.7,,,,
5507221,1996,13255,1995,"ES","",369720,3,4,99,6,61,12,1,0.8333,0,0,1,18.5,0.5,0.1667,0,0
5507302,1996,13255,1994,"ES","",,1,16,600,3,32,5,1,1,0,0,1,15.6,,,,
5507390,1996,13255,1993,"ES","",719676,3,10,206,6,68,9,1,0.4444,0,0.625,3,39.4444,0,0,1,1
5507892,1996,13255,1994,"ES","",719715,3,22,149,1,19,5,0,0.8,,0.625,,18.4,0,0,,
5509173,1996,13262,1993,"ES","",713804,3,2,220,6,68,4,0,1,,0.625,,16.75,0,0,,
5510015,1996,13262,1993,"ES","",409605,3,10,205,1,19,6,0,1,,0,,11.3333,0,0,,
5510483,1996,13262,1995,"ES","",491585,3,6,544,1,14,5,0,0.4,,0,,39.6,0,0,,
5511439,1996,13269,1995,"ES","",,1,15,74,5,59,13,0,0.7692,,0.58,,23.2308,,,,
5513799,1996,13276,1994,"ES","",505020,3,4,239,5,59,8,0,1,,0.2188,,13.625,0,0,,
5514114,1996,13276,1994,"ES","",,1,2,604,3,32,3,1,1,0,0,1,3,,,,
5514201,1996,13276,1995,"ES","",720303,3,3,71,1,11,6,0,1,,0.2778,,16.6667,0,0,,
5514658,1996,13276,1993,"ES","",684195,3,25,514,3,31,2,1,1,0,0.5,4,4.5,0,0,0,0
5514783,1996,13276,1995,"ES","",491585,2,9,534,1,14,5,0,0.4,,0,,39.6,0,0,,
5515120,1996,13276,1993,"ES","",720365,3,3,353,5,54,5,0,0.8,,0,,21.8,0,0,,
5516002,1996,13283,1994,"ES","",720468,3,5,221,5,51,5,0,1,,0,,13.4,0,0,,
5516082,1996,13283,1994,"ES","",720475,3,11,267,5,59,6,0,1,,0.6667,,10,0,0,,
5518021,1996,13290,1994,"ES","",,1,7,137,6,69,3,0,1,,0.6667,,14,,,,
5520067,1996,13297,1994,"ES","",720834,3,6,74,5,59,6,0,0.5,,0.6667,,41,0,0,,
5521310,1996,13297,1994,"ES","",720932,3,2,544,1,14,1,0,1,,0,,13,0,0,,
5522659,1996,13304,1995,"ES","",74130,3,10,366,1,19,2,0,0.5,,0,,21.5,0,0,,
5522813,1996,13304,1994,"ES","",110220,2,7,606,3,32,13,8,1,0.6563,0.2604,2.375,2.4615,0.1667,0.0769,0,0
5522964,1996,13304,1994,"ES","",,1,3,156,1,19,5,2,1,0.5,0.56,3.5,16.8,,,,
5523545,1996,13304,1995,"ES","",418665,3,3,219,4,49,5,0,1,,0,,8.8,0,0,,
5525601,1996,13311,1995,"ES","",721312,3,20,514,3,31,4,0,1,,0.625,,7.5,0,0,,
5526554,1996,13318,1994,"ES","",,1,3,24,6,63,8,0,0.5,,0.75,,42.625,,,,
5527881,1996,13318,1993,"ES","",721523,3,13,530,1,15,6,1,1,0,0.4444,3,12.1667,0,0,0,0
5529052,1996,13325,1994,"ES","",,1,10,126,6,66,3,0,1,,0.4444,,23.6667,,,,
5529600,1996,13325,1994,"ES","",721683,3,13,75,5,52,3,1,1,0,0,3,10.3333,0,0,0,0
5530349,1996,13325,1994,"ES","",17030,3,23,324,4,43,1,1,1,0,0,3,30,0,0,0,0
5530406,1996,13325,1995,"ES","",17030,3,3,331,4,41,11,1,1,0,0.5124,1,16.7273,0,0,0,0
5531037,1996,13332,1995,"ES","",74130,3,17,38,6,63,7,2,0.7143,0.5,0.56,1.5,25.7143,0,0,0,0
5531739,1996,13332,1994,"ES","",110220,2,14,606,3,32,9,1,1,0,0.3457,3,2.7778,0,0,0,0
5531882,1996,13332,1995,"ES","",42355,3,7,205,1,19,4,0,1,,0.75,,13.75,0,0,,
5532234,1996,13332,1994,"ES","",325645,3,5,514,3,31,0,0,,,,,,,,,
5533028,1996,13332,1994,"ES","",17020,3,5,370,2,21,8,6,1,0.2778,0.2188,1.6667,5.75,0,0,0.1667,0.1667
5533369,1996,13339,1994,"ES","",559640,3,11,70,6,65,9,3,1,0,0,2.6667,12.4444,0.1429,0.1111,0,0
5533698,1996,13339,1994,"ES","",722022,3,10,248,6,69,5,0,0.2,,0,,51,0,0,,
5533801,1996,13339,1995,"ES","",74130,3,10,366,1,19,4,2,1,0.5,0.625,2.5,12,0,0,0,0
5534279,1996,13339,1994,"ES","",722076,3,10,426,6,61,10,0,0.6,,0,,27.9,0,0,,
5535112,1996,13339,1994,"ES","",17020,3,7,363,4,45,3,6,1,0.2778,0.4444,1.6667,5,0,0,0,0
5535305,1996,13339,1992,"ES","",32940,2,25,704,2,22,8,4,1,0.375,0.4063,4.5,6.5,0,0,0,0
5535483,1996,13346,1994,"ES","",289945,3,6,16,5,59,6,6,1,0.6667,0.2778,2.1667,19.5,0,0,0,0
5536419,1996,13346,1994,"ES","",702164,3,17,210,1,19,5,0,1,,0.32,,11,0,0,,
5536641,1996,13346,1994,"ES","",366895,2,14,435,3,33,0,0,,,,,,,,,
5536836,1996,13346,1994,"ES","",325840,3,10,544,1,14,6,1,1,0,0.6111,3,8.5,0.3333,0.3333,1,1
5536902,1996,13346,1993,"ES","",636035,3,51,84,6,69,5,6,1,0.4444,0,3.3333,5.4,0.25,0.2,0.3333,0.3333
5537093,1996,13346,1994,"ES","",566570,3,6,340,2,21,2,0,1,,0,,5.5,0,0,,
5537916,1996,13353,1995,"ES","",369720,3,14,99,6,61,11,0,1,,0.6777,,14.1818,0.125,0.0909,,
5538058,1996,13353,1994,"ES","",,1,18,152,5,55,2,0,0.5,,0,,37,,,,
5538588,1996,13353,1994,"ES","",,1,9,156,1,19,6,0,1,,0.2778,,8.8333,,,,
5538740,1996,13353,1994,"ES","",722471,3,16,424,3,31,11,2,0.9091,0.5,0.78,2.5,15.5455,0,0,0,0
5538855,1996,13353,1993,"ES","",709842,3,9,435,3,33,1,1,1,0,0,4,11,0,0,0,0
5540750,1996,13360,1994,"ES","",721683,3,9,75,5,52,4,0,1,,0.625,,9,0,0,,
5540822,1996,13360,1994,"ES","",42355,3,11,204,1,19,6,0,1,,0.7778,,12.8333,0,0,,
5542453,1996,13367,1994,"ES","",720834,3,8,138,6,67,11,5,1,0.64,0.6942,3.2,8.6364,0,0,0,0
5543020,1996,13367,1994,"ES","",42355,3,1,204,1,19,6,0,0.8333,,0.56,,20.6667,0,0,,
5543594,1996,13367,1995,"ES","",,1,11,200,4,41,3,0,1,,0,,16.6667,,,,
5544572,1996,13374,1995,"ES","",695486,3,26,99,6,61,4,0,1,,0.375,,6,0.25,0.25,,
5544812,1996,13374,1993,"ES","",,1,4,239,5,59,10,0,0.4,,0.375,,38.1,,,,
5545561,1996,13374,1994,"ES","",723075,3,15,435,3,33,12,1,1,0,0.8056,3,13,0,0,0,0
5545596,1996,13374,1995,"ES","",489515,3,3,501,1,19,19,14,0.9474,0.1327,0.1975,1.6429,8.4737,0.1176,0.1053,0,0
5546477,1996,13374,1993,"ES","",723130,2,43,382,2,22,41,19,1,0.626,0.84,3.2105,7.0732,0,0,0,0
5546647,1996,13381,1994,"ES","",,1,5,29,5,52,12,1,0.3333,0,0,3,48.25,,,,
5547041,1996,13381,1994,"ES","",41990,3,5,182,6,65,3,1,0.3333,0,0,3,43.6667,0,0,0,0
5547468,1996,13381,1994,"ES","",599725,2,5,604,3,32,2,5,0.5,0.56,0,2.6,67,0,0,0,0
5549189,1996,13388,1994,"ES","",,1,10,198,5,59,6,1,0.8333,0,0,1,19.3333,,,,
5549242,1996,13388,1994,"ES","",264425,3,19,229,6,68,10,0,0.8,,0.2188,,22.3,0.4,0.2,,
5549490,1996,13388,1994,"ES","",,1,6,439,4,41,4,0,1,,0,,9.75,,,,
5549573,1996,13388,1995,"ES","",,1,7,604,3,32,10,0,0.4,,0.625,,42.5,,,,
5549866,1996,13388,1994,"ES","",,1,5,264,5,51,3,0,0.6667,,0.5,,21,,,,
5551991,1996,13395,1995,"ES","",,1,3,136,4,45,2,0,1,,0,,9.5,,,,
5552544,1996,13395,1990,"ES","",,1,4,544,1,14,3,0,1,,0.6667,,11.3333,,,,
5553077,1996,13395,1994,"ES","",17020,3,6,370,2,21,6,2,1,0.5,0.2778,2.5,6.8333,0,0,0,0
5553688,1996,13402,1995,"ES","",,1,12,188,5,53,4,0,0.75,,0.4444,,14.5,,,,
5554189,1996,13402,1995,"ES","",,1,5,623,3,39,4,0,1,,0.625,,7.25,,,,
5554306,1996,13402,1995,"ES","",247990,3,21,252,1,19,7,0,1,,0.4082,,6.8571,0.7143,0.7143,,
5554622,1996,13402,1995,"ES","",316820,3,2,514,3,31,4,3,1,0.4444,0.625,1.6667,5,0.25,0.25,0.3333,0.3333
5554624,1996,13402,1995,"ES","",745502,3,21,514,3,31,1,0,1,,0,,3,0,0,,
5554736,1996,13402,1995,"ES","",,1,10,534,1,14,5,0,0.4,,0,,39.6,,,,
5554789,1996,13402,1995,"ES","",723855,3,7,562,1,14,0,0,,,,,,,,,
5556103,1996,13409,1995,"ES","",,1,3,273,6,62,8,1,0.875,0,0.2449,1,20.625,,,,
5556480,1996,13409,1994,"ES","",724032,3,20,134,6,69,7,3,1,0.4444,0.6939,1.6667,8.2857,0,0,0,0
5557260,1996,13409,1994,"ES","",724100,3,18,340,2,21,4,1,1,0,0.375,1,6.25,0,0,0,0
5558401,1996,13416,1994,"ES","",724225,3,8,297,6,65,8,0,0.75,,0.6667,,24.625,0,0,,
5561135,1996,13423,1995,"ES","",192760,3,8,514,3,31,13,0,1,,0.5799,,6.5385,0,0,,
5562330,1996,13430,1995,"ES","",289945,3,9,297,6,65,11,0,0.9091,,0.18,,17,0,0,,
5564072,1996,13430,1994,"ES","",17020,3,3,370,2,21,5,6,1,0,0.56,1.6667,4.4,0,0,0,0
5564314,1996,13437,1994,"ES","",720834,3,6,74,5,59,9,1,1,0,0.1975,3,5.3333,0,0,0,0
5564962,1996,13437,1995,"ES","",724797,3,16,446,6,62,11,2,0.9091,0.5,0.56,2.5,21.3636,0,0,0,0
5565447,1996,13437,1995,"ES","",693118,3,6,514,3,31,0,0,,,,,,,,,
5566519,1996,13444,1995,"ES","",,1,23,52,6,69,10,1,0.6,0,0.2778,2,34.2,,,,
5566661,1996,13444,1995,"ES","",,1,3,123,5,53,9,1,1,0,0.6667,1,3.4444,,,,
