3609925,1971,4295,1969,"ES","",565890,3,,451,5,51,,3,,0.4444,,7.3333,,,,0,0
3610740,1971,4295,1968,"ES","",,1,,359,5,54,,2,,0.5,,16.5,,,,,
3613348,1971,4309,1969,"ES","",356620,3,,57,6,63,,5,,0,,6.8,,,,0,0
3613402,1971,4309,1969,"ES","",,1,,66,6,63,,0,,,,,,,,,
3614878,1971,4316,1968,"ES","",,1,,66,6,63,,2,,0,,13.5,,,,,
3616654,1971,4323,1969,"ES","",,1,,66,6,63,,1,,0,,14,,,,,
3616655,1971,4323,1970,"ES","",,1,,66,6,63,,3,,0,,3.3333,,,,,
3616831,1971,4323,1969,"ES","",,1,,152,5,55,,0,,,,,,,,,
3618769,1971,4330,1969,"ES","",,1,,210,1,19,,5,,0.56,,14.8,,,,,
3618853,1971,4330,1969,"ES","",,1,,237,6,66,,0,,,,,,,,,
3619143,1971,4330,1969,"ES","",172930,3,,423,1,19,,1,,0,,27,,,,0,0
3619939,1971,4337,1969,"ES","",,1,,446,6,62,,3,,0.4444,,19.3333,,,,,
3619999,1971,4337,1969,"ES","",,1,,57,6,63,,1,,0,,23,,,,,
3621106,1971,4337,1969,"ES","",,1,,84,6,69,,0,,,,,,,,,
3621869,1971,4344,1970,"ES","",,1,,137,6,69,,6,,0.7778,,21.3333,,,,,
3624671,1971,4351,1969,"ES","",,1,,425,5,51,,0,,,,,,,,,
3626857,1971,4365,1968,"ES","",520640,3,,104,5,55,,10,,0.18,,13.2,,,,0,0
3628830,1971,4372,1969,"ES","",,1,,297,6,65,,10,,0.18,,16.7,,,,,
3628896,1971,4372,1970,"ES","",,1,,417,5,53,,0,,,,,,,,,
3629031,1971,4372,1969,"ES","",,1,,156,1,19,,0,,,,,,,,,
3629327,1971,4372,1968,"ES","",325460,3,,562,1,14,,2,,0.5,,6,,,,0,0
3629810,1971,4372,1970,"ES","",28145,2,,439,4,41,,0,,,,,,,,,
3631807,1972,4386,1969,"ES","",,1,,104,5,55,,7,,0.6531,,18.1429,,,,,
3631839,1972,4386,1969,"ES","",,1,,119,6,61,,3,,0,,13.6667,,,,,
3635618,1972,4400,1969,"ES","",,1,,425,5,51,,0,,,,,,,,,
3638313,1972,4414,1970,"ES","",,1,,433,3,39,,3,,0,,12.6667,,,,,
3638383,1972,4414,1970,"ES","",,1,,52,6,69,,2,,0,,22.5,,,,,
3638456,1972,4414,1969,"ES","",298870,3,,66,6,63,,2,,0,,12.5,,,,0,0
3641477,1972,4421,1970,"ES","",28145,2,,439,4,41,,6,,0.4444,,11.6667,,,,0.75,0.5
3641621,1972,4428,1969,"ES","",552350,2,,16,5,59,,2,,0.5,,9.5,,,,0,0
3641758,1972,4428,1969,"ES","",,1,,57,6,63,,1,,0,,9,,,,,
3642499,1972,4428,1969,"ES","",,1,,426,6,61,,5,,0.32,,19.8,,,,,
3646338,1972,4442,1969,"ES","",,1,,362,4,42,,2,,0,,17,,,,,
3646663,1972,4449,1970,"ES","",,1,,228,5,52,,0,,,,,,,,,
3647025,1972,4449,1970,"ES","",,1,,185,5,53,,2,,0,,17,,,,,
3651443,1972,4463,1969,"ES","",,1,,439,4,41,,7,,0.5714,,13,,,,,
3651731,1972,4470,1970,"ES","",,1,,84,6,69,,3,,0,,11.3333,,,,,
3654269,1972,4477,1969,"ES","",,1,,549,1,14,,0,,,,,,,,,
3654779,1972,4484,1970,"ES","",,1,,66,6,63,,0,,,,,,,,,
3655789,1972,4484,1968,"ES","",169135,3,,252,1,19,,0,,,,,,,,,
3656928,1972,4491,1970,"ES","",489500,3,,65,5,51,,2,,0.5,,19,,,,0,0
3657243,1972,4491,1969,"ES","",,1,,544,1,14,,3,,0.4444,,14,,,,,
3658989,1972,4498,1969,"ES","",325850,3,,514,3,31,,0,,,,,,,,,
3659058,1972,4498,1970,"ES","",,1,,379,2,21,,0,,,,,,,,,
3660965,1972,4512,1969,"ES","",18460,3,,53,6,68,,5,,0.32,,19.4,,,,0,0
3662314,1972,4512,1969,"ES","",440950,3,,338,4,41,,3,,0,,13.3333,,,,0,0
3662912,1972,4519,1970,"ES","",,1,,206,6,68,,3,,0.6667,,21.6667,,,,,
3664050,1972,4526,1970,"ES","",,1,,40,6,69,,3,,0,,9.6667,,,,,
3664109,1972,4526,1969,"ES","",,1,,57,6,63,,5,,0.32,,16.6,,,,,
3664155,1972,4526,1969,"ES","",298870,3,,66,6,63,,1,,0,,27,,,,0,0
3664366,1972,4526,1969,"ES","",,1,,137,6,69,,1,,0,,19,,,,,
3665527,1972,4533,1969,"ES","",,1,,5,6,65,,4,,0,,21.25,,,,,
3666136,1972,4533,1970,"ES","",,1,,220,6,68,,0,,,,,,,,,
3667606,1972,4540,1970,"ES","",,1,,210,1,19,,0,,,,,,,,,
3670932,1972,4554,1970,"ES","",,1,,223,6,63,,0,,,,,,,,,
3673423,1972,4561,1970,"ES","",397655,3,,307,4,49,,2,,0.5,,17.5,,,,0,0
3673702,1972,4568,1970,"ES","",,1,,34,1,19,,1,,0,,9,,,,,
3675269,1972,4575,1970,"ES","",552350,2,,16,5,59,,4,,0.625,,21.5,,,,0,0
3675666,1972,4575,1968,"ES","",111820,3,,134,6,69,,1,,0,,26,,,,0,0
3676900,1972,4582,1970,"ES","",,1,,403,6,67,,1,,0,,15,,,,,
3678040,1972,4582,1967,"ES","",325840,3,,544,1,14,,1,,0,,15,,,,0,0
3678755,1972,4589,1970,"ES","",,1,,73,4,43,,0,,,,,,,,,
3679356,1972,4589,1969,"ES","",251450,3,,8,1,11,,0,,,,,,,,,
3681503,1972,4596,1970,"ES","",325460,3,,514,3,31,,0,,,,,,,,,
3683670,1972,4610,1970,"ES","",,1,,73,4,43,,2,,0,,5.5,,,,,
3685511,1972,4617,1971,"ES","",,1,,601,3,32,,15,,0.3378,,13.6,,,,,
3685574,1972,4617,1970,"ES","",,1,,165,6,66,,1,,0,,4,,,,,
3686010,1972,4617,1970,"ES","",153780,3,,106,1,12,,1,,0,,19,,,,0,0
3686733,1972,4624,1970,"ES","",,1,,29,5,52,,0,,,,,,,,,
3687711,1972,4624,1969,"ES","",183895,3,,427,1,12,,1,,0,,7,,,,0,0
3688053,1972,4624,1969,"ES","",,1,,381,4,49,,3,,0,,18.6667,,,,,
3691747,1972,4645,1970,"ES","",,1,,57,6,63,,0,,,,,,,,,
3692916,1972,4645,1970,"ES","",573920,2,,514,3,31,,1,,0,,24,,,,0,0
3693378,1972,4652,1970,"ES","",,1,,66,6,63,,2,,0,,11.5,,,,,
3694836,1972,4659,1970,"ES","",,1,,114,5,55,,7,,0.4082,,13.1429,,,,,
3695907,1972,4659,1970,"ES","",153780,3,,106,1,12,,0,,,,,,,,,
3698513,1972,4673,1970,"ES","",276290,3,,184,5,59,,1,,0,,15,,,,0,0
3700033,1972,4680,1970,"ES","",,1,,139,6,63,,1,,0,,7,,,,,
3701084,1972,4680,1971,"ES","",282100,2,,439,4,41,,2,,0,,19.5,,,,0,0
3702365,1972,4694,1971,"ES","",144430,3,,514,3,31,,0,,,,,,,,,
3703269,1972,4708,1970,"ES","",,1,,248,6,69,,6,,0.5,,22.5,,,,,
3706829,1972,4736,1970,"ES","",153780,3,,423,1,19,,3,,0,,7.3333,,,,0,0
3708025,1973,4750,1971,"ES","",358020,3,,177,6,69,,24,,0.2778,,9.7917,,,,0,0
3708565,1973,4750,1970,"ES","",,1,,264,5,51,,23,,0.7259,,9.913,,,,,
3708955,1973,4757,1968,"ES","",169135,3,,95,1,13,,2,,0,,6.5,,,,0,0
3710500,1973,4764,1971,"ES","",,1,,43,6,61,,8,,0,,15.875,,,,,
3710799,1973,4764,1970,"ES","",,1,,606,3,32,,6,,0.2778,,24.1667,,,,,
3711187,1973,4764,1970,"ES","",172975,3,,359,5,54,,0,,,,,,,,,
3713439,1973,4778,1971,"ES","",,1,,601,3,32,,1,,0,,25,,,,,
3713566,1973,4778,1971,"ES","",,1,,223,6,63,,2,,0,,22,,,,,
3716709,1973,4792,1971,"ES","",,1,,362,4,42,,2,,0,,12.5,,,,,
3716757,1973,4792,1972,"ES","",,1,,361,4,45,,3,,0,,21.3333,,,,,
3716921,1973,4799,1970,"ES","",351725,3,,33,6,69,,1,,0,,11,,,,0,0
3716939,1973,4799,1971,"ES","",,1,,446,6,62,,3,,0.4444,,11.6667,,,,,
3718012,1973,4806,1971,"ES","",,1,,68,6,63,,18,,0.6975,,8.7778,,,,,
3718655,1973,4806,1970,"ES","",325670,3,,546,1,14,,2,,0,,7.5,,,,0,0
3718664,1973,4806,1970,"ES","",325670,3,,549,1,14,,1,,0,,27,,,,0,0
3722202,1973,4834,1971,"ES","",597175,6,,57,6,63,,7,,0.449,,7.2857,,,,0.1429,0.1429
3724311,1973,4841,1971,"ES","",,1,,83,5,51,,2,,0.5,,2.5,,,,,
3724471,1973,4841,1970,"ES","",42355,3,,134,6,69,,1,,0,,4,,,,0,0
3725025,1973,4841,1970,"ES","",489500,3,,65,5,51,,3,,0,,12.6667,,,,0,0
3725605,1973,4841,1970,"ES","",,1,,360,2,24,,0,,,,,,,,,
3726112,1973,4848,1971,"ES","",,1,,66,6,63,,1,,0,,4,,,,,
3726295,1973,4848,1971,"ES","",,1,,135,6,69,,2,,0,,14.5,,,,,
3726324,1973,4848,1970,"ES","",,1,,139,6,63,,1,,0,,3,,,,,
3726536,1973,4848,1971,"ES","",,1,,280,5,55,,7,,0.4082,,11.1429,,,,,
3727071,1973,4848,1971,"ES","",,1,,307,4,49,,2,,0,,2.5,,,,,
3727140,1973,4848,1969,"ES","",,1,,455,2,21,,11,,0.314,,10.6364,,,,,
3727382,1973,4855,1971,"ES","",350500,2,,96,1,13,,2,,0.5,,9.5,,,,0,0
3727436,1973,4855,1971,"ES","",,1,,68,6,63,,1,,0,,1,,,,,
3728878,1973,4862,1971,"ES","",36270,3,,68,6,63,,1,,0,,4,,,,0,0
3730412,1973,4869,1971,"ES","",,1,,225,5,51,,1,,0,,5,,,,,
3732235,1973,4876,1971,"ES","",325700,3,,546,1,14,,0,,,,,,,,,
3733015,1973,4883,1971,"ES","",,1,,222,1,19,,2,,0,,26,,,,,
3733041,1973,4883,1971,"ES","",503110,3,,248,6,69,,0,,,,,,,,,
3733653,1973,4890,1970,"ES","",,1,,452,6,61,,7,,0.6122,,13.8571,,,,,
3733749,1973,4890,1971,"ES","",,1,,49,5,59,,5,,0.72,,19.2,,,,,
3737656,1973,4904,1971,"ES","",28145,2,,362,4,42,,3,,0,,12.6667,,,,0,0
3738455,1973,4911,1970,"ES","",,1,,187,5,55,,4,,0.4444,,17,,,,,
3738562,1973,4911,1971,"ES","",,1,,229,6,68,,1,,0,,26,,,,,
3739777,1973,4918,1971,"ES","",,1,,604,3,32,,1,,0,,19,,,,,
3740914,1973,4925,1970,"ES","",,1,,52,6,69,,11,,0.1653,,16.5455,,,,,
3740971,1973,4925,1970,"ES","",,1,,66,6,63,,0,,,,,,,,,
3744529,1973,4939,1971,"ES","",397240,3,,138,6,67,,10,,0.78,,7.7,,,,0,0
3745668,1973,4946,1970,"ES","",172930,3,,34,1,19,,4,,0.625,,17.75,,,,0,0
3747371,1973,4953,1971,"ES","",,1,,66,6,63,,2,,0,,13,,,,,
3747610,1973,4953,1971,"ES","",,1,,132,6,65,,1,,0,,8,,,,,
3750207,1973,4967,1972,"ES","",,1,,12,6,63,,0,,,,,,,,,
3750350,1973,4967,1971,"ES","",,1,,52,6,69,,1,,0,,8,,,,,
3751315,1973,4967,1970,"ES","",435070,3,,156,1,19,,0,,,,,,,,,
3752894,1973,4974,1969,"ES","",325840,3,,514,3,31,,2,,0,,11.5,,,,0,0
3753570,1973,4981,1972,"ES","",,1,,279,6,69,,3,,0.6667,,16,,,,,
3754373,1973,4988,1971,"ES","",,1,,53,6,68,,1,,0,,8,,,,,
3755576,1973,4988,1971,"ES","",325840,3,,514,3,31,,0,,,,,,,,,
3755863,1973,4995,1971,"ES","",,1,,28,6,63,,1,,0,,7,,,,,
3756805,1973,4995,1970,"ES","",,1,,420,5,52,,7,,0.5714,,13.1429,,,,,
3758929,1973,5009,1971,"ES","",,1,,29,5,52,,1,,0,,16,,,,,
3759684,1973,5009,1971,"ES","",489500,3,,65,5,51,,1,,0,,22,,,,0,0
3759752,1973,5009,1971,"ES","",431040,3,,148,5,52,,1,,0,,22,,,,0,0
3760641,1973,5016,1971,"ES","",,1,,74,5,59,,3,,0.6667,,19,,,,,
3760901,1973,5016,1971,"ES","",,1,,182,6,65,,6,,0.5,,9.3333,,,,,
3761297,1973,5016,1970,"ES","",,1,,106,1,12,,3,,0.4444,,12.6667,,,,,
3762203,1973,5023,1971,"ES","",114375,3,,72,5,52,,0,,,,,,,,,
3762282,1973,5023,1972,"ES","",,1,,493,5,51,,4,,0.375,,8.5,,,,,
3762686,1973,5023,1972,"ES","",,1,,254,5,59,,1,,0,,1,,,,,
3764594,1973,5030,1970,"ES","",325700,3,,536,1,14,,1,,0,,12,,,,0,0
3764700,1973,5030,1971,"ES","",325460,3,,514,3,31,,3,,0.4444,,13.3333,,,,0.3333,0.3333
3765246,1973,5037,1971,"ES","",,1,,73,4,43,,0,,,,,,,,,
3765540,1973,5037,1972,"ES","",,1,,211,6,65,,2,,0,,22.5,,,,,
3768513,1973,5051,1972,"ES","",,1,,137,6,69,,0,,,,,,,,,
3768789,1973,5051,1970,"ES","",,1,,261,1,19,,2,,0,,4,,,,,
3768899,1973,5051,1970,"ES","",172975,3,,353,5,54,,5,,0.32,,12.8,,,,0,0
3768995,1973,5051,1971,"ES","",,1,,75,5,52,,1,,0,,13,,,,,
3769664,1973,5058,1971,"ES","",,1,,24,6,63,,3,,0.4444,,10.6667,,,,,
3770953,1973,5058,1972,"ES","",520645,3,,362,4,42,,2,,0,,8.5,,,,0,0
3771337,1973,5065,1971,"ES","",36270,3,,68,6,63,,6,,0.2778,,10.1667,,,,0.1667,0.1667
3771571,1973,5065,1972,"ES","",,1,,139,6,63,,2,,0.5,,7.5,,,,,
3771648,1973,5065,1972,"ES","",,1,,198,5,59,,13,,0.5562,,14.9231,,,,,
3772508,1973,5065,1971,"ES","",,1,,34,1,19,,2,,0.5,,8,,,,,
3773137,1973,5072,1971,"ES","",,1,,180,5,55,,1,,0,,14,,,,,
3776597,1973,5086,1972,"ES","",,1,,301,5,55,,4,,0.375,,3.25,,,,,
3777118,1973,5086,1971,"ES","",,1,,219,4,49,,1,,0,,27,,,,,
3777311,1973,5093,1972,"ES","",,1,,2,6,63,,2,,0.5,,11,,,,,
3779177,1973,5100,1971,"ES","",,1,,108,6,69,,14,,0.3571,,14,,,,,
3779260,1973,5100,1972,"ES","",251410,3,,135,6,69,,0,,,,,,,,,
3779296,1973,5100,1972,"ES","",,1,,81,5,59,,6,,0.6111,,10.3333,,,,,
3779603,1973,5100,1972,"ES","",,1,,299,6,64,,1,,0,,14,,,,,
3780287,1973,5100,1972,"ES","",,1,,362,4,42,,1,,0,,9,,,,,
3780964,1973,5107,1972,"ES","",192510,3,,242,5,51,,4,,0.625,,17.75,,,,0,0
3782268,1974,5114,1972,"ES","",,1,,99,6,61,,4,,0,,13.75,,,,,
3784046,1974,5121,1972,"ES","",,1,,220,6,68,,3,,0.4444,,14.3333,,,,,
3784553,1974,5121,1972,"ES","",325700,3,,546,1,14,,1,,0,,9,,,,0,0
3785294,1974,5128,1971,"ES","",488110,3,,104,5,55,,1,,0,,5,,,,0,0
3786049,1974,5128,1969,"ES","",,1,,540,1,14,,1,,0,,20,,,,,
3788027,1974,5142,1972,"ES","",,1,,53,6,68,,1,,0,,25,,,,,
3788613,1974,5142,1972,"ES","",455430,3,,366,1,19,,2,,0.5,,15.5,,,,0,0
3790232,1974,5149,1971,"ES","",,1,,403,6,67,,2,,0.5,,23.5,,,,,
3791174,1974,5156,1971,"ES","",298870,3,,66,6,63,,2,,0,,12.5,,,,0,0
3791548,1974,5156,1972,"ES","",199875,3,,220,6,68,,1,,0,,5,,,,0,0
3791713,1974,5156,1971,"ES","",,1,,359,5,54,,3,,0.4444,,21.3333,,,,,
3791757,1974,5156,1971,"ES","",505025,3,,415,5,53,,11,,0.314,,14.7273,,,,0,0
3791784,1974,5156,1972,"ES","",586880,3,,425,5,51,,2,,0.5,,13.5,,,,0,0
3793045,1974,5163,1972,"ES","",153420,2,,106,1,12,,0,,,,,,,,,
3793830,1974,5170,1972,"ES","",,1,,60,4,45,,9,,0.3457,,9.1111,,,,,
3794234,1974,5170,1970,"ES","",,1,,222,1,19,,2,,0,,17.5,,,,,
3794722,1974,5170,1971,"ES","",,1,,424,3,31,,5,,0.48,,19,,,,,
3794793,1974,5170,1971,"ES","",,1,,206,6,68,,2,,0,,14,,,,,
3794829,1974,5170,1972,"ES","",,1,,362,4,42,,6,,0.2778,,12.5,,,,,
3797117,1974,5191,1972,"ES","",,1,,33,6,69,,0,,,,,,,,,
3797141,1974,5191,1972,"ES","",,1,,38,6,63,,1,,0,,10,,,,,
3797277,1974,5191,1971,"ES","",,1,,66,6,63,,1,,0,,2,,,,,
3797432,1974,5191,1972,"ES","",,1,,114,5,55,,2,,0.5,,15,,,,,
3797438,1974,5191,1971,"ES","",251405,3,,114,5,55,,5,,0.32,,3.6,,,,0,0
3800288,1974,5198,1972,"ES","",206310,2,,700,2,22,,24,,0.7951,,13.0417,,,,0,0
3801105,1974,5205,1973,"ES","",468945,3,,273,6,62,,1,,0,,3,,,,0,0
3802214,1974,5212,1971,"ES","",,1,,62,6,69,,4,,0.375,,15.5,,,,,
3802333,1974,5212,1971,"ES","",431040,3,,99,6,61,,3,,0.4444,,14.3333,,,,0,0
3802358,1974,5212,1972,"ES","",,1,,112,6,63,,0,,,,,,,,,
3805356,1974,5226,1973,"ES","",28145,2,,227,5,59,,7,,0.6122,,7.5714,,,,0,0
3805699,1974,5226,1970,"ES","",,1,,101,6,69,,6,,0.2778,,15.8333,,,,,
3805785,1974,5226,1972,"ES","",,1,,604,3,32,,2,,0,,12.5,,,,,
3805990,1974,5226,1972,"ES","",,1,,220,6,68,,5,,0.64,,21.2,,,,,
3806616,1974,5226,1971,"ES","",281140,3,,426,6,61,,9,,0.4444,,17,,,,0,0
3808647,1974,5240,1972,"ES","",,1,,24,6,63,,0,,,,,,,,,
3809053,1974,5240,1972,"ES","",,1,,126,6,66,,7,,0.2449,,19.1429,,,,,
3809370,1974,5240,1972,"ES","",,1,,215,6,68,,1,,0,,7,,,,,
3809514,1974,5240,1972,"ES","",,1,,425,5,51,,6,,0.4444,,4.6667,,,,,
3810412,1974,5247,1972,"ES","",,1,,89,5,59,,5,,0,,7.6,,,,,
3811652,1974,5254,1972,"ES","",,1,,254,5,59,,2,,0.5,,2.5,,,,,
3811861,1974,5254,1972,"ES","",489500,3,,65,5,51,,0,,,,,,,,,
3813941,1974,5268,1971,"ES","",,1,,73,4,43,,5,,0.56,,11.6,,,,,
3814067,1974,5268,1972,"ES","",,1,,123,5,53,,13,,0,,6.6923,,,,,
3814389,1974,5268,1972,"ES","",,1,,261,1,19,,13,,0.2722,,6.5385,,,,,
3814811,1974,5268,1972,"ES","",29915,3,,514,3,31,,0,,,,,,,,,
3817520,1974,5282,1972,"ES","",,1,,473,6,62,,8,,0.375,,10.625,,,,,
3818730,1974,5289,1973,"ES","",111225,3,,69,6,63,,1,,0,,6,,,,0,0
3820218,1974,5292,1973,"ES","",28145,2,,227,5,59,,5,,0,,11,,,,0.2,0.2
3820677,1974,5292,1971,"ES","",10855,3,,215,6,68,,2,,0.5,,18,,,,0,0
3821390,1974,5292,1973,"ES","",24425,2,,514,3,31,,0,,,,,,,,,
3821603,1974,5292,1973,"ES","",,1,,361,4,45,,4,,0.625,,13.25,,,,,
3822106,1974,5296,1971,"ES","",438920,2,,425,5,51,,4,,0.625,,11,,,,0,0
3822676,1974,5303,1971,"ES","",,1,,123,5,53,,2,,0.5,,18.5,,,,,
3823039,1974,5303,1972,"ES","",441015,3,,429,4,45,,3,,0,,16.6667,,,,0.3333,0.3333
3823270,1974,5303,1972,"ES","",282100,2,,379,2,21,,2,,0.5,,6,,,,0,0
3824429,1974,5310,1972,"ES","",187290,3,,315,4,42,,5,,0.72,,12.2,,,,0,0
3824626,1974,5317,1973,"ES","",,1,,2,6,63,,0,,,,,,,,,
3824780,1974,5317,1972,"ES","",,1,,368,6,69,,0,,,,,,,,,
3826435,1974,5324,1972,"ES","",417210,3,,241,5,51,,5,,0.72,,16.4,,,,0,0
3827112,1974,5331,1973,"ES","",187330,3,,28,6,63,,2,,0.5,,18.5,,,,0,0
3827233,1974,5331,1973,"ES","",,1,,368,6,69,,3,,0.4444,,16,,,,,
3827380,1974,5331,1973,"ES","",,1,,112,6,63,,0,,,,,,,,,
3827775,1974,5331,1973,"ES","",270930,3,,312,6,65,,4,,0.625,,10,,,,0,0
3828666,1974,5338,1973,"ES","",,1,,101,6,69,,0,,,,,,,,,
3828684,1974,5338,1972,"ES","",,1,,104,5,55,,0,,,,,,,,,
3830821,1974,5345,1972,"ES","",325700,3,,546,1,14,,0,,,,,,,,,
3832077,1974,5352,1972,"ES","",169865,3,,403,6,67,,8,,0.2188,,13.25,,,,0,0
3832525,1974,5352,1973,"ES","",465870,2,,392,4,41,,2,,0,,16.5,,,,0,0
3832998,1974,5359,1973,"ES","",,1,,604,3,32,,8,,0.4063,,9.875,,,,,
3834188,1974,5366,1972,"ES","",,1,,66,6,63,,0,,,,,,,,,
3835444,1974,5366,1973,"ES","",28145,2,,439,4,41,,20,,0.095,,12.8,,,,0.1,0.1
3836668,1974,5373,1965,"ES","",325670,3,,514,3,31,,2,,0.5,,11.5,,,,0,0
3837187,1974,5380,1973,"ES","",36270,3,,68,6,63,,4,,0.375,,16.5,,,,0,0
3837621,1974,5380,1972,"ES","",,1,,254,5,59,,0,,,,,,,,,
3840032,1974,5394,1972,"ES","",42355,3,,134,6,69,,3,,0,,3.6667,,,,0,0
3840461,1974,5394,1972,"ES","",276290,3,,508,5,59,,11,,0.6446,,10.0909,,,,0,0
3841117,1974,5401,1973,"ES","",,1,,68,6,63,,2,,0,,20.5,,,,,
3841572,1974,5401,1972,"ES","",,1,,241,5,51,,2,,0.5,,17.5,,,,,
3844023,1974,5415,1972,"ES","",,1,,29,5,52,,11,,0.6446,,10.2727,,,,,
3846996,1974,5429,1972,"ES","",,1,,66,6,63,,2,,0,,2,,,,,
3847278,1974,5429,1973,"ES","",,1,,206,6,68,,0,,,,,,,,,
3847941,1974,5429,1973,"ES","",325700,3,,548,1,14,,2,,0.5,,5,,,,0.5,0.5
3847973,1974,5429,1972,"ES","",187280,3,,552,1,14,,1,,0,,3,,,,0,0
3848489,1974,5436,1973,"ES","",,1,,82,5,51,,11,,0,,17.0909,,,,,
3849641,1974,5436,1971,"ES","",28145,2,,362,4,42,,2,,0,,8.5,,,,0,0
3850417,1974,5443,1972,"ES","",235195,3,,266,5,52,,4,,0.625,,14,,,,0,0
3851821,1974,5450,1973,"ES","",,1,,238,5,55,,0,,,,,,,,,
3855768,1974,5471,1973,"ES","",,1,,57,6,63,,0,,,,,,,,,
3857563,1974,5478,1973,"ES","",,1,,482,5,59,,1,,0,,3,,,,,
3858365,1975,5485,1973,"ES","",192520,3,8,53,6,68,5,1,0.8,0,0,8,13.2,0,0,0,0
3859450,1975,5485,1972,"ES","",53775,3,7,426,6,61,7,6,0.4286,0.5,0,14.5,21.5714,0,0,0,0
3859827,1975,5492,1973,"ES","",430585,3,8,70,6,65,3,3,0,0.4444,,12.6667,56.3333,0,0,0,0
3860094,1975,5492,1973,"ES","",,1,10,188,5,53,2,10,1,0.34,0,13.7,2.5,,,,
3862337,1975,5499,1973,"ES","",,1,7,426,6,61,6,8,0,0,,13.625,28.5,,,,
3863278,1975,5513,1973,"ES","",,1,6,5,6,65,3,1,0.3333,0,0,19,16.3333,,,,
3863552,1975,5513,1972,"ES","",,1,2,493,5,51,20,2,0.15,0,0.4444,13,42.95,,,,
3865093,1975,5520,1972,"ES","",,1,8,123,5,53,7,2,0.2857,0,0.5,7,33.1429,,,,
3866036,1975,5520,1974,"ES","",,1,21,362,4,42,5,5,1,0,0,10.6,3.4,,,,
3867090,1975,5527,1972,"ES","",199875,3,15,431,6,66,2,4,1,0.625,0,6,4,0,0,0,0
3867592,1975,5527,1973,"ES","",,1,10,200,4,41,3,2,0.6667,0,0.5,6,5.6667,,,,
3869881,1975,5548,1973,"ES","",,1,3,66,6,63,5,0,0,,,,72.2,,,,
3870000,1975,5548,1973,"ES","",,1,12,112,6,63,10,5,0.4,0.56,0.375,8.4,18.4,,,,
3871236,1975,5555,1973,"ES","",,1,7,74,5,59,2,0,0,,,,38,,,,
3871574,1975,5555,1973,"ES","",325680,3,7,494,1,19,5,1,1,0,0.72,17,5.8,0,0,0,0
3873606,1975,5562,1973,"ES","",325645,3,5,562,1,14,1,2,0,0,,3,15,0,0,0,0
3874834,1975,5569,1973,"ES","",586880,3,16,425,5,51,4,2,1,0.5,0.5,15.5,4.5,0,0,0,0
3875689,1975,5576,1974,"ES","",298595,3,1,36,6,63,3,7,0.6667,0,0,6.2857,13.3333,0,0,0,0
3876422,1975,5576,1973,"ES","",273190,2,10,420,5,52,5,5,0.8,0.48,0.375,6,7,0,0,0.2,0.2
3876651,1975,5576,1973,"ES","",325840,3,2,546,1,14,1,1,1,0,0,21,2,0,0,0,0
3877256,1975,5583,1973,"ES","",,1,16,66,6,63,3,3,0.6667,0,0,8,7.6667,,,,
3877257,1975,5583,1973,"ES","",298870,3,4,66,6,63,5,0,0.8,,0,,6.4,0,0,,
3878702,1975,5590,1973,"ES","",,1,6,72,5,52,3,0,0,,,,58.6667,,,,
3879147,1975,5590,1973,"ES","",,1,4,403,6,67,4,15,0.25,0.7911,0,13.5333,45.5,,,,
3879296,1975,5590,1973,"ES","",179825,3,9,210,1,19,7,2,0.5714,0,0.375,14,23.2857,0,0,0,0
3879964,1975,5597,1972,"ES","",,1,5,66,6,63,2,3,0.5,0,0,19.6667,47,,,,
3880108,1975,5597,1973,"ES","",282100,2,11,116,6,69,3,2,0.3333,0.5,0,15.5,42.3333,0,0,0,0
3880511,1975,5597,1973,"ES","",,1,7,353,5,54,4,2,0,0.5,,5.5,30.5,,,,
3883360,1975,5611,1972,"ES","",244500,2,5,106,1,12,3,2,1,0,0.4444,11.5,5.6667,0,0,0,0
3884275,1975,5618,1973,"ES","",,1,5,139,6,63,4,3,0.75,0,0,6.6667,15.25,,,,
3884371,1975,5618,1974,"ES","",,1,3,414,5,51,3,2,1,0.5,0.4444,7.5,6,,,,
3884386,1975,5618,1973,"ES","",,1,11,221,5,51,6,9,0.6667,0.7407,0.625,12.1111,23.6667,,,,
3884462,1975,5618,1973,"ES","",,1,22,472,6,62,3,3,1,0.4444,0.6667,11,4.6667,,,,
3885322,1975,5625,1974,"ES","",,1,3,34,1,19,5,0,0.2,,0,,23,,,,
3886674,1975,5632,1973,"ES","",,1,7,36,6,63,3,12,0,0,,17.6667,38.3333,,,,
3887562,1975,5632,1973,"ES","",325820,3,1,536,1,14,1,0,1,,0,,6,0,0,,
3887693,1975,5632,1973,"ES","",142680,3,12,423,1,19,8,3,0.25,0.6667,0,9,15.25,0,0,0,0
3890449,1975,5646,1973,"ES","",,1,6,426,6,61,9,0,0.2222,,0.5,,34.6667,,,,
3890804,1975,5653,1973,"ES","",,1,7,66,6,63,4,1,0.5,0,0,9,15.5,,,,
3891303,1975,5653,1972,"ES","",,1,2,359,5,54,3,4,0,0.375,,18.5,26,,,,
3892239,1975,5660,1973,"ES","",,1,6,604,3,32,4,7,0.5,0.2449,0.5,16.5714,16,,,,
3892496,1975,5660,1974,"ES","",,1,6,404,6,69,2,5,1,0.48,0,9.4,3,,,,
3892507,1975,5660,1973,"ES","",105010,3,2,425,5,51,4,1,0.75,0,0.4444,6,10.25,0,0,0,0
3892728,1975,5660,1972,"ES","",325820,3,12,536,1,14,2,0,0,,,,20,0,0,,
3893550,1975,5667,1973,"ES","",,1,7,188,5,53,4,5,0.25,0.48,0,15.6,26.5,,,,
3894542,1975,5674,1974,"ES","",183820,3,1,450,6,63,5,0,1,,0,,8.6,0,0,,
3895782,1975,5681,1973,"ES","",506555,3,3,266,5,52,7,2,0,0,,4.5,58.1429,0,0,0,0
3895928,1975,5681,1972,"ES","",112815,3,5,422,1,19,10,10,0.8,0.58,0.8125,12.5,7.8,0,0,0,0
3896342,1975,5681,1972,"ES","",410915,3,5,361,4,45,4,3,0.25,0.4444,0,16,45.5,0,0,0,0
3896492,1975,5681,1973,"ES","",,1,10,360,2,24,3,3,1,0.4444,0,7.6667,7.6667,,,,
3898560,1975,5695,1973,"ES","",594695,3,7,324,4,43,4,4,0,0.375,,18,21,0,0,0,0
3899581,1975,5702,1974,"ES","",745502,3,6,514,3,31,0,3,,0.6667,,15.3333,,,,0,0
3899608,1975,5702,1973,"ES","",180775,3,8,426,6,61,9,0,0.3333,,0.4444,,26.8889,0,0,,
3899690,1975,5702,1974,"ES","",38300,3,13,327,4,41,2,2,1,0,0,3,3.5,0,0,0,0
3899988,1975,5709,1973,"ES","",505025,3,21,114,5,55,4,5,0.75,0.56,0.4444,7.6,16.5,0,0,0,0
3900966,1975,5716,1973,"ES","",,1,7,49,5,59,3,3,0,0,,14.6667,28.3333,,,,
3901420,1975,5716,1974,"ES","",,1,10,223,6,63,4,1,0.5,0,0,4,12.25,,,,
3901644,1975,5716,1974,"ES","",,1,8,431,6,66,5,5,0.4,0,0.5,2.2,21,,,,
3902894,1975,5723,1973,"ES","",,1,9,75,5,52,1,1,0,0,,9,84,,,,
3903622,1975,5730,1974,"ES","",375440,3,1,36,6,63,4,0,0,,,,33.75,0,0,,
3903680,1975,5730,1974,"ES","",,1,14,57,6,63,6,11,0.3333,0,0,8.6364,42.8333,,,,
3903932,1975,5730,1974,"ES","",,1,10,139,6,63,3,4,0.3333,0,0,10.25,49.3333,,,,
3904670,1975,5730,1974,"ES","",479490,3,1,560,1,14,1,0,0,,,,22,0,0,,
3905062,1975,5737,1973,"ES","",471260,3,5,16,5,59,5,2,0.4,0,0.5,9.5,30,0,0,0,0
3905277,1975,5737,1973,"ES","",59360,3,8,91,5,53,3,4,1,0.375,0,6.5,7,0,0,0,0
3907296,1975,5744,1973,"ES","",,1,4,273,6,62,7,0,0.2857,,0.5,,36.8571,,,,
3907910,1975,5744,1970,"ES","",,1,3,570,1,14,4,0,0.25,,0,,20.25,,,,
3909857,1975,5758,1974,"ES","",,1,5,5,6,65,3,4,0.3333,0.375,0,14,39.6667,,,,
3910069,1975,5758,1973,"ES","",,1,1,66,6,63,5,0,0.8,,0,,7.4,,,,
3910506,1975,5758,1974,"ES","",,1,16,241,5,51,2,2,0,0.5,,17,49.5,,,,
3910693,1975,5758,1974,"ES","",,1,6,352,5,54,10,9,0.9,0.6667,0.5926,12,5.7,,,,
3911609,1975,5765,1973,"ES","",,1,9,43,6,61,5,6,0.6,0.2778,0,18,10.6,,,,
3912501,1975,5765,1972,"ES","",,1,10,75,5,52,5,6,0.8,0.6111,0.375,10.6667,13.6,,,,
3912895,1975,5765,1974,"ES","",28145,2,1,200,4,41,4,3,0.5,0,0,12,19.25,0,0,0,0
3913158,1975,5772,1970,"ES","",396590,3,17,441,6,69,2,7,1,0,0,17.4286,9,0,0,0,0
3913323,1975,5772,1973,"ES","",,1,11,60,4,45,10,1,1,0,0.66,18,4.9,,,,
3913336,1975,5772,1974,"ES","",,1,5,405,6,64,8,4,0.5,0.625,0.625,7,21.625,,,,
3913509,1975,5772,1973,"ES","",,1,6,112,6,63,7,1,0.4286,0,0,4,19.4286,,,,
3914942,1975,5779,1974,"ES","",59390,3,10,60,4,45,5,1,0.8,0,0.625,5,9,0,0,0,0
3915127,1975,5779,1973,"ES","",,1,8,123,5,53,8,1,0.625,0,0.32,5,10.5,,,,
3916630,1975,5786,1974,"ES","",222760,3,3,405,6,64,4,3,0.25,0,0,12,41.5,0,0,0,0
3916803,1975,5786,1974,"ES","",,1,7,108,6,69,9,6,0.8889,0.2778,0.2188,13.6667,7,,,,
3917696,1975,5786,1974,"ES","",325670,3,7,564,1,14,2,1,1,0,0.5,4,6.5,0,0,0,0
3920033,1975,5800,1973,"ES","",,1,1,137,6,69,2,10,1,0.54,0,14,8,,,,
3922386,1975,5807,1973,"ES","",420295,3,11,427,1,12,5,4,0.6,0.75,0.6667,9.25,7.2,0,0,0,0
3922734,1975,5814,1974,"ES","",,1,3,5,6,65,3,0,0,,,,32.3333,,,,
3923153,1975,5814,1974,"ES","",,1,10,206,6,68,2,1,0,0,,24,26.5,,,,
3923458,1975,5814,1972,"ES","",112815,3,3,422,1,19,12,4,0.6667,0.5,0.8125,11,9.9167,0,0,0,0
3923820,1975,5814,1974,"ES","",325700,3,4,546,1,14,3,3,1,0.4444,0,2,6,0,0,0,0
3923976,1975,5814,1973,"ES","",,1,11,423,1,19,4,4,0.5,0.625,0,15.75,10.75,,,,
3924353,1975,5821,1974,"ES","",,1,7,47,6,61,6,0,0.3333,,0,,20.1667,,,,
3926284,1975,5828,1974,"ES","",,1,2,188,5,53,2,6,0,0.2778,,11,41.5,,,,
3928556,1975,5835,1974,"ES","",410030,3,,424,3,31,0,6,,0.2778,,13.1667,,,,0,0
3930523,1976,5849,1973,"ES","",,1,9,139,6,63,9,10,0.6667,0.7,0.2778,12.5,15.2222,,,,
3932490,1976,5856,1972,"ES","",,1,1,552,1,14,0,0,,,,,,,,,
3932602,1976,5856,1973,"ES","",410030,3,3,424,3,31,4,11,0.75,0.7107,0,17,9.25,0,0,0,0
3934620,1976,5870,1973,"ES","",,1,4,139,6,63,7,5,0.4286,0,0,7.6,19.8571,,,,
3936202,1976,5877,1975,"ES","",,1,4,402,5,59,4,6,0.25,0.4444,0,14.6667,23.25,,,,
3938902,1976,5891,1974,"ES","",,1,1,403,6,67,4,1,0.5,0,0.5,4,29,,,,
3938933,1976,5891,1973,"ES","",,1,4,431,6,66,7,3,0.5714,0.4444,0.75,5.3333,16,,,,
3940015,1976,5898,1974,"ES","",199875,3,2,221,5,51,7,0,1,,0.7755,,6.2857,0,0,,
3940707,1976,5898,1974,"ES","",271220,3,2,330,4,41,4,2,0.5,0.5,0,9.5,21.5,0,0,0,0
3941071,1976,5905,1974,"ES","",39630,3,14,114,5,55,8,1,0.5,0,0.375,12,22.5,0,0,0,0
3941404,1976,5905,1975,"ES","",,1,3,280,5,55,11,11,0.7273,0.6281,0.5938,14.9091,12.6364,,,,
3942166,1976,5905,1974,"ES","",38300,3,16,340,2,21,8,3,1,0.4444,0,7,6.125,0,0,0,0
3942372,1976,5912,1974,"ES","",41895,3,11,73,4,43,1,0,0,,,,31,0,0,,
3942450,1976,5912,1974,"ES","",,1,5,104,5,55,6,3,0.8333,0.6667,0.32,14,18.8333,,,,
3943405,1976,5912,1974,"ES","",187290,3,2,315,4,42,1,0,1,,0,,5,0,0,,
3943976,1976,5919,1974,"ES","",352300,3,15,139,6,63,2,3,0,0,,5.3333,28,0,0,0,0
3946281,1976,5926,1974,"ES","",38300,3,17,361,4,45,1,5,1,0.32,0,12.2,9,0,0,0,0
3946314,1976,5926,1973,"ES","",271220,3,7,455,2,21,5,1,0,0,,5,35.2,0,0,0,0
3946462,1976,5933,1974,"ES","",,1,1,19,1,11,4,1,0,0,,18,50.25,,,,
3946536,1976,5933,1975,"ES","",,1,4,53,6,68,3,1,0.3333,0,0,16,15.6667,,,,
3946667,1976,5933,1973,"ES","",,1,7,101,6,69,7,1,0.5714,0,0,4,16.4286,,,,
3946879,1976,5933,1974,"ES","",337970,3,10,414,5,51,9,10,0.2222,0.7,0,12.6,20.7778,0,0,0,0
3947141,1976,5933,1974,"ES","",547570,3,16,403,6,67,4,5,0.5,0.64,0.5,9.4,21.25,0,0,0,0
3947448,1976,5933,1973,"ES","",325840,3,8,544,1,14,4,1,1,0,0,2,6.5,0,0,0,0
3947465,1976,5933,1974,"ES","",,1,5,548,1,14,0,6,,0.6667,,11.1667,,,,,
3947969,1976,5940,1973,"ES","",,1,5,33,6,69,2,2,1,0.5,0,9.5,6.5,,,,
3947975,1976,5940,1974,"ES","",,1,7,434,6,69,4,0,0.75,,0.4444,,7.75,,,,
3949054,1976,5940,1974,"ES","",,1,4,431,6,66,10,0,0.9,,0.5926,,6,,,,
3949580,1976,5947,1975,"ES","",36270,3,9,68,6,63,4,6,1,0.2778,0.375,12.5,3.5,0.3333,0.25,0,0
3949677,1976,5947,1974,"ES","",95985,3,5,102,1,19,5,3,0.4,0.4444,0,8.3333,35.2,0,0,0,0
3949792,1976,5947,1975,"ES","",363080,3,9,141,5,51,1,1,1,0,0,5,2,0,0,0,0
3949864,1976,5947,1975,"ES","",352290,3,6,198,5,59,5,6,1,0.2778,0.72,13.3333,6.2,0,0,0,0
3950117,1976,5947,1974,"ES","",,1,3,418,5,53,8,1,1,0,0.5938,18,7.125,,,,
3950207,1976,5947,1974,"ES","",570570,3,12,156,1,19,4,7,0.75,0.7755,0.4444,15.1429,8.5,0,0,0,0
3950872,1976,5954,1974,"ES","",391015,3,4,40,6,69,2,0,0.5,,0,,18,0,0,,
3951690,1976,5954,1974,"ES","",441015,3,12,429,4,45,3,2,0.6667,0.5,0,2.5,13.3333,0.5,0.3333,0,0
3951995,1976,5954,1974,"ES","",325700,3,4,546,1,14,3,0,1,,0.4444,,6.3333,0,0,,
3952377,1976,5961,1974,"ES","",,1,2,24,6,63,9,27,0.3333,0.7764,0.4444,15.8148,35.8889,,,,
3954767,1976,5968,1974,"ES","",,1,7,544,1,14,1,3,1,0.6667,0,17.6667,9,,,,
3955343,1976,5975,1974,"ES","",,1,1,414,5,51,4,4,0.5,0.75,0.5,10.5,28,,,,
3957064,1976,5982,1975,"ES","",,1,7,131,6,61,7,2,0.8571,0.5,0,10,15.1429,,,,
3957866,1976,5982,1974,"ES","",745502,3,2,564,1,14,2,0,1,,0,,7,0,0,,
3958026,1976,5982,1974,"ES","",104245,2,10,426,6,61,5,5,0.4,0.72,0,16.2,13.2,0,0,0,0
3960167,1976,5996,1974,"ES","",420295,3,4,137,6,69,2,0,0.5,,0,,15,0,0,,
3962243,1976,6003,1974,"ES","",325700,3,1,544,1,14,4,4,0.5,0.375,0.5,6,16.5,0,0,0,0
3964626,1976,6017,1974,"ES","",41835,3,3,414,5,51,5,14,0.4,0.1327,0,13.6429,13.8,0,0,0,0
3965516,1976,6024,1974,"ES","",,1,3,12,6,63,1,0,0,,,,20,,,,
3966906,1976,6024,1974,"ES","",57990,3,9,424,3,31,1,7,0,0.4898,,4.5714,40,0,0,0,0
3967390,1976,6031,1975,"ES","",,1,5,36,6,63,4,5,0.25,0.48,0,19.2,49.5,,,,
3968032,1976,6031,1974,"ES","",42355,3,7,209,5,51,12,3,0,0,,12,43.5833,0,0,0,0
3970169,1976,6045,1975,"ES","",,1,4,182,6,65,5,3,0.2,0,0,8,35.8,,,,
3971078,1976,6052,1975,"ES","",,1,5,5,6,65,4,0,0.25,,0,,37.75,,,,
3971137,1976,6052,1973,"ES","",206930,3,3,33,6,69,7,1,0.2857,0,0,5,28.5714,0,0,0,0
3974006,1976,6066,1975,"ES","",,1,13,438,4,46,2,0,1,,0.5,,5.5,,,,
3974254,1976,6066,1973,"ES","",431040,3,14,423,1,19,6,3,1,0,0.2778,13.3333,4.6667,0,0,0,0
3975872,1976,6080,1975,"ES","",,1,6,52,6,69,8,3,0.875,0,0.2449,6.6667,7.875,,,,
3977166,1976,6087,1975,"ES","",610145,3,17,56,6,61,3,1,0,0,,17,16.3333,0,0,0,0
3977215,1976,6087,1975,"ES","",298870,3,3,66,6,63,3,2,1,0,0,1,2,0,0,0.5,0.5
3977374,1976,6087,1972,"ES","",,1,17,123,5,53,10,6,0.5,0.2778,0.48,8.6667,21.3,,,,
3977948,1976,6087,1975,"ES","",284440,3,13,205,1,19,4,6,1,0,0,8.1667,2,0,0,0,0
3978332,1976,6087,1975,"ES","",,1,11,362,4,42,6,4,1,0.625,0,15,4.6667,,,,
3978564,1976,6094,1975,"ES","",,1,9,29,5,52,4,1,0.5,0,0.5,14,22,,,,
3979382,1976,6094,1974,"ES","",520625,3,7,544,1,14,2,0,0.5,,0,,12.5,0,0,,
3979875,1976,6101,1974,"ES","",,1,9,403,6,67,4,0,0.5,,0.5,,22.5,,,,
3980370,1976,6101,1975,"ES","",,1,5,439,4,41,1,10,0,0.56,,14.6,36,,,,
3981331,1976,6108,1975,"ES","",269145,3,6,139,6,63,1,2,1,0,0,12,2,0,0,0,0
3981670,1976,6108,1974,"ES","",95005,3,10,425,5,51,5,2,0.8,0,0.375,9,6.8,0,0,0,0
3982002,1976,6108,1975,"ES","",717472,3,3,514,3,31,1,2,1,0,0,2,1,0,0,0,0
3982030,1976,6108,1974,"ES","",236175,3,3,426,6,61,4,9,0,0.1975,,12.6667,34.25,0,0,0,0
3982279,1976,6115,1975,"ES","",,1,5,623,3,39,2,2,0.5,0.5,0,11,31,,,,
3982485,1976,6115,1975,"ES","",,1,1,101,6,69,4,0,0.25,,0,,38.25,,,,
3982628,1976,6115,1975,"ES","",,1,4,206,6,68,2,1,0.5,0,0,15,47.5,,,,
3983854,1976,6122,1971,"ES","",,1,3,123,5,53,12,3,0.8333,0,0,13,8.0833,,,,
3983951,1976,6122,1975,"ES","",,1,1,180,5,55,8,2,0.125,0,0,15,47,,,,
3984195,1976,6122,1974,"ES","",442870,3,33,425,5,51,8,14,1,0.6122,0.5,6.7857,8.375,0,0,0,0
3984423,1976,6122,1976,"ES","",,1,2,546,1,14,0,1,,0,,4,,,,,
3985206,1976,6129,1975,"ES","",,1,3,186,6,69,2,1,0,0,,3,20.5,,,,
3985857,1976,6129,1973,"ES","",42355,3,4,423,1,19,4,10,0.75,0.56,0,7.9,14.5,0,0,0,0
3985901,1976,6129,1974,"ES","",276270,3,8,426,6,61,5,2,1,0,0.32,18.5,6,0,0,0,0
3986250,1976,6136,1975,"ES","",9110,3,2,29,5,52,8,6,0.375,0.6667,0,16.8333,23.25,0,0,0,0
3986287,1976,6136,1975,"ES","",,1,6,43,6,61,3,1,0.3333,0,0,16,52.3333,,,,
3986504,1976,6136,1975,"ES","",,1,4,606,3,32,3,22,0.6667,0,0,13.9091,7.3333,,,,
3987321,1976,6136,1973,"ES","",,1,7,310,4,45,3,2,0,0,,5.5,34.3333,,,,
3987873,1976,6143,1974,"ES","",,1,6,188,5,53,10,4,0.3,0.625,0.6667,5.5,27,,,,
3987889,1976,6143,1975,"ES","",,1,11,198,5,59,3,16,0.6667,0.7031,0.5,13.25,20,,,,
3987912,1976,6143,1974,"ES","",,1,7,414,5,51,5,1,0.6,0,0,2,12.4,,,,
3989313,1976,6150,1975,"ES","",187290,3,10,303,5,53,2,2,1,0,0,14.5,4,0,0,0,0
3990685,1976,6157,1975,"ES","",,1,3,366,1,19,4,1,0,0,,9,32.25,,,,
3991211,1976,6157,1973,"ES","",212075,3,7,514,3,31,0,2,,0,,7.5,,,,0,0
3991769,1976,6164,1975,"ES","",,1,4,607,3,32,3,2,0.3333,0.5,0,8.5,28.3333,,,,
3992058,1976,6164,1975,"ES","",,1,6,297,6,65,4,3,0.5,0,0.5,19.6667,16.5,,,,
3992142,1976,6164,1974,"ES","",,1,1,8,1,11,9,3,0.1111,0.6667,0,7.6667,55.6667,,,,
3993079,1976,6171,1975,"ES","",,1,4,604,3,32,5,37,0.6,0.5537,0.4444,13.0811,17.4,,,,
3993266,1976,6171,1975,"ES","",,1,10,242,5,51,3,0,0.3333,,0,,15.3333,,,,
3994910,1976,6178,1974,"ES","",31750,3,1,548,1,14,1,1,1,0,0,18,11,0,0,0,0
3997754,1976,6192,1973,"ES","",415390,3,5,219,4,49,5,3,0.6,0.4444,0,17.3333,19.6,0,0,0,0
3997755,1976,6192,1973,"ES","",415390,3,3,219,4,49,3,0,0,,,,36.6667,0,0,,
3998067,1976,6199,1975,"ES","",347175,3,5,405,6,64,2,6,1,0,0.5,3.8333,3,0,0,0,0
3999237,1976,6206,1975,"ES","",,1,14,449,6,61,2,1,0,0,,6,86.5,,,,
3999418,1976,6206,1976,"ES","",,1,3,72,5,52,2,4,0,0.625,,11,20.5,,,,
3999647,1976,6206,1975,"ES","",,1,6,198,5,59,4,0,1,,0,,5.25,,,,
4000283,1976,6206,1975,"ES","",325700,3,3,514,3,31,0,2,,0.5,,9,,,,0.5,0.5
4001414,1977,6213,1975,"ES","",325700,3,3,514,3,31,1,2,1,0.5,0,5,6,0,0,0,0
4003165,1977,6227,1975,"ES","",456570,3,6,451,5,51,2,6,1,0,0,6.6667,3.5,0,0,0,0
4004145,1977,6227,1975,"ES","",,1,6,362,4,42,4,0,1,,0.375,,7.5,,,,
4005220,1977,6234,1975,"ES","",325840,3,14,514,3,31,3,2,1,0,0.4444,5,4.6667,0,0,0,0
4005774,1977,6241,1975,"ES","",115220,3,5,198,5,59,3,8,0,0.6563,,17.75,31.3333,0,0,0,0
4005867,1977,6241,1975,"ES","",,1,3,273,6,62,9,2,0.3333,0,0.4444,10,34,,,,
4006041,1977,6241,1975,"ES","",,1,10,148,5,52,5,7,0.6,0.7755,0.4444,13,10,,,,
4006843,1977,6248,1975,"ES","",,1,16,222,1,19,10,5,0.3,0.64,0.6667,10.8,32.9,,,,
4006897,1977,6248,1975,"ES","",127205,3,11,463,6,62,6,3,0.8333,0.4444,0.8,2.3333,7.8333,0,0,0,0
4007168,1977,6248,1975,"ES","",,1,6,540,1,14,0,1,,0,,12,,,,,
4008215,1977,6255,1974,"ES","",55665,3,1,534,1,14,6,0,0,,,,63.1667,0,0,,
4009156,1977,6262,1975,"ES","",55665,3,3,534,1,14,10,3,0.1,0.6667,0,15.3333,56.3,0,0,0.3333,0.3333
4010039,1977,6269,1974,"ES","",233715,3,8,501,1,19,1,5,1,0,0,9.4,6,0,0,0,0
4010191,1977,6269,1973,"ES","",144430,3,7,560,1,14,6,4,1,0.375,0.7222,12.75,8,0.3333,0.1667,0,0
4011152,1977,6276,1975,"ES","",172970,3,3,204,1,19,4,5,0.75,0.48,0.4444,8,9.5,0,0,0.2,0.2
4011631,1977,6283,1975,"ES","",,1,7,19,1,11,1,6,0,0,,6.6667,36,,,,
4011812,1977,6283,1974,"ES","",,1,3,101,6,69,4,5,0.25,0.32,0,17.2,38.75,,,,
4014782,1977,6297,1975,"ES","",,1,6,208,1,19,6,1,0.1667,0,0,3,44.3333,,,,
4014921,1977,6297,1975,"ES","",21970,3,1,560,1,14,0,0,,,,,,,,,
4014962,1977,6297,1975,"ES","",,1,4,261,1,19,11,14,0.5455,0.5612,0.5,10.3571,20.9091,,,,
4016817,1977,6311,1975,"ES","",,1,11,102,1,19,2,6,0,0,,9.5,31.5,,,,
4016843,1977,6311,1975,"ES","",187290,3,3,123,5,53,4,5,1,0,0,2.2,3,0,0,0,0
4017502,1977,6311,1975,"ES","",21970,3,1,546,1,14,2,1,1,0,0,5,5,0,0,0,0
4019195,1977,6318,1975,"ES","",187290,3,4,257,4,46,1,2,1,0.5,0,2.5,8,0,0,0,0
4019292,1977,6325,1975,"ES","",,1,12,52,6,69,5,4,1,0.625,0.56,17.75,6.8,,,,
4020763,1977,6332,1975,"ES","",,1,7,102,1,19,4,6,1,0.2778,0,8.5,8.5,,,,
4023242,1977,6346,1975,"ES","",80290,3,9,24,6,63,4,7,1,0.6122,0.625,10.2857,6.25,0,0,0,0
4024735,1977,6353,1975,"ES","",638825,3,9,68,6,63,6,8,0.5,0.5938,0.4444,13,18,0,0,0,0
4025084,1977,6353,1975,"ES","",,1,8,280,5,55,5,2,0.4,0,0,14.5,17,,,,
4025234,1977,6353,1975,"ES","",363080,3,4,417,5,53,7,0,0.2857,,0.5,,16.4286,0,0,,
4026174,1977,6360,1975,"ES","",,1,14,83,5,51,8,0,0.5,,0,,22.875,,,,
4026249,1977,6360,1975,"ES","",,1,10,123,5,53,11,1,0.4545,0,0,20,29.5455,,,,
4026979,1977,6360,1975,"ES","",445985,3,5,264,5,51,6,6,1,0.4444,0,7.1667,7.5,0,0,0,0
4027416,1977,6367,1975,"ES","",,1,9,42,5,59,2,2,0,0,,13,31,,,,
4027449,1977,6367,1976,"ES","",,1,6,52,6,69,13,18,0.4615,0.4753,0.2778,6.3333,27.2308,,,,
4028164,1977,6367,1975,"ES","",,1,9,156,1,19,10,7,0.8,0.4082,0.2188,8.5714,8.4,,,,
4028369,1977,6367,1975,"ES","",21970,3,5,546,1,14,1,0,1,,0,,6,0,0,,
4028371,1977,6367,1976,"ES","",325700,3,1,546,1,14,1,2,1,0.5,0,4,6,0,0,0,0
4029095,1977,6374,1976,"ES","",,1,10,604,3,32,5,3,0,0.4444,,11.3333,60.4,,,,
4029799,1977,6374,1975,"ES","",325700,3,3,514,3,31,0,0,,,,,,,,,
4029807,1977,6374,1975,"ES","",325700,3,3,514,3,31,1,4,1,0.5,0,10.5,3,1,1,0,0
4031105,1977,6381,1976,"ES","",325845,3,1,546,1,14,0,1,,0,,13,,,,0,0
4031240,1977,6381,1975,"ES","",325840,3,18,514,3,31,4,0,0.75,,0.4444,,14.75,0,0,,
4031243,1977,6381,1975,"ES","",299205,3,9,514,3,31,1,5,1,0.56,0,10.8,6,0,0,0,0
4031353,1977,6381,1975,"ES","",172955,3,7,392,4,41,6,4,0.5,0.75,0.4444,9,20,0,0,0,0
4031943,1977,6388,1976,"ES","",,1,7,160,6,69,5,0,0.4,,0,,48.4,,,,
4031989,1977,6388,1976,"ES","",,1,4,188,5,53,6,17,0.3333,0.1107,0,13.8235,23.6667,,,,
4032080,1977,6388,1975,"ES","",,1,2,242,5,51,4,0,0.5,,0,,12,,,,
4032134,1977,6388,1975,"ES","",490545,3,3,271,5,51,6,2,0.3333,0,0,20,21.3333,0,0,0,0
4033498,1977,6395,1976,"ES","",,1,3,227,5,59,2,0,1,,0,,13.5,,,,
4033635,1977,6395,1976,"ES","",187290,3,1,303,5,53,5,6,1,0.6111,0.32,10.8333,4.2,0,0,0,0
4036254,1977,6409,1975,"ES","",,1,9,137,6,69,1,0,0,,,,17,,,,
4036583,1977,6409,1976,"ES","",204345,3,3,432,6,66,5,0,0.6,,0,,23.8,0,0,,
4037552,1977,6416,1976,"ES","",505025,3,5,114,5,55,10,0,0.9,,0.3704,,4.8,0,0,,
4037606,1977,6416,1975,"ES","",591070,3,2,450,6,63,3,0,1,,0,,9.3333,0,0,,
4038390,1977,6416,1975,"ES","",325840,3,23,514,3,31,4,3,1,0,0,4.6667,7.5,0,0,0,0
4038419,1977,6416,1975,"ES","",276275,3,3,426,6,61,2,2,0.5,0.5,0,13.5,11,0,0,0,0
4038793,1977,6423,1975,"ES","",,1,10,52,6,69,9,5,0.2222,0,0,15,40.5556,,,,
4038837,1977,6423,1976,"ES","",298870,3,1,66,6,63,7,5,1,0,0.2449,11.8,2.7143,0.25,0.1429,0,0
4038839,1977,6423,1976,"ES","",298870,3,7,66,6,63,4,0,0.25,,0,,37,0,0,,
4040179,1977,6430,1977,"ES","",28145,2,15,29,5,52,3,9,1,0.1975,0.4444,8,2.3333,0.3333,0.3333,0.7143,0.5556
4040187,1977,6430,1976,"ES","",,1,11,433,3,39,1,7,1,0,0,9.1429,2,,,,
4041740,1977,6437,1976,"ES","",28145,2,4,72,5,52,3,5,0.6667,0.72,0.5,13.2,24,0,0,0,0
