4424690,1984,8775,1981,"ES","",,1,6,69,6,63,3,0,0.6667,,0,,23.6667,,,,
4425302,1984,8775,1982,"ES","",503500,3,1,422,1,19,7,4,0.2857,0.625,0.5,11.5,29.2857,0,0,0,0
4425670,1984,8782,1981,"ES","",136245,2,16,623,3,39,5,9,1,0.3704,0.32,7.8889,10.4,0,0,0,0
4426037,1984,8782,1982,"ES","",,1,28,237,6,66,9,5,0.3333,0.72,0.4444,8.4,37.6667,,,,
4426345,1984,8782,1981,"ES","",,1,5,264,5,51,2,0,0,,,,48.5,,,,
4427076,1984,8789,1981,"ES","",11365,3,7,172,6,64,13,1,0.6923,0,0.3704,9,25.1538,0,0,0,0
4429672,1984,8803,1982,"ES","",536835,3,18,123,5,53,7,0,0.7143,,0,,10,0,0,,
4429766,1984,8803,1982,"ES","",29820,2,14,182,6,65,6,6,0,0.6667,,6.6667,42.8333,0,0,0.3333,0.1667
4430168,1984,8803,1981,"ES","",172970,3,4,205,1,19,2,2,1,0,0,8.5,8,0,0,0,0
4430905,1984,8810,1981,"ES","",59390,3,5,74,5,59,5,2,0.4,0.5,0,11,44.2,0,0,0,0
4432140,1984,8817,1982,"ES","",,1,11,33,6,69,4,0,0,,,,92,,,,
4432326,1984,8817,1982,"ES","",536835,3,11,123,5,53,5,1,0.8,0,0,7,7.4,0,0,0,0
4434705,1984,8831,1981,"ES","",,1,1,91,5,53,4,0,0.25,,0,,24,,,,
4435935,1984,8838,1981,"ES","",435065,3,8,52,6,69,11,7,0.6364,0.2449,0,6.4286,26.8182,0,0,0,0
4436141,1984,8838,1981,"ES","",,1,2,164,5,52,7,2,0.8571,0,0,8.5,13.4286,,,,
4438622,1984,8852,1982,"ES","",,1,6,57,6,63,6,13,1,0,0.4444,5.9231,7.6667,,,,
4439942,1984,8859,1980,"ES","",150165,3,1,42,5,59,4,1,0.75,0,0,8,24.75,0,0,0,0
4441757,1984,8866,1981,"ES","",,1,2,297,6,65,2,2,1,0,0.5,12,11.5,,,,
4446378,1984,8887,1981,"ES","",,1,6,290,4,45,5,3,0.2,0.4444,0,13.6667,54.4,,,,
4446605,1984,8894,1982,"ES","",,1,6,24,6,63,5,1,0.2,0,0,12,64.2,,,,
4447417,1984,8894,1979,"ES","",31025,3,5,424,3,31,2,2,0.5,0.5,0,7,21,0,0,0,0
4447507,1984,8894,1982,"ES","",94090,3,3,429,4,45,5,3,0.4,0,0,13.6667,25.2,0,0,0,0
4448283,1984,8901,1983,"ES","",29820,2,20,182,6,65,12,5,0.4167,0.32,0.32,6.2,48.0833,0,0,1,0.4
4448329,1984,8901,1981,"ES","",,1,11,222,1,19,4,4,0.5,0,0,6.25,25.5,,,,
4449419,1984,8908,1981,"ES","",59390,3,6,74,5,59,9,11,0.6667,0.4298,0.5,9.8182,15.7778,0,0,0,0
4451372,1984,8915,1981,"ES","",145470,3,14,210,1,19,8,4,1,0.375,0.7188,10.75,6,0,0,0,0
4452046,1984,8922,1981,"ES","",,1,7,60,4,45,4,9,1,0.4938,0,10.4444,6.25,,,,
4452365,1984,8922,1982,"ES","",,1,2,215,6,68,6,2,0.8333,0.5,0,5.5,14.5,,,,
4453557,1984,8929,1982,"ES","",426520,3,5,134,6,69,6,0,0.6667,,0.75,,20.6667,0,0,,
4453589,1984,8929,1982,"ES","",613455,3,6,164,5,52,3,0,0.6667,,0,,33.3333,0,0,,
4456230,1984,8943,1982,"ES","",,1,7,266,5,52,4,1,1,0,0.375,6,8,,,,
4456319,1984,8943,1982,"ES","",,1,2,439,4,41,4,6,0.75,0.2778,0.4444,10,42,,,,
4457339,1984,8950,1982,"ES","",124750,2,10,137,6,69,0,10,,0.72,,8.8,,,,0,0
4457391,1984,8950,1982,"ES","",29820,2,15,182,6,65,12,7,0.4167,0.2449,0.32,4.7143,48.0833,0,0,0.6667,0.2857
4458617,1984,8957,1981,"ES","",,4,13,114,5,55,11,3,0.5455,0.6667,0.7778,8.6667,26.4545,,,,
4459113,1984,8957,1982,"ES","",,1,2,434,6,69,6,6,0.5,0,0,10,24.1667,,,,
4459897,1984,8964,1981,"ES","",59395,3,24,91,5,53,4,6,0.75,0.4444,0.4444,9.5,16.5,0,0,0,0
4459956,1984,8964,1982,"ES","",536835,3,11,123,5,53,8,1,0.875,0,0,6,12.25,0,0,0,0
4461109,1984,8971,1982,"ES","",118050,2,17,42,5,59,6,7,0.3333,0,0,11.4286,85.1667,0,0,0,0
4461259,1984,8971,1983,"ES","",536835,3,1,123,5,53,4,4,1,0.375,0.5,4.25,7.25,0,0,0,0
4461321,1984,8971,1982,"ES","",59390,3,6,137,6,69,4,8,0.75,0.375,0,8.25,14.5,0.3333,0.25,0.25,0.25
4463726,1984,8985,1981,"ES","",536835,3,4,123,5,53,4,2,1,0,0,6.5,3.75,0,0,0,0
4465098,1984,8992,1982,"ES","",59390,3,8,137,6,69,2,17,1,0.5536,0.5,5.2353,4,0.5,0.5,0.0588,0.0588
4466611,1984,8999,1981,"ES","",,1,3,482,5,59,3,1,1,0,0,14,4.6667,,,,
4470393,1984,9020,1982,"ES","",536835,3,5,123,5,53,4,0,0.25,,0,,28.25,0,0,,
4471569,1984,9027,1981,"ES","",60105,3,15,47,6,61,1,1,1,0,0,10,19,0,0,0,0
4471598,1984,9027,1983,"ES","",,1,6,53,6,68,3,5,0.6667,0,0,8.8,13.3333,,,,
4474256,1984,9041,1982,"ES","",59390,3,5,180,5,55,4,1,0.25,0,0,3,24.25,0,0,0,0
4475834,1984,9048,1982,"ES","",,1,7,401,1,12,5,4,1,0,0,8,9,,,,
4476319,1984,9048,1982,"ES","",520665,3,7,560,1,14,2,0,0.5,,0,,22.5,0,0,,
4476884,1984,9055,1982,"ES","",,1,4,453,5,59,1,3,0,0,,11.3333,56,,,,
4476962,1984,9055,1982,"ES","",59390,3,7,188,5,53,3,9,1,0,0,3.5556,12.3333,0,0,0.1111,0.1111
4477703,1984,9055,1982,"ES","",11995,3,6,200,4,41,7,1,0.2857,0,0,2,33,0,0,0,0
4478035,1984,9062,1982,"ES","",,1,7,57,6,63,4,0,1,,0,,10.75,,,,
4478271,1984,9062,1982,"ES","",116990,3,10,164,5,52,4,2,1,0,0,3,10.75,0,0,0,0
4478996,1984,9062,1983,"ES","",364715,3,4,544,1,14,1,3,1,0.4444,0,2.3333,9,0,0,0,0
4479330,1984,9069,1983,"ES","",,1,9,49,5,59,3,3,0.3333,0,0,7,43.6667,,,,
4479646,1984,9069,1982,"ES","",69290,3,12,482,5,59,8,10,0.375,0.7,0.4444,9.5,24.375,0,0,0,0
4480363,1984,9076,1979,"ES","",,1,6,26,6,63,6,0,0.3333,,0,,32.3333,,,,
4481357,1984,9076,1982,"ES","",217685,3,1,540,1,14,1,0,1,,0,,2,0,0,,
4482883,1984,9083,1983,"ES","",440955,3,3,338,4,41,9,1,0.7778,0,0,11,21.2222,0,0,0,0
4483466,1984,9090,1982,"ES","",,1,1,222,1,19,6,3,0.3333,0,0,11.3333,24.8333,,,,
4485753,1984,9104,1982,"ES","",530935,3,11,112,6,63,2,4,1,0.5,0,4,3,0,0,1,1
4485924,1984,9104,1982,"ES","",,1,10,206,6,68,10,5,0.3,0.64,0.4444,7.4,40.3,,,,
4486155,1984,9104,1982,"ES","",536835,3,36,417,5,53,4,1,0.25,0,0,3,24.5,0,0,0,0
4486263,1984,9104,1983,"ES","",,1,7,156,1,19,5,10,0.2,0.18,0,8.6,28.2,,,,
4488394,1984,9118,1981,"ES","",,1,13,53,6,68,4,1,1,0,0.375,10,7.75,,,,
4489694,1984,9125,1982,"ES","",536835,3,6,123,5,53,8,0,1,,0.2188,,7.75,0,0,,
4492671,1985,9139,1982,"ES","",540885,2,5,419,5,52,3,2,0.3333,0,0,10,24,0,0,0,0
4493392,1985,9146,1983,"ES","",,1,19,182,6,65,9,5,0.5556,0,0.32,9.4,40.5556,,,,
4495199,1985,9153,1982,"ES","",,1,5,514,3,31,2,0,1,,0.5,,7,,,,
4495892,1985,9160,1983,"ES","",132620,3,14,119,6,61,5,1,0.2,0,0,14,35,0,0,0,0
4500361,1985,9181,1983,"ES","",111530,3,14,106,1,12,13,0,0.6154,,0.2188,,19.6154,0,0,,
4501574,1985,9188,1983,"ES","",,1,4,474,5,53,5,2,0,0,,3,61.8,,,,
4502199,1985,9195,1982,"ES","",,1,14,29,5,52,5,0,0.6,,0.4444,,17,,,,
4503753,1985,9202,1982,"ES","",59390,3,9,91,5,53,3,3,1,0.4444,0.6667,4.6667,7,0,0,0,0
4505216,1985,9209,1983,"ES","",,1,4,114,5,55,2,2,0,0,,9,47,,,,
4505247,1985,9209,1983,"ES","",536835,3,18,123,5,53,4,2,1,0,0,9.5,10.75,0,0,0,0
4508244,1985,9223,1982,"ES","",447145,3,14,222,1,19,7,2,0.5714,0,0.375,12.5,19.2857,0,0,0,0
4509683,1985,9230,1982,"ES","",,1,6,239,5,59,6,1,0.3333,0,0.5,10,29.1667,,,,
4509916,1985,9230,1984,"ES","",326750,3,1,431,6,66,2,7,1,0,0,10.2857,10,0,0,0,0
4512160,1985,9244,1982,"ES","",,1,5,62,6,69,3,9,0.3333,0.6667,0,12.4444,53,,,,
4512238,1985,9244,1983,"ES","",59390,3,15,91,5,53,8,16,1,0.5313,0.5938,5.0625,4.875,0.375,0.375,0,0
4512749,1985,9244,1982,"ES","",,1,5,446,6,62,6,1,0.5,0,0.4444,4,36.8333,,,,
4514001,1985,9251,1984,"ES","",503115,3,8,292,6,69,11,2,0.4545,0,0.32,12.5,47.5455,0,0,0,0
4514010,1985,9251,1983,"ES","",,1,9,297,6,65,3,16,1,0.2188,0,8.625,12,,,,
4514404,1985,9251,1983,"ES","",454325,3,5,514,3,31,2,0,0.5,,0,,23.5,0,0,,
4515752,1985,9258,1983,"ES","",,1,2,422,1,19,7,16,0.7143,0.7289,0.48,10.0667,29.4286,,,,
4515806,1985,9258,1983,"ES","",273110,3,5,514,3,31,3,1,1,0,0.4444,5,5.3333,0,0,0,0
4518054,1985,9272,1983,"ES","",,1,12,180,5,55,4,0,1,,0,,16.75,,,,
4519476,1985,9279,1984,"ES","",29820,2,19,182,6,65,9,3,0.5556,0.4444,0,3,43.5556,1,0.3333,0,0
4520956,1985,9286,1983,"ES","",416875,3,14,227,5,59,3,1,0.3333,0,0,6,38,0,0,0,0
4521386,1985,9286,1983,"ES","",,1,15,423,1,19,3,1,0.6667,0,0.5,5,14.3333,,,,
4522225,1985,9293,1982,"ES","",287655,3,4,137,6,69,5,2,0.4,0,0,5.5,30.6,0,0,0,0
4523345,1985,9300,1983,"ES","",272265,3,8,12,6,63,6,6,0,0.5,,11.1667,58,0,0,0,0
4523672,1985,9300,1982,"ES","",116975,3,16,198,5,59,8,3,0.875,0,0.449,6.6667,11.25,0,0,0,0
4524585,1985,9307,1983,"ES","",59390,3,11,60,4,45,11,4,0.6364,0,0.2449,8.25,19.9091,0,0,0.25,0.25
4524765,1985,9307,1982,"ES","",,1,5,606,3,32,4,21,0.75,0,0,10.0476,15.25,,,,
4525009,1985,9307,1983,"ES","",,1,8,297,6,65,8,1,0.125,0,0,8,41.375,,,,
4526213,1985,9314,1983,"ES","",,1,13,141,5,51,1,2,1,0,0,5,15,,,,
4527031,1985,9314,1984,"ES","",,1,11,219,4,49,5,5,0.6,0,0,8.4,35,,,,
4527345,1985,9321,1983,"ES","",232890,3,7,36,6,63,5,12,0.8,0,0.625,10.1667,15.6,0,0,0,0
4527591,1985,9321,1983,"ES","",59390,3,5,137,6,69,5,3,0.6,0.6667,0.4444,2.6667,16.4,0,0,0.5,0.3333
4527705,1985,9321,1984,"ES","",607445,3,8,215,6,68,4,13,0.75,0.142,0,5.5385,16,0,0,0,0
4527809,1985,9321,1983,"ES","",373425,3,19,279,6,69,6,11,0.8333,0.2975,0,9.6364,15,0,0,0,0
4529394,1985,9328,1982,"ES","",,1,3,474,5,53,5,2,0,0,,2.5,61.8,,,,
4531388,1985,9342,1983,"ES","",,1,7,70,6,65,3,2,1,0,0,5.5,7.6667,,,,
4533021,1985,9349,1983,"ES","",,1,5,187,5,55,11,1,1,0,0.4298,2,10.4545,,,,
4533164,1985,9349,1983,"ES","",,1,8,289,6,69,9,3,0.6667,0.6667,0.6667,6,21.8889,,,,
4535159,1985,9356,1982,"ES","",192760,3,18,544,1,14,5,5,0.4,0,0.5,11.8,26.8,0,0,0,0
4537362,1985,9370,1982,"ES","",65120,3,7,241,5,51,7,3,1,0.6667,0.449,11,7,0,0,0,0
4538378,1985,9377,1984,"ES","",,1,2,47,6,61,6,2,0.8333,0.5,0,3.5,22.1667,,,,
4539331,1985,9377,1984,"ES","",325895,3,15,514,3,31,0,0,,,,,,,,,
4539728,1985,9384,1984,"ES","",,1,2,19,1,11,1,10,1,0,0,6.3,3,,,,
4540024,1985,9384,1983,"ES","",59390,3,7,137,6,69,7,5,0.5714,0.56,0.375,7.4,26.5714,0.3333,0.1429,0,0
4541164,1985,9391,1983,"ES","",,1,18,29,5,52,12,1,0.9167,0,0.6942,7,9,,,,
4541422,1985,9391,1982,"ES","",,1,1,606,3,32,11,22,0.7273,0,0,10.7273,13.6364,,,,
4541543,1985,9391,1984,"ES","",,4,18,220,6,68,4,7,1,0.4082,0,3.4286,1.75,,,,
4542002,1985,9391,1983,"ES","",556810,3,20,423,1,19,3,5,1,0.72,0.6667,6,7.6667,0,0,0,0
4542948,1985,9398,1983,"ES","",28145,2,3,439,4,41,4,0,1,,0,,10,0.6667,0.5,,
4543788,1985,9405,1982,"ES","",,1,2,60,4,45,4,4,0.5,0.75,0,9.25,33.5,,,,
4543790,1985,9405,1984,"ES","",59390,3,12,60,4,45,7,5,0.4286,0.56,0.4444,1.6,19.2857,0,0,0.2,0.2
4544358,1985,9405,1984,"ES","",,1,4,433,3,39,1,2,1,0,0,5,9,,,,
4544559,1985,9405,1982,"ES","",595360,3,7,426,6,61,4,10,1,0.48,0,10.7,13.5,0,0,0.2222,0.2
4545226,1985,9412,1983,"ES","",,1,4,70,6,65,2,3,0,0,,7,77.5,,,,
4546306,1985,9412,1980,"ES","",,1,6,323,4,45,5,0,0.6,,0.4444,,19.2,,,,
4546439,1985,9412,1983,"ES","",,1,14,701,2,22,6,16,1,0.5703,0.7222,9.3125,1.5,,,,
4546879,1985,9419,1985,"ES","",607250,3,5,206,6,68,9,2,0.7778,0.5,0.5714,6,15.1111,0,0,0,0
4546913,1985,9419,1983,"ES","",,1,4,229,6,68,5,4,0.8,0.375,0.5,8.75,12.6,,,,
4548406,1985,9426,1983,"ES","",63130,3,9,482,5,59,2,1,0.5,0,0,10,19,0,0,0,0
4548952,1985,9426,1984,"ES","",454325,3,9,514,3,31,0,3,,0.4444,,6,,,,0,0
4550116,1985,9433,1984,"ES","",204120,3,10,514,3,31,14,17,0.9286,0.7128,0.5207,10,12.8571,0,0,0,0
4550566,1985,9440,1984,"ES","",59390,3,9,60,4,45,12,0,0.5833,,0.2449,,18.4167,0,0,,
4551193,1985,9440,1983,"ES","",175715,3,5,156,1,19,5,1,1,0,0.32,8,3.4,0,0,0,0
4552882,1985,9447,1984,"ES","",457300,3,8,514,3,31,1,5,1,0.32,0,4.8,3,0,0,0.2,0.2
4553531,1985,9454,1984,"ES","",,1,4,126,6,66,4,2,1,0.5,0,7.5,5.5,,,,
4553644,1985,9454,1984,"ES","",59390,3,8,188,5,53,7,5,0.2857,0.32,0,7.2,33.1429,0,0,0,0
4557045,1985,9475,1984,"ES","",28145,2,11,29,5,52,2,5,1,0,0,5.4,2.5,0,0,0,0
4558575,1985,9482,1984,"ES","",,1,6,68,6,63,9,3,0.5556,0.6667,0.48,4.3333,20.5556,,,,
4559294,1985,9482,1984,"ES","",269195,3,11,430,1,19,2,2,1,0.5,0.5,10,7,0,0,0,0
4559381,1985,9482,1984,"ES","",17320,3,11,524,1,15,10,3,0.9,0.6667,0.7407,5.6667,7.8,0,0,0,0
4559892,1985,9489,1983,"ES","",,1,8,440,5,55,5,6,0.2,0.2778,0,10.6667,40.8,,,,
4560545,1985,9489,1984,"ES","",31025,3,3,423,1,19,9,4,0.7778,0.625,0.449,5.5,17.8889,0,0,0,0
4561125,1985,9496,1984,"ES","",,1,2,2,6,63,5,0,0.4,,0,,39.2,,,,
4561490,1985,9496,1983,"ES","",116990,3,8,164,5,52,3,1,1,0,0,8,14.6667,0,0,0,0
4562514,1985,9496,1984,"ES","",115500,3,14,361,4,45,7,2,1,0,0.5714,6,7.2857,0,0,0,0
4562619,1986,9503,1984,"ES","",,1,8,24,6,63,10,0,0.7,,0.4898,,31.4,,,,
4563452,1986,9503,1983,"ES","",457300,3,19,514,3,31,4,3,1,0.4444,0.375,6,10.5,0,0,0,0
4563467,1986,9503,1984,"ES","",457300,3,5,514,3,31,1,9,1,0.716,0,12.2222,9,0,0,0,0
4563477,1986,9503,1983,"ES","",31580,3,13,514,3,31,0,3,,0.4444,,7,,,,0,0
4563528,1986,9503,1984,"ES","",187255,3,1,546,1,14,1,0,1,,0,,8,0,0,,
4564312,1986,9510,1983,"ES","",,1,8,405,6,64,3,2,0,0,,10.5,46.6667,,,,
4564964,1986,9517,1983,"ES","",271175,3,6,5,6,65,1,0,0,,,,96,0,0,,
4565115,1986,9517,1982,"ES","",59390,3,9,91,5,53,8,15,1,0.4356,0.5313,5.4667,11.5,0.2,0.125,0,0
4565181,1986,9517,1980,"ES","",,1,4,123,5,53,10,2,0.2,0,0,8.5,24.2,,,,
4565900,1986,9517,1984,"ES","",,1,4,174,4,41,2,2,1,0.5,0.5,2,4.5,,,,
4566922,1986,9524,1984,"ES","",,1,8,156,1,19,6,5,0.8333,0,0.56,9.2,14,,,,
4566998,1986,9524,1981,"ES","",204345,3,10,552,1,14,10,1,0.8,0,0.4688,7,21.3,0,0,0,0
4568351,1986,9531,1984,"ES","",491585,3,27,8,1,11,7,3,0.2857,0,0.5,6.6667,31,0.5,0.1429,0,0
4569999,1986,9538,1984,"ES","",187255,3,11,546,1,14,5,0,1,,0.48,,9.8,0,0,,
4570759,1986,9545,1983,"ES","",59390,3,6,188,5,53,6,0,0.6667,,0.375,,32.1667,0.5,0.1667,,
4570795,1986,9545,1983,"ES","",,1,7,206,6,68,6,1,0.8333,0,0,8,21.5,,,,
4571200,1986,9545,1984,"ES","",359100,2,7,446,6,62,8,13,0.625,0.7337,0.32,8.3077,27.5,0,0,0,0
4571958,1986,9552,1984,"ES","",298870,3,7,66,6,63,3,1,1,0,0.4444,6,8,0,0,0,0
4572314,1986,9552,1984,"ES","",59390,3,8,180,5,55,2,4,0.5,0.625,0,5.25,20.5,0,0,0,0
4572361,1986,9552,1984,"ES","",594605,2,6,206,6,68,8,3,0.75,0.4444,0.2778,5.6667,14,0,0,0,0
4573243,1986,9559,1984,"ES","",349920,3,7,24,6,63,10,2,0.7,0.5,0.4898,8,31.4,0,0,0,0
4573615,1986,9559,1984,"ES","",,1,4,222,1,19,6,1,0.1667,0,0,12,35.8333,,,,
4573662,1986,9559,1984,"ES","",548300,3,11,254,5,59,3,0,1,,0.4444,,9.6667,0,0,,
4574918,1986,9566,1984,"ES","",29820,2,7,182,6,65,8,3,0.5,0,0,8.6667,31.25,0.6667,0.25,0,0
4575427,1986,9566,1984,"ES","",213030,3,15,588,1,19,3,3,0.6667,0.4444,0,8.6667,14.3333,0,0,0,0
4577627,1986,9580,1983,"ES","",,1,4,606,3,32,4,2,1,0.5,0,8,7.5,,,,
4577656,1986,9580,1984,"ES","",,1,4,137,6,69,7,0,0.5714,,0.5,,23,,,,
4577739,1986,9580,1983,"ES","",226545,3,12,192,5,53,4,0,0.5,,0.5,,23,0,0,,
4579529,1986,9587,1984,"ES","",,1,7,433,3,39,9,0,0.4444,,0.375,,35.5556,,,,
4580834,1986,9594,1982,"ES","",,1,4,297,6,65,1,2,0,0,,4,120,,,,
4580967,1986,9594,1985,"ES","",520635,3,6,425,5,51,13,3,0.6923,0.4444,0.6667,10.6667,16.8462,0,0,0,0
4581886,1986,9601,1985,"ES","",634275,3,2,57,6,63,7,3,1,0,0.2449,7.6667,9.4286,0,0,0,0
4582086,1986,9601,1984,"ES","",59390,3,14,137,6,69,7,7,1,0.5714,0.6531,5.4286,3.4286,0,0,0.1429,0.1429
4584372,1986,9608,1983,"ES","",,1,2,544,1,14,1,1,1,0,0,12,10,,,,
4585070,1986,9615,1984,"ES","",,1,8,169,6,69,10,1,0.7,0,0.6122,8,19.9,,,,
4585404,1986,9615,1985,"ES","",400470,3,16,418,5,53,3,3,1,0.4444,0.4444,7.6667,13.6667,0,0,0,0
4587676,1986,9629,1984,"ES","",,1,12,2,6,63,5,2,0.8,0,0,7.5,12.4,,,,
4587846,1986,9629,1984,"ES","",,1,8,73,4,43,5,1,0.8,0,0,2,18.6,,,,
4589051,1986,9629,1983,"ES","",218550,2,2,361,4,45,13,4,1,0.5,0.497,5.5,5.7692,0.3846,0.3846,0,0
4589335,1986,9636,1983,"ES","",,1,6,101,6,69,11,13,0.7273,0,0.4063,5.7692,23.4545,,,,
4589371,1986,9636,1984,"ES","",,1,12,119,6,61,5,1,0.8,0,0.375,1,16.2,,,,
4590775,1986,9643,1985,"ES","",,1,6,63,6,69,9,2,0,0.5,,11,72.4444,,,,
4591286,1986,9643,1984,"ES","",,1,5,403,6,67,9,5,0.8889,0.48,0.5,5.2,11.4444,,,,
4592434,1986,9650,1984,"ES","",,1,6,177,6,69,6,0,0.8333,,0,,11.8333,,,,
4594009,1986,9657,1983,"ES","",184040,3,3,384,5,59,7,3,0.2857,0.4444,0,10.6667,30.4286,0,0,0,0
4594783,1986,9664,1984,"ES","",453840,3,11,33,6,69,5,2,0.4,0.5,0.5,6.5,25.8,0,0,0,0
4594936,1986,9664,1984,"ES","",59390,3,14,91,5,53,6,9,1,0.4938,0.6111,5.4444,6.3333,0.2,0.1667,0,0
4596029,1986,9664,1983,"ES","",218550,2,9,378,4,44,11,3,1,0.6667,0.1653,7,4.8182,0.4545,0.4545,0.3333,0.3333
4596182,1986,9671,1984,"ES","",,1,26,99,6,61,5,1,1,0,0,3,7,,,,
4597026,1986,9671,1983,"ES","",218550,2,7,361,4,45,16,5,1,0.56,0.5391,5.8,5.8125,0.375,0.375,0,0
4597280,1986,9678,1985,"ES","",,1,7,72,5,52,7,0,0.4286,,0.4444,,25.5714,,,,
4597361,1986,9678,1984,"ES","",601465,2,5,119,6,61,3,4,1,0,0,4,11,0,0,0,0
4598532,1986,9685,1983,"ES","",,1,1,53,6,68,7,0,1,,0.449,,7.8571,,,,
4598629,1986,9685,1985,"ES","",59390,3,12,91,5,53,6,1,1,0,0.5,4,6.6667,0,0,0,0
4598856,1986,9685,1984,"ES","",,1,5,228,5,52,5,1,0.8,0,0.625,5,11,,,,
4599911,1986,9692,1984,"ES","",59390,3,12,74,5,59,8,6,0.625,0.5,0.64,8.8333,16.25,0,0,0,0
4600780,1986,9692,1984,"ES","",192760,3,5,548,1,14,2,0,1,,0,,4.5,0,0,,
4601051,1986,9692,1983,"ES","",218550,2,11,378,4,44,13,9,1,0.5679,0.2604,10.1111,4.7692,0.4615,0.4615,0,0
4602390,1986,9706,1985,"ES","",,1,12,2,6,63,2,17,0.5,0.1107,0,8.6471,20,,,,
4603134,1986,9706,1985,"ES","",192760,3,4,514,3,31,1,1,1,0,0,7,10,0,0,0,0
4603630,1986,9713,1984,"ES","",284210,3,1,101,6,69,11,2,0.5455,0,0.7778,11,46.0909,0,0,0,0
4604245,1986,9713,1985,"ES","",,1,8,261,1,19,8,5,0.75,0.64,0.6667,6.2,10.125,,,,
4606426,1986,9727,1984,"ES","",,1,1,180,5,55,3,1,1,0,0.6667,7,11.3333,,,,
4606451,1986,9727,1984,"ES","",603215,3,10,192,5,53,6,9,1,0.5926,0,9.1111,8.1667,0.2,0.1667,0.4,0.2222
4606480,1986,9727,1984,"ES","",384325,3,14,222,1,19,6,22,0.6667,0.5165,0.625,9.3182,23.3333,0,0,0,0
4608876,1986,9741,1984,"ES","",59390,3,14,74,5,59,3,4,1,0.375,0.4444,9.25,9.6667,0,0,0,0
4609443,1986,9741,1985,"ES","",,1,8,205,1,19,2,4,0.5,0.375,0,5.5,34,,,,
4610396,1986,9748,1984,"ES","",,1,11,241,5,51,9,4,1,0,0.3457,6.25,8.8889,,,,
4610723,1986,9748,1984,"ES","",,1,8,75,5,52,10,2,0.9,0.5,0.5679,8,12.6,,,,
4610907,1986,9748,1983,"ES","",166115,3,4,428,6,69,5,9,0.8,0.6914,0.375,7.4444,11.6,0,0,0,0
4610998,1986,9748,1985,"ES","",192760,3,12,514,3,31,0,0,,,,,,,,,
4612124,1986,9755,1984,"ES","",,1,10,210,1,19,9,5,0.8889,0.48,0,9.8,14,,,,
4612921,1986,9762,1985,"ES","",,1,7,606,3,32,11,3,0.7273,0,0,4.6667,14.6364,,,,
4614748,1986,9769,1981,"ES","",479490,3,13,514,3,31,0,2,,0,,10.5,,,,0,0
4614833,1986,9769,1981,"ES","",326170,3,13,546,1,14,4,1,1,0,0.375,8,10.5,0,0,0,0
4615414,1986,9776,1985,"ES","",,1,5,184,5,59,2,0,0,,,,50.5,,,,
4616373,1986,9783,1983,"ES","",292130,3,7,14,6,69,11,4,0.8182,0.375,0.4938,11,17.9091,0,0,0,0
4616507,1986,9783,1984,"ES","",45225,3,3,73,4,43,2,0,1,,0.5,,10.5,0,0,,
4616688,1986,9783,1983,"ES","",39020,3,4,160,6,69,5,16,1,0.6094,0,10,7.6,0,0,0,0
4617928,1986,9790,1984,"ES","",,1,7,227,5,59,2,22,1,0.0868,0,9.6818,8,,,,
4618625,1986,9790,1984,"ES","",325890,3,3,514,3,31,6,5,0.5,0.48,0.6667,6.6,21,0,0,0.2,0.2
4619088,1986,9797,1985,"ES","",351735,3,8,52,6,69,3,5,0.6667,0.32,0.5,8.4,20.3333,0,0,0,0
4619646,1986,9797,1985,"ES","",,1,3,604,3,32,3,0,0.6667,,0,,14,,,,
4620194,1986,9797,1983,"ES","",,1,7,343,2,21,9,6,0.6667,0.2778,0.2778,11.3333,19.4444,,,,
4620478,1986,9804,1985,"ES","",369720,3,6,99,6,61,5,3,0.8,0.4444,0.375,9.6667,19.6,0,0,0,0
4621543,1986,9811,1984,"ES","",227300,3,4,475,5,53,11,10,0.9091,0.18,0.18,4.4,13.1818,0,0,0,0
4621751,1986,9811,1985,"ES","",,1,5,223,6,63,5,0,0.4,,0.5,,41.2,,,,
4622892,1986,9818,1985,"ES","",369715,3,4,99,6,61,4,6,1,0.4444,0,6,13.25,0,0,0,0
4623648,1986,9818,1984,"ES","",326170,3,9,514,3,31,1,0,1,,0,,12,0,0,,
4625367,1986,9832,1985,"ES","",,1,6,19,1,11,3,3,0.6667,0,0,10,12.3333,,,,
4625528,1986,9832,1986,"ES","",298870,3,7,66,6,63,6,2,0.3333,0,0.5,7.5,36.6667,0,0,0,0
4626214,1986,9832,1984,"ES","",,1,11,433,3,39,7,16,0.7143,0,0,7.375,17.7143,,,,
4627181,1986,9839,1984,"ES","",415160,3,7,38,6,63,7,3,0.7143,0,0.72,5.3333,15,0,0,0.3333,0.3333
4629026,1986,9846,1984,"ES","",59390,3,9,180,5,55,5,4,0.8,0,0.625,7.75,15.6,0,0,0,0
4629082,1986,9846,1985,"ES","",444060,3,10,215,6,68,2,4,1,0.375,0,7.5,6.5,0,0,0,0
4632418,1986,9860,1984,"ES","",,1,3,280,5,55,3,0,0.3333,,0,,49.6667,,,,
4632735,1986,9860,1985,"ES","",172970,3,4,205,1,19,6,1,1,0,0,2,10.3333,0,0,0,0
4633581,1987,9867,1984,"ES","",,1,2,29,5,52,7,1,0.8571,0,0.5,3,11.5714,,,,
4634026,1987,9867,1984,"ES","",,1,1,222,1,19,2,3,0.5,0.4444,0,7.3333,35,,,,
4634507,1987,9867,1985,"ES","",,1,18,205,1,19,7,0,1,,0.2449,,5.5714,,,,
4634642,1987,9867,1985,"ES","",520670,3,4,429,4,45,6,5,0.5,0.32,0,7.4,32.3333,0,0,0,0
4638914,1987,9888,1985,"ES","",520635,3,8,209,5,51,8,0,0.125,,0,,56.5,0,0,,
4638918,1987,9888,1985,"ES","",31785,3,11,215,6,68,4,3,0.5,0.4444,0,9.3333,24.5,0,0,0,0
4639629,1987,9888,1985,"ES","",359520,3,8,310,4,45,2,3,1,0,0,9,20,0,0,0,0
4640104,1987,9895,1986,"ES","",298870,3,5,66,6,63,4,0,0.75,,0,,21.5,0.3333,0.25,,
4640683,1987,9895,1984,"ES","",,1,11,432,6,66,5,2,0.6,0,0.4444,3,22.4,,,,
4641459,1987,9902,1986,"ES","",455510,3,3,49,5,59,4,3,1,0,0.375,4.3333,13,0,0,0,0
4641593,1987,9902,1985,"ES","",,1,3,112,6,63,5,2,0.8,0,0,1.5,7.8,,,,
4641633,1987,9902,1985,"ES","",,1,21,600,3,32,8,16,0.625,0.4609,0.32,5.9375,27.125,,,,
4641691,1987,9902,1984,"ES","",369720,3,4,141,5,51,9,2,1,0,0.642,4.5,12.7778,0,0,1,0.5
4641769,1987,9902,1986,"ES","",,1,5,224,6,68,2,2,0.5,0,0,7.5,27,,,,
4642288,1987,9902,1984,"ES","",115215,3,8,435,3,33,5,7,1,0.2449,0.32,5.8571,5.4,0,0,0,0
4642927,1987,9909,1985,"ES","",330475,3,8,42,5,59,5,0,0.4,,0,,55,0,0,,
4643102,1987,9909,1984,"ES","",185870,3,5,104,5,55,9,1,0.8889,0,0.6563,11,18.2222,0,0,0,0
4643445,1987,9909,1984,"ES","",,1,3,280,5,55,7,2,0.7143,0,0.32,4,23.2857,,,,
4644859,1987,9916,1985,"ES","",520635,3,7,99,6,61,5,8,1,0.4688,0,4,6.8,0,0,0.5,0.375
4645578,1987,9916,1986,"ES","",,1,7,205,1,19,6,1,1,0,0.4444,0,7.6667,,,,
4646367,1987,9923,1985,"ES","",,1,3,2,6,63,5,18,0.4,0.4444,0,7.5,32.8,,,,
4646632,1987,9923,1984,"ES","",520635,3,6,99,6,61,4,6,1,0.6667,0.625,7.6667,15.25,0,0,0.1667,0.1667
4646868,1987,9923,1986,"ES","",59390,3,5,180,5,55,13,4,0.4615,0.625,0.7778,4.75,41.0769,0,0,0,0
4649534,1987,9930,1984,"ES","",115225,3,8,370,2,21,3,3,1,0.4444,0,4.3333,2.6667,0,0,0,0
4651467,1987,9944,1984,"ES","",17320,3,9,47,6,61,4,2,1,0.5,0.75,10.5,6.5,0.5,0.5,0,0
4651842,1987,9944,1984,"ES","",59390,3,10,180,5,55,9,0,0.5556,,0.56,,25.7778,0,0,,
4651843,1987,9944,1986,"ES","",59390,3,8,180,5,55,3,0,0.3333,,0,,48,0,0,,
4653161,1987,9951,1985,"ES","",271195,3,2,29,5,52,5,5,0,0.72,,6.2,47.8,0,0,0,0
4653548,1987,9951,1985,"ES","",514690,3,4,140,5,52,7,0,0.5714,,0.375,,38.1429,0,0,,
4654079,1987,9951,1985,"ES","",411450,3,8,423,1,19,3,4,1,0.375,0.4444,5.75,16.3333,0,0,0,0
4654770,1987,9951,1983,"ES","",218550,2,3,363,4,45,12,4,1,0.625,0.4028,9.5,6.4167,0.4167,0.4167,0,0
4655333,1987,9958,1985,"ES","",603215,3,9,192,5,53,6,6,0.8333,0.5,0,6.1667,19.8333,0,0,0.1667,0.1667
4656181,1987,9958,1984,"ES","",96865,3,5,514,3,31,3,9,1,0.1975,0,3.6667,8,0,0,0,0
4656796,1987,9965,1985,"ES","",480395,3,12,52,6,69,5,1,0.8,0,0.75,6,9.4,0,0,0,0
4658781,1987,9972,1985,"ES","",,1,8,123,5,53,5,6,0.2,0,0,8.6667,40,,,,
4659814,1987,9972,1984,"ES","",217685,3,7,540,1,14,2,0,0.5,,0,,16.5,1,0.5,,
4660396,1987,9979,1983,"ES","",559640,3,8,70,6,65,10,1,0.6,0,0,11,34,0,0,1,1
4660459,1987,9979,1986,"ES","",59390,3,30,91,5,53,30,2,0.7667,0.5,0.7486,6,18.1,0.1429,0.0667,0,0
4662108,1987,9986,1985,"ES","",,1,5,49,5,59,2,4,0,0.375,,8,27.5,,,,
4662200,1987,9986,1985,"ES","",,1,5,70,6,65,5,4,0.2,0,0,10,72.4,,,,
4663087,1987,9986,1985,"ES","",325860,3,10,530,1,15,5,2,0.4,0.5,0.5,2.5,26.2,0,0,0,0
4663174,1987,9986,1985,"ES","",520635,3,11,426,6,61,8,1,0.875,0,0.449,6,15.75,0,0,0,0
4663907,1987,9993,1985,"ES","",351735,3,5,52,6,69,5,1,1,0,0.72,11,18.8,0,0,0,0
4663911,1987,9993,1985,"ES","",29750,3,8,52,6,69,8,4,0.125,0.375,0,8.25,30,0,0,0,0
4663947,1987,9993,1986,"ES","",,1,3,66,6,63,5,1,0.6,0,0.4444,11,17.6,,,,
4665099,1987,9993,1984,"ES","",344475,3,9,514,3,31,9,3,0.7778,0.4444,0.4898,8.3333,19.3333,0,0,0,0
4665797,1987,10000,1983,"ES","",59390,3,9,91,5,53,4,3,1,0,0.5,6.3333,4.25,0.25,0.25,0,0
4665798,1987,10000,1983,"ES","",59390,3,13,91,5,53,5,5,1,0.48,0.56,5.6,6.4,0.25,0.2,0,0
4665826,1987,10000,1985,"ES","",75760,3,10,102,1,19,5,3,0.8,0,0,4.3333,14.6,0,0,0,0
4665962,1987,10000,1985,"ES","",,1,9,144,5,51,2,1,0.5,0,0,8,38,,,,
4666192,1987,10000,1986,"ES","",520630,3,4,285,6,67,8,3,0.875,0,0,5.3333,15.875,0,0,0,0
4667794,1987,10007,1984,"ES","",603215,3,14,192,5,53,8,4,0.375,0,0,7.25,27,0.3333,0.125,0,0
4667932,1987,10007,1985,"ES","",,1,14,254,5,59,4,0,0,,,,42.25,,,,
4668495,1987,10007,1985,"ES","",595315,3,7,423,1,19,6,1,0.6667,0,0,5,23.5,0,0,0,0
4668513,1987,10007,1985,"ES","",,1,14,424,3,31,2,5,0.5,0.32,0,9.2,16,,,,
4669464,1987,10014,1985,"ES","",,1,3,606,3,32,3,14,0.3333,0.2551,0,6.9286,49,,,,
4669909,1987,10014,1986,"ES","",,1,2,403,6,67,9,4,1,0.375,0.4938,2.75,6.4444,,,,
4669975,1987,10014,1986,"ES","",74935,3,11,431,6,66,4,6,1,0,0.375,5.8333,5.75,0,0,0,0
4670231,1987,10014,1986,"ES","",,5,14,423,1,19,6,1,0.1667,0,0,4,43.6667,,,,
4671320,1987,10021,1986,"ES","",,1,10,137,6,69,8,1,0.25,0,0.5,2,30.625,,,,
4671518,1987,10021,1985,"ES","",625115,2,15,277,6,67,6,10,0.6667,0.72,0.625,5.9,25.3333,0,0,0.1667,0.1
4672884,1987,10028,1985,"ES","",59390,3,11,91,5,53,4,6,1,0.7222,0.375,7.6667,7.75,0.6667,0.5,0,0
4672948,1987,10028,1985,"ES","",,1,8,126,6,66,5,1,1,0,0.32,3,12.8,,,,
4674012,1987,10028,1986,"ES","",104305,3,8,362,4,42,2,3,0.5,0,0,7,25,0,0,0,0
4675315,1987,10035,1985,"ES","",326310,3,5,514,3,31,2,0,0,,,,30.5,0,0,,
4677124,1987,10042,1984,"ES","",66900,3,3,514,3,31,1,1,1,0,0,13,22,0,0,0,0
4679333,1987,10056,1985,"ES","",,1,7,34,1,19,3,3,1,0.4444,0.4444,6,4.3333,,,,
4679499,1987,10056,1985,"ES","",520635,3,9,99,6,61,3,0,0.6667,,0.5,,26,0,0,,
4679523,1987,10056,1985,"ES","",,1,1,116,6,69,4,1,0.75,0,0.6667,9,33,,,,
4679876,1987,10056,1986,"ES","",28145,2,10,439,4,41,3,1,1,0,0,2,10,0.6667,0.6667,1,1
4681131,1987,10063,1986,"ES","",,1,19,137,6,69,2,0,0.5,,0,,24.5,,,,
4681198,1987,10063,1985,"ES","",,1,2,192,5,53,3,3,0.6667,0.4444,0.5,5,22.3333,,,,
4681209,1987,10063,1984,"ES","",,1,9,198,5,59,6,13,0.6667,0.2722,0.375,6.3846,20.8333,,,,
4684577,1987,10077,1986,"ES","",165265,2,9,428,6,69,2,5,1,0.72,0.5,5.4,3.5,0.5,0.5,0.25,0.2
4684838,1987,10077,1986,"ES","",359520,3,7,310,4,45,4,6,0.75,0.7222,0.4444,6.3333,16.25,0,0,0,0
4684857,1987,10077,1985,"ES","",,1,5,318,4,45,40,4,0.95,0.5,0.6399,6.25,12.525,,,,
4685298,1987,10084,1985,"ES","",59390,3,3,60,4,45,19,1,0.6842,0,0.5799,1,15.6842,0.125,0.0526,0,0
4685301,1987,10084,1986,"ES","",59390,3,24,60,4,45,7,10,1,0.18,0,4.9,7.7143,0.1667,0.1429,0,0
4688383,1987,10098,1985,"ES","",,1,3,60,4,45,5,1,0,0,,5,41.2,,,,
4688414,1987,10098,1986,"ES","",,1,3,72,5,52,10,1,0.2,0,0.5,9,46.8,,,,
4689346,1987,10098,1985,"ES","",325790,3,7,514,3,31,0,0,,,,,,,,,
4690046,1987,10105,1985,"ES","",369720,3,5,99,6,61,4,5,1,0.32,0.625,9.2,6,0,0,0.25,0.2
4690945,1987,10105,1986,"ES","",325870,3,5,514,3,31,1,1,1,0,0,10,8,0,0,0,0
4691523,1987,10112,1984,"ES","",,1,19,60,4,45,2,2,0.5,0.5,0,10.5,14.5,,,,
4692805,1987,10112,1985,"ES","",440945,3,10,338,4,41,5,3,0.8,0.4444,0.375,4.6667,19,0,0,0,0
4692975,1987,10119,1985,"ES","",,1,3,492,5,59,1,15,1,0.72,0,8.6667,7,,,,
4693123,1987,10119,1986,"ES","",59390,3,7,73,4,43,3,5,0.6667,0.56,0.5,6,29.3333,0,0,0,0
4693236,1987,10119,1986,"ES","",,1,17,600,3,32,2,5,1,0.32,0,4.2,5.5,,,,
4693524,1987,10119,1984,"ES","",,1,11,312,6,65,12,2,0.5833,0,0.2449,11.5,24.25,,,,
4694755,1987,10126,1986,"ES","",180215,3,10,102,1,19,9,3,0.7778,0.4444,0.2449,4.3333,22.4444,0,0,0,0
4694795,1987,10126,1986,"ES","",344245,3,8,123,5,53,7,1,0.7143,0,0,6,11.1429,0,0,0,0
4694841,1987,10126,1985,"ES","",,1,28,131,6,61,4,1,0.75,0,0.4444,10,19.75,,,,
4697949,1987,10140,1986,"ES","",198205,3,16,403,6,67,8,6,0.75,0.2778,0.7222,8.5,14.75,0,0,0,0
4699057,1987,10147,1986,"ES","",180215,3,10,102,1,19,7,1,0.8571,0,0,3,20.4286,0,0,0,0
4700789,1987,10154,1986,"ES","",,1,11,175,6,64,6,1,0.6667,0,0.5,4,25,,,,
4702076,1987,10161,1984,"ES","",159210,2,17,60,4,45,8,1,1,0,0.7813,13,10.625,0,0,0,0
4702227,1987,10161,1985,"ES","",,1,20,126,6,66,4,1,0.5,0,0,5,34.75,,,,
4704751,1987,10175,1986,"ES","",187330,3,9,5,6,65,11,2,0.3636,0,0,7,69.1818,0,0,0,0
4706346,1987,10182,1985,"ES","",375510,3,5,24,6,63,5,2,0.6,0,0,8.5,15,0,0,0.5,0.5
4706559,1987,10182,1986,"ES","",490855,3,10,99,6,61,0,1,,0,,2,,,,0,0
4706905,1987,10182,1986,"ES","",,1,7,242,5,51,7,14,0.7143,0.1327,0,3.8571,15.2857,,,,
4707978,1987,10189,1987,"ES","",330170,3,4,60,4,45,11,1,0.3636,0,0.625,5,31.4545,0,0,0,0
4708744,1987,10189,1986,"ES","",247990,3,34,106,1,12,6,2,0.6667,0.5,0.5,8.5,12.5,0,0,0.5,0.5
4708798,1987,10189,1986,"ES","",134570,3,11,210,1,19,1,0,1,,0,,3,0,0,,
4709892,1987,10196,1986,"ES","",,1,14,248,6,69,2,8,0.5,0.2188,0,6.75,41,,,,
4709960,1987,10196,1986,"ES","",444455,3,8,297,6,65,7,10,0.8571,0.54,0.5,5.7,22.4286,0,0,0,0
4710122,1987,10196,1986,"ES","",,1,4,425,5,51,10,6,0.6,0.6111,0.7778,3.1667,26,,,,
4710997,1987,10203,1984,"ES","",,1,15,15,6,69,11,1,0.2727,0,0.6667,13,60.9091,,,,
4711108,1987,10203,1986,"ES","",,1,5,70,6,65,13,7,1,0.449,0,5.2857,7.3846,,,,
4712365,1987,10210,1986,"ES","",,1,3,57,6,63,4,4,0.75,0.375,0,8.25,21.25,,,,
4714065,1987,10217,1985,"ES","",330170,3,28,123,5,53,5,2,1,0.5,0,5.5,6,0,0,0,0
4715127,1987,10224,1986,"ES","",,1,6,33,6,69,4,0,1,,0,,3.5,,,,
4715180,1987,10224,1984,"ES","",159210,2,39,60,4,45,19,3,0.9474,0.4444,0.5802,5.6667,10.5789,0,0,0.3333,0.3333
4715514,1987,10224,1986,"ES","",294965,3,1,221,5,51,4,1,0.25,0,0,5,38,0,0,0,0
4715590,1987,10224,1986,"ES","",,1,14,269,6,69,5,0,0.4,,0,,23.8,,,,
4717041,1988,10231,1986,"ES","",462215,3,4,220,6,68,5,2,1,0,0,5.5,3.8,0,0,0,0
4717995,1988,10231,1986,"ES","",,1,19,363,4,45,5,0,0.4,,0,,40.4,,,,
4719225,1988,10238,1986,"ES","",192760,3,11,514,3,31,3,0,1,,0.4444,,20.3333,0,0,,
4721012,1988,10252,1985,"ES","",17490,3,1,74,5,59,16,1,0.375,0,0.7222,8,36.5,0,0,0,0
4721026,1988,10252,1986,"ES","",180215,3,11,89,5,59,1,0,0,,,,48,0,0,,
4721303,1988,10252,1986,"ES","",,1,23,482,5,59,15,28,0.8667,0,0.142,5.8571,10.0667,,,,
4721591,1988,10252,1986,"ES","",153430,3,10,264,5,51,5,6,1,0.5,0.56,5,11,0,0,0,0
4722931,1988,10259,1986,"ES","",325835,3,25,514,3,31,15,3,1,0,0.4978,2.3333,9.4667,0,0,0,0
4723774,1988,10266,1985,"ES","",352315,3,4,482,5,59,4,9,0.25,0,0,8.2222,40.75,0,0,0,0
4724163,1988,10266,1985,"ES","",,1,4,427,1,12,7,0,0.1429,,0,,33.4286,,,,
4724740,1988,10273,1986,"ES","",180215,3,15,89,5,59,4,2,0,0,,7.5,83.25,0,0,0,0
4725008,1988,10273,1986,"ES","",74130,3,18,241,5,51,1,0,1,,0,,19,1,1,,
4726297,1988,10280,1986,"ES","",,1,2,102,1,19,3,0,0.6667,,0,,31.6667,,,,
4727066,1988,10280,1986,"ES","",96865,3,5,514,3,31,3,6,1,0.2778,0.4444,6.3333,5.6667,0,0,0,0
4727080,1988,10280,1985,"ES","",457300,3,13,514,3,31,7,8,1,0.4063,0.2449,5,3.2857,0.1429,0.1429,0,0
4727089,1988,10280,1987,"ES","",66900,3,5,514,3,31,1,0,1,,0,,23,0,0,,
4727090,1988,10280,1987,"ES","",66900,3,8,514,3,31,1,0,1,,0,,23,0,0,,
4727626,1988,10287,1985,"ES","",444360,2,9,19,1,11,5,3,0.4,0.4444,0,4,22.6,0,0,0,0
4727802,1988,10287,1987,"ES","",,1,20,99,6,61,4,7,1,0.4898,0,2.4286,4.25,,,,
4728655,1988,10287,1985,"ES","",192760,3,18,514,3,31,0,1,,0,,11,,,,1,1
4729226,1988,10294,1986,"ES","",,1,13,60,4,45,3,3,0.6667,0,0,7.3333,41.6667,,,,
4729374,1988,10294,1985,"ES","",,1,11,606,3,32,3,10,0.3333,0,0,9.6,53.6667,,,,
4730095,1988,10294,1986,"ES","",157990,3,5,219,4,49,6,1,1,0,0.6111,10,9,0,0,0,0
4730538,1988,10301,1986,"ES","",541330,3,1,89,5,59,1,0,0,,,,44,0,0,,
4731075,1988,10301,1985,"ES","",,1,8,623,3,39,7,3,0.8571,0.4444,0,8,10.8571,,,,
4732385,1988,10308,1986,"ES","",,1,7,273,6,62,5,4,0.6,0.5,0.4444,10,35.2,,,,
4732429,1988,10308,1986,"ES","",18205,3,5,303,5,53,4,2,1,0.5,0,3.5,2.75,0.25,0.25,0,0
4732547,1988,10308,1985,"ES","",,1,11,417,5,53,3,0,1,,0,,9,,,,
4733764,1988,10315,1986,"ES","",207920,3,10,192,5,53,11,4,1,0,0,4.25,3,0,0,0,0
4736037,1988,10322,1986,"ES","",326170,3,4,546,1,14,1,0,1,,0,,7,0,0,,
4736184,1988,10322,1985,"ES","",440945,3,10,338,4,41,2,2,1,0.5,0.5,6.5,11.5,0,0,0,0
4736665,1988,10329,1986,"ES","",,1,11,84,6,69,10,0,0.2,,0,,62.8,,,,
4737585,1988,10329,1986,"ES","",31580,3,5,540,1,14,3,0,1,,0,,16.3333,0,0,,
4738810,1988,10336,1985,"ES","",153420,2,9,264,5,51,12,8,1,0.5625,0.2778,8.125,8.6667,0,0,0.125,0.125
4739592,1988,10343,1986,"ES","",,1,8,52,6,69,7,1,0.5714,0,0.375,6,32.8571,,,,
4740118,1988,10343,1986,"ES","",552410,3,5,408,5,51,5,0,0,,,,57.2,0,0,,
4740668,1988,10343,1986,"ES","",284210,3,16,219,4,49,5,11,1,0.562,0.32,5.2727,8,0,0,0,0
4741135,1988,10350,1986,"ES","",,1,18,52,6,69,9,5,0.7778,0.32,0.4898,6.6,19,,,,
4741161,1988,10350,1986,"ES","",18205,3,5,60,4,45,8,6,0.875,0.5,0.2449,3.3333,7.875,0.1429,0.125,0.1667,0.1667
4741260,1988,10350,1986,"ES","",415160,3,3,99,6,61,4,4,1,0.625,0.625,5,9,0,0,0,0
4742211,1988,10350,1987,"ES","",,1,15,219,4,49,5,0,0,,,,49,,,,
4742932,1988,10357,1985,"ES","",,1,8,220,6,68,7,3,0.8571,0,0.5,5.3333,18.4286,,,,
4742960,1988,10357,1986,"ES","",425195,2,14,239,5,59,6,2,0.5,0,0,5.5,27.5,0,0,0,0
4743898,1988,10357,1987,"ES","",559640,3,8,340,2,21,4,13,1,0.7574,0.625,5.0769,8,0,0,0.0833,0.0769
4744283,1988,10364,1986,"ES","",180215,3,8,89,5,59,4,1,0.5,0,0,2,42.75,0,0,1,1
4746291,1988,10371,1987,"ES","",270905,3,1,432,6,66,6,0,1,,0.2778,,12.6667,0,0,,
4746312,1988,10371,1985,"ES","",,1,7,440,5,55,6,1,0.5,0,0.4444,9,31.6667,,,,
4747526,1988,10378,1987,"ES","",444455,3,5,224,6,68,5,19,1,0.6925,0.32,6.6316,8.2,0,0,0,0
4748020,1988,10378,1985,"ES","",,1,7,424,3,31,5,1,1,0,0.48,11,8.2,,,,
4748912,1988,10385,1986,"ES","",180215,3,5,102,1,19,6,1,0.8333,0,0.48,8,18.6667,0,0,0,0
4749287,1988,10385,1987,"ES","",59475,3,9,384,5,59,3,4,0.3333,0.625,0,5.5,35.3333,0,0,0.25,0.25
4749377,1988,10385,1986,"ES","",,1,8,604,3,32,5,1,0.4,0,0,11,28,,,,
4749707,1988,10385,1987,"ES","",125260,3,4,514,3,31,6,0,1,,0.5,,10.1667,0,0,,
4749790,1988,10385,1986,"ES","",53275,3,10,544,1,14,1,3,1,0.6667,0,7.6667,7,0,0,0,0
4750264,1988,10392,1985,"ES","",,1,4,29,5,52,6,0,0.6667,,0.75,,28.6667,,,,
4751832,1988,10399,1986,"ES","",,1,16,70,6,65,3,1,1,0,0.6667,11,12.6667,,,,
4751902,1988,10399,1986,"ES","",,1,13,123,5,53,14,4,0.9286,0,0,6.75,8.4286,,,,
4751903,1988,10399,1987,"ES","",344245,3,5,123,5,53,6,4,1,0,0,5.5,3.1667,0.3333,0.3333,0,0
4752261,1988,10399,1986,"ES","",,1,4,441,6,69,1,1,0,0,,2,49,,,,
4752892,1988,10399,1981,"ES","",490545,3,1,358,2,21,3,10,1,0.82,0.4444,9.9,10,0,0,0,0
4753074,1988,10406,1986,"ES","",18205,3,6,60,4,45,6,2,1,0,0.5,3,4,0,0,0,0
4753538,1988,10406,1987,"ES","",279645,3,1,383,6,68,5,13,0.4,0.6391,0,5.2308,33.6,0,0,0,0
4753877,1988,10406,1985,"ES","",,1,7,435,3,33,0,0,,,,,,,,,
4754090,1988,10406,1986,"ES","",252675,3,19,585,1,19,9,1,1,0,0.5185,9,11,0,0,0,0
4754936,1988,10413,1987,"ES","",298870,3,8,242,5,51,9,5,0.7778,0.64,0.449,5.4,21.8889,0,0,0,0
4756772,1988,10420,1984,"ES","",16910,3,10,148,5,52,5,3,0.8,0.6667,0.75,5,17.2,0,0,0,0
4757836,1988,10427,1987,"ES","",59475,3,8,137,6,69,2,2,0.5,0.5,0,4.5,36.5,0,0,1,0.5
4758770,1988,10427,1982,"ES","",218700,3,7,318,4,45,8,0,1,,0.6563,,12.5,0,0,,
4758930,1988,10427,1986,"ES","",,1,6,362,4,42,8,1,1,0,0.5313,8,6.5,,,,
4759323,1988,10434,1986,"ES","",226445,3,8,123,5,53,3,5,0.6667,0,0,9,15,0,0,0,0
4761657,1988,10441,1987,"ES","",,1,6,346,4,49,3,1,1,0,0,1,6.3333,,,,
4761914,1988,10448,1987,"ES","",,1,6,47,6,61,2,0,0.5,,0,,17,,,,
4762040,1988,10448,1987,"ES","",284210,3,20,83,5,51,23,3,1,0.6667,0.431,7.6667,9.087,0,0,0,0
4762047,1988,10448,1986,"ES","",180215,3,7,89,5,59,1,0,0,,,,37,0,0,,
4762137,1988,10448,1985,"ES","",,1,11,131,6,61,5,0,0.6,,0.4444,,16.6,,,,
4763698,1988,10455,1986,"ES","",150075,3,3,139,6,63,3,0,0.6667,,0,,16,0,0,,
4765369,1988,10462,1987,"ES","",59475,3,6,137,6,69,4,2,1,0.5,0.375,2.5,5.75,0,0,0,0
4765460,1988,10462,1987,"ES","",,1,20,206,6,68,5,1,0.8,0,0.75,3,24.4,,,,
4765746,1988,10462,1987,"ES","",,1,20,366,1,19,3,4,0.3333,0,0,3.25,45.3333,,,,
4767462,1988,10469,1986,"ES","",104210,3,11,106,1,12,2,1,1,0,0.5,7,6,0,0,0,0
4767629,1988,10469,1987,"ES","",,1,22,426,6,61,8,1,1,0,0.6875,10,12,,,,
4767767,1988,10469,1987,"ES","",192760,3,2,514,3,31,1,1,1,0,0,10,13,0,0,0,0
4767851,1988,10469,1985,"ES","",217685,3,11,540,1,14,2,2,1,0,0,8.5,10,0,0,0,0
4768351,1988,10476,1987,"ES","",520635,3,14,62,6,69,4,0,1,,0,,12.5,0,0,,
4770010,1988,10483,1986,"ES","",,1,4,69,6,63,4,0,0,,,,37.5,,,,
4770061,1988,10483,1986,"ES","",,1,6,475,5,53,9,0,0.2222,,0,,47.5556,,,,
4770156,1988,10483,1987,"ES","",249305,3,16,125,5,51,3,2,1,0,0.4444,3.5,7.6667,0,0,0,0
4771602,1988,10490,1987,"ES","",,1,3,60,4,45,11,2,0.9091,0.5,0.72,4.5,15,,,,
4771809,1988,10490,1987,"ES","",59475,3,10,137,6,69,2,0,1,,0.5,,4,0,0,,
4772618,1988,10490,1986,"ES","",204120,3,22,514,3,31,0,1,,0,,3,,,,0,0
4773169,1988,10497,1987,"ES","",,1,7,34,1,19,3,0,1,,0.4444,,14.3333,,,,
4773527,1988,10497,1986,"ES","",,1,6,177,6,69,8,1,0.875,0,0.7347,4,9.5,,,,
4773699,1988,10497,1987,"ES","",271240,3,8,296,5,55,4,9,1,0,0,7.1111,9.5,0,0,0.4286,0.3333
4774430,1988,10497,1986,"ES","",74130,3,10,310,4,45,5,6,1,0,0,5.3333,5.4,0,0,0,0
4774820,1988,10504,1987,"ES","",259610,3,4,66,6,63,2,1,1,0,0,6,10.5,0,0,1,1
4776941,1988,10511,1986,"ES","",,1,5,204,1,19,7,4,0.7143,0.375,0.32,7,22.2857,,,,
4777872,1988,10518,1987,"ES","",520635,3,6,99,6,61,5,2,1,0.5,0.56,1,13.2,0.5,0.2,0,0
4777879,1988,10518,1987,"ES","",274760,3,9,102,1,19,7,5,0.7143,0,0,3.6,15.1429,0,0,0,0
4778160,1988,10518,1987,"ES","",271240,3,9,267,5,59,3,1,1,0,0.4444,3,2.3333,0,0,1,1
4779180,1988,10518,1987,"ES","",,1,1,362,4,42,4,1,0,0,,8,56.75,,,,
4779372,1988,10525,1986,"ES","",,1,14,43,6,61,7,5,0.4286,0,0.4444,8,34.4286,,,,
4780004,1988,10525,1987,"ES","",59475,3,11,384,5,59,3,2,1,0.5,0,4.5,13.3333,0,0,0.5,0.5
4780031,1988,10525,1987,"ES","",552410,3,3,408,5,51,7,0,0.4286,,0.4444,,46.2857,0,0,,
4780803,1988,10525,1986,"ES","",223115,3,4,363,4,45,13,2,1,0.5,0.142,5,4.7692,0,0,0,0
4780973,1988,10532,1986,"ES","",415160,3,3,38,6,63,4,3,1,0.4444,0,8,11,0.3333,0.25,0,0
4781071,1988,10532,1986,"ES","",,1,4,74,5,59,4,0,0.75,,0,,23.5,,,,
4781557,1988,10532,1987,"ES","",520635,3,6,425,5,51,6,0,0.8333,,0.64,,17.5,0,0,,
4782069,1988,10532,1987,"ES","",21970,3,11,514,3,31,0,1,,0,,9,,,,0,0
4782482,1988,10532,1985,"ES","",17030,3,16,370,2,21,7,13,1,0.6746,0.2449,6.7692,3.5714,0,0,0,0
4783887,1988,10546,1985,"ES","",,1,11,28,6,63,6,3,0.8333,0.6667,0.72,6.3333,19.8333,,,,
4784616,1988,10546,1986,"ES","",74130,3,13,439,4,41,5,5,0.4,0.72,0.5,6.2,29.6,0,0,0,0
4785487,1988,10553,1986,"ES","",,1,6,5,6,65,7,3,1,0,0.2449,5.6667,10.4286,,,,
4785788,1988,10553,1987,"ES","",,1,4,123,5,53,6,1,0.1667,0,0,6,39.1667,,,,
4787224,1988,10560,1987,"ES","",,1,12,70,6,65,3,5,0.3333,0,0,8.8,48,,,,
4787341,1988,10560,1986,"ES","",,1,8,123,5,53,5,1,0,0,,11,47.6,,,,
4789083,1988,10567,1986,"ES","",,1,8,222,1,19,8,1,1,0,0.2188,7,13,,,,
4789264,1988,10567,1986,"ES","",,1,4,403,6,67,5,4,0.8,0,0,5.5,14.8,,,,
4789319,1988,10567,1987,"ES","",600660,3,4,425,5,51,18,2,0.3333,0.5,0.7778,1.5,40.5556,0,0,0,0
4789576,1988,10567,1986,"ES","",,1,11,428,6,69,3,0,1,,0.4444,,7.6667,,,,
4789800,1988,10567,1987,"ES","",74130,3,7,310,4,45,2,3,1,0.4444,0.5,7,10.5,0,0,0,0
4790753,1988,10574,1988,"ES","",,1,8,433,3,39,1,11,0,0,,5,50,,,,
4790793,1988,10574,1987,"ES","",59475,3,2,464,5,53,4,5,0.5,0.72,0.5,7.8,25.25,0,0,0,0
4791114,1988,10574,1987,"ES","",325840,3,6,514,3,31,2,0,1,,0,,6.5,0,0,,
4791475,1988,10574,1986,"ES","",436355,3,5,348,4,49,1,2,1,0,0,6.5,4,0,0,0,0
4791705,1988,10581,1987,"ES","",369720,3,7,452,6,61,1,7,1,0.6939,0,4.7143,4,0,0,0.1667,0.1429
4792778,1988,10581,1987,"ES","",395140,3,3,338,4,41,1,1,1,0,0,2,19,0,0,0,0
4795171,1989,10595,1987,"ES","",,1,61,277,6,67,25,2,0.56,0,0.2551,9,38.2,,,,
4795268,1989,10595,1987,"ES","",279645,3,6,383,6,68,8,6,0.375,0.2778,0.6667,4.3333,35.875,0,0,0.5,0.1667
4797044,1989,10602,1986,"ES","",,1,26,411,5,59,6,5,1,0,0,5.6,8.5,,,,
4797141,1989,10602,1987,"ES","",88600,3,21,62,6,69,22,0,0.8182,,0.5741,,15.0909,0,0,,
4797270,1989,10602,1987,"ES","",22305,3,14,423,1,19,3,1,1,0,0,3,3.3333,0,0,0,0
4797482,1989,10602,1987,"ES","",457300,3,7,544,1,14,0,0,,,,,,,,,
4797483,1989,10602,1987,"ES","",269890,3,1,544,1,14,1,0,1,,0,,22,0,0,,
4797785,1989,10602,1987,"ES","",157990,3,32,361,4,45,3,10,1,0.86,0.6667,6.4,8,0,0,0.1111,0.1
4799406,1989,10616,1987,"ES","",,1,10,81,5,59,5,6,0.4,0.5,0,6.3333,24.6,,,,
4799620,1989,10616,1986,"ES","",134735,3,4,229,6,68,4,9,0.75,0.3704,0.6667,7.4444,24.25,0,0,0,0
4801220,1989,10623,1986,"ES","",,1,4,405,6,64,3,2,0.6667,0,0,6,19.6667,,,,
4801333,1989,10623,1984,"ES","",,1,4,134,6,69,6,4,0.8333,0.5,0.32,9.5,20.1667,,,,
4802075,1989,10623,1987,"ES","",,1,2,363,4,45,0,1,,0,,2,,,,,
