4803745,1989,10637,1987,"ES","",,1,10,7,5,59,7,1,1,0,0.7755,2,12.7143,,,,
4806128,1989,10644,1986,"ES","",367550,3,20,8,1,11,1,1,1,0,0,7,16,0,0,1,1
4806480,1989,10644,1985,"ES","",31580,3,3,435,3,33,0,2,,0,,10,,,,0,0
4807536,1989,10651,1985,"ES","",287840,3,7,104,5,55,13,2,0.9231,0.5,0.4861,5.5,14.9231,0,0,0,0
4807690,1989,10651,1987,"ES","",,1,4,164,5,52,2,1,0.5,0,0,3,23.5,,,,
4809970,1989,10658,1988,"ES","",63075,3,3,482,5,59,3,5,1,0.48,0.4444,3,7.3333,0,0,0,0
4811497,1989,10665,1988,"ES","",,1,1,36,6,63,4,3,0.5,0,0,6.3333,28,,,,
4812482,1989,10665,1987,"ES","",717472,3,7,514,3,31,0,0,,,,,,,,,
4813220,1989,10672,1987,"ES","",,1,18,57,6,63,8,1,1,0,0,4,4,,,,
4813638,1989,10672,1987,"ES","",180215,3,2,248,6,69,8,2,0.625,0.5,0.32,6,20.25,0,0,0,0
4815170,1989,10679,1988,"ES","",589270,3,12,19,1,11,4,7,1,0.2449,0,2.4286,10.75,0,0,0.2857,0.2857
4815390,1989,10679,1987,"ES","",180215,3,8,102,1,19,11,2,0.6364,0.5,0.2449,4,20.5455,0,0,0,0
4815835,1989,10679,1987,"ES","",,1,1,359,5,54,5,5,0.6,0.32,0.4444,5.2,17.6,,,,
4815992,1989,10679,1987,"ES","",415160,3,3,439,4,41,2,3,0,0,,2.3333,59,0,0,0,0
4818501,1989,10686,1987,"ES","",,1,11,422,1,19,3,0,0.3333,,0,,41.6667,,,,
4819456,1989,10693,1987,"ES","",298870,3,19,66,6,63,6,0,0.3333,,0,,33.1667,0,0,,
4819749,1989,10693,1988,"ES","",559635,3,7,177,6,69,4,4,0.75,0.375,0,4.5,32,0,0,0.25,0.25
4819826,1989,10693,1987,"ES","",176360,3,7,220,6,68,5,0,0.6,,0,,46.4,0,0,,
4819996,1989,10693,1987,"ES","",18205,3,14,303,5,53,18,12,0.7778,0.2917,0.4592,5.3333,16.8889,0.4167,0.2778,0.1667,0.1667
4820739,1989,10693,1987,"ES","",344475,3,12,514,3,31,10,3,0.8,0.6667,0.5938,8.6667,21.1,0,0,0,0
4822354,1989,10700,1987,"ES","",,1,6,623,3,39,0,0,,,,,,,,,
4824177,1989,10707,1987,"ES","",,1,4,301,5,55,7,2,0.8571,0.5,0.4444,9.5,12.7143,,,,
4826157,1989,10714,1987,"ES","",,1,17,482,5,59,14,30,0.9286,0,0,5.4667,7.2143,,,,
4826438,1989,10714,1988,"ES","",,1,13,434,6,69,1,2,1,0,0,7,2,,,,
4828992,1989,10721,1986,"ES","",367520,2,8,435,3,33,1,1,1,0,0,2,19,0,0,1,1
4829610,1989,10728,1987,"ES","",,1,8,5,6,65,9,0,0.5556,,0.48,,32.5556,,,,
4829628,1989,10728,1987,"ES","",,1,11,16,5,59,2,4,0,0.375,,5.75,54.5,,,,
4829915,1989,10728,1986,"ES","",60105,3,1,111,6,61,6,1,0.6667,0,0.5,7,29.6667,0,0,0,0
4831057,1989,10728,1987,"ES","",,1,2,514,3,31,0,2,,0.5,,5.5,,,,,
4832162,1989,10735,1988,"ES","",59475,3,13,188,5,53,3,9,1,0.5185,0,3.6667,2,0,0,0,0
4832749,1989,10735,1987,"ES","",111530,3,4,106,1,12,0,1,,0,,1,,,,0,0
4833297,1989,10735,1988,"ES","",415160,3,4,219,4,49,4,3,1,0,0,6.6667,9.25,0,0,0,0
4833993,1989,10742,1987,"ES","",180215,3,10,102,1,19,6,0,0.5,,0,,26.5,0,0,,
4834172,1989,10742,1988,"ES","",634290,3,12,165,6,66,4,3,0.5,0,0,4.6667,26.5,0,0,0,0
4834331,1989,10742,1986,"ES","",516645,3,2,248,6,69,12,3,0.5,0.4444,0.6111,7.6667,40.4167,0,0,0,0
4834578,1989,10742,1986,"ES","",,1,5,405,6,64,10,2,0.8,0,0,5.5,20.3,,,,
4835156,1989,10742,1987,"ES","",520665,3,4,514,3,31,2,0,1,,0,,10,0,0,,
4835179,1989,10742,1987,"ES","",520665,3,3,514,3,31,2,1,1,0,0,2,10,0,0,0,0
4835872,1989,10749,1986,"ES","",284210,3,6,33,6,69,10,5,0.9,0.56,0.1975,6,13.1,0,0,0,0
4836424,1989,10749,1988,"ES","",,1,7,222,1,19,5,1,0.6,0,0.4444,5,26.8,,,,
4837039,1989,10749,1987,"ES","",,1,10,426,6,61,8,5,0.625,0,0,6.8,21.375,,,,
4837410,1989,10749,1988,"ES","",363070,3,4,200,4,41,4,0,0.75,,0,,14.25,0,0,,
4838027,1989,10756,1988,"ES","",90150,3,22,60,4,45,2,2,1,0,0,4.5,7,0,0,0,0
4838726,1989,10756,1986,"ES","",514690,3,4,403,6,67,6,5,0,0.8,,7.4,78.3333,0,0,0,0
4838920,1989,10756,1987,"ES","",489525,3,11,65,5,51,7,11,1,0.1653,0.2449,2.7273,6.2857,0.1667,0.1429,0.2,0.1818
4840597,1989,10763,1987,"ES","",292960,3,9,446,6,62,10,3,0.8,0.6667,0.5625,8,26.3,0,0,0,0
4840839,1989,10763,1987,"ES","",570570,3,15,442,1,11,6,0,1,,0.7222,,7.8333,0,0,,
4841599,1989,10770,1988,"ES","",,1,9,16,5,59,3,5,1,0.32,0.6667,4.6,2.6667,,,,
4841791,1989,10770,1987,"ES","",,1,5,476,5,53,7,2,0.4286,0.5,0,5,41.8571,,,,
4843165,1989,10770,1987,"ES","",192760,3,4,548,1,14,1,0,1,,0,,1,0,0,,
4843747,1989,10777,1988,"ES","",147985,3,6,42,5,59,2,6,1,0,0,5.8333,5,0,0,0,0
4844341,1989,10777,1987,"ES","",223300,3,20,239,5,59,18,4,0.7778,0.625,0.3571,4,21.2222,0,0,0.3333,0.25
4844900,1989,10777,1987,"ES","",412570,3,11,424,3,31,2,1,1,0,0,6,7,0.5,0.5,0,0
4845629,1989,10777,1986,"ES","",218335,3,23,701,2,22,6,14,1,0.6837,0.6111,7.9286,8.8333,0,0,0,0
4846093,1989,10784,1987,"ES","",,1,14,114,5,55,2,1,1,0,0,10,8,,,,
4847101,1989,10784,1987,"ES","",520635,3,2,426,6,61,4,0,0.5,,0.5,,32.25,1,0.25,,
4848226,1989,10791,1984,"ES","",,1,3,101,6,69,17,1,0.8235,0,0.6122,8,22.3529,,,,
4850626,1989,10798,1988,"ES","",559640,3,8,292,6,69,15,5,0.8667,0,0.142,3.4,10.0667,0,0,0,0
4850699,1989,10798,1988,"ES","",74130,3,17,366,1,19,6,8,0.8333,0,0.8,7.125,21.5,0,0,0.6667,0.5
4852302,1989,10805,1988,"ES","",,1,3,49,5,59,4,0,0.5,,0,,43.75,,,,
4852473,1989,10805,1988,"ES","",415160,3,3,99,6,61,4,9,1,0.3704,0.375,5.3333,4,0,0,0,0
4853866,1989,10805,1987,"ES","",284210,3,2,700,2,22,6,12,1,0.5833,0.7222,7.3333,9.1667,0,0,0,0
4854426,1989,10812,1988,"ES","",458105,3,12,188,5,53,3,1,0.6667,0,0.5,4,26.3333,0,0,0,0
4855443,1989,10812,1988,"ES","",325890,3,1,548,1,14,0,0,,,,,,,,,
4857194,1989,10819,1988,"ES","",138150,3,5,210,1,19,6,1,0.8333,0,0,7,11.8333,0,0,0,0
4857885,1989,10819,1988,"ES","",94090,3,7,340,2,21,5,5,0.8,0.32,0.625,5.6,14.4,0,0,0,0
4858548,1989,10826,1987,"ES","",352305,3,8,112,6,63,9,0,0.7778,,0,,16.4444,0,0,,
4859082,1989,10826,1988,"ES","",180365,3,6,383,6,68,3,4,1,0.375,0.4444,7,10,0,0,0,0
4859218,1989,10826,1987,"ES","",,1,7,96,1,13,13,1,0.6154,0,0.6563,9,22.5385,,,,
4859478,1989,10826,1988,"ES","",436360,3,14,426,6,61,4,1,1,0,0,2,6.5,0,0,0,0
4859675,1989,10826,1988,"ES","",192760,3,5,514,3,31,1,0,1,,0,,9,0,0,,
4859964,1989,10826,1987,"ES","",,1,8,330,4,41,3,12,1,0.7778,0.4444,5.3333,5.3333,,,,
4860557,1989,10833,1988,"ES","",298870,3,10,66,6,63,5,2,0.8,0,0,6,12.8,0,0,0,0
4860877,1989,10833,1988,"ES","",49795,3,11,194,5,59,5,0,1,,0.32,,8.2,0,0,,
4863033,1989,10840,1988,"ES","",,1,6,206,6,68,2,4,1,0.375,0.5,7,2.5,,,,
4863569,1989,10840,1987,"ES","",172980,3,4,202,1,19,5,1,1,0,0.56,10,13,0,0,0,0
4864840,1989,10847,1987,"ES","",,1,9,29,5,52,4,1,0.75,0,0.6667,2,19.25,,,,
4864912,1989,10847,1988,"ES","",180215,3,3,89,5,59,3,0,0.3333,,0,,28.3333,1,0.3333,,
4865212,1989,10847,1988,"ES","",176365,3,7,220,6,68,10,1,0.3,0,0,5,47.9,0,0,0,0
4865527,1989,10847,1986,"ES","",,1,7,417,5,53,4,1,0.75,0,0.4444,7,10.5,,,,
4869153,1989,10861,1987,"ES","",180215,3,5,89,5,59,9,1,0.6667,0,0.6667,7,24.4444,0,0,0,0
4869355,1989,10861,1988,"ES","",603215,3,13,192,5,53,3,12,1,0,0,4.4167,4.3333,0,0,0.1818,0.1667
4869661,1989,10861,1987,"ES","",506170,3,4,425,5,51,14,1,0.7143,0,0.18,5,20.6429,0,0,0,0
4870178,1989,10861,1986,"ES","",125260,3,4,546,1,14,0,0,,,,,,,,,
4870981,1989,10868,1988,"ES","",,1,12,134,6,69,6,0,0.6667,,0.375,,18.3333,,,,
4870993,1989,10868,1988,"ES","",,1,13,137,6,69,17,2,0.1765,0,0.4444,8,48.2941,,,,
4871171,1989,10868,1988,"ES","",467450,3,7,463,6,62,3,12,0.3333,0,0,7.5,41,0,0,0,0
4871890,1989,10868,1988,"ES","",,1,3,200,4,41,4,3,1,0.4444,0,5.6667,7.25,,,,
4873223,1989,10875,1986,"ES","",325955,3,4,514,3,31,3,0,1,,0.4444,,7.3333,0,0,,
4873820,1989,10882,1988,"ES","",217545,3,1,56,6,61,5,0,1,,0.32,,15,0,0,,
4874131,1989,10882,1987,"ES","",,1,7,239,5,59,1,0,1,,0,,9,,,,
4874863,1989,10882,1988,"ES","",316820,3,4,546,1,14,2,21,1,0.6304,0,5.8095,9.5,0,0,0.0952,0.0952
4875804,1989,10889,1986,"ES","",,1,1,405,6,64,7,1,0.7143,0,0,7,24.8571,,,,
4876008,1989,10889,1988,"ES","",427960,3,3,210,1,19,8,0,0.625,,0.64,,33.375,0,0,,
4876283,1989,10889,1989,"ES","",,1,4,514,3,31,10,4,1,0.375,0.46,4,4.6,,,,
4876555,1989,10889,1988,"ES","",157990,3,24,343,2,21,2,10,1,0.76,0.5,6.8,2.5,0,0,0,0
4877020,1989,10896,1988,"ES","",,1,1,606,3,32,8,22,0.25,0.2975,0,7.3636,41.25,,,,
4877632,1989,10896,1988,"ES","",506170,3,1,426,6,61,17,4,0.7647,0.375,0.2722,5.25,18.5294,0,0,0,0
4877780,1989,10896,1988,"ES","",204120,3,15,514,3,31,1,7,1,0.2449,0,3.7143,0,0,0,0,0
4878418,1989,10903,1987,"ES","",250555,3,7,91,5,53,10,0,1,,0.42,,5.7,0,0,,
4878577,1989,10903,1988,"ES","",284210,3,7,198,5,59,8,0,0.875,,0.6122,,10.375,0,0,,
4878870,1989,10903,1988,"ES","",610115,3,5,446,6,62,7,0,0.7143,,0,,17.7143,0,0,,
4879439,1989,10903,1988,"ES","",,1,7,200,4,41,6,3,1,0.6667,0.6667,6.6667,6.5,,,,
4879979,1989,10910,1988,"ES","",,1,6,123,5,53,5,8,0.6,0.375,0,5.5,26.2,,,,
4880109,1989,10910,1987,"ES","",347180,3,7,198,5,59,9,1,0.7778,0,0,10,17.8889,0,0,0,0
4880256,1989,10910,1989,"ES","",,1,3,283,6,69,7,2,0.8571,0,0.2778,1,16.2857,,,,
4880337,1989,10910,1987,"ES","",187220,3,3,407,5,51,5,0,0,,,,61,0,0,,
4880894,1989,10910,1988,"ES","",21970,3,7,548,1,14,0,2,,0.5,,2,,,,0,0
4881384,1989,10917,1988,"ES","",383865,3,12,68,6,63,5,1,0.6,0,0,4,19,0,0,0,0
4882986,1989,10924,1988,"ES","",520635,3,4,99,6,61,3,1,0.3333,0,0,4,43.3333,0,0,0,0
4883251,1989,10924,1988,"ES","",,1,2,249,6,69,5,5,1,0.8,0.32,4.8,18.8,,,,
4883797,1989,10924,1988,"ES","",192760,3,9,514,3,31,0,1,,0,,8,,,,1,1
4885447,1989,10931,1986,"ES","",51515,3,15,219,4,49,9,9,1,0.6173,0.3457,8.1111,6.5556,0,0,0,0
4886648,1989,10938,1988,"ES","",42355,3,11,423,1,19,2,2,1,0.5,0,2.5,13,0,0,0,0
4887705,1989,10945,1988,"ES","",458105,3,9,192,5,53,7,6,1,0.2778,0.6122,5.3333,2.2857,0,0,0.1667,0.1667
4887834,1989,10945,1987,"ES","",289945,3,2,280,5,55,7,3,1,0,0.2449,7.6667,3.1429,0,0,0,0
4888848,1989,10952,1988,"ES","",,1,15,15,6,69,3,3,0.6667,0.4444,0.5,3.3333,16,,,,
4888892,1989,10952,1987,"ES","",,1,7,40,6,69,8,0,0.375,,0,,48.25,,,,
4892004,1990,10966,1988,"ES","",458105,3,10,74,5,59,9,6,1,0.6111,0.5679,7.1667,4.1111,0,0,0,0
4892185,1990,10966,1988,"ES","",559635,3,14,198,5,59,8,2,0.5,0.5,0.375,4.5,34.75,0,0,0,0
4892327,1990,10966,1988,"ES","",289945,3,15,280,5,55,3,5,1,0.32,0,6.6,12.6667,0,0,0,0
4892995,1990,10966,1988,"ES","",,1,20,219,4,49,5,2,0.8,0.5,0.375,8.5,11,,,,
4893477,1990,10973,1987,"ES","",,1,9,62,6,69,8,6,0.625,0.6111,0.32,6.6667,33.25,,,,
4893706,1990,10973,1988,"ES","",49795,3,10,194,5,59,2,5,0.5,0,0,5.2,42.5,0,0,1,0.8
4894449,1990,10973,1988,"ES","",,1,1,536,1,14,3,2,1,0.5,0.4444,4,12.3333,,,,
4895278,1990,10980,1987,"ES","",,1,5,222,1,19,5,1,0.2,0,0,5,43,,,,
4898043,1990,10994,1988,"ES","",59475,3,8,74,5,59,7,1,0.8571,0,0.7222,3,20.2857,0,0,0,0
4898615,1990,10994,1987,"ES","",92555,3,13,106,1,12,5,1,0.2,0,0,7,61.6,0,0,0,0
4898886,1990,10994,1988,"ES","",,1,6,514,3,31,3,3,0.6667,0.4444,0.5,7,15.6667,,,,
4899802,1990,11001,1989,"ES","",,1,3,164,5,52,2,1,1,0,0,6,8,,,,
4899803,1990,11001,1988,"ES","",,1,3,164,5,52,4,0,1,,0,,10.25,,,,
4900046,1990,11001,1988,"ES","",,1,2,280,5,55,6,2,0,0,,7,84.5,,,,
4900386,1990,11001,1988,"ES","",157990,3,13,156,1,19,2,10,1,0.64,0,8.1,3.5,0,0,0,0
4900515,1990,11001,1986,"ES","",,1,1,422,1,19,10,4,0.7,0.625,0.5714,6.5,22.3,,,,
4902007,1990,11008,1988,"ES","",199405,3,7,482,5,59,9,5,1,0,0.1975,6.8,6.8889,0,0,0,0
4902166,1990,11008,1987,"ES","",,1,10,405,6,64,4,0,0.75,,0,,18.25,,,,
4903706,1990,11015,1988,"ES","",600015,2,15,600,3,32,21,3,0.5238,0.4444,0.6612,5.6667,35.6667,0,0,0,0
4904686,1990,11015,1988,"ES","",337615,3,13,514,3,31,7,3,1,0,0.7347,1,13.8571,0,0,0.3333,0.3333
4905456,1990,11022,1988,"ES","",,1,11,53,6,68,8,8,0.875,0,0.7347,5.875,18.5,,,,
4905534,1990,11022,1988,"ES","",620515,3,4,74,5,59,7,6,0.4286,0,0,6.3333,28.4286,0,0,0,0
4905584,1990,11022,1988,"ES","",520635,3,4,99,6,61,4,1,1,0,0,3,5.25,0.5,0.25,0,0
4905834,1990,11022,1989,"ES","",264425,3,26,206,6,68,3,5,1,0.56,0.4444,5.6,6,0,0,0.3333,0.2
4906398,1990,11022,1987,"ES","",,5,2,252,1,19,10,4,0.6,0.75,0.6667,8,25.8,,,,
4908111,1990,11029,1989,"ES","",325610,3,3,204,1,19,0,0,,,,,,,,,
4909001,1990,11036,1988,"ES","",,1,6,52,6,69,10,7,0.7,0,0,6.2857,24.5,,,,
4910911,1990,11043,1989,"ES","",60105,3,8,47,6,61,3,2,1,0,0.4444,7.5,11.6667,0,0,0,0
4911071,1990,11043,1988,"ES","",,1,1,101,6,69,7,2,0.8571,0,0.2778,6,12,,,,
4911222,1990,11043,1989,"ES","",470380,3,8,164,5,52,2,1,0.5,0,0,7,32,0,0,0,0
4911650,1990,11043,1988,"ES","",,1,1,439,4,41,2,2,0,0,,2.5,48.5,,,,
4912257,1990,11043,1989,"ES","",520650,3,7,562,1,14,5,8,0.6,0.6875,0.6667,6.75,22.8,0,0,0,0
4915542,1990,11057,1988,"ES","",,1,8,405,6,64,8,1,1,0,0.4688,8,6,,,,
4917075,1990,11064,1989,"ES","",92220,3,6,126,6,66,8,2,0.25,0.5,0.5,1,67.75,0,0,1,1
4917222,1990,11064,1988,"ES","",59475,3,8,188,5,53,6,8,0.6667,0,0,5.875,22.6667,0,0,0,0
4919653,1990,11071,1988,"ES","",,1,6,604,3,32,3,29,1,0.4304,0.6667,5.5862,4.6667,,,,
4919658,1990,11071,1988,"ES","",275280,3,7,604,3,32,7,6,0.7143,0.5,0.32,4.1667,21.2857,0,0,0.1667,0.1667
4919722,1990,11071,1987,"ES","",494280,3,10,106,1,12,7,6,1,0.7778,0.8163,5.5,6.4286,0,0,0,0
4921288,1990,11078,1988,"ES","",478430,3,12,292,6,69,2,3,1,0.6667,0,5.6667,7.5,0,0,0,0
4921436,1990,11078,1989,"ES","",28145,2,4,439,4,41,3,4,1,0.375,0,4.75,15.3333,0.6667,0.6667,0,0
4921439,1990,11078,1989,"ES","",28145,2,11,439,4,41,8,3,0.875,0,0,2.3333,11.25,0.1429,0.125,0.3333,0.3333
4923024,1990,11085,1989,"ES","",,1,5,177,6,69,3,5,1,0.72,0.4444,5,10.6667,,,,
4923107,1990,11085,1988,"ES","",416875,3,6,227,5,59,4,0,0.5,,0,,32.5,0,0,,
4923113,1990,11085,1988,"ES","",264425,3,5,229,6,68,13,5,0.3077,0,0.625,5.6,36.8462,0,0,0.2,0.2
4924685,1990,11092,1989,"ES","",,1,3,70,6,65,9,2,0.3333,0,0.4444,7,43.1111,,,,
4924721,1990,11092,1987,"ES","",670697,2,7,74,5,59,5,0,0.4,,0,,25.8,0,0,,
4924722,1990,11092,1989,"ES","",59475,3,5,74,5,59,4,2,0.5,0.5,0,5.5,30,0,0,0,0
4927031,1990,11099,1989,"ES","",28095,3,18,209,5,51,6,2,1,0.5,0.5,7,14.1667,0,0,0,0
4927107,1990,11099,1989,"ES","",,1,3,248,6,69,9,0,0,,,,62.7778,,,,
4927512,1990,11099,1988,"ES","",282625,3,8,204,1,19,2,0,0.5,,0,,33,0,0,,
4927926,1990,11099,1988,"ES","",325840,3,8,544,1,14,2,9,1,0,0,5.3333,3.5,0,0,0,0
4928470,1990,11106,1987,"ES","",,1,4,52,6,69,8,4,1,0.625,0.5938,7.75,11.5,,,,
4928808,1990,11106,1988,"ES","",,1,31,198,5,59,25,3,0.56,0.4444,0.3367,3,28.6,,,,
4929440,1990,11106,1988,"ES","",125260,3,2,521,1,15,2,0,1,,0.5,,6.5,0,0,,
4930564,1990,11113,1989,"ES","",,1,3,164,5,52,4,0,1,,0,,4,,,,
4931007,1990,11113,1988,"ES","",317840,2,12,425,5,51,14,3,0.8571,0.4444,0.375,3.6667,18,0,0,0.3333,0.3333
4931346,1990,11113,1988,"ES","",71240,2,18,428,6,69,3,3,0.3333,0.6667,0,6.6667,58,0,0,0,0
4932112,1990,11120,1989,"ES","",,1,1,29,5,52,7,8,0.8571,0.75,0.7778,3.25,11,,,,
4932459,1990,11120,1988,"ES","",,1,8,164,5,52,4,1,0.75,0,0,5,17.75,,,,
4932547,1990,11120,1989,"ES","",185350,3,3,220,6,68,11,3,0.3636,0.6667,0.625,3.3333,38.0909,0,0,0,0
4932790,1990,11120,1988,"ES","",279645,3,4,383,6,68,7,4,0.2857,0,0.5,4,32.1429,0,0,0,0
4933306,1990,11120,1988,"ES","",,1,17,501,1,19,5,5,0.8,0.56,0.625,8.2,27,,,,
4933338,1990,11120,1987,"ES","",325840,3,5,514,3,31,0,0,,,,,,,,,
4934161,1990,11127,1988,"ES","",298870,3,9,66,6,63,4,3,1,0.4444,0.375,2.6667,10.75,0,0,0,0
4934479,1990,11127,1989,"ES","",,5,3,180,5,55,9,7,0.3333,0.4082,0.4444,5.7143,43.1111,,,,
4936198,1990,11134,1988,"ES","",,1,6,454,5,59,4,0,0.25,,0,,58.25,,,,
4936253,1990,11134,1988,"ES","",,1,6,119,6,61,8,1,1,0,0.2188,6,7.375,,,,
4937023,1990,11134,1989,"ES","",,1,4,264,5,51,2,0,1,,0,,5,,,,
4937236,1990,11134,1989,"ES","",204120,3,12,514,3,31,1,2,1,0.5,0,6.5,1,0,0,0,0
4938875,1990,11141,1988,"ES","",,1,6,210,1,19,5,10,0.8,0.68,0,5.9,14.6,,,,
4939124,1990,11141,1988,"ES","",325885,3,4,514,3,31,4,5,1,0.32,0.375,5,2.5,0,0,0.2,0.2
4940260,1990,11148,1989,"ES","",568910,3,4,285,6,67,5,8,0.6,0.2188,0.6667,3.625,35.8,0,0,0,0
4940706,1990,11148,1988,"ES","",745502,3,8,514,3,31,0,3,,0.4444,,6.6667,,,,0.3333,0.3333
4941595,1990,11155,1989,"ES","",384315,3,4,222,1,19,6,18,1,0.1975,0.5,4.2778,12.1667,0,0,0,0
4941610,1990,11155,1989,"ES","",285570,3,5,238,5,55,3,4,1,0.375,0,4.25,7.3333,0,0,0,0
4942850,1990,11162,1989,"ES","",,1,7,123,5,53,8,3,0.5,0,0,3.3333,27.25,,,,
4943054,1990,11162,1989,"ES","",,1,6,273,6,62,6,1,0.1667,0,0,3,43.5,,,,
4943570,1990,11162,1989,"ES","",325840,3,4,514,3,31,2,0,0.5,,0,,19.5,0,0,,
4944302,1990,11169,1988,"ES","",269660,3,2,607,3,32,2,9,1,0.6667,0.5,7.7778,4.5,0,0,0,0
4945696,1990,11176,1989,"ES","",,1,6,52,6,69,1,0,1,,0,,5,,,,
4947662,1990,11183,1989,"ES","",559640,3,4,70,6,65,6,7,1,0.2449,0.6111,4.1429,7.8333,0,0,0,0
4949442,1990,11190,1989,"ES","",,1,6,28,6,63,2,0,0.5,,0,,36.5,,,,
4949471,1990,11190,1989,"ES","",,1,6,34,1,19,1,0,1,,0,,3,,,,
4950243,1990,11190,1988,"ES","",,1,8,604,3,32,5,11,1,0,0,3.4545,11.6,,,,
4951378,1990,11197,1989,"ES","",115345,3,10,29,5,52,7,1,0.8571,0,0.4444,5,17.4286,0,0,0,0
4951791,1990,11197,1988,"ES","",,1,11,180,5,55,4,14,1,0.3571,0.5,6,14,,,,
4952417,1990,11197,1989,"ES","",,1,12,426,6,61,7,2,1,0,0.2449,4.5,10.5714,,,,
4952592,1990,11197,1988,"ES","",276285,3,15,514,3,31,3,3,1,0,0.4444,7.3333,12,0,0,0,0
4953725,1990,11204,1989,"ES","",,1,3,215,6,68,9,2,0.5556,0.5,0.64,4.5,33.8889,,,,
4955860,1990,11211,1988,"ES","",,1,3,604,3,32,10,11,1,0.314,0.42,4.6364,7.2,,,,
4956466,1990,11211,1989,"ES","",325890,3,3,548,1,14,0,1,,0,,2,,,,0,0
4957464,1990,11218,1989,"ES","",292960,3,16,446,6,62,21,1,0.6667,0,0.3673,7,32.7143,0,0,0,0
4958410,1990,11225,1989,"ES","",369720,3,3,452,6,61,3,3,1,0.4444,0.4444,5.6667,7,0.5,0.3333,0,0
4958464,1990,11225,1989,"ES","",,1,1,451,5,51,1,2,0,0,,7,46,,,,
4958964,1990,11225,1988,"ES","",,1,6,404,6,69,4,0,0.25,,0,,51.75,,,,
4959088,1990,11225,1989,"ES","",,1,19,62,6,69,11,0,1,,0.1653,,19.4545,,,,
4959206,1990,11225,1988,"ES","",736330,3,4,424,3,31,1,5,1,0.72,0,5.6,4,0,0,0.25,0.2
4959327,1990,11225,1987,"ES","",31580,3,11,435,3,33,0,0,,,,,,,,,
4960429,1990,11232,1989,"ES","",252675,3,7,8,1,11,2,1,1,0,0,6,8,0,0,0,0
4960917,1990,11232,1989,"ES","",325890,3,5,556,1,14,4,0,1,,0.625,,8.5,0,0,,
4961838,1990,11239,1989,"ES","",,5,8,208,1,19,10,1,0.9,0,0.1975,0,16.2,,,,
4962877,1990,11246,1989,"ES","",,1,11,227,5,59,2,11,1,0.1653,0,4.2727,6,,,,
4964274,1990,11253,1988,"ES","",59475,3,8,60,4,45,12,1,1,0,0.2917,4,8.0833,0,0,0,0
4964379,1990,11253,1989,"ES","",,1,20,123,5,53,8,2,0.125,0,0,6,50.875,,,,
4965358,1990,11253,1988,"ES","",217685,3,1,544,1,14,5,0,1,,0.56,,11.4,0,0,,
4965365,1990,11253,1989,"ES","",325890,3,11,548,1,14,2,2,1,0.5,0,4,7,0,0,0,0
4965928,1990,11260,1989,"ES","",363070,3,7,29,5,52,7,1,0.8571,0,0.2778,6,11,0,0,0,0
4965929,1990,11260,1989,"ES","",363070,3,8,29,5,52,3,1,1,0,0.4444,7,7.3333,0,0,0,0
4965999,1990,11260,1989,"ES","",59475,3,10,60,4,45,3,0,0.3333,,0,,51.3333,0,0,,
4966539,1990,11260,1988,"ES","",,1,4,425,5,51,9,8,1,0.5938,0.5679,4.75,8.4444,,,,
4966956,1990,11260,1989,"ES","",83315,3,6,528,1,15,7,3,1,0,0.449,5,6,0,0,0,0
4969503,1990,11274,1989,"ES","",,1,6,164,5,52,2,1,1,0,0,7,4,,,,
4970764,1990,11281,1988,"ES","",,1,20,28,6,63,4,1,0.5,0,0,4,20.5,,,,
4971746,1990,11281,1988,"ES","",,1,6,264,5,51,11,1,0.8182,0,0.4938,6,13.0909,,,,
4972768,1990,11288,1990,"ES","",386930,3,6,99,6,61,8,8,0.5,0,0,4.125,30.875,0,0,0.125,0.125
4973308,1990,11288,1988,"ES","",,5,9,604,3,32,12,9,1,0,0,4,3.25,,,,
4974257,1990,11288,1989,"ES","",566570,3,12,379,2,21,1,7,1,0.449,0,4,2,0,0,0,0
4974341,1990,11295,1989,"ES","",291170,3,14,34,1,19,1,1,1,0,0,3,3,0,0,0,0
4974527,1990,11295,1990,"ES","",564650,3,12,110,6,66,9,1,1,0,0.6667,3,11.5556,0,0,0,0
4975373,1990,11295,1990,"ES","",365760,3,3,435,3,33,3,0,1,,0.4444,,8.6667,0,0,,
4975646,1990,11295,1989,"ES","",,1,10,324,4,43,3,3,1,0,0,7,10.3333,,,,
4977299,1990,11302,1989,"ES","",128350,3,6,200,4,41,2,0,1,,0,,12.5,0,0,,
4977387,1990,11302,1989,"ES","",35010,3,10,338,4,41,4,1,0.75,0,0.4444,4,19,0,0,0,0
4977944,1990,11309,1989,"ES","",,1,3,164,5,52,4,0,1,,0.375,,9.75,,,,
4977983,1990,11309,1989,"ES","",670697,2,3,187,5,55,3,1,0.6667,0,0.5,5,41.6667,0,0,1,1
4978687,1990,11309,1989,"ES","",474210,3,10,514,3,31,2,1,1,0,0,6,13.5,0,0,0,0
4978838,1990,11309,1989,"ES","",,1,5,219,4,49,3,3,1,0.4444,0.4444,7.3333,3.6667,,,,
4979258,1990,11316,1989,"ES","",,1,2,15,6,69,3,2,0.3333,0.5,0,5.5,44.3333,,,,
4979315,1990,11316,1989,"ES","",138150,3,9,34,1,19,4,2,1,0.5,0.75,4.5,8.25,0,0,0,0
4980362,1990,11316,1990,"ES","",745502,3,11,514,3,31,2,2,1,0,0.5,4,2,0,0,0.5,0.5
4981076,1991,11323,1989,"ES","",,1,3,101,6,69,6,5,0.3333,0.32,0.5,5.2,26.3333,,,,
4981955,1991,11323,1990,"ES","",,1,19,536,1,14,4,9,1,0.1975,0.5,4,4.25,,,,
4982560,1991,11330,1989,"ES","",363070,3,16,242,5,51,7,1,0.2857,0,0.5,4,34.4286,0,0,0,0
4983217,1991,11330,1989,"ES","",599885,3,11,75,5,52,1,0,1,,0,,18,0,0,,
4983381,1991,11330,1987,"ES","",212600,3,21,424,3,31,5,25,1,0.5248,0,7.6,5,0,0,0,0
4983882,1991,11330,1988,"ES","",286415,3,14,315,4,42,5,2,1,0,0.56,6,12.6,0,0,0,0
4986523,1991,11344,1989,"ES","",28095,3,36,271,5,51,6,1,0.8333,0,0.32,6,21.1667,0,0,0,0
4987918,1991,11351,1989,"ES","",,1,2,137,6,69,5,2,0.4,0.5,0,5,49.6,,,,
4988180,1991,11351,1990,"ES","",271240,3,3,359,5,54,3,3,1,0.4444,0,3,8.6667,0,0,0.3333,0.3333
4989661,1991,11358,1990,"ES","",,1,7,164,5,52,4,3,0.75,0,0,6.3333,18.75,,,,
4989789,1991,11358,1989,"ES","",,1,4,239,5,59,2,0,1,,0,,5,,,,
4989872,1991,11358,1989,"ES","",,1,6,273,6,62,4,6,1,0.2778,0.375,4.6667,6.25,,,,
4989889,1991,11358,1989,"ES","",,1,7,280,5,55,6,5,1,0.32,0.2778,5.8,9,,,,
4990722,1991,11358,1990,"ES","",32185,3,11,174,4,41,1,9,1,0.5185,0,3.7778,23,0,0,0,0
4990813,1991,11358,1989,"ES","",598930,3,20,310,4,45,5,0,1,,0.32,,12.2,0,0,,
4991616,1991,11365,1989,"ES","",142845,3,8,137,6,69,8,5,0.875,0.72,0.6939,5.8,14.375,0,0,0,0
4992017,1991,11365,1989,"ES","",,1,1,414,5,51,13,1,0.9231,0,0.4028,3,19.1538,,,,
4994442,1991,11372,1988,"ES","",595360,3,16,514,3,31,6,13,1,0.3787,0,5.8462,9.8333,0.3333,0.1667,0,0
4995162,1991,11379,1989,"ES","",187330,3,14,29,5,52,5,0,0.8,,0.5,,14.4,0,0,,
4995680,1991,11379,1989,"ES","",,1,8,312,6,65,5,7,0.8,0.8163,0.375,4.1429,25.6,,,,
4995820,1991,11379,1989,"ES","",566570,3,12,439,4,41,3,0,1,,0.4444,,12.6667,0,0,,
4995849,1991,11379,1989,"ES","",,1,6,464,5,53,3,1,0,0,,2,45.6667,,,,
4996895,1991,11386,1989,"ES","",458100,3,4,81,5,59,3,0,0.3333,,0,,42,0,0,,
4997843,1991,11386,1988,"ES","",745502,3,7,514,3,31,1,2,1,0.5,0,7,3,0,0,0,0
4998393,1991,11393,1989,"ES","",,1,5,52,6,69,15,4,0.9333,0,0,6.5,11.0667,,,,
4999088,1991,11393,1989,"ES","",,1,4,162,1,19,5,1,0.8,0,0,2,16.6,,,,
5000228,1991,11400,1988,"ES","",469910,3,2,138,6,67,15,2,0.6667,0,0.48,3.5,18.8,0,0,0,0
5001050,1991,11400,1989,"ES","",684195,7,20,435,3,33,4,17,1,0.2076,0,4,1.25,0,0,0.0625,0.0588
5001954,1991,11407,1988,"ES","",284210,3,5,83,5,51,4,4,1,0.625,0.375,4.75,8.75,0,0,0,0
5002425,1991,11407,1989,"ES","",,1,4,404,6,69,6,1,0.3333,0,0.5,2,52.5,,,,
5004138,1991,11414,1989,"ES","",271240,3,5,224,6,68,8,8,1,0.7188,0.8125,4.625,5.25,0,0,0,0
5004335,1991,11414,1988,"ES","",,1,19,352,5,54,4,9,0.5,0.8148,0.5,6.1111,38,,,,
5004460,1991,11414,1988,"ES","",,1,13,604,3,32,9,2,0.8889,0,0.2188,6.5,12,,,,
5005543,1991,11421,1989,"ES","",,1,14,123,5,53,13,3,0.9231,0,0.2917,6,12.3077,,,,
5005837,1991,11421,1990,"ES","",,1,5,473,6,62,4,10,0.75,0,0,3.5,21.25,,,,
5006471,1991,11421,1987,"ES","",31575,3,12,435,3,33,2,0,1,,0,,3,0,0,,
5007380,1991,11428,1989,"ES","",564630,3,5,119,6,61,4,12,1,0,0,5.3333,7,0,0,0,0
5007477,1991,11428,1990,"ES","",,1,5,164,5,52,2,0,1,,0,,13.5,,,,
5007622,1991,11428,1990,"ES","",271240,3,4,267,5,59,4,3,0.75,0.6667,0.6667,5.3333,19,0.3333,0.25,0.5,0.3333
5009415,1991,11435,1989,"ES","",279840,3,4,482,5,59,5,1,0.8,0,0.5,9,22,0,0,0,0
5010049,1991,11435,1989,"ES","",599730,2,24,502,1,19,12,2,0.9167,0.5,0.6116,4,7,0,0,0,0
5010626,1991,11442,1989,"ES","",375510,3,6,24,6,63,5,2,0.4,0.5,0.5,7.5,36.2,0,0,0,0
5011672,1991,11442,1989,"ES","",270815,3,32,423,1,19,3,0,0,,,,33.6667,0,0,,
5011928,1991,11442,1990,"ES","",751615,3,5,544,1,14,2,8,1,0,0,2.25,3.5,0,0,0,0
5012584,1991,11449,1989,"ES","",284210,3,13,33,6,69,4,2,1,0.5,0.375,5.5,12,0,0,0,0
5012657,1991,11449,1989,"ES","",,1,12,68,6,63,6,1,0.5,0,0.4444,6,27.1667,,,,
5012734,1991,11449,1989,"ES","",28095,3,20,101,6,69,6,2,0.5,0,0,3,20.8333,0,0,0.5,0.5
5013147,1991,11449,1990,"ES","",,1,7,352,5,54,4,3,0.5,0.4444,0.5,3.6667,38,,,,
5013432,1991,11449,1989,"ES","",,1,10,210,1,19,14,7,0.8571,0.5714,0.5139,3.8571,15.5,,,,
5013870,1991,11449,1990,"ES","",32185,3,5,174,4,41,5,8,1,0.6563,0.72,5.5,10,0,0,0.25,0.25
5014989,1991,11456,1989,"ES","",,1,6,273,6,62,3,0,0.3333,,0,,52.3333,,,,
5015656,1991,11456,1989,"ES","",337620,3,5,514,3,31,10,2,1,0.5,0.66,7.5,11.6,0,0,0,0
5015736,1991,11456,1989,"ES","",217685,3,5,540,1,14,5,0,1,,0.56,,12.4,0,0,,
5016345,1991,11463,1989,"ES","",363070,3,8,29,5,52,6,2,0.8333,0.5,0.64,6.5,29.1667,0,0,0,0
5017320,1991,11463,1986,"ES","",600660,3,3,264,5,51,18,8,0.3333,0.5625,0.7778,6.875,43.5556,0,0,0,0
5017596,1991,11463,1989,"ES","",325840,3,7,514,3,31,1,0,1,,0,,11,0,0,,
5018437,1991,11470,1990,"ES","",,1,5,99,6,61,11,8,0.6364,0,0.4082,5.25,20.2727,,,,
5018543,1991,11470,1990,"ES","",127020,3,6,132,6,65,7,0,0.4286,,0.4444,,40,0,0,,
5019043,1991,11470,1989,"ES","",,5,20,604,3,32,21,16,0.8571,0.2266,0.1049,3.6875,8.6667,,,,
5020196,1991,11477,1990,"ES","",,1,12,24,6,63,9,0,0.1111,,0,,81.3333,,,,
5020581,1991,11477,1990,"ES","",98905,3,4,162,1,19,5,3,1,0.4444,0.56,3,8.6,0,0,0,0
5021449,1991,11477,1989,"ES","",337620,3,5,514,3,31,10,0,1,,0.66,,11,0,0,,
5021582,1991,11477,1988,"ES","",96035,3,3,548,1,14,2,3,1,0.4444,0,4,3.5,0,0,0,0
5021631,1991,11477,1990,"ES","",109830,3,9,219,4,49,8,3,1,0,0.4063,4.3333,5,0,0,0,0
5021926,1991,11477,1990,"ES","",188150,3,1,361,4,45,4,0,1,,0.625,,12.75,0,0,,
5022238,1991,11484,1990,"ES","",,1,4,63,6,69,4,3,0.25,0,0,3.3333,58.25,,,,
5022770,1991,11484,1990,"ES","",59475,3,8,384,5,59,4,2,1,0.5,0.375,2,8.5,0.6667,0.5,0,0
5023767,1991,11484,1990,"ES","",461160,3,13,363,4,45,4,0,1,,0,,15,0,0,,
5024192,1991,11491,1989,"ES","",,1,4,123,5,53,8,0,0.625,,0.56,,28.375,,,,
5025525,1991,11498,1990,"ES","",,1,5,15,6,69,8,1,0.375,0,0,3,35.5,,,,
5025675,1991,11498,1989,"ES","",59475,3,4,74,5,59,3,1,0.6667,0,0,7,18.3333,0,0,0,0
5025958,1991,11498,1990,"ES","",384320,3,1,222,1,19,4,6,1,0.5,0.625,4.5,11.5,0,0,0,0
5026035,1991,11498,1989,"ES","",442210,3,5,270,5,52,7,2,0.8571,0.5,0.7222,3.5,19.2857,0,0,0,0
5026858,1991,11498,1985,"ES","",618010,3,1,546,1,14,4,5,1,0,0.625,11.2,17.75,0,0,0,0
5027927,1991,11505,1990,"ES","",59475,3,10,188,5,53,7,1,0.4286,0,0,3,28,0,0,0,0
5029370,1991,11512,1987,"ES","",,1,12,24,6,63,12,0,0.3333,,0,,58.9167,,,,
5030161,1991,11512,1989,"ES","",285570,3,6,446,6,62,8,1,0.75,0,0,4,17.5,0,0,0,0
5030285,1991,11512,1989,"ES","",111530,3,13,106,1,12,3,1,1,0,0.6667,5,13.3333,0,0,0,0
5030342,1991,11512,1990,"ES","",,1,3,210,1,19,9,8,0.5556,0,0,3,42.3333,,,,
5031375,1991,11519,1990,"ES","",435070,3,2,52,6,69,2,1,0.5,0,0,2,31.5,0,0,1,1
5031565,1991,11519,1988,"ES","",,1,12,114,5,55,5,0,0.4,,0.5,,50.4,,,,
5033929,1991,11526,1989,"ES","",,1,6,414,5,51,11,3,0.8182,0.4444,0.1975,3.3333,17.4545,,,,
5036759,1991,11540,1990,"ES","",213585,3,12,101,6,69,8,1,0.875,0,0.2449,2,19.125,0,0,0,0
5037090,1991,11540,1989,"ES","",,1,17,482,5,59,7,14,1,0,0,5.2857,4,,,,
5037913,1991,11540,1990,"ES","",16845,3,11,526,1,15,10,3,1,0,0.76,4,9.9,0,0,0,0
5037988,1991,11540,1989,"ES","",217685,3,4,548,1,14,2,3,1,0.4444,0.5,8,9.5,0,0,0,0
5038536,1991,11547,1990,"ES","",,1,3,52,6,69,6,0,0.5,,0.4444,,42.1667,,,,
5039360,1991,11547,1988,"ES","",454130,3,14,148,5,52,14,3,0.9286,0.6667,0.3905,6,16.0714,0,0,0,0
5041461,1991,11554,1989,"ES","",337615,3,6,514,3,31,8,0,1,,0.7188,,13.125,0.1667,0.125,,
5041557,1991,11554,1990,"ES","",325890,3,4,549,1,14,1,1,1,0,0,2,10,0,0,0,0
5041961,1991,11554,1989,"ES","",418665,3,5,700,2,22,6,3,1,0.4444,0.2778,4.3333,3.6667,0,0,0.3333,0.3333
5042941,1991,11561,1990,"ES","",,1,1,352,5,54,4,0,1,,0.375,,7.75,,,,
5042981,1991,11561,1989,"ES","",210380,3,31,606,3,32,2,3,1,0.4444,0,6,10,0,0,0,0
5044022,1991,11568,1987,"ES","",433790,3,14,4,6,65,7,3,0.5714,0.4444,0.375,9.3333,19.8571,0,0,0,0
5044392,1991,11568,1989,"ES","",,1,9,137,6,69,2,0,0.5,,0,,50.5,,,,
5045052,1991,11568,1989,"ES","",,1,18,600,3,32,2,2,0.5,0.5,0,5.5,29.5,,,,
5046332,1991,11575,1990,"ES","",71870,3,10,62,6,69,7,3,0.8571,0.4444,0.4444,2.6667,19.2857,0,0,0,0
5046535,1991,11575,1989,"ES","",570465,3,20,139,6,63,4,5,1,0.32,0,2,1.75,0,0,0,0
5047282,1991,11575,1987,"ES","",204635,2,11,428,6,69,3,5,1,0.32,0.4444,6.6,11.3333,0,0,0,0
5048352,1991,11582,1989,"ES","",357035,3,3,73,4,43,4,2,1,0,0,4,8.25,0,0,0,0
5049133,1991,11582,1990,"ES","",,1,6,604,3,32,7,28,1,0.0689,0.449,4.1786,4.4286,,,,
5050250,1991,11589,1990,"ES","",41990,3,4,4,6,65,8,1,1,0,0.5938,7,8.625,0,0,0,0
5050426,1991,11589,1989,"ES","",,1,3,73,4,43,0,3,,0.4444,,5,,,,,
5051202,1991,11589,1988,"ES","",579565,3,7,252,1,19,9,0,0.6667,,0.7778,,18,0,0,,
5051510,1991,11589,1990,"ES","",751615,3,8,546,1,14,1,0,1,,0,,5,0,0,,
5052465,1991,11596,1990,"ES","",,1,3,164,5,52,8,1,0.625,0,0.32,4,16.125,,,,
5052652,1991,11596,1990,"ES","",670697,2,4,248,6,69,14,0,0.7143,,0.18,,22.7857,0,0,,
5052691,1991,11596,1990,"ES","",,1,6,273,6,62,6,0,1,,0,,17.5,,,,
5053686,1991,11596,1990,"ES","",238625,3,10,318,4,45,11,2,1,0.5,0.314,6,6.0909,0,0,0,0
5053766,1991,11596,1988,"ES","",264410,3,31,340,2,21,7,6,1,0.2778,0.449,7.8333,7,0,0,0,0
5054164,1991,11603,1990,"ES","",271255,3,9,16,5,59,1,4,1,0,0,1.5,2,0,0,0,0
5054376,1991,11603,1989,"ES","",,1,5,454,5,59,9,0,0,,,,97.7778,,,,
5054386,1991,11603,1990,"ES","",386930,3,5,99,6,61,10,1,0.7,0,0.6122,4,22.2,0,0,0,0
5054432,1991,11603,1990,"ES","",564630,3,17,119,6,61,7,0,1,,0,,9.5714,0,0,,
5054527,1991,11603,1990,"ES","",641065,3,3,141,5,51,8,7,1,0,0,5.8571,10.875,0,0,0,0
5054734,1991,11603,1990,"ES","",271240,3,1,248,6,69,8,1,1,0,0.5625,8,9.875,0,0,0,0
5055160,1991,11603,1990,"ES","",187305,3,7,162,1,19,3,3,1,0.4444,0.6667,2.3333,8.3333,0,0,0.3333,0.3333
5056645,1991,11610,1990,"ES","",294965,3,1,194,5,59,4,0,0.75,,0,,19,0,0,,
5057471,1991,11610,1990,"ES","",115215,3,23,502,1,19,3,1,1,0,0.4444,1,7.6667,0,0,1,1
5058223,1991,11617,1989,"ES","",112800,3,5,5,6,65,8,0,0.875,,0.4082,,26.125,0,0,,
5058274,1991,11617,1990,"ES","",,1,8,30,6,65,6,3,0.3333,0.4444,0,3.6667,32.8333,,,,
5058456,1991,11617,1990,"ES","",,1,2,74,5,59,9,6,0.7778,0,0.6122,5.3333,17.6667,,,,
5058618,1991,11617,1990,"ES","",59475,3,3,137,6,69,3,1,1,0,0,5,13.3333,0,0,0,0
5059852,1991,11617,1989,"ES","",326750,3,3,310,4,45,6,10,1,0.58,0.4444,6,11.6667,0,0,0,0
5060524,1991,11624,1990,"ES","",350115,3,2,73,4,43,2,2,1,0,0.5,3,12,0,0,0,0
5060561,1991,11624,1989,"ES","",,1,7,99,6,61,12,0,0.5,,0.5,,36,,,,
5060763,1991,11624,1990,"ES","",670697,2,6,187,5,55,3,0,0.6667,,0,,26,0,0,,
5060782,1991,11624,1990,"ES","",,1,20,198,5,59,33,2,0.6667,0.5,0.2355,5,23.9697,,,,
5060822,1991,11624,1990,"ES","",,5,5,221,5,51,4,0,0.25,,0,,45.25,,,,
5061003,1991,11624,1990,"ES","",271240,3,7,296,5,55,5,7,1,0.5714,0.64,3.7143,2.6,0,0,0,0
5063645,1991,11638,1990,"ES","",,1,11,24,6,63,10,2,0.2,0,0,4,44.6,,,,
5064102,1991,11638,1990,"ES","",384320,3,10,222,1,19,8,5,1,0.32,0.2188,5.8,14.5,0,0,0,0
5064105,1991,11638,1991,"ES","",384320,3,4,222,1,19,5,14,1,0.2449,0.32,4,8.2,0,0,0.3077,0.2857
5065852,1991,11645,1990,"ES","",,1,20,198,5,59,32,16,0.625,0.6484,0.255,4.375,24.625,,,,
5065854,1991,11645,1990,"ES","",,1,7,192,5,53,3,1,0.6667,0,0.5,6,12.6667,,,,
5065868,1991,11645,1990,"ES","",,1,19,206,6,68,118,8,0.7881,0.75,0.6847,3.75,16.9831,,,,
5066500,1991,11645,1989,"ES","",595360,3,17,426,6,61,7,9,1,0.5926,0.2449,5.3333,8.8571,0.25,0.1429,0,0
5067601,1991,11652,1989,"ES","",,1,14,192,5,53,17,10,0.3529,0.5,0,4.8,44,,,,
5067634,1991,11652,1990,"ES","",294965,3,4,221,5,51,3,2,0,0,,3,48,0,0,0,0
5069387,1991,11659,1988,"ES","",223300,3,16,239,5,59,26,3,0.8077,0,0.5306,7.6667,18.9615,0.0714,0.0385,0,0
5070139,1991,11659,1990,"ES","",745502,3,3,549,1,14,1,0,1,,0,,19,0,0,,
5070709,1991,11666,1990,"ES","",298870,3,6,66,6,63,1,4,1,0,0,4.25,4,0,0,0,0
5071140,1991,11666,1990,"ES","",,1,15,277,6,67,26,2,0.5769,0.5,0.4356,5.5,37.6154,,,,
5071343,1991,11666,1990,"ES","",491335,3,12,431,6,66,11,1,0.6364,0,0.449,1,27.5455,0,0,0,0
5072665,1991,11673,1989,"ES","",415160,3,2,99,6,61,9,1,0.6667,0,0.4444,5,23.5556,0,0,0,0
5072783,1991,11673,1990,"ES","",,1,6,165,6,66,2,1,1,0,0.5,2,10.5,,,,
5073646,1991,11673,1990,"ES","",325840,3,3,548,1,14,2,0,1,,0.5,,9,0,0,,
5074202,1991,11680,1990,"ES","",386930,3,3,99,6,61,3,0,0.3333,,0,,42,0,0,,
5074858,1991,11680,1990,"ES","",,1,6,606,3,32,2,5,1,0.32,0,6,14,,,,
5075307,1991,11680,1987,"ES","",367520,2,4,514,3,31,0,1,,0,,8,,,,0,0
5075512,1991,11680,1990,"ES","",520660,3,12,568,1,14,1,1,1,0,0,2,4,0,0,0,0
5076679,1991,11687,1990,"ES","",,1,1,359,5,54,4,2,1,0,0,3,3.75,,,,
5077454,1991,11687,1990,"ES","",271185,3,4,200,4,41,3,5,1,0,0,3.6,5.3333,0,0,0,0
5077851,1992,11694,1990,"ES","",,1,17,8,1,11,11,2,1,0.5,0.5124,3.5,16.5455,,,,
5078967,1992,11694,1989,"ES","",146611,3,6,422,1,19,10,8,1,0.5313,0.68,5.875,5.6,0,0,0.125,0.125
5080789,1992,11701,1990,"ES","",,1,1,210,1,19,7,0,0.5714,,0.75,,24,,,,
5081319,1992,11701,1990,"ES","",520660,3,31,568,1,14,4,1,0.5,0,0.5,2,19.75,0,0,0,0
5082941,1992,11708,1990,"ES","",181036,3,3,544,1,14,2,0,1,,0,,15,0,0,,
5082969,1992,11708,1990,"ES","",181036,3,3,564,1,14,6,0,1,,0.6111,,11,0,0,,
5083890,1992,11715,1991,"ES","",227296,3,7,411,5,59,0,0,,,,,,,,,
5084564,1992,11715,1989,"ES","",64891,3,8,536,1,14,8,9,1,0.5926,0.4063,6.4444,6.375,0,0,0,0
5085062,1992,11722,1989,"ES","",,5,11,70,6,65,4,0,1,,0.5,,5.5,,,,
5086963,1992,11729,1990,"ES","",138150,3,5,226,5,51,6,1,0.8333,0,0.56,1,18.1667,0,0,0,0
5087621,1992,11729,1990,"ES","",325840,3,12,514,3,31,1,2,1,0,0,6,4,0,0,0,0
5088389,1992,11736,1991,"ES","",,1,4,99,6,61,9,7,1,0.6939,0.4938,5,6.8889,,,,
5088684,1992,11736,1990,"ES","",354361,3,1,248,6,69,9,1,0.8889,0,0.5625,7,20.6667,0,0,0,0
5089472,1992,11736,1988,"ES","",325885,3,7,514,3,31,2,0,1,,0.5,,3,0.5,0.5,,
5091547,1992,11743,1990,"ES","",325566,3,2,556,1,14,7,0,1,,0.2449,,6,0,0,,
5092508,1992,11750,1990,"ES","",,1,3,227,5,59,4,2,1,0.5,0.375,4.5,19,,,,
5092811,1992,11750,1990,"ES","",285570,3,4,446,6,62,22,3,0.9091,0.4444,0,2.6667,18.7273,0,0,0,0
5094734,1992,11757,1989,"ES","",,1,16,204,1,19,4,19,1,0.7258,0.625,5.6842,15,,,,
5095680,1992,11764,1990,"ES","",559635,3,3,53,6,68,3,4,1,0.375,0,2,7.3333,0,0,0.3333,0.25
5096258,1992,11764,1990,"ES","",,1,16,297,6,65,6,1,0.1667,0,0,5,71.3333,,,,
5097573,1992,11771,1990,"ES","",,1,10,24,6,63,10,2,0.6,0,0,5,35.6,,,,
5097876,1992,11771,1990,"ES","",369720,3,9,141,5,51,4,1,1,0,0.625,2,10.25,0.3333,0.25,0,0
5098214,1992,11771,1990,"ES","",458105,3,8,403,6,67,4,1,1,0,0.625,2,11.5,0,0,1,1
5098446,1992,11771,1989,"ES","",377880,2,12,8,1,11,11,4,1,0.75,0.843,5,10.6364,0.8182,0.8182,0.5,0.5
5098913,1992,11771,1991,"ES","",325840,3,4,514,3,31,2,0,1,,0,,5.5,0,0,,
5099224,1992,11771,1991,"ES","",,1,15,340,2,21,3,3,1,0.6667,0,3.3333,11.6667,,,,
5099561,1992,11778,1989,"ES","",29911,3,12,29,5,52,6,0,0.3333,,0,,40.8333,0,0,,
5099630,1992,11778,1988,"ES","",358706,3,2,52,6,69,13,0,0.2308,,0.6667,,54.1538,0,0,,
5100681,1992,11778,1991,"ES","",,1,4,426,6,61,9,0,1,,0,,10.1111,,,,
5101594,1992,11785,1989,"ES","",60105,3,20,47,6,61,3,3,1,0,0.4444,4.6667,13.6667,0,0,0,0
5102283,1992,11785,1991,"ES","",,1,6,414,5,51,9,1,1,0,0,4,10.4444,,,,
5104257,1992,11792,1990,"ES","",119176,3,4,404,6,69,4,0,1,,0,,11,0,0,,
5105735,1992,11799,1989,"ES","",433351,3,26,99,6,61,10,4,0.6,0.375,0,6.75,31.7,0,0,0,0
5107132,1992,11799,1990,"ES","",,5,1,250,4,44,6,2,1,0.5,0.6111,3,4.8333,,,,
5107331,1992,11799,1990,"ES","",111561,2,36,358,2,21,9,4,1,0,0,3.75,7,0,0,0,0
5107652,1992,11806,1990,"ES","",273471,3,8,52,6,69,5,7,0.6,0.449,0.4444,5.4286,26.4,0,0,0,0
5108223,1992,11806,1990,"ES","",,1,12,405,6,64,3,1,0.3333,0,0,7,42.6667,,,,
5109622,1992,11813,1990,"ES","",147985,3,8,42,5,59,3,12,0.6667,0,0,5.5,40,0,0,0,0
5109642,1992,11813,1990,"ES","",682057,3,8,52,6,69,3,0,0.3333,,0,,41,0,0,,
5110773,1992,11813,1989,"ES","",595315,3,5,501,1,19,8,7,1,0.449,0.625,5.5714,8.125,0,0,0,0
5111583,1992,11820,1991,"ES","",,1,10,30,6,65,4,0,0,,,,59.5,,,,
5112022,1992,11820,1991,"ES","",682326,3,4,248,6,69,8,0,0.75,,0.6111,,26.125,0,0,,
5112826,1992,11820,1989,"ES","",,1,5,514,3,31,1,0,1,,0,,1,,,,
5113922,1992,11827,1991,"ES","",613215,3,2,160,6,69,3,1,0.6667,0,0,1,32.6667,0,0,0,0
5114080,1992,11827,1991,"ES","",682533,3,1,241,5,51,6,3,0.8333,0,0.32,2.6667,16,0,0,1,0.6667
5114410,1992,11827,1991,"ES","",,1,2,604,3,32,7,23,1,0,0,3.6522,2.2857,,,,
5114848,1992,11827,1990,"ES","",325460,3,5,435,3,33,3,0,1,,0.6667,,5.3333,0,0,,
5115535,1992,11834,1989,"ES","",682687,3,11,15,6,69,13,1,0.3846,0,0,5,42.3846,0,0,0,0
5115965,1992,11834,1990,"ES","",682750,3,4,229,6,68,6,6,0.8333,0,0.48,6.3333,20,0,0,0,0
5117705,1992,11841,1991,"ES","",59475,3,9,74,5,59,7,0,1,,0,,11.8571,0,0,,
5118227,1992,11841,1990,"ES","",,1,10,408,5,51,3,1,1,0,0.4444,2,21.6667,,,,
5118411,1992,11841,1991,"ES","",,1,10,210,1,19,3,0,1,,0,,4.6667,,,,
5118617,1992,11841,1989,"ES","",33701,3,30,435,3,33,1,2,1,0,0,7,4,0,0,0,0
5119610,1992,11848,1991,"ES","",,1,10,52,6,69,3,0,0.6667,,0,,16.6667,,,,
5120215,1992,11848,1989,"ES","",326750,3,4,431,6,66,6,15,1,0,0,5.0667,4.6667,0,0,0,0
5120713,1992,11848,1990,"ES","",33701,3,17,514,3,31,3,3,1,0,0,4.6667,5.3333,0,0,0,0
5121678,1992,11855,1991,"ES","",683373,3,3,99,6,61,3,3,1,0,0,5.3333,11.6667,0,0,0,0
5121817,1992,11855,1990,"ES","",670697,2,4,187,5,55,3,0,0.6667,,0.5,,31.6667,0,0,,
5122374,1992,11855,1989,"ES","",,1,4,424,3,31,2,0,0.5,,0,,62,,,,
5122595,1992,11855,1989,"ES","",33701,3,2,530,1,15,0,2,,0,,7.5,,,,0,0
5123805,1992,11862,1991,"ES","",322595,3,12,414,5,51,7,2,1,0.5,0.2449,3,6.7143,0,0,0.5,0.5
5125938,1992,11869,1990,"ES","",,1,5,96,1,13,2,1,0,0,,4,68.5,,,,
5126735,1992,11869,1991,"ES","",,1,9,340,2,21,1,8,1,0.4063,0,4,5,,,,
5127311,1992,11876,1991,"ES","",59475,3,4,91,5,53,7,1,1,0,0.5714,3,6.7143,0,0,0,0
5128343,1992,11876,1990,"ES","",325840,3,4,514,3,31,4,9,1,0.4938,0.5,3.8889,7.25,0,0,0.5556,0.5556
5128501,1992,11876,1991,"ES","",415160,3,3,200,4,41,2,1,0.5,0,0,2,44,0,0,0,0
5129107,1992,11883,1990,"ES","",,1,9,2,6,63,10,6,0.9,0.2778,0.1975,4.5,19.4,,,,
5130021,1992,11883,1990,"ES","",138150,3,9,210,1,19,6,0,0.1667,,0,,70.6667,0,0,,
5130327,1992,11883,1990,"ES","",684195,3,13,514,3,31,0,1,,0,,5,,,,0,0
5130627,1992,11883,1990,"ES","",478430,3,7,318,4,45,16,0,1,,0.2266,,6.375,0,0,,
5131453,1992,11890,1991,"ES","",116995,3,16,164,5,52,6,0,1,,0,,15.3333,0,0,,
5132304,1992,11890,1990,"ES","",325840,3,4,514,3,31,1,1,1,0,0,5,6,0,0,0,0
5132647,1992,11890,1990,"ES","",,1,19,333,2,21,8,0,0.875,,0.2449,,20.25,,,,
5133250,1992,11897,1991,"ES","",,1,15,99,6,61,11,3,0.6364,0.4444,0,6,29.4545,,,,
5133471,1992,11897,1991,"ES","",684506,3,8,215,6,68,8,4,0.75,0,0,5,23,0,0,0,0
5133744,1992,11897,1990,"ES","",,1,9,623,3,39,2,2,1,0,0.5,6.5,17.5,,,,
5134151,1992,11897,1990,"ES","",745502,3,19,514,3,31,0,1,,0,,4,,,,1,1
5134786,1992,11904,1991,"ES","",684616,3,2,34,1,19,7,1,1,0,0.449,5,17,0,0,0,0
5135104,1992,11904,1989,"ES","",684655,3,47,206,6,68,18,6,0.7778,0.2778,0.4898,6.5,20.6111,0,0,0,0
5135121,1992,11904,1990,"ES","",684657,3,3,220,6,68,10,2,0.9,0.5,0.3704,4.5,10.4,0,0,0,0
5135175,1992,11904,1990,"ES","",,1,3,239,5,59,4,0,0.75,,0.6667,,34,,,,
5135918,1992,11904,1991,"ES","",684737,2,11,514,3,31,3,0,1,,0.4444,,19.3333,0,0,,
5135925,1992,11904,1991,"ES","",325890,3,15,514,3,31,0,0,,,,,,,,,
5135943,1992,11904,1991,"ES","",192760,3,14,514,3,31,6,1,1,0,0,5,8.5,0,0,1,1
5137391,1992,11911,1990,"ES","",,1,29,404,6,69,14,4,0.9286,0.375,0.497,5.25,13.0714,,,,
5137567,1992,11911,1989,"ES","",111530,3,5,106,1,12,3,2,0.3333,0.5,0,4.5,37.6667,0,0,0,0
5137590,1992,11911,1989,"ES","",684924,3,4,156,1,19,10,0,0.9,,0.8148,,14.2,0,0,,
5137595,1992,11911,1991,"ES","",398180,2,1,156,1,19,7,7,0.7143,0.449,0.56,3.5714,24.1429,0,0,0,0
5138092,1992,11911,1991,"ES","",684963,3,5,560,1,14,0,3,,0,,3.3333,,,,0,0
5138648,1992,11911,1991,"ES","",566570,3,9,379,2,21,2,4,1,0.375,0,4.25,5.5,0,0,0,0
5139007,1992,11918,1990,"ES","",92220,3,2,126,6,66,6,2,1,0,0,3.5,13,0.2,0.1667,0,0
5139126,1992,11918,1991,"ES","",603215,3,6,192,5,53,9,3,1,0.4444,0.5926,4.3333,7.2222,0.1111,0.1111,0,0
5139618,1992,11918,1990,"ES","",,1,2,162,1,19,2,0,1,,0.5,,7.5,,,,
5141091,1992,11925,1991,"ES","",603215,3,11,192,5,53,7,2,0.7143,0,0,5,23.2857,0.75,0.4286,0,0
5144856,1992,11939,1990,"ES","",458105,3,17,74,5,59,11,12,1,0.2917,0.1653,4.5,4.6364,0,0,0,0
5145035,1992,11939,1991,"ES","",670697,2,5,187,5,55,4,1,1,0,0.375,3,9.5,0,0,0,0
5145690,1992,11939,1991,"ES","",685715,3,8,425,5,51,6,3,0.8333,0.4444,0.48,4.3333,20.5,0,0,0.3333,0.3333
5146026,1992,11939,1989,"ES","",685737,3,29,585,1,19,31,3,0.8387,0,0.4379,7,18.0323,0,0,0,0
5146840,1992,11946,1991,"ES","",245965,3,15,99,6,61,13,6,0.9231,0.5,0.7778,3.8333,15,0.4444,0.3077,0.25,0.1667
5149707,1992,11953,1990,"ES","",745502,3,3,514,3,31,2,3,1,0.4444,0.5,5.3333,17.5,0,0,1,1
5150805,1992,11960,1991,"ES","",497435,3,4,220,6,68,4,1,0.5,0,0,3,31.25,0,0,0,0
5151154,1992,11960,1990,"ES","",,1,11,159,1,19,11,1,0.5455,0,0.6111,4,34.6364,,,,
5152430,1992,11967,1990,"ES","",686344,3,1,222,1,19,4,3,1,0,0,6,7.75,0,0,0,0
5152573,1992,11967,1991,"ES","",,5,5,296,5,55,4,1,0.25,0,0,4,36.75,,,,
5152634,1992,11967,1991,"ES","",686371,3,7,405,6,64,3,7,1,0.5714,0.4444,3.1429,8,0,0,0,0
5153375,1992,11967,1992,"ES","",,1,2,102,1,19,5,1,0.8,0,0.625,4,20.6,,,,
5154566,1992,11974,1991,"ES","",,1,16,415,5,53,3,0,0.6667,,0,,35,,,,
5154601,1992,11974,1991,"ES","",199875,3,16,431,6,66,6,5,1,0,0.4444,3.6,9.3333,0,0,0,0
5154610,1992,11974,1989,"ES","",686560,3,8,433,3,39,8,1,0.625,0,0.32,8,23.25,0,0,0,0
5154721,1992,11974,1990,"ES","",,1,4,606,3,32,1,1,0,0,,7,61,,,,
5156000,1992,11981,1991,"ES","",,1,11,60,4,45,5,1,0.8,0,0.375,4,20.6,,,,
5156513,1992,11981,1991,"ES","",284210,3,14,414,5,51,19,3,1,0.6667,0.4432,1.6667,14.3684,0,0,0,0
5157158,1992,11981,1991,"ES","",685737,3,28,568,1,14,8,3,1,0.4444,0.5938,5,10.875,0,0,0,0
5158314,1992,11988,1990,"ES","",,1,5,280,5,55,3,9,0.6667,0.1975,0,3.2222,33,,,,
5159628,1992,11988,1990,"ES","",507310,3,14,379,2,21,9,0,1,,0.1975,,5.8889,0,0,,
5159867,1992,11995,1990,"ES","",,1,2,83,5,51,4,0,0.75,,0.6667,,11.75,,,,
5162323,1992,12002,1990,"ES","",325840,3,5,514,3,31,0,6,,0.4444,,5,,,,0.5,0.5
5162967,1992,12002,1990,"ES","",687348,3,1,361,4,45,5,2,1,0,0.56,6,11.6,0,0,0,0
5163793,1992,12009,1991,"ES","",,1,9,409,5,51,13,8,0.9231,0.8125,0.6806,3.375,13,,,,
5164250,1992,12009,1991,"ES","",,1,5,442,1,11,4,3,1,0.4444,0.375,3,8,,,,
5165326,1992,12016,1991,"ES","",687608,3,4,99,6,61,4,0,0.75,,0.6667,,21.5,0,0,,
5165511,1992,12016,1991,"ES","",271185,3,18,194,5,59,8,3,0.75,0,0,4,18.875,0,0,0,0
5165951,1992,12016,1991,"ES","",,1,18,426,6,61,12,2,1,0.5,0,4,9.75,,,,
5166205,1992,12016,1991,"ES","",325840,3,5,514,3,31,7,4,1,0,0.4898,3.25,10.2857,0,0,0,0
5169378,1992,12030,1990,"ES","",,1,16,600,3,32,4,2,1,0.5,0.375,6.5,12.5,,,,
5169662,1992,12030,1990,"ES","",398530,2,17,426,6,61,19,7,0.9474,0.6531,0.1049,4.1429,10.1579,0.1176,0.1053,0,0
5170699,1992,12037,1992,"ES","",688108,3,11,99,6,61,11,4,0.0909,0,0,1.75,48.9091,0,0,0,0
5170972,1992,12037,1991,"ES","",,1,18,248,6,69,6,2,0.6667,0.5,0.375,3,26.1667,,,,
5171894,1992,12037,1991,"ES","",688222,3,13,568,1,14,0,0,,,,,,,,,
5173329,1992,12044,1990,"ES","",,1,5,427,1,12,0,0,,,,,,,,,
5173923,1992,12044,1992,"ES","",58495,2,2,375,2,21,8,6,1,0.4444,0.5313,3,2.75,0.125,0.125,0,0
5175743,1992,12051,1991,"ES","",58495,2,10,370,2,21,4,6,1,0.5,0.5,3.1667,4,0.25,0.25,0,0
5175744,1992,12051,1992,"ES","",58495,2,2,375,2,21,8,5,1,0.56,0.5313,1.8,2.75,0.125,0.125,0,0
5176075,1993,12058,1991,"ES","",688638,3,2,100,5,59,8,1,0.375,0,0,4,52.375,0,0,0,0
5176519,1993,12058,1992,"ES","",,1,5,434,6,69,8,3,0.25,0.4444,0.5,2.6667,63.625,,,,
5177099,1993,12058,1992,"ES","",520665,3,9,514,3,31,4,0,1,,0.625,,18,0,0,,
5177211,1993,12058,1991,"ES","",21970,3,3,546,1,14,2,0,1,,0,,10,0,0,,
5177643,1993,12058,1991,"ES","",271240,3,15,359,5,54,4,0,1,,0.375,,5.75,0.25,0.25,,
5177768,1993,12058,1992,"ES","",58495,2,2,375,2,21,7,7,1,0.5714,0.4082,3.4286,4,0.1429,0.1429,0,0
5178634,1993,12065,1991,"ES","",,1,6,623,3,39,6,3,1,0.6667,0.5,3.6667,9,,,,
5178690,1993,12065,1992,"ES","",176120,2,9,148,5,52,2,3,0.5,0.4444,0,2.3333,26,0,0,0,0
5178830,1993,12065,1991,"ES","",146611,3,7,422,1,19,7,6,1,0.6111,0.5714,4.6667,4.8571,0.1667,0.1429,0,0
5179228,1993,12065,1991,"ES","",688937,3,4,562,1,14,5,2,1,0,0,7,6.8,0,0,0,0
5179850,1993,12072,1990,"ES","",,1,16,70,6,65,4,0,1,,0.375,,4,,,,
5180202,1993,12072,1991,"ES","",271240,3,2,296,5,55,14,0,0.9286,,0.142,,8.1429,0.0769,0.0714,,
5180980,1993,12072,1991,"ES","",517070,3,6,324,4,43,4,0,1,,0.5,,14.5,0,0,,
