4046101,1977,6458,1976,"LI","",52310,3,3,118,1,12,7,2,0.2857,0.5,0.5,2,16.5714,0,0,0,0
4047030,1977,6458,1975,"LI","",52310,3,7,250,4,44,1,7,1,0.449,0,17.1429,2,0,0,0,0
4052001,1977,6486,1976,"LI","",279520,3,9,126,6,66,7,10,0.8571,0.66,0.6111,2.9,3.4286,0,0,0,0
4056062,1977,6514,1976,"LI","",251885,3,8,102,1,19,9,13,1,0.6982,0.3704,15.6154,8.2222,0.2,0.1111,0.1111,0.0769
4056360,1977,6514,1976,"LI","",,1,6,73,4,43,5,3,0.8,0.6667,0.5,11,16.8,,,,
4056935,1977,6521,1975,"LI","",251885,3,9,60,4,45,4,2,0.5,0.5,0.5,15,14.75,0,0,0.5,0.5
4068992,1978,6591,1976,"LI","",282595,3,9,425,5,51,5,0,0.6,,0.4444,,30,0,0,,
4077556,1978,6640,1977,"LI","",251885,3,10,227,5,59,3,1,0.6667,0,0,16,13.6667,1,0.3333,0,0
4078508,1978,6647,1975,"LI","",21900,3,1,72,5,52,8,2,0.375,0.5,0.6667,21,16.75,0,0,0,0
4083231,1978,6675,1976,"LI","",52310,3,2,73,4,43,6,3,1,0.4444,0.5,13.6667,8.3333,0,0,0,0
4107890,1978,6808,1976,"LI","",251885,3,5,52,6,69,7,4,0.4286,0.75,0.4444,8,28.8571,0,0,0,0
4109556,1978,6815,1977,"LI","",251885,3,10,411,5,59,1,3,1,0.6667,0,10,1,0,0,0.3333,0.3333
4114613,1978,6836,1977,"LI","",,1,11,602,3,32,3,9,0.6667,0,0,6.6667,10.6667,,,,
4115912,1978,6843,1977,"LI","",251885,3,4,29,5,52,11,3,0.7273,0.6667,0.6875,14.3333,14.3636,0.1667,0.0909,0,0
4118082,1978,6850,1976,"LI","",214100,3,7,312,6,65,11,8,0.0909,0.5625,0,12.375,35,0,0,0,0
4128942,1978,6920,1976,"LI","",181175,3,12,433,3,39,3,5,0,0,,7.8,27,0,0,0,0
4134597,1979,6955,1977,"LI","",251885,3,9,279,6,69,10,0,0.4,,0.375,,25.9,0,0,,
4135895,1979,6962,1977,"LI","",52310,3,10,96,1,13,9,2,0.5556,0.5,0.56,8,15.1111,0,0,0,0
4149590,1979,7046,1977,"LI","",279520,3,11,165,6,66,4,11,0.75,0.4298,0.4444,8.4545,10.25,0,0,0,0
4167338,1979,7193,1977,"LI","",52310,3,4,356,4,43,2,1,0.5,0,0,15,11,0,0,0,0
4167886,1979,7200,1977,"LI","",251885,3,12,411,5,59,7,7,1,0.2449,0.2449,14.4286,8,0,0,0,0
4172156,1979,7235,1977,"LI","",52290,3,1,427,1,12,5,9,0.6,0.6173,0.6667,10.8889,13.4,0,0,0,0
4172581,1979,7242,1976,"LI","",52310,3,6,251,5,53,4,1,0.5,0,0,3,16.25,0,0,0,0
4173522,1979,7249,1977,"LI","",52310,3,1,204,1,19,2,12,1,0.75,0.5,9.5833,5,0,0,0,0
4181161,1980,7305,1978,"LI","",52290,3,5,141,5,51,3,14,0.3333,0.7755,0,16.2857,22.6667,0,0,0,0
4182265,1980,7312,1978,"LI","",52290,3,8,118,1,12,6,4,1,0.625,0.7778,15.75,4.5,0,0,0,0
4183982,1980,7319,1978,"LI","",52290,3,8,427,1,12,10,1,1,0,0.8,12,8.7,0,0,0,0
4186835,1980,7340,1978,"LI","",282580,3,5,206,6,68,5,3,0.8,0,0.375,15,18.2,0,0,0,0
4188417,1980,7347,1978,"LI","",52310,3,8,427,1,12,13,2,0.9231,0.5,0.7361,6,5.3846,0,0,0,0
4197175,1980,7403,1978,"LI","",52290,3,23,204,1,19,4,27,1,0.7353,0.625,9.963,4.25,0,0,0,0
4200059,1980,7424,1978,"LI","",,5,12,119,6,61,6,0,0.6667,,0,,16.6667,,,,
4206723,1980,7466,1978,"LI","",279520,3,4,122,6,66,7,11,0.7143,0.1653,0,2.7273,17.8571,0,0,0.125,0.0909
4212170,1980,7501,1979,"LI","",414520,2,15,62,6,69,5,4,1,0,0.32,5,10.8,0,0,0,0
4214627,1980,7515,1978,"LI","",279520,3,7,165,6,66,3,1,0,0,,8,31.3333,0,0,0,0
4215935,1980,7522,1979,"LI","",,1,4,355,5,54,4,7,1,0.6939,0.375,4.7143,7.75,,,,
4217856,1980,7536,1978,"LI","",52290,3,7,118,1,12,14,6,0.6429,0.2778,0.7407,9,16.2857,0,0,0,0
4221629,1980,7557,1978,"LI","",52295,3,5,159,1,19,2,1,1,0,0.5,8,11.5,0,0,1,1
4230282,1980,7606,1978,"LI","",381255,3,9,241,5,51,8,4,0.25,0,0,13,38.25,0,0,0,0
4231134,1980,7613,1978,"LI","",91805,3,2,16,5,59,6,0,1,,0.5,,8.8333,0,0,,
4235572,1980,7634,1978,"LI","",52290,3,10,418,5,53,8,4,0.5,0.375,0,14,28.125,0,0,0,0
4236701,1980,7641,1978,"LI","",94660,3,2,269,6,69,6,2,0.6667,0.5,0.75,5,26.3333,0,0,0,0
4236922,1980,7641,1978,"LI","",181175,3,24,420,5,52,3,6,0.6667,0.7222,0.5,15,25.3333,0,0,0,0
4254159,1981,7732,1978,"LI","",52290,3,3,427,1,12,2,12,1,0.7083,0,10.25,5.5,0,0,0,0
4260400,1981,7767,1979,"LI","",279095,3,11,55,1,13,9,6,0.6667,0.7222,0.6111,3.8333,19.7778,0,0,0,0
4267097,1981,7802,1975,"LI","",434760,3,9,524,1,15,5,15,0.6,0.8,0.4444,13.7333,14,0,0,0,0
4268477,1981,7809,1979,"LI","",69260,3,12,422,1,19,3,27,1,0.6831,0.4444,12,3.3333,0,0,0,0
4270649,1981,7823,1978,"LI","",94660,3,1,198,5,59,4,9,1,0.7654,0.5,7.3333,7,0,0,0,0
4273783,1981,7837,1979,"LI","",232950,3,5,514,3,31,1,1,1,0,0,2,5,0,0,0,0
4274276,1981,7844,1978,"LI","",182420,3,4,72,5,52,22,5,0.5909,0.32,0.5207,9.4,20.5,0,0,0,0
4274428,1981,7844,1979,"LI","",,1,7,131,6,61,4,6,1,0.2778,0.625,14,13,,,,
4277337,1981,7858,1980,"LI","",258590,3,9,210,1,19,9,5,0.4444,0.32,0,8.6,21.1111,0,0,0,0
4277399,1981,7858,1980,"LI","",232950,3,5,540,1,14,6,0,1,,0.5,,6,0,0,,
4281991,1981,7886,1978,"LI","",434760,3,17,523,1,15,2,19,0.5,0.7922,0,7.1579,13,0,0,0,0
4285650,1981,7907,1979,"LI","",94190,3,13,425,5,51,6,1,0.5,0,0.6667,18,32.6667,0,0,0,0
4287656,1981,7921,1979,"LI","",251885,3,6,29,5,52,11,6,0.4545,0.2778,0.72,9.8333,27.3636,0,0,0.6,0.5
4289725,1981,7928,1980,"LI","",94190,3,8,264,5,51,4,1,0.5,0,0,5,26.75,0,0,0,0
4290614,1981,7935,1979,"LI","",52290,3,10,277,6,67,2,14,0.5,0.7959,0,8.9286,55,0,0,0,0
4292318,1981,7942,1980,"LI","",232950,3,5,514,3,31,1,1,1,0,0,14,8,0,0,0,0
4295447,1981,7963,1979,"LI","",279520,3,2,122,6,66,9,0,0.7778,,0.449,,12.6667,0.25,0.1111,,
4296712,1981,7970,1980,"LI","",258590,3,6,122,6,66,5,4,0.6,0.375,0,5.5,30.6,0,0,0,0
4301633,1981,7998,1979,"LI","",286350,3,10,52,6,69,7,8,0.5714,0.2188,0,10,33.7143,0,0,0,0
4306515,1981,8026,1979,"LI","",52310,3,4,118,1,12,6,9,0.5,0.6173,0.4444,15.6667,21.6667,0,0,0,0
4318532,1982,8103,1980,"LI","",52295,3,17,251,5,53,7,2,0.5714,0,0.625,7,24,0,0,0,0
4328951,1982,8166,1980,"LI","",,1,9,254,5,59,1,11,1,0.7769,0,8.2727,6,,,,
4329095,1982,8166,1980,"LI","",251885,3,7,408,5,51,6,1,0.6667,0,0.625,3,15.3333,0,0,0,0
4330283,1982,8173,1981,"LI","",181175,3,11,523,1,15,4,10,0.75,0.72,0.4444,11,12,0,0,0,0
4331321,1982,8180,1980,"LI","",,1,6,254,5,59,4,0,0.5,,0.5,,28.5,,,,
4333962,1982,8194,1980,"LI","",52295,3,11,427,1,12,4,10,1,0.48,0.375,9.2,4,0,0,0,0
4335833,1982,8208,1980,"LI","",184155,3,4,222,1,19,7,2,0.7143,0,0.72,16,19.2857,0,0,0,0
4336807,1982,8215,1980,"LI","",567735,3,4,607,3,32,8,4,0.625,0.625,0.56,9.25,21.125,0,0,0.6667,0.5
4343455,1982,8257,1980,"LI","",52290,3,5,251,5,53,8,1,0.5,0,0.375,11,25.25,0,0,0,0
4346123,1982,8271,1980,"LI","",52295,3,4,427,1,12,4,18,1,0.7037,0.75,8.2778,5.5,0,0,0.1667,0.1667
4346164,1982,8271,1980,"LI","",,1,5,430,1,19,1,6,1,0.6667,0,10.5,11,,,,
4349131,1982,8292,1980,"LI","",184155,3,25,222,1,19,8,9,0.25,0.1975,0,12.7778,31.375,0,0,0,0
4355892,1982,8334,1980,"LI","",94660,3,5,355,5,54,3,13,1,0.6272,0,11.9231,9,0,0,0,0
4357100,1982,8341,1980,"LI","",94660,3,3,355,5,54,3,11,1,0.7107,0,7.8182,8.3333,0,0,0,0
4361331,1982,8369,1980,"LI","",52290,3,10,277,6,67,5,3,1,0.4444,0.32,11,13.8,0,0,0,0
4362024,1982,8376,1981,"LI","",414520,2,8,62,6,69,3,1,1,0,0,1,6.3333,1,0.6667,0,0
4362125,1982,8376,1981,"LI","",52295,3,7,118,1,12,3,8,1,0.8125,0.4444,13,8.6667,0,0,0,0
4362385,1982,8376,1980,"LI","",94660,3,10,355,5,54,10,31,1,0.7721,0.8,7.3548,4,0,0,0,0
4365961,1982,8397,1980,"LI","",251885,3,6,464,5,53,4,1,0.25,0,0,18,37.25,0,0,0,0
4376581,1983,8474,1980,"LI","",94660,3,5,355,5,54,3,5,1,0.72,0.4444,8.2,6,0,0,0.2,0.2
4378837,1983,8495,1980,"LI","",258590,3,1,165,6,66,3,3,0.3333,0,0,6.3333,29,0,0,0,0
4379831,1983,8502,1981,"LI","",94660,3,6,430,1,19,6,0,1,,0,,9.6667,0,0,,
4382533,1983,8530,1981,"LI","",251885,3,9,227,5,59,4,6,1,0,0.625,9.1667,7.25,0.6667,0.5,0.8,0.6667
4388164,1983,8565,1980,"LI","",52295,3,7,204,1,19,3,6,0.6667,0.7778,0.5,12,28,0,0,0,0
4390273,1983,8579,1981,"LI","",94660,3,17,355,5,54,7,4,1,0.375,0.5714,3,7.1429,0,0,0,0
4395191,1983,8607,1980,"LI","",,1,13,414,5,51,2,6,1,0.7222,0,8.5,12.5,,,,
4402637,1983,8649,1980,"LI","",251885,3,13,411,5,59,8,8,0.625,0.2188,0.32,11.375,23.75,1,0.25,0.25,0.25
4405072,1983,8663,1981,"LI","",251885,3,9,227,5,59,3,10,1,0.42,0,13.1,4.6667,0,0,0.125,0.1
4406079,1983,8670,1981,"LI","",251885,3,7,42,5,59,4,10,1,0.72,0.75,10.6,5.5,0.75,0.75,0.2857,0.2
4410124,1983,8691,1981,"LI","",251885,3,4,227,5,59,8,2,0.75,0.5,0.8333,13.5,10.25,0.1667,0.125,0,0
4421628,1983,8754,1983,"LI","",52295,3,2,204,1,19,1,9,1,0.3704,0,7.6667,3,0,0,0.1111,0.1111
