5186724,1993,12100,1991,"LI","",251885,3,6,51,5,59,5,0,1,,0.32,,8.6,0,0,,
5208102,1993,12177,1992,"LI","",52295,3,12,428,6,69,3,5,1,0.32,0.4444,4,5,0,0,0,0
5213615,1993,12198,1989,"LI","",287895,3,7,106,1,12,10,4,1,0.375,0.58,7,12.3,0,0,0,0
5219395,1993,12219,1992,"LI","",,1,11,104,5,55,7,1,0.7143,0,0,4,23.7143,,,,
5220123,1993,12219,1992,"LI","",251885,3,6,89,5,59,7,5,1,0.32,0.2449,4.2,7.4286,0.8571,0.8571,0.4,0.4
5229570,1993,12254,1991,"LI","",52295,3,8,219,4,49,1,2,1,0.5,0,3.5,2,1,1,0.5,0.5
5246787,1993,12317,1992,"LI","",52295,3,6,428,6,69,12,1,1,0,0.5139,2,9.75,0,0,0,0
5247139,1993,12317,1991,"LI","",283895,3,11,187,5,55,8,4,1,0.375,0.2188,3.25,11.625,0.125,0.125,0,0
5250779,1993,12331,1992,"LI","",52295,3,9,219,4,49,7,4,1,0.625,0.6122,1.75,9.7143,0.5714,0.5714,0.5,0.5
5251532,1993,12338,1992,"LI","",251885,3,8,89,5,59,7,3,1,0.4444,0.4082,4.3333,16.4286,1,1,0,0
5261770,1993,12373,1992,"LI","",251885,3,6,411,5,59,5,9,1,0,0,3.4444,6,1,1,0.2,0.1111
5275348,1994,12422,1990,"LI","",,1,13,242,5,51,5,1,1,0,0,3,11.4,,,,
5286153,1994,12464,1992,"LI","",251885,3,4,411,5,59,4,1,1,0,0,4,13.5,1,0.75,1,1
5299881,1994,12513,1992,"LI","",,1,23,403,6,67,15,5,0.7333,0.32,0.7603,2.6,25.0667,,,,
5304369,1994,12527,1992,"LI","",287895,3,4,424,3,31,0,1,,0,,1,,,,1,1
5308182,1994,12541,1992,"LI","",,1,16,401,1,12,9,0,0.6667,,0.5,,36.2222,,,,
5308973,1994,12541,1991,"LI","",251885,3,24,250,4,44,7,6,1,0.5,0.6122,5.6667,4.4286,0,0,0,0
5340045,1994,12653,1992,"LI","",131550,3,10,242,5,51,2,0,1,,0,,5,0,0,,
5343709,1994,12667,1993,"LI","",,1,11,62,6,69,7,0,1,,0,,12,,,,
5347883,1994,12681,1992,"LI","",,1,12,74,5,59,7,1,0.4286,0,0.4444,2,48.1429,,,,
5354785,1994,12702,1992,"LI","",287895,3,10,523,1,15,5,3,1,0,0.64,4.3333,5.6,0,0,0.3333,0.3333
5358350,1994,12716,1993,"LI","",182420,3,10,403,6,67,10,6,0.8,0.2778,0.5313,2.1667,18.6,0.1667,0.1,0,0
5360340,1994,12723,1990,"LI","",,1,8,433,3,39,9,0,0.8889,,0.2188,,16.4444,,,,
5361331,1994,12723,1991,"LI","",687537,3,7,358,2,21,3,0,1,,0,,2.6667,0,0,,
5365064,1994,12737,1992,"LI","",52295,3,24,250,4,44,5,2,1,0,0,3.5,12.4,0,0,0,0
5372572,1994,12765,1991,"LI","",707188,3,12,602,3,32,10,2,1,0,0.34,6,10,0,0,0,0
5377001,1994,12779,1992,"LI","",707583,3,29,356,4,43,12,1,1,0,0.1528,4,10,0,0,0,0
5377002,1994,12779,1992,"LI","",707583,3,28,356,4,43,11,8,1,0.5938,0,3.875,9.9091,0,0,0,0
5392904,1995,12842,1994,"LI","",287895,3,19,206,6,68,11,1,1,0,0.562,2,12,0,0,0,0
5393516,1995,12842,1993,"LI","",287895,3,10,424,3,31,2,1,1,0,0,3,2,1,0.5,0,0
5398536,1995,12863,1993,"LI","",,1,12,72,5,52,1,1,1,0,0,1,4,,,,
5400317,1995,12863,1993,"LI","",52295,3,9,369,2,24,10,0,1,,0.8,,4.3,0.2,0.2,,
5406929,1995,12891,1993,"LI","",251885,3,9,125,5,51,5,1,0.4,0,0.5,4,53.4,0,0,0,0
5415694,1995,12919,1993,"LI","",52295,3,11,118,1,12,13,0,0.9231,,0.75,,8.6154,0.1111,0.0769,,
5415729,1995,12919,1993,"LI","",52295,3,27,216,1,19,2,2,1,0.5,0.5,3,8,0,0,0,0
5422139,1995,12940,1993,"LI","",52295,3,14,427,1,12,5,5,1,0.32,0.72,3,8.6,0,0,0,0
5426134,1995,12954,1993,"LI","",287895,3,19,523,1,15,9,2,1,0,0.7901,2.5,19.5556,0,0,0.5,0.5
5432130,1995,12975,1994,"LI","",287895,3,10,501,1,19,4,5,1,0.32,0,1.8,14.75,0,0,0.6,0.6
5439480,1995,13003,1993,"LI","",567735,3,16,607,3,32,1,0,1,,0,,6,1,1,,
5447804,1995,13031,1994,"LI","",52295,3,9,428,6,69,7,0,1,,0.6122,,14,0,0,,
5448811,1995,13038,1993,"LI","",709749,3,18,28,6,63,4,0,1,,0.625,,8.5,0,0,,
5461946,1995,13087,1994,"LI","",251885,3,6,81,5,59,3,1,1,0,0,2,7.3333,0,0,0,0
5468176,1995,13108,1993,"LI","",251885,3,5,451,5,51,5,3,0.6,0.4444,0.4444,4,33.2,0,0,0,0
5470107,1995,13115,1994,"LI","",182420,3,16,280,5,55,9,1,1,0,0.4444,3,11.8889,0,0,0,0
5471129,1995,13115,1993,"LI","",287895,3,32,340,2,21,8,2,1,0.5,0.5938,2,12.375,0,0,0,0
5480373,1996,13150,1994,"LI","",717267,3,25,600,3,32,7,1,0.8571,0,0.6667,2,15.7143,0,0,1,1
5490915,1996,13192,1994,"LI","",52295,3,2,204,1,19,3,0,1,,0,,4.6667,0,0,,
5519071,1996,13290,1995,"LI","",287895,3,8,523,1,15,7,2,1,0.5,0.7755,1.5,9,0,0,0,0
5525420,1996,13311,1994,"LI","",52295,3,7,428,6,69,7,2,1,0.5,0.7347,1,13,0.6,0.4286,0,0
5539017,1996,13353,1995,"LI","",287895,3,17,523,1,15,4,2,1,0.5,0.75,1,16.25,0,0,0,0
5543208,1996,13367,1995,"LI","",722858,3,4,428,6,69,0,1,,0,,1,,,,0,0
5544549,1996,13374,1994,"LI","",,1,18,76,5,52,8,0,1,,0.5313,,13.125,,,,
5548440,1996,13381,1994,"LI","",52295,3,7,359,5,54,14,1,1,0,0.3367,2,9.2143,0,0,1,1
5549975,1996,13388,1994,"LI","",52295,3,4,428,6,69,8,1,1,0,0.5625,1,5,0,0,0,0
5553682,1996,13402,1995,"LI","",251885,3,9,175,6,64,9,0,0.5556,,0.64,,44.6667,0,0,,
