4809898,1989,10658,1987,"LI","",251885,3,4,227,5,59,4,42,1,0.2098,0,6.5238,10.75,0.25,0.25,0,0
4821433,1989,10700,1987,"LI","",328460,3,4,36,6,63,4,2,1,0,0,2,4,0.75,0.75,0.5,0.5
4825622,1989,10714,1986,"LI","",442230,3,7,53,6,68,7,6,1,0.7778,0.5714,6.5,9.1429,0,0,0,0
4828273,1989,10721,1988,"LI","",52295,3,5,277,6,67,4,0,1,,0.375,,13.75,0,0,,
4829327,1989,10721,1987,"LI","",,1,3,353,5,54,4,2,1,0.5,0.375,6,7.5,,,,
4840527,1989,10763,1987,"LI","",251885,3,12,411,5,59,11,0,0.8182,,0.1975,,24.9091,0.25,0.0909,,
4852820,1989,10805,1987,"LI","",,1,24,242,5,51,8,8,0.875,0.75,0.6122,6.5,14.25,,,,
4867365,1989,10854,1987,"LI","",251885,3,9,227,5,59,4,4,1,0.5,0,7,6.75,0.25,0.25,0.3333,0.25
4871033,1989,10868,1989,"LI","",251885,3,6,173,5,51,5,5,0.8,0.72,0.375,2.6,16.4,0,0,0,0
4882599,1989,10917,1988,"LI","",,1,15,353,5,54,8,15,0.75,0.4178,0,5.2667,14.375,,,,
4894113,1990,10973,1988,"LI","",,1,13,156,1,19,4,0,1,,0.375,,15.25,,,,
4899078,1990,10994,1988,"LI","",52295,3,17,313,4,42,3,0,1,,0.4444,,17.6667,0,0,,
4903543,1990,11015,1988,"LI","",182420,3,3,74,5,59,15,9,0.8667,0.4938,0.7574,5.3333,19.3333,0,0,0.1111,0.1111
4903785,1990,11015,1988,"LI","",251885,3,9,175,6,64,2,1,0.5,0,0,9,26.5,0,0,0,0
4907601,1990,11029,1988,"LI","",182555,3,25,607,3,32,3,3,1,0,0,5.3333,12.3333,0,0,0,0
4913148,1990,11050,1988,"LI","",248405,3,8,607,3,32,18,4,0.8889,0,0.4141,3,15.4444,0,0,0,0
4915182,1990,11057,1989,"LI","",251885,3,6,175,6,64,6,2,0.1667,0.5,0,7,59.1667,0,0,0,0
4921381,1990,11078,1988,"LI","",251885,3,13,411,5,59,2,4,0,0.625,,8,84.5,0,0,0,0
4930585,1990,11113,1989,"LI","",251885,3,10,175,6,64,5,4,0.6,0.375,0.4444,1,28.2,0,0,0.75,0.75
4933202,1990,11120,1989,"LI","",287895,3,15,427,1,12,2,4,1,0.75,0.5,3.25,13.5,0,0,0.25,0.25
4938511,1990,11141,1988,"LI","",162640,3,9,285,6,67,11,2,0.7273,0,0,3.5,27.6364,0,0,0,0
4941488,1990,11155,1988,"LI","",,1,1,132,6,65,4,10,0.75,0.18,0,5.9,20.25,,,,
4947547,1990,11183,1989,"LI","",182420,3,2,29,5,52,10,9,1,0.4938,0.58,4.3333,2.9,0.1111,0.1,0,0
4958448,1990,11225,1989,"LI","",195695,3,10,36,6,63,6,3,1,0,0,3,2.5,0,0,0,0
4962974,1990,11246,1989,"LI","",31210,3,9,312,6,65,6,3,0.8333,0,0.32,5.6667,18.8333,0,0,0,0
4983269,1991,11330,1989,"LI","",52295,3,17,204,1,19,6,2,1,0.5,0.5,4.5,9.8333,0,0,0,0
4986709,1991,11344,1989,"LI","",251885,3,7,411,5,59,12,3,0.9167,0,0.6446,6,14.8333,0.25,0.1667,0.6667,0.6667
4989502,1991,11358,1989,"LI","",258590,3,6,454,5,59,4,4,0.75,0.5,0,5.5,33.25,0,0,0,0
4999458,1991,11393,1990,"LI","",52295,3,3,174,4,41,0,0,,,,,,,,,
5013268,1991,11449,1990,"LI","",52295,3,3,439,4,41,0,2,,0,,5.5,,,,0,0
5017002,1991,11463,1987,"LI","",,1,7,353,5,54,0,0,,,,,,,,,
5017073,1991,11463,1989,"LI","",52295,3,16,414,5,51,13,2,1,0.5,0.8284,5,3.7692,0,0,0.5,0.5
5018399,1991,11470,1989,"LI","",494925,3,9,74,5,59,9,0,0.8889,,0.5313,,11.1111,0,0,,
5037262,1991,11540,1989,"LI","",52295,3,31,414,5,51,11,16,1,0.8438,0.843,4.75,5.9091,0.0909,0.0909,0,0
5042849,1991,11561,1990,"LI","",620725,3,9,285,6,67,13,1,0.7692,0,0,3,25.6154,0,0,0,0
5054176,1991,11603,1989,"LI","",,1,41,29,5,52,5,2,1,0.5,0.56,5.5,8.4,,,,
5086713,1992,11729,1990,"LI","",64826,3,9,110,6,66,3,2,1,0.5,0.6667,5,10.3333,0,0,0,0
5090833,1992,11743,1991,"LI","",182420,3,15,403,6,67,1,5,1,0.56,0,2.6,2,0,0,0.2,0.2
5092557,1992,11750,1990,"LI","",569726,3,4,248,6,69,11,1,0.9091,0,0.82,2,9.7273,0,0,0,0
5102461,1992,11785,1990,"LI","",287895,3,4,106,1,12,2,2,1,0,0.5,6.5,9,0,0,0,0
5108176,1992,11806,1990,"LI","",94651,3,9,356,4,43,2,5,1,0,0,3,3,0,0,0,0
5121118,1992,11848,1989,"LI","",683291,3,24,341,2,22,20,5,1,0.8,0.655,5.6,13.1,0,0,0,0
5133635,1992,11897,1990,"LI","",569726,3,14,414,5,51,5,12,1,0.2778,0.48,5.4167,4.6,0,0,0,0
5136921,1992,11911,1991,"LI","",251885,3,4,89,5,59,5,3,1,0.4444,0.32,1.6667,4.8,0.2,0.2,1,0.6667
5146284,1992,11939,1991,"LI","",,5,13,356,4,43,3,12,1,0,0.4444,3.9167,4,,,,
5148612,1992,11953,1990,"LI","",685977,3,25,33,6,69,18,3,0.7778,0.4444,0.4694,4.3333,21.1111,0,0,0,0
5157547,1992,11981,1990,"LI","",52295,3,12,359,5,54,3,2,1,0,0,5,22,0,0,1,0.5
5161624,1992,12002,1991,"LI","",251885,3,13,173,5,51,9,1,0.8889,0,0.2188,5,20.7778,0,0,0,0
5164764,1992,12009,1991,"LI","",687537,3,10,355,5,54,2,0,1,,0.5,,10.5,0,0,,
5167359,1992,12023,1991,"LI","",251885,3,2,227,5,59,8,2,1,0,0,5,14.75,0,0,0.5,0.5
5172780,1992,12044,1991,"LI","",251885,3,4,175,6,64,5,2,1,0.5,0.72,3,8.4,0.25,0.2,0,0
5174041,1992,12051,1991,"LI","",688430,3,9,33,6,69,12,1,0.8333,0,0.62,4,10.9167,0,0,0,0
