3611863,1971,4302,1969,"LI","",251885,3,,411,5,59,,0,,,,,,,,,
3612174,1971,4302,1969,"LI","",236015,3,,165,6,66,,6,,0.2778,,13.8333,,,,0,0
3614816,1971,4316,1969,"LI","",623340,3,,29,5,52,,6,,0.56,,14.8,,,,0,0
3615600,1971,4316,1968,"LI","",726215,2,,426,6,61,,4,,0.375,,22.75,,,,0,0
3618363,1971,4330,1970,"LI","",52310,3,,73,4,43,,7,,0,,15.8571,,,,0,0
3619839,1971,4337,1970,"LI","",52310,3,,373,6,66,,5,,0.64,,15.4,,,,0,0
3622118,1971,4344,1969,"LI","",52310,3,,251,5,53,,2,,0.5,,22,,,,0,0
3629928,1971,4379,1970,"LI","",251885,3,,29,5,52,,3,,0.4444,,5,,,,0.5,0.3333
3634826,1972,4393,1969,"LI","",595125,3,,340,2,21,,10,,0.58,,6.7,,,,0,0
3637225,1972,4407,1969,"LI","",251885,3,,279,6,69,,7,,0.6122,,14.1429,,,,0.2,0.1429
3640320,1972,4421,1970,"LI","",338985,3,,141,5,51,,9,,0.4444,,17.6667,,,,0,0
3640474,1972,4421,1969,"LI","",,1,,241,5,51,,7,,0.7347,,16.8571,,,,,
3641373,1972,4421,1969,"LI","",181285,3,,310,4,45,,4,,0.75,,13,,,,0,0
3644702,1972,4435,1970,"LI","",52310,3,,219,4,49,,1,,0,,21,,,,0,0
3651912,1972,4470,1970,"LI","",374505,3,,194,5,59,,0,,,,,,,,,
3666135,1972,4533,1970,"LI","",236015,3,,220,6,68,,5,,0,,21.8,,,,0,0
3672337,1972,4561,1970,"LI","",236015,3,,122,6,66,,0,,,,,,,,,
3683669,1972,4610,1970,"LI","",52310,3,,73,4,43,,1,,0,,9,,,,0,0
3716875,1973,4799,1970,"LI","",4365,3,,5,6,65,,3,,0.4444,,12.6667,,,,0,0
3731853,1973,4876,1970,"LI","",,1,,222,1,19,,11,,0.6446,,15.1818,,,,,
3735648,1973,4897,1971,"LI","",191280,2,,76,5,52,,1,,0,,15,,,,1,1
3735664,1973,4897,1971,"LI","",251885,3,,411,5,59,,5,,0.56,,17.2,,,,0,0
3737110,1973,4904,1970,"LI","",,1,,241,5,51,,2,,0,,11,,,,,
3739260,1973,4911,1971,"LI","",52310,3,,324,4,43,,6,,0.5,,15.1667,,,,0,0
3739947,1973,4918,1970,"LI","",,1,,222,1,19,,42,,0.8141,,19.8095,,,,,
3742591,1973,4932,1970,"LI","",251885,3,,29,5,52,,4,,0,,13.5,,,,0,0
3744266,1973,4939,1971,"LI","",,1,,62,6,69,,3,,0,,7.3333,,,,,
3759604,1973,5009,1971,"LI","",52310,3,,359,5,54,,8,,0.6875,,16.125,,,,0,0
3760848,1973,5016,1971,"LI","",174565,3,,137,6,69,,0,,,,,,,,,
3762540,1973,5023,1971,"LI","",181175,3,,206,6,68,,19,,0.6814,,14.8947,,,,0,0
3764778,1973,5030,1972,"LI","",251885,3,,219,4,49,,1,,0,,8,,,,0,0
3769531,1973,5051,1971,"LI","",181285,3,,310,4,45,,8,,0.8438,,17.125,,,,0,0
3783010,1974,5114,1971,"LI","",52310,3,,428,6,69,,2,,0.5,,5,,,,0.5,0.5
3797902,1974,5191,1973,"LI","",397370,3,,312,6,65,,2,,0,,14,,,,0,0
3799110,1974,5198,1973,"LI","",52310,3,,118,1,12,,1,,0,,14,,,,0,0
3805143,1974,5219,1972,"LI","",251885,3,,363,4,45,,8,,0.8438,,14.875,,,,0,0
3813567,1974,5261,1972,"LI","",251885,3,,310,4,45,,4,,0.375,,11.25,,,,0.3333,0.25
3826548,1974,5324,1973,"LI","",397370,3,,312,6,65,,11,,0.5124,,7.8182,,,,0.2,0.0909
3829197,1974,5338,1972,"LI","",52310,3,,359,5,54,,12,,0.5694,,16.9167,,,,0,0
3837884,1974,5380,1972,"LI","",52310,3,,427,1,12,,2,,0.5,,9.5,,,,0,0
3838299,1974,5380,1973,"LI","",181285,3,,310,4,45,,1,,0,,17,,,,0,0
3839182,1974,5387,1972,"LI","",52310,3,,204,1,19,,12,,0.4167,,15,,,,0,0
3843062,1974,5408,1972,"LI","",,1,,241,5,51,,4,,0.375,,11.25,,,,,
3849526,1974,5436,1971,"LI","",,1,,264,5,51,,20,,0.795,,11.05,,,,,
3853386,1974,5457,1973,"LI","",52310,3,,359,5,54,,25,,0.7872,,11.6,,,,0,0
3853740,1974,5457,1973,"LI","",52310,3,,204,1,19,,4,,0.375,,7.75,,,,0,0
3854796,1974,5464,1973,"LI","",52310,3,,359,5,54,,11,,0.6942,,18.6364,,,,0,0
3861270,1975,5499,1972,"LI","",427105,3,4,411,5,59,4,1,0.25,0,0,22,25.75,0,0,0,0
3866012,1975,5520,1973,"LI","",251885,3,20,219,4,49,5,1,0.4,0,0,18,16.2,0,0,0,0
3892416,1975,5660,1973,"LI","",52310,3,2,277,6,67,3,2,1,0,0.4444,19.5,10.6667,0,0,0,0
3896648,1975,5688,1974,"LI","",21900,3,6,72,5,52,3,12,1,0.4167,0.6667,20.3333,6,0,0,0,0
3900609,1975,5709,1973,"LI","",52310,3,7,427,1,12,3,2,0.6667,0.5,0.5,6.5,7.3333,0.5,0.3333,0,0
3910060,1975,5758,1974,"LI","",,1,11,62,6,69,2,2,1,0,0,14.5,7.5,,,,
3914023,1975,5772,1973,"LI","",52310,3,8,359,5,54,2,8,1,0.5625,0.5,17.25,7.5,0,0,0,0
3914516,1975,5772,1973,"LI","",52310,3,4,428,6,69,1,10,0,0.7,,6.4,14,0,0,0,0
3919573,1975,5793,1974,"LI","",251885,3,4,310,4,45,9,2,0.8889,0.5,0.6563,12.5,8.6667,0,0,0,0
3919574,1975,5793,1974,"LI","",251885,3,5,310,4,45,4,4,1,0.375,0,10.75,3.5,0.3333,0.25,0,0
3921601,1975,5807,1973,"LI","",506850,3,17,123,5,53,3,5,0,0,,9.6,43,0,0,0,0
3921729,1975,5807,1974,"LI","",251885,3,2,173,5,51,9,11,0.5556,0.1653,0,10.6364,20.5556,0.6667,0.2222,0.4,0.3636
3927228,1975,5828,1974,"LI","",52310,3,5,427,1,12,3,5,0.3333,0.48,0,12.4,14.3333,0,0,0,0
3930935,1976,5849,1973,"LI","",94190,3,3,162,1,19,8,0,0.5,,0.625,,28.625,0,0,,
3931005,1976,5849,1973,"LI","",,1,16,210,1,19,6,3,0.8333,0.6667,0.32,7,10.1667,,,,
3940587,1976,5898,1974,"LI","",251885,3,10,219,4,49,5,1,0,0,,10,24.6,0,0,0,0
3940588,1976,5898,1974,"LI","",251885,3,8,219,4,49,4,2,0,0,,5,31.75,0,0,0,0
3947092,1976,5933,1974,"LI","",52310,3,2,359,5,54,3,3,1,0.4444,0.4444,16.6667,3,0,0,0,0
3951485,1976,5954,1975,"LI","",497980,2,9,312,6,65,2,7,1,0.2449,0,12.8571,1.5,0,0,0,0
3958080,1976,5982,1975,"LI","",297325,3,10,348,4,49,2,10,1,0.58,0,13.9,2,0,0,0,0
3962772,1976,6010,1974,"LI","",372220,2,5,419,5,52,7,13,0.8571,0.8166,0.6667,13.4615,6.2857,0,0,0,0
3970281,1976,6045,1975,"LI","",52310,3,9,251,5,53,1,1,0,0,,14,70,0,0,0,0
3971224,1976,6052,1974,"LI","",,1,19,405,6,64,15,0,0.4667,,0.2449,,25.5333,,,,
3971607,1976,6052,1974,"LI","",397370,3,6,312,6,65,6,5,0.8333,0,0,17.8,10.5,0.5,0.1667,0,0
3972483,1976,6059,1975,"LI","",,1,17,241,5,51,6,0,0.5,,0.4444,,28,,,,
3973708,1976,6066,1975,"LI","",251885,3,11,227,5,59,2,5,1,0.56,0,7,5,0,0,0.4,0.4
3973929,1976,6066,1974,"LI","",52310,3,10,95,1,13,3,1,0.6667,0,0.5,16,11.3333,0,0,0,0
3974380,1976,6066,1975,"LI","",52310,3,6,250,4,44,2,4,0.5,0,0,19.75,11.5,0,0,0,0
3980044,1976,6101,1975,"LI","",52310,3,4,118,1,12,7,5,0.7143,0,0.64,15.4,11.4286,0,0,0,0
3986646,1976,6136,1974,"LI","",430625,3,4,222,1,19,7,3,0.7143,0,0,15.3333,13.2857,0,0,0,0
3986945,1976,6136,1975,"LI","",213540,3,7,204,1,19,3,0,1,,0,,3.3333,0,0,,
3991925,1976,6164,1975,"LI","",251885,3,13,227,5,59,3,9,1,0.3704,0,16.4444,6,0,0,0.4286,0.3333
3995967,1976,6185,1975,"LI","",372220,2,9,403,6,67,6,9,0.8333,0.642,0.32,11.7778,9.1667,0,0,0,0
3996446,1976,6185,1974,"LI","",251885,3,2,219,4,49,7,2,0.4286,0.5,0.4444,14.5,20.5714,0,0,0,0
4003684,1977,6227,1974,"LI","",94190,3,10,425,5,51,7,1,0.8571,0,0.6111,6,8.5714,0,0,0,0
4012189,1977,6283,1975,"LI","",279520,3,6,431,6,66,3,8,1,0.5625,0,7.875,6,0,0,0,0
4018611,1977,6318,1975,"LI","",369665,3,37,106,1,12,7,13,0.8571,0.6391,0.7222,13.3846,6.7143,0,0,0,0
4019679,1977,6325,1975,"LI","",279520,3,8,237,6,66,1,5,0,0.56,,5.4,22,0,0,0,0
4034704,1977,6402,1976,"LI","",52310,3,5,118,1,12,6,7,1,0.6939,0.2778,10.4286,6,0,0,0,0
