4426197,1984,8782,1981,"LI","",,1,4,417,5,53,6,0,0.6667,,0.5,,25.6667,,,,
4426588,1984,8782,1982,"LI","",251885,3,12,307,4,49,1,2,1,0.5,0,6.5,7,0,0,0,0
4432635,1984,8817,1982,"LI","",94660,3,7,355,5,54,1,12,1,0.6944,0,6.8333,4,0,0,0,0
4434622,1984,8831,1982,"LI","",52295,3,6,62,6,69,1,0,1,,0,,13,0,0,,
4439380,1984,8852,1981,"LI","",181175,3,22,264,5,51,6,13,1,0.7456,0.5,8.0769,6.1667,0,0,0,0
4442124,1984,8866,1980,"LI","",570385,3,2,514,3,31,4,4,1,0.625,0.375,11,16.5,0,0,0,0
4448653,1984,8901,1981,"LI","",52295,3,10,204,1,19,7,9,1,0,0.2449,7.5556,3.5714,0,0,0.1111,0.1111
4449650,1984,8908,1981,"LI","",94660,3,3,222,1,19,6,3,1,0.4444,0.6111,15,8.3333,0,0,0,0
4461567,1984,8971,1982,"LI","",94660,3,6,355,5,54,7,4,1,0.75,0.449,10.75,6.2857,0.3333,0.2857,0,0
4472962,1984,9034,1981,"LI","",52295,3,6,73,4,43,3,13,1,0.3905,0,10.1538,12.6667,0,0,0.0833,0.0769
4473292,1984,9034,1982,"LI","",94660,3,10,355,5,54,2,5,1,0,0.5,7.6,11.5,0,0,0,0
4477000,1984,9055,1982,"LI","",184155,3,5,222,1,19,6,8,0.5,0,0.4444,11.625,18.6667,0,0,0,0
4478293,1984,9062,1982,"LI","",251885,3,6,173,5,51,6,4,0.1667,0,0,6.25,38.5,0,0,0.25,0.25
4484848,1984,9097,1982,"LI","",251885,3,10,411,5,59,4,6,0.75,0,0,7.3333,29.25,1,0.5,0.1667,0.1667
4485631,1984,9104,1983,"LI","",52295,3,6,62,6,69,6,8,1,0.2188,0,5.5,11.6667,0,0,0,0
4487058,1984,9111,1983,"LI","",52295,3,9,73,4,43,8,6,0.875,0.2778,0.2449,5,16.125,0,0,0,0
4496241,1985,9160,1983,"LI","",94660,3,8,356,4,43,8,8,0.875,0.6563,0.6122,3.75,9.625,0,0,0,0
4509852,1985,9230,1982,"LI","",,1,4,355,5,54,5,3,0.8,0,0.375,11.6667,21.4,,,,
4509914,1985,9230,1982,"LI","",546260,3,3,431,6,66,4,1,0.75,0,0.4444,4,8.5,0,0,0,0
4514951,1985,9258,1983,"LI","",389190,3,10,52,6,69,0,0,,,,,,,,,
4516943,1985,9265,1983,"LI","",,1,2,441,6,69,7,6,0.4286,0.7222,0,9.6667,22.7143,,,,
4518662,1985,9272,1984,"LI","",251885,3,22,428,6,69,2,2,1,0.5,0.5,8.5,13.5,0,0,0.5,0.5
4536899,1985,9370,1984,"LI","",,1,8,4,6,65,1,6,0,0,,9.5,61,,,,
4538301,1985,9377,1982,"LI","",,5,13,2,6,63,12,17,0.75,0.3045,0.6173,9.8824,22,,,,
4540277,1985,9384,1983,"LI","",435345,3,7,355,5,54,2,17,1,0.7543,0,7.7059,2,0,0,0,0
4542823,1985,9398,1984,"LI","",181175,3,13,206,6,68,1,4,1,0,0,6,5,0,0,0,0
4553270,1985,9454,1983,"LI","",,1,8,2,6,63,4,6,0.75,0,0,5,11.25,,,,
4554861,1985,9461,1983,"LI","",251885,3,5,91,5,53,3,2,1,0.5,0,4.5,12.6667,0,0,0,0
4555611,1985,9461,1983,"LI","",52295,3,7,219,4,49,5,4,1,0.5,0.72,10.5,5.8,0.5,0.2,0.5,0.25
4565158,1986,9517,1984,"LI","",52295,3,8,118,1,12,2,2,1,0.5,0.5,10,6,0,0,0,0
4570823,1986,9545,1983,"LI","",131530,3,6,222,1,19,9,4,0.4444,0.375,0.625,10.25,37.1111,0,0,0,0
4572022,1986,9552,1982,"LI","",182420,3,6,74,5,59,3,11,1,0.7769,0,10.7273,15.6667,0,0,0,0
4574028,1986,9559,1984,"LI","",282860,3,8,156,1,19,3,0,0.6667,,0.5,,22,0,0,,
4576373,1986,9573,1983,"LI","",,1,12,472,6,62,4,1,0.25,0,0,14,45,,,,
4579261,1986,9587,1984,"LI","",131530,3,13,222,1,19,5,5,0.8,0.32,0.375,8.2,15.8,0,0,0,0
4592648,1986,9650,1985,"LI","",435345,3,5,355,5,54,3,8,1,0.75,0.4444,3.375,5.6667,0,0,0,0
4592650,1986,9650,1985,"LI","",435345,3,10,355,5,54,3,3,1,0,0,4.3333,2.6667,0,0,0,0
4598663,1986,9685,1984,"LI","",52295,3,9,118,1,12,4,0,1,,0.375,,3.25,0,0,,
4601386,1986,9699,1983,"LI","",,1,31,198,5,59,9,5,0.3333,0.72,0.6667,8.6,29.1111,,,,
4602906,1986,9706,1984,"LI","",181175,3,14,433,3,39,3,7,1,0.5714,0.4444,10.5714,15.6667,0,0,0,0
4619524,1986,9797,1984,"LI","",435345,3,9,355,5,54,2,2,1,0.5,0,7,3.5,0,0,0,0
4619748,1986,9797,1986,"LI","",52295,3,8,427,1,12,10,13,1,0.7692,0.66,5.4615,5.5,0.125,0.1,0.0769,0.0769
4621922,1986,9811,1984,"LI","",435345,3,16,355,5,54,3,0,1,,0,,3.6667,0,0,,
4624216,1986,9825,1986,"LI","",258590,3,6,122,6,66,2,1,0.5,0,0,9,27.5,0,0,0,0
4624401,1986,9825,1985,"LI","",251885,3,3,227,5,59,3,8,0,0.4063,,7,33.6667,0,0,0.1667,0.125
4629746,1986,9846,1985,"LI","",181175,3,14,523,1,15,3,10,1,0.46,0,7.6,9,0,0,0,0
4640452,1987,9895,1985,"LI","",251885,3,11,227,5,59,3,3,1,0,0,4.3333,4.3333,0.3333,0.3333,0,0
4641450,1987,9902,1985,"LI","",52295,3,5,42,5,59,6,10,0.6667,0.7,0.75,6.7,19,0,0,0,0
4641546,1987,9902,1984,"LI","",182420,3,7,74,5,59,9,8,0.2222,0.7188,0.5,10,45.5556,0,0,0,0
4643128,1987,9909,1985,"LI","",52295,3,5,118,1,12,3,1,0.6667,0,0,6,20,0,0,0,0
4644660,1987,9916,1985,"LI","",181870,3,14,33,6,69,1,0,1,,0,,21,0,0,,
4662754,1987,9986,1985,"LI","",435350,2,2,356,4,43,4,9,1,0.716,0.375,5.1111,3.25,0.25,0.25,0,0
4664635,1987,9993,1985,"LI","",149775,3,13,434,6,69,17,4,0.5294,0,0.5926,4,25.4118,0,0,0,0
4669586,1987,10014,1984,"LI","",182420,3,2,188,5,53,2,0,1,,0,,9,0,0,,
4671049,1987,10021,1986,"LI","",567735,3,4,54,6,69,4,4,0.75,0.375,0.6667,4,16.5,0.3333,0.25,1,0.25
4676410,1987,10042,1986,"LI","",251885,3,8,222,1,19,9,17,0.2222,0.1107,0.5,4.8824,50.6667,0,0,0,0
4681493,1987,10063,1985,"LI","",251885,3,10,411,5,59,6,1,0.6667,0,0.75,6,19.8333,0,0,0,0
4685704,1987,10084,1985,"LI","",543585,3,10,285,6,67,4,5,1,0.56,0,5.4,10.25,0,0,0,0
4693157,1987,10119,1985,"LI","",,1,14,83,5,51,11,5,0.7273,0.56,0.2188,9.8,22.2727,,,,
4696251,1987,10133,1986,"LI","",,1,5,114,5,55,3,5,0.3333,0.64,0,7.8,43,,,,
4706393,1987,10182,1986,"LI","",328460,3,10,36,6,63,2,9,1,0.1975,0,5.2222,2.5,0,0,0.125,0.1111
4708061,1987,10189,1987,"LI","",251885,3,5,102,1,19,6,1,1,0,0.6111,5,7.1667,0.25,0.1667,0,0
4718588,1988,10238,1986,"LI","",131530,3,7,226,5,51,10,1,0,0,,4,49.8,0,0,0,0
4720926,1988,10252,1986,"LI","",328460,3,7,36,6,63,4,1,1,0,0,11,4.25,0,0,1,1
4723364,1988,10266,1986,"LI","",328460,3,4,36,6,63,4,3,1,0,0.375,4.3333,4,0.25,0.25,0.3333,0.3333
4741467,1988,10350,1987,"LI","",251885,3,11,227,5,59,5,7,1,0.4082,0,5.2857,13.8,0.8,0.8,0.6,0.4286
4741512,1988,10350,1986,"LI","",,1,20,254,5,59,6,1,0.8333,0,0.56,10,22.8333,,,,
4745831,1988,10371,1986,"LI","",251885,3,4,81,5,59,1,1,1,0,0,2,11,0,0,1,1
4761899,1988,10448,1987,"LI","",328460,3,5,36,6,63,3,14,1,0,0,4,2,0.6667,0.6667,0.25,0.2143
4774852,1988,10504,1987,"LI","",182420,3,4,74,5,59,11,7,0.5455,0.6122,0.6667,5.4286,27.5455,0,0,0.2857,0.2857
4785803,1988,10553,1987,"LI","",567735,3,13,602,3,32,13,4,0.8462,0,0.6116,5.5,18.3077,0.2,0.0769,0,0
4787850,1988,10560,1986,"LI","",592905,3,11,433,3,39,6,6,1,0.6667,0.7778,7.6667,11,0,0,0,0
4796337,1989,10602,1987,"LI","",328460,3,2,24,6,63,8,5,1,0.32,0.2188,6.8,6.375,0.2,0.125,0,0
