5573318,1996,13465,1995,"LI","",131550,3,8,312,6,65,12,0,1,,0,,15.9167,0,0,,
5582057,1996,13493,1994,"LI","",251885,3,5,72,5,52,7,0,0.2857,,0,,55.8571,0,0,,
5607008,1997,13577,1994,"LI","",,1,14,165,6,66,5,0,1,,0.48,,9.4,,,,
5615569,1997,13605,1994,"LI","",729016,3,13,72,5,52,2,1,1,0,0,3,4,0,0,0,0
5616080,1997,13605,1995,"LI","",251885,3,7,464,5,53,6,0,1,,0.5,,20.5,0,0,,
5653589,1997,13731,1996,"LI","",287895,3,15,433,3,39,3,0,0.6667,,0,,37,0,0,,
5655277,1997,13738,1996,"LI","",52295,3,9,29,5,52,5,1,1,0,0.64,2,6,0,0,0,0
5664361,1997,13766,1996,"LI","",251885,3,7,42,5,59,7,0,1,,0.5714,,8.8571,1,1,,
5669633,1997,13780,1996,"LI","",182420,3,3,280,5,55,2,0,1,,0,,27,0,0,,
5698019,1997,13864,1995,"LI","",287895,3,15,106,1,12,6,2,1,0.5,0.7778,2.5,10.8333,0,0,0.5,0.5
5698482,1997,13864,1995,"LI","",287895,3,6,501,1,19,11,0,1,,0.6116,,8.5455,0.0909,0.0909,,
5703249,1997,13878,1995,"LI","",287895,3,17,549,1,14,0,0,,,,,,,,,
5703302,1997,13878,1997,"LI","",251885,3,11,73,4,43,5,0,0.6,,0.4444,,27.4,0,0,,
5716165,1998,13920,1995,"LI","",737687,3,12,405,6,64,11,1,1,0,0.314,2,6,0,0,0,0
5727307,1998,13955,1996,"LI","",738687,3,16,29,5,52,3,1,0.6667,0,0,1,38.6667,0,0,0,0
5733125,1998,13969,1996,"LI","",287895,3,15,433,3,39,6,0,0.5,,0,,38.8333,0,0,,
5735587,1998,13976,1996,"LI","",708231,3,9,312,6,65,11,0,0.5455,,0.6111,,36.1818,0,0,,
5751474,1998,14011,1996,"LI","",52295,3,5,359,5,54,11,0,0.9091,,0.18,,13.4545,0.1,0.0909,,
5764541,1998,14039,1995,"LI","",741715,3,58,702,2,22,9,0,1,,0.1975,,14.8889,0,0,,
5779188,1998,14074,1997,"LI","",,1,8,244,5,55,12,0,0.5833,,0,,35.5833,,,,
5779233,1998,14074,1996,"LI","",742989,3,12,270,5,52,6,0,1,,0.5,,13.3333,0,0,,
5779421,1998,14074,1997,"LI","",251885,3,6,411,5,59,5,0,1,,0.32,,3,0.4,0.4,,
5780668,1998,14074,1995,"LI","",287895,3,16,560,1,14,2,0,1,,0.5,,30.5,0,0,,
5782632,1998,14081,1996,"LI","",287895,3,7,433,3,39,10,0,0.2,,0,,58.2,0,0,,
5789851,1998,14095,1995,"LI","",52295,3,9,313,4,42,5,0,1,,0.8,,7,0.2,0.2,,
5824212,1998,14172,1995,"LI","",746957,3,21,210,1,19,4,2,1,0.5,0.5,2,14.25,0,0,0,0
5829423,1998,14186,1995,"LI","",251885,3,12,125,5,51,14,0,0.5,,0.6939,,49.0714,0,0,,
5833464,1998,14193,1997,"LI","",287895,3,20,433,3,39,7,0,1,,0.5714,,7.2857,0.1667,0.1429,,
5847025,1998,14221,1997,"LI","",287895,3,22,523,1,15,6,0,1,,0.7222,,7,0,0,,
5877627,1999,14305,1996,"LI","",717267,3,,324,4,43,6,0,1,,0.2778,,7.5,0.25,0.1667,,
5886064,1999,14326,1995,"LI","",287895,3,,523,1,15,5,0,1,,0.72,,6.2,0.4,0.4,,
5886212,1999,14326,1997,"LI","",287895,3,,560,1,14,3,0,1,,0,,13.6667,0,0,,
5889132,1999,14333,1997,"LI","",287895,3,,526,1,15,7,0,1,,0.7755,,18.1429,0,0,,
5897046,1999,14361,1998,"LI","",251885,3,,227,5,59,7,0,1,,0,,17.4286,0.1667,0.1429,,
5925180,1999,14445,1997,"LI","",287895,3,,106,1,12,7,0,1,,0.2449,,11.2857,0.1429,0.1429,,
5936006,1999,14466,1997,"LI","",287895,3,,523,1,15,6,0,1,,0.6667,,7,0.1667,0.1667,,
5942559,1999,14480,1997,"LI","",287895,3,,523,1,15,7,0,0.8571,,0.6111,,15.7143,0,0,,
5950900,1999,14501,1996,"LI","",251885,3,,227,5,59,13,0,0.8462,,0.5289,,20.6923,0.25,0.1538,,
5958251,1999,14515,1997,"LI","",593675,3,,210,1,19,6,0,1,,0.7778,,11.6667,0,0,,
5958468,1999,14515,1997,"LI","",287895,3,,425,5,51,10,0,1,,0.76,,11.2,0,0,,
5962703,1999,14522,1997,"LI","",287895,3,,549,1,14,21,0,1,,0.8753,,14.8571,0,0,,
5975399,1999,14550,1998,"LI","",251885,3,,227,5,59,9,0,0.8889,,0,,30.6667,0.2,0.1111,,
5985958,1999,14564,1998,"LI","",287895,3,,524,1,15,6,0,1,,0.7222,,8,0,0,,
5997293,1999,14585,1998,"LI","",287895,3,,432,6,66,6,0,1,,0.7222,,6,0.2,0.1667,,
