4441224,1984,8866,1983,"BM","",,1,7,8,1,11,10,3,1,0.6667,0.66,6.3333,12.2,,,,
4468319,1984,9006,1982,"BM","",,1,,210,1,19,11,16,1,0.3203,0.6446,6.3125,12.3636,,,,
4521315,1985,9286,1984,"BM","",,1,18,210,1,19,9,1,0.6667,0,0.5,6,30.1111,,,,
4564144,1986,9510,1984,"BM","",,1,8,239,5,59,8,0,1,,0.8125,,12.25,,,,
4568419,1986,9531,1984,"BM","",,1,11,162,1,19,7,0,0.5714,,0,,19.4286,,,,
4588139,1986,9629,1984,"BM","",,1,25,242,5,51,8,6,0.5,0,0.625,10,29.25,,,,
4632729,1986,9860,1984,"BM","",,1,11,162,1,19,14,4,0.8571,0.375,0.1528,8.25,19.0714,,,,
4666414,1987,10000,1985,"BM","",,1,10,441,6,69,3,1,0.6667,0,0.5,1,18,,,,
4693785,1987,10119,1985,"BM","",,1,7,162,1,19,4,4,0.5,0.375,0,8,23.25,,,,
4709966,1987,10196,1986,"BM","",,1,4,297,6,65,6,8,0.5,0.625,0,7.375,28.8333,,,,
4716040,1987,10224,1984,"BM","",165970,3,11,424,3,31,12,9,1,0,0.1528,5.7778,3.6667,0.1667,0.1667,0.1111,0.1111
4721619,1988,10252,1984,"BM","",165970,3,10,424,3,31,10,26,1,0.074,0.18,7.3846,4.7,0.2,0.2,0.28,0.2692
4724550,1988,10273,1986,"BM","",,1,2,2,6,63,10,2,0.3,0,0.4444,10,37.9,,,,
4741131,1988,10350,1986,"BM","",,1,14,52,6,69,19,10,0.6842,0.32,0.142,5.4,33,,,,
4746404,1988,10371,1986,"BM","",,1,8,162,1,19,5,3,0.8,0.4444,0.375,6.3333,32,,,,
