3645020,1972,4442,1969,"YU","",548150,3,,37,6,64,,2,,0.5,,18.5,,,,0,0
3655748,1972,4484,1969,"YU","",71945,3,,562,1,14,,4,,0.625,,13.75,,,,0,0
3656570,1972,4491,1970,"YU","",548150,3,,180,5,55,,9,,0,,15.3333,,,,0,0
3657690,1972,4491,1970,"YU","",276970,3,,338,4,41,,1,,0,,26,,,,0,0
3680513,1972,4596,1970,"YU","",593260,3,,114,5,55,,0,,,,,,,,,
3700597,1972,4680,1967,"YU","",19715,2,,524,1,15,,3,,0,,17.3333,,,,0,0
3725776,1973,4841,1972,"YU","",275570,3,,324,4,43,,3,,0,,13,,,,0,0
3726005,1973,4848,1971,"YU","",286095,3,,29,5,52,,2,,0.5,,18,,,,0,0
3735213,1973,4890,1970,"YU","",276970,3,,257,4,46,,3,,0.6667,,14.3333,,,,0,0
3736332,1973,4897,1970,"YU","",444805,3,,548,1,14,,8,,0.75,,8.5,,,,0,0
3761910,1973,5016,1972,"YU","",460370,2,,340,2,21,,3,,0.4444,,15,,,,0,0
3794456,1974,5170,1972,"YU","",179825,3,,415,5,53,,4,,0.625,,6.5,,,,0.5,0.25
3800084,1974,5198,1971,"YU","",286095,3,,358,2,21,,9,,0.5679,,17.6667,,,,0,0
3806734,1974,5226,1972,"YU","",576825,3,,307,4,49,,0,,,,,,,,,
3810717,1974,5247,1972,"YU","",576825,3,,417,5,53,,4,,0.375,,9.5,,,,0.3333,0.25
3820917,1974,5292,1972,"YU","",576825,3,,416,1,19,,2,,0,,13.5,,,,0,0
3828044,1974,5331,1972,"YU","",444805,3,,544,1,14,,0,,,,,,,,,
3829493,1974,5338,1973,"YU","",444805,3,,564,1,14,,3,,0,,1,,,,0,0
3831251,1974,5352,1973,"YU","",,1,,29,5,52,,0,,,,,,,,,
3845122,1974,5415,1973,"YU","",333310,3,,562,1,14,,0,,,,,,,,,
3849433,1974,5436,1970,"YU","",473880,3,,548,1,14,,13,,0.3905,,12.4615,,,,0,0
3855222,1974,5464,1972,"YU","",444805,3,,544,1,14,,0,,,,,,,,,
3870234,1975,5548,1972,"YU","",275980,3,1,239,5,59,2,1,0.5,0,0,11,11.5,0,0,0,0
3878243,1975,5583,1973,"YU","",333310,3,8,562,1,14,0,5,,0.32,,3,,,,0,0
3880348,1975,5597,1974,"YU","",173835,3,18,700,2,22,1,3,1,0.4444,0,4.3333,3,0,0,0,0
3886805,1975,5632,1974,"YU","",,1,4,74,5,59,5,23,0,0.5255,,15.5217,60.2,,,,
3901027,1975,5716,1974,"YU","",,1,1,60,4,45,4,0,0,,,,47.5,,,,
3932995,1976,5863,1974,"YU","",,1,3,60,4,45,4,8,0.5,0.2188,0,6.125,42.25,,,,
3939144,1976,5891,1975,"YU","",444805,3,5,536,1,14,0,6,,0.6111,,5.5,,,,0,0
3961615,1976,6003,1974,"YU","",,1,1,123,5,53,10,5,0.3,0.32,0.6667,7.4,34.4,,,,
3973571,1976,6066,1975,"YU","",228605,3,3,607,3,32,6,7,1,0.7755,0.6111,11.1429,6.8333,0,0,0,0
3983103,1976,6115,1975,"YU","",444805,3,7,536,1,14,1,2,1,0.5,0,8,1,0,0,0,0
3983232,1976,6115,1975,"YU","",639275,3,21,514,3,31,1,2,0,0,,6,15,0,0,0,0
3987054,1976,6136,1970,"YU","",444805,3,3,548,1,14,0,6,,0.8333,,18.1667,,,,0,0
3987629,1976,6143,1975,"YU","",,1,14,60,4,45,2,1,1,0,0,2,3.5,,,,
3996750,1976,6192,1975,"YU","",576825,3,5,405,6,64,6,4,0.3333,0.625,0.5,5,29.1667,0,0,0,0
4004605,1977,6234,1975,"YU","",576825,3,10,137,6,69,3,1,0.6667,0,0.5,8,8,0,0,0,0
4013156,1977,6290,1974,"YU","",581920,3,1,192,5,53,5,0,0,,,,26.4,0,0,,
4014283,1977,6297,1975,"YU","",,1,5,440,5,55,4,0,0.75,,0,,13.5,,,,
4041340,1977,6430,1975,"YU","",,1,10,310,4,45,6,4,1,0.625,0.2778,13.25,7.1667,,,,
