4808918,1989,10651,1987,"YU","",286090,3,18,324,4,43,1,3,1,0.4444,0,3,7,0,0,0.6667,0.6667
4819460,1989,10693,1987,"YU","",172255,2,10,68,6,63,4,6,0.75,0.5,0,5.5,26.5,0,0,0.3333,0.3333
4826981,1989,10714,1987,"YU","",321725,3,6,544,1,14,2,2,1,0,0,2.5,2.5,0,0,0,0
4843311,1989,10770,1987,"YU","",286090,3,13,324,4,43,5,2,1,0,0.32,6.5,6,0,0,0,0
4847929,1989,10791,1987,"YU","",,1,18,5,6,65,27,11,0.7778,0.4463,0.1769,6,17.1481,,,,
4855439,1989,10812,1988,"YU","",333340,3,4,548,1,14,1,0,1,,0,,1,0,0,,
4863412,1989,10840,1988,"YU","",72990,2,3,446,6,62,4,3,0.5,0,0,5.3333,30.25,0,0,0,0
4871918,1989,10868,1987,"YU","",275125,3,27,250,4,44,8,2,0.875,0.5,0.449,4,9.75,0,0,0,0
4872255,1989,10875,1987,"YU","",318300,3,11,29,5,52,11,1,0.8182,0,0.4938,4,24.6364,0,0,0,0
4872900,1989,10875,1988,"YU","",430745,3,8,71,1,11,0,0,,,,,,,,,
4873141,1989,10875,1986,"YU","",461510,3,4,428,6,69,6,2,1,0,0.5,7,13.8333,0,0,0,0
4882955,1989,10924,1987,"YU","",,1,3,81,5,59,3,3,1,0.6667,0,7.6667,15.6667,,,,
4885674,1989,10931,1989,"YU","",,1,9,363,4,45,6,32,1,0.5762,0.4444,3.5313,3.3333,,,,
4886792,1989,10938,1988,"YU","",532935,3,26,514,3,31,0,8,,0.75,,3.875,,,,0,0
4895363,1990,10980,1988,"YU","",,1,7,482,5,59,7,5,0.7143,0.32,0,3.6,22,,,,
4900905,1990,11001,1988,"YU","",,1,15,235,5,59,5,23,1,0.7297,0.72,5.9565,4.6,,,,
4900906,1990,11001,1988,"YU","",,1,5,235,5,59,3,13,1,0.6391,0,7.0769,6.6667,,,,
4901851,1990,11008,1988,"YU","",,1,3,206,6,68,15,9,0.7333,0.5679,0.7603,4.3333,18.6667,,,,
4902062,1990,11008,1989,"YU","",,1,5,296,5,55,6,5,0.8333,0,0.56,4,21.1667,,,,
4902509,1990,11008,1987,"YU","",321715,3,4,424,3,31,0,0,,,,,,,,,
4906890,1990,11022,1987,"YU","",,1,24,313,4,42,1,0,1,,0,,12,,,,
4908587,1990,11029,1989,"YU","",39860,3,7,333,2,21,6,1,1,0,0.6111,5,15.1667,0,0,0,0
4912378,1990,11043,1988,"YU","",172255,2,13,318,4,45,2,34,1,0.1661,0,5.2059,2.5,0.5,0.5,0.0588,0.0588
4922123,1990,11078,1989,"YU","",286090,3,2,327,4,41,6,1,1,0,0.2778,3,10.5,0.2,0.1667,0,0
4925303,1990,11092,1988,"YU","",,1,5,356,4,43,4,2,1,0.5,0.75,5.5,17.5,,,,
4938192,1990,11141,1989,"YU","",,1,15,123,5,53,11,2,0.4545,0,0,1.5,33.0909,,,,
4947699,1990,11183,1988,"YU","",,1,9,74,5,59,1,0,1,,0,,1,,,,
4952565,1990,11197,1987,"YU","",,1,4,514,3,31,5,4,1,0,0.64,5.75,6.8,,,,
4953309,1990,11204,1988,"YU","",21285,3,4,36,6,63,13,1,0.5385,0,0.4082,8,35.1538,0,0,0,0
4962700,1990,11246,1989,"YU","",532910,3,10,99,6,61,10,6,1,0.5,0.46,5,7.4,0,0,0,0
4963528,1990,11246,1987,"YU","",532935,3,14,514,3,31,3,1,1,0,0.4444,4,6.3333,0,0,0,0
4964446,1990,11253,1989,"YU","",,1,20,144,5,51,2,0,0.5,,0,,19,,,,
4968427,1990,11267,1989,"YU","",55665,3,8,210,1,19,4,10,1,0.7,0,5.4,6.25,0.25,0.25,0,0
4972141,1990,11281,1988,"YU","",286090,3,23,324,4,43,2,1,1,0,0,5,1.5,0.5,0.5,0,0
4974359,1990,11295,1989,"YU","",,1,4,43,6,61,11,0,1,,0,,4.9091,,,,
4977344,1990,11302,1989,"YU","",172255,2,2,310,4,45,4,6,0.25,0.2778,0,3.3333,50.25,0,0,0.5,0.3333
4984795,1991,11337,1989,"YU","",,1,3,273,6,62,5,0,0.4,,0.5,,35.6,,,,
4993290,1991,11372,1989,"YU","",172255,2,7,83,5,51,3,4,0.6667,0.5,0,7.75,23,1,0.3333,0,0
5004736,1991,11414,1989,"YU","",,1,2,514,3,31,2,1,1,0,0,6,14,,,,
5013998,1991,11449,1989,"YU","",,1,7,323,4,45,1,4,1,0.75,0,4.5,2,,,,
5019958,1991,11470,1990,"YU","",,1,10,363,4,45,3,5,1,0.72,0.6667,2.2,1,,,,
5022097,1991,11484,1990,"YU","",,1,8,4,6,65,5,3,0.4,0,0,3,36.6,,,,
5023240,1991,11484,1988,"YU","",532935,3,24,514,3,31,4,2,1,0.5,0.625,9.5,9,0,0,0,0
5023575,1991,11484,1989,"YU","",39860,3,9,333,2,21,4,0,0.75,,0.4444,,25.75,0,0,,
5025386,1991,11491,1988,"YU","",,1,19,700,2,22,12,14,1,0.6939,0.7639,6.2143,3.8333,,,,
5027757,1991,11505,1989,"YU","",,1,20,123,5,53,16,2,0.4375,0,0,7.5,43.1875,,,,
5029140,1991,11505,1989,"YU","",,1,4,365,2,24,6,0,1,,0,,13,,,,
5029362,1991,11512,1990,"YU","",327315,3,3,16,5,59,5,6,1,0.5,0,3.8333,9,0,0,0,0
5040525,1991,11554,1989,"YU","",,1,18,602,3,32,16,9,0.8125,0.5679,0.6627,6.4444,14.4375,,,,
5040770,1991,11554,1989,"YU","",,1,3,251,5,53,10,0,0.8,,0.7188,,24.8,,,,
5040877,1991,11554,1987,"YU","",310735,2,23,349,1,19,12,12,1,0.5139,0.6944,6.1667,5.4167,0,0,0,0
5041749,1991,11554,1990,"YU","",286080,3,33,310,4,45,8,14,0.875,0.4592,0.2449,5.1429,13.75,0,0,0,0
5047247,1991,11575,1989,"YU","",333340,3,11,424,3,31,1,5,1,0,0,5.2,13,0,0,0,0
5064812,1991,11638,1989,"YU","",532935,3,9,514,3,31,1,0,1,,0,,6,0,0,,
5065000,1991,11638,1988,"YU","",,1,20,235,5,59,12,33,1,0.6538,0.4167,6.9394,2.4167,,,,
5066642,1991,11645,1990,"YU","",268820,3,7,514,3,31,2,2,1,0,0.5,2.5,12.5,0,0,0.5,0.5
5069910,1991,11659,1989,"YU","",333340,3,13,424,3,31,5,9,1,0,0,5.2222,2.6,0,0,0,0
5076272,1991,11687,1990,"YU","",566225,2,43,607,3,32,11,19,1,0.0997,0,5.6842,10.0909,0,0,0.0526,0.0526
5079237,1992,11694,1989,"YU","",333340,3,9,514,3,31,6,4,1,0.5,0.5,3.5,4.6667,0,0,0,0
5082398,1992,11708,1990,"YU","",,1,2,405,6,64,1,1,1,0,0,3,11,,,,
5084003,1992,11715,1989,"YU","",,1,17,600,3,32,1,8,0,0.5625,,6.875,40,,,,
5096826,1992,11764,1988,"YU","",490361,3,6,436,1,19,3,3,1,0.6667,0,6.3333,8.3333,0,0,0,0
5103504,1992,11792,1990,"YU","",195251,3,14,2,6,63,18,5,1,0.8,0.8827,5.8,10.9444,0,0,0,0
5111495,1992,11813,1990,"YU","",,1,4,378,4,44,3,1,1,0,0,6,10,,,,
5113113,1992,11820,1990,"YU","",,1,10,318,4,45,5,10,1,0.58,0,5.9,10.6,,,,
5115800,1992,11834,1990,"YU","",682723,3,9,600,3,32,7,3,0.7143,0,0.32,3.6667,20.7143,0,0,0,0
5115808,1992,11834,1990,"YU","",682725,3,11,600,3,32,6,9,1,0,0.2778,5.2222,6,0,0,0,0
5119959,1992,11848,1991,"YU","",,1,2,220,6,68,12,0,0.4167,,0.72,,37.3333,,,,
5120283,1992,11848,1991,"YU","",,1,4,475,5,53,1,0,1,,0,,10,,,,
5125691,1992,11869,1990,"YU","",,1,4,285,6,67,7,0,0.4286,,0.6667,,41.5714,,,,
5128576,1992,11876,1987,"YU","",172255,2,8,310,4,45,12,2,0.5833,0,0.6122,5.5,37.1667,0.1667,0.0833,1,1
5129720,1992,11883,1990,"YU","",30255,2,18,351,3,39,3,6,0,0,,4.5,48,0,0,0,0
5153173,1992,11967,1990,"YU","",686416,3,14,514,3,31,1,0,1,,0,,7,0,0,,
5154174,1992,11974,1991,"YU","",,1,11,600,3,32,9,4,1,0.625,0.716,3.75,7.7778,,,,
5168203,1992,12023,1991,"YU","",,1,5,318,4,45,4,7,1,0.449,0,3.5714,3.75,,,,
