4044685,1977,6451,1976,"YU","",252610,3,2,102,1,19,8,17,0.125,0.2145,0,14.2941,32.75,0,0,0,0
4062782,1977,6556,1975,"YU","",86900,3,16,210,1,19,9,1,1,0,0.3704,2,8.5556,0,0,0,0
4065897,1978,6577,1974,"YU","",,1,1,52,6,69,9,2,0.7778,0,0,12,16,,,,
4071069,1978,6605,1976,"YU","",518400,3,1,152,5,55,4,2,0,0,,14,36,0,0,0,0
4074412,1978,6626,1976,"YU","",,1,3,264,5,51,5,5,0.8,0.64,0.375,16,11.2,,,,
4075519,1978,6626,1975,"YU","",,1,10,310,4,45,6,11,1,0.314,0.2778,18.4545,8.1667,,,,
4083146,1978,6675,1976,"YU","",,1,2,47,6,61,3,9,0.3333,0,0,10.5556,48,,,,
4098606,1978,6759,1975,"YU","",276635,3,3,420,5,52,2,11,1,0.7438,0.5,12.9091,11,0,0,0,0
4112938,1978,6829,1976,"YU","",154005,3,3,128,3,32,2,4,0.5,0,0,11,16,0,0,0.25,0.25
4113884,1978,6829,1977,"YU","",259265,3,3,426,6,61,1,0,1,,0,,3,0,0,,
4125045,1978,6892,1977,"YU","",310990,3,4,83,5,51,8,6,0.75,0,0,12.6667,16,0,0,0,0
4145528,1979,7018,1977,"YU","",333310,3,7,536,1,14,5,1,1,0,0,7,6.4,0,0,0,0
4147729,1979,7032,1979,"YU","",333310,3,1,568,1,14,1,5,1,0.8,0,2.6,6,0,0,0,0
4158810,1979,7109,1977,"YU","",,1,7,324,4,43,3,23,0.3333,0.6736,0,8.8636,23.3333,,,,
4160783,1979,7130,1977,"YU","",444805,3,10,552,1,14,5,0,1,,0.72,,5.2,0,0,,
4162364,1979,7144,1977,"YU","",333310,3,13,562,1,14,1,1,1,0,0,2,5,0,0,0,0
4165066,1979,7172,1977,"YU","",,1,6,267,5,59,6,3,0.8333,0.6667,0.56,10.3333,8.3333,,,,
4180870,1980,7305,1976,"YU","",190680,3,12,623,3,39,3,27,0.6667,0.5213,0.5,15.037,14.3333,0,0,0,0
4183865,1980,7319,1978,"YU","",321710,3,17,558,1,14,6,2,1,0,0.6667,7.5,8.8333,0,0,0,0
4187244,1980,7340,1978,"YU","",321710,3,16,558,1,14,3,0,0.6667,,0.5,,13.6667,0,0,,
4191478,1980,7368,1978,"YU","",,1,19,366,1,19,5,2,0.8,0,0,4.5,15.2,,,,
4200761,1980,7424,1979,"YU","",333310,3,10,548,1,14,7,1,1,0,0.449,2,3.5714,0,0,0,0
4201146,1980,7431,1978,"YU","",,1,2,114,5,55,2,1,1,0,0,4,7,,,,
4201870,1980,7431,1977,"YU","",333310,3,10,562,1,14,2,2,1,0,0.5,12.5,4.5,0,0,0,0
4207640,1980,7473,1978,"YU","",,1,1,15,6,69,6,5,0.1667,0.32,0,6.6,35.1667,,,,
4211268,1980,7494,1978,"YU","",,1,1,152,5,55,13,0,0.4615,,0.5,,32.7692,,,,
4217077,1980,7529,1978,"YU","",576825,3,2,417,5,53,7,0,0.7143,,0.48,,12.4286,0.2,0.1429,,
4219555,1980,7543,1978,"YU","",333310,3,6,514,3,31,8,12,0.875,0.4028,0.5714,13.0833,8.25,0,0,0,0
4225835,1980,7578,1977,"YU","",286100,3,4,335,4,41,5,7,0.8,0,0,8.1429,11.6,0,0,0,0
4226766,1980,7585,1978,"YU","",126375,3,2,540,1,14,0,0,,,,,,,,,
4230859,1980,7606,1978,"YU","",333310,3,24,546,1,14,6,21,1,0.3628,0.6111,8.6667,9.8333,0,0,0,0
4230884,1980,7606,1979,"YU","",333310,3,5,562,1,14,0,1,,0,,11,,,,0,0
4250092,1981,7711,1979,"YU","",126375,3,4,548,1,14,0,1,,0,,2,,,,0,0
4274477,1981,7844,1980,"YU","",,1,4,165,6,66,5,4,0,0.375,,8,66.4,,,,
4275635,1981,7851,1979,"YU","",,1,3,84,6,69,2,0,0,,,,56,,,,
4288500,1981,7921,1980,"YU","",275415,3,5,205,1,19,1,4,1,0,0,8.25,3,0,0,0,0
4295228,1981,7963,1979,"YU","",,1,3,2,6,63,5,1,0.2,0,0,5,33.6,,,,
4297293,1981,7970,1980,"YU","",333310,3,11,556,1,14,8,1,0.625,0,0.64,4,21,0,0,0,0
4300843,1981,7991,1980,"YU","",,1,4,366,1,19,5,1,0.8,0,0,5,14.4,,,,
4304929,1981,8012,1980,"YU","",333310,3,11,562,1,14,2,0,1,,0.5,,4,0,0,,
4317634,1982,8096,1979,"YU","",,1,28,366,1,19,6,0,0.5,,0.4444,,24.6667,,,,
4321524,1982,8117,1979,"YU","",,1,2,323,4,45,1,9,0,0.642,,10,29,,,,
4326502,1982,8152,1978,"YU","",,1,3,126,6,66,3,2,1,0,0,15,8.6667,,,,
4328093,1982,8159,1980,"YU","",275415,3,10,209,5,51,5,2,0.2,0.5,0,4.5,48.2,0,0,0,0
4328334,1982,8159,1980,"YU","",444805,3,24,536,1,14,3,22,1,0.6116,0,9.1818,11.3333,0.6667,0.6667,0,0
4332700,1982,8187,1980,"YU","",703760,3,8,204,1,19,16,1,0.5625,0,0.8395,6,18.625,0,0,0,0
4342609,1982,8250,1980,"YU","",,1,2,29,5,52,3,3,1,0.4444,0,6.3333,13.6667,,,,
4346666,1982,8278,1980,"YU","",,1,6,116,6,69,10,5,0.4,0.72,0.5,11.8,38.4,,,,
4351308,1982,8306,1979,"YU","",,1,1,123,5,53,4,2,0.25,0,0,12,27.75,,,,
4354940,1982,8327,1981,"YU","",333310,3,18,210,1,19,8,5,0.625,0.72,0.64,4.4,22,0,0,0,0
4370799,1983,8432,1980,"YU","",318295,3,4,29,5,52,1,1,1,0,0,4,10,0,0,0,0
4381425,1983,8516,1981,"YU","",,1,10,174,4,41,4,3,1,0.4444,0,5.6667,11.75,,,,
4382577,1983,8530,1981,"YU","",,1,8,251,5,53,7,0,0.2857,,0,,44.2857,,,,
4387719,1983,8565,1981,"YU","",228600,3,1,607,3,32,6,8,1,0.4063,0.2778,5.125,7.6667,0,0,0,0
4393374,1983,8593,1981,"YU","",286090,3,5,340,2,21,3,2,0.3333,0,0,8,21.6667,0,0,0.5,0.5
4401409,1983,8642,1980,"YU","",581915,3,9,415,5,53,2,2,1,0,0,8,13,0,0,0,0
4404938,1983,8663,1981,"YU","",,1,2,123,5,53,2,1,0.5,0,0,15,14.5,,,,
4405610,1983,8663,1981,"YU","",,1,7,514,3,31,1,7,1,0.4898,0,7.1429,9,,,,
4416509,1983,8726,1981,"YU","",,1,5,359,5,54,7,4,0.4286,0.75,0.6667,11,23,,,,
