5183578,1993,12086,1990,"YU","",689358,3,20,210,1,19,8,0,0.375,,0.4444,,45.875,0,0,,
5185164,1993,12093,1991,"YU","",343025,2,4,426,6,61,5,1,1,0,0.32,6,7.6,0,0,0,0
5186837,1993,12100,1987,"YU","",689661,3,11,210,1,19,3,1,1,0,0,8,10.3333,0,0,0,0
5193247,1993,12128,1991,"YU","",690308,3,6,16,5,59,2,2,1,0,0,3,4,0,0,0,0
5198750,1993,12142,1992,"YU","",,1,16,324,4,43,7,5,1,0.56,0.6122,1.8,2,,,,
5202231,1993,12156,1991,"YU","",,1,4,435,3,33,4,47,1,0.3612,0,4.1277,6.25,,,,
5217043,1993,12212,1992,"YU","",,1,13,137,6,69,4,3,0.5,0.4444,0,4.3333,36.25,,,,
5224242,1993,12240,1991,"YU","",693175,3,3,16,5,59,7,2,1,0,0,4.5,3.8571,0,0,0,0
5231216,1993,12261,1991,"YU","",693823,3,7,560,1,14,0,0,,,,,,,,,
5239087,1993,12289,1990,"YU","",684022,3,14,549,1,14,3,0,1,,0,,15.6667,0,0,,
5240501,1993,12296,1992,"YU","",,1,13,106,1,12,9,1,1,0,0.7901,1,12.3333,,,,
5243773,1993,12310,1990,"YU","",694982,3,7,36,6,63,9,1,0.6667,0,0.2778,7,27.6667,0,0,0,0
5243976,1993,12310,1991,"YU","",,1,53,607,3,32,36,9,1,0.4938,0.4954,4.6667,6.5278,,,,
5250518,1993,12331,1991,"YU","",695571,3,4,514,3,31,4,1,1,0,0.5,3,6,0,0,0,0
5250525,1993,12331,1992,"YU","",695572,3,25,514,3,31,0,2,,0,,1.5,,,,0,0
5252481,1993,12338,1991,"YU","",695736,3,7,435,3,33,4,1,1,0,0.375,2,22.25,0,0,0,0
5258501,1993,12359,1992,"YU","",,1,14,530,1,15,3,4,1,0.375,0.4444,5,5.3333,,,,
5261418,1993,12373,1991,"YU","",512710,3,12,607,3,32,25,5,1,0,0.1472,4,7.28,0.0588,0.04,0,0
5268462,1993,12394,1991,"YU","",686416,3,5,536,1,14,3,0,1,,0,,15,0,0,,
5270709,1993,12401,1990,"YU","",,1,7,341,2,22,2,8,1,0.5625,0.5,4.625,6,,,,
5275111,1994,12422,1991,"YU","",,1,1,104,5,55,8,0,0.375,,0,,56,,,,
5286715,1994,12464,1991,"YU","",268820,3,5,514,3,31,2,1,1,0,0.5,5,12.5,0.5,0.5,0,0
5286744,1994,12464,1992,"YU","",695572,3,35,514,3,31,2,1,1,0,0.5,3,6.5,0,0,0,0
5288708,1994,12471,1991,"YU","",,1,4,514,3,31,0,0,,,,,,,,,
5314882,1994,12562,1992,"YU","",701591,2,10,514,3,31,3,1,1,0,0,5,25.3333,0,0,0,0
5316001,1994,12569,1993,"YU","",,1,7,600,3,32,46,3,1,0.4444,0.5321,2,7.0435,,,,
5318595,1994,12576,1992,"YU","",,1,12,607,3,32,36,3,1,0,0.4954,3,7.2778,,,,
5318937,1994,12576,1991,"YU","",597220,6,8,502,1,19,15,3,1,0,0.24,5.3333,17.4,0,0,0,0
5336775,1994,12639,1992,"YU","",437695,2,7,546,1,14,1,0,1,,0,,0,0,0,,
5350398,1994,12688,1993,"YU","",,1,11,606,3,32,15,11,1,0.562,0.48,3.2727,8.3333,,,,
5350582,1994,12688,1992,"YU","",705027,3,13,424,3,31,2,3,1,0.4444,0,3.6667,5.5,0,0,0,0
5357210,1994,12709,1993,"YU","",393885,3,8,330,4,41,4,1,1,0,0.375,3,13,0,0,1,1
5360052,1994,12723,1992,"YU","",,1,4,164,5,52,4,1,1,0,0.375,2,10.25,,,,
5360162,1994,12723,1992,"YU","",16495,3,6,239,5,59,9,0,1,,0.5679,,21.5556,0,0,,
5370356,1994,12758,1994,"YU","",,1,12,251,5,53,3,2,0,0,,2,83.6667,,,,
5397351,1995,12856,1991,"YU","",,1,16,623,3,39,8,9,1,0.5926,0.4063,4.5556,21.375,,,,
5407412,1995,12891,1991,"YU","",,1,23,482,5,59,8,1,0.875,0,0,3,17.25,,,,
5432390,1995,12975,1992,"YU","",172255,2,10,310,4,45,18,0,0.7778,,0.5204,,28,0.1667,0.1111,,
5455232,1995,13059,1994,"YU","",,1,24,514,3,31,18,2,1,0.5,0.6358,2.5,8.5,,,,
5476642,1995,13136,1994,"YU","",716888,3,13,423,1,19,3,1,1,0,0.4444,2,9,0,0,0,0
5492806,1996,13199,1993,"YU","",718336,2,1,435,3,33,4,10,1,0.18,0,2.7,9.25,0,0,0.2857,0.2
5498233,1996,13220,1994,"YU","",,1,7,602,3,32,13,0,0.9231,,0.7917,,11.2308,,,,
5498699,1996,13220,1991,"YU","",718852,3,23,534,1,14,10,1,1,0,0.76,6,9.8,0,0,0,0
5514654,1996,13276,1994,"YU","",,1,10,514,3,31,0,1,,0,,3,,,,,
5525464,1996,13311,1994,"YU","",718336,2,8,435,3,33,17,12,1,0.1528,0.3045,1.8333,7.5882,0,0,0.2222,0.1667
