4425532,1984,8775,1982,"YU","",,1,3,315,4,42,2,2,1,0,0,8,8.5,,,,
4430553,1984,8803,1980,"YU","",,1,14,219,4,49,9,5,0,0.72,,11,56,,,,
4434160,1984,8824,1981,"YU","",334220,3,7,514,3,31,2,10,1,0.46,0,8,6,0,0,0,0
4434798,1984,8831,1981,"YU","",228600,3,3,607,3,32,4,1,1,0,0.375,8,10.25,0,0,0,0
4440772,1984,8859,1981,"YU","",333310,3,28,514,3,31,9,1,0.7778,0,0,9,20.5556,0,0,0,0
4441443,1984,8866,1982,"YU","",151360,3,1,112,6,63,3,0,1,,0.4444,,10.6667,0,0,,
4444011,1984,8880,1981,"YU","",,5,14,60,4,45,12,2,0.9167,0,0,9.5,7.75,,,,
4444393,1984,8880,1982,"YU","",,1,3,273,6,62,2,0,0.5,,0,,21.5,,,,
4463875,1984,8985,1982,"YU","",,4,21,222,1,19,9,35,0.6667,0.7265,0.7222,10.2857,22.2222,,,,
4465994,1984,8992,1982,"YU","",286090,3,20,338,4,41,8,3,0.75,0,0,8,14.875,0,0,0,0
4467093,1984,8999,1982,"YU","",333310,3,8,546,1,14,3,1,1,0,0.6667,4,10,0,0,0,0
4468001,1984,9006,1982,"YU","",,1,9,251,5,53,8,5,0.375,0.32,0,9.2,24.125,,,,
4469041,1984,9013,1982,"YU","",276640,3,8,114,5,55,3,1,1,0,0.4444,2,8.6667,0,0,0,0
4469573,1984,9013,1982,"YU","",703760,3,13,204,1,19,16,0,0.5625,,0.8395,,20.625,0,0,,
4484389,1984,9097,1983,"YU","",318300,3,5,29,5,52,5,4,0.8,0.5,0.375,7.75,13.4,0,0,0,0
4492076,1985,9139,1983,"YU","",634275,3,9,57,6,63,4,12,0.75,0,0,4,13.75,0,0,0.4167,0.4167
4495951,1985,9160,1981,"YU","",,1,3,600,3,32,8,4,0.875,0.75,0.6122,9.25,9.5,,,,
4499413,1985,9174,1980,"YU","",173840,3,12,318,4,45,6,8,1,0.5625,0,10.75,11.1667,0,0,0,0
4506034,1985,9209,1982,"YU","",703760,3,11,521,1,15,9,3,0.7778,0.6667,0.8163,10.3333,13.7778,0,0,0,0
4509369,1985,9230,1983,"YU","",112595,2,11,73,4,43,4,6,1,0.7222,0,9,10.5,0,0,0,0
4517359,1985,9265,1981,"YU","",532930,3,1,536,1,14,2,14,1,0.6735,0,11.5714,3.5,0,0,0,0
4526602,1985,9314,1983,"YU","",,1,9,65,5,51,5,0,0.8,,0.375,,15.8,,,,
4530114,1985,9335,1982,"YU","",,1,39,623,3,39,7,11,0.8571,0.4628,0.2778,7.8182,9.7143,,,,
4533367,1985,9349,1982,"YU","",,1,6,95,1,13,10,7,0.9,0.7755,0.7654,7.2857,14.4,,,,
4535213,1985,9356,1982,"YU","",,1,6,219,4,49,4,1,0.75,0,0,15,14.25,,,,
4535513,1985,9363,1983,"YU","",,5,4,24,6,63,11,1,0.6364,0,0.6122,5,30.8182,,,,
4538925,1985,9377,1983,"YU","",49100,3,3,374,4,43,3,5,1,0.64,0,9.2,4,0,0,0,0
4547760,1985,9419,1984,"YU","",182525,3,3,337,4,41,1,1,0,0,,7,29,0,0,0,0
4551399,1985,9440,1984,"YU","",,1,4,429,4,45,7,10,1,0.34,0.2449,4.6,5.4286,,,,
4551525,1985,9440,1984,"YU","",321715,3,8,544,1,14,4,0,1,,0,,1,0,0,,
4561925,1985,9496,1983,"YU","",228600,3,4,53,6,68,3,6,1,0.5,0.6667,6.8333,8.3333,0,0,0,0
4580381,1986,9594,1984,"YU","",253445,3,3,52,6,69,5,8,0.8,0.7813,0.625,8,17.2,0,0,0,0
4609196,1986,9741,1984,"YU","",,1,2,473,6,62,6,3,0.5,0.4444,0.4444,6.6667,34.5,,,,
4609731,1986,9741,1980,"YU","",491585,3,10,544,1,14,2,5,1,0.48,0.5,8.8,7,0.5,0.5,0.2,0.2
4669710,1987,10014,1984,"YU","",89560,3,16,267,5,59,12,4,0.5,0.625,0.6667,7.75,18.5833,0,0,0,0
4672616,1987,10021,1986,"YU","",286090,3,3,372,4,42,3,3,1,0,0,7.3333,5.6667,0,0,0,0
4679238,1987,10049,1985,"YU","",68025,3,23,381,4,49,4,3,1,0.4444,0.375,4,3.25,0,0,0,0
4682896,1987,10070,1985,"YU","",,1,4,366,1,19,3,1,1,0,0,11,11.3333,,,,
4684471,1987,10077,1986,"YU","",,1,4,210,1,19,6,3,1,0.4444,0,8,14.6667,,,,
4691194,1987,10105,1984,"YU","",286090,3,1,340,2,21,15,0,0.6,,0.716,,22.2,0.2,0.0667,,
4697595,1987,10140,1985,"YU","",566220,3,7,600,3,32,6,72,1,0.696,0.2778,8.5,5.1667,0,0,0,0
4700074,1987,10147,1986,"YU","",,1,13,250,4,44,2,6,1,0,0,6,3,,,,
4701526,1987,10154,1985,"YU","",321715,3,14,544,1,14,1,2,1,0,0,3,2,0,0,0,0
4702739,1987,10161,1986,"YU","",,1,12,604,3,32,1,31,1,0.0624,0,4.4194,24,,,,
4704498,1987,10168,1986,"YU","",596910,2,29,174,4,41,18,1,0.6111,0,0.7273,5,24.0556,0,0,0,0
4706681,1987,10182,1985,"YU","",566220,3,4,600,3,32,3,58,1,0.6516,0.4444,8.4655,6.6667,0,0,0,0
4710661,1987,10196,1986,"YU","",,1,2,310,4,45,6,2,1,0.5,0.5,7.5,8.8333,,,,
4718684,1988,10238,1986,"YU","",,1,4,280,5,55,9,4,0.6667,0.625,0.2778,5.75,29,,,,
4719315,1988,10238,1987,"YU","",596910,2,8,174,4,41,22,1,0.6364,0,0.7551,6,23.5455,0,0,0,0
4720552,1988,10245,1987,"YU","",333310,3,2,548,1,14,0,2,,0.5,,1.5,,,,0,0
4728215,1988,10287,1986,"YU","",,1,4,403,6,67,3,7,1,0.6122,0,5.2857,9.6667,,,,
4729463,1988,10294,1986,"YU","",563200,3,5,192,5,53,6,1,0,0,,2,36.6667,0,0,0,0
4733464,1988,10315,1987,"YU","",596910,2,13,29,5,52,29,3,0.7586,0.4444,0.7107,8.3333,19.5862,0,0,0,0
4736738,1988,10329,1985,"YU","",,1,18,606,3,32,9,13,0.8889,0.5917,0.4063,8.9231,9.4444,,,,
4740372,1988,10343,1986,"YU","",,1,13,424,3,31,2,2,1,0,0.5,6.5,13,,,,
4741600,1988,10350,1986,"YU","",286090,3,2,349,1,19,8,3,1,0.4444,0.5313,6.3333,7.875,0,0,0,0
4768344,1988,10476,1987,"YU","",,1,12,60,4,45,0,0,,,,,,,,,
4769465,1988,10476,1986,"YU","",333310,3,9,546,1,14,7,2,1,0.5,0.6122,5,7.4286,0,0,0,0
4774848,1988,10504,1986,"YU","",,1,4,74,5,59,12,4,0.25,0.75,0,4.75,36.8333,,,,
4777419,1988,10511,1987,"YU","",172255,2,26,318,4,45,3,25,1,0.1528,0.4444,5.5417,7.6667,0,0,0.0435,0.04
4778149,1988,10518,1987,"YU","",,1,6,251,5,53,9,7,0.6667,0.6122,0.4444,5.1429,22.1111,,,,
4782308,1988,10532,1987,"YU","",286090,3,5,331,4,41,2,2,1,0,0.5,3,8.5,0,0,0,0
4789964,1988,10567,1986,"YU","",,1,10,365,2,24,1,2,1,0,0,4.5,13,,,,
4800009,1989,10616,1987,"YU","",,1,20,204,1,19,8,1,0.875,0,0.449,6,11.5,,,,
