4050704,1977,6479,1975,"RO","",276755,3,10,56,6,61,9,12,1,0.5278,0,11.9167,3.3333,0,0,0,0
4064870,1977,6570,1976,"RO","",96130,3,3,600,3,32,4,9,0.75,0.1975,0,12.8889,7.75,0,0,0,0
4066049,1978,6577,1975,"RO","",276905,3,8,123,5,53,1,2,0,0,,17.5,44,0,0,0,0
4069621,1978,6598,1976,"RO","",283675,3,2,451,5,51,7,1,0.1429,0,0,16,28.8571,0,0,0,0
4072009,1978,6612,1976,"RO","",276775,3,2,60,4,45,3,6,0.6667,0.7222,0.5,4.3333,21,0,0,0,0
4089056,1978,6703,1976,"RO","",276865,3,3,702,2,22,6,15,1,0.6667,0.7778,10.4,3,0,0,0,0
4090814,1978,6717,1976,"RO","",276905,3,1,417,5,53,9,3,0.2222,0.4444,0.5,11,36.6667,0,0,0,0
4094691,1978,6738,1977,"RO","",276720,3,4,106,1,12,3,1,0,0,,13,39.3333,0,0,0,0
4095700,1978,6745,1977,"RO","",276925,3,6,414,5,51,1,4,1,0.75,0,10.25,7,0,0,0,0
4104918,1978,6794,1976,"RO","",276785,3,3,482,5,59,3,10,0.3333,0.48,0,12,24.6667,0,0,0,0
4111228,1978,6822,1976,"RO","",276915,3,4,137,6,69,8,6,0.5,0.7778,0.375,13,19.125,0,0,0,0
4113048,1978,6829,1976,"RO","",276905,3,5,181,6,69,7,3,0.5714,0,0.75,6,19.8571,0,0,0.3333,0.3333
4127433,1978,6906,1977,"RO","",283615,3,3,156,1,19,1,1,1,0,0,9,1,1,1,0,0
4145270,1979,7018,1977,"RO","",276720,3,10,204,1,19,3,3,0.6667,0,0,8.3333,10.3333,0,0,0,0
4150023,1979,7046,1977,"RO","",283620,3,11,540,1,14,4,0,1,,0,,5.25,0,0,,
4153195,1979,7067,1978,"RO","",283640,3,4,228,5,52,5,1,0.6,0,0,9,10.8,0.3333,0.2,0,0
4166419,1979,7186,1977,"RO","",276905,3,4,104,5,55,7,0,0.4286,,0.4444,,40.1429,0,0,,
4167356,1979,7193,1977,"RO","",118585,3,4,404,6,69,13,0,0.0769,,0,,47.7692,0,0,,
4171349,1979,7228,1978,"RO","",276765,3,6,423,1,19,5,4,0.2,0.375,0,14,40.8,0,0,0,0
4172816,1979,7242,1977,"RO","",276830,3,12,208,1,19,7,7,1,0.6122,0.5714,12,5.7143,0,0,0,0
4174921,1979,7263,1977,"RO","",276905,3,6,414,5,51,3,1,0.3333,0,0,4,29,0,0,0,0
4179439,1979,7291,1977,"RO","",283620,3,3,540,1,14,6,0,1,,0,,4.6667,0,0,,
4180457,1979,7298,1978,"RO","",589215,3,2,208,1,19,7,3,0.2857,0.4444,0,10.3333,18,0,0,0,0
4180953,1980,7305,1976,"RO","",,1,8,52,6,69,2,0,0.5,,0,,11,,,,
4181868,1980,7305,1978,"RO","",276735,3,1,310,4,45,4,1,0.5,0,0.5,19,17.75,0,0,0,0
4182243,1980,7312,1977,"RO","",276905,3,2,104,5,55,7,2,0.2857,0,0.5,5.5,34.7143,0,0,0,0
4185217,1980,7326,1975,"RO","",276695,3,1,310,4,45,9,2,0.5556,0,0,9.5,19.4444,0,0,0,0
4196793,1980,7403,1978,"RO","",276905,3,2,181,6,69,8,1,0.625,0,0.72,12,19.375,0.25,0.125,0,0
4200425,1980,7424,1978,"RO","",276905,3,3,417,5,53,9,1,0.2222,0,0.5,12,38.6667,0,0,0,0
4201141,1980,7431,1978,"RO","",276905,3,4,110,6,66,5,11,0.8,0,0,8.7273,12.6,0,0,0,0
4202272,1980,7438,1977,"RO","",276905,3,3,104,5,55,5,0,0.2,,0,,45.4,0,0,,
4205046,1980,7452,1978,"RO","",276830,3,1,422,1,19,4,1,0.75,0,0.4444,15,12.75,0,0,0,0
4216207,1980,7522,1979,"RO","",94955,3,6,424,3,31,1,1,1,0,0,10,11,0,0,0,0
4221783,1980,7557,1979,"RO","",94955,3,13,424,3,31,0,3,,0.4444,,7,,,,0,0
4234794,1980,7627,1978,"RO","",542320,3,7,378,4,44,5,12,0,0.1528,,15.3333,24.2,0,0,0,0
4240443,1980,7662,1978,"RO","",276885,3,6,600,3,32,2,5,1,0.32,0,8.2,9.5,0,0,0,0
4242308,1980,7669,1978,"RO","",,1,3,422,1,19,4,0,0.75,,0.4444,,14,,,,
4246026,1981,7690,1979,"RO","",276785,3,8,420,5,52,3,6,1,0.6111,0,10.1667,8.6667,0,0,0,0
4248923,1981,7704,1978,"RO","",276795,3,11,428,6,69,6,1,0.8333,0,0.72,9,7.5,0,0,0,0
4251868,1981,7718,1978,"RO","",115205,3,1,701,2,22,7,12,0.8571,0.5694,0.7222,9.3333,12,0,0,0,0
4254103,1981,7732,1979,"RO","",276775,3,2,514,3,31,3,1,0,0,,14,25.6667,0,0,0,0
4257669,1981,7753,1979,"RO","",276805,3,8,359,5,54,11,3,0.8182,0,0.6667,10.6667,12,0,0,0,0
4258090,1981,7753,1979,"RO","",276810,3,11,427,1,12,8,4,1,0.625,0.7188,7.75,7.25,0,0,0,0
4259894,1981,7767,1978,"RO","",274885,3,8,91,5,53,2,1,1,0,0,9,11.5,0,0,0,0
4264861,1981,7788,1978,"RO","",276735,3,4,324,4,43,9,6,0.3333,0.5,0,13.5,18.1111,0,0,0,0
4265419,1981,7795,1979,"RO","",276805,3,8,246,5,55,3,3,1,0.4444,0.4444,10.6667,10.6667,0,0,0,0
4268732,1981,7809,1977,"RO","",276745,3,2,218,4,49,2,0,0.5,,0,,17,0,0,,
4336178,1982,8208,1980,"RO","",94970,3,1,523,1,15,4,1,0.25,0,0,10,24.25,0,0,0,0
4343362,1982,8257,1980,"RO","",276765,3,6,166,6,64,11,1,0.7273,0,0,9,15.6364,0,0,0,0
4346306,1982,8271,1979,"RO","",276735,3,6,307,4,49,2,0,0,,,,27.5,0,0,,
4361502,1982,8369,1979,"RO","",276830,3,5,502,1,19,6,0,0.8333,,0.64,,13.8333,0,0,,
4362066,1982,8376,1980,"RO","",276720,3,1,74,5,59,4,0,0,,,,29.5,0,0,,
4378160,1983,8488,1980,"RO","",283630,3,5,356,4,43,1,5,1,0.48,0,9.4,14,0,0,0,0
4405602,1983,8663,1981,"RO","",121985,3,8,424,3,31,0,1,,0,,14,,,,0,0
