3612970,1971,4302,1970,"RO","",377700,3,,318,4,45,,11,,0.5455,,13.0909,,,,0,0
3616287,1971,4316,1969,"RO","",276790,3,,205,1,19,,3,,0,,20.3333,,,,0,0
3619781,1971,4330,1969,"RO","",377700,3,,455,2,21,,0,,,,,,,,,
3622407,1971,4344,1968,"RO","",276790,3,,148,5,52,,3,,0.4444,,15.3333,,,,0,0
3622489,1971,4344,1968,"RO","",274970,3,,204,1,19,,7,,0.4082,,17,,,,0,0
3625092,1971,4358,1969,"RO","",284875,3,,76,5,52,,2,,0,,18.5,,,,0,0
3625939,1971,4358,1969,"RO","",276680,3,,536,1,14,,0,,,,,,,,,
3626220,1971,4358,1970,"RO","",602575,3,,310,4,45,,6,,0.7778,,21.1667,,,,0,0
3627084,1971,4365,1969,"RO","",276875,3,,188,5,53,,3,,0,,20.6667,,,,0,0
3629350,1971,4372,1970,"RO","",377695,3,,585,1,19,,0,,,,,,,,,
3631588,1972,4386,1970,"RO","",187260,3,,228,5,52,,2,,0,,6.5,,,,0,0
3633083,1972,4386,1968,"RO","",377700,3,,318,4,45,,3,,0.6667,,20.3333,,,,0,0
3636632,1972,4407,1969,"RO","",108135,3,,433,3,39,,3,,0,,18,,,,0,0
3637475,1972,4407,1968,"RO","",377700,3,,205,1,19,,0,,,,,,,,,
3640206,1972,4421,1969,"RO","",276750,3,,99,6,61,,6,,0.32,,19.2,,,,0,0
3641167,1972,4421,1965,"RO","",551600,2,,570,1,14,,5,,0.64,,11,,,,0,0
3645130,1972,4442,1969,"RO","",,1,,73,4,43,,2,,0,,16,,,,,
3648694,1972,4456,1968,"RO","",276915,3,,604,3,32,,20,,0.735,,14.1,,,,0,0
3650276,1972,4463,1969,"RO","",276840,3,,607,3,32,,14,,0,,14.2143,,,,0,0
3651041,1972,4463,1969,"RO","",276680,3,,536,1,14,,3,,0.4444,,6,,,,0,0
3651043,1972,4463,1969,"RO","",276680,3,,536,1,14,,6,,0.5,,8.5,,,,0,0
3654712,1972,4484,1969,"RO","",,1,,434,6,69,,16,,0.5391,,18.125,,,,,
3657153,1972,4491,1970,"RO","",276740,3,,502,1,19,,6,,0.6111,,16.8333,,,,0,0
3664331,1972,4526,1969,"RO","",,1,,601,3,32,,3,,0.6667,,20.3333,,,,,
3665498,1972,4526,1970,"RO","",276930,3,,318,4,45,,2,,0.5,,11.5,,,,0,0
3669554,1972,4547,1970,"RO","",276895,3,,356,4,43,,2,,0,,16,,,,0,0
3673004,1972,4561,1970,"RO","",276790,3,,148,5,52,,5,,0.56,,10.6,,,,0,0
3673109,1972,4561,1970,"RO","",276740,3,,502,1,19,,12,,0.4444,,9.3333,,,,0,0
3680424,1972,4596,1970,"RO","",115465,3,,84,6,69,,0,,,,,,,,,
3681214,1972,4596,1971,"RO","",234025,3,,423,1,19,,2,,0.5,,11,,,,0,0
3685339,1972,4617,1969,"RO","",602590,3,,72,5,52,,0,,,,,,,,,
3685614,1972,4617,1971,"RO","",276920,3,,181,6,69,,5,,0.72,,19.4,,,,0,0
3685793,1972,4617,1970,"RO","",602585,3,,251,5,53,,2,,0,,14.5,,,,0,0
3691891,1972,4645,1970,"RO","",115465,3,,84,6,69,,1,,0,,24,,,,0,0
3692277,1972,4645,1971,"RO","",276720,3,,254,5,59,,2,,0,,12,,,,0,0
3695333,1972,4659,1970,"RO","",446005,3,,164,5,52,,1,,0,,11,,,,0,0
3697878,1972,4666,1970,"RO","",602595,3,,327,4,41,,2,,0.5,,10.5,,,,0,0
3702916,1972,4701,1971,"RO","",602570,3,,219,4,49,,1,,0,,18,,,,0,0
3705058,1972,4722,1971,"RO","",187270,3,,148,5,52,,5,,0,,6.8,,,,0,0
3705830,1972,4729,1969,"RO","",283615,3,,156,1,19,,4,,0.375,,12.75,,,,0,0
3705993,1972,4729,1971,"RO","",276825,3,,338,4,41,,3,,0.6667,,13.6667,,,,0,0
3706073,1972,4729,1970,"RO","",,1,,358,2,21,,0,,,,,,,,,
3707509,1972,4743,1970,"RO","",276740,3,,502,1,19,,7,,0.4082,,4.4286,,,,0,0
3716590,1973,4792,1971,"RO","",276820,3,,568,1,14,,5,,0.32,,13.4,,,,0,0
3718492,1973,4806,1970,"RO","",276730,3,,106,1,12,,0,,,,,,,,,
3720596,1973,4820,1970,"RO","",276790,3,,204,1,19,,2,,0.5,,12,,,,0,0
3722138,1973,4834,1970,"RO","",276855,3,,47,6,61,,0,,,,,,,,,
3722331,1973,4834,1971,"RO","",276875,3,,81,5,59,,6,,0.5,,15.8333,,,,0,0
3727132,1973,4848,1971,"RO","",377700,3,,324,4,43,,2,,0,,12.5,,,,0,0
3727967,1973,4855,1971,"RO","",276875,3,,294,5,59,,4,,0.375,,14,,,,0,0
3729611,1973,4862,1971,"RO","",96135,3,,219,4,49,,1,,0,,7,,,,0,0
3733470,1973,4883,1971,"RO","",284875,3,,235,5,59,,0,,,,,,,,,
3734938,1973,4890,1971,"RO","",276815,3,,552,1,14,,1,,0,,9,,,,0,0
3735826,1973,4897,1971,"RO","",276875,3,,175,6,64,,1,,0,,23,,,,0,0
3736241,1973,4897,1970,"RO","",377705,3,,522,1,15,,0,,,,,,,,,
3741323,1973,4925,1971,"RO","",276875,3,,175,6,64,,1,,0,,22,,,,0,0
3741530,1973,4925,1971,"RO","",602565,3,,366,1,19,,0,,,,,,,,,
3748158,1973,4953,1971,"RO","",276730,3,,501,1,19,,1,,0,,20,,,,0,0
3748801,1973,4960,1971,"RO","",276865,3,,52,6,69,,1,,0,,10,,,,0,0
3755199,1973,4988,1971,"RO","",112435,3,,502,1,19,,6,,0.2778,,12.5,,,,0,0
3755545,1973,4988,1971,"RO","",276710,3,,423,1,19,,0,,,,,,,,,
3757182,1973,4995,1971,"RO","",393900,3,,318,4,45,,4,,0.375,,18,,,,0,0
3759281,1973,5009,1971,"RO","",234035,3,,137,6,69,,13,,0.4734,,21.6154,,,,0,0
3760173,1973,5009,1971,"RO","",276715,3,,395,2,22,,2,,0,,14,,,,0,0
3763682,1973,5030,1972,"RO","",602560,3,,72,5,52,,0,,,,,,,,,
3772439,1973,5065,1967,"RO","",,1,,514,3,31,,1,,0,,27,,,,,
3777978,1973,5093,1972,"RO","",276835,3,,239,5,59,,5,,0.56,,17.4,,,,0,0
3779734,1973,5100,1972,"RO","",187265,3,,65,5,51,,1,,0,,17,,,,0,0
3782626,1974,5114,1971,"RO","",284875,3,,235,5,59,,0,,,,,,,,,
3783560,1974,5121,1971,"RO","",283690,3,,451,5,51,,2,,0,,15,,,,0,0
3784325,1974,5121,1972,"RO","",276700,3,,417,5,53,,6,,0,,14.1667,,,,0,0
3790187,1974,5149,1971,"RO","",,1,,280,5,55,,13,,0.355,,16.5385,,,,,
3790657,1974,5149,1971,"RO","",276935,3,,264,5,51,,3,,0.4444,,5.3333,,,,0,0
3791733,1974,5156,1972,"RO","",548820,3,,355,5,54,,1,,0,,6,,,,0,0
3793190,1974,5163,1972,"RO","",276700,3,,208,1,19,,5,,0.32,,16,,,,0,0
3793930,1974,5170,1972,"RO","",276865,3,,454,5,59,,0,,,,,,,,,
3794137,1974,5170,1972,"RO","",276920,3,,181,6,69,,5,,0.64,,5,,,,0,0
3794783,1974,5170,1971,"RO","",148605,3,,379,2,21,,4,,0,,10.25,,,,0,0
3796023,1974,5184,1972,"RO","",234020,3,,95,1,13,,4,,0.625,,7.25,,,,0,0
3798127,1974,5191,1972,"RO","",187240,3,,435,3,33,,3,,0.4444,,5,,,,0,0
3799446,1974,5198,1972,"RO","",276920,3,,239,5,59,,2,,0,,13,,,,0,0
3800630,1974,5205,1971,"RO","",118595,3,,75,5,52,,1,,0,,17,,,,0,0
3801579,1974,5205,1972,"RO","",96125,3,,546,1,14,,1,,0,,23,,,,0,0
3803803,1974,5219,1972,"RO","",234020,3,,95,1,13,,8,,0.75,,15.25,,,,0,0
3804387,1974,5219,1972,"RO","",276700,3,,261,1,19,,2,,0.5,,8,,,,0,0
3807981,1974,5233,1971,"RO","",276675,3,,65,5,51,,2,,0.5,,7,,,,0,0
3814092,1974,5268,1972,"RO","",271260,3,,128,3,32,,5,,0,,10.6,,,,0,0
3815487,1974,5275,1972,"RO","",276920,3,,454,5,59,,3,,0.4444,,9.3333,,,,0,0
3817713,1974,5282,1971,"RO","",276725,3,,422,1,19,,12,,0.7778,,10.5833,,,,0.0909,0.0833
3819901,1974,5289,1972,"RO","",276790,3,,219,4,49,,3,,0.4444,,6,,,,0,0
3820448,1974,5292,1972,"RO","",276865,3,,454,5,59,,0,,,,,,,,,
3823474,1974,5310,1973,"RO","",276760,3,,30,6,65,,8,,0.375,,9.125,,,,0,0
3823925,1974,5310,1972,"RO","",589205,3,,261,1,19,,0,,,,,,,,,
3832899,1974,5359,1972,"RO","",274900,3,,73,4,43,,4,,0,,11.25,,,,0,0
3833849,1974,5359,1973,"RO","",276695,3,,323,4,45,,0,,,,,,,,,
3837864,1974,5380,1972,"RO","",276720,3,,106,1,12,,0,,,,,,,,,
3837923,1974,5380,1972,"RO","",276850,3,,429,4,45,,0,,,,,,,,,
3839230,1974,5387,1972,"RO","",437025,3,,502,1,19,,4,,0.375,,6,,,,0,0
3850810,1974,5443,1972,"RO","",274910,3,,210,1,19,,8,,0,,5.125,,,,0,0
3851406,1974,5450,1973,"RO","",284860,3,,34,1,19,,9,,0.7407,,12.6667,,,,0,0
3854379,1974,5464,1972,"RO","",602570,3,,409,5,51,,0,,,,,,,,,
3855404,1974,5464,1972,"RO","",94950,3,,423,1,19,,4,,0.75,,19.25,,,,0,0
3857130,1974,5478,1972,"RO","",283605,3,,14,6,69,,0,,,,,,,,,
3859189,1975,5485,1970,"RO","",95010,3,2,522,1,15,3,0,0.6667,,0,,7.6667,0,0,,
3862207,1975,5499,1971,"RO","",,1,3,502,1,19,11,2,0.3636,0.5,0.625,20,15.2727,,,,
3863641,1975,5513,1973,"RO","",276920,3,1,604,3,32,9,5,0.4444,0.32,0.75,14.4,17.2222,0,0,0,0
3863891,1975,5513,1974,"RO","",276670,3,3,254,5,59,4,0,0.75,,0.4444,,14.5,0,0,,
3869788,1975,5548,1973,"RO","",276695,3,5,29,5,52,6,5,1,0,0.5,3.8,6.6667,0,0,0,0
3870037,1975,5548,1973,"RO","",537365,3,6,600,3,32,2,3,0.5,0,0,21.3333,32.5,0,0,0,0
3870250,1975,5548,1973,"RO","",276920,3,8,406,5,59,7,3,0.4286,0.4444,0.4444,3.3333,31.4286,0,0,0,0
3876783,1975,5576,1972,"RO","",276845,3,4,514,3,31,1,2,0,0,,16.5,13,0,0,0,0
3882311,1975,5604,1972,"RO","",537370,3,2,430,1,19,3,1,0,0,,22,17.6667,0,0,0,0
3890823,1975,5653,1973,"RO","",283670,3,3,72,5,52,5,0,0.8,,0.375,,5.6,0,0,,
3900301,1975,5709,1974,"RO","",283680,3,10,96,1,13,6,4,0.6667,0.5,0.5,9.75,11.8333,0,0,0,0
3905106,1975,5737,1972,"RO","",446005,3,5,433,3,39,4,3,0.5,0,0.5,15.3333,19.75,0,0,0,0
3905771,1975,5737,1973,"RO","",283655,3,5,422,1,19,3,0,0.6667,,0.5,,11.6667,0,0,,
3917810,1975,5786,1975,"RO","",234020,3,4,423,1,19,3,0,0,,,,16.6667,0,0,,
3919389,1975,5793,1973,"RO","",276725,3,5,423,1,19,4,1,1,0,0.625,3,4,0.3333,0.25,0,0
3925928,1975,5828,1974,"RO","",283625,3,1,47,6,61,10,5,0.5,0.56,0.32,10,26,0,0,0,0
3930088,1975,5842,1972,"RO","",283615,3,5,428,6,69,10,5,0.4,0.56,0.625,12.4,40.8,0,0,0,0
3932139,1976,5856,1974,"RO","",112440,3,12,422,1,19,6,7,0.5,0.4082,0,9,17.5,0,0,0,0
3939831,1976,5898,1974,"RO","",283650,3,4,604,3,32,4,10,0.5,0.8,0.5,6.9,16.75,0,0,0,0
3940973,1976,5905,1974,"RO","",276770,3,1,73,4,43,2,2,1,0.5,0,3.5,2.5,0,0,0,0
3941840,1976,5905,1972,"RO","",94950,3,6,564,1,14,1,1,0,0,,15,23,0,0,0,0
3947216,1976,5933,1974,"RO","",276920,3,3,431,6,66,2,1,1,0,0.5,2,10.5,0,0,0,0
3950666,1976,5947,1974,"RO","",276695,3,10,310,4,45,8,1,1,0,0.2188,6,6.75,0,0,0,0
3956115,1976,5975,1975,"RO","",276870,3,5,210,1,19,4,1,1,0,0.375,13,6.75,0,0,0,0
3956852,1976,5982,1975,"RO","",283680,3,3,47,6,61,9,3,0.5556,0.6667,0.64,4.6667,20.3333,0,0,0,0
3969243,1976,6038,1974,"RO","",276880,3,6,210,1,19,11,1,0.8182,0,0.4938,4,7.5455,0,0,0,0
3969971,1976,6045,1972,"RO","",115465,3,5,84,6,69,4,1,0.25,0,0,15,43.75,0,0,0,0
3970074,1976,6045,1974,"RO","",537360,3,6,600,3,32,5,10,1,0.18,0,7,6.8,0,0,0,0
3971478,1976,6052,1974,"RO","",276860,3,5,212,5,59,10,3,0.7,0.4444,0.4898,7.3333,21.5,0,0,0,0
3989703,1976,6150,1974,"RO","",276915,3,2,544,1,14,2,5,0,0.48,,10.4,23.5,0,0,0,0
3989969,1976,6150,1974,"RO","",276695,3,3,310,4,45,9,2,1,0,0.1975,20.5,5.2222,0,0,0,0
3998096,1976,6199,1975,"RO","",276765,3,9,73,4,43,3,1,0.3333,0,0,8,14.6667,0,0,0,0
4001381,1977,6213,1973,"RO","",602580,3,4,423,1,19,5,1,0.2,0,0,19,53,0,0,0,0
4002110,1977,6220,1975,"RO","",274915,3,3,454,5,59,4,2,0.5,0.5,0.5,9.5,32.5,0,0,0,0
4002359,1977,6220,1975,"RO","",276765,3,1,285,6,67,4,6,0.5,0.5,0,14.6667,30.75,0,0,0,0
4002455,1977,6220,1975,"RO","",276870,3,4,71,1,11,7,0,1,,0.6939,,7.8571,0,0,,
4006223,1977,6241,1974,"RO","",537360,3,5,514,3,31,2,0,1,,0,,2.5,0,0,,
4006366,1977,6241,1975,"RO","",276825,3,43,327,4,41,4,2,1,0,0.625,10.5,4.25,0,0,0,0
4008309,1977,6255,1975,"RO","",276710,3,6,423,1,19,6,2,0.1667,0.5,0,7.5,30.5,0,0,0,0
4012505,1977,6283,1975,"RO","",283635,3,3,424,3,31,0,2,,0.5,,18,,,,0,0
4018082,1977,6318,1975,"RO","",276920,3,5,73,4,43,3,7,0.6667,0.6122,0,17.7143,11,0,0,0,0
4018554,1977,6318,1976,"RO","",276920,3,10,431,6,66,11,6,0.9091,0.4444,0.58,7.8333,6.9091,0,0,0,0
4019834,1977,6325,1975,"RO","",276905,3,1,417,5,53,4,1,0,0,,22,58.5,0,0,0,0
4022650,1977,6339,1975,"RO","",283615,3,3,156,1,19,6,3,0.3333,0.4444,0.5,6,20.3333,0,0,0.5,0.3333
4030879,1977,6381,1975,"RO","",276690,3,4,432,6,66,8,5,0.125,0,0,11.6,29.375,0,0,0,0
4035997,1977,6409,1975,"RO","",276755,3,2,56,6,61,2,1,0,0,,6,17,0,0,0,0
4037774,1977,6416,1975,"RO","",283640,3,2,228,5,52,2,1,0.5,0,0,3,12.5,0,0,1,1
4039352,1977,6423,1973,"RO","",276800,3,6,136,4,45,3,4,1,0.375,0.6667,6.25,3.3333,0,0,0,0
