5226754,1993,12247,1992,"RO","",693409,2,17,403,6,67,3,0,0.3333,,0,,29.6667,0,0,,
5228843,1993,12254,1991,"RO","",693610,3,4,417,5,53,9,3,1,0.4444,0.3704,4.3333,14.5556,0,0,0,0
5322419,1994,12590,1993,"RO","",702305,3,4,417,5,53,9,0,1,,0.1975,,14.1111,0,0,,
5424068,1995,12947,1993,"RO","",712012,3,14,424,3,31,1,1,1,0,0,4,5,0,0,0,0
5457392,1995,13066,1993,"RO","",,1,6,324,4,43,12,2,0.4167,0.5,0,3,38.6667,,,,
5465369,1995,13094,1993,"RO","",,1,1,709,2,22,5,1,1,0,0.72,3,4,,,,
5480293,1996,13150,1993,"RO","",717256,3,1,417,5,53,4,0,0.25,,0,,33,0,0,,
5481233,1996,13150,1994,"RO","",,1,8,333,2,21,7,0,1,,0,,14.2857,,,,
5502088,1996,13234,1994,"RO","",,1,8,524,1,15,3,3,0.6667,0.4444,0,3,23.3333,,,,
5545135,1996,13374,1994,"RO","",72095,2,26,604,3,32,32,2,1,0.5,0.5488,1,4.375,0.0556,0.0313,0,0
