4429572,1984,8803,1981,"RO","",276765,3,2,73,4,43,5,0,0.6,,0,,28.6,0,0,,
4447755,1984,8894,1982,"RO","",276685,3,1,310,4,45,5,4,0.8,0,0.375,8.25,13.2,0,0,0,0
4477743,1984,9055,1982,"RO","",276705,3,4,310,4,45,3,1,0.6667,0,0,7,17,0,0,0,0
4482376,1984,9083,1983,"RO","",276705,3,3,75,5,52,5,7,0.8,0.6122,0.375,6.2857,15.4,0,0,0,0
4483289,1984,9090,1981,"RO","",,1,5,123,5,53,4,10,0.5,0.18,0,10.5,37,,,,
4496864,1985,9160,1984,"RO","",471995,3,3,310,4,45,8,0,0.75,,0,,17.75,0,0,,
4501986,1985,9188,1979,"RO","",276735,3,10,310,4,45,5,3,0.8,0.4444,0,13.6667,33.8,0,0,0,0
4502284,1985,9195,1982,"RO","",276910,3,2,60,4,45,5,2,1,0.5,0,10.5,11.6,0,0,0,0
4569314,1986,9538,1982,"RO","",276900,7,1,123,5,53,6,0,0,,,,60.6667,0,0,,
4589534,1986,9636,1983,"RO","",274905,3,5,192,5,53,18,4,0.6667,0.625,0.5278,11.5,24.3889,0,0,0,0
4658742,1987,9972,1984,"RO","",276705,3,10,112,6,63,5,1,1,0,0.64,4,8.2,0,0,0,0
4688468,1987,10098,1986,"RO","",283645,3,2,91,5,53,20,3,0.75,0.6667,0.6667,3.3333,15.45,0,0,0,0
4689347,1987,10098,1985,"RO","",94955,3,1,514,3,31,1,1,1,0,0,9,4,0,0,0,0
4702487,1987,10161,1983,"RO","",276765,3,10,208,1,19,10,5,0.8,0,0.2188,10,13.1,0,0,0,0
4704281,1987,10168,1985,"RO","",148610,3,2,424,3,31,0,0,,,,,,,,,
4753770,1988,10406,1987,"RO","",276890,3,1,376,4,44,1,1,1,0,0,4,7,0,0,0,0
