4808071,1989,10651,1988,"HK","",93675,3,8,416,1,19,7,1,1,0,0.6122,6,5,0,0,0,0
4808446,1989,10651,1988,"HK","",,1,5,428,6,69,7,2,0.8571,0,0.7222,2.5,16.1429,,,,
4809299,1989,10651,1986,"HK","",,1,38,375,2,21,4,6,1,0.2778,0.625,4.8333,6.25,,,,
4811313,1989,10658,1987,"HK","",517520,3,13,369,2,24,2,0,0,,,,48.5,0,0,,
4812616,1989,10665,1987,"HK","",,1,11,219,4,49,13,0,0.5385,,0.2449,,31.3846,,,,
4812693,1989,10665,1987,"HK","",296040,3,6,310,4,45,11,0,1,,0.6446,,9.5455,0,0,,
4816003,1989,10679,1987,"HK","",103930,3,6,446,6,62,10,3,0.1,0.4444,0,4,52.8,0,0,0,0
4816301,1989,10679,1988,"HK","",348230,2,7,428,6,69,5,0,1,,0.32,,11.2,0,0,,
4824416,1989,10707,1988,"HK","",,4,4,446,6,62,6,5,1,0.72,0,4.6,8.8333,,,,
4825554,1989,10714,1988,"HK","",375545,3,9,30,6,65,3,1,0.3333,0,0,9,30,0,0,0,0
4826069,1989,10714,1988,"HK","",40645,3,6,228,5,52,4,2,1,0,0.375,5,10,0,0,0,0
4826428,1989,10714,1988,"HK","",315045,3,6,431,6,66,4,5,1,0.48,0.375,7.8,11.25,0,0,0,0
4827300,1989,10714,1988,"HK","",189170,3,11,396,5,54,10,1,1,0,0,4,10.2,0,0,0,0
4829254,1989,10721,1987,"HK","",296040,3,14,324,4,43,4,2,1,0,0.375,4,8.75,0,0,0,0
4829572,1989,10721,1987,"HK","",,5,55,704,2,22,4,7,1,0,0,6.1429,8.25,,,,
4831372,1989,10728,1986,"HK","",41815,3,31,345,2,23,5,3,1,0.6667,0.64,4.6667,16,0,0,0,0
4832650,1989,10735,1988,"HK","",156975,3,7,446,6,62,3,7,0.6667,0.6939,0,6.2857,29.6667,0,0,0,0
4834010,1989,10742,1988,"HK","",433205,3,9,112,6,63,7,7,0.7143,0.449,0,5.8571,22.1429,0,0,0,0
4834446,1989,10742,1987,"HK","",,1,12,296,5,55,4,12,0.75,0.2778,0,5.4167,13.75,,,,
4835430,1989,10742,1988,"HK","",296040,3,5,310,4,45,5,6,0.8,0.7222,0.625,3.3333,11.4,0,0,0,0
4836786,1989,10749,1987,"HK","",711016,2,4,434,6,69,12,9,0.8333,0.5185,0.86,5.7778,11.1667,0,0,0,0
4837892,1989,10756,1988,"HK","",116910,2,4,16,5,59,8,14,0.5,0.7653,0.75,6.5714,30.125,0,0,0,0
4840599,1989,10763,1987,"HK","",595075,3,16,446,6,62,5,2,0.6,0.5,0.4444,6.5,25.2,0,0,0,0
4842308,1989,10770,1988,"HK","",45745,2,6,285,6,67,7,5,0.4286,0.32,0,3.8,31.8571,0,0,0,0
4844583,1989,10777,1987,"HK","",,1,7,359,5,54,6,5,0.3333,0.32,0.5,5.6,32.5,,,,
4851729,1989,10798,1988,"HK","",296040,3,13,310,4,45,9,2,1,0,0,4,13.1111,0,0,0,0
4855632,1989,10812,1987,"HK","",296040,3,10,310,4,45,7,5,0.8571,0,0,6,15.4286,0,0,0,0
4858207,1989,10819,1988,"HK","",373920,3,6,368,6,69,4,4,0.75,0.625,0.4444,4.25,9.75,0,0,0,0
4859893,1989,10826,1988,"HK","",296040,3,7,310,4,45,4,5,1,0,0.625,4.6,4.5,0,0,0,0
4860147,1989,10826,1988,"HK","",514610,3,21,361,4,45,11,5,0.5455,0.32,0.7222,7,29.9091,0.2,0.0909,0,0
4862436,1989,10833,1988,"HK","",241455,3,13,368,6,69,3,2,1,0.5,0.6667,6,17.6667,0,0,0,0
4864695,1989,10847,1988,"HK","",,1,48,24,6,63,11,4,0.3636,0.75,0.375,4.25,39.4545,,,,
4867259,1989,10854,1987,"HK","",212945,2,10,177,6,69,3,2,1,0.5,0,7.5,4,0,0,0,0
4868724,1989,10854,1989,"HK","",641950,3,4,362,4,42,6,3,0.3333,0.4444,0,5.3333,32.1667,0,0,0,0
4868913,1989,10854,1987,"HK","",,1,5,345,2,23,11,6,1,0.5,0.7438,6.5,4.3636,,,,
4873464,1989,10875,1988,"HK","",296040,3,18,310,4,45,5,8,1,0,0.48,5.875,6.8,0,0,0,0
4876474,1989,10889,1988,"HK","",296040,3,14,310,4,45,7,3,1,0,0.449,5,8,0.1429,0.1429,0,0
4879007,1989,10903,1988,"HK","",453910,3,17,205,1,19,5,7,0.8,0.4898,0.375,5.7143,19.4,0,0,0.1429,0.1429
4881000,1989,10910,1987,"HK","",296040,3,10,310,4,45,5,4,0.8,0,0.625,5.5,14.6,0.25,0.2,0,0
4881559,1989,10917,1986,"HK","",630375,2,30,132,6,65,6,3,1,0.4444,0.4444,8.3333,13.1667,0.5,0.3333,0,0
4883388,1989,10924,1987,"HK","",,1,19,405,6,64,19,7,0.8421,0.4082,0.7344,6.5714,16.1053,,,,
4883998,1989,10924,1987,"HK","",296040,3,13,310,4,45,5,2,1,0,0,5.5,13.4,0,0,0,0
4884989,1989,10931,1988,"HK","",577010,3,5,446,6,62,2,5,1,0,0.5,9.2,4,1,0.5,1,0.8
4885870,1989,10938,1988,"HK","",,1,15,47,6,61,1,8,1,0,0,4.875,25,,,,
4887199,1989,10938,1987,"HK","",41815,3,10,363,4,45,5,10,1,0.46,0.32,6.8,7.4,0,0,0.1,0.1
4890910,1990,10959,1985,"HK","",445890,2,5,351,3,39,32,5,0.6563,0,0.2449,9.8,24.0938,0,0,0,0
4891571,1990,10959,1988,"HK","",,1,15,323,4,45,6,4,1,0.625,0.4444,6.25,13.8333,,,,
4892501,1990,10966,1988,"HK","",359100,2,26,446,6,62,18,1,0.5,0,0.7901,4,31.6667,0,0,0,0
4892999,1990,10966,1988,"HK","",334040,3,20,235,5,59,3,0,1,,0.6667,,7.6667,0,0,,
4893043,1990,10966,1988,"HK","",296040,3,4,310,4,45,3,1,1,0,0,3,6.6667,0,0,0,0
4895376,1990,10980,1988,"HK","",575465,2,55,463,6,62,6,19,1,0.5429,0.6667,5.0526,4.6667,0,0,0,0
4897064,1990,10987,1988,"HK","",184845,3,3,441,6,69,7,2,0.4286,0.5,0.4444,5,26.7143,0,0,0,0
4897680,1990,10987,1989,"HK","",,1,7,396,5,54,6,3,1,0,0.2778,5.3333,14.1667,,,,
4898060,1990,10994,1988,"HK","",,1,4,84,6,69,9,9,0.8889,0.7901,0.7188,5.6667,8.2222,,,,
4898090,1990,10994,1988,"HK","",366500,3,12,99,6,61,4,1,0.75,0,0,10,29.25,0,0,0,0
4901569,1990,11008,1988,"HK","",311995,3,6,73,4,43,7,5,1,0.8,0.5714,4.2,5.1429,0,0,0,0
4902057,1990,11008,1989,"HK","",252135,3,20,292,6,69,6,4,1,0,0,4.75,3.3333,0,0,0,0
4903069,1990,11008,1989,"HK","",267240,2,9,355,5,54,5,39,1,0.7982,0.72,5.0513,11.6,0,0,0,0
4904203,1990,11015,1988,"HK","",296040,3,18,439,4,41,11,1,0.8182,0,0,8,19.0909,0,0,0,0
4909882,1990,11036,1989,"HK","",,1,6,156,1,19,10,0,0.6,,0.6667,,27.9,,,,
4911530,1990,11043,1989,"HK","",,1,8,359,5,54,4,3,0.5,0.4444,0,4.3333,22.75,,,,
4916588,1990,11057,1988,"HK","",14735,3,13,362,4,42,20,6,0.5,0,0,5.5,29.35,0,0,0,0
4919561,1990,11071,1989,"HK","",,1,8,403,6,67,12,1,0.5833,0,0.7755,7,33.6667,,,,
4923721,1990,11085,1988,"HK","",174545,2,9,428,6,69,11,9,0.7273,0.7407,0.7813,5.4444,20.9091,0,0,0,0
4927379,1990,11099,1988,"HK","",296040,3,11,439,4,41,3,5,0.6667,0.48,0,5,16.3333,0,0,0,0
4928796,1990,11106,1988,"HK","",,1,25,187,5,55,6,1,0,0,,2,52.1667,,,,
4929212,1990,11106,1989,"HK","",31565,3,8,446,6,62,9,4,0.8889,0.375,0.4688,4.75,13.3333,0,0,0,0
4930019,1990,11106,1988,"HK","",,1,1,386,4,49,5,13,0.8,0.8284,0.375,7.1538,13.2,,,,
4930210,1990,11113,1988,"HK","",296040,3,4,29,5,52,6,3,0.8333,0,0.72,7,13.5,0.2,0.1667,0,0
4932521,1990,11120,1989,"HK","",258610,3,61,206,6,68,15,1,0.5333,0,0.4063,9,30.4,0,0,0,0
4935977,1990,11134,1988,"HK","",635935,3,28,5,6,65,11,2,0.6364,0,0.6531,5,26.8182,0,0,0,0
4937938,1990,11141,1989,"HK","",264520,3,3,30,6,65,4,1,0.75,0,0,8,16,0,0,0,0
4941262,1990,11155,1989,"HK","",172625,3,6,30,6,65,4,0,0,,,,63.75,0,0,,
4945523,1990,11169,1989,"HK","",,1,9,368,6,69,3,4,0.6667,0,0,4.25,21.3333,,,,
4946172,1990,11176,1989,"HK","",207330,2,16,473,6,62,19,3,0.8421,0.4444,0.7188,5.6667,17.1053,0,0,0,0
4949030,1990,11183,1987,"HK","",41815,3,14,324,4,43,16,2,0.875,0.5,0.7449,6.5,18.0625,0,0,0,0
4952660,1990,11197,1989,"HK","",264840,2,16,528,1,15,2,2,1,0.5,0,3,6,0,0,0,0
4953027,1990,11197,1989,"HK","",386735,2,16,348,4,49,7,12,1,0.6944,0.4082,5.0833,3.7143,0,0,0,0
4955412,1990,11211,1989,"HK","",120125,2,10,141,5,51,12,6,0.5,0.6667,0.7222,2.6667,36.0833,0,0,0,0
4955707,1990,11211,1986,"HK","",445890,2,16,351,3,39,8,3,1,0.4444,0.375,8,19.625,0,0,0,0
4956572,1990,11211,1989,"HK","",296045,3,11,310,4,45,2,4,0.5,0,0,1.75,32.5,0,0,0.5,0.5
4962427,1990,11239,1989,"HK","",386735,2,13,348,4,49,5,13,1,0.5207,0.32,4.6923,2.4,0,0,0,0
4962428,1990,11239,1989,"HK","",386735,2,9,348,4,49,5,20,1,0.335,0.32,4.95,2.4,0,0,0.05,0.05
4965144,1990,11253,1989,"HK","",556065,3,9,429,4,45,5,0,0.8,,0,,25.6,0,0,,
4968255,1990,11267,1988,"HK","",610780,2,17,434,6,69,8,12,1,0.4167,0.4063,6.0833,9.75,0,0,0,0
4968870,1990,11267,1988,"HK","",622880,3,10,219,4,49,8,3,1,0.4444,0.75,7.6667,10.125,0,0,0,0
4969692,1990,11274,1989,"HK","",612705,3,3,301,5,55,5,5,0.2,0.48,0,5.4,33.6,0,0,0,0
4972435,1990,11281,1989,"HK","",,1,38,375,2,21,5,2,1,0.5,0.64,1,6,,,,
4973148,1990,11288,1985,"HK","",445890,2,16,351,3,39,32,2,0.6875,0,0.2355,8,23.375,0,0,0.5,0.5
4973630,1990,11288,1986,"HK","",254155,2,22,525,1,15,0,2,,0,,7,,,,0.5,0.5
4974613,1990,11295,1989,"HK","",630375,2,20,132,6,65,2,2,0.5,0.5,0,6.5,21.5,0,0,0,0
4975612,1990,11295,1989,"HK","",296045,3,7,310,4,45,3,3,1,0,0.4444,3.6667,7.3333,0,0,0.6667,0.6667
4975809,1990,11295,1988,"HK","",583445,2,12,362,4,42,12,16,1,0.4609,0.5,4.625,8.5,0,0,0.2222,0.125
4977343,1990,11302,1989,"HK","",296045,3,2,310,4,45,6,1,0.6667,0,0.75,5,23.6667,0,0,0,0
4977488,1990,11302,1990,"HK","",45745,3,9,362,4,42,4,4,0.75,0.375,0.4444,4,22.75,0,0,0,0
4977489,1990,11302,1989,"HK","",190460,3,7,362,4,42,3,9,0.6667,0,0,5.3333,14.6667,0,0,0,0
4977493,1990,11302,1989,"HK","",41815,3,14,363,4,45,3,19,1,0.277,0.4444,5.5789,9.3333,0,0,0.0625,0.0526
4981300,1991,11323,1989,"HK","",489600,3,6,273,6,62,6,8,1,0.6563,0.2778,5,11.8333,0,0,0.4,0.25
4983866,1991,11330,1989,"HK","",296045,3,6,310,4,45,4,3,0.75,0.4444,0.4444,3.3333,22.5,0,0,0.3333,0.3333
4983871,1991,11330,1989,"HK","",296045,3,8,310,4,45,2,5,1,0,0,5.8,6,0,0,0.6,0.6
4983872,1991,11330,1989,"HK","",296045,3,8,310,4,45,10,3,1,0,0,4,8.3,0,0,0,0
4986789,1991,11344,1989,"HK","",,1,10,446,6,62,10,3,0.8,0.6667,0.4063,4.3333,15.5,,,,
4993128,1991,11372,1989,"HK","",,1,36,24,6,63,11,2,0.2727,0.5,0,5.5,39,,,,
4996456,1991,11379,1989,"HK","",296045,3,15,310,4,45,4,0,1,,0.625,,8.75,0,0,,
4997304,1991,11386,1989,"HK","",,1,12,403,6,67,5,2,0.6,0,0,5,21.8,,,,
4999863,1991,11400,1990,"HK","",419380,3,16,5,6,65,8,17,0.375,0.609,0.4444,5.2941,29.375,0,0,0,0
4999990,1991,11400,1990,"HK","",576095,2,4,59,6,69,4,0,1,,0,,12.5,0,0,,
5001620,1991,11400,1989,"HK","",41815,3,19,363,4,45,5,36,1,0.5926,0.32,5.6667,4.2,0,0,0.2188,0.1944
5003622,1991,11407,1989,"HK","",41815,3,19,455,2,21,4,6,1,0.4444,0.5,3.5,9.25,0,0,0,0
5005034,1991,11414,1990,"HK","",4275,3,5,396,5,54,1,1,1,0,0,7,9,0,0,0,0
5006742,1991,11421,1989,"HK","",296045,3,4,310,4,45,4,5,1,0,0,4.8,8,0,0,0,0
5006821,1991,11421,1989,"HK","",41815,3,13,333,2,21,7,3,0.7143,0.4444,0.56,2.6667,20.7143,0,0,0,0
5007636,1991,11428,1990,"HK","",,1,12,273,6,62,10,8,1,0.5938,0.54,4.625,11.9,,,,
5008577,1991,11428,1989,"HK","",296045,3,4,310,4,45,2,9,1,0.1975,0,4.8889,2.5,0,0,0.3333,0.3333
5010661,1991,11442,1990,"HK","",,1,11,36,6,63,9,17,0.8889,0.1107,0,4.6471,14.7778,,,,
5012149,1991,11442,1989,"HK","",296045,3,6,310,4,45,4,4,1,0,0.375,2.75,5.25,0.25,0.25,0.6667,0.5
5012755,1991,11449,1989,"HK","",396215,3,2,114,5,55,8,6,0.75,0.2778,0.2778,2.8333,21.5,0,0,0.25,0.1667
5015896,1991,11456,1989,"HK","",296045,3,3,310,4,45,3,3,1,0,0,2.3333,7,0,0,0.6667,0.6667
5016033,1991,11456,1989,"HK","",4275,3,12,396,5,54,5,1,0.8,0,0,8,15.6,0,0,0,0
5019855,1991,11470,1989,"HK","",267240,2,15,355,5,54,2,9,1,0.6914,0.5,4.6667,6,0,0,0,0
5019935,1991,11470,1990,"HK","",,1,1,361,4,45,1,13,1,0.6272,0,3.9231,16,,,,
5025643,1991,11498,1990,"HK","",280315,2,8,63,6,69,5,0,0.4,,0.5,,25.4,0,0,,
5027632,1991,11505,1990,"HK","",,1,15,72,5,52,10,1,0.9,0,0,5,19,,,,
5028047,1991,11505,1990,"HK","",105795,3,2,273,6,62,5,4,1,0.375,0,4.25,13.2,0,0,0.3333,0.25
5029061,1991,11505,1989,"HK","",,1,8,363,4,45,6,3,1,0.4444,0.6111,6.3333,3.5,,,,
5029702,1991,11512,1990,"HK","",158910,2,12,206,6,68,1,4,0,0.625,,4.5,49,0,0,0,0
5029732,1991,11512,1989,"HK","",68735,3,7,222,1,19,4,10,0.5,0.34,0.5,5.9,30,0,0,0,0
5030178,1991,11512,1988,"HK","",,1,8,475,5,53,9,2,0.6667,0,0.2778,5,25,,,,
5032099,1991,11519,1990,"HK","",68745,3,5,446,6,62,11,4,0.6364,0.375,0.6122,3.5,29,0,0,0,0
5033200,1991,11526,1990,"HK","",,1,9,33,6,69,8,1,0.125,0,0,7,63,,,,
5035056,1991,11533,1989,"HK","",,1,4,30,6,65,3,1,0.6667,0,0,8,30.3333,,,,
5035432,1991,11533,1990,"HK","",,1,13,473,6,62,4,4,0.75,0,0.6667,4,9,,,,
5038161,1991,11540,1990,"HK","",,1,6,396,5,54,6,5,0.8333,0,0,4.8,16.6667,,,,
5039698,1991,11547,1990,"HK","",,1,12,514,3,31,0,1,,0,,6,,,,,
5041947,1991,11554,1990,"HK","",,1,14,362,4,42,10,6,1,0.6111,0.78,4.6667,11.1,,,,
5045832,1991,11568,1989,"HK","",41815,3,20,338,4,41,5,6,1,0.7778,0.72,3,7.8,0,0,0,0
5046293,1991,11575,1989,"HK","",637565,3,11,52,6,69,10,0,0.6,,0.5,,26.3,0.8,0.4,,
5046781,1991,11575,1989,"HK","",,1,3,297,6,65,5,1,0.4,0,0,8,22.6,,,,
5046980,1991,11575,1990,"HK","",235600,2,27,446,6,62,11,5,0.6364,0.56,0.7347,4.8,22.1818,0,0,0,0
5051068,1991,11589,1990,"HK","",,1,6,417,5,53,1,2,1,0.5,0,4,2,,,,
5054782,1991,11603,1990,"HK","",322935,3,14,273,6,62,6,0,1,,0,,12.1667,0,0,,
5055984,1991,11603,1989,"HK","",75810,2,1,362,4,42,9,6,0.8889,0.2778,0,4.8333,9.5556,0,0,0,0
5056291,1991,11610,1989,"HK","",517320,3,14,52,6,69,13,2,0.8462,0,0.7603,4.5,18.1538,0,0,0,0
5057005,1991,11610,1989,"HK","",,1,14,431,6,66,6,2,1,0,0,9,7.5,,,,
5065148,1991,11638,1989,"HK","",386735,2,8,345,2,23,4,2,1,0,0.375,5.5,8,0,0,0,0
5067175,1991,11652,1990,"HK","",,1,20,2,6,63,11,6,1,0,0,4.6667,5.9091,,,,
5072662,1991,11673,1990,"HK","",222750,3,5,99,6,61,9,5,0.8889,0,0,6.4,13.7778,0,0,0.4,0.4
5084308,1992,11715,1990,"HK","",212126,3,14,428,6,69,4,0,1,,0.625,,11.5,0,0,,
5085358,1992,11722,1990,"HK","",,1,17,223,6,63,12,6,0.0833,0,0,4.8333,38.3333,,,,
5086675,1992,11729,1990,"HK","",,1,12,81,5,59,2,3,0,0.4444,,6.3333,45,,,,
5087089,1992,11729,1991,"HK","",,1,7,292,6,69,5,1,0,0,,2,62.4,,,,
5087465,1992,11729,1991,"HK","",,1,20,426,6,61,2,1,1,0,0,4,3.5,,,,
5088223,1992,11736,1990,"HK","",,1,21,43,6,61,10,5,0.9,0.56,0.3704,6.2,13.5,,,,
5089998,1992,11736,1991,"HK","",,1,7,368,6,69,3,6,1,0.6111,0,4.8333,2.6667,,,,
5092810,1992,11750,1990,"HK","",,4,35,446,6,62,26,5,1,0.56,0.3876,5.2,7.8077,,,,
5094558,1992,11757,1990,"HK","",38845,2,7,401,1,12,9,1,0.5556,0,0.32,4,34.2222,0,0,0,0
5095239,1992,11757,1989,"HK","",296045,3,5,310,4,45,7,4,0.8571,0,0.2778,7.25,16.7143,0,0,0.6667,0.5
5096304,1992,11764,1990,"HK","",393900,3,6,374,4,43,5,1,0.8,0,0.625,2,21.2,0,0,0,0
5097170,1992,11764,1990,"HK","",296045,3,2,310,4,45,10,5,1,0.56,0.42,6.2,9.5,0,0,0,0
5097403,1992,11764,1991,"HK","",41815,3,27,363,4,45,2,3,1,0.6667,0.5,3.6667,6,0,0,0,0
5101572,1992,11785,1990,"HK","",,1,12,33,6,69,2,1,1,0,0,3,10,,,,
5102019,1992,11785,1990,"HK","",,1,9,223,6,63,17,6,0.1765,0,0,6,35.1176,,,,
5104295,1992,11792,1990,"HK","",,1,3,417,5,53,2,3,1,0.4444,0.5,4.6667,8.5,,,,
5105068,1992,11792,1991,"HK","",,1,3,235,5,59,3,0,1,,0.6667,,6.3333,,,,
5105490,1992,11799,1989,"HK","",,1,2,5,6,65,12,7,1,0.4082,0.4028,4.7143,8.6667,,,,
5106100,1992,11799,1990,"HK","",213901,3,33,273,6,62,6,1,0.8333,0,0,5,20,0,0,0,0
5107404,1992,11799,1989,"HK","",41815,3,14,361,4,45,11,33,1,0.7291,0.562,5.2121,5.9091,0,0,0,0
5108800,1992,11806,1990,"HK","",596420,3,3,428,6,69,10,2,0.8,0,0.2188,3,15.5,0,0,1,0.5
5109472,1992,11806,1989,"HK","",,1,7,392,4,41,3,0,0.6667,,0,,33,,,,
5111745,1992,11820,1990,"HK","",,1,3,101,6,69,6,6,1,0.2778,0,3.8333,8.6667,,,,
5119724,1992,11848,1991,"HK","",683150,3,12,101,6,69,5,1,0.6,0,0,5,30.2,0,0,0,0
5121707,1992,11855,1990,"HK","",683377,3,9,118,1,12,5,5,1,0.72,0.8,6.4,9.8,0,0,0,0
5124599,1992,11862,1991,"HK","",683653,3,8,310,4,45,5,2,1,0,0.56,5.5,7.4,0,0,0,0
5125422,1992,11869,1991,"HK","",683738,3,4,132,6,65,6,1,0.6667,0,0.375,7,28.6667,0,0,0,0
5125800,1992,11869,1990,"HK","",,1,2,417,5,53,3,2,1,0,0.4444,5.5,8.6667,,,,
5126534,1992,11869,1991,"HK","",683849,3,11,219,4,49,8,1,0.5,0,0.375,3,33.625,0,0,0,0
5126572,1992,11869,1990,"HK","",,1,11,250,4,44,15,3,0.9333,0.4444,0.1327,5.3333,7.1333,,,,
5126686,1992,11869,1989,"HK","",41815,3,14,330,4,41,7,29,1,0.692,0,5.2414,9,0,0,0,0
5128578,1992,11876,1989,"HK","",,1,3,310,4,45,1,3,1,0.4444,0,4.6667,7,,,,
5131704,1992,11890,1990,"HK","",324215,3,15,294,5,59,14,3,1,0,0.3673,7.3333,14.0714,0,0,0,0
5131766,1992,11890,1990,"HK","",,1,13,400,5,59,1,8,1,0.6563,0,4.125,5,,,,
5137383,1992,11911,1990,"HK","",,1,5,400,5,59,19,3,1,0.4444,0.6593,2.6667,11.3684,,,,
5138212,1992,11911,1991,"HK","",296045,3,4,310,4,45,7,3,1,0,0,4.3333,4.2857,0.1429,0.1429,0,0
5140712,1992,11925,1991,"HK","",,1,1,4,6,65,3,2,1,0,0,4.5,11.3333,,,,
5142467,1992,11925,1991,"HK","",685373,3,5,362,4,42,7,1,0.2857,0,0.5,3,42.1429,0,0,0,0
5142564,1992,11925,1990,"HK","",,1,5,379,2,21,14,7,1,0.449,0.4388,5.1429,7,,,,
5144516,1992,11932,1991,"HK","",685577,3,25,361,4,45,14,0,0.9286,,0.497,,10.2143,0,0,,
5145396,1992,11939,1991,"HK","",28115,2,12,439,4,41,4,11,1,0.5785,0,3.4545,1,0,0,0,0
5147129,1992,11946,1991,"HK","",583445,3,4,362,4,42,11,10,0.6364,0.7,0.4082,3.4,21.1818,0.5,0.0909,0,0
5147237,1992,11946,1991,"HK","",685771,2,25,446,6,62,28,3,1,0.6667,0.4184,3.3333,7.4643,0,0,0,0
5148411,1992,11946,1991,"HK","",530540,3,6,367,2,21,3,0,1,,0.4444,,7.6667,0,0,,
5150032,1992,11953,1990,"HK","",41815,3,5,320,4,45,7,10,1,0.54,0.2449,5.3,12.2857,0,0,0,0
5150488,1992,11960,1991,"HK","",686172,3,3,7,5,59,9,1,0.5556,0,0.32,4,35.8889,0,0,0,0
5150964,1992,11960,1991,"HK","",,1,8,362,4,42,7,9,0.7143,0.3704,0,5,17.7143,,,,
5151060,1992,11960,1991,"HK","",,1,4,441,6,69,2,2,0.5,0,0,4,40.5,,,,
5153474,1992,11967,1991,"HK","",296045,3,25,310,4,45,6,2,1,0,0,6,9,0.1667,0.1667,0,0
5153566,1992,11967,1991,"HK","",686439,3,17,340,2,21,2,9,1,0.6667,0.5,4.3333,19,0,0,0,0
5157757,1992,11981,1991,"HK","",686831,3,2,392,4,41,5,10,0.6,0.46,0.6667,3.7,40.8,0,0,0,0
5161317,1992,12002,1991,"HK","",687197,3,5,34,1,19,4,9,1,0.6173,0.5,4.2222,7,0,0,0,0
5164610,1992,12009,1992,"HK","",,1,6,307,4,49,10,0,0.5,,0.8,,43.6,,,,
5168588,1992,12030,1991,"HK","",,1,20,5,6,65,7,3,1,0,0,2.3333,5.7143,,,,
5169104,1992,12030,1991,"HK","",,1,12,248,6,69,12,3,1,0.6667,0.6806,5.3333,8.4167,,,,
5172880,1992,12044,1991,"HK","",686831,3,4,248,6,69,12,3,0.5,0.6667,0.4444,5.6667,45,0,0,0,0
5173846,1992,12044,1991,"HK","",41815,3,25,363,4,45,9,15,1,0.1327,0.1975,3.0714,4.7778,0,0,0.3571,0.3333
5174142,1992,12051,1991,"HK","",,1,16,72,5,52,6,2,0.8333,0,0.32,3.5,19.3333,,,,
5174569,1992,12051,1990,"HK","",38645,3,4,463,6,62,9,3,0.8889,0.6667,0.7755,4.6667,19.8889,0,0,0,0
5175525,1992,12051,1991,"HK","",41815,3,13,336,4,41,12,9,0.75,0.3704,0.1975,4.1111,21.1667,0,0,0,0
5177431,1993,12058,1991,"HK","",41815,3,24,323,4,45,6,8,1,0.2188,0,2.875,4.3333,0,0,0,0
5180247,1993,12072,1991,"HK","",689037,3,37,402,5,59,6,2,1,0,0,5.5,19.1667,0,0,0.5,0.5
