5181322,1993,12079,1991,"HK","",359890,3,16,30,6,65,7,3,0.7143,0,0.32,4.3333,19.7143,0,0,0,0
5186969,1993,12100,1991,"HK","",,1,8,426,6,61,4,3,0.75,0,0.4444,4.6667,18,,,,
5187814,1993,12107,1991,"HK","",,1,14,2,6,63,11,1,0.6364,0,0,4,22.0909,,,,
5189329,1993,12107,1991,"HK","",296045,3,1,310,4,45,9,1,0.7778,0,0.2449,3,20.4444,0.3333,0.2222,0,0
5189947,1993,12114,1992,"HK","",101565,3,4,99,6,61,19,4,0.6842,0,0.5562,4.75,29.7368,0,0,0,0
5190489,1993,12114,1992,"HK","",690041,2,4,441,6,69,5,1,0.6,0,0,5,28.6,0,0,0,0
5190493,1993,12114,1992,"HK","",690043,2,10,446,6,62,4,0,0.25,,0,,56.5,0,0,,
5191992,1993,12121,1992,"HK","",690190,3,20,220,6,68,5,2,1,0.5,0.72,1.5,7.6,0,0,0,0
5193217,1993,12121,1990,"HK","",386735,2,5,455,2,21,5,0,1,,0.56,,18.2,0.3333,0.2,,
5193676,1993,12128,1991,"HK","",,1,25,206,6,68,9,4,0.6667,0.625,0.7222,4.25,23.7778,,,,
5195550,1993,12135,1991,"HK","",,1,12,135,6,69,15,4,0.1333,0.375,0,2.75,71.9333,,,,
5196750,1993,12135,1991,"HK","",296045,3,9,310,4,45,4,11,1,0,0,3.9091,7,0,0,0.0909,0.0909
5196945,1993,12135,1990,"HK","",386735,2,8,358,2,21,8,2,1,0,0.5313,2.5,5.75,0,0,0,0
5197046,1993,12135,1992,"HK","",690689,3,2,368,6,69,3,2,0.3333,0,0,3,34.6667,0,0,0,0
5198230,1993,12142,1991,"HK","",,1,8,424,3,31,2,2,1,0,0,4,2,,,,
5201063,1993,12149,1989,"HK","",41815,3,2,455,2,21,4,14,1,0.5306,0.625,5.2857,5.75,0,0,0,0
5201583,1993,12156,1992,"HK","",687212,3,9,374,4,43,6,0,0.8333,,0.56,,18.6667,0,0,,
5206800,1993,12170,1992,"HK","",41815,3,13,363,4,45,9,9,1,0.1975,0.1975,2.3333,5.7778,0,0,0,0
5208849,1993,12177,1991,"HK","",691720,3,7,379,2,21,3,5,1,0,0.4444,5.2,8.3333,0,0,0,0
5212366,1993,12191,1992,"HK","",686831,3,2,219,4,49,1,9,1,0.4444,0,2.8889,16,0,0,0.2857,0.2222
5213334,1993,12198,1992,"HK","",,1,16,273,6,62,10,4,0.6,0.375,0,4.5,37.1,,,,
5216305,1993,12205,1991,"HK","",296045,3,2,310,4,45,6,2,0.6667,0.5,0.5,2.5,19.5,0,0,0,0
5217286,1993,12212,1991,"HK","",583445,3,8,362,4,42,32,1,0.875,0,0.6607,7,13.8438,0.1538,0.0625,0,0
5217297,1993,12212,1991,"HK","",295735,3,5,362,4,42,13,10,0.6154,0.18,0.2188,4,25.6154,0,0,0.2222,0.2
5218909,1993,12219,1992,"HK","",,1,19,104,5,55,7,3,1,0.4444,0.6939,4.3333,18.5714,,,,
5219291,1993,12219,1992,"HK","",610780,2,14,434,6,69,14,21,1,0.8481,0.7245,2.3333,8.9286,0,0,0,0
5220304,1993,12219,1992,"HK","",41815,3,8,336,4,41,11,1,0.5455,0,0.4444,6,32.7273,0,0,0,0
5220735,1993,12226,1991,"HK","",692844,3,11,36,6,63,5,1,0.2,0,0,6,60.4,0,0,0,0
5220855,1993,12226,1992,"HK","",,1,3,81,5,59,1,1,1,0,0,6,7,,,,
5224850,1993,12240,1991,"HK","",,1,6,418,5,53,8,1,0.75,0,0.2778,4,28.5,,,,
5227262,1993,12247,1992,"HK","",,1,20,429,4,45,5,8,1,0.5313,0.72,1.625,1.6,,,,
5227653,1993,12247,1991,"HK","",407820,2,9,257,4,46,9,2,1,0,0.1975,5,4.3333,0,0,0,0
5229759,1993,12254,1991,"HK","",386735,2,5,345,2,23,5,1,1,0,0,4,5.6,0,0,0,0
5230406,1993,12261,1992,"HK","",,1,6,187,5,55,1,2,1,0,0,3.5,1,,,,
5230435,1993,12261,1992,"HK","",,1,2,220,6,68,5,0,1,,0.32,,7.4,,,,
5230563,1993,12261,1991,"HK","",530540,3,9,374,4,43,8,4,1,0.625,0.5313,4.5,10.625,0,0,0,0
5233650,1993,12268,1991,"HK","",551650,3,14,379,2,21,7,4,0.4286,0.375,0.4444,5,29.8571,0,0,0,0
5234129,1993,12275,1992,"HK","",694084,3,2,222,1,19,4,3,0.5,0.6667,0,3.6667,29,0,0,0,0
5234452,1993,12275,1992,"HK","",,1,3,606,3,32,2,4,1,0,0.5,2.75,6,,,,
5235254,1993,12275,1991,"HK","",694164,3,13,315,4,42,10,3,1,0,0.18,3.3333,7.9,0,0,0,0
5235707,1993,12282,1993,"HK","",,1,1,4,6,65,5,3,1,0,0,2,6.8,,,,
5237922,1993,12289,1992,"HK","",,1,4,101,6,69,5,8,1,0.2188,0.32,3,12.4,,,,
5238250,1993,12289,1990,"HK","",694466,3,13,463,6,62,9,4,1,0,0.4938,4.25,4.7778,0,0,0,0
5240140,1993,12296,1991,"HK","",,1,21,221,5,51,7,3,1,0.4444,0.449,4.6667,7.4286,,,,
5240297,1993,12296,1993,"HK","",,1,9,292,6,69,5,0,0.4,,0,,62.8,,,,
5240526,1993,12296,1992,"HK","",596420,3,12,156,1,19,13,1,0.8462,0,0.1653,2,14.6154,1,0.0769,0,0
5242421,1993,12303,1992,"HK","",,1,7,604,3,32,4,3,1,0,0.375,2,2.25,,,,
5243214,1993,12303,1992,"HK","",407820,2,8,257,4,46,8,15,1,0.4444,0.2188,2.8,9.75,0,0,0,0
5251637,1993,12338,1991,"HK","",530540,3,13,600,3,32,9,1,0.8889,0,0.5,5,13.4444,0,0,0,0
5253227,1993,12338,1992,"HK","",,1,15,368,6,69,3,0,1,,0,,9.3333,,,,
5255189,1993,12345,1992,"HK","",,1,51,707,2,22,10,3,1,0.6667,0.64,3,4.9,,,,
5259095,1993,12366,1992,"HK","",,1,12,24,6,63,9,1,0.3333,0,0.4444,5,57.8889,,,,
5259626,1993,12366,1992,"HK","",542700,3,2,463,6,62,2,13,1,0.6036,0,3.3846,7,0,0,0,0
5263395,1993,12380,1992,"HK","",,1,8,84,6,69,10,2,0.5,0,0,4.5,31.4,,,,
5265145,1993,12380,1991,"HK","",,1,3,379,2,21,10,34,1,0.2163,0.34,4.2059,6,,,,
5267459,1993,12394,1991,"HK","",,1,10,70,6,65,5,2,1,0,0,3.5,7.8,,,,
5268794,1993,12394,1992,"HK","",625970,3,11,359,5,54,6,2,1,0,0,2,7.5,0,0,0,0
5273369,1993,12415,1992,"HK","",296045,3,7,384,5,59,3,3,1,0.4444,0.6667,3,11.3333,0,0,0,0
5275123,1994,12422,1992,"HK","",,1,10,119,6,61,13,1,0.9231,0,0.5833,1,20.7692,,,,
5277646,1994,12429,1991,"HK","",698117,2,6,446,6,62,20,0,0.65,,0.5799,,33.1,0,0,,
5280276,1994,12436,1992,"HK","",709565,3,16,345,2,23,3,18,1,0.5309,0.4444,3.3333,4.6667,0,0,0,0
5282453,1994,12450,1992,"HK","",,1,11,124,5,59,14,1,0.7143,0,0.18,4,38.4286,,,,
5282542,1994,12450,1992,"HK","",,1,2,220,6,68,4,3,1,0.4444,0.375,3.6667,7.5,,,,
5283921,1994,12457,1992,"HK","",,1,8,15,6,69,7,4,0.5714,0.375,0.625,4,30.2857,,,,
5287635,1994,12471,1993,"HK","",686831,3,2,34,1,19,9,2,1,0,0.5679,3,8.5556,0,0,0,0
5287680,1994,12471,1992,"HK","",699047,3,2,53,6,68,5,0,1,,0.32,,6.8,0,0,,
5290973,1994,12478,1992,"HK","",,1,23,181,6,69,4,0,1,,0.375,,12.25,,,,
5294852,1994,12492,1992,"HK","",296045,3,9,310,4,45,9,6,1,0.5,0.7901,2.1667,7.4444,0,0,0,0
5297247,1994,12499,1993,"HK","",699934,3,23,455,2,21,8,2,1,0,0.75,3.5,6.875,0,0,0,0
5301720,1994,12520,1992,"HK","",700372,3,8,140,5,52,2,2,1,0.5,0,3.5,5.5,0,0,0,0
5303483,1994,12527,1991,"HK","",686831,3,4,34,1,19,9,2,1,0,0.5679,4.5,8.5556,0,0,0,0
5304574,1994,12527,1992,"HK","",,1,7,514,3,31,1,1,1,0,0,4,8,,,,
5304875,1994,12527,1992,"HK","",41815,3,15,327,4,41,4,4,1,0.375,0.375,2.5,2.5,0,0,0.25,0.25
5304885,1994,12527,1992,"HK","",296045,3,13,310,4,45,4,4,1,0.375,0.375,2.25,23.75,0,0,0.25,0.25
5306170,1994,12534,1993,"HK","",426515,2,6,439,4,41,9,1,0.7778,0,0.6939,1,25.2222,0,0,0,0
5307002,1994,12534,1991,"HK","",41815,3,7,320,4,45,6,3,1,0,0,4.3333,11.8333,0,0,0,0
5308236,1994,12541,1992,"HK","",,1,9,425,5,51,11,0,0.5455,,0.7222,,37.4545,,,,
5309344,1994,12541,1992,"HK","",41815,3,29,363,4,45,15,6,1,0.2778,0.1244,3.1667,5.5333,0.1429,0.1333,0,0
5311488,1994,12548,1992,"HK","",700923,2,8,368,6,69,0,2,,0,,4.5,,,,0,0
5312120,1994,12555,1993,"HK","",,1,1,280,5,55,3,13,1,0,0,2.6154,7,,,,
5313109,1994,12555,1992,"HK","",41815,3,7,327,4,41,5,5,1,0,0.32,2,7,0,0,0,0
5316423,1994,12569,1992,"HK","",,1,15,411,5,59,16,1,0.9375,0,0.6133,4,15.4375,,,,
5321390,1994,12583,1992,"HK","",295735,3,20,340,2,21,7,4,1,0.375,0,2.75,8.5714,0,0,0,0
5323499,1994,12597,1992,"HK","",,1,20,5,6,65,8,4,1,0.5,0,3.75,7,,,,
5329843,1994,12618,1992,"HK","",359890,3,25,99,6,61,12,1,0.25,0,0,4,55.6667,0,0,0,0
5330128,1994,12618,1991,"HK","",454390,2,8,242,5,51,7,3,1,0.4444,0.2449,3.6667,6.4286,0,0,0,0
5331533,1994,12618,1992,"HK","",41815,3,39,363,4,45,10,8,1,0.4063,0.18,2.875,6.3,0.1111,0.1,0.25,0.25
5331755,1994,12625,1993,"HK","",515675,3,6,38,6,63,8,0,0.375,,0.4444,,47.125,0,0,,
5334070,1994,12632,1993,"HK","",703433,3,12,446,6,62,18,3,0.6111,0.6667,0.562,2,25.3333,0,0,0,0
5341541,1994,12660,1992,"HK","",,1,31,15,6,69,38,8,0.9474,0,0.1574,2.75,10.0789,,,,
5342175,1994,12660,1993,"HK","",431130,2,18,416,1,19,2,0,0.5,,0,,39,0,0,,
5343539,1994,12660,1992,"HK","",,1,28,382,2,22,36,4,1,0.375,0.6296,2.5,5.2222,,,,
5345055,1994,12667,1993,"HK","",116910,2,10,219,4,49,11,0,0.7273,,0.6563,,29.0909,0,0,,
5345214,1994,12667,1993,"HK","",542700,3,10,338,4,41,2,2,1,0,0.5,3,13,0,0,0,0
5349284,1994,12681,1993,"HK","",41815,3,11,323,4,45,12,17,1,0.6016,0.375,2.9375,4.8333,0.0833,0.0833,0.0769,0.0588
5349403,1994,12681,1990,"HK","",,1,10,396,5,54,3,10,1,0.34,0,5,9.6667,,,,
5349767,1994,12688,1993,"HK","",515675,3,10,38,6,63,7,2,0.4286,0.5,0,1,37,0,0,0.5,0.5
5349898,1994,12688,1992,"HK","",359890,3,16,99,6,61,13,1,0.2308,0,0.4444,6,68.5385,0,0,0,0
5354142,1994,12702,1991,"HK","",689037,3,19,402,5,59,6,5,1,0,0,5.6,20.1667,0,0,0.6,0.6
5355146,1994,12702,1991,"HK","",705484,3,20,345,2,23,16,19,1,0.8476,0.7344,4.4737,6.25,0,0,0,0
5356286,1994,12709,1993,"HK","",705628,3,4,431,6,66,8,4,1,0,0,2.75,1.5,0,0,0.6667,0.5
5358247,1994,12716,1993,"HK","",705814,3,15,273,6,62,5,0,1,,0,,7.4,0,0,,
5360821,1994,12723,1993,"HK","",,1,13,514,3,31,1,1,1,0,0,2,31,,,,
5362272,1994,12730,1993,"HK","",615145,2,12,446,6,62,14,2,0.7143,0,0.66,3,25.0714,0,0,0,0
5364037,1994,12737,1993,"HK","",706281,3,10,241,5,51,10,7,1,0.2449,0.46,3,14.3,0,0,0,0
5365037,1994,12737,1992,"HK","",706447,3,2,219,4,49,17,3,0.8235,0,0.6429,4.3333,26.5294,0,0,0,0
5365748,1994,12744,1993,"HK","",,1,7,62,6,69,8,0,0.375,,0,,33.75,,,,
5366187,1994,12744,1993,"HK","",,1,2,248,6,69,6,2,0.6667,0.5,0.625,2,22.5,,,,
5368407,1994,12751,1993,"HK","",689037,3,7,402,5,59,0,0,,,,,,,,,
5368681,1994,12751,1993,"HK","",722657,3,10,427,1,12,4,8,1,0.5938,0.375,2,2.25,0,0,0,0
5368793,1994,12751,1993,"HK","",,1,12,264,5,51,3,0,1,,0.4444,,8,,,,
5369326,1994,12751,1992,"HK","",296045,3,10,310,4,45,8,4,1,0,0.4063,3.75,12.625,0.25,0.25,0,0
5369884,1994,12758,1992,"HK","",,1,45,29,5,52,11,2,0.9091,0.5,0.7,2.5,13.1818,,,,
5372501,1994,12765,1991,"HK","",530540,3,13,433,3,39,14,1,0.7857,0,0.7273,6,21.4286,0,0,0,0
5374714,1994,12772,1992,"HK","",,1,9,530,1,15,3,1,1,0,0.6667,2,6.6667,,,,
5378073,1995,12786,1993,"HK","",689037,3,9,402,5,59,3,1,0.6667,0,0,3,42.3333,0,0,0,0
5378556,1995,12786,1994,"HK","",706091,3,2,429,4,45,2,1,1,0,0.5,0,8.5,0,0,0,0
5381201,1995,12793,1993,"HK","",4275,3,6,396,5,54,2,0,1,,0,,5.5,0,0,,
5381327,1995,12793,1993,"HK","",41815,3,15,363,4,45,11,4,1,0.375,0.314,1.75,8.0909,0,0,0,0
5384428,1995,12807,1992,"HK","",708288,3,3,174,4,41,5,1,0.8,0,0.75,2,16.6,0,0,0,0
5384977,1995,12814,1993,"HK","",687008,3,8,36,6,63,58,5,0.9138,0,0.1089,3.4,12.8772,0,0,0,0
5385471,1995,12814,1993,"HK","",,1,28,433,3,39,6,2,0.5,0,0.4444,3.5,39.8333,,,,
5386612,1995,12821,1993,"HK","",,1,24,15,6,69,32,8,0.8438,0.2188,0.2058,3.5,13.125,,,,
5387101,1995,12821,1993,"HK","",722445,3,27,431,6,66,23,2,0.913,0,0.0907,3.5,13.2174,0,0,0,0
5387758,1995,12821,1993,"HK","",441655,2,44,800,3,33,4,5,1,0.48,0.375,2.4,7.75,0,0,1,1
5387846,1995,12821,1992,"HK","",,5,20,315,4,42,2,6,1,0.2778,0,3.8333,7,,,,
5388437,1995,12828,1993,"HK","",,1,11,70,6,65,6,1,1,0,0,2,9,,,,
5392528,1995,12842,1993,"HK","",286055,3,6,34,1,19,10,5,1,0.72,0.58,3.4,10.9,0,0,0,0
5393155,1995,12842,1993,"HK","",689037,3,5,402,5,59,2,0,0.5,,0,,28,0,0,,
5393231,1995,12842,1992,"HK","",257115,3,1,434,6,69,2,0,1,,0.5,,5,0,0,,
5398028,1995,12856,1992,"HK","",709565,3,6,341,2,22,2,3,1,0.6667,0.5,2.6667,6,0,0,0,0
5400431,1995,12863,1993,"HK","",596420,3,16,392,4,41,18,0,0.8333,,0.5244,,18.5,0,0,,
5400701,1995,12870,1994,"HK","",,1,20,99,6,61,35,5,0.9714,0,0.5623,2.6,11.7143,,,,
5403648,1995,12877,1993,"HK","",710121,3,11,428,6,69,8,0,1,,0.7813,,15.75,0,0,,
5405080,1995,12884,1992,"HK","",352645,2,6,238,5,55,14,4,1,0.625,0.6122,3.5,16.2857,0.0909,0.0714,0,0
5406815,1995,12891,1993,"HK","",,1,10,70,6,65,11,2,1,0,0,2,9.4545,,,,
5407346,1995,12891,1994,"HK","",705628,3,3,431,6,66,10,3,1,0,0,3,2.6,0,0,0,0
5408068,1995,12891,1993,"HK","",,1,6,219,4,49,11,3,0.5455,0,0.2778,2.6667,32.9091,,,,
5408294,1995,12891,1993,"HK","",699712,2,17,355,5,54,2,5,1,0,0,2.8,4,0,0,1,0.8
5408764,1995,12898,1994,"HK","",710583,3,20,36,6,63,14,10,0.7143,0.74,0.48,2.7,19.6429,0,0,0.5,0.2
5410467,1995,12898,1993,"HK","",41815,3,27,363,4,45,6,13,1,0.4852,0.2778,3,7.1667,0.2,0.1667,0.2727,0.2308
5410949,1995,12905,1993,"HK","",101565,3,30,99,6,61,22,14,1,0.1327,0.4421,3,6.5909,0,0,0.1818,0.1429
5411046,1995,12905,1993,"HK","",710799,3,14,135,6,69,2,5,1,0.32,0,3,3.5,0,0,0,0
5412449,1995,12905,1993,"HK","",699712,2,27,355,5,54,8,5,1,0.32,0.5625,2.8,11.875,0,0,1,0.4
5413207,1995,12912,1993,"HK","",,1,11,198,5,59,11,0,0.4545,,0.32,,39.4545,,,,
5416936,1995,12926,1993,"HK","",,1,11,5,6,65,9,4,0.8889,0.5,0.5313,3.25,16.6667,,,,
5416953,1995,12926,1993,"HK","",164910,2,9,24,6,63,8,4,0.75,0.375,0.6667,2.75,32.125,0,0,0,0
5418161,1995,12926,1993,"HK","",711455,3,2,435,3,33,0,3,,0,,2.6667,,,,0,0
5421298,1995,12940,1994,"HK","",423660,2,20,123,5,53,6,5,1,0.32,0.5,3.2,5.6667,0,0,0,0
5421720,1995,12940,1994,"HK","",705628,3,4,431,6,66,11,5,1,0,0,2.8,2.3636,0,0,0.6667,0.4
5422143,1995,12940,1994,"HK","",711819,3,10,427,1,12,7,1,1,0,0.449,3,7.5714,0,0,0,0
5422558,1995,12940,1993,"HK","",41815,3,18,320,4,45,15,18,1,0.2901,0.4444,2.7778,8.0667,0,0,0,0
5425845,1995,12954,1993,"HK","",570160,2,18,438,4,46,3,0,1,,0.6667,,3,0,0,,
5427017,1995,12961,1994,"HK","",,1,7,99,6,61,9,0,0.4444,,0.375,,30,,,,
5427523,1995,12961,1994,"HK","",712375,3,19,431,6,66,23,1,1,0,0.2382,3,8.0435,0,0,0,0
5428286,1995,12961,1994,"HK","",41815,3,11,323,4,45,6,2,1,0.5,0.5,1,6.8333,0.1667,0.1667,1,0.5
5430633,1995,12968,1993,"HK","",41815,3,17,363,4,45,10,8,1,0.2188,0.34,2.625,5.1,0.3,0.3,0.375,0.375
5432930,1995,12975,1993,"HK","",712856,3,19,707,2,22,4,10,1,0.42,0.625,2,2.5,0,0,0,0
5432971,1995,12982,1994,"HK","",,1,1,15,6,69,16,1,0.1875,0,0,3,60.3125,,,,
5432993,1995,12982,1994,"HK","",712896,3,6,29,5,52,3,1,1,0,0.4444,3,11,0,0,0,0
5433642,1995,12982,1994,"HK","",,1,2,446,6,62,17,4,0.8824,0.375,0.8,3,13.4118,,,,
5434283,1995,12982,1994,"HK","",441655,2,13,554,1,14,4,2,1,0,0.375,1.5,7.75,0,0,0.5,0.5
5435032,1995,12989,1994,"HK","",286055,3,7,15,6,69,1,1,1,0,0,4,10,0,0,0,0
5435327,1995,12989,1993,"HK","",,1,14,132,6,65,2,3,0.5,0.4444,0,2.6667,33,,,,
5435552,1995,12989,1993,"HK","",713131,3,6,273,6,62,8,0,1,,0.2188,,8.125,0,0,,
5438294,1995,12996,1993,"HK","",41815,3,20,327,4,41,7,3,1,0.6667,0.449,1.3333,14.2857,0,0,0,0
5438929,1995,13003,1994,"HK","",,5,17,101,6,69,10,0,1,,0,,15.7,,,,
5439119,1995,13003,1994,"HK","",713470,3,14,211,6,65,5,5,1,0.32,0.32,2,8,0,0,0,0
5444293,1995,13017,1993,"HK","",713970,3,3,257,4,46,2,0,1,,0.5,,11,0,0,,
5446515,1995,13024,1992,"HK","",,1,29,396,5,54,19,4,0.9474,0.375,0.6235,3.75,13.0526,,,,
5449014,1995,13038,1994,"HK","",,1,11,135,6,69,8,1,0.875,0,0.449,2,14.375,,,,
5449963,1995,13038,1994,"HK","",296045,3,9,310,4,45,8,3,1,0,0.2188,4.3333,10.25,0.1429,0.125,0,0
5450759,1995,13045,1994,"HK","",,1,9,73,4,43,8,0,0.875,,0.4082,,21.25,,,,
5451569,1995,13045,1994,"HK","",722657,3,21,514,3,31,6,1,1,0,0.4444,4,3.1667,0,0,0,0
5451903,1995,13045,1994,"HK","",386735,2,8,330,4,41,2,0,1,,0,,10,0,0,,
5452477,1995,13052,1994,"HK","",,1,20,2,6,63,10,0,0.9,,0,,22.3,,,,
5453668,1995,13052,1994,"HK","",,1,23,315,4,42,4,2,1,0.5,0,2.5,6.75,,,,
5453847,1995,13052,1994,"HK","",386735,2,2,358,2,21,5,0,1,,0,,2.8,0,0,,
5456197,1995,13066,1994,"HK","",,1,12,114,5,55,2,1,1,0,0,2,12,,,,
5456410,1995,13066,1994,"HK","",715068,3,10,238,5,55,5,1,0.8,0,0,2,16.4,0,0,0,0
5457043,1995,13066,1994,"HK","",715115,3,2,435,3,33,3,0,1,,0,,4.6667,0,0,,
5457776,1995,13066,1992,"HK","",386735,2,10,707,2,22,7,3,1,0.6667,0.6122,4.3333,6.5714,0,0,0,0
5457857,1995,13073,1994,"HK","",,1,9,24,6,63,6,1,0.5,0,0,2,50,,,,
5459153,1995,13073,1990,"HK","",,1,22,514,3,31,4,1,1,0,0.375,5,11,,,,
5459348,1995,13073,1991,"HK","",41815,3,7,257,4,46,17,1,1,0,0.6159,5,6.5294,0,0,0,0
5459878,1995,13080,1993,"HK","",318610,2,25,2,6,63,1,5,1,0,0,2.6,3,0,0,0,0
5460012,1995,13080,1994,"HK","",,1,11,62,6,69,4,0,1,,0.75,,14.75,,,,
5460295,1995,13080,1994,"HK","",715414,2,2,221,5,51,8,0,0.75,,0,,21.25,0,0,,
5460516,1995,13080,1994,"HK","",705628,3,2,431,6,66,18,5,0.7222,0,0,2,18.7778,0,0,0.4,0.4
5461795,1995,13087,1993,"HK","",715561,3,6,33,6,69,7,2,0.1429,0,0,2.5,49.5714,0,0,0,0
5462464,1995,13087,1994,"HK","",423660,2,23,440,5,55,8,1,1,0,0.6875,2,12.375,0.1429,0.125,0,0
5463205,1995,13087,1994,"HK","",715689,3,20,219,4,49,19,3,1,0,0.5097,2.3333,8.8947,0,0,0,0
5466443,1995,13101,1994,"HK","",,5,3,424,3,31,2,0,1,,0.5,,3.5,,,,
5467257,1995,13101,1994,"HK","",530540,3,7,362,4,42,2,1,1,0,0,3,4.5,0,0,0,0
5467927,1995,13108,1994,"HK","",716130,3,11,239,5,59,1,2,1,0,0,1.5,4,0,0,0,0
5469765,1995,13115,1993,"HK","",,1,13,81,5,59,8,0,0.5,,0.625,,33.375,,,,
5471763,1995,13122,1994,"HK","",716452,3,11,34,1,19,6,3,1,0.4444,0.6111,2.6667,12.1667,0,0,0,0
5473200,1995,13122,1993,"HK","",716582,3,23,307,4,49,16,10,1,0.66,0.5547,2.9,8.1875,0,0,0,0
5474025,1995,13129,1994,"HK","",716648,3,8,119,6,61,5,1,0.6,0,0.4444,1,36.8,0,0,0,0
5474035,1995,13129,1995,"HK","",423660,2,13,123,5,53,20,3,1,0,0.095,1.6667,8.3,0,0,0,0
5478268,1995,13143,1994,"HK","",615145,2,10,446,6,62,9,2,1,0.5,0.4938,4,6.6667,0,0,0,0
5480311,1996,13150,1994,"HK","",717259,3,10,439,4,41,11,2,0.8182,0,0.6173,2.5,22.6364,0,0,0,0
5485219,1996,13164,1994,"HK","",716582,3,17,348,4,49,13,1,1,0,0.5917,3,8.1538,0,0,0,0
5487691,1996,13178,1994,"HK","",717870,3,5,446,6,62,7,0,0.5714,,0.375,,32.7143,0,0,,
5488548,1996,13178,1993,"HK","",,1,11,362,4,42,3,1,1,0,0,4,12.3333,,,,
5488792,1996,13185,1995,"HK","",,1,2,40,6,69,4,2,0.5,0.5,0,1,32,,,,
5490290,1996,13192,1995,"HK","",,1,7,2,6,63,7,0,0.5714,,0,,30.4286,,,,
5493154,1996,13199,1993,"HK","",41815,3,4,307,4,49,1,1,1,0,0,3,4,0,0,1,1
5493799,1996,13206,1994,"HK","",515675,3,8,38,6,63,8,0,0.5,,0,,34.375,0.3333,0.125,,
5494058,1996,13206,1994,"HK","",686831,3,6,132,6,65,12,1,1,0,0.5694,4,12.75,0.1111,0.0833,0,0
5497553,1996,13220,1994,"HK","",718763,3,4,30,6,65,5,3,1,0.4444,0,3.3333,9.6,0,0,0,0
5498091,1996,13220,1995,"HK","",718800,3,3,403,6,67,16,0,0.3125,,0.8,,49.6875,0,0,,
5498472,1996,13220,1993,"HK","",318610,2,35,428,6,69,3,0,1,,0,,5.6667,0,0,,
5499026,1996,13220,1994,"HK","",718875,3,6,341,2,22,4,0,1,,0.5,,7.25,0,0,,
5499424,1996,13227,1994,"HK","",718921,3,15,15,6,69,5,1,0.8,0,0.375,2,22.6,0,0,0,0
5500526,1996,13227,1994,"HK","",530540,3,10,250,4,44,3,2,1,0,0.4444,2.5,21.3333,0,0,0,0
5500888,1996,13227,1994,"HK","",394010,2,18,455,2,21,20,6,1,0.5,0.41,1.5,6.4,0,0,0,0
5501139,1996,13234,1994,"HK","",101565,3,8,99,6,61,7,0,0.7143,,0,,28.2857,0,0,,
5502410,1996,13234,1994,"HK","",386735,2,8,327,4,41,4,7,1,0.449,0.375,3.1429,6.25,0,0,0.1429,0.1429
5503576,1996,13241,1993,"HK","",423660,2,20,440,5,55,28,1,0.75,0,0.1769,4,19.8571,0.5263,0.3571,0,0
5503577,1996,13241,1994,"HK","",423660,2,20,440,5,55,6,0,0.8333,,0.64,,14,0,0,,
5504412,1996,13241,1994,"HK","",719365,3,4,15,6,69,12,1,1,0,0.5694,3,7.9167,0,0,0,0
5506764,1996,13248,1994,"HK","",41815,3,23,363,4,45,8,3,1,0,0,2.6667,11.125,0.125,0.125,0,0
5507578,1996,13255,1994,"HK","",719692,2,9,383,6,68,12,2,0.75,0.5,0.642,2,23.5833,0,0,0.5,0.5
5509799,1996,13262,1994,"HK","",705628,3,5,431,6,66,2,0,1,,0,,20.5,0,0,,
5510127,1996,13262,1995,"HK","",719926,3,37,426,6,61,18,2,1,0,0.5679,1,7.4444,0,0,0,0
5510205,1996,13262,1993,"HK","",,1,22,429,4,45,8,1,1,0,0.5625,3,4.75,,,,
5513665,1996,13276,1994,"HK","",686831,3,4,132,6,65,8,1,1,0,0.4688,4,9.625,0.1429,0.125,0,0
5515344,1996,13276,1994,"HK","",716798,3,10,368,6,69,3,3,1,0.4444,0,1.6667,9.3333,0,0,0,0
5517962,1996,13290,1994,"HK","",423660,2,7,123,5,53,13,1,1,0,0,2,15.8462,0,0,0,0
5519039,1996,13290,1991,"HK","",,1,7,514,3,31,1,0,1,,0,,7,,,,
5522408,1996,13304,1995,"HK","",,1,10,132,6,65,48,2,0.6667,0,0.3047,1.5,26.6875,,,,
5524293,1996,13311,1994,"HK","",,1,5,2,6,63,14,3,0.7143,0,0.18,3,22.8571,,,,
5524512,1996,13311,1994,"HK","",487240,2,3,81,5,59,12,0,0.9167,,0.2975,,13.25,0,0,,
5525231,1996,13311,1994,"HK","",721281,3,13,210,1,19,7,1,1,0,0,3,5.4286,0,0,0,0
5525889,1996,13311,1995,"HK","",719365,3,9,173,5,51,7,0,1,,0.5714,,15,0,0,,
5526326,1996,13311,1994,"HK","",707515,2,11,368,6,69,2,3,1,0.4444,0,3,6,0,0,0,0
5527010,1996,13318,1994,"HK","",721440,3,11,248,6,69,5,1,1,0,0.32,3,10.4,0,0,1,1
5528669,1996,13318,1994,"HK","",721573,3,8,379,2,21,18,0,1,,0,,12.5556,0,0,,
5530633,1996,13325,1995,"HK","",295735,3,13,362,4,42,6,2,0.6667,0.5,0,1.5,21.3333,0.25,0.1667,0,0
5531860,1996,13332,1995,"HK","",683377,3,6,29,5,52,8,1,1,0,0.75,2,12.25,0,0,0,0
5532917,1996,13332,1994,"HK","",41815,3,18,363,4,45,9,4,0.8889,0.375,0.2188,2.75,9.4444,0.1429,0.1111,0,0
5533724,1996,13339,1994,"HK","",711143,3,9,473,6,62,3,0,1,,0,,11.3333,0,0,,
5538021,1996,13353,1994,"HK","",722402,3,5,132,6,65,45,2,0.6667,0,0.32,2.5,25.9333,0,0,0,0
5538417,1996,13353,1994,"HK","",722445,3,28,431,6,66,15,3,1,0,0.1244,2.3333,5.4667,0,0,0,0
5538515,1996,13353,1994,"HK","",722450,3,16,8,1,11,10,0,0.9,,0.3704,,10.2,0,0,,
5541696,1996,13360,1995,"HK","",625970,3,11,396,5,54,5,0,1,,0.48,,9.4,0,0,,
5541819,1996,13360,1994,"HK","",,5,7,362,4,42,3,0,1,,0,,12.3333,,,,
5542531,1996,13367,1993,"HK","",722788,3,12,206,6,68,5,8,1,0.2188,0,3.5,7.2,0,0,0,0
5544378,1996,13374,1995,"HK","",,1,2,5,6,65,6,3,0.5,0.4444,0,1.6667,43.8333,,,,
5545821,1996,13374,1994,"HK","",441655,2,33,800,3,33,5,1,1,0,0.32,2,7.2,0.2,0.2,1,1
5549035,1996,13388,1995,"HK","",514610,3,5,99,6,61,8,2,1,0,0.5938,2,8.375,0,0,0,0
5549496,1996,13388,1994,"HK","",703966,3,21,445,4,42,3,0,0.6667,,0.5,,22.6667,0,0,,
5551637,1996,13395,1994,"HK","",,1,12,239,5,59,9,2,0.8889,0,0.2188,2,13.7778,,,,
5553023,1996,13395,1995,"HK","",343790,2,14,365,2,24,1,0,1,,0,,23,0,0,,
5553706,1996,13402,1994,"HK","",,1,23,206,6,68,16,2,0.6875,0,0.7603,3,22.9375,,,,
5553722,1996,13402,1995,"HK","",,1,9,211,6,65,2,0,0.5,,0,,22,,,,
5556318,1996,13409,1995,"HK","",724018,3,10,446,6,62,11,2,0.3636,0.5,0.625,1.5,46.6364,0,0,0,0
5556668,1996,13409,1995,"HK","",719815,3,10,427,1,12,3,0,1,,0.6667,,6,0,0,,
5558058,1996,13416,1994,"HK","",423660,2,19,123,5,53,6,3,1,0.4444,0.5,2,11.1667,0,0,0,0
5558107,1996,13416,1994,"HK","",722402,3,12,132,6,65,45,1,0.6667,0,0.3711,3,25.9333,0,0,0,0
5558804,1996,13416,1994,"HK","",405815,3,16,248,6,69,6,0,0.5,,0.4444,,36.5,0,0,,
5559657,1996,13416,1994,"HK","",,5,9,361,4,45,2,0,1,,0.5,,12,,,,
5560076,1996,13423,1994,"HK","",724364,3,15,15,6,69,4,1,1,0,0,3,7.75,0,0,0,0
5560109,1996,13423,1994,"HK","",,1,20,30,6,65,6,0,1,,0.4444,,11,,,,
5560378,1996,13423,1994,"HK","",,1,9,132,6,65,5,1,1,0,0,4,6,,,,
5564702,1996,13437,1995,"HK","",,1,10,273,6,62,7,2,0.8571,0,0.4444,1.5,11.8571,,,,
5564969,1996,13437,1995,"HK","",724799,3,14,451,5,51,4,0,1,,0.75,,18.25,0,0,,
5566240,1996,13437,1995,"HK","",,1,7,381,4,49,5,1,1,0,0.72,0,8,,,,
5567063,1996,13444,1995,"HK","",724959,3,16,400,5,59,4,1,1,0,0.625,2,4.75,0,0,0,0
