4051984,1977,6486,1976,"HK","",353130,3,13,222,1,19,2,3,0.5,0.4444,0,13.3333,18,0,0,0,0
4066211,1978,6577,1976,"HK","",,1,10,238,5,55,7,9,0.8571,0.5185,0.5,9,9,,,,
4072933,1978,6612,1975,"HK","",,5,15,340,2,21,3,2,0.3333,0,0,13,29.3333,,,,
4074549,1978,6626,1976,"HK","",324215,3,12,70,6,65,4,9,0.5,0.6667,0,13.4444,17.5,0,0,0,0
4076673,1978,6633,1976,"HK","",153420,2,20,524,1,15,8,28,0.875,0.8265,0.6531,15.4286,7.125,0.5,0.375,0.1538,0.1429
4077092,1978,6640,1977,"HK","",,1,16,24,6,63,8,2,0.5,0.5,0,16,23.75,,,,
4079173,1978,6647,1977,"HK","",,1,2,429,4,45,3,0,0.3333,,0,,36,,,,
4079891,1978,6654,1977,"HK","",,1,12,239,5,59,7,9,0.8571,0.3457,0.2778,11.1111,5.4286,,,,
4080081,1978,6654,1976,"HK","",,1,7,403,6,67,7,1,0.1429,0,0,15,52.8571,,,,
4081133,1978,6661,1976,"HK","",444400,3,9,238,5,55,4,2,0.75,0,0.6667,1,14.75,0,0,0,0
4081155,1978,6661,1976,"HK","",,1,5,244,5,55,8,3,0,0,,17.3333,54.375,,,,
4081759,1978,6661,1976,"HK","",,1,3,330,4,41,11,3,0.8182,0.4444,0,19,10.3636,,,,
4091468,1978,6724,1977,"HK","",,1,4,2,6,63,2,1,0,0,,10,62,,,,
4098100,1978,6759,1977,"HK","",,1,3,70,6,65,6,10,0.6667,0,0,16.5,15.8333,,,,
4104872,1978,6794,1977,"HK","",576095,2,4,59,6,69,4,2,1,0.5,0.375,8.5,8.25,0,0,0,0
4107869,1978,6808,1977,"HK","",365865,2,8,446,6,62,3,2,0,0,,9,56.6667,0,0,0,0
4114311,1978,6836,1977,"HK","",35735,3,7,446,6,62,7,4,0.4286,0.625,0,15.5,19.1429,0,0,0,0
4116118,1978,6843,1977,"HK","",630805,3,5,99,6,61,6,0,0.6667,,0,,14,0,0,,
4116381,1978,6843,1976,"HK","",444400,3,5,238,5,55,5,0,0.2,,0,,34.4,0,0,,
4118037,1978,6850,1977,"HK","",,1,11,369,2,24,1,1,1,0,0,1,4,,,,
4121810,1978,6871,1977,"HK","",371165,3,9,266,5,52,7,2,0.1429,0.5,0,7.5,40.8571,0,0,0,0
4124454,1978,6885,1977,"HK","",,1,17,205,1,19,1,3,1,0,0,4.3333,6,,,,
4135326,1979,6962,1977,"HK","",444400,3,3,446,6,62,5,3,0.6,0.4444,0,9,17.6,0,0,0,0
4135654,1979,6962,1977,"HK","",637040,3,5,224,6,68,2,7,1,0,0,15.5714,5,0,0,0,0
4136484,1979,6969,1978,"HK","",365865,2,12,446,6,62,3,6,0.3333,0.2778,0,13.6667,36,0,0,0,0
4137926,1979,6976,1977,"HK","",,1,5,132,6,65,5,5,0.8,0.32,0.625,14.6,18.6,,,,
4139293,1979,6983,1977,"HK","",,1,5,396,5,54,4,0,1,,0.375,,5,,,,
4150323,1979,7046,1976,"HK","",531615,3,6,315,4,42,4,7,1,0,0.625,8.2857,11.25,0,0,0,0
4150789,1979,7053,1977,"HK","",444400,3,6,238,5,55,6,5,0.6667,0.32,0,16,20.8333,0,0,0,0
4152744,1979,7060,1977,"HK","",229320,2,12,361,4,45,5,7,1,0.2449,0,6.4286,6.4,0,0,0.1429,0.1429
4154898,1979,7074,1977,"HK","",153420,2,8,428,6,69,2,17,0.5,0.8097,0,17.7647,17.5,0,0,0,0
4170085,1979,7221,1977,"HK","",365865,2,15,446,6,62,2,1,1,0,0,11,11,0,0,0,0
4173832,1979,7256,1978,"HK","",,1,18,434,6,69,9,7,0.5556,0.449,0,7.8571,19.4444,,,,
4177396,1979,7277,1977,"HK","",296040,3,3,310,4,45,3,2,0.6667,0,0.5,8.5,21,0,0,0,0
4179843,1979,7298,1977,"HK","",347780,2,11,446,6,62,2,1,0,0,,21,22.5,0,0,0,0
4180112,1979,7298,1979,"HK","",,1,5,383,6,68,4,11,0.25,0.562,0,9.3636,19.25,,,,
4185409,1980,7333,1978,"HK","",,1,9,446,6,62,7,8,0.2857,0.7347,0,7.7143,36.5714,,,,
4186518,1980,7340,1977,"HK","",365865,2,8,446,6,62,6,5,0.5,0,0.4444,11.2,19.8333,0,0,0,0
4187468,1980,7340,1977,"HK","",234580,3,1,455,2,21,3,1,1,0,0.4444,5,5.6667,0,0,0,0
4187622,1980,7347,1978,"HK","",,1,1,36,6,63,6,1,0.1667,0,0,13,31.1667,,,,
4189155,1980,7354,1978,"HK","",,1,12,369,2,24,4,1,1,0,0.375,5,4.5,,,,
4190702,1980,7361,1978,"HK","",,1,7,429,4,45,11,6,0.9091,0.6111,0,11.6667,10,,,,
4193678,1980,7382,1978,"HK","",625970,3,22,396,5,54,1,7,1,0,0,15,7,0,0,0.1429,0.1429
4198861,1980,7417,1978,"HK","",89365,3,7,374,4,43,4,6,1,0.7778,0.375,7.3333,4.75,0,0,0.3333,0.1667
4200403,1980,7424,1978,"HK","",,1,3,401,1,12,5,3,0.2,0,0,3.3333,29.8,,,,
4201010,1980,7431,1978,"HK","",365865,2,8,446,6,62,4,0,0.25,,0,,42,0,0,,
4203548,1980,7445,1977,"HK","",,1,3,238,5,55,8,1,0.875,0,0,14,14.25,,,,
4203550,1980,7445,1977,"HK","",250095,3,1,239,5,59,5,13,1,0.142,0,14,3.2,0,0,0,0
4205809,1980,7459,1978,"HK","",,1,11,360,2,24,4,6,1,0.2778,0.375,3.8333,2.5,,,,
4209132,1980,7480,1978,"HK","",622745,3,7,239,5,59,8,3,0.625,0.4444,0,11.3333,18.5,0,0,0,0
4215163,1980,7515,1978,"HK","",,1,8,428,6,69,5,4,0.6,0,0,11.25,21.6,,,,
4215531,1980,7522,1977,"HK","",,1,12,368,6,69,3,3,0.3333,0.6667,0,5,28.6667,,,,
4217042,1980,7529,1978,"HK","",625970,3,20,396,5,54,3,1,1,0,0,2,6.6667,0,0,0,0
4218353,1980,7536,1976,"HK","",19715,2,7,524,1,15,8,8,0.875,0.4063,0.7755,13.5,9.5,0.1667,0.125,0.25,0.25
4219153,1980,7543,1978,"HK","",,1,7,238,5,55,2,6,0.5,0.2778,0,13,13,,,,
4220304,1980,7550,1978,"HK","",531615,3,3,248,6,69,2,4,0.5,0.375,0,10.25,14,0,0,0,0
4221454,1980,7557,1978,"HK","",365865,2,3,439,4,41,5,7,0.2,0.6939,0,10.2857,26.4,0,0,0,0
4223248,1980,7564,1978,"HK","",,1,19,315,4,42,5,5,0.6,0.64,0.4444,10.8,23,,,,
4224271,1980,7571,1975,"HK","",,1,7,264,5,51,3,2,1,0.5,0.6667,14.5,6,,,,
4227228,1980,7585,1978,"HK","",,4,15,361,4,45,4,4,0.5,0.75,0.5,14.25,21,,,,
4231517,1980,7613,1977,"HK","",,1,2,238,5,55,6,2,1,0.5,0,19,6.6667,,,,
4232865,1980,7620,1978,"HK","",131785,3,8,463,6,62,11,3,0.7273,0.4444,0.6875,11.6667,14.2727,0,0,0,0
4241716,1980,7669,1979,"HK","",35735,3,3,124,5,59,8,1,0.25,0,0,10,38.375,0,0,0,0
4245246,1981,7683,1978,"HK","",,1,5,380,2,22,8,10,1,0.18,0,8.9,5.125,,,,
4251004,1981,7718,1979,"HK","",314130,3,8,220,6,68,10,1,0.6,0,0.7222,10,22,0,0,0,0
4253265,1981,7732,1979,"HK","",,1,8,43,6,61,6,0,0.1667,,0,,59.3333,,,,
4254577,1981,7739,1978,"HK","",,1,7,446,6,62,10,5,0.7,0.56,0.6531,9,27.1,,,,
4256195,1981,7746,1979,"HK","",600630,3,3,177,6,69,4,1,0,0,,4,48.25,0,0,0,0
4257433,1981,7753,1980,"HK","",622745,3,11,601,3,32,3,6,1,0.2778,0.6667,7,6.6667,0,0,0,0
4257448,1981,7753,1978,"HK","",,1,5,137,6,69,3,15,0.6667,0.24,0.5,11.2,13,,,,
4258358,1981,7753,1979,"HK","",281795,3,58,340,2,21,15,12,1,0.4167,0.24,9,5.4667,0,0,0,0
4258386,1981,7753,1978,"HK","",,1,7,348,4,49,11,21,1,0.7937,0.6777,11.3333,7.0909,,,,
4261136,1981,7774,1980,"HK","",35735,3,10,446,6,62,9,2,0.2222,0,0.5,6,46.8889,0,0,0,0
4266326,1981,7802,1979,"HK","",,1,2,24,6,63,10,3,0.5,0.4444,0.32,7.3333,24.7,,,,
4266943,1981,7802,1979,"HK","",190095,3,23,44,1,19,2,1,1,0,0,12,2.5,0,0,0,0
4270022,1981,7816,1979,"HK","",,1,14,178,2,21,2,14,1,0.8163,0.5,7.6429,4.5,,,,
4272909,1981,7837,1980,"HK","",35735,3,7,446,6,62,4,1,0.5,0,0,1,40.25,0,0,0,0
4273306,1981,7837,1979,"HK","",,1,9,248,6,69,11,6,0.5455,0.7222,0.7222,10.5,29.2727,,,,
4273956,1981,7837,1978,"HK","",289135,3,9,379,2,21,13,3,0.7692,0.4444,0.68,9,14.2308,0,0,0,0
4275934,1981,7851,1978,"HK","",,1,7,303,5,53,3,5,1,0,0.6667,7.4,8,,,,
4282678,1981,7893,1980,"HK","",35735,3,4,446,6,62,11,2,0.6364,0.5,0.6122,15,21,0,0,0,0
4283138,1981,7893,1979,"HK","",,1,1,356,4,43,4,2,0.5,0.5,0,8.5,14.5,,,,
4283879,1981,7900,1980,"HK","",35735,3,2,446,6,62,8,7,0.75,0.449,0.4444,3,17,0,0,0,0
4286587,1981,7914,1980,"HK","",22715,2,25,128,3,32,6,15,1,0.6222,0.5,9.5333,4,0.5,0.5,0.25,0.2
4287513,1981,7914,1979,"HK","",281795,3,19,340,2,21,7,6,1,0.6667,0.449,8.5,5.1429,0,0,0,0
4289930,1981,7928,1978,"HK","",218535,3,5,345,2,23,3,22,1,0.8017,0.4444,11.3636,4.6667,0,0,0,0
4293896,1981,7949,1979,"HK","",319025,3,4,362,4,42,1,0,1,,0,,3,0,0,,
4293997,1981,7956,1979,"HK","",,1,11,29,5,52,11,5,0.4545,0.72,0.32,13.8,22.5455,,,,
4295036,1981,7956,1980,"HK","",35735,3,10,235,5,59,7,2,0.4286,0.5,0.4444,11,29.4286,0,0,0,0
4296532,1981,7970,1980,"HK","",576095,2,5,24,6,63,6,5,0.6667,0.56,0.375,11.2,17.6667,0,0,0,0
4297605,1981,7970,1980,"HK","",616680,3,4,310,4,45,7,1,1,0,0,8,10.5714,0,0,0,0
4299465,1981,7984,1978,"HK","",625970,3,7,396,5,54,7,16,1,0,0.2449,12.125,4.4286,0,0,0,0
4301985,1981,7998,1979,"HK","",423480,2,3,248,6,69,9,2,0.7778,0.5,0.7347,9,13.1111,0,0,0,0
4302903,1981,8005,1980,"HK","",323710,2,6,446,6,62,5,1,0.4,0,0,15,34,0,0,0,0
4302971,1981,8005,1979,"HK","",89365,3,7,374,4,43,11,13,1,0.7929,0.5455,11,4.9091,0.1,0.0909,0,0
4307303,1981,8026,1979,"HK","",,1,4,307,4,49,1,1,1,0,0,8,6,,,,
4313337,1982,8068,1980,"HK","",153420,2,8,73,4,43,3,7,0.6667,0,0,9.1429,10,0,0,0.1429,0.1429
4315187,1982,8075,1979,"HK","",391855,3,10,313,4,42,3,4,0.3333,0,0,9,29.3333,0,0,0,0
4317308,1982,8096,1980,"HK","",11400,3,51,47,6,61,3,3,0.6667,0,0.5,7.3333,21,0,0,0,0
4321657,1982,8117,1980,"HK","",208455,3,12,362,4,42,1,8,1,0.2188,0,10.625,2,0,0,0,0
4325453,1982,8145,1980,"HK","",,1,12,181,6,69,2,0,1,,0,,16,,,,
4329711,1982,8166,1979,"HK","",431865,3,6,380,2,22,3,6,0.3333,0.5,0,10.5,18.3333,0,0,0,0
4330190,1982,8173,1980,"HK","",625970,3,4,396,5,54,2,6,1,0,0,14.1667,11,0,0,0,0
4335278,1982,8201,1980,"HK","",170425,3,1,379,2,21,4,0,1,,0,,7,0,0,,
4338741,1982,8229,1981,"HK","",35735,3,7,446,6,62,4,0,0.5,,0,,20,0,0,,
4341034,1982,8243,1981,"HK","",35735,3,8,446,6,62,6,1,0.3333,0,0,11,30.6667,0,0,0,0
4345447,1982,8271,1980,"HK","",,1,7,70,6,65,4,6,1,0,0,14,9.75,,,,
4346891,1982,8278,1979,"HK","",,1,3,473,6,62,5,2,0.8,0,0,9.5,19.6,,,,
4347595,1982,8278,1980,"HK","",,1,12,369,2,24,7,6,1,0,0.2449,4.6667,5.2857,,,,
4350407,1982,8299,1980,"HK","",590790,3,3,439,4,41,11,7,0.5455,0.6122,0.4444,10.7143,20.0909,0,0,0,0
4351125,1982,8306,1981,"HK","",295735,3,3,40,6,69,5,1,1,0,0.32,6,13.2,0,0,0,0
4351171,1982,8306,1980,"HK","",102290,3,15,70,6,65,5,2,0.6,0,0,10,24.4,0,0,0,0
4353461,1982,8320,1980,"HK","",,1,9,206,6,68,5,5,0.6,0.56,0.4444,13.4,16.4,,,,
4363837,1982,8383,1981,"HK","",,1,9,428,6,69,4,2,0.25,0,0,6.5,30.75,,,,
4372489,1983,8439,1980,"HK","",468690,3,11,238,5,55,4,4,0.75,0,0,8.5,10,0,0,0,0
4377808,1983,8481,1980,"HK","",532710,3,10,340,2,21,3,19,1,0.6925,0.4444,8.7368,8,0,0,0,0
4383253,1983,8530,1979,"HK","",281795,3,9,340,2,21,3,6,1,0.7778,0,10.8333,6.6667,0,0,0,0
4384379,1983,8544,1980,"HK","",635935,3,1,5,6,65,6,2,0.1667,0.5,0,13.5,62.6667,0,0,0,0
4389946,1983,8579,1980,"HK","",,1,2,108,6,69,23,3,0.4783,0.4444,0.7934,13.3333,38.2174,,,,
4390142,1983,8579,1981,"HK","",,1,8,242,5,51,4,9,0.5,0.1975,0,12.1111,37.5,,,,
4396947,1983,8614,1980,"HK","",431865,3,19,380,2,22,17,21,0.8824,0.2585,0.4356,7.1905,9.7647,0,0,0,0
4403182,1983,8649,1981,"HK","",531615,3,8,320,4,45,3,13,0.6667,0.142,0,9.4615,11,0,0,0,0
4407575,1983,8677,1981,"HK","",,1,16,396,5,54,4,0,0,,,,28,,,,
4414821,1983,8719,1982,"HK","",,1,17,62,6,69,4,2,0.5,0.5,0,11,23.25,,,,
4416525,1983,8726,1981,"HK","",625970,3,31,396,5,54,5,15,0.8,0,0,5.8,14.2,0,0,0.0667,0.0667
4419956,1983,8747,1982,"HK","",,1,9,118,1,12,5,2,0.6,0,0,10.5,21.8,,,,
4420956,1983,8754,1981,"HK","",324215,3,2,70,6,65,5,4,0.8,0,0,5.75,20,0,0,0,0
4423098,1983,8761,1983,"HK","",,1,4,428,6,69,1,1,0,0,,5,25,,,,
