3610255,1971,4295,1969,"HK","",371265,3,,131,6,61,,0,,,,,,,,,
3612200,1971,4302,1969,"HK","",,1,,180,5,55,,1,,0,,27,,,,,
3613183,1971,4309,1970,"HK","",638030,3,,24,6,63,,0,,,,,,,,,
3613900,1971,4309,1969,"HK","",102635,3,,108,6,69,,1,,0,,8,,,,0,0
3615863,1971,4316,1969,"HK","",,1,,429,4,45,,1,,0,,4,,,,,
3619938,1971,4337,1970,"HK","",218550,2,,446,6,62,,3,,0,,10.6667,,,,0,0
3620924,1971,4337,1969,"HK","",55570,2,,435,3,33,,0,,,,,,,,,
3621356,1971,4337,1969,"HK","",,1,,318,4,45,,11,,0.7934,,14.7273,,,,,
3623915,1971,4351,1969,"HK","",,1,,429,4,45,,6,,0,,9.5,,,,,
3633308,1972,4393,1970,"HK","",254865,3,,446,6,62,,4,,0,,9,,,,0,0
3640561,1972,4421,1969,"HK","",,1,,294,5,59,,5,,0.48,,9.8,,,,,
3645445,1972,4442,1970,"HK","",592185,2,,238,5,55,,0,,,,,,,,,
3654667,1972,4484,1970,"HK","",,1,,19,1,11,,1,,0,,9,,,,,
3659378,1972,4505,1970,"HK","",,1,,446,6,62,,7,,0.2449,,16.7143,,,,,
3667875,1972,4540,1970,"HK","",,1,,418,5,53,,0,,,,,,,,,
3678679,1972,4589,1970,"HK","",160815,3,,368,6,69,,1,,0,,19,,,,0,0
3714412,1973,4778,1970,"HK","",,1,,362,4,42,,5,,0.48,,17.4,,,,,
3727089,1973,4848,1971,"HK","",,1,,315,4,42,,3,,0.6667,,10.3333,,,,,
3730068,1973,4869,1971,"HK","",58635,2,,396,5,54,,11,,0,,21,,,,0,0
3743300,1973,4932,1970,"HK","",280070,2,,360,2,24,,0,,,,,,,,,
3745614,1973,4946,1971,"HK","",,1,,2,6,63,,13,,0.5207,,20.0769,,,,,
3749079,1973,4960,1971,"HK","",134645,3,,126,6,66,,0,,,,,,,,,
3750910,1973,4967,1971,"HK","",,1,,222,1,19,,4,,0.375,,15.5,,,,,
3752050,1973,4974,1972,"HK","",,1,,396,5,54,,5,,0,,17.8,,,,,
3757490,1973,5002,1971,"HK","",,1,,95,1,13,,4,,0.5,,14,,,,,
3766108,1973,5037,1972,"HK","",390335,3,,524,1,15,,2,,0,,16.5,,,,0,0
3769728,1973,5058,1972,"HK","",,1,,40,6,69,,2,,0.5,,6,,,,,
3772717,1973,5072,1971,"HK","",,1,,5,6,65,,12,,0.2917,,11.75,,,,,
3774255,1973,5079,1971,"HK","",,1,,15,6,69,,6,,0,,11.1667,,,,,
3776657,1973,5086,1971,"HK","",,1,,415,5,53,,1,,0,,19,,,,,
3777310,1973,5093,1972,"HK","",,1,,2,6,63,,14,,0.6939,,19.5,,,,,
3789607,1974,5149,1972,"HK","",179880,2,,59,6,69,,0,,,,,,,,,
3793769,1974,5170,1973,"HK","",444400,3,,446,6,62,,3,,0.6667,,10.6667,,,,0,0
3796226,1974,5184,1972,"HK","",,1,,135,6,69,,3,,0,,14.6667,,,,,
3807848,1974,5233,1972,"HK","",,1,,353,5,54,,2,,0.5,,5.5,,,,,
3818632,1974,5289,1973,"HK","",444400,3,,446,6,62,,5,,0.32,,9,,,,0,0
3833908,1974,5359,1973,"HK","",,1,,343,2,21,,1,,0,,23,,,,,
3836691,1974,5373,1972,"HK","",,1,,396,5,54,,4,,0.375,,25.75,,,,,
3840831,1974,5394,1973,"HK","",218550,2,,335,4,41,,0,,,,,,,,,
3841024,1974,5401,1973,"HK","",101560,3,,49,5,59,,5,,0.32,,13,,,,0,0
3861638,1975,5499,1973,"HK","",444400,3,3,248,6,69,8,3,0.125,0.4444,0,17.3333,39,0,0,0,0
3864932,1975,5520,1973,"HK","",441805,3,9,62,6,69,2,1,1,0,0.5,11,10,0,0,0,0
3869746,1975,5548,1973,"HK","",,1,8,15,6,69,1,6,1,0,0,18.5,4,,,,
3869869,1975,5548,1973,"HK","",,1,7,405,6,64,2,6,0.5,0.4444,0,16.8333,13,,,,
3871129,1975,5555,1973,"HK","",444400,3,15,446,6,62,2,10,0.5,0,0,12.1,12,0,0,0,0
3885344,1975,5625,1973,"HK","",444400,3,5,446,6,62,2,2,0.5,0.5,0,4,23.5,0,0,0,0
3902313,1975,5723,1974,"HK","",,1,8,59,6,69,2,2,0.5,0.5,0,6,28,,,,
3903580,1975,5730,1974,"HK","",,1,11,29,5,52,3,2,0,0.5,,12,30.3333,,,,
3905330,1975,5737,1974,"HK","",,1,16,118,1,12,5,7,0.8,0.5714,0.5,7.7143,8.2,,,,
3914753,1975,5772,1973,"HK","",206925,2,15,340,2,21,4,9,1,0.4938,0.5,9.1111,3.25,0,0,0,0
3930364,1976,5849,1974,"HK","",598400,3,12,59,6,69,4,1,0.75,0,0,2,12.5,0,0,0,0
3932956,1976,5863,1975,"HK","",265475,2,12,446,6,62,2,8,0,0.6875,,8.25,21,0,0,0,0
3933235,1976,5863,1973,"HK","",,1,5,400,5,59,6,0,0.3333,,0.5,,16,,,,
3935665,1976,5877,1975,"HK","",444400,3,9,446,6,62,3,2,0.6667,0.5,0.5,6.5,9,0,0,0,0
3941486,1976,5905,1974,"HK","",116575,2,11,356,4,43,6,14,1,0.7449,0.2778,12,4.5,0,0,0,0
3943658,1976,5919,1974,"HK","",630805,3,6,47,6,61,6,4,0.3333,0,0,4.5,19.6667,0,0,0,0
3946656,1976,5933,1974,"HK","",630805,3,8,99,6,61,4,13,0.75,0.5917,0.4444,10.6154,11.75,0,0,0,0
3946745,1976,5933,1974,"HK","",65770,3,2,607,3,32,4,29,0.5,0.1902,0,10.9655,14.75,0,0,0,0
3947678,1976,5933,1974,"HK","",,1,18,362,4,42,7,6,0.5714,0,0,8.5,16.5714,,,,
3952560,1976,5961,1975,"HK","",449195,3,15,70,6,65,3,2,0.6667,0,0.5,9.5,10.6667,0,0,0,0
3958244,1976,5982,1974,"HK","",,1,2,342,2,21,2,7,0,0.6122,,18.5714,20,,,,
3960931,1976,5996,1974,"HK","",65885,3,16,560,1,14,0,1,,0,,7,,,,1,1
3963886,1976,6010,1974,"HK","",,1,8,200,4,41,7,3,0.4286,0.4444,0.4444,13.6667,18.8571,,,,
3964252,1976,6017,1975,"HK","",576095,2,7,59,6,69,5,0,0.2,,0,,29.4,0,0,,
3971016,1976,6045,1975,"HK","",444400,3,8,340,2,21,1,2,1,0.5,0,5,4,0,0,0,0
3972300,1976,6059,1974,"HK","",,1,14,114,5,55,2,23,0,0.2344,,14.1304,84.5,,,,
3977458,1976,6087,1975,"HK","",332435,3,11,160,6,69,3,7,0.3333,0.6939,0,16,29.6667,0,0,0,0
3979931,1976,6101,1975,"HK","",,1,1,70,6,65,4,13,0.75,0.142,0,13.8462,7.5,,,,
3983887,1976,6122,1975,"HK","",,1,3,132,6,65,3,0,0.6667,,0,,7.3333,,,,
3997045,1976,6192,1975,"HK","",297920,3,1,194,5,59,1,2,0,0.5,,11.5,83,0,0,0,0
4000481,1976,6206,1976,"HK","",287190,2,10,335,4,41,5,3,0.8,0,0.375,8.3333,4.6,0,0,0,0
4008971,1977,6262,1975,"HK","",,1,2,403,6,67,4,6,0.25,0.6667,0,6.1667,38,,,,
4014033,1977,6290,1975,"HK","",625975,3,6,396,5,54,9,1,1,0,0.1975,2,4.3333,0,0,0,0
4014493,1977,6297,1975,"HK","",454330,3,8,227,5,59,2,2,0.5,0.5,0,4.5,12,0,0,0,0
4027078,1977,6360,1975,"HK","",,1,7,429,4,45,5,0,0.6,,0,,23,,,,
4030059,1977,6374,1975,"HK","",,1,7,337,4,41,2,4,0,0.75,,4.75,34.5,,,,
4031660,1977,6388,1976,"HK","",,1,15,446,6,62,3,6,0.3333,0.2778,0,6.5,31,,,,
4032940,1977,6388,1975,"HK","",625975,3,22,396,5,54,5,26,0.8,0.213,0,13.7308,10.8,0,0,0,0
4041507,1977,6430,1975,"HK","",625975,3,13,396,5,54,9,14,0.4444,0.3571,0,12.5714,16,0,0,0,0
