5568372,1996,13444,1993,"HK","",41815,3,13,363,4,45,3,1,1,0,0.4444,2,13.6667,0,0,0,0
5569868,1996,13451,1994,"HK","",575430,2,23,84,6,69,15,4,1,0.625,0.4444,2.75,9.3333,0,0,0,0
5570278,1996,13451,1994,"HK","",41815,3,30,363,4,45,10,3,1,0,0.18,3.3333,6.4,0.1111,0.1,0,0
5570459,1996,13451,1993,"HK","",147695,2,13,358,2,21,3,5,1,0.56,0.6667,2.8,5.3333,0,0,0,0
5574701,1996,13465,1995,"HK","",244796,3,18,368,6,69,4,0,1,,0.5,,12,0,0,,
5577306,1996,13479,1995,"HK","",,1,25,24,6,63,10,1,0.5,0,0.48,2,33.2,,,,
5577330,1996,13479,1995,"HK","",725836,3,8,33,6,69,4,1,1,0,0.375,1,2.25,0,0,0,0
5577448,1996,13479,1994,"HK","",725846,3,9,104,5,55,8,1,0.75,0,0.7222,3,28.25,0,0,0,0
5577852,1996,13479,1994,"HK","",689037,3,6,402,5,59,2,2,1,0,0,2,3,0,0,0.5,0.5
5580296,1996,13486,1995,"HK","",715068,3,12,446,6,62,9,0,0.7778,,0,,19.8889,0,0,,
5581614,1996,13486,1994,"HK","",722900,3,43,380,2,22,56,2,0.9643,0.5,0.5912,2.5,10.2857,0,0,0,0
5582374,1996,13493,1995,"HK","",,1,10,248,6,69,5,0,0.6,,0,,33.8,,,,
5584683,1996,13500,1996,"HK","",705628,3,3,431,6,66,29,1,0.8276,0,0,0,14.4483,0.1429,0.069,1,1
5584729,1996,13500,1994,"HK","",708288,3,19,439,4,41,5,1,1,0,0,2,3.2,0,0,0,0
5584741,1996,13500,1995,"HK","",726502,3,5,446,6,62,9,1,0.6667,0,0.5,2,38.5556,0,0,0,0
5586358,1996,13507,1994,"HK","",66960,3,11,15,6,69,16,1,0.75,0,0,2,18.9375,0,0,0,0
5588023,1996,13507,1995,"HK","",,1,20,375,2,21,9,0,1,,0.4938,,15.7778,,,,
5588882,1996,13514,1995,"HK","",726867,3,6,439,4,41,4,0,1,,0,,26.5,0,0,,
5589051,1996,13514,1994,"HK","",453910,3,17,205,1,19,13,1,0.8462,0,0.6446,4,20.6154,0.125,0.0769,0,0
5592697,1997,13528,1995,"HK","",,1,14,2,6,63,9,0,0.7778,,0.6122,,15.1111,,,,
5595672,1997,13535,1994,"HK","",715689,3,18,219,4,49,22,1,1,0,0.3926,2,10.6364,0,0,0,0
5596922,1997,13542,1995,"HK","",727520,3,8,99,6,61,9,0,0.4444,,0,,46.7778,0,0,,
5598765,1997,13549,1995,"HK","",222750,3,16,99,6,61,9,1,0.8889,0,0,2,19.7778,0,0,0,0
5600546,1997,13549,1995,"HK","",116430,2,19,363,4,45,5,8,1,0,0,2,2.2,0,0,0.1667,0.125
5601448,1997,13556,1995,"HK","",727872,3,6,439,4,41,4,3,0.5,0.6667,0,2,32,0,0,0,0
5605253,1997,13570,1995,"HK","",246065,3,12,222,1,19,5,0,0.8,,0.375,,25.8,0,0,,
5607158,1997,13577,1995,"HK","",,1,14,273,6,62,3,5,1,0.64,0.6667,2,7.6667,,,,
5610064,1997,13584,1994,"HK","",,1,2,435,3,33,0,0,,,,,,,,,
5610793,1997,13584,1996,"HK","",708288,3,7,361,4,45,5,1,1,0,0,1,8,0,0,0,0
5613426,1997,13598,1996,"HK","",727520,3,11,99,6,61,16,1,0.5,0,0,2,36.4375,0,0,0,0
5613794,1997,13598,1994,"HK","",728871,3,2,403,6,67,20,1,1,0,0.625,3,7.25,0,0,0,0
5614275,1997,13598,1995,"HK","",,1,18,428,6,69,8,0,0.75,,0.7778,,21.375,,,,
5615110,1997,13598,1994,"HK","",,1,26,705,2,22,7,6,1,0.5,0.6939,3,4.1429,,,,
5615649,1997,13605,1995,"HK","",729029,3,20,123,5,53,8,0,1,,0.2188,,9,0,0,,
5617601,1997,13612,1994,"HK","",,1,22,15,6,69,14,0,0.9286,,0.2722,,10.1429,,,,
5619084,1997,13612,1995,"HK","",296045,3,33,310,4,45,14,4,1,0,0,2,13,0,0,0,0
5619591,1997,13612,1995,"HK","",729323,3,10,382,2,22,8,2,1,0.5,0.6563,1.5,6.125,0,0,0,0
5620351,1997,13619,1995,"HK","",729404,3,7,446,6,62,14,0,0.7857,,0.4463,,20.6429,0,0,,
5621303,1997,13619,1995,"HK","",530540,3,2,315,4,42,0,0,,,,,,,,,
5621718,1997,13619,1995,"HK","",729503,3,10,369,2,24,4,0,1,,0,,4,0,0,,
5622490,1997,13626,1995,"HK","",,1,4,431,6,66,5,0,1,,0.32,,11.2,,,,
5624254,1997,13633,1995,"HK","",729723,3,5,431,6,66,9,0,1,,0,,5.3333,0,0,,
5625521,1997,13633,1994,"HK","",708288,3,19,361,4,45,13,1,1,0,0,2,8,0,0,0,0
5625916,1997,13640,1995,"HK","",,1,4,15,6,69,4,1,0.5,0,0,1,36.5,,,,
5626505,1997,13640,1996,"HK","",289575,2,14,446,6,62,8,0,0.625,,0.32,,22.875,0,0,,
5627357,1997,13640,1995,"HK","",,1,10,235,5,59,13,0,1,,0.3905,,6.8462,,,,
5628123,1997,13647,1994,"HK","",686831,3,15,34,1,19,8,2,1,0.5,0.5625,2.5,8.25,0,0,0,0
5628512,1997,13647,1996,"HK","",,1,19,273,6,62,4,0,1,,0,,6.25,,,,
5630153,1997,13647,1994,"HK","",394010,2,10,712,2,22,22,6,1,0.7778,0.8926,2.1667,8.1818,0.0455,0.0455,0,0
5631420,1997,13654,1996,"HK","",,1,1,73,4,43,5,0,0.8,,0,,30,,,,
5631709,1997,13654,1994,"HK","",386735,2,5,348,4,49,8,1,1,0,0,2,11.875,0,0,0,0
5631894,1997,13654,1995,"HK","",730341,3,9,369,2,24,4,2,1,0,0.625,2,4.25,0,0,0,0
5632107,1997,13661,1995,"HK","",387540,2,27,40,6,69,2,0,0.5,,0,,60,0,0,,
5633791,1997,13661,1995,"HK","",,1,6,363,4,45,3,1,1,0,0,1,3.3333,,,,
5636854,1997,13675,1995,"HK","",,1,5,280,5,55,3,0,0.6667,,0,,48.3333,,,,
5638575,1997,13682,1995,"HK","",691897,3,7,15,6,69,6,1,0.6667,0,0.375,3,31.8333,0,0,0,0
5640617,1997,13682,1996,"HK","",625970,3,7,396,5,54,0,0,,,,,,,,,
5642016,1997,13689,1995,"HK","",,1,4,315,4,42,8,0,1,,0.5,,11.5,,,,
5642657,1997,13696,1995,"HK","",731293,3,14,99,6,61,10,3,0.9,0,0,2.6667,14.4,0,0,0,0
5644868,1997,13703,1995,"HK","",,1,9,47,6,61,6,0,0.8333,,0,,27,,,,
5645038,1997,13703,1996,"HK","",246065,3,5,124,5,59,9,0,0.7778,,0,,16.6667,0,0,,
5648797,1997,13710,1995,"HK","",542700,3,7,345,2,23,8,1,1,0,0.8438,1,7.5,0,0,0,0
5651681,1997,13724,1994,"HK","",499890,3,11,434,6,69,6,1,1,0,0.7222,1,7.3333,0,0,1,1
5654646,1997,13731,1995,"HK","",732334,3,14,324,4,43,13,2,1,0,0.142,1.5,11.8462,0,0,0,0
5655717,1997,13738,1994,"HK","",,1,45,241,5,51,7,0,1,,0.449,,11,,,,
5657212,1997,13738,1995,"HK","",,1,1,363,4,45,3,2,1,0.5,0,3,1.6667,,,,
5657220,1997,13738,1995,"HK","",41815,3,21,363,4,45,2,1,1,0,0,2,5,0,0,0,0
5659209,1997,13745,1994,"HK","",188625,3,7,307,4,49,5,0,1,,0.48,,11.2,0,0,,
5660192,1997,13752,1995,"HK","",,5,8,132,6,65,51,0,0.7059,,0.2778,,26.2549,,,,
5662380,1997,13759,1995,"HK","",199081,2,20,297,6,65,12,2,1,0,0.4444,2,5.3333,0,0,0,0
5664449,1997,13766,1995,"HK","",,1,15,70,6,65,16,0,0.75,,0,,21.5625,,,,
5664483,1997,13766,1996,"HK","",222750,3,11,99,6,61,12,0,1,,0.1528,,5.9167,0.125,0.0833,,
5665359,1997,13766,1994,"HK","",,1,14,424,3,31,2,0,1,,0.5,,8,,,,
5667295,1997,13773,1996,"HK","",733446,3,20,362,4,42,5,4,1,0,0.32,1.25,12.6,0,0,0,0
5672108,1997,13787,1996,"HK","",575430,2,6,463,6,62,8,3,1,0.4444,0.6563,1.3333,8.5,0,0,0.3333,0.3333
5676411,1997,13801,1996,"HK","",,1,1,294,5,59,8,1,1,0,0,3,14.25,,,,
5677815,1997,13801,1995,"HK","",,1,11,360,2,24,23,2,1,0.5,0.1626,2,5,,,,
5680505,1997,13808,1996,"HK","",,1,12,704,2,22,2,0,1,,0,,15.5,,,,
5680626,1997,13808,1995,"HK","",386735,2,16,713,2,22,3,0,1,,0,,2,0,0,,
5680810,1997,13815,1996,"HK","",,1,20,99,6,61,13,1,1,0,0.6272,2,6,,,,
5681201,1997,13815,1995,"HK","",734635,3,8,446,6,62,7,0,0.7143,,0.72,,22.8571,0,0,,
5681213,1997,13815,1996,"HK","",487235,3,13,451,5,51,10,1,0.7,0,0,1,23.9,0.4,0.2,0,0
5683285,1997,13822,1996,"HK","",577010,3,6,446,6,62,4,3,0.75,0,0,1.3333,26.75,0.6667,0.5,1,0.6667
5684065,1997,13822,1996,"HK","",694913,3,5,523,1,15,3,1,1,0,0.4444,1,8.3333,0,0,0,0
5685097,1997,13829,1995,"HK","",686740,2,13,40,6,69,16,0,0.5,,0.4688,,38.0625,0,0,,
5685422,1997,13829,1995,"HK","",,5,9,206,6,68,14,1,1,0,0.5306,2,19.3571,,,,
5685425,1997,13829,1996,"HK","",721432,3,13,206,6,68,6,5,1,0,0,1.4,4.1667,0,0,0,0
5686813,1997,13829,1996,"HK","",735080,3,12,307,4,49,3,1,1,0,0.6667,2,3.3333,0,0,0,0
5688452,1997,13836,1996,"HK","",,1,19,264,5,51,6,0,1,,0.5,,2.6667,,,,
5689733,1997,13836,1996,"HK","",703144,2,9,396,5,54,18,6,0.8889,0,0.1172,1.6667,14.3333,0.0769,0.0556,0,0
5690008,1997,13843,1995,"HK","",,1,5,83,5,51,16,0,0.4375,,0.6122,,39.8125,,,,
5692315,1997,13850,1995,"HK","",,1,14,34,1,19,34,0,0.9706,,0.7971,,19.3235,,,,
5692825,1997,13850,1995,"HK","",530540,3,1,362,4,42,7,0,1,,0.449,,16.4286,0,0,,
5694297,1997,13850,1995,"HK","",41815,3,5,361,4,45,6,3,1,0.4444,0.6667,2.3333,5,0.25,0.1667,0,0
5695379,1997,13857,1995,"HK","",729404,3,4,446,6,62,15,0,0.7333,,0.2975,,23.4667,0,0,,
5696791,1997,13857,1995,"HK","",615145,2,14,375,2,21,1,0,1,,0,,11,0,0,,
5698801,1997,13864,1995,"HK","",387540,2,56,84,6,69,3,1,0.3333,0,0,2,66.3333,0,0,0,0
5699338,1997,13864,1995,"HK","",729503,3,10,369,2,24,4,1,1,0,0.625,1,6.75,0,0,0,0
5699718,1997,13871,1996,"HK","",101565,3,6,99,6,61,4,0,1,,0,,6.25,0,0,,
5702554,1997,13878,1996,"HK","",,1,4,156,1,19,7,0,0.7143,,0.72,,21.5714,,,,
5704277,1998,13885,1994,"HK","",,1,4,99,6,61,6,3,1,0,0,3.6667,4.3333,,,,
5704728,1998,13885,1996,"HK","",,1,9,403,6,67,10,0,0.6,,0.7778,,42.8,,,,
5704776,1998,13885,1993,"HK","",705628,3,3,431,6,66,9,3,1,0,0,4.3333,5.3333,0,0,0,0
5704821,1998,13885,1996,"HK","",244796,3,2,446,6,62,7,0,0.8571,,0.2778,,22.7143,0,0,,
5706036,1998,13885,1994,"HK","",386735,2,6,345,2,23,1,1,1,0,0,3,3,0,0,0,0
5706489,1998,13885,1995,"HK","",280070,2,13,712,2,22,16,0,1,,0.4219,,5.9375,0.3333,0.3125,,
5707090,1998,13892,1996,"HK","",,1,8,292,6,69,11,0,0.9091,,0.54,,17,,,,
5707137,1998,13892,1995,"HK","",719365,3,21,362,4,42,13,1,0.6923,0,0.3704,3,27.5385,0,0,0,0
5708314,1998,13892,1995,"HK","",,1,5,310,4,45,11,2,0.8182,0.5,0.4938,2,19.4545,,,,
5709457,1998,13899,1996,"HK","",376960,2,7,362,4,42,6,4,0.6667,0,0.375,1.5,26.3333,0.6667,0.3333,0,0
5710815,1998,13899,1995,"HK","",718719,3,30,380,2,22,26,1,1,0,0.3817,2,12.6154,0,0,0,0
5711729,1998,13906,1996,"HK","",737264,3,8,473,6,62,9,0,0.7778,,0.2449,,22.6667,0,0,,
5713664,1998,13913,1996,"HK","",736769,3,28,366,1,19,20,0,0.7,,0.8367,,24.05,0,0,,
5715846,1998,13920,1995,"HK","",,5,10,132,6,65,47,1,0.6809,0,0.3535,2,27.766,,,,
5717203,1998,13920,1997,"HK","",,1,20,250,4,44,11,0,1,,0.6446,,6.6364,,,,
5717270,1998,13920,1995,"HK","",296045,3,22,310,4,45,7,1,1,0,0,2,18.5714,0,0,0,0
5719597,1998,13927,1994,"HK","",729323,3,7,345,2,23,9,1,1,0,0.642,1,11.5556,0,0,0,0
5726845,1998,13948,1996,"HK","",41815,3,3,361,4,45,4,1,1,0,0.625,2,9,0.25,0.25,0,0
5727680,1998,13955,1995,"HK","",,1,17,206,6,68,3,3,1,0,0,2.3333,5,,,,
5727742,1998,13955,1997,"HK","",,1,9,241,5,51,12,0,0.5,,0.7222,,44.1667,,,,
5727981,1998,13955,1996,"HK","",387540,2,21,446,6,62,11,0,0.3636,,0.625,,60.3636,0,0,,
5729393,1998,13955,1996,"HK","",738844,2,25,359,5,54,4,5,1,0.56,0.375,1.4,7.5,0,0,0,0
5729509,1998,13955,1996,"HK","",,1,12,369,2,24,5,0,1,,0,,8,,,,
5729841,1998,13962,1997,"HK","",686831,3,6,4,6,65,10,0,0.9,,0.1975,,16.5,0,0,,
5730312,1998,13962,1996,"HK","",,1,13,229,6,68,4,0,0.75,,0.6667,,26,,,,
5730330,1998,13962,1995,"HK","",,1,15,222,1,19,8,1,0.125,0,0,3,75.125,,,,
5730441,1998,13962,1996,"HK","",489600,3,15,273,6,62,16,0,0.6875,,0.1653,,24.6875,0,0,,
5732139,1998,13962,1996,"HK","",,1,25,380,2,22,3,0,1,,0.4444,,4.3333,,,,
5732338,1998,13962,1994,"HK","",457430,3,8,455,2,21,15,3,1,0.4444,0.48,1.6667,7.8667,0,0,0,0
5732432,1998,13969,1996,"HK","",739127,3,4,15,6,69,6,0,0.6667,,0.375,,28.6667,0,0,,
5734677,1998,13969,1995,"HK","",711455,3,26,375,2,21,15,0,1,,0.5867,,5.4,0,0,,
5735144,1998,13976,1996,"HK","",,1,43,63,6,69,2,0,0.5,,0,,55.5,,,,
5735190,1998,13976,1996,"HK","",,1,17,99,6,61,1,1,1,0,0,2,3,,,,
5735204,1998,13976,1997,"HK","",,1,10,101,6,69,3,0,1,,0,,15.6667,,,,
5739455,1998,13983,1996,"HK","",,1,10,84,6,69,11,0,1,,0,,10.2727,,,,
5739732,1998,13983,1996,"HK","",,1,6,333,2,21,3,0,1,,0.6667,,16,,,,
5741062,1998,13990,1996,"HK","",465930,2,5,362,4,42,16,0,0.4375,,0.6122,,36.3125,0,0,,
5741185,1998,13990,1997,"HK","",685771,2,39,463,6,62,24,2,1,0,0.6944,0.5,12.5,0,0,0.5,0.5
5741647,1998,13990,1996,"HK","",,1,14,435,3,33,9,0,1,,0.1975,,8.8889,,,,
5742483,1998,13990,1996,"HK","",280070,2,6,361,4,45,4,0,1,,0.75,,4,0,0,,
5742669,1998,13990,1993,"HK","",,1,24,379,2,21,23,1,1,0,0,4,8.1304,,,,
5743725,1998,13997,1996,"HK","",722445,3,7,431,6,66,2,0,1,,0,,2.5,0,0,,
5746115,1998,14004,1995,"HK","",222750,3,20,99,6,61,6,1,0.8333,0,0,3,23,0.3333,0.1667,0,0
5746641,1998,14004,1997,"HK","",577010,3,5,446,6,62,6,1,0.8333,0,0,1,14,0.6,0.5,1,1
5748174,1998,14004,1996,"HK","",729323,3,6,345,2,23,18,3,1,0,0.3765,0.3333,11.5,0,0,0,0
5748457,1998,14004,1997,"HK","",,1,14,363,4,45,7,1,1,0,0,0,4.5714,,,,
5749862,1998,14011,1996,"HK","",,1,10,604,3,32,2,0,1,,0,,4.5,,,,
5751561,1998,14011,1997,"HK","",116430,2,14,363,4,45,26,1,1,0,0.4763,0,6.2692,0.0833,0.0769,1,1
5752077,1998,14011,1995,"HK","",386735,2,17,710,2,22,9,0,1,,0.6667,,5.8889,0.1111,0.1111,,
5754349,1998,14018,1997,"HK","",712886,3,23,359,5,54,2,0,1,,0,,12.5,0,0,,
5754419,1998,14018,1996,"HK","",41815,3,9,363,4,45,1,2,1,0.5,0,2,7,1,1,0,0
5754891,1998,14018,1997,"HK","",740953,3,7,396,5,54,3,0,1,,0,,2.6667,0,0,,
5755513,1998,14025,1996,"HK","",689037,3,14,402,5,59,7,5,1,0,0.2449,1.6,11.4286,0,0,0.6,0.6
5756799,1998,14025,1997,"HK","",741127,3,26,558,1,14,0,0,,,,,,,,,
5757491,1998,14025,1996,"HK","",722657,3,27,356,4,43,7,0,1,,0,,11.2857,0,0,,
5759645,1998,14032,1996,"HK","",,1,12,428,6,69,2,0,0.5,,0,,19.5,,,,
5762238,1998,14039,1996,"HK","",741522,3,5,222,1,19,14,1,1,0,0.5816,1,16.5714,0,0,0,0
5762554,1998,14039,1996,"HK","",741555,3,13,463,6,62,3,0,1,,0.6667,,12.3333,0,0,,
5763623,1998,14039,1996,"HK","",599570,3,13,549,1,14,0,0,,,,,,,,,
5764190,1998,14039,1996,"HK","",722657,3,17,343,2,21,5,3,1,0,0,1.3333,4.4,0,0,0,0
5765182,1998,14039,1996,"HK","",343790,2,16,711,2,24,9,1,1,0,0,0,4.4444,0,0,0,0
5765292,1998,14046,1997,"HK","",686831,3,5,34,1,19,2,0,1,,0,,2.5,0,0,,
5765484,1998,14046,1996,"HK","",741800,3,10,101,6,69,8,0,0.875,,0,,25.875,0,0,,
5768055,1998,14046,1996,"HK","",737894,2,17,360,2,24,5,4,1,0,0.32,1.75,5.4,0,0,0,0
5768225,1998,14046,1996,"HK","",,1,20,369,2,24,6,0,1,,0,,6.1667,,,,
5768696,1998,14046,1995,"HK","",742054,3,25,455,2,21,10,0,1,,0.78,,5.6,0,0,,
5768864,1998,14053,1996,"HK","",,1,4,54,6,69,3,1,1,0,0,2,17,,,,
5769215,1998,14053,1997,"HK","",,5,10,206,6,68,15,0,1,,0.4178,,19.0667,,,,
5769625,1998,14053,1996,"HK","",705628,3,12,431,6,66,27,0,0.8519,,0,,16.0741,0.1667,0.0741,,
5769680,1998,14053,1996,"HK","",,1,9,446,6,62,6,2,0.6667,0.5,0.625,1.5,23.8333,,,,
5769684,1998,14053,1997,"HK","",742172,3,9,446,6,62,5,0,0.4,,0,,29.6,0,0,,
5771781,1998,14060,1997,"HK","",715689,3,24,99,6,61,3,1,1,0,0,1,8,0,0,0,0
5771784,1998,14060,1997,"HK","",715689,3,3,99,6,61,13,0,1,,0,,4.3846,0,0,,
5772224,1998,14060,1996,"HK","",742403,3,8,1,6,69,5,0,1,,0,,7.8,0,0,,
5772348,1998,14060,1995,"HK","",689037,3,9,402,5,59,11,2,0.7273,0,0,2.5,26.5455,0.2857,0.1818,1,1
5772447,1998,14060,1996,"HK","",725218,3,9,439,4,41,4,0,0.75,,0,,34.5,0,0,,
5774346,1998,14060,1997,"HK","",,1,6,363,4,45,5,2,1,0,0.32,0,5.4,,,,
5774862,1998,14060,1997,"HK","",,1,24,704,2,22,6,0,1,,0.6111,,19.5,,,,
5775972,1998,14067,1996,"HK","",742750,3,4,446,6,62,5,0,0.6,,0.4444,,31.2,0,0,,
5778144,1998,14067,1996,"HK","",,1,6,392,4,41,14,0,0.7857,,0.562,,27.3571,,,,
5778362,1998,14067,1996,"HK","",742882,3,16,707,2,22,16,1,1,0,0.5391,1,3.1875,0,0,0,0
5778474,1998,14074,1996,"HK","",739127,3,6,15,6,69,5,1,0.8,0,0.375,2,15.4,0,0,0,0
5778939,1998,14074,1996,"HK","",706091,3,9,138,6,67,13,1,0.6154,0,0.75,1,43,0,0,0,0
5780952,1998,14074,1996,"HK","",296045,3,16,310,4,45,7,0,0.8571,,0.2778,,15.4286,0,0,,
5781691,1998,14074,1996,"HK","",,1,10,392,4,41,8,0,0.875,,0.4898,,21.75,,,,
5784743,1998,14088,1996,"HK","",739127,3,6,15,6,69,4,1,1,0,0,1,1.75,0,0,0,0
5785206,1998,14088,1996,"HK","",743484,3,11,221,5,51,11,0,0.8182,,0.3704,,24.0909,0,0,,
5785337,1998,14088,1996,"HK","",,1,12,280,5,55,12,1,1,0,0.2778,1,14.9167,,,,
5787517,1998,14095,1997,"HK","",,1,17,4,6,65,24,0,0.75,,0.3827,,28.5417,,,,
5788231,1998,14095,1995,"HK","",743750,3,6,273,6,62,11,2,0.9091,0,0.18,3,18,0,0,0,0
5788390,1998,14095,1996,"HK","",736775,3,36,402,5,59,12,0,0.3333,,0,,55.8333,0,0,,
5788391,1998,14095,1996,"HK","",736775,3,32,402,5,59,11,2,0.2727,0,0,2,58.9091,0,0,0,0
5788392,1998,14095,1996,"HK","",736775,3,38,402,5,59,11,0,0.2727,,0,,58.9091,0,0,,
5788474,1998,14095,1996,"HK","",743783,3,15,431,6,66,15,1,1,0,0,1,4.6,0,0,0,0
5788476,1998,14095,1997,"HK","",705628,3,22,431,6,66,17,0,1,,0,,4.5294,0.1,0.0588,,
5790906,1998,14095,1997,"HK","",740953,3,11,396,5,54,3,0,1,,0,,5.6667,0,0,,
5791763,1998,14102,1996,"HK","",718800,3,16,362,4,42,9,0,0.6667,,0.2778,,26.8889,0,0,,
5791777,1998,14102,1997,"HK","",739121,2,9,366,1,19,11,0,0.6364,,0,,28.2727,0,0,,
5792496,1998,14102,1997,"HK","",,1,13,426,6,61,15,0,0.4,,0.7222,,52,,,,
5793123,1998,14102,1995,"HK","",719699,3,12,307,4,49,8,0,1,,0.5938,,13,0,0,,
5794296,1998,14109,1996,"HK","",744315,3,26,15,6,69,13,1,0.8462,0,0.1653,2,23.9231,0,0,0,0
5794521,1998,14109,1997,"HK","",,1,13,99,6,61,12,1,1,0,0.5833,1,6.9167,,,,
5795554,1998,14109,1997,"HK","",722657,3,7,423,1,19,10,0,1,,0.32,,15.9,0,0,,
5796203,1998,14109,1997,"HK","",296045,3,18,310,4,45,13,0,1,,0.7456,,9.7692,0.1538,0.1538,,
5796810,1998,14109,1995,"HK","",,1,11,379,2,21,6,0,1,,0,,2.1667,,,,
5797385,1998,14116,1997,"HK","",744579,3,19,124,5,59,7,2,0.5714,0,0.375,0.5,30.7143,0,0,0,0
5801490,1998,14123,1997,"HK","",719217,2,27,315,4,42,5,1,1,0,0.56,0,6.8,0,0,0,0
5803456,1998,14130,1997,"HK","",,1,6,273,6,62,5,0,1,,0.32,,14,,,,
5804153,1998,14130,1996,"HK","",722657,3,8,423,1,19,10,0,1,,0.32,,15.9,0,0,,
5804958,1998,14130,1997,"HK","",386735,2,20,323,4,45,7,0,1,,0.449,,5.1429,0.4286,0.4286,,
5806171,1998,14137,1996,"HK","",296045,3,15,29,5,52,4,0,1,,0.625,,13.5,0,0,,
5806280,1998,14137,1995,"HK","",633980,2,8,53,6,68,15,0,1,,0.8,,13.8667,0.2308,0.2,,
5806385,1998,14137,1996,"HK","",745380,3,21,81,5,59,6,1,1,0,0,1,15.5,0,0,0,0
5807006,1998,14137,1996,"HK","",736775,3,36,402,5,59,11,0,0.2727,,0,,58.9091,0,0,,
5807134,1998,14137,1996,"HK","",376960,2,22,439,4,41,8,0,1,,0.2188,,7,0,0,,
5808430,1998,14137,1997,"HK","",,1,11,318,4,45,6,0,1,,0.5,,12,,,,
5810026,1998,14144,1996,"HK","",715689,3,17,132,6,65,8,1,0.75,0,0.5,1,27,0,0,0,0
5810109,1998,14144,1996,"HK","",745706,3,13,200,4,41,9,0,1,,0,,20,0,0,,
5810162,1998,14144,1997,"HK","",703555,3,18,206,6,68,5,0,0.6,,0.4444,,28.6,0,0,,
5810308,1998,14144,1997,"HK","",,1,18,248,6,69,4,0,1,,0,,6,,,,
5810499,1998,14144,1996,"HK","",736775,3,35,402,5,59,12,0,0.3333,,0,,54.25,0,0,,
5811200,1998,14144,1996,"HK","",718800,3,6,429,4,45,4,0,1,,0,,9,0,0,,
5812056,1998,14144,1997,"HK","",742054,3,10,340,2,21,13,0,1,,0.2604,,6,0,0,,
5813145,1998,14151,1996,"HK","",,1,5,36,6,63,7,0,1,,0,,14.4286,,,,
5813946,1998,14151,1996,"HK","",283405,2,19,482,5,59,5,1,0.8,0,0.75,2,19.4,0,0,0,0
5814915,1998,14151,1996,"HK","",296045,3,17,310,4,45,4,0,1,,0.375,,25.5,0,0,,
5815061,1998,14151,1996,"HK","",116430,2,3,336,4,41,16,1,1,0,0.5,3,12.5625,0,0,0,0
5815363,1998,14151,1996,"HK","",745706,3,12,361,4,45,4,0,0.75,,0.4444,,24.25,0,0,,
5819364,1998,14165,1995,"HK","",715689,3,16,15,6,69,18,1,0.7778,0,0.1327,2,19.3889,0,0,0,0
5819762,1998,14165,1996,"HK","",,5,20,132,6,65,48,0,0.6458,,0.3122,,29.6875,,,,
5820748,1998,14165,1997,"HK","",,1,13,208,1,19,5,0,0.8,,0.625,,12.4,,,,
5822795,1998,14172,1996,"HK","",,1,8,2,6,63,9,0,1,,0.1975,,12.7778,,,,
5822821,1998,14172,1996,"HK","",715689,3,1,15,6,69,34,0,1,,0.1125,,10.9412,0,0,,
5824648,1998,14172,1994,"HK","",,1,4,514,3,31,4,0,1,,0.625,,9,,,,
5825023,1998,14172,1997,"HK","",722657,3,16,250,4,44,0,0,,,,,,,,,
5826495,1998,14179,1997,"HK","",101565,3,8,99,6,61,5,0,1,,0,,3.6,0.2,0.2,,
5826972,1998,14179,1996,"HK","",,1,9,362,4,42,5,0,1,,0,,6.6,,,,
5827594,1998,14179,1997,"HK","",747268,3,4,428,6,69,4,0,1,,0,,10.75,0,0,,
5830038,1998,14186,1997,"HK","",,1,12,446,6,62,8,0,0.5,,0,,36.375,,,,
5831946,1998,14186,1996,"HK","",601715,2,17,369,2,24,9,1,1,0,0.4444,2,7.4444,0,0,0,0
5832311,1998,14186,1997,"HK","",703144,2,18,396,5,54,25,0,0.92,,0.1626,,12.4,0.05,0.04,,
5832322,1998,14186,1996,"HK","",703144,2,24,396,5,54,17,1,0.9412,0,0.1172,2,13.7059,0.0667,0.0588,0,0
5832634,1998,14193,1996,"HK","",706949,3,21,36,6,63,9,1,1,0,0.1975,2,7.6667,0.1667,0.1111,0,0
5833536,1998,14193,1996,"HK","",280825,2,14,463,6,62,37,0,1,,0.279,,6.3514,0.04,0.027,,
5836687,1998,14200,1997,"HK","",,1,1,366,1,19,5,0,0.8,,0,,25.6,,,,
5836709,1998,14200,1996,"HK","",736775,3,38,402,5,59,13,1,0.3846,0,0,2,50.7692,0,0,0,0
5838145,1998,14200,1996,"HK","",,1,22,323,4,45,3,1,1,0,0,2,8.3333,,,,
5839158,1998,14207,1997,"HK","",691897,3,3,15,6,69,9,0,1,,0,,5.7778,0,0,,
5839736,1998,14207,1997,"HK","",740774,3,4,280,5,55,6,0,1,,0,,1.8333,0,0,,
5842807,1998,14214,1996,"HK","",689037,3,17,402,5,59,3,2,1,0,0.4444,2,6,0,0,0.5,0.5
5844398,1998,14214,1994,"HK","",,1,3,320,4,45,1,0,1,,0,,20,,,,
5846013,1998,14221,1996,"HK","",689037,3,14,402,5,59,5,1,1,0,0.32,2,8.4,0.3333,0.2,1,1
5846069,1998,14221,1996,"HK","",705628,3,15,431,6,66,21,0,1,,0,,6.7143,0.1667,0.0952,,
5850669,1998,14235,1997,"HK","",691897,3,5,15,6,69,7,0,0.8571,,0,,14,0,0,,
5851134,1998,14235,1997,"HK","",702417,3,9,446,6,62,7,0,1,,0.2449,,9.4286,0,0,,
5852279,1998,14235,1996,"HK","",630375,2,20,219,4,49,30,0,0.8667,,0.3964,,16.7667,0.0526,0.0333,,
5852397,1998,14235,1997,"HK","",465615,2,55,338,4,41,62,0,1,,0.6743,,12.7419,0.5763,0.5484,,
5853312,1998,14242,1996,"HK","",749506,3,3,446,6,62,8,0,0.625,,0,,28.375,0,0,,
5853684,1998,14242,1997,"HK","",722657,3,20,423,1,19,6,0,1,,0.2778,,11.8333,0,0,,
5854844,1998,14242,1996,"HK","",,1,6,381,4,49,4,0,1,,0.625,,7,,,,
5855513,1999,14249,1996,"HK","",575430,2,,463,6,62,8,0,1,,0.4063,,14.875,0,0,,
5857216,1999,14256,1996,"HK","",,1,,2,6,63,9,0,0.7778,,0.449,,22.1111,,,,
5857263,1999,14256,1997,"HK","",686831,3,,34,1,19,5,0,1,,0.72,,9.2,0,0,,
5859582,1999,14256,1996,"HK","",295735,3,,340,2,21,9,1,0.6667,0,0.4444,2,23.5556,0.3333,0.1111,0,0
5859649,1999,14256,1995,"HK","",386735,2,,345,2,23,18,0,1,,0.3765,,6.1111,0,0,,
5860357,1999,14263,1997,"HK","",101565,3,,99,6,61,13,0,1,,0,,5.6923,0.0833,0.0769,,
5862414,1999,14263,1997,"HK","",703144,2,,396,5,54,28,0,0.9286,,0.145,,11.9286,0.0435,0.0357,,
5862766,1999,14270,1997,"HK","",,1,,112,6,63,3,0,1,,0,,16.6667,,,,
5864578,1999,14270,1996,"HK","",729995,2,,375,2,21,11,0,1,,0.595,,10.8182,0,0,,
5864980,1999,14277,1998,"HK","",,1,,43,6,61,2,0,1,,0,,7.5,,,,
5865104,1999,14277,1998,"HK","",750577,3,,99,6,61,13,0,0.8462,,0.5289,,21.1538,0,0,,
5866987,1999,14277,1996,"HK","",710583,3,,315,4,42,10,0,1,,0.48,,6.2,0.3333,0.1,,
5868513,1999,14284,1996,"HK","",736775,3,,402,5,59,11,1,0.2727,0,0,2,59.9091,0,0,0,0
5869151,1999,14284,1997,"HK","",721440,3,,428,6,69,1,0,1,,0,,3,1,1,,
5869284,1999,14284,1995,"HK","",719160,2,,435,3,33,2,0,1,,0.5,,6,0,0,,
5869779,1999,14284,1997,"HK","",750964,3,,84,6,69,1,0,1,,0,,4,0,0,,
5869847,1999,14284,1997,"HK","",722657,3,,257,4,46,5,1,1,0,0,0,5.2,0,0,0,0
5870005,1999,14284,1997,"HK","",,1,,332,4,41,11,0,1,,0.6777,,13.3636,,,,
5870284,1999,14284,1997,"HK","",41815,3,,361,4,45,12,3,1,0,0.1528,1,6.25,0,0,0,0
5875683,1999,14305,1997,"HK","",751481,3,,74,5,59,2,0,1,,0,,8,0,0,,
5876977,1999,14305,1997,"HK","",711455,3,,435,3,33,1,0,1,,0,,9,0,0,,
5878655,1999,14312,1996,"HK","",686831,3,,99,6,61,5,0,1,,0,,4.2,0,0,,
5878920,1999,14312,1997,"HK","",,5,,222,1,19,2,0,1,,0.5,,5.5,,,,
5879097,1999,14312,1996,"HK","",751779,3,,402,5,59,5,0,0.8,,0,,28,0,0,,
5879450,1999,14312,1997,"HK","",751815,3,,117,1,19,6,0,1,,0.2778,,8.1667,0,0,,
5880940,1999,14312,1997,"HK","",116430,2,,363,4,45,4,1,1,0,0.375,2,10.25,0.25,0.25,0,0
5881234,1999,14312,1996,"HK","",,1,,709,2,22,5,0,1,,0.72,,2.4,,,,
5881739,1999,14319,1997,"HK","",633615,3,,132,6,65,11,0,0.5455,,0.5,,42.7273,0,0,,
5882135,1999,14319,1997,"HK","",752034,3,,402,5,59,3,1,1,0,0,1,11,0,0,1,1
5882186,1999,14319,1996,"HK","",,1,,431,6,66,5,0,1,,0.32,,11.4,,,,
5883942,1999,14319,1997,"HK","",131785,3,,379,2,21,28,2,1,0,0.1352,0.5,4.7143,0,0,0,0
5886182,1999,14326,1997,"HK","",741127,3,,546,1,14,6,0,1,,0.7222,,2.8333,0,0,,
5890799,1999,14340,1997,"HK","",386735,2,,713,2,22,16,0,1,,0.4844,,7.4375,0,0,,
5892204,1999,14340,1997,"HK","",101565,3,,219,4,49,6,0,1,,0.6111,,17.6667,0,0,,
5892389,1999,14340,1997,"HK","",386735,2,,327,4,41,9,1,1,0,0.5185,1,6.3333,0.25,0.2222,0,0
5893326,1999,14347,1997,"HK","",752955,3,,101,6,69,10,0,1,,0,,10.1,0,0,,
5894201,1999,14347,1997,"HK","",753023,3,,315,4,42,5,0,1,,0.72,,4,0,0,,
5894659,1999,14354,1996,"HK","",386735,2,,29,5,52,4,0,1,,0.625,,4.75,0,0,,
5895990,1999,14354,1997,"HK","",296045,3,,310,4,45,5,0,1,,0,,6.4,0.6,0.6,,
5896270,1999,14354,1997,"HK","",753201,2,,361,4,45,5,0,0.8,,0.5,,16.8,0,0,,
5897048,1999,14361,1996,"HK","",40645,3,,228,5,52,3,0,1,,0,,6.3333,0,0,,
5897197,1999,14361,1997,"HK","",753313,3,,362,4,42,4,0,1,,0.5,,21,0,0,,
5901038,1999,14368,1997,"HK","",,1,,361,4,45,7,0,1,,0.449,,4.8571,,,,
5901711,1999,14375,1998,"HK","",,1,,132,6,65,8,0,1,,0.2188,,11.125,,,,
5902140,1999,14375,1997,"HK","",467340,2,,439,4,41,20,1,0.4,0,0.375,1,40.15,0,0,0,0
5903417,1999,14375,1997,"HK","",,1,,361,4,45,3,0,1,,0.4444,,13,,,,
5904435,1999,14382,1997,"HK","",752034,3,,402,5,59,9,0,1,,0,,9.5556,0,0,,
5908345,1999,14396,1998,"HK","",754377,2,,446,6,62,5,0,1,,0.72,,13,0,0,,
5909088,1999,14396,1997,"HK","",710583,3,,315,4,42,20,1,0.9,0,0.7593,1,16,0,0,0,0
5911313,1999,14410,1998,"HK","",,1,,2,6,63,5,0,1,,0,,11,,,,
5912595,1999,14410,1997,"HK","",,1,,331,4,41,6,0,1,,0.4444,,4.3333,,,,
5915261,1999,14417,1995,"HK","",499890,3,,711,2,24,8,0,1,,0.75,,7.875,0.2,0.125,,
5916008,1999,14424,1998,"HK","",577010,3,,446,6,62,4,0,1,,0,,5.75,0.5,0.5,,
5917616,1999,14424,1996,"HK","",87490,3,,358,2,21,3,0,1,,0.4444,,5.3333,0,0,,
5918338,1999,14431,1998,"HK","",687008,3,,12,6,63,14,0,0.7857,,0.314,,19.7857,0,0,,
5918383,1999,14431,1995,"HK","",694952,2,,36,6,63,71,0,0.8451,,0.065,,22.5211,0,0,,
5919981,1999,14431,1997,"HK","",741127,3,,564,1,14,0,0,,,,,,,,,
5923393,1999,14438,1996,"HK","",710121,3,,349,1,19,14,0,1,,0.6735,,6.5,0,0,,
5924137,1999,14445,1996,"HK","",,1,,2,6,63,4,0,0.75,,0,,33.25,,,,
5924691,1999,14445,1997,"HK","",387540,2,,273,6,62,20,0,0.9,,0.5988,,19,0,0,,
5924811,1999,14445,1997,"HK","",689037,3,,402,5,59,9,0,0.8889,,0.2188,,15.3333,0.75,0.3333,,
5925838,1999,14445,1997,"HK","",387540,2,,84,6,69,16,0,0.8125,,0.6627,,26.25,0,0,,
5925950,1999,14445,1998,"HK","",296045,3,,310,4,45,5,0,1,,0.56,,12.6,0,0,,
5926245,1999,14445,1997,"HK","",722657,3,,349,1,19,7,0,1,,0,,5,0,0,,
5928093,1999,14452,1997,"HK","",,1,,473,6,62,16,0,0.875,,0.5816,,17.375,,,,
5929494,1999,14452,1997,"HK","",386735,2,,257,4,46,2,0,1,,0,,3,0,0,,
5930946,1999,14459,1997,"HK","",,1,,43,6,61,8,0,1,,0.6563,,19.625,,,,
5930951,1999,14459,1997,"HK","",,1,,47,6,61,14,0,0.7857,,0.4463,,23.8571,,,,
5931081,1999,14459,1998,"HK","",750577,3,,99,6,61,4,0,1,,0,,7,0,0,,
5931170,1999,14459,1998,"HK","",739127,3,,132,6,65,6,0,1,,0.5,,4.1667,0,0,,
5931506,1999,14459,1996,"HK","",756440,3,,281,6,69,2,0,1,,0.5,,4,0,0,,
5931560,1999,14459,1997,"HK","",,1,,362,4,42,11,0,0.5455,,0.2778,,37.3636,,,,
5932975,1999,14459,1997,"HK","",710583,3,,315,4,42,10,0,1,,0.48,,6.2,0.3333,0.1,,
5933063,1999,14459,1997,"HK","",686800,2,,335,4,41,39,0,1,,0.622,,14.4359,0,0,,
5934394,1999,14466,1997,"HK","",756649,3,,175,6,64,3,0,1,,0,,7.6667,0,0,,
5934808,1999,14466,1995,"HK","",719692,2,,383,6,68,5,0,1,,0.8,,7.6,0.5,0.2,,
5936702,1999,14466,1998,"HK","",,1,,351,3,39,18,0,0.5,,0,,33.7222,,,,
5937013,1999,14466,1997,"HK","",722657,3,,375,2,21,3,0,1,,0.4444,,1.6667,0,0,,
5937525,1999,14473,1998,"HK","",,5,,30,6,65,1,0,0,,,,50,,,,
5940162,1999,14473,1998,"HK","",,1,,351,3,39,1,0,1,,0,,1,,,,
5942077,1999,14480,1997,"HK","",757332,3,,156,1,19,10,0,0.8,,0.5625,,16.3,0,0,,
5942800,1999,14480,1998,"HK","",558655,3,,257,4,46,3,0,1,,0,,4,0,0,,
5942838,1999,14480,1997,"HK","",722657,3,,310,4,45,4,0,1,,0,,13,0,0,,
5943945,1999,14487,1997,"HK","",,1,,99,6,61,4,0,0.5,,0.5,,52,,,,
5943949,1999,14487,1998,"HK","",750577,3,,99,6,61,5,0,1,,0.32,,9.2,0,0,,
5944181,1999,14487,1998,"HK","",757507,3,,206,6,68,12,0,0.9167,,0,,12.4167,0,0,,
5944408,1999,14487,1998,"HK","",,1,,362,4,42,18,0,1,,0.3765,,6.5556,,,,
5947005,1999,14494,1996,"HK","",735725,2,,99,6,61,4,0,1,,0,,9,0,0,,
5947478,1999,14494,1997,"HK","",,1,,273,6,62,10,0,1,,0.84,,15.4,,,,
5947792,1999,14494,1998,"HK","",577010,3,,446,6,62,8,0,0.625,,0.32,,32.625,0.3333,0.125,,
5951362,1999,14501,1997,"HK","",741555,3,,446,6,62,9,0,1,,0.7654,,12,0,0,,
5952527,1999,14501,1999,"HK","",741127,3,,564,1,14,0,0,,,,,,,,,
5952754,1999,14501,1998,"HK","",296045,3,,310,4,45,2,0,1,,0.5,,6,0,0,,
5954458,1999,14508,1998,"HK","",758434,2,,408,5,51,3,0,0.6667,,0,,20.6667,0,0,,
5957034,1999,14515,1998,"HK","",750577,3,,99,6,61,5,0,1,,0.32,,4.4,0,0,,
5957566,1999,14515,1997,"HK","",,1,,362,4,42,7,0,0.7143,,0.64,,28,,,,
5959848,1999,14515,1997,"HK","",41815,3,,361,4,45,6,0,1,,0.6111,,8.3333,0,0,,
5960032,1999,14515,1995,"HK","",722657,3,,375,2,21,12,0,1,,0.5,,5.75,0,0,,
5960709,1999,14522,1999,"HK","",,1,,99,6,61,13,0,1,,0.6391,,14.3846,,,,
5963708,1999,14522,1996,"HK","",622745,3,,392,4,41,13,0,0.6154,,0.7813,,36.6154,0,0,,
5964544,1999,14529,1998,"HK","",752034,3,,402,5,59,2,0,1,,0,,7,0.5,0.5,,
5966898,1999,14536,1998,"HK","",747717,2,,53,6,68,26,0,1,,0.7692,,17.6923,0,0,,
5967021,1999,14536,1998,"HK","",,1,,99,6,61,16,0,1,,0.6953,,6.625,,,,
5967642,1999,14536,1997,"HK","",,1,,362,4,42,7,0,1,,0.2449,,6.1429,,,,
5967643,1999,14536,1999,"HK","",712886,3,,362,4,42,3,0,0.3333,,0,,37.6667,0,0,,
5967823,1999,14536,1997,"HK","",,1,,439,4,41,6,0,1,,0.5,,6,,,,
5967851,1999,14536,1998,"HK","",759606,3,,439,4,41,2,0,1,,0.5,,21.5,0,0,,
5967874,1999,14536,1997,"HK","",759609,3,,446,6,62,16,0,0.8125,,0.7337,,22.4375,0,0,,
5969479,1999,14536,1998,"HK","",753023,3,,315,4,42,58,0,0.8276,,0.6762,,16.1379,0,0,,
5970860,1999,14543,1999,"HK","",,1,,99,6,61,12,0,0.9167,,0.7603,,14.6667,,,,
5971649,1999,14543,1998,"HK","",689037,3,,402,5,59,9,0,1,,0,,2.2222,0.25,0.2222,,
5971855,1999,14543,1997,"HK","",575430,2,,463,6,62,9,0,1,,0.6173,,6.5556,0.1429,0.1111,,
5972523,1999,14543,1996,"HK","",711455,3,,428,6,69,17,0,1,,0.609,,11.1176,0,0,,
5973131,1999,14543,1997,"HK","",,1,,536,1,14,0,0,,,,,,,,,
5975977,1999,14550,1997,"HK","",734635,3,,446,6,62,7,0,0.7143,,0.32,,23.7143,0,0,,
5976157,1999,14550,1998,"HK","",760326,3,,606,3,32,20,0,0.7,,0.3673,,23.9,0,0,,
5978144,1999,14550,1997,"HK","",760465,3,,359,5,54,1,0,1,,0,,2,0,0,,
5978480,1999,14550,1996,"HK","",718719,3,,380,2,22,8,0,1,,0,,9.75,0,0,,
5980146,1999,14557,1995,"HK","",689037,3,,402,5,59,9,0,0.1111,,0,,58.7778,0,0,,
5980242,1999,14557,1997,"HK","",,1,,431,6,66,5,0,0.8,,0.375,,13,,,,
5980356,1999,14557,1997,"HK","",387540,2,,446,6,62,17,0,0.4118,,0.449,,41.3529,0,0,,
5982004,1999,14557,1997,"HK","",722657,3,,257,4,46,3,0,1,,0,,4.6667,0,0,,
5982081,1999,14557,1996,"HK","",722657,3,,313,4,42,1,0,1,,0,,4,0,0,,
5982638,1999,14557,1997,"HK","",41815,3,,363,4,45,11,0,1,,0.1653,,7.5455,0.7,0.6364,,
5982742,1999,14557,1997,"HK","",760870,3,,370,2,21,5,0,1,,0.56,,5.4,0,0,,
5983174,1999,14557,1998,"HK","",76775,3,,704,2,22,1,0,1,,0,,7,0,0,,
5983904,1999,14564,1999,"HK","",116910,2,,132,6,65,7,0,1,,0,,17.8571,0.5,0.1429,,
5985123,1999,14564,1997,"HK","",,1,,205,1,19,13,0,1,,0.426,,9.3846,,,,
5986895,1999,14564,1998,"HK","",41815,3,,363,4,45,6,0,1,,0,,4.8333,0,0,,
5986905,1999,14564,1997,"HK","",761646,3,,363,4,45,5,0,1,,0.32,,12.6,0,0,,
5990318,1999,14571,1998,"HK","",741127,3,,548,1,14,1,0,1,,0,,12,0,0,,
5990782,1999,14571,1998,"HK","",761620,3,,340,2,21,13,0,1,,0.5562,,11.2308,0,0,,
5991171,1999,14571,1998,"HK","",761646,3,,363,4,45,5,0,1,,0,,3.4,0,0,,
5991894,1999,14571,1997,"HK","",711455,3,,714,2,22,15,0,1,,0.72,,4.5333,0,0,,
5992299,1999,14578,1998,"HK","",761765,3,,99,6,61,5,0,1,,0.32,,11.8,0,0,,
5993188,1999,14578,1997,"HK","",,1,,425,5,51,10,0,1,,0.5,,12.6,,,,
5994680,1999,14578,1998,"HK","",101565,3,,219,4,49,0,0,,,,,,,,,
5995383,1999,14578,1996,"HK","",116430,2,,363,4,45,35,0,1,,0.3951,,6.3143,0.1515,0.1429,,
5996483,1999,14585,1999,"HK","",,1,,99,6,61,13,0,0.4615,,0,,44.3846,,,,
5997282,1999,14585,1998,"HK","",,1,,431,6,66,6,0,1,,0,,4.5,,,,
5997414,1999,14585,1995,"HK","",762219,3,,473,6,62,11,0,0.9091,,0.18,,13.7273,0,0,,
5999152,1999,14585,1997,"HK","",710121,3,,345,2,23,9,0,1,,0.5185,,11.1111,0,0,,
5999339,1999,14585,1998,"HK","",747671,2,,359,5,54,4,0,1,,0,,9.5,0,0,,
6000139,1999,14592,1998,"HK","",740246,3,,30,6,65,10,0,0.7,,0.4898,,41.9,0,0,,
6000990,1999,14592,1998,"HK","",577010,3,,446,6,62,4,0,1,,0,,18,0.6667,0.5,,
6004635,1999,14599,1998,"HK","",,1,,428,6,69,0,0,,,,,,,,,
6005204,1999,14599,1998,"HK","",,1,,200,4,41,21,0,0.7619,,0.8359,,26.5238,,,,
6005634,1999,14599,1997,"HK","",386735,2,,348,4,49,8,0,1,,0.4063,,8.375,0.125,0.125,,
6006653,1999,14606,1998,"HK","",750577,3,,99,6,61,4,0,1,,0.75,,6.25,0,0,,
6006658,1999,14606,1999,"HK","",,1,,99,6,61,11,0,0.9091,,0.18,,17.2727,,,,
6006939,1999,14606,1998,"HK","",763055,3,,220,6,68,5,0,0.8,,0.375,,21.8,0,0,,
6007041,1999,14606,1998,"HK","",763068,3,,248,6,69,12,0,0.3333,,0,,46.6667,0,0,,
6007266,1999,14606,1998,"HK","",689037,3,,402,5,59,17,0,0.7647,,0.4615,,24.1765,0.4444,0.2353,,
6007308,1999,14606,1998,"HK","",296045,3,,417,5,53,3,0,1,,0,,8.6667,0,0,,
6009220,1999,14606,1997,"HK","",,1,,385,2,21,7,0,1,,0.6939,,2.4286,,,,
