4428453,1984,8796,1982,"HK","",,1,15,181,6,69,2,3,0,0.6667,,8.6667,70,,,,
4430669,1984,8803,1981,"HK","",431865,3,12,380,2,22,9,23,1,0.6919,0.5679,7.6957,7.1111,0,0,0,0
4432043,1984,8810,1982,"HK","",429795,3,14,362,4,42,1,15,1,0.2311,0,9.6667,2,0,0,0,0
4433943,1984,8824,1980,"HK","",,1,3,405,6,64,15,12,0.6,0.2917,0.4444,11.0833,21.6667,,,,
4435754,1984,8831,1981,"HK","",28105,2,13,711,2,24,8,3,1,0.4444,0.75,7.6667,5,0,0,0,0
4438590,1984,8852,1982,"HK","",468690,3,2,446,6,62,3,0,1,,0,,7.6667,0,0,,
4438752,1984,8852,1981,"HK","",,1,8,123,5,53,5,9,1,0.716,0.32,7.4444,7,,,,
4441141,1984,8859,1982,"HK","",,1,12,362,4,42,2,3,1,0,0.5,3.6667,6.5,,,,
4443968,1984,8880,1982,"HK","",531350,3,6,446,6,62,9,7,0.7778,0,0.2449,5.1429,15.7778,0,0,0.1667,0.1429
4445889,1984,8887,1982,"HK","",22715,2,1,604,3,32,26,7,0.8077,0.2449,0.7937,7,19.7692,0.2143,0.1154,0.8571,0.8571
4449806,1984,8908,1983,"HK","",625970,3,14,396,5,54,9,11,0.6667,0,0,1.7273,17.7778,0,0,0.0909,0.0909
4451130,1984,8915,1982,"HK","",625970,3,9,396,5,54,3,15,1,0,0.4444,11.2667,8.6667,0,0,0,0
4453712,1984,8929,1982,"HK","",468690,3,11,104,5,55,3,4,1,0.625,0,7.75,4,0,0,0,0
4455074,1984,8936,1983,"HK","",625970,3,10,396,5,54,1,18,1,0.1049,0,10.9444,2,0,0,0,0
4460367,1984,8964,1982,"HK","",22715,2,3,604,3,32,24,5,0.8333,0,0.855,9.4,18.2917,0.0769,0.0417,1,1
4462696,1984,8978,1983,"HK","",596225,3,8,368,6,69,3,1,1,0,0,13,3,0,0,0,0
4464258,1984,8985,1983,"HK","",22715,2,5,210,1,19,2,10,1,0.18,0.5,8.6,14.5,0,0,0.5,0.5
4467702,1984,9006,1981,"HK","",,1,6,92,5,53,3,0,0.6667,,0,,22,,,,
4471350,1984,9020,1981,"HK","",,1,9,345,2,23,5,5,0.6,0.72,0.4444,12.8,27.8,,,,
4472766,1984,9027,1982,"HK","",208455,3,1,362,4,42,4,23,0.75,0.0832,0,7.3043,9,0,0,0,0
4475013,1984,9041,1982,"HK","",281795,3,21,379,2,21,3,27,1,0.1399,0,7.1481,2.6667,0,0,0,0
4479659,1984,9069,1982,"HK","",,1,9,280,5,55,3,0,0.3333,,0,,52.6667,,,,
4488375,1984,9118,1982,"HK","",239990,3,5,446,6,62,3,5,0.3333,0.64,0,7.4,28.6667,0,0,0,0
4490602,1984,9125,1983,"HK","",,1,6,392,4,41,12,5,0.5,0.72,0.6111,3.8,25.25,,,,
4492318,1985,9139,1982,"HK","",246065,3,7,222,1,19,3,2,0.6667,0,0,11,21,0,0,0,0
4492853,1985,9139,1983,"HK","",371265,3,5,219,4,49,7,6,0.7143,0.6111,0,7.8333,14.7143,0,0,0,0
4500834,1985,9181,1982,"HK","",218535,3,18,324,4,43,1,9,0,0.1975,,8.8889,32,0,0,0,0
4504890,1985,9202,1984,"HK","",337260,3,7,362,4,42,3,7,0.3333,0,0,5.2857,22,0,0,0,0
4505563,1985,9209,1983,"HK","",625970,3,6,396,5,54,5,4,1,0.625,0,12.25,11.8,0,0,0,0
4508958,1985,9223,1982,"HK","",630670,3,14,392,4,41,11,9,0.3636,0.6667,0.75,9,41.7273,0,0,0,0
4509383,1985,9230,1982,"HK","",98180,2,4,74,5,59,8,15,0.875,0.8267,0.6939,10.0667,12.125,0,0,0,0
4515837,1985,9258,1984,"HK","",,1,9,428,6,69,11,29,0.5455,0.3044,0.4444,7.5172,15.2727,,,,
4516926,1985,9265,1983,"HK","",75015,3,5,425,5,51,5,3,0.6,0,0,6.3333,31.8,0,0,0,0
4516954,1985,9265,1983,"HK","",,4,9,446,6,62,4,2,0.75,0.5,0,8,29.75,,,,
4520453,1985,9279,1982,"HK","",28105,2,23,711,2,24,4,9,1,0.7901,0.375,4.1111,7.25,0,0,0,0
4525048,1985,9307,1983,"HK","",625970,3,16,396,5,54,0,1,,0,,2,,,,0,0
4525051,1985,9307,1983,"HK","",625970,3,5,396,5,54,4,1,0.75,0,0,6,15,0,0,0,0
4527195,1985,9314,1982,"HK","",431865,3,20,380,2,22,15,20,0.8667,0.095,0.142,7.2,10.6667,0,0,0.0556,0.05
4528440,1985,9321,1983,"HK","",,1,6,392,4,41,10,4,0.3,0.375,0.4444,13,39.8,,,,
4534474,1985,9356,1982,"HK","",117345,3,10,211,6,65,1,11,1,0.843,0,10.3636,4,0,0,0,0
4538826,1985,9377,1984,"HK","",428790,3,5,280,5,55,5,6,1,0.5,0,9.6667,14.2,0,0,0,0
4539751,1985,9384,1983,"HK","",,1,6,30,6,65,9,6,0.3333,0.6667,0.6667,7.8333,46.4444,,,,
4541142,1985,9391,1983,"HK","",120330,3,5,15,6,69,6,6,0.5,0.2778,0,6.3333,23.8333,0,0,0,0
4542733,1985,9398,1983,"HK","",,1,4,126,6,66,8,1,0.875,0,0.2449,4,14.25,,,,
4545776,1985,9412,1983,"HK","",531350,3,17,446,6,62,24,2,0.4583,0,0.314,2,35.5833,0.2,0.0417,0,0
4550871,1985,9440,1982,"HK","",40645,3,4,228,5,52,6,14,1,0,0.6111,8.9286,8,0,0,0,0
4555158,1985,9461,1985,"HK","",617395,2,25,439,4,41,17,6,0.5882,0,0.18,4.3333,25.6471,0,0,0,0
4559583,1985,9482,1984,"HK","",583445,2,1,362,4,42,9,10,1,0.48,0.5679,8.5,4.8889,0,0,0.2,0.1
4561743,1985,9496,1984,"HK","",423985,3,8,396,5,54,2,3,1,0,0,1.3333,6.5,0,0,0,0
4564033,1986,9510,1983,"HK","",630375,2,24,132,6,65,9,1,0.8889,0,0.4688,3,24,0,0,1,1
4565296,1986,9517,1984,"HK","",371265,3,8,220,6,68,6,4,0.5,0.625,0,9,36.3333,0,0,0,0
4568197,1986,9531,1984,"HK","",,1,12,368,6,69,4,1,0.75,0,0,10,18.75,,,,
4570216,1986,9538,1983,"HK","",75625,2,19,700,2,22,5,24,1,0.6076,0.56,6.2917,8.4,0,0,0,0
4574864,1986,9566,1984,"HK","",,1,4,160,6,69,8,9,0.25,0,0,8.4444,61.875,,,,
4576500,1986,9573,1983,"HK","",,1,22,403,6,67,11,3,1,0.4444,0.314,9,8.5455,,,,
4576918,1986,9573,1983,"HK","",,1,4,436,1,19,11,7,0.9091,0.6122,0.54,8.1429,11.5455,,,,
4577365,1986,9580,1984,"HK","",295735,3,2,15,6,69,6,17,0.8333,0.3045,0.48,7.5882,12.8333,0,0,0,0
4584498,1986,9608,1985,"HK","",296040,3,7,310,4,45,8,15,1,0.2311,0.2188,4.4667,8.125,0,0,0.4,0.4
4585423,1986,9615,1984,"HK","",239990,3,5,446,6,62,3,2,0.3333,0,0,5.5,44.3333,0,0,0,0
4592613,1986,9650,1984,"HK","",98320,3,10,439,4,41,9,8,0.7778,0.75,0.2449,8.875,11.1111,0,0,0,0
4595095,1986,9664,1984,"HK","",,1,10,206,6,68,8,2,0.625,0,0,5.5,21.875,,,,
4595269,1986,9664,1984,"HK","",625970,3,11,396,5,54,3,1,1,0,0,3,11,0.3333,0.3333,0,0
4598491,1986,9685,1985,"HK","",35735,3,7,42,5,59,11,3,0.3636,0.4444,0.625,6.3333,36,0,0,0,0
4601880,1986,9699,1985,"HK","",22715,2,1,422,1,19,27,5,0.8148,0,0.8719,6.4,18.8148,0,0,1,1
4601925,1986,9699,1984,"HK","",,1,1,428,6,69,4,1,1,0,0.625,5,6.75,,,,
4602320,1986,9699,1985,"HK","",468015,3,15,362,4,42,10,12,0.8,0.375,0.4688,2.6667,18.4,0,0,0,0
4602859,1986,9706,1983,"HK","",625970,3,13,396,5,54,5,5,0.6,0,0,5.8,18.8,0.3333,0.2,0,0
4603803,1986,9713,1985,"HK","",40645,3,4,228,5,52,10,6,0.9,0.5,0.1975,9,10.4,0,0,0,0
4606490,1986,9727,1982,"HK","",40645,3,5,228,5,52,13,11,1,0.7107,0.3905,9.0909,10.3846,0,0,0,0
4607652,1986,9734,1984,"HK","",,1,10,134,6,69,27,6,0.7778,0.6667,0.7574,6.8333,15.9259,,,,
4609576,1986,9741,1984,"HK","",596420,3,6,428,6,69,7,3,1,0.6667,0.6939,7.3333,7,0,0,0,0
4610048,1986,9748,1985,"HK","",,1,19,15,6,69,8,17,0.75,0.1107,0.6667,6.5882,18.875,,,,
4615799,1986,9776,1985,"HK","",294605,3,2,210,1,19,5,21,1,0.381,0.48,7.381,8.6,0,0,0,0
4616109,1986,9776,1984,"HK","",,1,11,379,2,21,5,1,1,0,0.32,10,5.6,,,,
4620226,1986,9797,1984,"HK","",,1,4,348,4,49,6,6,1,0.6667,0.6667,6.8333,7.5,,,,
4623232,1986,9818,1984,"HK","",625970,3,14,396,5,54,1,5,1,0.48,0,8.6,17,0,0,0,0
4624271,1986,9825,1984,"HK","",630375,2,28,132,6,65,3,9,1,0.8148,0.4444,8.7778,16.3333,0,0,0.1667,0.1111
4627737,1986,9839,1985,"HK","",178110,2,15,368,6,69,5,5,1,0.56,0,7.2,4.6,0,0,0.6,0.6
4627769,1986,9839,1980,"HK","",,1,7,405,6,64,2,6,1,0.2778,0,12.5,15.5,,,,
4628810,1986,9846,1984,"HK","",534245,3,11,101,6,69,7,1,0.2857,0,0,8,49.5714,0,0,0,0
4639144,1987,9888,1985,"HK","",63740,2,20,368,6,69,9,5,0.6667,0.56,0,8.4,25,0,0,0,0
4643696,1987,9909,1986,"HK","",531290,3,4,446,6,62,3,5,0.3333,0.32,0,6.2,38,0,0,0,0
4645905,1987,9916,1985,"HK","",135455,2,21,392,4,41,7,2,0.4286,0.5,0.6667,4,43.7143,0,0,0,0
4645979,1987,9916,1984,"HK","",,1,1,315,4,42,10,17,0.8,0.5606,0.2188,7.1176,13.6,,,,
4654917,1987,9958,1985,"HK","",467340,2,24,15,6,69,5,12,0.8,0.5833,0.375,6.6667,11.8,0,0,0,0
4655724,1987,9958,1985,"HK","",531290,3,10,446,6,62,11,9,0.6364,0.642,0.449,8.6667,13.9091,0,0,0,0
4656380,1987,9958,1986,"HK","",296040,3,16,310,4,45,9,7,1,0,0.1975,3.7143,8.2222,0.125,0.1111,0.2857,0.2857
4658114,1987,9965,1986,"HK","",,1,7,219,4,49,8,2,0.625,0.5,0,1.5,27.5,,,,
4658116,1987,9965,1984,"HK","",564490,3,10,392,4,41,6,5,0.8333,0.72,0.64,6.4,15,0,0,0,0
4659196,1987,9972,1985,"HK","",445890,2,7,351,3,39,32,5,0.6875,0.32,0.2355,8.4,20.375,0,0,0,0
4666276,1987,10000,1985,"HK","",4275,3,11,396,5,54,3,0,1,,0.4444,,4.6667,0,0,,
4674158,1987,10035,1986,"HK","",,1,10,24,6,63,20,1,0.3,0,0.2778,2,54.35,,,,
4676045,1987,10042,1986,"HK","",171470,3,2,52,6,69,8,1,0.875,0,0,6,16.75,0,0,0,0
4679078,1987,10049,1985,"HK","",344860,3,12,380,2,22,11,9,0.9091,0,0.18,6.3333,8.4545,0,0,0,0
4679822,1987,10056,1985,"HK","",,1,13,281,6,69,9,3,0.4444,0.4444,0.375,8.6667,42.8889,,,,
4681149,1987,10063,1985,"HK","",558335,3,7,160,6,69,11,5,0.2727,0,0,9,33.5455,0,0,0,0
4685482,1987,10084,1985,"HK","",,1,6,135,6,69,8,7,0.625,0,0,5.7143,35,,,,
4693854,1987,10119,1986,"HK","",116910,2,10,261,1,19,9,0,0.6667,,0.7222,,20.1111,0,0,,
4694815,1987,10126,1985,"HK","",342190,3,12,124,5,59,13,3,0.0769,0,0,5,57.4615,0,0,0,0
4695936,1987,10126,1986,"HK","",41785,2,17,363,4,45,3,16,1,0.2266,0,5.3125,6.6667,0,0,0,0
4697518,1987,10140,1987,"HK","",437885,3,10,102,1,19,6,7,0.8333,0.2449,0,6.4286,15.5,0,0,0,0
4697605,1987,10140,1986,"HK","",518705,3,7,134,6,69,27,4,0.7778,0.75,0.771,2.5,16.9259,0,0,0,0
4702158,1987,10161,1986,"HK","",,1,10,99,6,61,6,7,1,0.6939,0.2778,8,11.1667,,,,
4705894,1987,10175,1986,"HK","",,1,4,562,1,14,2,3,1,0.4444,0.5,5,9,,,,
4705972,1987,10175,1986,"HK","",296040,3,8,310,4,45,11,2,0.7273,0.5,0.375,3,21.8182,0,0,0,0
4706896,1987,10182,1986,"HK","",101565,3,11,241,5,51,1,2,1,0.5,0,12.5,1,0,0,0,0
4708379,1987,10189,1986,"HK","",304875,3,22,292,6,69,2,10,1,0,0,6.5,2,0,0,0,0
4708414,1987,10189,1987,"HK","",,1,8,439,4,41,3,19,1,0.0997,0,5.5263,7,,,,
4710006,1987,10196,1987,"HK","",160890,2,5,396,5,54,5,1,1,0,0,8,9.8,0.2,0.2,1,1
4710013,1987,10196,1986,"HK","",625970,3,10,396,5,54,12,6,1,0.4444,0.1528,5.8333,8.3333,0.0833,0.0833,0,0
4710856,1987,10196,1986,"HK","",101955,3,9,362,4,42,3,8,0.6667,0.5625,0,4.125,25.3333,0,0,0,0
4713037,1987,10210,1986,"HK","",156975,3,6,446,6,62,8,2,0.75,0,0.6111,5,17.875,0,0,0,0
4716485,1987,10224,1985,"HK","",467340,2,8,360,2,24,9,5,1,0.64,0.1975,4,6,0,0,0.25,0.2
4716505,1987,10224,1987,"HK","",398620,3,9,362,4,42,8,0,0.625,,0,,16.125,0,0,,
4719674,1988,10245,1986,"HK","",,1,11,24,6,63,9,0,0.2222,,0.5,,59.5556,,,,
4721480,1988,10252,1985,"HK","",508805,3,9,439,4,41,2,6,1,0.7222,0.5,7.1667,2,0,0,0,0
4728104,1988,10287,1986,"HK","",38645,3,5,104,5,55,4,3,0.5,0.6667,0.5,8,41,0,0,0,0
4728835,1988,10287,1986,"HK","",296040,3,6,310,4,45,3,10,1,0,0,4.9,15,0,0,0,0
4730364,1988,10301,1985,"HK","",71030,3,11,361,4,45,6,31,0.5,0.8096,0.4444,6.2581,31.8333,0,0,0,0
4735153,1988,10322,1987,"HK","",622715,3,8,108,6,69,8,6,0.75,0.5,0.6111,6.5,17.625,0,0,0,0
4740729,1988,10343,1987,"HK","",,1,9,313,4,42,3,5,1,0.64,0.4444,5.8,1.3333,,,,
4741105,1988,10350,1987,"HK","",622715,3,10,30,6,65,3,3,0.6667,0.6667,0.5,4.3333,41,0,0,0,0
4744230,1988,10364,1987,"HK","",,1,3,70,6,65,7,2,0.8571,0.5,0.5,3.5,17.5714,,,,
4746829,1988,10371,1986,"HK","",296040,3,10,310,4,45,6,10,1,0,0,5.6,4.8333,0,0,0,0
4746943,1988,10371,1987,"HK","",145945,3,10,396,5,54,3,6,0.6667,0.4444,0.5,6,29.6667,0,0,0,0
4746945,1988,10371,1986,"HK","",625970,3,23,396,5,54,15,2,0.5333,0,0,9,43.2667,0,0,0,0
4746946,1988,10371,1987,"HK","",625970,3,6,396,5,54,2,4,1,0.5,0,7.25,12.5,0,0,0,0
4751603,1988,10392,1987,"HK","",514610,3,13,361,4,45,7,14,1,0.2551,0.6122,4,9.7143,0,0,0.125,0.0714
4752388,1988,10399,1986,"HK","",,1,5,210,1,19,11,10,1,0.5,0.3967,6.9,13.9091,,,,
4752423,1988,10399,1987,"HK","",622715,3,7,261,1,19,11,16,0.6364,0.4688,0.449,5.6875,20,0,0,0,0
4754550,1988,10413,1986,"HK","",375545,3,16,30,6,65,6,1,0.3333,0,0.5,6,34.5,0.5,0.1667,0,0
4754743,1988,10413,1986,"HK","",166590,3,5,123,5,53,14,0,0.5714,,0.5625,,21,0,0,,
4755135,1988,10413,1986,"HK","",,1,26,431,6,66,7,1,0.5714,0,0,12,35.8571,,,,
4757485,1988,10420,1987,"HK","",435015,3,8,368,6,69,1,3,1,0.4444,0,3.3333,17,0,0,0,0
4757493,1988,10420,1987,"HK","",386735,2,5,370,2,21,7,0,1,,0,,3.7143,0,0,,
4757555,1988,10427,1987,"HK","",,1,25,2,6,63,14,6,0.9286,0.5,0.3905,7.3333,11.4286,,,,
4759576,1988,10434,1986,"HK","",304875,3,15,292,6,69,11,12,0.6364,0.1528,0.4082,6.9167,24,0,0,0,0
4760420,1988,10434,1987,"HK","",189170,3,17,396,5,54,1,4,1,0,0,8.5,22,0,0,0,0
4762511,1988,10448,1987,"HK","",79860,2,7,446,6,62,2,3,1,0,0,6.6667,7.5,0.5,0.5,0,0
4763031,1988,10448,1986,"HK","",296040,3,7,310,4,45,12,6,0.75,0.2778,0.3704,6.1667,16.0833,0,0,0,0
4763036,1988,10448,1987,"HK","",296040,3,10,310,4,45,4,0,0.5,,0.5,,44.25,0,0,,
4764148,1988,10455,1987,"HK","",577010,3,25,446,6,62,11,5,0.5455,0,0.4444,8,27.3636,0,0,1,0.8
4764700,1988,10455,1986,"HK","",296040,3,18,310,4,45,6,2,0.5,0,0,4.5,38,0.6667,0.3333,0,0
4768427,1988,10476,1986,"HK","",371265,3,18,99,6,61,8,12,0.25,0.4167,0,7.75,41.125,0,0,0,0
4768510,1988,10476,1987,"HK","",,1,6,606,3,32,11,8,0.2727,0.2188,0,5.125,54.1818,,,,
4769627,1988,10476,1987,"HK","",296040,3,7,310,4,45,5,6,1,0.2778,0.48,5.3333,4.2,0.6667,0.4,0,0
4770090,1988,10483,1986,"HK","",366500,3,3,99,6,61,8,0,1,,0.375,,9.5,0,0,,
4776591,1988,10511,1987,"HK","",,1,11,473,6,62,6,4,0.6667,0,0.375,5.75,19.1667,,,,
4776653,1988,10511,1987,"HK","",368270,3,12,359,5,54,5,4,0.6,0,0,6,37.2,0,0,0,0
4782905,1988,10539,1988,"HK","",588405,2,6,177,6,69,6,1,1,0,0.5,4,13.3333,0,0,0,0
4783870,1988,10546,1986,"HK","",467340,2,7,15,6,69,7,10,0.8571,0.58,0.5,8.3,12,0,0,0,0
4784884,1988,10546,1987,"HK","",,1,10,428,6,69,4,0,1,,0,,10,,,,
4788702,1988,10560,1986,"HK","",,1,4,378,4,44,2,6,1,0.2778,0,4.8333,13.5,,,,
4788735,1988,10567,1987,"HK","",403880,3,14,15,6,69,4,2,1,0.5,0,9,14.75,0,0,0,0
4789437,1988,10567,1986,"HK","",599570,3,23,205,1,19,2,0,0.5,,0,,22,0,0,,
4798132,1989,10609,1986,"HK","",252130,3,8,99,6,61,8,2,0.875,0.5,0.7755,4.5,16.875,0,0,0,0
4798219,1989,10609,1986,"HK","",,1,17,135,6,69,15,1,0.8667,0,0.7101,5,17.2,,,,
4798996,1989,10609,1985,"HK","",,1,13,315,4,42,5,1,1,0,0,6,11.2,,,,
