5589642,1996,13514,1994,"KY","",715580,2,25,73,4,43,10,2,1,0.5,0.18,2,5.1,0,0,0,0
5615455,1997,13605,1995,"KY","",215880,2,10,24,6,63,8,0,1,,0.2188,,13.625,0,0,,
5642554,1997,13696,1995,"KY","",215880,2,12,24,6,63,6,2,1,0,0.4444,3,12.3333,0,0,0,0
5664294,1997,13766,1995,"KY","",,1,4,24,6,63,7,1,1,0,0.4082,3,11.8571,,,,
5670714,1997,13780,1996,"KY","",,1,22,73,4,43,21,1,0.9524,0,0.87,1,11.7619,,,,
5673485,1997,13794,1995,"KY","",,1,7,30,6,65,8,2,1,0.5,0,2.5,13.875,,,,
5690883,1997,13843,1996,"KY","",215880,2,8,264,5,51,10,0,1,,0.46,,13.3,0,0,,
5716579,1998,13920,1996,"KY","",215880,2,2,264,5,51,10,1,0.8,0,0.6563,1,20.3,0,0,0,0
5741977,1998,13990,1996,"KY","",715580,2,18,73,4,43,5,0,1,,0.32,,5.8,0,0,,
5746965,1998,14004,1996,"KY","",215880,2,14,264,5,51,9,0,1,,0.716,,13,0,0,,
5792409,1998,14102,1995,"KY","",215880,2,12,264,5,51,8,1,1,0,0.5313,2,7.875,0,0,0,0
5843698,1998,14214,1997,"KY","",735233,3,40,435,3,33,3,0,1,,0.6667,,4.6667,0,0,,
5846473,1998,14221,1996,"KY","",215880,2,6,264,5,51,10,0,0.8,,0.7188,,21.8,0,0,,
5861936,1999,14263,1997,"KY","",750238,3,,351,3,39,9,0,1,,0.4938,,8,0,0,,
