3611471,1971,4302,1968,"FI","",603670,3,,15,6,69,,0,,,,,,,,,
3613582,1971,4309,1968,"FI","",,1,,102,1,19,,3,,0.4444,,11,,,,,
3614858,1971,4316,1969,"FI","",175835,3,,55,1,13,,1,,0,,10,,,,0,0
3614882,1971,4316,1969,"FI","",,1,,72,5,52,,2,,0,,13,,,,,
3616904,1971,4323,1968,"FI","",95,3,,209,5,51,,5,,0.32,,15.8,,,,0,0
3617241,1971,4323,1968,"FI","",,1,,71,1,11,,0,,,,,,,,,
3621689,1971,4344,1969,"FI","",424990,3,,70,6,65,,3,,0,,18.6667,,,,0.3333,0.3333
3622276,1971,4344,1969,"FI","",426415,2,,436,1,19,,4,,0.375,,8,,,,0,0
3623345,1971,4351,1969,"FI","",424990,3,,70,6,65,,3,,0,,13.6667,,,,0.5,0.3333
3624353,1971,4351,1970,"FI","",424965,3,,219,4,49,,12,,0.5694,,21.25,,,,0,0
3625034,1971,4358,1969,"FI","",424990,3,,70,6,65,,0,,,,,,,,,
3625566,1971,4358,1970,"FI","",,1,,298,5,55,,2,,0,,4,,,,,
3630054,1971,4379,1969,"FI","",424990,3,,70,6,65,,4,,0,,15.5,,,,0,0
3630854,1971,4379,1969,"FI","",,1,,203,1,19,,4,,0.5,,8,,,,,
3631326,1971,4379,1969,"FI","",,1,,318,4,45,,3,,0.4444,,12.3333,,,,,
3633259,1972,4393,1969,"FI","",95,3,,29,5,52,,6,,0.2778,,5.3333,,,,0,0
3633649,1972,4393,1969,"FI","",423780,3,,164,5,52,,1,,0,,5,,,,0,0
3633741,1972,4393,1970,"FI","",424960,3,,209,5,51,,0,,,,,,,,,
3634188,1972,4393,1970,"FI","",,4,,162,1,19,,0,,,,,,,,,
3636738,1972,4407,1968,"FI","",424990,3,,70,6,65,,1,,0,,11,,,,0,0
3636741,1972,4407,1969,"FI","",424990,3,,70,6,65,,1,,0,,6,,,,0,0
3640834,1972,4421,1970,"FI","",254145,3,,428,6,69,,1,,0,,21,,,,1,1
3645081,1972,4442,1969,"FI","",537100,3,,57,6,63,,3,,0,,5,,,,0,0
3646501,1972,4442,1969,"FI","",424820,3,,439,4,41,,5,,0,,15.8,,,,0,0
3648342,1972,4456,1970,"FI","",95,3,,242,5,51,,5,,0.32,,21.2,,,,0,0
3649341,1972,4456,1968,"FI","",397090,3,,427,1,12,,3,,0.4444,,20,,,,0,0
3649446,1972,4456,1969,"FI","",95,3,,162,1,19,,3,,0.4444,,12.6667,,,,0,0
3649449,1972,4456,1970,"FI","",424965,3,,162,1,19,,4,,0,,13.25,,,,0,0
3649499,1972,4456,1969,"FI","",,1,,205,1,19,,10,,0.46,,10.7,,,,,
3649533,1972,4456,1970,"FI","",,1,,210,1,19,,17,,0.6298,,17.8235,,,,,
3650304,1972,4463,1970,"FI","",424580,3,,141,5,51,,1,,0,,24,,,,0,0
3651768,1972,4470,1970,"FI","",188980,3,,426,6,61,,6,,0.7222,,18.5,,,,0,0
3653453,1972,4477,1970,"FI","",,1,,180,5,55,,1,,0,,17,,,,,
3654906,1972,4484,1970,"FI","",,1,,123,5,53,,9,,0.3457,,14.4444,,,,,
3655507,1972,4484,1970,"FI","",424965,3,,162,1,19,,4,,0.375,,17.75,,,,0,0
3656290,1972,4491,1970,"FI","",537100,3,,57,6,63,,5,,0,,5,,,,0,0
3657530,1972,4491,1970,"FI","",,1,,362,4,42,,1,,0,,17,,,,,
3659349,1972,4505,1969,"FI","",424965,3,,34,1,19,,3,,0,,9,,,,0,0
3659776,1972,4505,1970,"FI","",,1,,383,6,68,,3,,0.6667,,17.3333,,,,,
3660662,1972,4505,1969,"FI","",603670,3,,378,4,44,,3,,0,,11.6667,,,,0,0
3661067,1972,4512,1970,"FI","",,1,,396,5,54,,4,,0.625,,11.75,,,,,
3662706,1972,4519,1969,"FI","",617465,3,,235,5,59,,2,,0.5,,15,,,,0,0
3663261,1972,4519,1968,"FI","",375340,3,,427,1,12,,12,,0.6389,,14.1667,,,,0,0
3668787,1972,4547,1970,"FI","",603670,3,,34,1,19,,3,,0.4444,,17.6667,,,,0.3333,0.3333
3670275,1972,4547,1970,"FI","",603020,3,,455,2,21,,17,,0.7336,,13.9412,,,,0,0
3671388,1972,4554,1969,"FI","",424965,3,,162,1,19,,1,,0,,5,,,,0,0
3672506,1972,4561,1970,"FI","",299560,3,,209,5,51,,5,,0.56,,17.4,,,,0,0
3674633,1972,4568,1970,"FI","",,5,,162,1,19,,1,,0,,20,,,,,
3675467,1972,4575,1970,"FI","",428800,3,,374,4,43,,2,,0.5,,11.5,,,,0,0
3676909,1972,4582,1970,"FI","",,5,,492,5,59,,3,,0.4444,,9.6667,,,,,
3677327,1972,4582,1969,"FI","",423780,3,,165,6,66,,1,,0,,23,,,,0,0
3678626,1972,4589,1970,"FI","",,1,,49,5,59,,3,,0,,6.6667,,,,,
3680160,1972,4596,1970,"FI","",,1,,441,6,69,,3,,0.4444,,11.6667,,,,,
3680351,1972,4596,1970,"FI","",,1,,72,5,52,,1,,0,,24,,,,,
3681046,1972,4596,1969,"FI","",423780,3,,423,1,19,,1,,0,,5,,,,0,0
3681054,1972,4596,1970,"FI","",423780,3,,75,5,52,,0,,,,,,,,,
3681193,1972,4596,1970,"FI","",424965,3,,162,1,19,,6,,0,,7.8333,,,,0,0
3681956,1972,4603,1970,"FI","",,1,,70,6,65,,3,,0,,6,,,,,
3682165,1972,4603,1970,"FI","",,1,,128,3,32,,0,,,,,,,,,
3682211,1972,4603,1970,"FI","",,1,,144,5,51,,0,,,,,,,,,
3682598,1972,4603,1969,"FI","",426415,2,,422,1,19,,9,,0.642,,7.7778,,,,0.25,0.2222
3682723,1972,4603,1970,"FI","",424820,3,,148,5,52,,3,,0.4444,,12.6667,,,,0,0
3684435,1972,4610,1970,"FI","",476285,3,,423,1,19,,3,,0.4444,,18.6667,,,,0,0
3686383,1972,4617,1969,"FI","",274565,3,,264,5,51,,7,,0.6122,,11.1429,,,,0,0
3686614,1972,4617,1971,"FI","",424820,3,,439,4,41,,8,,0.2188,,11.125,,,,0,0
3688688,1972,4631,1971,"FI","",,1,,100,5,59,,4,,0.5,,12,,,,,
3688973,1972,4631,1970,"FI","",425015,3,,383,6,68,,7,,0.5714,,15.2857,,,,0,0
3690278,1972,4638,1970,"FI","",453370,3,,29,5,52,,2,,0,,25.5,,,,0,0
3690574,1972,4638,1971,"FI","",,1,,241,5,51,,0,,,,,,,,,
3691455,1972,4638,1971,"FI","",603350,3,,324,4,43,,5,,0.64,,12.2,,,,0,0
3692132,1972,4645,1971,"FI","",607340,3,,180,5,55,,1,,0,,19,,,,0,0
3692340,1972,4645,1970,"FI","",,1,,403,6,67,,9,,0.8395,,16.1111,,,,,
3692582,1972,4645,1970,"FI","",552265,3,,127,1,11,,12,,0.4028,,15.75,,,,0.0833,0.0833
3692624,1972,4645,1970,"FI","",,1,,162,1,19,,4,,0.625,,13.25,,,,,
3695319,1972,4659,1970,"FI","",,1,,144,5,51,,0,,,,,,,,,
3697156,1972,4666,1970,"FI","",402110,3,,359,5,54,,1,,0,,20,,,,0,0
3697243,1972,4666,1970,"FI","",,1,,65,5,51,,4,,0,,14.75,,,,,
3699790,1972,4680,1971,"FI","",,1,,70,6,65,,4,,0,,17.5,,,,,
3700116,1972,4680,1969,"FI","",,1,,414,5,51,,6,,0.6111,,13.3333,,,,,
3702162,1972,4694,1970,"FI","",424965,3,,173,5,51,,1,,0,,10,,,,0,0
3704201,1972,4715,1970,"FI","",,1,,162,1,19,,0,,,,,,,,,
3704921,1972,4722,1970,"FI","",,1,,384,5,59,,4,,0.625,,14.75,,,,,
3706028,1972,4729,1971,"FI","",,1,,324,4,43,,1,,0,,21,,,,,
3707014,1972,4743,1970,"FI","",,1,,16,5,59,,2,,0,,18,,,,,
3707769,1973,4750,1970,"FI","",380480,3,,99,6,61,,8,,0.5625,,22.875,,,,0,0
3708001,1973,4750,1970,"FI","",,1,,144,5,51,,2,,0,,6,,,,,
3708340,1973,4750,1971,"FI","",,1,,429,4,45,,8,,0,,10.25,,,,,
3708810,1973,4757,1970,"FI","",,1,,5,6,65,,6,,0.6667,,17,,,,,
3709268,1973,4757,1970,"FI","",,1,,144,5,51,,2,,0.5,,9,,,,,
3710491,1973,4764,1971,"FI","",603670,3,,42,5,59,,0,,,,,,,,,
3710494,1973,4764,1971,"FI","",603670,3,,42,5,59,,1,,0,,4,,,,0,0
3710529,1973,4764,1971,"FI","",235565,3,,52,6,69,,5,,0.64,,10.4,,,,0,0
3710675,1973,4764,1970,"FI","",424965,3,,89,5,59,,0,,,,,,,,,
3710997,1973,4764,1971,"FI","",424965,3,,224,6,68,,5,,0.56,,16.4,,,,0,0
3713218,1973,4778,1970,"FI","",,1,,99,6,61,,1,,0,,12,,,,,
3714808,1973,4785,1971,"FI","",,1,,72,5,52,,3,,0,,10,,,,,
3715825,1973,4792,1970,"FI","",603670,3,,42,5,59,,1,,0,,5,,,,0,0
3715966,1973,4792,1971,"FI","",,1,,454,5,59,,1,,0,,24,,,,,
3716087,1973,4792,1970,"FI","",,1,,144,5,51,,2,,0,,10.5,,,,,
3717745,1973,4799,1971,"FI","",423780,3,,219,4,49,,2,,0.5,,20,,,,0,0
3718437,1973,4806,1970,"FI","",,1,,422,1,19,,12,,0.75,,13.8333,,,,,
3718538,1973,4806,1971,"FI","",,5,,162,1,19,,0,,,,,,,,,
3718959,1973,4813,1971,"FI","",,1,,492,5,59,,10,,0.82,,12.8,,,,,
3720300,1973,4820,1970,"FI","",,1,,198,5,59,,2,,0.5,,15,,,,,
3720307,1973,4820,1970,"FI","",604710,2,,209,5,51,,3,,0,,6.3333,,,,0,0
3721391,1973,4827,1970,"FI","",636985,3,,241,5,51,,7,,0.449,,15.7143,,,,0,0
3722532,1973,4834,1971,"FI","",,1,,137,6,69,,0,,,,,,,,,
3722611,1973,4834,1971,"FI","",,1,,177,6,69,,5,,0.32,,22.6,,,,,
3726230,1973,4848,1970,"FI","",424965,3,,102,1,19,,0,,,,,,,,,
3726425,1973,4848,1970,"FI","",603670,3,,414,5,51,,1,,0,,20,,,,0,0
3727867,1973,4855,1971,"FI","",424965,3,,173,5,51,,3,,0.6667,,7,,,,0,0
3728330,1973,4855,1971,"FI","",,1,,536,1,14,,8,,0.4063,,6.875,,,,,
3729089,1973,4862,1971,"FI","",,1,,198,5,59,,1,,0,,15,,,,,
3729215,1973,4862,1971,"FI","",175835,3,,280,5,55,,4,,0.75,,13,,,,0,0
3730797,1973,4869,1970,"FI","",236215,3,,156,1,19,,15,,0.56,,15.0667,,,,0,0
3731627,1973,4876,1970,"FI","",181385,3,,102,1,19,,2,,0,,13,,,,0.5,0.5
3732884,1973,4883,1970,"FI","",424990,3,,137,6,69,,2,,0.5,,9.5,,,,0,0
3737638,1973,4904,1972,"FI","",280070,2,,708,2,22,,4,,0,,9.25,,,,0.25,0.25
3740087,1973,4918,1971,"FI","",424610,3,,294,5,59,,0,,,,,,,,,
3740162,1973,4918,1970,"FI","",95,3,,415,5,53,,5,,0.56,,13,,,,0,0
3740995,1973,4925,1971,"FI","",,1,,72,5,52,,1,,0,,19,,,,,
3744184,1973,4939,1971,"FI","",578135,3,,49,5,59,,5,,0.56,,9.4,,,,0,0
3745632,1973,4946,1971,"FI","",,1,,29,5,52,,1,,0,,13,,,,,
3745755,1973,4946,1971,"FI","",537100,3,,57,6,63,,5,,0,,7.4,,,,0,0
3745879,1973,4946,1971,"FI","",424965,3,,89,5,59,,1,,0,,12,,,,0,0
3746021,1973,4946,1970,"FI","",424820,3,,134,6,69,,0,,,,,,,,,
3746077,1973,4946,1971,"FI","",423780,3,,164,5,52,,10,,0,,12.1,,,,0,0
3746613,1973,4946,1971,"FI","",,1,,162,1,19,,11,,0,,9.9091,,,,,
3747181,1973,4953,1972,"FI","",424965,3,,492,5,59,,7,,0.449,,8.4286,,,,0,0
3748459,1973,4953,1972,"FI","",,1,,362,4,42,,0,,,,,,,,,
3749034,1973,4960,1972,"FI","",,1,,111,6,61,,6,,0.2778,,17.5,,,,,
3749326,1973,4960,1971,"FI","",318995,3,,241,5,51,,8,,0.4063,,9,,,,0.125,0.125
3750202,1973,4967,1970,"FI","",,1,,5,6,65,,3,,0.6667,,16,,,,,
3754354,1973,4988,1971,"FI","",,1,,451,5,51,,8,,0,,22.625,,,,,
3754863,1973,4988,1971,"FI","",,1,,436,1,19,,7,,0.6122,,16.8571,,,,,
3754891,1973,4988,1971,"FI","",423780,3,,75,5,52,,7,,0.4082,,6.5714,,,,0.4286,0.4286
3755210,1973,4988,1972,"FI","",16795,3,,521,1,15,,1,,0,,2,,,,1,1
3756093,1973,4995,1972,"FI","",324305,3,,74,5,59,,0,,,,,,,,,
3756297,1973,4995,1971,"FI","",442930,3,,144,5,51,,6,,0.6111,,10.3333,,,,0.2,0.1667
3756539,1973,4995,1971,"FI","",424965,3,,244,5,55,,1,,0,,19,,,,0,0
3757446,1973,5002,1971,"FI","",603670,3,,42,5,59,,1,,0,,11,,,,0,0
3759040,1973,5009,1971,"FI","",,1,,60,4,45,,4,,0,,8.75,,,,,
3759182,1973,5009,1971,"FI","",,1,,102,1,19,,1,,0,,9,,,,,
3759392,1973,5009,1972,"FI","",636985,3,,210,1,19,,9,,0.3457,,10.8889,,,,0.1111,0.1111
3759544,1973,5009,1971,"FI","",424955,3,,280,5,55,,5,,0.72,,15.8,,,,0,0
3759634,1973,5009,1971,"FI","",424640,3,,417,5,53,,1,,0,,7,,,,0,0
3760890,1973,5016,1971,"FI","",,1,,175,6,64,,2,,0,,20,,,,,
3760994,1973,5016,1971,"FI","",,1,,223,6,63,,0,,,,,,,,,
3761030,1973,5016,1972,"FI","",,1,,242,5,51,,8,,0.2188,,12.5,,,,,
3761228,1973,5016,1970,"FI","",426415,2,,436,1,19,,2,,0.5,,8,,,,0,0
3762841,1973,5023,1971,"FI","",,1,,418,5,53,,4,,0.5,,6.75,,,,,
3762905,1973,5023,1971,"FI","",,1,,65,5,51,,1,,0,,6,,,,,
3763371,1973,5023,1971,"FI","",617465,3,,250,4,44,,0,,,,,,,,,
3763652,1973,5030,1972,"FI","",,1,,405,6,64,,1,,0,,5,,,,,
3763965,1973,5030,1971,"FI","",424820,3,,187,5,55,,3,,0.4444,,23,,,,0,0
3765357,1973,5037,1971,"FI","",,1,,114,5,55,,2,,0.5,,14,,,,,
3765499,1973,5037,1971,"FI","",,1,,180,5,55,,3,,0,,16,,,,,
3765620,1973,5037,1971,"FI","",424965,3,,244,5,55,,5,,0.64,,15.6,,,,0,0
3766999,1973,5044,1972,"FI","",603670,3,,180,5,55,,2,,0,,3.5,,,,0,0
3768852,1973,5051,1971,"FI","",424610,3,,294,5,59,,2,,0,,16.5,,,,0,0
3769749,1973,5058,1971,"FI","",,1,,49,5,59,,0,,,,,,,,,
3771340,1973,5065,1971,"FI","",424990,3,,70,6,65,,3,,0,,7.6667,,,,0.5,0.3333
3772515,1973,5065,1972,"FI","",617465,3,,250,4,44,,2,,0.5,,7,,,,0,0
3772761,1973,5072,1972,"FI","",95,3,,29,5,52,,0,,,,,,,,,
3774852,1973,5079,1971,"FI","",29735,3,,241,5,51,,3,,0,,18.6667,,,,0,0
3777543,1973,5093,1971,"FI","",,1,,72,5,52,,3,,0.4444,,16.6667,,,,,
3777832,1973,5093,1972,"FI","",603670,3,,180,5,55,,1,,0,,2,,,,0,0
3778746,1973,5093,1972,"FI","",424820,3,,439,4,41,,1,,0,,1,,,,1,1
3778917,1973,5100,1972,"FI","",,1,,43,6,61,,1,,0,,3,,,,,
3779325,1973,5100,1972,"FI","",603670,3,,180,5,55,,1,,0,,18,,,,0,0
3779686,1973,5100,1972,"FI","",,1,,425,5,51,,9,,0.5679,,12.7778,,,,,
3779797,1973,5100,1968,"FI","",,1,,427,1,12,,6,,0.6111,,7,,,,,
3782430,1974,5114,1971,"FI","",,1,,141,5,51,,1,,0,,19,,,,,
3783108,1974,5114,1971,"FI","",,1,,203,1,19,,3,,0.4444,,19.3333,,,,,
3783866,1974,5121,1971,"FI","",,1,,604,3,32,,8,,0.5313,,11.875,,,,,
3785295,1974,5128,1972,"FI","",465245,3,,104,5,55,,2,,0,,10.5,,,,0,0
3785448,1974,5128,1972,"FI","",603670,3,,280,5,55,,2,,0,,19.5,,,,0,0
3785665,1974,5128,1972,"FI","",603670,3,,280,5,55,,0,,,,,,,,,
3786587,1974,5135,1971,"FI","",,1,,43,6,61,,5,,0.32,,17,,,,,
3786876,1974,5135,1972,"FI","",,1,,175,6,64,,1,,0,,18,,,,,
3788188,1974,5142,1970,"FI","",,1,,89,5,59,,2,,0.5,,22.5,,,,,
3788929,1974,5142,1970,"FI","",397090,3,,156,1,19,,6,,0.5,,7.8333,,,,0,0
3789464,1974,5149,1972,"FI","",424965,3,,24,6,63,,4,,0.375,,10.25,,,,0,0
3789763,1974,5149,1971,"FI","",,1,,102,1,19,,3,,0.4444,,10.3333,,,,,
3789924,1974,5149,1972,"FI","",600525,3,,166,6,64,,2,,0.5,,24.5,,,,0,0
3790366,1974,5149,1970,"FI","",423780,3,,75,5,52,,12,,0.4028,,7,,,,0.6667,0.6667
3791543,1974,5156,1972,"FI","",603670,3,,414,5,51,,2,,0.5,,13.5,,,,0,0
3791918,1974,5156,1972,"FI","",603670,3,,162,1,19,,10,,0,,16.4,,,,0.1,0.1
3792396,1974,5156,1973,"FI","",424945,3,,336,4,41,,5,,0.56,,9.8,,,,0.4,0.4
3792413,1974,5156,1972,"FI","",424820,3,,439,4,41,,6,,0.2778,,5.5,,,,0.2,0.1667
3792993,1974,5163,1971,"FI","",,1,,65,5,51,,6,,0.2778,,12.6667,,,,,
3793585,1974,5163,1972,"FI","",,1,,324,4,43,,8,,0.75,,11,,,,,
3794196,1974,5170,1972,"FI","",,5,,414,5,51,,3,,0.6667,,9.6667,,,,,
3795056,1974,5177,1970,"FI","",,1,,33,6,69,,7,,0.449,,15.4286,,,,,
3795881,1974,5177,1973,"FI","",424945,3,,336,4,41,,1,,0,,20,,,,0,0
3795919,1974,5184,1972,"FI","",,1,,2,6,63,,5,,0.32,,7.8,,,,,
3796241,1974,5184,1969,"FI","",161250,3,,144,5,51,,7,,0.2449,,19.1429,,,,0,0
3797045,1974,5191,1972,"FI","",,1,,2,6,63,,1,,0,,22,,,,,
3800357,1974,5205,1971,"FI","",603670,3,,15,6,69,,2,,0.5,,13,,,,0,0
3802093,1974,5212,1972,"FI","",424820,3,,34,1,19,,2,,0,,5,,,,0,0
3802238,1974,5212,1972,"FI","",194355,3,,72,5,52,,1,,0,,19,,,,0,0
3804594,1974,5219,1971,"FI","",,5,,422,1,19,,2,,0,,18,,,,,
3805298,1974,5226,1972,"FI","",,1,,2,6,63,,3,,0.4444,,18.3333,,,,,
3805661,1974,5226,1972,"FI","",95,3,,83,5,51,,6,,0.7778,,10.8333,,,,0,0
3806730,1974,5226,1973,"FI","",424820,3,,250,4,44,,12,,0.1528,,11.9167,,,,0,0
3806946,1974,5226,1972,"FI","",,1,,343,2,21,,5,,0,,10.8,,,,,
3806969,1974,5233,1973,"FI","",,1,,449,6,61,,4,,0,,8.75,,,,,
3807868,1974,5233,1972,"FI","",603670,3,,356,4,43,,16,,0.6328,,15.25,,,,0,0
3809270,1974,5240,1972,"FI","",603670,3,,414,5,51,,2,,0.5,,22.5,,,,0,0
3809279,1974,5240,1972,"FI","",494130,3,,220,6,68,,11,,0.562,,12.1818,,,,0,0
3809614,1974,5240,1971,"FI","",,1,,426,6,61,,4,,0.375,,7,,,,,
3810391,1974,5247,1972,"FI","",,1,,73,4,43,,20,,0.555,,9.75,,,,,
3811481,1974,5254,1972,"FI","",424610,3,,140,5,52,,2,,0,,10,,,,0,0
3811482,1974,5254,1972,"FI","",424610,3,,140,5,52,,1,,0,,26,,,,0,0
3811877,1974,5254,1972,"FI","",424580,3,,419,5,52,,3,,0.4444,,9.3333,,,,0,0
3812893,1974,5261,1972,"FI","",368765,3,,144,5,51,,2,,0,,2.5,,,,0,0
3813792,1974,5268,1971,"FI","",554045,3,,33,6,69,,5,,0.32,,19.6,,,,0.3333,0.2
3813807,1974,5268,1972,"FI","",,1,,43,6,61,,0,,,,,,,,,
3813867,1974,5268,1972,"FI","",537100,3,,57,6,63,,2,,0,,6,,,,0,0
3814152,1974,5268,1972,"FI","",,1,,144,5,51,,17,,0.6851,,13.9412,,,,,
3814253,1974,5268,1973,"FI","",,1,,210,1,19,,9,,0.6173,,14.4444,,,,,
3814581,1974,5268,1971,"FI","",,1,,436,1,19,,1,,0,,4,,,,,
3815386,1974,5275,1972,"FI","",305005,3,,68,6,63,,12,,0.7778,,15.1667,,,,0,0
3816175,1974,5275,1972,"FI","",552265,3,,127,1,11,,13,,0.2604,,15.0769,,,,0,0
3816950,1974,5282,1973,"FI","",,1,,42,5,59,,1,,0,,24,,,,,
3816953,1974,5282,1973,"FI","",,1,,43,6,61,,15,,0.5511,,14.6,,,,,
3817303,1974,5282,1973,"FI","",,1,,144,5,51,,9,,0,,3.5556,,,,,
3817414,1974,5282,1972,"FI","",603670,3,,414,5,51,,4,,0.375,,18,,,,0,0
3817787,1974,5282,1972,"FI","",552265,3,,127,1,11,,8,,0.5625,,10.375,,,,0,0
3818626,1974,5289,1973,"FI","",,1,,43,6,61,,4,,0,,16,,,,,
3819812,1974,5289,1971,"FI","",495180,3,,423,1,19,,1,,0,,8,,,,0,0
3819937,1974,5289,1971,"FI","",,1,,378,4,44,,1,,0,,5,,,,,
3820582,1974,5292,1971,"FI","",425020,3,,159,1,19,,2,,0.5,,15.5,,,,0,0
3821994,1974,5296,1972,"FI","",603670,3,,180,5,55,,4,,0,,17,,,,0,0
3822044,1974,5296,1973,"FI","",424820,3,,242,5,51,,7,,0.449,,10.2857,,,,0,0
3822744,1974,5303,1972,"FI","",,1,,166,6,64,,3,,0.6667,,17,,,,,
3823630,1974,5310,1973,"FI","",27265,3,,83,5,51,,5,,0.48,,12.8,,,,0,0
3823834,1974,5310,1971,"FI","",,1,,414,5,51,,14,,0.2551,,13.8571,,,,,
3824152,1974,5310,1973,"FI","",95,3,,162,1,19,,13,,0.142,,21.3077,,,,0,0
3824934,1974,5317,1972,"FI","",567705,3,,109,6,69,,0,,,,,,,,,
3824947,1974,5317,1972,"FI","",554045,3,,116,6,69,,5,,0.64,,7.6,,,,0,0
3825199,1974,5317,1973,"FI","",328730,3,,242,5,51,,0,,,,,,,,,
3825526,1974,5317,1971,"FI","",,1,,530,1,15,,6,,0.6667,,14.5,,,,,
3826713,1974,5324,1972,"FI","",424965,3,,162,1,19,,6,,0.2778,,5.8333,,,,0,0
3826905,1974,5324,1971,"FI","",552265,3,,700,2,22,,15,,0.7733,,15.6,,,,0.0714,0.0667
3827552,1974,5331,1972,"FI","",,1,,206,6,68,,5,,0.32,,14.4,,,,,
3830628,1974,5345,1972,"FI","",426415,2,,436,1,19,,2,,0.5,,4,,,,1,1
3830689,1974,5345,1971,"FI","",370860,3,,162,1,19,,2,,0,,4.5,,,,0,0
3831130,1974,5345,1973,"FI","",424820,3,,439,4,41,,7,,0.449,,9.8571,,,,0.1429,0.1429
3833206,1974,5359,1973,"FI","",423820,3,,266,5,52,,0,,,,,,,,,
3834877,1974,5366,1972,"FI","",,5,,23,1,19,,0,,,,,,,,,
3834897,1974,5366,1973,"FI","",423820,3,,420,5,52,,5,,0,,4,,,,0,0
3834985,1974,5366,1972,"FI","",424990,3,,162,1,19,,4,,0.75,,13,,,,0,0
3835677,1974,5373,1972,"FI","",,1,,70,6,65,,0,,,,,,,,,
3835817,1974,5373,1972,"FI","",95,3,,122,6,66,,22,,0.6901,,13.2727,,,,0,0
3836195,1974,5373,1972,"FI","",,1,,267,5,59,,1,,0,,10,,,,,
3837807,1974,5380,1972,"FI","",426415,2,,436,1,19,,1,,0,,8,,,,0,0
3839927,1974,5394,1972,"FI","",,1,,76,5,52,,0,,,,,,,,,
3840219,1974,5394,1973,"FI","",76750,3,,122,6,66,,3,,0.6667,,6,,,,1,0.3333
3841722,1974,5401,1973,"FI","",424965,3,,384,5,59,,2,,0.5,,15.5,,,,0,0
3842161,1974,5401,1972,"FI","",,5,,423,1,19,,3,,0.4444,,7,,,,,
3842873,1974,5408,1973,"FI","",,1,,144,5,51,,3,,0.6667,,5,,,,,
3842880,1974,5408,1972,"FI","",,1,,152,5,55,,5,,0.32,,14,,,,,
3843469,1974,5408,1971,"FI","",603670,3,,162,1,19,,1,,0,,7,,,,0,0
3844729,1974,5415,1972,"FI","",499105,2,,428,6,69,,8,,0.75,,13.875,,,,0,0
3845544,1974,5422,1972,"FI","",,1,,29,5,52,,4,,0.625,,11.5,,,,,
3845863,1974,5422,1972,"FI","",424965,3,,209,5,51,,4,,0.375,,9,,,,0,0
3846232,1974,5422,1973,"FI","",603670,3,,162,1,19,,21,,0.0907,,11.2381,,,,0.1,0.0952
3846233,1974,5422,1972,"FI","",603670,3,,162,1,19,,23,,0,,11.913,,,,0.4348,0.4348
3848442,1974,5436,1973,"FI","",424990,3,,70,6,65,,10,,0,,11.5,,,,0.2,0.1
3848814,1974,5436,1972,"FI","",636985,3,,241,5,51,,5,,0.72,,13.2,,,,0,0
3849069,1974,5436,1972,"FI","",426415,2,,436,1,19,,1,,0,,2,,,,1,1
3850619,1974,5443,1971,"FI","",423780,3,,75,5,52,,0,,,,,,,,,
3850809,1974,5443,1973,"FI","",424945,3,,250,4,44,,4,,0.375,,6.75,,,,0,0
3852108,1974,5450,1973,"FI","",95,3,,134,6,69,,8,,0.75,,11.625,,,,0,0
3854318,1974,5464,1973,"FI","",,1,,72,5,52,,2,,0.5,,4,,,,,
3854571,1974,5464,1972,"FI","",,1,,198,5,59,,2,,0.5,,20,,,,,
3855005,1974,5464,1972,"FI","",458485,3,,429,4,45,,1,,0,,2,,,,0,0
3855094,1974,5464,1972,"FI","",421200,3,,436,1,19,,3,,0.4444,,3.6667,,,,0,0
3855868,1974,5471,1973,"FI","",,1,,73,4,43,,20,,0.615,,10.35,,,,,
3856604,1974,5471,1972,"FI","",319525,3,,156,1,19,,5,,0.32,,8.8,,,,0,0
3858382,1975,5485,1972,"FI","",,1,4,53,6,68,8,5,0.375,0.72,0.4444,12,21.625,,,,
3858817,1975,5485,1972,"FI","",424820,3,7,242,5,51,1,5,1,0.56,0,15.4,7,0,0,0,0
3859538,1975,5485,1973,"FI","",424945,3,13,250,4,44,9,14,1,0.4388,0.6173,16,4.7778,0,0,0,0
3859682,1975,5492,1973,"FI","",316330,3,5,14,6,69,8,10,0.5,0.58,0.625,16.5,53.75,0,0,0,0
3859943,1975,5492,1973,"FI","",,1,3,114,5,55,3,5,0.6667,0,0,14.4,12.3333,,,,
3860368,1975,5492,1973,"FI","",,1,11,425,5,51,6,10,0.5,0.66,0.4444,12.3,18.6667,,,,
3860457,1975,5492,1973,"FI","",324305,3,7,148,5,52,4,18,0.5,0.6481,0.5,13.5,17,0,0,0,0
3860573,1975,5492,1972,"FI","",421200,3,8,536,1,14,2,7,1,0.7347,0.5,19.1429,6,0,0,0,0
3861866,1975,5499,1973,"FI","",,1,6,432,6,66,3,3,0.3333,0.6667,0,15,25.6667,,,,
3861957,1975,5499,1972,"FI","",458485,3,3,429,4,45,4,3,0.75,0,0,6.6667,9.5,0,0,0,0
3862496,1975,5506,1973,"FI","",494420,3,1,33,6,69,2,2,0,0,,2,38,0,0,0,0
3863354,1975,5513,1974,"FI","",,1,6,33,6,69,3,0,0.3333,,0,,33.3333,,,,
3864291,1975,5513,1973,"FI","",,1,4,524,1,15,5,15,0.6,0.7467,0.4444,13.7333,13.4,,,,
3864406,1975,5513,1973,"FI","",552265,3,7,568,1,14,4,2,0.5,0,0.5,10.5,13,0,0,0,0
3864467,1975,5513,1972,"FI","",421200,3,6,436,1,19,0,2,,0.5,,7,,,,0,0
3864814,1975,5520,1973,"FI","",603670,3,3,29,5,52,3,1,0.6667,0,0.5,13,17.3333,0,0,0,0
3865243,1975,5520,1972,"FI","",636985,3,4,209,5,51,8,8,0.75,0,0.5,18.125,18.375,0.5,0.125,0,0
3865687,1975,5520,1973,"FI","",603670,3,4,162,1,19,2,1,1,0,0,4,2.5,0,0,0,0
3866639,1975,5527,1973,"FI","",592360,3,4,144,5,51,5,4,0.6,0,0,14.5,12.2,0,0,0,0
3867131,1975,5527,1973,"FI","",95,3,5,75,5,52,4,0,0,,,,18.75,0,0,,
3868092,1975,5534,1973,"FI","",380480,3,3,366,1,19,3,1,0,0,,24,67.6667,0,0,0,0
3868780,1975,5541,1973,"FI","",603670,3,7,34,1,19,8,51,0.25,0.2145,0,18.8431,43.875,0,0,0.0204,0.0196
3868840,1975,5541,1974,"FI","",424820,3,1,72,5,52,2,0,0,,,,31,0,0,,
3869077,1975,5541,1972,"FI","",95,3,5,229,6,68,4,4,0.5,0.5,0.5,9.5,30.25,0,0,0,0
3871255,1975,5555,1973,"FI","",328730,3,6,83,5,51,4,1,0.5,0,0.5,19,37.75,0,0,0,0
3871506,1975,5555,1973,"FI","",,1,4,400,5,59,7,5,0.7143,0,0.56,10.4,20,,,,
3872913,1975,5562,1970,"FI","",423780,3,2,164,5,52,5,16,0.2,0.2266,0,13.25,29.4,0,0,0,0
3873256,1975,5562,1973,"FI","",380480,3,3,425,5,51,3,0,0.3333,,0,,17.6667,0,0,,
3873418,1975,5562,1972,"FI","",495185,3,6,162,1,19,10,4,0.6,0.5,0.5,16.75,14.9,0,0,0,0
3874823,1975,5569,1973,"FI","",,1,11,417,5,53,8,0,0.25,,0.5,,20.375,,,,
3874997,1975,5569,1973,"FI","",603670,3,4,162,1,19,11,29,0.6364,0.4946,0.2449,15.2759,18.4545,0,0,0.0741,0.069
3875017,1975,5569,1972,"FI","",,1,7,202,1,19,8,2,0.375,0,0.4444,13.5,27.25,,,,
3875045,1975,5569,1972,"FI","",421200,3,8,422,1,19,8,9,1,0.4444,0.5313,14.7778,4.25,0,0,0,0
3875285,1975,5569,1973,"FI","",423780,3,7,423,1,19,5,6,1,0.5,0,6,6,0,0,0,0
3876094,1975,5576,1973,"FI","",423780,3,10,414,5,51,4,1,1,0,0,3,3.75,0,0,0,0
3876499,1975,5576,1971,"FI","",175835,3,8,162,1,19,6,6,1,0.2778,0,19,6.8333,0,0,0,0
3876756,1975,5576,1970,"FI","",424965,3,1,423,1,19,11,6,0.1818,0.7222,0,18.8333,28.6364,0,0,0,0
3878091,1975,5583,1972,"FI","",310310,2,7,209,5,51,9,8,0.1111,0.5625,0,14.125,20.4444,0,0,0.1667,0.125
3880408,1975,5597,1974,"FI","",630975,3,5,366,1,19,4,15,0.75,0.1244,0.4444,13.2667,8.5,0,0,0,0
3882555,1975,5611,1973,"FI","",,1,8,5,6,65,6,8,0.6667,0.5625,0.375,17.125,11,,,,
3883365,1975,5611,1974,"FI","",552265,3,13,127,1,11,6,27,0.5,0.524,0,14.2963,15,0,0,0,0
3884060,1975,5618,1974,"FI","",,1,8,72,5,52,1,3,1,0,0,7.3333,1,,,,
3884284,1975,5618,1973,"FI","",,1,6,152,5,55,2,0,1,,0,,4.5,,,,
3885370,1975,5625,1974,"FI","",299615,3,19,52,6,69,1,1,0,0,,2,37,0,0,0,0
3887266,1975,5632,1973,"FI","",,1,3,432,6,66,3,2,0.6667,0.5,0.5,18.5,16,,,,
3887458,1975,5632,1973,"FI","",61105,3,10,209,5,51,3,1,1,0,0,16,8.3333,0,0,0,0
3887660,1975,5632,1973,"FI","",424965,3,4,261,1,19,9,8,0.7778,0.6875,0.449,11.75,10.3333,0,0,0,0
3887961,1975,5639,1974,"FI","",,1,9,16,5,59,10,8,0.6,0,0,9,23.2,,,,
3889421,1975,5646,1973,"FI","",424990,3,5,49,5,59,3,1,0,0,,13,25,0,0,0,0
3889729,1975,5646,1973,"FI","",,1,10,144,5,51,9,6,0.8889,0,0,4,5.6667,,,,
3889735,1975,5646,1973,"FI","",,1,5,152,5,55,4,3,0.5,0,0,11.6667,34.25,,,,
3891500,1975,5653,1973,"FI","",603670,3,7,162,1,19,10,16,0.6,0.4688,0.4444,11.375,17.1,0,0,0.1333,0.125
3892163,1975,5660,1973,"FI","",424965,3,10,89,5,59,1,2,0,0,,9.5,18,0,0,0,0
3892437,1975,5660,1974,"FI","",424655,3,4,294,5,59,8,10,0.75,0.78,0.6111,12.4,7.5,0,0,0.1429,0.1
3892560,1975,5660,1973,"FI","",423780,3,12,75,5,52,13,7,0.4615,0,0.2778,6.2857,21.1538,0.5,0.1538,0.3333,0.2857
3892946,1975,5660,1973,"FI","",424705,3,5,219,4,49,1,10,0,0.58,,13.7,39,0,0,0.3333,0.3
3893023,1975,5660,1974,"FI","",601715,2,7,324,4,43,3,8,1,0.5938,0.4444,5.375,2.3333,0,0,0.2857,0.25
3893295,1975,5667,1973,"FI","",,1,4,60,4,45,5,4,0.6,0.5,0.4444,6.25,16.6,,,,
3894497,1975,5674,1974,"FI","",424965,3,3,110,6,66,5,0,0.6,,0.4444,,12,0.5,0.2,,
3894569,1975,5674,1973,"FI","",397090,3,8,144,5,51,3,6,0,0.7222,,18.8333,41.6667,0,0,0,0
3895411,1975,5681,1973,"FI","",424820,3,3,16,5,59,5,0,0.2,,0,,33.2,0,0,,
3895711,1975,5681,1973,"FI","",424975,3,12,206,6,68,5,11,0.4,0.314,0,17.8182,29.8,0,0,0,0
3895914,1975,5681,1973,"FI","",421200,3,3,422,1,19,6,5,1,0.64,0.6111,11.8,6.3333,0,0,0,0
3897074,1975,5688,1974,"FI","",306065,3,9,280,5,55,2,5,0.5,0.64,0,11.8,13,0,0,0,0
3897870,1975,5695,1974,"FI","",442930,3,2,198,5,59,2,0,0,,,,30.5,0,0,,
3898897,1975,5702,1974,"FI","",517070,3,5,81,5,59,10,2,0,0.5,,17.5,45.7,0,0,0,0
3899086,1975,5702,1973,"FI","",380480,3,4,414,5,51,6,0,0.5,,0.4444,,24.6667,0,0,,
3899780,1975,5702,1974,"FI","",601715,2,5,365,2,24,4,3,1,0.6667,0,13.3333,2.25,0,0,0,0
3900117,1975,5709,1974,"FI","",423780,3,7,414,5,51,7,3,0,0.6667,,15.6667,27.8571,0,0,0.3333,0.3333
3900310,1975,5709,1972,"FI","",423780,3,4,75,5,52,5,5,0.6,0.32,0.6667,8.4,15,1,0.2,0.6,0.6
3901087,1975,5716,1974,"FI","",593280,3,4,73,4,43,0,7,,0.2449,,5.4286,,,,0,0
3903631,1975,5730,1974,"FI","",,4,9,42,5,59,1,5,0,0,,13.2,37,,,,
3905040,1975,5730,1974,"FI","",601715,2,9,360,2,24,1,8,1,0.4063,0,13.5,1,1,1,0.2857,0.25
3905288,1975,5737,1973,"FI","",603670,3,7,100,5,59,3,7,0.3333,0.2449,0,7.8571,24.3333,0,0,0.5714,0.5714
3905894,1975,5737,1973,"FI","",390000,3,8,209,5,51,14,1,0.5714,0,0.2188,7,21.5714,0,0,0,0
3906651,1975,5744,1974,"FI","",603670,3,7,42,5,59,8,3,0.375,0.4444,0,8,27.5,0,0,0,0
3907256,1975,5744,1974,"FI","",,1,6,242,5,51,6,9,0.3333,0.642,0.5,10.7778,23.1667,,,,
3909999,1975,5758,1973,"FI","",,1,7,52,6,69,9,0,0.5556,,0.56,,19.5556,,,,
3910132,1975,5758,1974,"FI","",465425,3,3,74,5,59,2,1,0,0,,8,49,0,0,0,0
3910784,1975,5758,1974,"FI","",423780,3,13,423,1,19,3,7,1,0.5714,0.6667,9.2857,4.6667,0,0,0.5,0.4286
3910839,1975,5758,1972,"FI","",,5,4,514,3,31,6,1,0.5,0,0.6667,18,13.5,,,,
3913383,1975,5772,1974,"FI","",603350,3,9,73,4,43,2,5,1,0.56,0,16.6,5,0,0,0,0
3913650,1975,5772,1973,"FI","",,1,6,152,5,55,6,1,0.6667,0,0,15,23.1667,,,,
3913742,1975,5772,1974,"FI","",,1,4,209,5,51,7,1,0.4286,0,0.4444,8,13,,,,
3916769,1975,5786,1974,"FI","",215110,3,6,493,5,51,2,6,0.5,0.4444,0,8.6667,10.5,0,0,0,0
3918534,1975,5793,1974,"FI","",,1,7,173,5,51,10,3,0.7,0.4444,0.5714,16,9.5,,,,
3918585,1975,5793,1973,"FI","",424730,3,6,209,5,51,11,4,0.1818,0.375,0,11.5,46.5455,0,0,0,0
3920159,1975,5800,1974,"FI","",,1,8,222,1,19,3,0,0.3333,,0,,14,,,,
3923142,1975,5814,1974,"FI","",,1,6,198,5,59,6,11,0.5,0.1653,0,12.6364,17.3333,,,,
3923168,1975,5814,1974,"FI","",,1,3,414,5,51,3,0,1,,0.6667,,5,,,,
3923676,1975,5814,1973,"FI","",,1,9,106,1,12,7,1,0.4286,0,0.6667,13,17.1429,,,,
3926364,1975,5828,1973,"FI","",,1,7,383,6,68,2,0,0,,,,65,,,,
3926936,1975,5828,1973,"FI","",423630,3,14,530,1,15,4,2,0,0.5,,11.5,31.75,0,0,0,0
3928193,1975,5835,1975,"FI","",552265,3,,210,1,19,0,18,,0.5988,,10.3889,,,,0.0556,0.0556
3928209,1975,5835,1974,"FI","",175835,3,,210,1,19,0,4,,0,,11,,,,0,0
3928431,1975,5835,1973,"FI","",424800,3,,562,1,14,0,1,,0,,13,,,,0,0
3929196,1975,5842,1974,"FI","",,1,3,175,6,64,4,3,0.5,0,0,13,33.25,,,,
3930138,1975,5842,1974,"FI","",169580,3,4,219,4,49,7,1,1,0,0,11,4.1429,0,0,0,0
3932581,1976,5856,1974,"FI","",423780,3,9,423,1,19,2,1,1,0,0,4,6,0,0,0,0
3933966,1976,5863,1974,"FI","",95,3,15,162,1,19,2,2,1,0.5,0,14.5,7.5,0,0,0,0
3934664,1976,5870,1974,"FI","",,1,11,180,5,55,3,4,0,0,,8.25,66.6667,,,,
3935022,1976,5870,1974,"FI","",,1,16,106,1,12,4,3,0.25,0,0,8,18.75,,,,
3935091,1976,5870,1973,"FI","",423780,3,3,204,1,19,3,4,1,0.75,0.6667,14.5,7.6667,0,0,0,0
3935449,1976,5870,1973,"FI","",617465,3,14,250,4,44,3,4,0.6667,0.375,0,16,10,0,0,0,0
3937217,1976,5884,1974,"FI","",423780,3,5,128,3,32,5,6,0.8,0,0,10,20.8,0,0,0,0
3937544,1976,5884,1973,"FI","",424820,3,10,439,4,41,8,1,0.875,0,0.2449,3,9.25,0.3333,0.25,0,0
3937591,1976,5884,1973,"FI","",423780,3,4,415,5,53,14,0,0.4286,,0.7222,,27.5714,0,0,,
3938271,1976,5891,1974,"FI","",603670,3,5,42,5,59,3,1,0.3333,0,0,23,28.6667,0,0,0,0
3938607,1976,5891,1974,"FI","",,1,3,180,5,55,7,4,0.2857,0.375,0,9.5,42.1429,,,,
3938672,1976,5891,1974,"FI","",423780,3,2,414,5,51,4,1,0.75,0,0,16,10.25,0,0,0,0
3938746,1976,5891,1974,"FI","",424955,3,6,241,5,51,5,2,0.4,0.5,0,9,27,0,0,0,0
3939885,1976,5898,1975,"FI","",,1,4,144,5,51,2,0,1,,0,,8,,,,
3939943,1976,5898,1975,"FI","",424965,3,2,184,5,59,6,2,1,0,0.7222,1,9.5,0,0,0,0
3941435,1976,5905,1975,"FI","",95,3,10,384,5,59,3,2,0,0.5,,17.5,42.6667,0,0,0,0
3941616,1976,5905,1974,"FI","",458485,3,5,429,4,45,6,1,0.8333,0,0.32,13,7.1667,0,0,0,0
3941651,1976,5905,1974,"FI","",603670,3,8,162,1,19,5,7,1,0,0,8,5.4,0,0,0.1429,0.1429
3941861,1976,5905,1973,"FI","",,1,6,261,1,19,2,3,1,0.4444,0,15,6,,,,
3942346,1976,5912,1974,"FI","",424990,3,5,70,6,65,2,1,0.5,0,0,18,38,1,0.5,0,0
3942603,1976,5912,1974,"FI","",603670,3,3,180,5,55,5,5,0.4,0.72,0.5,12.4,24.8,0,0,0,0
3942786,1976,5912,1971,"FI","",95,3,1,271,5,51,6,18,0.5,0.7531,0.4444,14.1667,17.1667,0,0,0,0
3942902,1976,5912,1974,"FI","",,1,35,401,1,12,5,1,0.6,0,0.4444,18,19,,,,
3942938,1976,5912,1974,"FI","",426415,2,16,431,6,66,5,1,1,0,0.72,3,4.2,1,1,1,1
3943118,1976,5912,1973,"FI","",423630,3,19,530,1,15,7,1,0.7143,0,0,6,14.2857,0,0,0,0
3945296,1976,5926,1974,"FI","",603670,3,3,89,5,59,2,2,1,0,0,13,2.5,0,0,0,0
3945615,1976,5926,1973,"FI","",95,3,9,366,1,19,6,0,0.5,,0.4444,,22,0,0,,
3946286,1976,5926,1974,"FI","",600525,3,8,361,4,45,4,11,1,0.4298,0.625,10.7273,8.5,0,0,0,0
3947997,1976,5940,1975,"FI","",,1,2,49,5,59,1,3,0,0.4444,,14,34,,,,
3948065,1976,5940,1975,"FI","",424990,3,4,70,6,65,3,3,0.6667,0,0,15,11.6667,0,0,0,0
3948109,1976,5940,1974,"FI","",465425,3,3,74,5,59,4,4,1,0.75,0.625,8.75,6.5,0,0,0,0
3948639,1976,5940,1973,"FI","",423780,3,4,75,5,52,5,7,0.6,0.2449,0.4444,11,18.4,0.5,0.2,0.3333,0.2857
3949523,1976,5947,1974,"FI","",175835,3,7,47,6,61,3,4,1,0.375,0.4444,15.25,4.3333,0,0,0,0
3949948,1976,5947,1974,"FI","",424990,3,2,242,5,51,5,10,0.8,0,0,9.3,10.8,0,0,0.1,0.1
3951039,1976,5954,1971,"FI","",424965,3,2,89,5,59,3,0,0,,,,33.6667,0,0,,
3951732,1976,5954,1973,"FI","",,5,7,162,1,19,5,5,0.6,0,0,8.6,15.2,,,,
3951938,1976,5954,1975,"FI","",424985,3,5,530,1,15,8,9,0.25,0.5679,0,9.4444,29.625,0,0,0,0
3952444,1976,5961,1974,"FI","",,1,4,43,6,61,7,3,0.1429,0,0,11.3333,25,,,,
3953284,1976,5961,1974,"FI","",95,3,4,162,1,19,9,6,0.8889,0,0,7.5,6.4444,0,0,0,0
3954180,1976,5968,1974,"FI","",,1,6,206,6,68,10,0,0,,,,66.2,,,,
3954452,1976,5968,1974,"FI","",423780,3,5,75,5,52,2,0,0.5,,0,,18.5,0,0,,
3956048,1976,5975,1974,"FI","",424955,3,8,156,1,19,10,11,0.8,0.7107,0.6563,11.0909,6.7,0,0,0,0
3957221,1976,5982,1975,"FI","",603670,3,10,242,5,51,3,1,0.3333,0,0,12,20,0,0,0,0
3959005,1976,5989,1974,"FI","",,1,13,106,1,12,4,3,0,0.4444,,4,29.25,,,,
3959437,1976,5989,1974,"FI","",423780,3,11,423,1,19,5,9,0.8,0.642,0.375,8.4444,12.4,0,0,0.4444,0.4444
3960267,1976,5996,1974,"FI","",,1,6,198,5,59,13,4,0.6923,0.375,0.3704,5.75,15.8462,,,,
3963116,1976,6010,1975,"FI","",,1,11,198,5,59,4,0,0.5,,0.5,,16.5,,,,
3963254,1976,6010,1975,"FI","",185750,3,7,280,5,55,1,8,1,0,0,9.25,1,0,0,0.8,0.5
3964202,1976,6017,1975,"FI","",,1,4,43,6,61,6,6,0,0,,11.6667,50,,,,
3964872,1976,6017,1974,"FI","",,1,7,73,4,43,4,0,1,,0.75,,6.5,,,,
3965085,1976,6017,1974,"FI","",,1,9,530,1,15,5,13,0.2,0.497,0,9.2308,22.4,,,,
3965799,1976,6024,1974,"FI","",484355,3,2,91,5,53,3,13,0.3333,0.4734,0,10.6923,25,0,0,0,0
3966019,1976,6024,1975,"FI","",424965,3,7,184,5,59,4,0,0.75,,0.4444,,14.25,0,0,,
3966234,1976,6024,1975,"FI","",,1,6,285,6,67,10,10,0.1,0.7,0,14.2,49.6,,,,
3968727,1976,6038,1974,"FI","",603670,3,9,89,5,59,5,7,0.6,0.2449,0,16.8571,19.6,0,0,0,0
3970513,1976,6045,1975,"FI","",603670,3,3,162,1,19,4,4,0.5,0,0,15.5,12.25,1,0.25,0,0
3970514,1976,6045,1975,"FI","",424965,3,4,162,1,19,2,1,0.5,0,0,2,24.5,0,0,0,0
3970731,1976,6045,1975,"FI","",,1,11,261,1,19,9,16,0.4444,0.6875,0.625,13.25,23.7778,,,,
3971449,1976,6052,1974,"FI","",424965,3,18,175,6,64,10,10,0.8,0.48,0.4063,8.6,11.4,0,0,0,0
3972210,1976,6059,1975,"FI","",424990,3,4,70,6,65,3,3,0.6667,0.4444,0,1.6667,10.6667,1,0.3333,1,0.6667
3972792,1976,6059,1974,"FI","",424745,3,4,204,1,19,8,3,0.625,0,0.32,4.6667,14,0,0,0,0
3972868,1976,6059,1972,"FI","",552265,3,17,536,1,14,15,5,0.9333,0.72,0.8061,11.2,6.4,0,0,0,0
3973376,1976,6066,1974,"FI","",,1,8,53,6,68,7,7,0.7143,0.6531,0.48,15.1429,12.2857,,,,
3973638,1976,6066,1975,"FI","",,1,8,180,5,55,5,1,0.4,0,0.5,15,24.6,,,,
3974866,1976,6073,1973,"FI","",,1,10,144,5,51,6,9,1,0,0,14.8889,4.5,,,,
3976538,1976,6080,1976,"FI","",305005,3,4,162,1,19,5,2,0.8,0.5,0.625,13.5,11.6,0,0,0,0
3976539,1976,6080,1975,"FI","",603670,3,8,162,1,19,2,11,0.5,0,0,11.6364,12.5,0,0,0.1,0.0909
3977200,1976,6087,1975,"FI","",425025,3,14,405,6,64,4,1,1,0,0,10,4.5,0,0,0,0
3978591,1976,6094,1974,"FI","",,1,3,33,6,69,4,5,0.5,0.56,0,13.4,41,,,,
3979266,1976,6094,1975,"FI","",423780,3,11,205,1,19,1,2,1,0.5,0,6,4,0,0,0,0
3979503,1976,6094,1972,"FI","",426415,2,17,423,1,19,9,4,0.6667,0.625,0.6667,12,10.1111,0.3333,0.1111,0.25,0.25
3979926,1976,6101,1975,"FI","",424775,3,6,66,6,63,3,0,0.6667,,0,,36.6667,0,0,,
3979944,1976,6101,1975,"FI","",424965,3,11,173,5,51,5,6,1,0.5,0,10.5,6.6,0,0,0.1667,0.1667
3981121,1976,6108,1975,"FI","",215110,3,4,53,6,68,4,3,0.75,0,0,15.3333,10,0,0,0,0
3981737,1976,6108,1974,"FI","",,5,10,106,1,12,1,4,0,0.75,,9.75,34,,,,
3981768,1976,6108,1974,"FI","",603670,3,8,162,1,19,3,8,0,0,,14.875,30,0,0,0.125,0.125
3981981,1976,6108,1974,"FI","",,1,5,436,1,19,0,10,,0.58,,15.2,,,,,
3982126,1976,6108,1974,"FI","",423780,3,6,378,4,44,7,3,1,0.6667,0.6939,8.6667,4.1429,0,0,0,0
3982366,1976,6115,1975,"FI","",,1,13,52,6,69,11,2,0.9091,0,0.48,1.5,10.6364,,,,
3982494,1976,6115,1975,"FI","",,1,8,440,5,55,5,10,1,0.32,0.32,12.3,4.8,,,,
3982727,1976,6115,1974,"FI","",396295,3,2,251,5,53,10,5,0.4,0.56,0.375,5.6,17.6,1,0.1,0,0
3982760,1976,6115,1974,"FI","",306065,3,12,473,6,62,7,12,0.4286,0.2917,0.4444,12.5,23.4286,0,0,0,0
3983222,1976,6115,1974,"FI","",,5,11,423,1,19,0,6,,0.4444,,8.3333,,,,,
3983378,1976,6115,1974,"FI","",304220,3,10,705,2,22,5,11,1,0.6777,0.64,5.9091,4,0,0,0,0
3983528,1976,6115,1975,"FI","",424860,3,3,338,4,41,2,7,0,0.2449,,16.1429,35.5,0,0,0,0
3983757,1976,6122,1975,"FI","",396295,3,4,74,5,59,4,1,0,0,,14,36.5,0,0,0,0
3984080,1976,6122,1974,"FI","",424990,3,4,251,5,53,7,8,0.4286,0.6563,0.6667,13.25,28.1429,0,0,0.1429,0.125
3985250,1976,6129,1975,"FI","",,1,11,414,5,51,2,2,0.5,0,0,6.5,17.5,,,,
3985994,1976,6129,1974,"FI","",319895,3,5,219,4,49,5,3,0.2,0.4444,0,15.3333,24.8,0,0,0,0
3987351,1976,6136,1974,"FI","",423780,3,2,318,4,45,6,5,1,0,0.6667,6.6,5.1667,0,0,0,0
3987515,1976,6143,1975,"FI","",,1,5,16,5,59,3,1,1,0,0,3,2.6667,,,,
3987922,1976,6143,1974,"FI","",324305,3,3,217,6,68,7,0,0.7143,,0.56,,15.8571,0,0,,
3987955,1976,6143,1975,"FI","",424965,3,11,229,6,68,9,5,0.2222,0.48,0,15.4,29,0,0,0,0
3988867,1976,6150,1974,"FI","",,1,4,52,6,69,10,4,0.7,0,0.449,9.5,16.1,,,,
3989135,1976,6150,1974,"FI","",442930,3,3,198,5,59,8,3,0.875,0.4444,0,14,11,0,0,0.5,0.3333
3990348,1976,6157,1974,"FI","",603670,3,4,89,5,59,2,3,0.5,0.4444,0,16.6667,10.5,0,0,0,0
3992254,1976,6164,1975,"FI","",603670,3,4,162,1,19,4,8,0.75,0,0,11.125,7.5,0,0,0.125,0.125
3993385,1976,6171,1975,"FI","",95,3,5,439,4,41,4,8,1,0,0,12,4,0,0,0,0
3994774,1976,6178,1975,"FI","",603670,3,15,162,1,19,5,26,0.8,0.145,0.375,11.3462,6.2,0.3333,0.2,0.1923,0.1923
3995715,1976,6185,1975,"FI","",95,3,4,182,6,65,3,14,0.6667,0.5816,0.5,15.1429,29.3333,0,0,0,0
3996098,1976,6185,1975,"FI","",603670,3,17,162,1,19,6,7,0.5,0,0,8.5714,8.8333,0,0,0.2857,0.2857
3996127,1976,6185,1975,"FI","",423780,3,1,204,1,19,3,13,1,0.6746,0.4444,9.6154,6.3333,0,0,0,0
3996386,1976,6185,1974,"FI","",,1,10,426,6,61,5,18,0.4,0.642,0,14.5,12.8,,,,
3996980,1976,6192,1974,"FI","",,1,4,144,5,51,4,4,0.5,0.375,0,8.5,24.5,,,,
3997390,1976,6192,1974,"FI","",603670,3,20,162,1,19,7,18,0.8571,0,0,11,4.8571,0,0,0.3529,0.3333
3997922,1976,6199,1975,"FI","",,1,3,2,6,63,2,11,0,0.1653,,13.0909,59.5,,,,
3998225,1976,6199,1975,"FI","",490555,3,2,604,3,32,5,3,0.4,0,0,13,20.2,0,0,0,0
3998257,1976,6199,1975,"FI","",,1,7,152,5,55,4,1,0.75,0,0,13,10.75,,,,
3999472,1976,6206,1975,"FI","",515820,3,9,99,6,61,9,6,0.3333,0.5,0.4444,18.5,25,0,0,0,0
4002440,1977,6220,1974,"FI","",,1,19,95,1,13,9,5,0.5556,0.72,0.56,10.8,30.6667,,,,
4002544,1977,6220,1975,"FI","",423780,3,5,205,1,19,2,7,0,0.2449,,10.8571,62.5,0,0,0,0
4004208,1977,6227,1975,"FI","",,1,13,320,4,45,3,17,1,0.3945,0.6667,11,4.3333,,,,
4004219,1977,6227,1975,"FI","",274565,3,10,324,4,43,3,6,1,0.4444,0.4444,8.6667,9.6667,0,0,0,0
4006013,1977,6241,1975,"FI","",423780,3,10,75,5,52,8,2,0.375,0,0,6.5,38.5,0,0,0,0
4008123,1977,6255,1975,"FI","",603670,3,6,162,1,19,4,6,0.75,0.2778,0.6667,12.1667,8.75,0,0,0.1667,0.1667
4008256,1977,6255,1975,"FI","",,5,7,549,1,14,10,0,0.7,,0.2449,,9.7,,,,
4008285,1977,6255,1975,"FI","",,1,16,568,1,14,9,12,0.6667,0.75,0.5,10.6667,10.1111,,,,
4009118,1977,6262,1975,"FI","",465425,3,10,516,1,19,5,3,0.4,0.6667,0.5,10,25.2,0,0,0,0
4009835,1977,6269,1975,"FI","",636985,3,1,241,5,51,6,3,0.8333,0.6667,0,10.6667,9.6667,0,0,0,0
4010782,1977,6276,1976,"FI","",465425,3,3,144,5,51,3,1,0.6667,0,0,2,9.6667,0,0,0,0
4011290,1977,6276,1974,"FI","",423780,3,15,264,5,51,5,6,0.6,0.6111,0.6667,9.5,30.4,0,0,0,0
4011297,1977,6276,1975,"FI","",423780,3,11,423,1,19,11,6,0.7273,0.6111,0.5625,10,11.4545,0,0,0.1667,0.1667
4013094,1977,6290,1975,"FI","",,1,4,137,6,69,3,1,0.3333,0,0,11,30,,,,
4014057,1977,6297,1975,"FI","",,1,8,114,5,55,5,4,0.6,0.5,0.4444,11.75,17.6,,,,
4014740,1977,6297,1975,"FI","",603670,3,11,162,1,19,4,11,0,0.4628,,11.7273,38.25,0,0,0.4,0.3636
4015114,1977,6297,1975,"FI","",95,3,1,362,4,42,4,8,1,0.5313,0.375,9.875,4.5,0,0,0,0
4015923,1977,6304,1976,"FI","",600525,3,8,425,5,51,5,3,0.8,0.4444,0.375,7,15.6,0,0,0,0
4016032,1977,6304,1975,"FI","",603670,3,29,162,1,19,2,19,0.5,0.3601,0,12.5263,24,0,0,0.2353,0.2105
4021810,1977,6332,1975,"FI","",,1,7,343,2,21,2,11,1,0,0.5,7.8182,7,,,,
4021966,1977,6339,1976,"FI","",215110,3,4,47,6,61,9,3,0.4444,0,0.75,11.3333,20.8889,0,0,0,0
4022108,1977,6339,1975,"FI","",338030,3,4,91,5,53,4,7,1,0.5714,0.625,11.2857,3,0,0,0,0
4022231,1977,6339,1976,"FI","",175835,3,8,134,6,69,5,2,0.6,0.5,0.4444,3,16.8,0,0,0.5,0.5
4022375,1977,6339,1976,"FI","",,5,1,494,1,19,6,1,0.8333,0,0.56,3,10.1667,,,,
4022883,1977,6339,1975,"FI","",65905,3,6,424,3,31,2,0,1,,0.5,,3.5,0,0,,
4023626,1977,6346,1975,"FI","",424965,3,14,173,5,51,5,3,1,0.4444,0.32,9.6667,5.8,0,0,0.3333,0.3333
4024015,1977,6346,1973,"FI","",603670,3,20,162,1,19,8,5,0.625,0.32,0,15.4,14,0,0,0,0
4024634,1977,6353,1976,"FI","",199220,3,2,30,6,65,2,1,0.5,0,0,6,13.5,0,0,0,0
4024754,1977,6353,1976,"FI","",424745,3,5,73,4,43,4,4,0.25,0.625,0,9.75,24.5,0,0,0,0
4025356,1977,6353,1975,"FI","",31260,3,9,127,1,11,9,11,0.5556,0.7438,0.56,13.4545,17.8889,0,0,0,0
4027341,1977,6367,1976,"FI","",185750,3,4,2,6,63,4,3,0.75,0,0,3.6667,15.25,0,0,0,0
4027863,1977,6367,1976,"FI","",423780,3,4,266,5,52,1,4,1,0.5,0,9.75,11,0,0,0,0
4028995,1977,6374,1975,"FI","",424965,3,7,91,5,53,4,11,0,0.4959,,9.0909,51.5,0,0,0.2222,0.1818
4029494,1977,6374,1974,"FI","",423780,3,4,75,5,52,5,3,0.4,0.4444,0,5.6667,18.2,0,0,0,0
4029515,1977,6374,1975,"FI","",425020,3,7,127,1,11,8,8,0.25,0.6875,0.5,14,34.875,0,0,0,0
4030915,1977,6381,1975,"FI","",423780,3,1,75,5,52,5,4,1,0,0.32,12.5,3.4,0.75,0.6,0,0
4031253,1977,6381,1975,"FI","",,5,3,426,6,61,3,2,0.6667,0,0,5.5,12,,,,
4032073,1977,6388,1975,"FI","",,1,14,239,5,59,14,1,0.3571,0,0.72,16,27.1429,,,,
4032837,1977,6388,1976,"FI","",424945,3,4,323,4,45,1,2,1,0.5,0,15,3,1,1,0,0
4033812,1977,6395,1975,"FI","",603670,3,2,162,1,19,6,10,0.8333,0,0,9.1,8.1667,0.3333,0.1667,0.4,0.4
4034818,1977,6402,1975,"FI","",602625,3,6,177,6,69,4,5,1,0.72,0.5,7.8,4.5,0,0,0,0
4035129,1977,6402,1976,"FI","",424820,3,7,425,5,51,2,3,1,0.4444,0,6.6667,5.5,0,0,0.3333,0.3333
4035802,1977,6402,1976,"FI","",,1,18,342,2,21,5,2,1,0.5,0,10.5,6,,,,
4036318,1977,6409,1975,"FI","",,1,5,177,6,69,3,0,0.6667,,0,,20,,,,
4036440,1977,6409,1975,"FI","",297795,3,9,241,5,51,11,7,0.7273,0.6939,0.5,15.7143,12.3636,0,0,0,0
4036563,1977,6409,1976,"FI","",,1,8,417,5,53,6,4,0.6667,0.375,0.625,2,24.6667,,,,
4038162,1977,6416,1976,"FI","",423780,3,11,205,1,19,5,0,0.4,,0.5,,28.6,0,0,,
4038178,1977,6416,1975,"FI","",,1,2,209,5,51,6,2,0.1667,0,0,14,38.6667,,,,
4038223,1977,6416,1975,"FI","",397090,3,13,527,1,15,2,2,0.5,0.5,0,13,12,0,0,0,0
4039033,1977,6423,1976,"FI","",424965,3,2,173,5,51,9,7,0.6667,0,0.2778,10.7143,19.5556,0,0,0.4,0.2857
