4042180,1977,6437,1976,"FI","",424955,3,5,241,5,51,2,0,1,,0,,4,0,0,,
4042452,1977,6437,1975,"FI","",95,3,4,162,1,19,7,7,0.5714,0,0,14.8571,19.4286,0,0,0,0
4042474,1977,6437,1975,"FI","",427010,2,6,205,1,19,6,3,0.6667,0,0.375,10,15.8333,0,0,0,0
4043366,1977,6444,1976,"FI","",,1,2,144,5,51,3,3,0,0.6667,,12,52.3333,,,,
4043570,1977,6444,1976,"FI","",,1,4,280,5,55,1,3,1,0,0,1.6667,4,,,,
4044031,1977,6444,1976,"FI","",,1,7,552,1,14,2,6,1,0.2778,0.5,8.1667,6.5,,,,
4044846,1977,6451,1976,"FI","",,1,8,177,6,69,5,18,1,0.5309,0.64,5,3.2,,,,
4045270,1977,6451,1976,"FI","",425010,3,8,156,1,19,5,2,0.8,0.5,0.5,10.5,4.6,0,0,0.5,0.5
4045336,1977,6451,1975,"FI","",,1,16,210,1,19,25,11,0.6,0.7273,0.7111,10.1818,16.64,,,,
4045453,1977,6451,1975,"FI","",,5,5,549,1,14,1,0,0,,,,28,,,,
4046215,1977,6458,1975,"FI","",,1,6,180,5,55,9,3,1,0,0.716,11.3333,9.2222,,,,
4046429,1977,6458,1975,"FI","",,1,9,305,5,55,5,2,1,0,0,13,5.4,,,,
4047378,1977,6465,1976,"FI","",,1,8,59,6,69,1,0,0,,,,63,,,,
4048031,1977,6465,1975,"FI","",,1,15,205,1,19,4,3,0.25,0.4444,0,10,44.5,,,,
4049143,1977,6472,1976,"FI","",424725,3,14,414,5,51,2,6,1,0.2778,0,12,11,0,0,0,0
4049787,1977,6472,1974,"FI","",424965,3,1,423,1,19,5,1,0.6,0,0.4444,5,11,0.6667,0.4,0,0
4049850,1977,6472,1975,"FI","",309720,3,8,427,1,12,7,0,0.5714,,0.375,,11.4286,0,0,,
4050485,1977,6479,1976,"FI","",,1,4,144,5,51,5,2,0.4,0.5,0,11.5,18.4,,,,
4050868,1977,6479,1976,"FI","",,1,6,425,5,51,3,3,1,0.4444,0.4444,11,3.3333,,,,
4051914,1977,6486,1976,"FI","",,1,18,180,5,55,3,1,0.3333,0,0,12,48.6667,,,,
4052145,1977,6486,1976,"FI","",,1,7,425,5,51,5,2,1,0.5,0.56,5,6.6,,,,
4053743,1977,6493,1976,"FI","",,1,12,700,2,22,5,16,1,0.8281,0.56,11.5,6.2,,,,
4054446,1977,6500,1976,"FI","",423780,3,5,423,1,19,5,1,0.8,0,0.5,10,11.8,0.25,0.2,0,0
4055018,1977,6507,1975,"FI","",,1,8,43,6,61,6,0,0.6667,,0.625,,14.6667,,,,
4055461,1977,6507,1976,"FI","",603670,3,2,162,1,19,5,10,1,0,0.32,3.5,1.6,0.75,0.6,0.3,0.3
4056433,1977,6514,1976,"FI","",603670,3,11,162,1,19,7,16,0.8571,0,0,8.375,6,0.4,0.2857,0.3571,0.3125
4057057,1977,6521,1975,"FI","",,5,4,128,3,32,2,3,0,0.4444,,13,17.5,,,,
4057076,1977,6521,1976,"FI","",,1,1,137,6,69,3,2,0.6667,0.5,0,9,23.3333,,,,
4057213,1977,6521,1976,"FI","",465425,3,6,248,6,69,2,4,0,0.375,,20.5,52.5,0,0,0,0
4057279,1977,6521,1976,"FI","",424655,3,10,294,5,59,5,2,0.4,0.5,0,4.5,31.4,1,0.2,0,0
4057286,1977,6521,1975,"FI","",465425,3,4,296,5,55,7,0,0.2857,,0.5,,32.7143,0,0,,
4057856,1977,6528,1976,"FI","",185750,3,3,2,6,63,2,2,1,0.5,0,13,11.5,0,0,0,0
4058038,1977,6528,1976,"FI","",,1,17,83,5,51,1,2,1,0.5,0,4.5,7,,,,
4058183,1977,6528,1973,"FI","",603670,3,3,180,5,55,8,1,0.5,0,0.625,5,16.75,0,0,0,0
4058231,1977,6528,1975,"FI","",46200,3,6,414,5,51,5,4,0.8,0,0,9.25,9.6,0,0,0,0
4058290,1977,6528,1976,"FI","",396295,3,2,251,5,53,5,9,0.2,0.1975,0,5.8889,32.8,0,0,0,0
4058310,1977,6528,1975,"FI","",597190,6,4,473,6,62,4,3,0.5,0,0,15.6667,28,0,0,0,0
4058370,1977,6528,1975,"FI","",,1,6,422,1,19,8,19,1,0.5928,0.5625,10.2632,4.75,,,,
4058430,1977,6528,1975,"FI","",,1,8,427,1,12,7,86,1,0.7596,0.6939,14.4186,4.4286,,,,
4059237,1977,6535,1976,"FI","",424745,3,14,241,5,51,6,9,0.5,0.3457,0.4444,7.2222,18.8333,0,0,0,0
4059269,1977,6535,1976,"FI","",306065,3,12,473,6,62,8,10,0.5,0.18,0.375,15.4,22.125,0,0,0,0
4059482,1977,6535,1975,"FI","",603670,3,8,162,1,19,5,10,0.6,0.18,0,10.5,19.8,0,0,0.1111,0.1
4059508,1977,6535,1976,"FI","",,1,9,209,5,51,3,1,0.3333,0,0,11,71,,,,
4060183,1977,6542,1976,"FI","",425020,3,2,222,1,19,6,15,0.6667,0.6933,0.625,14,17.8333,0,0,0,0
4060670,1977,6542,1973,"FI","",,1,17,429,4,45,5,15,0.2,0.3378,0,16.7333,24,,,,
4060759,1977,6542,1975,"FI","",424945,3,7,323,4,45,1,2,1,0.5,0,14,3,1,1,0,0
4061345,1977,6549,1977,"FI","",424640,3,9,277,6,67,7,3,0.7143,0.4444,0.56,3.3333,15,0,0,0,0
4062097,1977,6556,1976,"FI","",603670,3,14,492,5,59,7,6,0.8571,0.5,0.6111,10.5,9.7143,0,0,0.3333,0.3333
4062226,1977,6556,1976,"FI","",603670,3,7,73,4,43,3,11,0.3333,0.1653,0,15.7273,29.6667,0,0,0.125,0.0909
4062252,1977,6556,1975,"FI","",603670,3,9,74,5,59,11,4,0.3636,0.375,0,8.5,24.1818,0,0,0,0
4062498,1977,6556,1975,"FI","",,1,6,241,5,51,7,5,1,0.32,0.4082,15.2,5.7143,,,,
4062730,1977,6556,1976,"FI","",,5,8,435,3,33,3,1,1,0,0,10,3.6667,,,,
4063997,1977,6563,1976,"FI","",603670,3,12,162,1,19,7,4,0.7143,0,0,4.25,9.1429,0,0,0.75,0.75
4064950,1977,6570,1976,"FI","",,1,4,173,5,51,4,6,1,0.2778,0,6.1667,7.5,,,,
4065111,1977,6570,1976,"FI","",,1,7,266,5,52,6,1,0.5,0,0.4444,5,35.8333,,,,
4065842,1978,6577,1977,"FI","",603670,3,10,29,5,52,2,1,1,0,0.5,16,5.5,0,0,0,0
4065845,1978,6577,1975,"FI","",424965,3,2,29,5,52,1,1,1,0,0,21,2,0,0,0,0
4066711,1978,6577,1976,"FI","",552265,3,10,568,1,14,6,8,0.5,0.7813,0.4444,14.75,13.5,0.3333,0.1667,0,0
4067214,1978,6584,1976,"FI","",,1,4,70,6,65,6,0,0.5,,0,,33,,,,
4067455,1978,6584,1976,"FI","",,1,12,414,5,51,3,1,1,0,0,15,4,,,,
4067814,1978,6584,1976,"FI","",175835,3,8,210,1,19,7,8,0.5714,0.5313,0.625,10.375,13.1429,0,0,0,0
4069925,1978,6598,1976,"FI","",342255,3,17,414,5,51,10,4,0.4,0.5,0.625,5.25,22.8,0,0,0,0
4070846,1978,6605,1976,"FI","",,1,7,52,6,69,1,4,1,0.625,0,6.25,5,,,,
4070899,1978,6605,1976,"FI","",,1,16,72,5,52,6,10,0.6667,0,0,7.8,15.5,,,,
4070949,1978,6605,1976,"FI","",424965,3,3,91,5,53,2,4,0.5,0.375,0,14.25,27,0,0,0,0
4072274,1978,6612,1977,"FI","",636985,3,5,241,5,51,4,2,0.75,0.5,0,3,8.75,0,0,0,0
4072359,1978,6612,1976,"FI","",40080,3,4,406,5,59,5,1,1,0,0.56,20,8.4,0,0,0,0
4073471,1978,6619,1976,"FI","",,1,10,251,5,53,5,9,0,0.5679,,11.1111,74.8,,,,
4073635,1978,6619,1976,"FI","",,5,10,71,1,11,3,2,0.6667,0,0,7,12.6667,,,,
4074738,1978,6626,1977,"FI","",,1,3,144,5,51,2,1,0,0,,1,20.5,,,,
4075089,1978,6626,1977,"FI","",423780,3,2,209,5,51,15,11,0.4,0.7107,0.7778,13.3636,20,0,0,0,0
4075406,1978,6626,1975,"FI","",552265,3,5,536,1,14,9,10,0.7778,0.66,0.5714,14,10,0,0,0,0
4075486,1978,6626,1977,"FI","",423780,3,6,250,4,44,3,2,1,0,0,9,4.3333,0,0,0,0
4075548,1978,6626,1976,"FI","",423780,3,1,323,4,45,3,0,0.3333,,0,,15,0,0,,
4075768,1978,6633,1976,"FI","",603670,3,6,34,1,19,3,0,0.3333,,0,,42,0,0,,
4076576,1978,6633,1975,"FI","",95,3,13,159,1,19,4,10,0.75,0.58,0.4444,14.5,23.25,0,0,0.125,0.1
4077524,1978,6640,1976,"FI","",,1,10,198,5,59,2,10,0.5,0,0,16.6,28.5,,,,
4077733,1978,6640,1976,"FI","",,1,2,407,5,51,4,1,0.25,0,0,11,40,,,,
4077784,1978,6640,1975,"FI","",,1,5,96,1,13,4,26,0.5,0.4911,0.5,16.8462,11.25,,,,
4078026,1978,6640,1976,"FI","",423780,3,5,261,1,19,9,13,0.6667,0.7692,0.6667,10.5385,12.6667,0,0,0.1818,0.1538
4078559,1978,6647,1976,"FI","",,1,6,606,3,32,1,15,1,0,0,10.4667,6,,,,
4078591,1978,6647,1976,"FI","",318820,3,7,144,5,51,3,6,0.3333,0.2778,0,12.3333,42.6667,0,0,0,0
4078831,1978,6647,1976,"FI","",465425,3,4,280,5,55,3,0,0,,,,31,0,0,,
4081056,1978,6661,1976,"FI","",,1,6,185,5,53,5,2,0,0.5,,19,77.6,,,,
4081088,1978,6661,1976,"FI","",,1,8,414,5,51,5,5,0.6,0.64,0.6667,9.6,15.4,,,,
4081933,1978,6668,1976,"FI","",,1,8,52,6,69,3,0,1,,0.6667,,3.3333,,,,
4084302,1978,6682,1975,"FI","",603670,3,8,29,5,52,3,2,0.6667,0.5,0.5,18,23.3333,0,0,0,0
4084486,1978,6682,1976,"FI","",338030,3,3,91,5,53,2,5,1,0.48,0,11.6,2,0,0,0,0
4086167,1978,6689,1977,"FI","",175835,3,3,210,1,19,8,11,0.5,0.6942,0,10.0909,31,0,0,0,0
4088153,1978,6703,1976,"FI","",319895,3,1,137,6,69,5,13,1,0.5799,0,9.4615,6.6,0,0,0,0
4088310,1978,6703,1976,"FI","",423780,3,2,266,5,52,2,5,1,0.64,0.5,9.4,5.5,0.5,0.5,0.4,0.4
4088520,1978,6703,1976,"FI","",299520,3,11,156,1,19,7,0,0.2857,,0,,33.8571,0,0,,
4088531,1978,6703,1977,"FI","",424965,3,4,162,1,19,3,3,1,0,0,5,8,0,0,0,0
4088660,1978,6703,1976,"FI","",,1,14,549,1,14,2,1,0,0,,17,22.5,,,,
4089094,1978,6710,1976,"FI","",603670,3,17,492,5,59,4,9,1,0.5185,0.375,8.5556,7.75,0,0,0,0
4089420,1978,6710,1975,"FI","",424695,3,5,209,5,51,4,2,1,0.5,0,10,10.5,0,0,0,0
4089578,1978,6710,1977,"FI","",424820,3,3,439,4,41,3,3,1,0.4444,0,13.3333,3.6667,0.5,0.3333,0,0
4089719,1978,6710,1976,"FI","",,1,19,156,1,19,4,7,0.75,0.6939,0.4444,9.7143,10.75,,,,
4089738,1978,6710,1975,"FI","",603670,3,18,162,1,19,8,4,0.625,0.75,0.72,16,36.375,0,0,0,0
4091056,1978,6717,1975,"FI","",,1,2,261,1,19,12,6,0.6667,0.6111,0.2188,9.8333,19.5,,,,
4092120,1978,6724,1976,"FI","",422625,3,9,422,1,19,3,26,1,0.7249,0.4444,10.7692,5.6667,0,0,0,0
4093486,1978,6731,1976,"FI","",433320,3,17,156,1,19,14,1,0.8571,0,0.5972,3,12.4286,0,0,0,0
4093508,1978,6731,1975,"FI","",,5,3,162,1,19,12,8,0.9167,0.2188,0,16.5,6.25,,,,
4094452,1978,6738,1977,"FI","",465425,3,7,226,5,51,4,6,1,0.7778,0.375,14.3333,6.5,0,0,0,0
4094700,1978,6738,1976,"FI","",216895,3,22,127,1,11,9,2,0.3333,0,0.4444,2,23.5556,0,0,0,0
4095755,1978,6745,1977,"FI","",95,3,6,242,5,51,3,4,1,0.375,0,12,9,0.5,0.3333,0,0
4096045,1978,6745,1977,"FI","",345765,3,18,205,1,19,5,3,0.6,0.6667,0,14,21,0,0,0,0
4096062,1978,6745,1976,"FI","",428800,3,13,210,1,19,5,5,0.8,0,0,12,15.2,0,0,0,0
4097338,1978,6752,1976,"FI","",16025,2,7,435,3,33,5,8,1,0.375,0.32,9.625,6.4,0,0,0,0
4098780,1978,6759,1976,"FI","",,1,17,530,1,15,2,11,0,0.6446,,8.0909,23,,,,
4099733,1978,6766,1977,"FI","",603670,3,9,280,5,55,2,3,1,0.4444,0,8.3333,4.5,0,0,0,0
4100155,1978,6766,1977,"FI","",215110,3,5,530,1,15,4,2,1,0.5,0.375,8.5,9.25,0,0,0,0
4100662,1978,6773,1976,"FI","",95,3,10,492,5,59,4,2,1,0,0,7.5,6.5,0,0,0,0
4100717,1978,6773,1977,"FI","",,1,2,53,6,68,10,7,0.3,0.449,0.4444,8.2857,34.3,,,,
4100819,1978,6773,1976,"FI","",424960,3,3,474,5,53,1,0,1,,0,,7,0,0,,
4101628,1978,6773,1976,"FI","",,1,1,264,5,51,4,3,0.75,0.4444,0,15,12,,,,
4102061,1978,6780,1977,"FI","",306065,3,7,36,6,63,4,15,0.25,0,0,6.2667,18.25,0,0,0,0
4102369,1978,6780,1977,"FI","",,1,1,144,5,51,0,2,,0,,10,,,,,
4102454,1978,6780,1977,"FI","",260495,3,1,206,6,68,4,2,0.25,0.5,0,10,26.5,0,0,0,0
4102658,1978,6780,1976,"FI","",,1,6,96,1,13,4,3,0.5,0.6667,0.5,12.6667,26.75,,,,
4102679,1978,6780,1976,"FI","",327275,3,4,419,5,52,15,4,0.3333,0.375,0,12.25,25.4667,0,0,0,0
4103565,1978,6787,1976,"FI","",603670,3,9,74,5,59,7,4,1,0.75,0.5714,10.25,6.5714,0,0,0.25,0.25
4104116,1978,6787,1977,"FI","",603670,3,16,162,1,19,4,7,1,0,0,14.7143,9,0,0,0,0
4104772,1978,6794,1977,"FI","",603670,3,10,492,5,59,6,1,0.3333,0,0,16,26.5,0,0,0,0
4104773,1978,6794,1977,"FI","",603670,3,8,492,5,59,5,1,0.2,0,0,4,30,0,0,0,0
4105505,1978,6794,1976,"FI","",,1,10,202,1,19,8,3,1,0.6667,0.5625,8.6667,9.75,,,,
4105606,1978,6794,1977,"FI","",311340,3,19,524,1,15,8,15,0.5,0.8444,0.625,11.4,19.75,0,0,0,0
4105971,1978,6794,1976,"FI","",,1,11,324,4,43,2,6,1,0.2778,0.5,13,11,,,,
4106415,1978,6801,1976,"FI","",328735,3,7,111,6,61,4,6,0.5,0.5,0,12.3333,31,0,0,0.5,0.3333
4106537,1978,6801,1977,"FI","",465425,3,6,144,5,51,4,1,1,0,0.5,8,4.5,0,0,0,0
4107111,1978,6801,1975,"FI","",465425,3,23,524,1,15,14,2,0.3571,0.5,0.72,13.5,18.9286,0,0,0.5,0.5
4107929,1978,6808,1977,"FI","",319450,3,1,405,6,64,1,7,0,0.6122,,12.1429,73,0,0,0,0
4109690,1978,6815,1976,"FI","",465425,3,4,144,5,51,4,5,0.5,0.32,0.5,14.4,15.75,0,0,0,0
4109754,1978,6815,1977,"FI","",567705,3,7,181,6,69,2,2,0.5,0.5,0,10.5,9.5,0,0,0,0
4109758,1978,6815,1976,"FI","",311630,3,7,184,5,59,8,2,0.125,0,0,10,22.125,0,0,0,0
4109898,1978,6815,1976,"FI","",,1,1,266,5,52,1,0,0,,,,70,,,,
4110154,1978,6815,1977,"FI","",465425,3,8,162,1,19,12,0,0.25,,0.4444,,26.25,0,0,,
4111065,1978,6822,1977,"FI","",603670,3,8,74,5,59,2,4,0.5,0.625,0,7.5,12.5,0,0,0,0
4111560,1978,6822,1976,"FI","",274565,3,9,356,4,43,5,5,1,0.64,0.48,14,7.6,0,0,0,0
4111743,1978,6822,1977,"FI","",,1,5,162,1,19,2,4,1,0.375,0.5,8,6.5,,,,
4112152,1978,6822,1976,"FI","",,1,6,427,1,12,7,3,0.8571,0.6667,0.7222,18.3333,12.1429,,,,
4112565,1978,6829,1977,"FI","",603670,3,6,29,5,52,3,4,0.6667,0.625,0.5,7.5,16.6667,0,0,0,0
4112586,1978,6829,1976,"FI","",424965,3,15,34,1,19,6,22,0.8333,0.1653,0.48,14.8182,14.8333,0,0,0.25,0.2273
4112587,1978,6829,1977,"FI","",95,3,5,34,1,19,3,3,0.6667,0.4444,0.5,10.3333,9,0,0,0,0
4112691,1978,6829,1977,"FI","",319450,3,1,405,6,64,3,12,0,0.5417,,14.4167,50.6667,0,0,0,0
4113470,1978,6829,1976,"FI","",423780,3,2,75,5,52,4,3,0.75,0,0,9,9.5,1,0.75,0.3333,0.3333
4113556,1978,6829,1977,"FI","",603670,3,20,162,1,19,8,8,0.75,0,0,11.5,9.125,0.75,0.375,0.125,0.125
4113557,1978,6829,1977,"FI","",603670,3,10,162,1,19,7,8,0.8571,0,0,15,11.5714,0,0,0,0
4114085,1978,6829,1976,"FI","",423780,3,3,323,4,45,4,2,1,0,0,3.5,4.25,0,0,0,0
4114818,1978,6836,1977,"FI","",175835,3,4,241,5,51,5,1,0.4,0,0,19,14,0,0,0,0
4115186,1978,6836,1974,"FI","",95,3,4,162,1,19,2,0,1,,0,,4.5,0,0,,
4116259,1978,6843,1977,"FI","",603670,3,14,162,1,19,3,3,1,0,0.4444,6.3333,5.6667,0,0,0,0
4116632,1978,6843,1977,"FI","",426415,2,18,436,1,19,7,1,0.5714,0,0.625,9,9.8571,0.25,0.1429,0,0
4116759,1978,6843,1976,"FI","",,1,8,162,1,19,9,1,0.2222,0,0,3,30,,,,
4117054,1978,6843,1977,"FI","",425010,3,10,264,5,51,13,19,0.7692,0.6593,0.46,10.6316,12.9231,0,0,0,0
4119222,1978,6857,1976,"FI","",465425,3,3,414,5,51,11,4,0.3636,0,0,13,35.5455,0,0,0,0
4119356,1978,6857,1976,"FI","",,1,14,305,5,55,2,4,1,0,0.5,9,4,,,,
4119452,1978,6857,1978,"FI","",433320,3,2,156,1,19,2,2,1,0.5,0.5,11,8.5,0,0,0,0
4120104,1978,6864,1977,"FI","",306065,3,5,36,6,63,1,2,1,0,0,14.5,15,0,0,0,0
4120817,1978,6864,1975,"FI","",423780,3,5,252,1,19,3,5,1,0.72,0,8.8,9,0,0,0,0
4123169,1978,6878,1977,"FI","",95,3,5,356,4,43,5,7,0.8,0.6939,0.5,17.8571,10,0,0,0,0
4123363,1978,6878,1977,"FI","",175835,3,2,210,1,19,3,7,0.6667,0,0,13.5714,20,0,0,0,0
4123702,1978,6878,1977,"FI","",,1,1,324,4,43,7,20,0.8571,0.535,0.5,9.1,9.1429,,,,
4123888,1978,6885,1977,"FI","",428800,3,4,52,6,69,4,0,0.5,,0.5,,25.5,0,0,,
4124441,1978,6885,1977,"FI","",424965,3,3,162,1,19,4,14,0.75,0,0,10.4286,12,0,0,0,0
4124942,1978,6892,1976,"FI","",,5,11,34,1,19,6,4,0.5,0.625,0.4444,14,13,,,,
4125166,1978,6892,1977,"FI","",,1,7,172,6,64,8,2,0.875,0.5,0.7755,7.5,8.625,,,,
4125220,1978,6892,1977,"FI","",,1,7,383,6,68,4,11,1,0.6281,0.625,12.1818,6.75,,,,
4125587,1978,6892,1977,"FI","",423780,3,5,423,1,19,2,2,1,0.5,0.5,14.5,1.5,0.5,0.5,0,0
4126655,1978,6899,1976,"FI","",,1,3,264,5,51,2,1,0.5,0,0,8,16.5,,,,
4127235,1978,6906,1977,"FI","",423780,3,6,241,5,51,5,1,0.2,0,0,1,25,0,0,0,0
4127676,1978,6906,1977,"FI","",189915,3,9,426,6,61,0,1,,0,,14,,,,0,0
4127757,1978,6906,1977,"FI","",424945,3,3,200,4,41,2,0,1,,0,,1,0,0,,
4127996,1978,6913,1977,"FI","",424990,3,8,70,6,65,1,3,0,0,,14.3333,48,0,0,0,0
4128053,1978,6913,1977,"FI","",603670,3,23,100,5,59,2,10,1,0.18,0,7.6,7.5,0,0,0.5,0.5
4128213,1978,6913,1977,"FI","",424990,3,9,242,5,51,4,4,0,0,,9.5,37,0,0,0,0
4129969,1978,6927,1976,"FI","",,1,10,52,6,69,8,1,1,0,0.2188,7,6.75,,,,
4130209,1978,6927,1976,"FI","",,1,16,414,5,51,8,0,0.625,,0,,12.125,,,,
4130923,1978,6934,1977,"FI","",,1,5,29,5,52,7,0,0.2857,,0.5,,30.1429,,,,
4131063,1978,6934,1977,"FI","",424990,3,4,100,5,59,2,4,1,0.75,0,10.5,5,0,0,0,0
4132289,1979,6941,1977,"FI","",465425,3,4,184,5,59,7,4,0.2857,0.75,0,10.25,23.5714,0,0,0,0
4133038,1979,6941,1977,"FI","",,1,7,700,2,22,7,2,1,0.5,0.6939,5,5.7143,,,,
4133093,1979,6948,1976,"FI","",424990,3,5,29,5,52,8,1,0.25,0,0,10,33.375,1,0.125,0,0
4134562,1979,6955,1977,"FI","",175835,3,3,248,6,69,7,5,0.4286,0.72,0.4444,11.4,23,0,0,0,0
4135469,1979,6962,1977,"FI","",424990,3,6,440,5,55,2,3,0.5,0.6667,0,13,38.5,0,0,0,0
4136028,1979,6962,1977,"FI","",465425,3,12,210,1,19,4,7,0.75,0.2449,0,10.7143,8.25,0,0,0,0
4136691,1979,6969,1977,"FI","",424755,3,4,128,3,32,1,11,1,0.3967,0,14.4545,6,0,0,0,0
4137134,1979,6969,1977,"FI","",425020,3,16,203,1,19,6,3,1,0.4444,0.6111,9.6667,5.5,0,0,0,0
4139371,1979,6983,1976,"FI","",423780,3,4,75,5,52,4,2,1,0.5,0.375,14,6.75,1,0.75,0.5,0.5
4139410,1979,6983,1977,"FI","",,1,10,162,1,19,7,21,0.8571,0.0907,0,17.3333,8.4286,,,,
4140500,1979,6990,1977,"FI","",175835,3,3,96,1,13,5,1,0.4,0,0,3,25.2,0,0,0,0
4144030,1979,7011,1977,"FI","",,1,4,436,1,19,4,5,1,0.56,0.5,7.2,4.25,,,,
4144124,1979,7011,1977,"FI","",603670,3,10,162,1,19,7,21,1,0.0907,0,18.2381,7.2857,0.6,0.4286,0,0
4144976,1979,7018,1977,"FI","",,1,14,414,5,51,5,11,0.8,0.314,0.375,13.3636,10.2,,,,
4145611,1979,7018,1977,"FI","",142080,2,7,378,4,44,2,8,1,0.2188,0,7.25,8,0,0,0,0
4147099,1979,7032,1977,"FI","",273265,3,7,99,6,61,1,1,0,0,,21,23,0,0,0,0
4147193,1979,7032,1977,"FI","",,1,7,144,5,51,7,7,0.8571,0.2449,0,9,14.8571,,,,
4147535,1979,7032,1977,"FI","",423780,3,2,75,5,52,3,6,0,0.6667,,1.8333,57.3333,0,0,0,0
4147752,1979,7032,1978,"FI","",318750,3,8,422,1,19,7,12,1,0.6944,0.5714,6.4167,4.8571,0,0,0,0
4147843,1979,7032,1977,"FI","",424580,3,9,429,4,45,3,6,0.6667,0,0,14,36,0,0,0,0
4147931,1979,7032,1977,"FI","",,1,2,378,4,44,1,10,0,0.18,,7.3,18,,,,
4148398,1979,7039,1977,"FI","",423780,3,4,209,5,51,2,6,1,0.2778,0,11.8333,10,0,0,0,0
4148608,1979,7039,1976,"FI","",426415,2,8,436,1,19,2,1,1,0,0.5,15,12,1,0.5,0,0
4148722,1979,7039,1977,"FI","",175835,3,2,209,5,51,4,4,1,0,0.375,8.5,4.75,0,0,0.3333,0.25
4148862,1979,7039,1977,"FI","",423780,3,5,423,1,19,3,3,0.6667,0,0,12,24.3333,0,0,0,0
4149638,1979,7046,1977,"FI","",342255,3,17,198,5,59,6,1,0.5,0,0.4444,11,23.5,0,0,0,0
4150086,1979,7046,1977,"FI","",,1,3,264,5,51,4,3,1,0,0.625,8.3333,9.25,,,,
4151750,1979,7060,1978,"FI","",318750,3,8,73,4,43,2,12,1,0.5694,0,11.3333,2.5,0,0,0.125,0.0833
4153420,1979,7067,1978,"FI","",465130,3,7,44,1,19,4,2,0.25,0,0,4,51.75,0,0,0,0
4153622,1979,7067,1978,"FI","",365060,3,13,552,1,14,2,2,1,0,0,2.5,7,0,0,0,0
4154316,1979,7074,1977,"FI","",465425,3,4,180,5,55,3,0,0.6667,,0,,12.3333,0,0,,
4154421,1979,7074,1977,"FI","",,1,7,248,6,69,5,1,1,0,0,7,11.4,,,,
4154561,1979,7074,1978,"FI","",,1,11,425,5,51,10,5,0.6,0.48,0.5,6.8,13.9,,,,
4154645,1979,7074,1978,"FI","",603670,3,21,162,1,19,6,16,1,0,0,10.9375,4.1667,1,0.5,0.125,0.125
4155695,1979,7081,1977,"FI","",424820,3,7,425,5,51,1,2,1,0.5,0,11,2,1,1,0,0
4156445,1979,7088,1977,"FI","",,1,1,383,6,68,4,1,0.5,0,0.5,20,32.25,,,,
4157946,1979,7102,1978,"FI","",423780,3,6,205,1,19,2,4,0.5,0.625,0,10.75,42.5,0,0,0,0
4162189,1979,7144,1978,"FI","",603670,3,12,162,1,19,7,7,0.7143,0,0,6,8.7143,0.5,0.2857,0.1429,0.1429
4163045,1979,7151,1977,"FI","",,5,2,423,1,19,1,4,1,0.375,0,10.5,10,,,,
4163688,1979,7158,1977,"FI","",603670,3,3,162,1,19,7,14,0.8571,0.4592,0,8.5,8.7143,0,0,0.3636,0.2857
4163705,1979,7158,1977,"FI","",,1,16,204,1,19,4,0,0.5,,0.5,,30.75,,,,
4163902,1979,7158,1977,"FI","",,1,4,378,4,44,1,1,0,0,,8,20,,,,
4164060,1979,7165,1978,"FI","",425020,3,8,445,4,42,5,7,1,0,0,5.8571,6,0,0,0,0
4164073,1979,7165,1978,"FI","",342255,3,15,29,5,52,8,0,0.5,,0.375,,21.875,0,0,,
4164248,1979,7165,1977,"FI","",,1,10,144,5,51,8,5,0.75,0.64,0.6111,6.8,12.5,,,,
4164315,1979,7165,1978,"FI","",424965,3,8,206,6,68,9,6,0.6667,0.6111,0.2778,11.3333,14.1111,0,0,0,0
4164582,1979,7165,1977,"FI","",,5,2,514,3,31,6,3,1,0.4444,0,10.3333,6.3333,,,,
4164868,1979,7172,1975,"FI","",603020,3,14,73,4,43,11,24,1,0.6563,0.7107,13.25,9.5455,0,0,0.05,0.0417
4165005,1979,7172,1977,"FI","",465425,3,21,212,5,59,5,4,0.6,0.625,0.4444,6.25,18.8,0,0,0,0
4166575,1979,7186,1977,"FI","",318970,3,14,236,6,69,2,1,0,0,,18,26.5,0,0,0,0
4166759,1979,7186,1977,"FI","",603670,3,13,162,1,19,6,4,0.6667,0,0,6.5,12.8333,0.25,0.1667,0.25,0.25
4167599,1979,7193,1977,"FI","",,1,12,428,6,69,5,14,1,0.7857,0.56,11.2143,7.4,,,,
4168157,1979,7200,1978,"FI","",423780,3,5,75,5,52,3,2,0.6667,0.5,0,3.5,10,0,0,0,0
4169049,1979,7207,1978,"FI","",175835,3,8,210,1,19,4,10,0.75,0.18,0.4444,7.3,18.75,0,0,0.1111,0.1
4169508,1979,7214,1977,"FI","",95,3,5,169,6,69,8,0,0.125,,0,,38,0,0,,
4169725,1979,7214,1978,"FI","",423780,3,7,75,5,52,5,2,0.8,0,0.375,11.5,14.2,0.75,0.6,0.5,0.5
4169757,1979,7214,1977,"FI","",603670,3,8,162,1,19,4,3,0.75,0.4444,0.4444,7,12.75,0,0,0,0
4169840,1979,7214,1977,"FI","",424930,3,2,549,1,14,3,0,0.6667,,0,,12.6667,0,0,,
4170495,1979,7221,1976,"FI","",,1,9,148,5,52,12,3,0.4167,0.4444,0.48,12,17,,,,
4171478,1979,7228,1977,"FI","",319715,3,3,219,4,49,8,1,0.5,0,0.625,1,26.25,0,0,0,0
4171496,1979,7228,1977,"FI","",,1,8,310,4,45,7,7,1,0.6122,0.2449,13.8571,5.7143,,,,
4171960,1979,7235,1978,"FI","",,1,3,96,1,13,4,8,0.5,0.8125,0.5,8.875,34.75,,,,
4172007,1979,7235,1978,"FI","",603670,3,15,162,1,19,6,12,0.5,0.4861,0.4444,9,29.3333,0.5,0.1667,0.25,0.25
4172759,1979,7242,1977,"FI","",603670,3,18,162,1,19,8,6,0.75,0,0.2778,13.6667,10.25,0,0,0.1667,0.1667
4173249,1979,7249,1978,"FI","",424965,3,12,162,1,19,3,4,1,0.375,0,8.5,7.6667,0,0,0,0
4174090,1979,7256,1977,"FI","",,1,5,251,5,53,8,3,0.625,0,0.32,10,15.875,,,,
4174657,1979,7263,1978,"FI","",,1,5,493,5,51,1,6,1,0.2778,0,10.6667,9,,,,
4174825,1979,7263,1977,"FI","",,1,6,251,5,53,5,1,1,0,0.32,9,10.8,,,,
4175904,1979,7270,1978,"FI","",388975,3,6,414,5,51,5,11,1,0,0,10.7273,3.8,0,0,0,0
4176270,1979,7270,1977,"FI","",603670,3,13,219,4,49,2,5,0.5,0.56,0,11.6,28,0,0,0,0
4176747,1979,7277,1978,"FI","",494130,3,7,206,6,68,12,10,0.5833,0.7,0.6939,11.4,12.8333,0,0,0,0
4177942,1979,7284,1978,"FI","",175835,3,7,222,1,19,4,2,0.5,0,0,10.5,28.25,0,0,0,0
4178139,1979,7284,1978,"FI","",424640,3,5,417,5,53,5,6,0.6,0.5,0.4444,12.6667,11.8,0,0,0,0
4178172,1979,7284,1978,"FI","",423780,3,8,75,5,52,5,1,0.4,0,0.5,13,22.2,0,0,0,0
4179332,1979,7291,1978,"FI","",603670,3,3,162,1,19,1,5,0,0.72,,11.2,20,0,0,0,0
4180109,1979,7298,1977,"FI","",318995,3,5,144,5,51,7,4,0,0.375,,13.5,37.4286,0,0,0,0
4180735,1979,7298,1977,"FI","",423780,3,2,378,4,44,3,2,1,0.5,0.6667,11,5,0,0,0,0
4180998,1980,7305,1978,"FI","",424990,3,15,70,6,65,6,8,0,0,,13.25,40.5,0,0,0,0
4180999,1980,7305,1978,"FI","",424990,3,6,70,6,65,2,0,1,,0,,5,0.5,0.5,,
4181568,1980,7305,1978,"FI","",424965,3,14,162,1,19,4,17,1,0,0,10.1176,4.75,0,0,0,0
4183148,1980,7319,1977,"FI","",603670,3,15,34,1,19,3,24,1,0.0799,0.4444,14.9583,8,0,0,0.0435,0.0417
4183540,1980,7319,1978,"FI","",,1,6,277,6,67,8,7,1,0,0,5.7143,11.25,,,,
4183668,1980,7319,1978,"FI","",33695,3,10,356,4,43,3,2,0.6667,0.5,0,12.5,10.3333,0,0,0,0
4184506,1980,7326,1976,"FI","",,1,10,137,6,69,2,11,0.5,0.6116,0,15.8182,19.5,,,,
4184540,1980,7326,1977,"FI","",465130,3,6,165,6,66,5,0,0.6,,0.4444,,24.6,0,0,,
4185356,1980,7333,1977,"FI","",424990,3,11,16,5,59,12,6,0.9167,0.5,0.4298,10.6667,12.4167,0,0,0,0
4185733,1980,7333,1977,"FI","",442930,3,3,198,5,59,2,4,0.5,0,0,11,28.5,0,0,0,0
4185749,1980,7333,1976,"FI","",453370,3,1,220,6,68,4,5,0,0.48,,8,51.5,0,0,0,0
4185987,1980,7333,1978,"FI","",189915,3,5,71,1,11,2,1,0.5,0,0,5,26.5,0,0,0,0
4187148,1980,7340,1977,"FI","",615575,3,2,48,1,13,2,1,0.5,0,0,3,24,0,0,0,0
4187279,1980,7340,1978,"FI","",424965,3,3,422,1,19,11,4,0.7273,0.625,0.5313,9.75,11,0.1429,0.0909,0.6667,0.5
4188018,1980,7347,1978,"FI","",,1,17,254,5,59,8,1,0.5,0,0.625,6,22.25,,,,
4188076,1980,7347,1977,"FI","",,1,9,305,5,55,5,3,0.8,0.4444,0.625,12,6.6,,,,
4188262,1980,7347,1977,"FI","",603670,3,5,162,1,19,6,6,0.6667,0,0,8.6667,11.8333,0,0,0.1667,0.1667
4188369,1980,7347,1978,"FI","",,1,12,423,1,19,3,1,1,0,0.4444,13,11.3333,,,,
4190085,1980,7361,1978,"FI","",238670,3,14,138,6,67,3,2,0,0.5,,17,35.3333,0,0,0.5,0.5
4190190,1980,7361,1978,"FI","",416720,3,4,229,6,68,2,4,0.5,0.375,0,10.75,21.5,0,0,0,0
4190925,1980,7368,1978,"FI","",,1,15,16,5,59,4,4,0.75,0,0,7.75,15,,,,
4191132,1980,7368,1977,"FI","",,1,5,122,6,66,6,1,0.1667,0,0,18,38.8333,,,,
4192080,1980,7375,1978,"FI","",,1,5,34,1,19,3,9,0.6667,0.6667,0,8.5556,31,,,,
4192088,1980,7375,1978,"FI","",309720,3,21,37,6,64,2,2,0,0,,3,69,0,0,0,0
4192537,1980,7375,1978,"FI","",,1,5,292,6,69,4,3,0.25,0.4444,0,9,48.75,,,,
4192711,1980,7375,1977,"FI","",603670,3,17,162,1,19,6,11,1,0,0,9.9091,6.8333,0.4,0.3333,0.6364,0.6364
4192713,1980,7375,1978,"FI","",,1,2,162,1,19,6,3,0.6667,0.4444,0,13.3333,26.6667,,,,
4193296,1980,7382,1978,"FI","",617465,3,7,73,4,43,2,4,0.5,0.375,0,9,16.5,0,0,0,0
4193604,1980,7382,1978,"FI","",424640,3,1,174,4,41,8,8,0.5,0.6875,0.625,7.875,24.875,0,0,0,0
4193865,1980,7382,1978,"FI","",424965,3,3,209,5,51,2,8,1,0.2188,0.5,10.875,4,0,0,0.125,0.125
4194446,1980,7389,1978,"FI","",603670,3,3,100,5,59,9,8,1,0.5313,0.1975,5.625,9.3333,0,0,0,0
4194947,1980,7389,1978,"FI","",424830,3,16,162,1,19,7,12,0.8571,0.6111,0.4444,12.1667,9.8571,0,0,0,0
4195737,1980,7396,1978,"FI","",,1,12,209,5,51,6,10,0.8333,0.7,0.56,10.5,18.3333,,,,
4196082,1980,7396,1978,"FI","",40590,3,2,210,1,19,8,5,0.5,0.48,0,14.4,35.5,0,0,0,0
4196752,1980,7403,1978,"FI","",318460,3,6,137,6,69,1,2,1,0,0,7.5,2,0,0,0,0
4197657,1980,7410,1978,"FI","",,1,9,34,1,19,4,9,0.75,0.642,0,10.1111,28,,,,
4198566,1980,7410,1979,"FI","",142080,2,6,378,4,44,2,2,0.5,0,0,12.5,14,0,0,0,0
4198966,1980,7417,1978,"FI","",,1,10,128,3,32,1,11,1,0.1653,0,7.4545,4,,,,
4200045,1980,7424,1977,"FI","",424990,3,4,101,6,69,10,2,0.8,0,0.5313,11.5,15.7,0,0,0,0
4200315,1980,7424,1978,"FI","",319010,3,6,280,5,55,3,5,0.3333,0.56,0,6,28.6667,0,0,0,0
4200600,1980,7424,1977,"FI","",465130,3,6,261,1,19,6,2,0.3333,0.5,0.5,15,48.1667,0,0,0,0
4201257,1980,7431,1978,"FI","",,1,7,144,5,51,2,0,1,,0,,7.5,,,,
4201506,1980,7431,1978,"FI","",,1,7,414,5,51,3,2,1,0.5,0,11.5,6.3333,,,,
4202113,1980,7438,1978,"FI","",603670,3,16,34,1,19,8,38,0.875,0.0512,0.2449,12.1579,9.125,0,0,0.1111,0.1053
4202190,1980,7438,1978,"FI","",,1,9,69,6,63,2,3,0.5,0.6667,0,9.3333,29.5,,,,
4202505,1980,7438,1978,"FI","",,1,3,241,5,51,1,2,1,0.5,0,12.5,7,,,,
4202658,1980,7438,1978,"FI","",428795,3,14,425,5,51,5,3,1,0,0.32,8.6667,6.6,0,0,0,0
4202724,1980,7438,1979,"FI","",603670,3,12,162,1,19,4,3,0.75,0,0,2,11,0.3333,0.25,0.6667,0.6667
4203009,1980,7438,1978,"FI","",448935,7,14,379,2,21,5,19,1,0.1939,0,6.2105,3,0,0,0,0
4205130,1980,7452,1979,"FI","",,1,10,435,3,33,3,3,1,0.6667,0.4444,8.3333,3.3333,,,,
4205751,1980,7459,1978,"FI","",,1,12,209,5,51,4,3,1,0.4444,0.375,17.3333,6.5,,,,
4206750,1980,7466,1978,"FI","",,1,9,600,3,32,3,4,1,0,0,8.75,7,,,,
4207139,1980,7466,1978,"FI","",384355,3,8,162,1,19,3,7,1,0.5714,0.4444,7.4286,3.6667,1,0.3333,0.2857,0.2857
4207276,1980,7466,1978,"FI","",424585,3,2,261,1,19,6,3,0.3333,0.4444,0.5,7.3333,18,0,0,0,0
4207690,1980,7473,1978,"FI","",,1,9,37,6,64,2,0,0,,,,40.5,,,,
4208380,1980,7473,1978,"FI","",423780,3,17,423,1,19,4,4,0.5,0.625,0.5,8.25,13,0,0,0,0
4208804,1980,7480,1978,"FI","",,1,5,33,6,69,6,2,0.1667,0,0,14.5,42.3333,,,,
4209361,1980,7480,1977,"FI","",603670,3,4,162,1,19,8,7,0.625,0.2449,0,10.4286,14.875,0,0,0.4286,0.4286
4209362,1980,7480,1979,"FI","",568500,3,4,162,1,19,0,0,,,,,,,,,
4210228,1980,7487,1978,"FI","",,1,7,187,5,55,6,2,0.6667,0.5,0.625,9,21.6667,,,,
4210315,1980,7487,1978,"FI","",423780,3,8,266,5,52,2,2,0.5,0,0,8,46,0,0,1,1
4210747,1980,7487,1978,"FI","",726925,3,2,536,1,14,6,1,0.1667,0,0,9,24.5,0,0,0,0
4210870,1980,7487,1978,"FI","",603020,3,7,455,2,21,1,2,1,0.5,0,19,11,0,0,0,0
4211553,1980,7494,1978,"FI","",423780,3,6,75,5,52,2,4,1,0.375,0,7.25,13.5,0,0,0,0
4213361,1980,7508,1978,"FI","",424990,3,9,83,5,51,2,1,1,0,0,7,9.5,0,0,0,0
4213591,1980,7508,1978,"FI","",424780,3,9,248,6,69,6,9,0.6667,0.7407,0.625,11.3333,25,0,0,0,0
4213864,1980,7508,1979,"FI","",40590,3,2,210,1,19,4,11,1,0.7107,0.5,11.2727,8.75,0,0,0,0
4215092,1980,7515,1978,"FI","",,5,5,73,4,43,11,17,0.9091,0.6574,0.64,10.9412,9.0909,,,,
4216056,1980,7522,1979,"FI","",294665,3,20,162,1,19,4,1,0.75,0,0,12,12.5,0,0,0,0
4217917,1980,7536,1979,"FI","",175835,3,3,134,6,69,4,3,1,0,0.625,15.6667,8.25,0.3333,0.25,0,0
4218174,1980,7536,1978,"FI","",603670,3,10,414,5,51,5,0,0.8,,0,,13.2,0,0,,
4219120,1980,7543,1978,"FI","",,1,10,209,5,51,5,5,0.8,0.56,0.5,9.8,20.2,,,,
4219166,1980,7543,1978,"FI","",175835,3,1,241,5,51,2,0,1,,0,,2,0,0,,
4219354,1980,7543,1978,"FI","",423780,3,8,75,5,52,8,7,0.75,0.4082,0.6111,9.1429,15.25,0.3333,0.25,0.2857,0.2857
4219383,1980,7543,1978,"FI","",,1,8,162,1,19,3,9,0.6667,0.3704,0,9.2222,12.6667,,,,
4220502,1980,7550,1979,"FI","",603670,3,8,162,1,19,4,8,1,0.2188,0,8.625,4.25,1,0.75,0.125,0.125
4220532,1980,7550,1978,"FI","",424820,3,4,210,1,19,2,0,0.5,,0,,19.5,0,0,,
4220627,1980,7550,1978,"FI","",423780,3,10,423,1,19,3,6,0.6667,0.7222,0.5,10.5,17.6667,0,0,0.4,0.3333
4221260,1980,7557,1978,"FI","",274505,3,10,165,6,66,2,15,1,0.8,0,4,3.5,0,0,0,0
4221392,1980,7557,1978,"FI","",185750,3,7,280,5,55,3,2,0.6667,0,0,9,9.6667,0.5,0.3333,1,0.5
4222786,1980,7564,1979,"FI","",423780,3,5,106,1,12,2,1,1,0,0.5,4,11.5,0,0,0,0
4222818,1980,7564,1978,"FI","",95,3,8,162,1,19,10,0,0.6,,0.2778,,17.6,0,0,,
4224104,1980,7571,1978,"FI","",603670,3,9,162,1,19,9,5,0.6667,0,0,13.8,15.8889,0.4,0.2222,0.2,0.2
4224850,1980,7578,1979,"FI","",423780,3,10,83,5,51,2,6,0,0.6667,,8,65.5,0,0,0,0
4224853,1980,7578,1978,"FI","",,1,3,83,5,51,5,2,0.6,0,0.4444,10.5,14.6,,,,
4225116,1980,7578,1978,"FI","",328920,3,4,254,5,59,4,0,0.25,,0,,42.75,0,0,,
4225384,1980,7578,1978,"FI","",425015,3,8,162,1,19,3,1,0.6667,0,0,19,12.6667,0,0,0,0
4226252,1980,7585,1978,"FI","",,1,4,453,5,59,2,2,0.5,0.5,0,14,44,,,,
4227846,1980,7592,1978,"FI","",603670,3,4,414,5,51,9,0,0.6667,,0.2778,,38.2222,0,0,,
4228133,1980,7592,1979,"FI","",423780,3,5,422,1,19,8,7,0,0.7347,,11.1429,53,0,0,0,0
4228354,1980,7592,1979,"FI","",,1,6,250,4,44,3,2,0.6667,0.5,0,4.5,11,,,,
4228382,1980,7592,1979,"FI","",565735,3,1,315,4,42,6,8,0.6667,0,0,8.5,15.3333,0,0,0,0
4228539,1980,7592,1978,"FI","",603785,3,7,455,2,21,3,5,0.3333,0.64,0,6.6,21.3333,0,0,0,0
4228849,1980,7599,1978,"FI","",603670,3,4,165,6,66,4,4,0.5,0.375,0.5,11.75,26.75,0,0,0,0
4229250,1980,7599,1979,"FI","",603670,3,10,162,1,19,1,1,1,0,0,9,12,0,0,0,0
4229776,1980,7599,1978,"FI","",603020,3,5,361,4,45,1,2,1,0.5,0,9,2,0,0,0,0
4230671,1980,7606,1978,"FI","",426415,2,22,422,1,19,3,1,1,0,0,8,10.3333,0.5,0.3333,0,0
4231186,1980,7613,1979,"FI","",328735,3,8,47,6,61,13,9,0.7692,0.7407,0.66,11,13.2308,0,0,0.125,0.1111
4231460,1980,7613,1978,"FI","",442930,3,7,198,5,59,5,4,1,0.375,0.72,6,6,0.2,0.2,0,0
4231545,1980,7613,1977,"FI","",,1,5,251,5,53,3,2,0.6667,0,0.5,12.5,18.3333,,,,
4231585,1980,7613,1978,"FI","",,1,2,280,5,55,3,1,0.6667,0,0,2,11.3333,,,,
4231842,1980,7613,1978,"FI","",603670,3,11,162,1,19,4,9,1,0.3704,0,9.8889,2.75,0,0,0,0
4232410,1980,7620,1978,"FI","",424990,3,15,4,6,65,5,2,0,0,,14,64,0,0,0,0
4232753,1980,7620,1978,"FI","",319010,3,7,180,5,55,1,1,0,0,,17,58,0,0,0,0
4232778,1980,7620,1978,"FI","",,1,6,198,5,59,2,2,1,0.5,0.5,7.5,7,,,,
4235128,1980,7634,1978,"FI","",,1,4,475,5,53,7,3,0.5714,0.4444,0.625,5.3333,30.7143,,,,
4236700,1980,7641,1978,"FI","",423780,3,2,266,5,52,1,2,1,0.5,0,11,8,0,0,0,0
4236962,1980,7641,1979,"FI","",603670,3,9,162,1,19,1,7,1,0.4898,0,15.8571,1,1,1,0,0
4237094,1980,7641,1979,"FI","",,5,5,73,4,43,10,2,1,0.5,0.34,8.5,7.5,,,,
4237095,1980,7641,1979,"FI","",318750,3,4,73,4,43,2,4,0.5,0.375,0,7.25,23.5,0,0,0,0
4238284,1980,7648,1978,"FI","",424830,3,4,162,1,19,7,3,0.8571,0.6667,0.4444,11.3333,9.8571,0,0,0,0
4239067,1980,7655,1978,"FI","",195400,3,11,144,5,51,6,7,1,0,0.2778,14,7.3333,0,0,0,0
4239072,1980,7655,1978,"FI","",95,3,6,144,5,51,7,18,1,0.537,0.4898,10.6111,6.5714,0,0,0.0625,0.0556
4239493,1980,7655,1978,"FI","",299290,3,5,436,1,19,3,13,1,0.8166,0.6667,12.9231,4.6667,0,0,0,0
4239667,1980,7655,1979,"FI","",424740,3,4,528,1,15,7,0,0.8571,,0.7778,,10.7143,0,0,,
4240315,1980,7662,1979,"FI","",,5,2,83,5,51,3,8,0.3333,0.4688,0,13.125,54,,,,
4240507,1980,7662,1979,"FI","",,1,7,169,6,69,6,1,0.8333,0,0.72,7,10,,,,
4240558,1980,7662,1978,"FI","",,1,2,212,5,59,5,1,0.2,0,0,2,73.2,,,,
4241254,1980,7662,1978,"FI","",556775,2,12,378,4,44,2,6,1,0.4444,0,12.1667,6.5,0,0,0,0
4241561,1980,7669,1979,"FI","",,1,2,53,6,68,2,2,0.5,0,0,8,19,,,,
4242124,1980,7669,1979,"FI","",423780,3,7,423,1,19,5,7,0.6,0.4082,0.4444,5,27.6,0,0,0,0
4243499,1981,7676,1979,"FI","",423780,3,5,205,1,19,4,0,0.25,,0,,30.5,0,0,,
4243533,1981,7676,1979,"FI","",175835,3,3,210,1,19,6,9,0.6667,0.1975,0.375,10.2222,14.5,0,0,0,0
4244393,1981,7683,1978,"FI","",,1,6,137,6,69,4,14,0.5,0.3673,0.5,11.5,26.5,,,,
4244685,1981,7683,1978,"FI","",409110,3,1,431,6,66,5,4,0,0.75,,7,34.2,0,0,0,0
4244779,1981,7683,1978,"FI","",95,3,8,162,1,19,11,10,0.7273,0.68,0.8438,8,12.2727,0,0,0,0
4245735,1981,7690,1979,"FI","",,1,3,198,5,59,5,4,0.8,0.625,0.625,9,13.6,,,,
4245913,1981,7690,1978,"FI","",,1,14,356,4,43,6,4,0.8333,0.75,0.72,12,7.6667,,,,
4246018,1981,7690,1979,"FI","",36250,3,4,71,1,11,7,0,0.7143,,0.32,,27.2857,0,0,,
4246816,1981,7697,1978,"FI","",,1,5,83,5,51,5,2,0.6,0,0,5.5,22.2,,,,
4247504,1981,7697,1977,"FI","",424820,3,8,264,5,51,21,5,0.9524,0.64,0.49,8.8,7.5238,0,0,0,0
4247753,1981,7697,1978,"FI","",,1,2,219,4,49,7,2,0.4286,0.5,0.4444,14,18,,,,
4247990,1981,7704,1978,"FI","",603670,3,10,34,1,19,10,6,0.6,0.6111,0.7222,16,21.2,0,0,0,0
4247993,1981,7704,1978,"FI","",603670,3,6,34,1,19,4,15,1,0.7378,0.375,11.4,7.5,0,0,0.3077,0.2667
4248259,1981,7704,1977,"FI","",426415,2,2,137,6,69,3,4,0.3333,0.5,0,6.25,22.3333,0,0,0,0
4248699,1981,7704,1979,"FI","",310310,2,3,209,5,51,6,5,0.8333,0.48,0.32,9,11.3333,0.3333,0.1667,0,0
4249561,1981,7711,1979,"FI","",,1,6,137,6,69,6,3,0.6667,0.4444,0.5,13.3333,17.1667,,,,
4249856,1981,7711,1978,"FI","",,1,16,415,5,53,3,1,0.3333,0,0,4,27,,,,
4249961,1981,7711,1978,"FI","",,1,9,148,5,52,5,1,0.4,0,0.5,8,22.2,,,,
4250607,1981,7718,1978,"FI","",,1,6,29,5,52,5,8,0.8,0,0.375,10.375,12,,,,
4250627,1981,7718,1978,"FI","",554045,3,11,33,6,69,4,1,0.75,0,0.4444,4,11.5,0,0,0,0
4250736,1981,7718,1979,"FI","",,1,14,72,5,52,7,0,0.8571,,0.2778,,12.7143,,,,
4251916,1981,7725,1979,"FI","",,1,5,30,6,65,6,1,0.3333,0,0,6,38.6667,,,,
4251954,1981,7725,1979,"FI","",,1,2,49,5,59,1,0,0,,,,42,,,,
4251970,1981,7725,1978,"FI","",,1,16,52,6,69,12,4,0.25,0.375,0.4444,7,43.8333,,,,
4252346,1981,7725,1978,"FI","",,1,9,285,6,67,11,10,0.3636,0.6,0,11.2,34.5455,,,,
4255407,1981,7739,1979,"FI","",425020,3,4,423,1,19,4,9,0.5,0.7654,0.5,12.6667,21,0,0,0,0
4256991,1981,7746,1979,"FI","",423015,3,10,315,4,42,3,4,1,0.75,0.4444,7.5,8.6667,0,0,0,0
4257301,1981,7753,1979,"FI","",95,3,5,83,5,51,3,4,0.3333,0.5,0,7,58.3333,0,0,0,0
4257991,1981,7753,1978,"FI","",424820,3,4,264,5,51,6,7,0.8333,0.2449,0.32,5.8571,14,0,0,0,0
4258270,1981,7753,1979,"FI","",490095,3,9,290,4,45,5,2,0.8,0,0.625,13.5,17.8,0,0,0,0
4258592,1981,7760,1979,"FI","",199220,3,4,76,5,52,4,1,0,0,,11,54,0,0,1,1
4258593,1981,7760,1978,"FI","",424990,3,11,76,5,52,7,1,0.7143,0,0.32,5,13.2857,0,0,0,0
4258740,1981,7760,1978,"FI","",426415,2,2,137,6,69,7,3,0.1429,0.6667,0,11,22.7143,0,0,0,0
4259106,1981,7760,1979,"FI","",423780,3,7,75,5,52,5,3,1,0.6667,0.56,13.6667,6.8,0.2,0.2,0,0
4259180,1981,7760,1977,"FI","",175835,3,1,209,5,51,5,3,1,0.4444,0.48,16.6667,11.6,0,0,0,0
4259274,1981,7760,1978,"FI","",306065,3,16,264,5,51,6,21,1,0.6213,0.6667,9.9048,10,0,0,0,0
4259290,1981,7760,1979,"FI","",318750,3,8,422,1,19,3,8,1,0.6563,0.6667,8.75,8,0,0,0,0
4259632,1981,7760,1978,"FI","",423305,3,5,324,4,43,6,11,1,0.6942,0.6111,14,7.6667,0,0,0,0
4261127,1981,7774,1979,"FI","",,1,4,42,5,59,4,11,0.5,0.1653,0,11.6364,28.75,,,,
4263257,1981,7781,1979,"FI","",,1,3,422,1,19,8,3,0.875,0,0.2449,11.3333,9.75,,,,
4263949,1981,7788,1978,"FI","",,1,6,144,5,51,9,3,0.8889,0,0,18.6667,14.1111,,,,
4264426,1981,7788,1979,"FI","",195435,3,20,204,1,19,6,3,1,0,0.2778,9,4.1667,0,0,0,0
4264445,1981,7788,1979,"FI","",175835,3,2,210,1,19,2,7,0,0,,7.5714,26.5,0,0,0.2,0.1429
4265396,1981,7795,1978,"FI","",342255,3,1,236,6,69,2,0,1,,0.5,,5.5,0,0,,
4265705,1981,7795,1979,"FI","",603670,3,7,162,1,19,5,8,0.8,0.75,0.625,10.625,16.8,0,0,0,0
4265824,1981,7795,1979,"FI","",189915,3,6,552,1,14,3,3,0.3333,0.4444,0,11,23.3333,0,0,0.3333,0.3333
4266131,1981,7795,1979,"FI","",277105,3,5,250,4,44,3,8,1,0.6563,0,8.5,12,0,0,0,0
4266413,1981,7802,1980,"FI","",175835,3,5,68,6,63,3,18,0.6667,0.7469,0.5,9.6667,14.3333,0,0,0.1176,0.1111
4266483,1981,7802,1979,"FI","",603010,3,7,105,5,55,4,3,1,0,0,10.3333,10.25,0,0,0,0
4266512,1981,7802,1979,"FI","",423780,3,5,122,6,66,8,0,0.375,,0.6667,,21.125,0,0,,
4267018,1981,7802,1979,"FI","",603670,3,6,162,1,19,2,2,1,0,0,7,2.5,0,0,0.5,0.5
4267717,1981,7809,1979,"FI","",424990,3,6,70,6,65,1,8,0,0,,8.125,41,0,0,0.2,0.125
4267832,1981,7809,1979,"FI","",,1,5,128,3,32,2,5,1,0.48,0.5,8,13.5,,,,
4267877,1981,7809,1978,"FI","",423780,3,1,164,5,52,6,2,0.8333,0,0,11,13.1667,0,0,0,0
4268481,1981,7809,1980,"FI","",318825,3,3,422,1,19,4,6,0.5,0.5,0.5,10,17,0,0,0,0
4268589,1981,7809,1978,"FI","",267440,3,13,429,4,45,10,1,0.7,0,0,6,17.8,0,0,0,0
4269212,1981,7816,1979,"FI","",,1,12,137,6,69,6,5,0.6667,0.8,0.625,11.8,17.1667,,,,
4269435,1981,7816,1979,"FI","",,1,1,280,5,55,4,9,1,0.1975,0.75,9.1111,5.25,,,,
4270638,1981,7823,1979,"FI","",318970,3,14,192,5,53,5,1,0.8,0,0,7,12.4,0,0,1,1
4270703,1981,7823,1979,"FI","",424965,3,2,241,5,51,4,6,0.5,0.5,0.5,1.8333,32.75,0,0,0.5,0.5
4271300,1981,7823,1980,"FI","",421200,3,4,544,1,14,2,4,1,0.625,0,5.75,4,0,0,0.5,0.5
4271574,1981,7830,1979,"FI","",261280,3,16,492,5,59,6,7,1,0.6122,0.6111,6.2857,9.8333,0,0,0,0
4271601,1981,7830,1979,"FI","",603670,3,6,34,1,19,7,7,1,0.2449,0.2449,10,8.8571,0,0,0,0
4271882,1981,7837,1979,"FI","",,1,6,144,5,51,4,8,0.75,0.5313,0.6667,10.125,23.5,,,,
4272478,1981,7837,1979,"FI","",,1,4,422,1,19,5,13,1,0.6272,0.56,7.1538,5.6,,,,
4273562,1981,7837,1979,"FI","",95,3,4,95,1,13,7,17,0.4286,0.7889,0.4444,10.2353,22.8571,0,0,0,0
4273642,1981,7837,1979,"FI","",423780,3,2,204,1,19,3,1,0.3333,0,0,11,47.6667,0,0,0,0
4274210,1981,7844,1979,"FI","",603670,3,10,34,1,19,7,14,1,0.6224,0.2449,8.2857,8.8571,0,0,0,0
4274212,1981,7844,1979,"FI","",,4,7,37,6,64,4,0,0.25,,0,,43,,,,
4274600,1981,7844,1979,"FI","",424965,3,3,241,5,51,4,3,0.5,0.4444,0.5,2,32.75,0,0,0.6667,0.6667
4274743,1981,7844,1979,"FI","",,1,4,356,4,43,5,2,1,0.5,0.32,15,10,,,,
4274781,1981,7844,1979,"FI","",,1,14,414,5,51,3,2,0.6667,0,0,16,13,,,,
4275072,1981,7844,1979,"FI","",189910,3,12,514,3,31,0,0,,,,,,,,,
4276876,1981,7858,1979,"FI","",,1,8,128,3,32,6,8,1,0,0,11.5,11,,,,
4277626,1981,7858,1980,"FI","",,1,6,568,1,14,1,4,1,0.625,0,6.25,16,,,,
4278494,1981,7865,1980,"FI","",423780,3,12,159,1,19,4,2,0.25,0.5,0,14.5,28,0,0,0,0
4278885,1981,7865,1979,"FI","",423780,3,16,250,4,44,2,16,0.5,0.4609,0,10,14.5,0,0,0,0
4279827,1981,7872,1979,"FI","",424740,3,4,552,1,14,3,2,1,0,0.4444,10,4,0,0,0.5,0.5
4280567,1981,7879,1979,"FI","",424630,3,2,173,5,51,4,3,0.5,0.6667,0,7.6667,17.75,0,0,0,0
4281497,1981,7886,1979,"FI","",603835,3,6,52,6,69,9,5,0.7778,0.32,0.5714,12,23.2222,0,0,0,0
4281639,1981,7886,1980,"FI","",,1,2,126,6,66,5,9,0.8,0.1975,0,2.6667,8.4,,,,
4281695,1981,7886,1978,"FI","",442930,3,5,144,5,51,11,1,0.8182,0,0.5926,3,8.2727,0,0,1,1
4281945,1981,7886,1979,"FI","",,1,9,404,6,69,8,2,0.875,0.5,0.2449,8.5,12.25,,,,
4283821,1981,7900,1979,"FI","",424990,3,11,492,5,59,9,8,0.4444,0.75,0.625,9.25,22.5556,0,0,0,0
4283840,1981,7900,1979,"FI","",424945,3,9,29,5,52,5,2,1,0.5,0,10,12.8,0,0,0,0
4283950,1981,7900,1979,"FI","",318750,3,7,73,4,43,5,17,1,0.6021,0,11.3529,4.6,0.3333,0.2,0,0
4283951,1981,7900,1979,"FI","",,1,9,73,4,43,8,2,0,0,,17,55.25,,,,
4284604,1981,7900,1979,"FI","",318750,3,4,422,1,19,7,9,0.7143,0.4444,0.56,12.7778,11.8571,0,0,0,0
4284665,1981,7900,1979,"FI","",423780,3,7,427,1,12,6,7,0.3333,0.6122,0,2.4286,39,0,0,0,0
4285635,1981,7907,1979,"FI","",424805,3,3,416,1,19,4,1,0,0,,10,49.25,0,0,0,0
4285644,1981,7907,1979,"FI","",,1,8,418,5,53,6,0,0.6667,,0.625,,21.5,,,,
4285766,1981,7907,1979,"FI","",603670,3,20,162,1,19,3,6,0.6667,0.2778,0,11.1667,11.3333,0,0,0,0
4288100,1981,7921,1978,"FI","",,1,7,280,5,55,5,3,0.8,0.4444,0,12,12.4,,,,
4288101,1981,7921,1979,"FI","",185750,3,4,280,5,55,2,8,1,0.4063,0,7.625,14,0,0,0.25,0.125
4288485,1981,7921,1978,"FI","",,1,5,428,6,69,7,33,0.5714,0.5684,0.625,12.1875,21.8571,,,,
4289209,1981,7928,1979,"FI","",424965,3,8,173,5,51,7,2,0.5714,0,0,6.5,31.7143,0.3333,0.1429,1,1
4290315,1981,7935,1980,"FI","",195115,3,11,73,4,43,3,5,0.6667,0.32,0,2.6,13,0,0,0,0
4290722,1981,7935,1979,"FI","",,4,9,414,5,51,5,4,1,0.625,0.48,13.25,7.2,,,,
4290726,1981,7935,1979,"FI","",424865,3,5,414,5,51,2,12,1,0.2917,0,11.9167,4.5,0,0,0.1,0.0833
4290997,1981,7935,1979,"FI","",318750,3,2,422,1,19,5,15,1,0.6844,0.64,7.6,4.8,0,0,0,0
4291609,1981,7942,1979,"FI","",,1,8,86,5,59,2,1,1,0,0,17,9,,,,
4292123,1981,7942,1979,"FI","",175835,3,3,162,1,19,3,15,0.3333,0.7556,0,10.4,23.3333,0,0,0.1429,0.1333
4293176,1981,7949,1980,"FI","",,1,4,439,4,41,4,6,0.75,0.2778,0.4444,3.5,14.5,,,,
4295090,1981,7956,1979,"FI","",603020,3,7,324,4,43,4,3,0.75,0.6667,0.4444,10,10.75,0,0,0.3333,0.3333
4295091,1981,7956,1979,"FI","",603020,3,6,324,4,43,1,8,1,0.6563,0,8.375,8,0,0,0.1667,0.125
4296545,1981,7970,1980,"FI","",424715,3,6,29,5,52,6,0,0.1667,,0,,41,0,0,,
4296578,1981,7970,1979,"FI","",,1,14,52,6,69,3,5,1,0,0.4444,7,11.6667,,,,
4296627,1981,7970,1979,"FI","",20670,3,5,374,4,43,3,4,0.6667,0.375,0.5,8.5,15,0,0,0,0
4296980,1981,7970,1979,"FI","",,1,8,312,6,65,8,1,0.5,0,0.5,10,30.625,,,,
4297067,1981,7970,1980,"FI","",423780,3,9,414,5,51,2,0,1,,0,,7.5,0,0,,
4297711,1981,7970,1979,"FI","",,1,7,343,2,21,1,1,0,0,,11,31,,,,
4297751,1981,7977,1979,"FI","",424990,3,15,4,6,65,9,8,1,0.2188,0.4444,9.375,7.8889,0,0,0.25,0.125
4298539,1981,7977,1980,"FI","",189915,3,8,552,1,14,3,2,0.6667,0,0,7.5,10.6667,0.5,0.3333,0,0
4299107,1981,7984,1979,"FI","",215110,3,13,72,5,52,2,0,1,,0,,13.5,0,0,,
4299145,1981,7984,1980,"FI","",,1,8,81,5,59,4,1,0,0,,17,42.5,,,,
4299355,1981,7984,1980,"FI","",,1,12,239,5,59,7,8,0.7143,0.5625,0.32,7.5,11.4286,,,,
4299410,1981,7984,1979,"FI","",,1,10,281,6,69,1,18,1,0.7037,0,13,1,,,,
4299846,1981,7984,1980,"FI","",421200,3,6,514,3,31,3,10,0.3333,0.58,0,9.4,25,0,0,0,0
4301368,1981,7991,1980,"FI","",258025,3,9,250,4,44,5,4,1,0.375,0.56,4.75,6.4,0,0,0,0
4301582,1981,7998,1979,"FI","",603670,3,10,492,5,59,3,4,1,0,0.4444,6.75,9,0.3333,0.3333,0.25,0.25
4301923,1981,7998,1979,"FI","",,1,16,206,6,68,7,6,0.7143,0.6111,0.56,13.1667,16.7143,,,,
4302110,1981,7998,1979,"FI","",201795,3,4,366,1,19,6,2,0.6667,0.5,0.75,9.5,20.5,0,0,0,0
4302749,1981,7998,1979,"FI","",,1,5,367,2,21,3,3,1,0.6667,0.6667,12.3333,7.3333,,,,
4302918,1981,8005,1979,"FI","",428795,3,5,52,6,69,11,1,0.5455,0,0.7778,11,31.4545,0,0,0,0
4303259,1981,8005,1977,"FI","",6620,3,6,280,5,55,3,1,1,0,0,9,7.6667,0,0,0,0
4303825,1981,8005,1979,"FI","",,1,2,219,4,49,9,3,0.5556,0.6667,0.32,13.6667,18.1111,,,,
4303858,1981,8005,1979,"FI","",617465,3,3,250,4,44,2,2,1,0.5,0,11,5.5,0,0,0.5,0.5
4304138,1981,8012,1980,"FI","",318750,3,6,73,4,43,2,3,1,0.6667,0,10,2.5,0,0,0,0
4304405,1981,8012,1979,"FI","",,1,7,273,6,62,0,3,,0,,12.3333,,,,,
4304537,1981,8012,1980,"FI","",,1,2,425,5,51,10,3,0.5,0.4444,0.72,6.3333,19.5,,,,
4304578,1981,8012,1979,"FI","",277105,3,4,55,1,13,5,13,0.8,0.6864,0.625,9.8462,14.4,0,0,0,0
4304596,1981,8012,1980,"FI","",423780,3,5,423,1,19,1,1,1,0,0,6,8,0,0,1,1
4304995,1981,8012,1979,"FI","",424750,3,5,250,4,44,3,6,0.6667,0.7778,0,9.3333,14.3333,0,0,0,0
4305590,1981,8019,1980,"FI","",424965,3,10,277,6,67,8,5,1,0.64,0.4063,6.2,5,0.3333,0.25,0.5,0.2
4305818,1981,8019,1980,"FI","",424640,3,5,210,1,19,7,1,1,0,0,5,7.4286,0,0,0,0
4306618,1981,8026,1979,"FI","",423780,3,2,165,6,66,5,5,0,0,,8,36.4,0,0,0.5,0.2
4306912,1981,8026,1980,"FI","",201795,3,7,106,1,12,8,27,0.875,0.5158,0.2449,11.5556,7.375,0,0,0,0
4307827,1981,8033,1980,"FI","",215110,3,15,225,5,51,2,6,1,0.2778,0.5,9,4.5,0,0,0,0
4308058,1981,8033,1980,"FI","",423780,3,4,75,5,52,1,2,1,0,0,15,3,0,0,0,0
4308461,1981,8033,1979,"FI","",95,3,7,250,4,44,1,2,1,0.5,0,8,6,0,0,0,0
4309160,1982,8040,1980,"FI","",424820,3,5,425,5,51,8,8,1,0.6563,0.5938,8.625,6.875,0,0,0,0
4309283,1982,8040,1980,"FI","",175835,3,5,209,5,51,4,7,0.5,0.6939,0.5,7.8571,22.25,0,0,0,0
4311670,1982,8054,1980,"FI","",95,3,2,422,1,19,5,22,0.8,0.814,0.625,6.2727,12.6,0,0,0.1,0.0909
4313375,1982,8068,1979,"FI","",,1,16,100,5,59,3,2,0.3333,0.5,0,12.5,41,,,,
4313480,1982,8068,1980,"FI","",,1,9,144,5,51,5,2,0.8,0.5,0.375,10,13.4,,,,
4313849,1982,8068,1979,"FI","",423780,3,3,502,1,19,8,0,0.625,,0.64,,16.875,0,0,,
4314786,1982,8075,1980,"FI","",423780,3,15,414,5,51,1,1,1,0,0,9,4,0,0,0,0
4316353,1982,8089,1979,"FI","",,1,9,53,6,68,3,10,0.6667,0.6,0.5,9,12.3333,,,,
4317306,1982,8096,1980,"FI","",,1,6,446,6,62,6,0,0.3333,,0,,37.6667,,,,
4317347,1982,8096,1979,"FI","",424990,3,8,70,6,65,1,2,1,0,0,5.5,11,1,1,0,0
4317349,1982,8096,1980,"FI","",472890,3,4,72,5,52,6,0,0.6667,,0,,18.5,0,0,,
4317573,1982,8096,1979,"FI","",424990,3,4,277,6,67,5,4,0.2,0.75,0,10.25,44.6,0,0,0,0
4317715,1982,8096,1980,"FI","",423780,3,4,209,5,51,8,8,0.625,0,0,5.75,23.875,0,0,0,0
4317721,1982,8096,1980,"FI","",,1,1,210,1,19,5,1,0.8,0,0.5,17,11,,,,
4318463,1982,8103,1980,"FI","",255515,3,6,192,5,53,4,0,0.25,,0,,40,0,0,,
4318807,1982,8103,1980,"FI","",,4,14,209,5,51,2,0,0.5,,0,,17,,,,
4319023,1982,8103,1981,"FI","",563170,3,3,536,1,14,7,1,1,0,0.8163,12,3.7143,0,0,0,0
4319116,1982,8103,1979,"FI","",,1,10,219,4,49,3,3,0.3333,0,0,11.6667,24.6667,,,,
4319540,1982,8110,1979,"FI","",603670,3,5,114,5,55,2,0,1,,0,,10,0,0,,
4319841,1982,8110,1980,"FI","",318750,3,3,356,4,43,6,21,1,0.6213,0.6667,9.6667,7.1667,0,0,0,0
4320640,1982,8117,1979,"FI","",424990,3,8,70,6,65,3,3,1,0.4444,0,7,8,0.5,0.3333,0,0
4320766,1982,8117,1980,"FI","",277105,3,11,600,3,32,7,41,1,0.6282,0.5714,10,6.8571,0,0,0,0
4321109,1982,8117,1980,"FI","",603670,3,4,162,1,19,1,0,1,,0,,9,0,0,,
4321292,1982,8117,1980,"FI","",425010,3,8,428,6,69,8,2,0.625,0,0.56,8,17.875,0,0,0,0
4321879,1982,8124,1979,"FI","",,1,13,110,6,66,12,5,0.5833,0.56,0.2449,5.2,17.8333,,,,
4321883,1982,8124,1979,"FI","",,1,10,116,6,69,11,8,0.8182,0.6875,0.642,9.75,14,,,,
4323371,1982,8131,1980,"FI","",424990,3,11,95,1,13,7,13,1,0.6627,0.2449,9.9231,6.2857,0,0,0,0
4323541,1982,8131,1980,"FI","",423780,3,9,423,1,19,8,4,0.875,0.375,0.449,8.75,12.5,0,0,0,0
4323782,1982,8131,1980,"FI","",258025,3,10,378,4,44,4,7,1,0.449,0.375,10.8571,6.25,0,0,0,0
4324531,1982,8138,1979,"FI","",424640,3,1,417,5,53,2,4,1,0.625,0.5,11,10,0,0,0,0
4324659,1982,8138,1980,"FI","",175835,3,6,210,1,19,5,8,0.8,0.5625,0,7.875,10.6,0,0,0,0
4325477,1982,8145,1977,"FI","",442930,3,5,198,5,59,1,5,1,0,0,11.4,6,1,1,0,0
4325507,1982,8145,1980,"FI","",,1,5,383,6,68,5,11,0.6,0.562,0,11.3636,20.2,,,,
4325560,1982,8145,1979,"FI","",,5,4,280,5,55,9,3,0.4444,0.6667,0.625,10.3333,22,,,,
4326456,1982,8152,1980,"FI","",603670,3,17,100,5,59,2,3,1,0,0,7.3333,5.5,1,1,0,0
4326683,1982,8152,1979,"FI","",,1,9,244,5,55,5,1,0.2,0,0,7,35.2,,,,
4327844,1982,8159,1978,"FI","",,1,4,222,1,19,6,2,0.6667,0,0.625,16.5,19.5,,,,
4327870,1982,8159,1980,"FI","",424965,3,5,241,5,51,3,1,1,0,0,4,4,0,0,0,0
4328796,1982,8166,1980,"FI","",,1,5,128,3,32,6,2,0.6667,0,0,10,16.6667,,,,
4329587,1982,8166,1980,"FI","",556775,2,3,378,4,44,3,1,1,0,0,8,8,0,0,0,0
4329767,1982,8173,1980,"FI","",423780,3,9,29,5,52,4,5,1,0.32,0,12.4,8.75,0,0,0,0
4329813,1982,8173,1980,"FI","",155,3,12,47,6,61,9,1,1,0,0.642,10,9.5556,0,0,0,0
4330502,1982,8173,1980,"FI","",95,3,2,422,1,19,8,32,0.75,0.748,0.7778,8.25,11.25,0,0,0,0
4331087,1982,8180,1979,"FI","",423780,3,7,110,6,66,1,1,1,0,0,17,3,0,0,0,0
4332191,1982,8187,1980,"FI","",603670,3,14,100,5,59,6,8,0.6667,0,0,13.625,33.3333,0.6667,0.3333,0,0
4332192,1982,8187,1980,"FI","",424990,3,3,100,5,59,4,0,0.25,,0,,42.75,0,0,,
4332353,1982,8187,1979,"FI","",318995,3,3,241,5,51,5,5,0.4,0.48,0,13.8,20.2,0,0,0,0
4333301,1982,8194,1980,"FI","",424990,3,14,53,6,68,8,10,0.5,0.34,0.375,11.3,29.375,0,0,0,0
4333613,1982,8194,1980,"FI","",424965,3,7,241,5,51,3,2,1,0,0,6,4,0,0,0.5,0.5
4333800,1982,8194,1979,"FI","",482710,2,2,203,1,19,10,1,0.7,0,0.5714,7,22.7,0.5,0.1,0,0
4333947,1982,8194,1981,"FI","",189915,3,23,514,3,31,6,6,0.8333,0.5,0.56,7.3333,8.1667,0,0,0,0
4334845,1982,8201,1980,"FI","",247755,3,20,425,5,51,14,7,0.3571,0.6531,0.32,13.1429,26.3571,0,0,0,0
4335594,1982,8208,1980,"FI","",,1,10,69,6,63,3,0,0.6667,,0.5,,21.6667,,,,
4335604,1982,8208,1980,"FI","",110395,3,8,73,4,43,2,2,1,0,0,12,14.5,0,0,0,0
4335613,1982,8208,1980,"FI","",603020,3,9,73,4,43,1,19,0,0.6704,,8.9474,25,0,0,0.0588,0.0526
4335621,1982,8208,1980,"FI","",318750,3,4,73,4,43,4,8,0.75,0.6563,0.6667,6.875,20,0,0,0,0
4335759,1982,8208,1979,"FI","",630975,3,2,141,5,51,3,4,0.3333,0.375,0,13,30,0,0,0,0
4336189,1982,8208,1980,"FI","",424965,3,2,530,1,15,4,3,1,0.6667,0,4.6667,9.25,0,0,0,0
4336457,1982,8208,1979,"FI","",556775,2,7,378,4,44,2,0,0.5,,0,,16,0,0,,
4336700,1982,8215,1980,"FI","",424990,3,22,70,6,65,6,1,0.6667,0,0,18,19.3333,0,0,0,0
4336949,1982,8215,1976,"FI","",,1,4,280,5,55,2,2,1,0,0,11.5,11.5,,,,
4337464,1982,8215,1979,"FI","",603670,3,11,345,2,23,6,2,1,0.5,0.2778,9,3.8333,0,0,0,0
4338147,1982,8222,1980,"FI","",95,3,2,156,1,19,4,4,0.75,0.625,0.4444,11.75,13,0.3333,0.25,0,0
4339904,1982,8236,1979,"FI","",424990,3,7,53,6,68,6,6,0.6667,0.2778,0.75,9.1667,15.3333,0,0,0.1667,0.1667
4341235,1982,8243,1980,"FI","",,4,4,137,6,69,6,6,1,0.2778,0,14.3333,7.3333,,,,
4341271,1982,8243,1980,"FI","",424965,3,9,175,6,64,3,4,0.6667,0.5,0,8.5,16.3333,0,0,0.5,0.5
4341500,1982,8243,1980,"FI","",424865,3,2,414,5,51,1,4,1,0.375,0,11,2,0,0,0.25,0.25
4341586,1982,8243,1980,"FI","",424990,3,6,156,1,19,4,6,0.5,0,0,10,26,0,0,0,0
4342541,1982,8250,1981,"FI","",424820,3,1,416,1,19,3,1,1,0,0,9,15,0,0,0,0
4343227,1982,8257,1980,"FI","",424965,3,5,91,5,53,2,1,1,0,0,16,4.5,0.5,0.5,0,0
4343491,1982,8257,1980,"FI","",185750,3,4,280,5,55,2,0,1,,0,,5,1,0.5,,
4343708,1982,8257,1981,"FI","",465425,3,7,210,1,19,6,6,0.6667,0.4444,0,7.6667,11.3333,0,0,0,0
4344731,1982,8264,1980,"FI","",424865,3,5,414,5,51,3,7,1,0,0,11.5714,4.3333,0,0,0.1667,0.1429
4344848,1982,8264,1980,"FI","",175835,3,11,210,1,19,3,7,1,0,0,5.8571,2,0.5,0.3333,0,0
4345453,1982,8271,1979,"FI","",,1,10,72,5,52,8,3,0.75,0.4444,0.5,15,19,,,,
4346789,1982,8278,1980,"FI","",170040,3,18,187,5,55,2,5,1,0.32,0,6.8,4,0,0,0,0
4347236,1982,8278,1981,"FI","",421200,3,17,424,3,31,1,10,1,0.32,0,12.6,2,0,0,0,0
4347795,1982,8285,1979,"FI","",,1,11,108,6,69,4,1,0.75,0,0.4444,13,17.5,,,,
4348261,1982,8285,1981,"FI","",,1,11,203,1,19,2,2,1,0,0.5,2.5,14,,,,
4348588,1982,8285,1979,"FI","",617465,3,3,250,4,44,4,3,0.75,0,0.4444,11.6667,13,0,0,0.3333,0.3333
4349439,1982,8292,1981,"FI","",,1,9,210,1,19,4,4,1,0.375,0,6.5,5.75,,,,
4349660,1982,8292,1980,"FI","",726925,3,8,528,1,15,2,0,0.5,,0,,17,0,0,,
4349720,1982,8292,1979,"FI","",309845,3,6,219,4,49,3,14,1,0.2551,0,7.7143,5,0,0,0,0
4349858,1982,8292,1980,"FI","",170040,3,4,361,4,45,2,2,1,0.5,0.5,9.5,7.5,0,0,0,0
4350055,1982,8299,1980,"FI","",,1,3,74,5,59,3,7,1,0.7347,0,7.5714,14,,,,
4351172,1982,8306,1980,"FI","",424990,3,22,70,6,65,3,3,1,0,0,9.6667,5.6667,0.3333,0.3333,0.6667,0.6667
4351326,1982,8306,1980,"FI","",423780,3,1,128,3,32,6,2,0.8333,0.5,0.48,14.5,12.3333,0,0,0,0
4351825,1982,8306,1980,"FI","",421200,3,3,424,3,31,4,21,0.5,0.3356,0,8.8095,17.5,0,0,0,0
4352228,1982,8313,1980,"FI","",603670,3,9,492,5,59,4,6,1,0.5,0,10,8.25,0,0,0,0
4352659,1982,8313,1981,"FI","",40590,3,8,432,6,66,4,4,1,0.625,0.375,8.25,4.5,0,0,0,0
4353421,1982,8320,1980,"FI","",215110,3,5,172,6,64,6,2,0.8333,0,0,17.5,12,0,0,0,0
4353914,1982,8320,1980,"FI","",421200,3,2,514,3,31,3,0,0.6667,,0,,13,0,0,,
4354934,1982,8327,1981,"FI","",175835,3,1,210,1,19,8,2,0.875,0,0.2449,5.5,7.25,0,0,0,0
4355005,1982,8327,1981,"FI","",423780,3,3,423,1,19,6,3,0.8333,0.4444,0.56,10,12.6667,0.6,0.5,0,0
4355691,1982,8334,1980,"FI","",424965,3,5,173,5,51,4,3,1,0,0.375,14.6667,4.75,0.3333,0.25,0,0
4355704,1982,8334,1980,"FI","",170040,3,1,187,5,55,5,2,1,0.5,0.32,9.5,3.2,0,0,0,0
4357758,1982,8348,1980,"FI","",603670,3,29,34,1,19,4,11,0.75,0.6942,0,9.9091,17,0,0,0.1818,0.1818
4358009,1982,8348,1980,"FI","",,1,14,198,5,59,4,7,1,0.449,0.625,11.4286,10.25,,,,
4358026,1982,8348,1980,"FI","",287465,3,4,222,1,19,13,1,0.3077,0,0.75,4,28.0769,0,0,0,0
4358369,1982,8348,1981,"FI","",175835,3,8,209,5,51,5,5,0.4,0.48,0,8,29.6,0,0,0,0
4358821,1982,8348,1980,"FI","",,1,5,700,2,22,9,7,1,0.6122,0.716,6.7143,6.2222,,,,
4359430,1982,8355,1981,"FI","",552265,3,15,562,1,14,9,10,0.5556,0.78,0.64,8.8,17.1111,0.6667,0.2222,0,0
4359678,1982,8355,1980,"FI","",,1,35,323,4,45,6,1,0.8333,0,0.8,12,16.5,,,,
4360303,1982,8362,1980,"FI","",,1,10,414,5,51,6,9,1,0.1975,0.6111,10,11.1667,,,,
4360355,1982,8362,1980,"FI","",,1,7,493,5,51,9,3,0.8889,0,0.7813,7.3333,11.8889,,,,
4360694,1982,8362,1981,"FI","",322350,3,15,560,1,14,2,2,0.5,0.5,0,2.5,24.5,0,0,0.5,0.5
4360759,1982,8362,1979,"FI","",,1,5,313,4,42,5,0,0.8,,0.375,,19.8,,,,
4361144,1982,8369,1980,"FI","",,1,7,606,3,32,3,18,0.6667,0.1049,0.5,11.8333,23.3333,,,,
4361243,1982,8369,1981,"FI","",435465,3,2,215,6,68,2,9,1,0.5679,0,13.4444,7.5,0,0,0,0
4361448,1982,8369,1981,"FI","",465130,3,7,148,5,52,4,7,0.75,0.6939,0.4444,10.1429,10,0,0,0,0
4362416,1982,8376,1981,"FI","",424785,3,4,403,6,67,3,0,0.6667,,0.5,,22.6667,0,0,,
4362417,1982,8376,1980,"FI","",,1,8,403,6,67,4,1,0.75,0,0.4444,7,18,,,,
4362536,1982,8376,1981,"FI","",305015,2,7,95,1,13,15,9,0.7333,0.716,0.8099,11.2222,17.1333,0,0,0.1667,0.1111
4362702,1982,8376,1981,"FI","",423780,3,4,423,1,19,6,0,0.8333,,0.56,,12.6667,0.6,0.5,,
4363292,1982,8383,1980,"FI","",95,3,5,122,6,66,4,11,1,0.562,0,8,9.25,0,0,0,0
4363316,1982,8383,1980,"FI","",424990,3,12,126,6,66,7,4,0.1429,0.75,0,8.5,43.7143,0,0,0,0
4363348,1982,8383,1981,"FI","",,1,7,160,6,69,1,0,1,,0,,2,,,,
4363601,1982,8383,1980,"FI","",424820,3,12,416,1,19,3,2,0.3333,0.5,0,15,43,0,0,0,0
4364307,1982,8390,1980,"FI","",424990,3,7,92,5,53,5,2,0.2,0.5,0,9.5,33.8,0,0,0,0
4364415,1982,8390,1980,"FI","",396295,3,6,137,6,69,5,16,0.6,0.3047,0,13.125,23.2,0,0,0,0
4365256,1982,8390,1981,"FI","",,1,12,347,2,23,4,2,1,0.5,0.375,9,8.25,,,,
4365519,1982,8397,1980,"FI","",603670,3,8,73,4,43,3,2,0,0,,10.5,40,0,0,0,0
4365737,1982,8397,1977,"FI","",552265,3,3,229,6,68,6,0,0.5,,0.4444,,22.8333,0,0,,
4366127,1982,8397,1981,"FI","",423780,3,10,423,1,19,4,3,0.75,0.6667,0.4444,8.3333,16.75,0,0,0,0
4366213,1982,8397,1981,"FI","",,1,9,429,4,45,4,0,0.5,,0,,18.25,,,,
4366752,1983,8404,1981,"FI","",603670,3,4,100,5,59,2,8,1,0.5313,0,10.75,6.5,1,1,0,0
4366868,1983,8404,1979,"FI","",424965,3,2,173,5,51,8,5,0.625,0.32,0,10.2,25,0,0,0.3333,0.2
4367766,1983,8411,1980,"FI","",424990,3,11,137,6,69,10,3,0.4,0,0.5,10.6667,35.4,0,0,0,0
4368117,1983,8411,1981,"FI","",423780,3,5,209,5,51,19,1,0.6316,0,0.6111,2,17.6316,0,0,0,0
4369848,1983,8425,1979,"FI","",424965,3,2,173,5,51,5,2,1,0,0,8,6.6,0.6667,0.4,0,0
4369853,1983,8425,1980,"FI","",424990,3,7,180,5,55,3,1,1,0,0,11,8.6667,0,0,0,0
4369928,1983,8425,1980,"FI","",424820,3,3,242,5,51,5,6,0.8,0,0,9.1667,15.2,0,0,0,0
4370875,1983,8432,1979,"FI","",424990,3,14,70,6,65,3,6,0.6667,0,0,9.1667,22.6667,0,0,0,0
4372047,1983,8439,1980,"FI","",175835,3,3,30,6,65,7,2,0.2857,0.5,0.5,12,24.5714,0,0,0,0
4374120,1983,8446,1980,"FI","",617465,3,18,436,1,19,3,50,1,0.7808,0.4444,8.96,4,0,0,0.0667,0.06
4374360,1983,8446,1980,"FI","",,1,9,324,4,43,2,13,1,0.3905,0,6.1538,11.5,,,,
4375188,1983,8460,1981,"FI","",603670,3,6,100,5,59,5,8,0.6,0.2188,0,8.25,28,0.6667,0.4,0,0
4375802,1983,8467,1980,"FI","",,1,5,126,6,66,5,0,0.8,,0.5,,18.6,,,,
4375989,1983,8467,1981,"FI","",726925,3,7,106,1,12,4,33,1,0.6042,0.375,12.0909,13,0,0,0,0
4376008,1983,8467,1981,"FI","",,1,1,156,1,19,5,8,0.4,0.6563,0.5,9.875,26,,,,
4376352,1983,8474,1980,"FI","",424990,3,6,49,5,59,3,3,0.3333,0.6667,0,11.3333,18.6667,0,0,0,0
4377869,1983,8481,1981,"FI","",175835,3,3,378,4,44,5,2,0.8,0,0.375,3,9.6,0,0,1,1
4378120,1983,8488,1981,"FI","",,1,1,280,5,55,3,7,0.6667,0.6122,0,12.1429,25.6667,,,,
4378168,1983,8488,1981,"FI","",603020,3,23,374,4,43,2,11,1,0.7603,0.5,11.2727,9,0,0,0.1111,0.0909
4378196,1983,8488,1980,"FI","",424805,3,3,415,5,53,2,2,0.5,0,0,9.5,33.5,0,0,0,0
4380049,1983,8502,1980,"FI","",170040,3,6,701,2,22,4,6,1,0.5,0.625,9.5,8,0,0,0,0
4380275,1983,8509,1981,"FI","",170040,3,1,187,5,55,3,2,1,0,0.6667,6.5,13.6667,0,0,0,0
4380867,1983,8516,1981,"FI","",424785,3,11,427,1,12,2,0,0.5,,0,,20,0,0,,
4380901,1983,8516,1980,"FI","",318995,3,6,60,4,45,4,6,1,0.5,0.5,6.5,6,0,0,0,0
4380923,1983,8516,1981,"FI","",43555,3,6,72,5,52,6,2,0,0,,13.5,52.1667,0,0,0,0
4381217,1983,8516,1981,"FI","",424965,3,1,162,1,19,3,0,0.3333,,0,,35,1,0.3333,,
4381370,1983,8516,1981,"FI","",563170,7,6,525,1,15,7,1,0.7143,0,0.8,0,17.5714,0,0,0,0
4382054,1983,8523,1980,"FI","",,1,8,264,5,51,3,0,1,,0.4444,,5.6667,,,,
4382806,1983,8530,1981,"FI","",277105,3,2,95,1,13,2,5,1,0.72,0.5,11,3.5,0,0,0,0
4383979,1983,8537,1980,"FI","",423780,3,6,423,1,19,5,5,1,0.72,0.56,10,8.8,0.25,0.2,0.2,0.2
4384600,1983,8544,1980,"FI","",,1,1,144,5,51,4,1,0.5,0,0,5,50.25,,,,
4384666,1983,8544,1981,"FI","",603670,3,6,242,5,51,11,13,1,0.7219,0.4959,8.5385,6.4545,0.1,0.0909,0,0
4384921,1983,8544,1981,"FI","",95,3,2,162,1,19,4,1,0.5,0,0,8,21.75,0,0,0,0
4385038,1983,8544,1981,"FI","",423780,3,8,423,1,19,2,2,0.5,0,0,8.5,37,0,0,0,0
4385988,1983,8551,1982,"FI","",,1,8,210,1,19,6,6,1,0.7222,0.5,7,8.1667,,,,
4386045,1983,8551,1981,"FI","",40585,3,3,264,5,51,16,9,1,0.6914,0.5547,6.1111,5.5625,0,0,0,0
4387880,1983,8565,1981,"FI","",420265,3,4,251,5,53,6,11,0.5,0.5455,0.6667,6.7273,38.6667,0,0,0,0
4387908,1983,8565,1981,"FI","",,1,1,280,5,55,5,2,0.6,0.5,0.4444,11.5,13,,,,
4388111,1983,8565,1981,"FI","",423780,3,2,75,5,52,4,1,1,0,0,7,4.75,0,0,0,0
4388197,1983,8565,1981,"FI","",175835,3,3,210,1,19,4,5,0.75,0.56,0.4444,7.6,16.75,0.3333,0.25,0,0
4388354,1983,8565,1981,"FI","",,1,11,428,6,69,12,20,0.4167,0.5429,0.72,8.6842,25.1667,,,,
4388554,1983,8565,1981,"FI","",,5,4,313,4,42,2,1,0.5,0,0,4,17.5,,,,
4388943,1983,8572,1981,"FI","",603670,3,9,137,6,69,7,0,0.5714,,0.375,,19,0,0,,
4389159,1983,8572,1980,"FI","",424640,3,2,415,5,53,1,6,1,0.2778,0,8,9,0,0,0,0
4389764,1983,8579,1981,"FI","",425000,3,14,29,5,52,5,4,0.4,0.375,0.5,16,20,0,0,0,0
4389866,1983,8579,1981,"FI","",215110,3,8,72,5,52,10,0,0.5,,0,,24.3,0,0,,
4389973,1983,8579,1981,"FI","",424785,3,2,118,1,12,6,21,1,0.8027,0.6667,10.2381,8.3333,0,0,0,0
4390325,1983,8579,1980,"FI","",171200,3,4,417,5,53,8,6,0.625,0.6111,0.32,12.5,29.125,0,0,0,0
4390359,1983,8579,1981,"FI","",559960,3,13,65,5,51,3,2,1,0,0,10.5,12.3333,0,0,0.5,0.5
4391217,1983,8586,1981,"FI","",603670,3,10,118,1,12,3,0,1,,0.4444,,8.6667,0,0,,
4391455,1983,8586,1980,"FI","",424925,3,9,280,5,55,5,2,0.8,0.5,0.625,12.5,14.6,0,0,0,0
4391632,1983,8586,1981,"FI","",423780,3,7,75,5,52,3,2,0.6667,0.5,0,5,24,0,0,0,0
4391672,1983,8586,1981,"FI","",603670,3,15,162,1,19,3,10,0.6667,0.64,0.5,9.9,13.6667,0,0,0,0
4392885,1983,8593,1981,"FI","",423780,3,9,75,5,52,1,1,1,0,0,1,3,1,1,1,1
4393029,1983,8593,1981,"FI","",423780,3,4,423,1,19,7,1,1,0,0.6122,2,4.8571,0,0,0,0
4393297,1983,8593,1981,"FI","",,5,11,219,4,49,3,2,0.6667,0,0.5,8.5,25.3333,,,,
4393442,1983,8593,1980,"FI","",170040,3,4,363,4,45,5,2,1,0,0.32,9,10.2,0,0,0,0
4394164,1983,8600,1981,"FI","",423780,3,10,423,1,19,1,0,1,,0,,14,0,0,,
4394977,1983,8607,1981,"FI","",424965,3,5,241,5,51,6,2,1,0,0.2778,2.5,2.6667,0.25,0.1667,0,0
4395002,1983,8607,1981,"FI","",,1,10,244,5,55,4,1,0.5,0,0,14,34.5,,,,
4395207,1983,8607,1980,"FI","",603670,3,5,418,5,53,1,5,0,0.32,,12,21,0,0,0,0
4396161,1983,8614,1981,"FI","",175835,3,7,241,5,51,0,1,,0,,5,,,,0,0
4396864,1983,8614,1981,"FI","",424785,3,7,313,4,42,2,14,1,0.5612,0,7.3571,15,0,0,0,0
4398382,1983,8628,1981,"FI","",318750,3,3,53,6,68,9,2,0.6667,0.5,0.5,2.5,22.1111,0,0,0,0
4398411,1983,8628,1981,"FI","",43555,3,12,72,5,52,6,4,0,0,,15.25,57.5,0,0,0,0
4398450,1983,8628,1980,"FI","",424865,3,8,91,5,53,4,4,0.5,0,0.5,10.25,25.25,0,0,0,0
4399876,1983,8635,1981,"FI","",424965,3,8,173,5,51,5,3,0.8,0.4444,0.625,11.6667,14.6,1,0.2,0,0
4400130,1983,8635,1981,"FI","",603670,3,12,414,5,51,2,1,1,0,0,4,6.5,0,0,1,1
4402233,1983,8649,1981,"FI","",603670,3,8,74,5,59,7,9,1,0.5185,0.2449,7.6667,9.1429,0,0,0,0
4402557,1983,8649,1981,"FI","",424965,3,7,384,5,59,3,2,0.3333,0.5,0,3.5,27.6667,0,0,0,0
4403219,1983,8649,1981,"FI","",164560,3,4,340,2,21,5,2,0.8,0.5,0.75,7,13.2,0,0,0,0
4403944,1983,8656,1979,"FI","",,1,1,431,6,66,3,3,1,0,0.6667,14.6667,7,,,,
4404369,1983,8656,1982,"FI","",397090,3,8,536,1,14,9,19,0.1111,0.6094,0,4.7895,43.7778,0,0,0.4444,0.4211
4404917,1983,8663,1981,"FI","",328735,3,11,111,6,61,5,2,0.6,0,0.4444,8,30.2,0,0,0,0
4405206,1983,8663,1981,"FI","",326055,3,2,359,5,54,2,2,0.5,0,0,6.5,19.5,0,0,0,0
4405259,1983,8663,1981,"FI","",603670,3,11,405,6,64,2,1,0.5,0,0,3,18,0,0,0,0
4406556,1983,8670,1980,"FI","",463600,3,4,403,6,67,2,1,0.5,0,0,3,16.5,0,0,0,0
4406739,1983,8670,1981,"FI","",603670,3,14,162,1,19,3,11,1,0.3967,0,12.7273,10,0.5,0.3333,0,0
4406741,1983,8670,1981,"FI","",603670,3,8,162,1,19,4,4,1,0.375,0,12.25,3.5,0.75,0.75,0,0
4407227,1983,8677,1981,"FI","",603670,3,14,118,1,12,3,4,0.6667,0.375,0.5,10,18,0,0,0,0
4408170,1983,8677,1981,"FI","",,1,10,333,2,21,5,4,1,0,0.56,12,13.4,,,,
4408547,1983,8684,1982,"FI","",,1,3,110,6,66,5,4,0.6,0,0,5.75,22,,,,
4410337,1983,8691,1980,"FI","",95,3,8,95,1,13,12,26,0.5,0.7988,0.7778,9.5769,27.3333,0,0,0,0
4411146,1983,8698,1981,"FI","",423780,3,11,72,5,52,6,7,0.5,0,0.4444,7.4286,37,0,0,0,0
4411631,1983,8698,1981,"FI","",424990,3,14,440,5,55,5,1,0.2,0,0,14,54.4,0,0,0,0
4412023,1983,8698,1981,"FI","",575575,3,6,524,1,15,6,0,0.8333,,0.72,,13,0,0,,
4412373,1983,8705,1980,"FI","",423780,3,5,29,5,52,8,0,0.375,,0,,22.625,0,0,,
4412441,1983,8705,1982,"FI","",215110,3,4,72,5,52,6,0,1,,0.4444,,7.6667,0,0,,
4412451,1983,8705,1982,"FI","",423780,3,7,73,4,43,6,18,0.6667,0.2037,0,4.6667,14.3333,0,0,0.0625,0.0556
4412917,1983,8705,1981,"FI","",277105,3,7,210,1,19,2,14,1,0.2551,0,10.7857,9.5,0,0,0,0
4413022,1983,8705,1979,"FI","",87490,3,5,117,1,19,8,17,1,0.7266,0.6875,13.5294,10.375,0,0,0.0625,0.0588
4413485,1983,8712,1981,"FI","",215110,3,9,72,5,52,4,3,1,0.4444,0,13.6667,9.75,0,0,0,0
4413495,1983,8712,1981,"FI","",423780,3,6,72,5,52,7,4,0.4286,0,0.4444,8.75,25.5714,0,0,0.25,0.25
4413816,1983,8712,1981,"FI","",423780,3,5,266,5,52,3,0,1,,0.4444,,5.6667,0,0,,
4413943,1983,8712,1981,"FI","",,1,5,414,5,51,3,4,0.6667,0.625,0,9.5,16,,,,
4414062,1983,8712,1981,"FI","",603670,3,8,162,1,19,5,8,1,0,0,7.125,10.8,0.3333,0.2,0,0
4414619,1983,8712,1980,"FI","",170040,3,3,363,4,45,4,3,1,0.4444,0,9.6667,11,0,0,0.3333,0.3333
4414835,1983,8719,1981,"FI","",215110,3,13,72,5,52,5,2,1,0.5,0,16.5,8.2,0,0,0,0
4415659,1983,8719,1982,"FI","",424585,3,2,435,3,33,4,1,0.75,0,0,13,16,0,0,0,0
4416036,1983,8726,1982,"FI","",185750,3,3,24,6,63,3,2,1,0.5,0,10,5.3333,1,0.3333,0,0
4416070,1983,8726,1981,"FI","",603670,3,2,34,1,19,8,8,0.375,0.4063,0.4444,8.5,39,0,0,0.25,0.25
4416422,1983,8726,1981,"FI","",165900,3,6,239,5,59,4,1,0.25,0,0,14,63.75,0,0,0,0
4416731,1983,8726,1982,"FI","",603670,3,9,162,1,19,3,5,1,0,0,7.2,15,0,0,0,0
4416933,1983,8726,1982,"FI","",424785,3,6,428,6,69,2,27,1,0.7572,0,6.4074,17.5,0,0,0,0
4418118,1983,8733,1982,"FI","",424785,3,8,428,6,69,4,27,0.75,0.7956,0.4444,6.963,14,0,0,0,0
4419109,1983,8740,1982,"FI","",175835,3,5,96,1,13,8,2,0.625,0.5,0.48,11,22.75,0,0,0,0
4419764,1983,8740,1981,"FI","",277105,3,7,378,4,44,3,5,1,0,0,7,11.3333,0,0,0,0
4419890,1983,8747,1981,"FI","",590865,3,1,73,4,43,3,2,0.6667,0,0.5,4,19.3333,0,0,1,1
4420427,1983,8747,1982,"FI","",424740,3,10,552,1,14,2,2,0.5,0.5,0,8.5,14.5,0,0,0,0
4421064,1983,8754,1981,"FI","",,1,3,122,6,66,8,3,1,0.4444,0.5,6.3333,4,,,,
4421364,1983,8754,1981,"FI","",,1,9,312,6,65,16,1,0.375,0,0.6111,16,36.25,,,,
4421595,1983,8754,1982,"FI","",636985,3,3,162,1,19,4,2,1,0,0.375,1.5,3.5,0,0,0,0
4421605,1983,8754,1982,"FI","",424650,3,11,202,1,19,7,3,0.8571,0.4444,0.2778,6,13.1429,0,0,1,0.3333
4422579,1983,8761,1981,"FI","",,1,9,241,5,51,2,1,0.5,0,0,5,24.5,,,,
4422899,1983,8761,1981,"FI","",476645,3,2,159,1,19,9,5,0.5556,0.56,0.48,7.8,32.7778,0,0,0,0
4422974,1983,8761,1982,"FI","",424740,3,4,552,1,14,3,1,1,0,0,8,3.3333,0.5,0.3333,0,0
4424645,1984,8775,1981,"FI","",189915,3,11,47,6,61,7,9,0.8571,0.3457,0,8.7778,11.4286,0,0,0,0
