4424959,1984,8775,1982,"FI","",423780,3,4,266,5,52,3,0,0.6667,,0,,25,0,0,,
4424973,1984,8775,1983,"FI","",424890,3,6,277,6,67,4,5,0.75,0.56,0,5,16.25,0,0,0.2,0.2
4425109,1984,8775,1981,"FI","",424820,3,8,493,5,51,3,3,1,0.6667,0.6667,13,11.6667,0,0,0,0
4425786,1984,8782,1980,"FI","",603840,3,8,73,4,43,6,0,0.3333,,0,,30,0,0,,
4425861,1984,8782,1981,"FI","",,1,3,114,5,55,5,3,0.8,0,0,4.3333,14.6,,,,
4426103,1984,8782,1981,"FI","",,1,6,285,6,67,4,9,0.75,0.3704,0.4444,8.5556,20,,,,
4426257,1984,8782,1981,"FI","",95,3,4,162,1,19,6,3,1,0,0,8.3333,10.3333,0,0,0,0
4427212,1984,8789,1982,"FI","",180100,3,2,280,5,55,3,1,0.6667,0,0,14,18.6667,0,0,0,0
4427429,1984,8789,1982,"FI","",476105,3,12,65,5,51,4,0,0.75,,0.4444,,17.75,0,0,,
4427769,1984,8789,1981,"FI","",326055,3,5,435,3,33,5,25,1,0.6048,0.56,11.04,6.2,0,0,0,0
4428324,1984,8796,1982,"FI","",,1,12,119,6,61,4,3,0.5,0,0,12,35,,,,
4428534,1984,8796,1981,"FI","",424965,3,6,241,5,51,4,1,1,0,0.5,3,4.25,0.3333,0.25,0,0
4428699,1984,8796,1982,"FI","",,1,8,405,6,64,4,4,1,0.375,0.75,6,10,,,,
4429709,1984,8803,1981,"FI","",,1,12,137,6,69,7,1,0.4286,0,0.4444,9,35.5714,,,,
4429819,1984,8803,1981,"FI","",603670,3,1,226,5,51,4,2,0.25,0.5,0,10.5,50.5,0,0,0,0
4430144,1984,8803,1980,"FI","",,1,3,156,1,19,3,1,0.3333,0,0,13,31.3333,,,,
4430210,1984,8803,1981,"FI","",465425,3,7,209,5,51,15,17,0.2667,0.4706,0.625,8.2353,47.1333,0,0,0.0769,0.0588
4430694,1984,8803,1981,"FI","",95,3,3,362,4,42,6,7,0.5,0.6939,0.4444,9.2857,44,0,0,0,0
4430880,1984,8810,1981,"FI","",423780,3,4,72,5,52,3,0,0.6667,,0.5,,18,0,0,,
4431239,1984,8810,1981,"FI","",,1,3,312,6,65,11,2,0.4545,0,0.72,10.5,34.8182,,,,
4431293,1984,8810,1981,"FI","",,1,5,396,5,54,9,4,0.6667,0.375,0.5,6.75,19.1111,,,,
4431307,1984,8810,1981,"FI","",326055,3,1,356,4,43,3,29,1,0.7253,0.4444,8.8276,6.6667,0,0,0.0741,0.069
4431501,1984,8810,1981,"FI","",423780,3,3,204,1,19,8,9,0.625,0.4444,0.48,10.6667,15.5,0,0,0,0
4431581,1984,8810,1981,"FI","",,1,17,530,1,15,2,2,1,0.5,0,3.5,4,,,,
4431614,1984,8810,1981,"FI","",423780,3,1,423,1,19,7,5,0.4286,0.32,0,7,37,0,0,0,0
4431924,1984,8810,1981,"FI","",326055,3,3,250,4,44,3,5,1,0.64,0.6667,11.2,8.3333,0,0,0,0
4432403,1984,8817,1981,"FI","",318995,3,17,144,5,51,3,6,0.3333,0.2778,0,7.3333,26.6667,0,0,0,0
4432502,1984,8817,1981,"FI","",603020,3,9,242,5,51,2,1,0.5,0,0,14,20.5,0,0,0,0
4432515,1984,8817,1981,"FI","",603670,3,9,244,5,55,8,0,0.75,,0.6111,,20,0,0,,
4432805,1984,8817,1982,"FI","",424965,3,8,127,1,11,8,8,0.75,0.75,0.5,9.5,18.375,0,0,0,0
4432835,1984,8817,1982,"FI","",95,3,9,162,1,19,3,3,1,0,0,8.6667,10.3333,0,0,0,0
4432874,1984,8817,1982,"FI","",,1,13,210,1,19,11,5,0.5455,0.56,0.5,8.8,30.5455,,,,
4435122,1984,8831,1981,"FI","",95,3,2,415,5,53,2,10,1,0.58,0,7.1,12.5,0,0,0.1111,0.1
4435193,1984,8831,1982,"FI","",305005,3,25,95,1,13,12,27,0.5,0.7737,0.7778,7,28.3333,0,0,0.1481,0.1481
4435457,1984,8831,1982,"FI","",559940,3,6,428,6,69,1,9,1,0.716,0,9,1,0,0,0.125,0.1111
4437245,1984,8845,1982,"FI","",,1,3,37,6,64,11,2,0.7273,0.5,0.6563,4.5,20.7273,,,,
4437565,1984,8845,1981,"FI","",342255,3,2,198,5,59,2,1,0.5,0,0,5,29.5,0,0,0,0
4438984,1984,8852,1982,"FI","",,1,3,384,5,59,5,6,0.2,0.7778,0,10.8333,38.6,,,,
4439039,1984,8852,1982,"FI","",164560,3,3,356,4,43,2,2,1,0,0.5,12,9,0,0,0,0
4440507,1984,8859,1982,"FI","",603670,3,11,374,4,43,2,1,1,0,0,14,10.5,0,0,0,0
4440598,1984,8859,1981,"FI","",603670,3,18,162,1,19,6,10,1,0,0,9.7,4.5,0.8333,0.8333,0.3333,0.3
4441263,1984,8866,1981,"FI","",603670,3,6,34,1,19,7,43,1,0.132,0.2449,10.5116,8.5714,0.3333,0.2857,0.0476,0.0465
4441536,1984,8866,1980,"FI","",,1,10,144,5,51,10,2,0.5,0.5,0.32,5,34.9,,,,
4441537,1984,8866,1981,"FI","",442930,3,6,144,5,51,6,11,1,0.6281,0.4444,11.1818,7,0.2,0.1667,0,0
4442479,1984,8866,1982,"FI","",309845,3,1,363,4,45,3,3,1,0,0,8.6667,15,0,0,0,0
4443466,1984,8873,1981,"FI","",189915,3,141,514,3,31,1,3,0,0,,3.3333,25,0,0,0.3333,0.3333
4443878,1984,8873,1981,"FI","",423780,3,15,373,6,66,2,0,1,,0.5,,8.5,0,0,,
4443958,1984,8880,1982,"FI","",,1,4,37,6,64,5,1,0.2,0,0,3,43.4,,,,
4443983,1984,8880,1982,"FI","",,1,3,52,6,69,3,1,0,0,,12,49.3333,,,,
4444131,1984,8880,1982,"FI","",577095,3,2,111,6,61,4,4,0.5,0,0,9,29.5,0,0,0,0
4444525,1984,8880,1981,"FI","",,1,2,403,6,67,9,5,0,0.48,,9.6,54.5556,,,,
4444529,1984,8880,1982,"FI","",397090,3,8,405,6,64,8,0,0.625,,0.64,,17,0,0,,
4445299,1984,8887,1981,"FI","",424990,3,10,49,5,59,3,3,0.3333,0.6667,0,11,22.6667,0,0,0,0
4445423,1984,8887,1981,"FI","",424865,3,9,91,5,53,4,1,0.5,0,0.5,13,26.25,0,0,0,0
4446356,1984,8887,1981,"FI","",424710,3,10,392,4,41,12,3,0.6667,0.4444,0.6563,9.3333,19.25,0,0,0,0
4448790,1984,8901,1982,"FI","",424985,3,10,426,6,61,10,8,1,0.5625,0.56,8.5,10.1,0,0,0,0
4449225,1984,8901,1982,"FI","",,1,5,378,4,44,1,2,1,0.5,0,11,2,,,,
4449557,1984,8908,1982,"FI","",95,3,4,144,5,51,2,14,1,0.5612,0,10,2.5,1,0.5,0,0
4449848,1984,8908,1983,"FI","",,1,2,405,6,64,6,1,0.3333,0,0.5,1,20.3333,,,,
4450106,1984,8908,1983,"FI","",201795,3,3,530,1,15,11,3,1,0.4444,0.562,5.3333,8.0909,0,0,0.3333,0.3333
4450726,1984,8915,1982,"FI","",,1,10,73,4,43,4,0,0.75,,0,,19.75,,,,
4451291,1984,8915,1982,"FI","",423780,3,19,75,5,52,3,5,1,0.56,0,9.4,9.3333,0,0,0.2,0.2
4452023,1984,8922,1981,"FI","",463610,3,3,52,6,69,7,6,0.8571,0.6111,0.5,8,16.4286,0,0,0,0
4452383,1984,8922,1982,"FI","",,1,3,224,6,68,11,1,0.0909,0,0,9,63.7273,,,,
4452430,1984,8922,1982,"FI","",,1,12,254,5,59,7,5,0.8571,0.48,0.6667,5.4,10.4286,,,,
4452434,1984,8922,1982,"FI","",423780,3,7,266,5,52,3,0,0,,,,70.3333,0,0,,
4452647,1984,8922,1981,"FI","",603670,3,3,148,5,52,4,6,0.75,0.7222,0.6667,9.1667,13.25,0,0,0,0
4452668,1984,8922,1982,"FI","",603670,3,10,162,1,19,6,5,0.6667,0,0,6,20.6667,0,0,0.4,0.4
4452669,1984,8922,1982,"FI","",603670,3,14,162,1,19,4,4,1,0.375,0,6.25,6,0.6667,0.5,0,0
4452762,1984,8922,1981,"FI","",423780,3,3,423,1,19,5,3,0.6,0.4444,0.6667,7,21.4,0.5,0.2,0.5,0.3333
4452902,1984,8922,1981,"FI","",326055,3,15,436,1,19,6,7,1,0.5714,0.6667,6.2857,7.3333,0,0,0,0
4453487,1984,8929,1982,"FI","",,1,8,114,5,55,5,3,0.6,0,0.6667,8.3333,22.4,,,,
4453871,1984,8929,1982,"FI","",,1,3,414,5,51,7,2,0.7143,0,0.56,9.5,19.2857,,,,
4453878,1984,8929,1982,"FI","",424865,3,4,414,5,51,2,12,1,0.4028,0,7.3333,5.5,0,0,0.1,0.0833
4454672,1984,8936,1982,"FI","",,1,6,42,5,59,4,4,0,0.375,,5.75,52,,,,
4455015,1984,8936,1983,"FI","",,5,11,266,5,52,7,1,0.5714,0,0,3,17.7143,,,,
4455105,1984,8936,1982,"FI","",,1,5,405,6,64,8,2,1,0,0.6563,3,10.5,,,,
4456190,1984,8943,1981,"FI","",424990,3,15,242,5,51,5,15,1,0.32,0,10.5333,9,0,0,0.1667,0.1333
4456749,1984,8943,1983,"FI","",397090,3,4,536,1,14,4,12,0.5,0.5139,0.5,4.3333,23.5,0.5,0.25,0.4545,0.4167
4456750,1984,8943,1983,"FI","",95,3,7,536,1,14,2,1,0.5,0,0,1,35,0,0,0,0
4456855,1984,8943,1982,"FI","",424715,3,8,315,4,42,4,2,1,0,0,5.5,3.75,0,0,0,0
4458284,1984,8950,1982,"FI","",510565,3,5,361,4,45,4,0,1,,0.375,,5.5,0,0,,
4458352,1984,8950,1982,"FI","",423780,3,8,373,6,66,1,1,0,0,,5,44,0,0,0,0
4458360,1984,8950,1982,"FI","",175835,3,4,378,4,44,2,0,1,,0,,3,1,0.5,,
4458382,1984,8957,1982,"FI","",,1,8,19,1,11,7,0,0.1429,,0,,36.7143,,,,
4458567,1984,8957,1982,"FI","",95,3,6,83,5,51,7,9,0.8571,0.4938,0.6667,9,11.8571,0,0,0,0
4459315,1984,8957,1983,"FI","",,1,6,426,6,61,6,4,0.6667,0,0,9,20.5,,,,
4459483,1984,8957,1982,"FI","",617465,3,5,250,4,44,3,0,1,,0,,9,0,0,,
4459835,1984,8964,1982,"FI","",424990,3,15,70,6,65,3,1,0,0,,3,82,0,0,0,0
4459907,1984,8964,1982,"FI","",95,3,4,100,5,59,2,2,0.5,0,0,7,19,0,0,0,0
4460110,1984,8964,1982,"FI","",180095,3,10,222,1,19,2,2,0.5,0.5,0,14.5,27,0,0,0,0
4460171,1984,8964,1982,"FI","",352975,3,4,482,5,59,6,3,0.6667,0.4444,0,9,25.6667,0,0,0,0
4460180,1984,8964,1983,"FI","",423780,3,9,277,6,67,7,0,0.5714,,0,,26.4286,0,0,,
4460415,1984,8964,1982,"FI","",324295,3,3,148,5,52,2,2,1,0.5,0.5,9,8,0,0,0,0
4460849,1984,8964,1982,"FI","",,1,4,315,4,42,6,2,1,0,0,10,5.3333,,,,
4461095,1984,8971,1982,"FI","",424965,3,8,34,1,19,3,25,1,0.5312,0.4444,10.48,12.6667,1,0.3333,0.1053,0.08
4461700,1984,8971,1982,"FI","",95,3,5,209,5,51,3,0,0.6667,,0.5,,22.6667,0,0,,
4461708,1984,8971,1982,"FI","",175835,3,5,210,1,19,2,8,1,0,0,5.875,11,0,0,0,0
4462744,1984,8978,1981,"FI","",342255,3,5,414,5,51,4,0,0.75,,0.4444,,19,0,0,,
4463251,1984,8978,1982,"FI","",424990,3,14,235,5,59,11,6,1,0.5,0.314,10.1667,6.6364,0,0,0,0
4464226,1984,8985,1982,"FI","",603670,3,9,162,1,19,2,3,1,0,0.5,8.6667,10,0,0,0.3333,0.3333
4464344,1984,8985,1981,"FI","",,1,8,423,1,19,11,4,0.5455,0.625,0.2778,5.75,30.5455,,,,
4464764,1984,8985,1982,"FI","",423780,3,6,373,6,66,3,2,0.6667,0,0,12,23.6667,0,0,0,0
4465512,1984,8992,1983,"FI","",423780,3,5,75,5,52,1,0,1,,0,,10,0,0,,
4466053,1984,8992,1981,"FI","",170040,3,4,363,4,45,4,0,1,,0,,9.5,0,0,,
4466293,1984,8999,1982,"FI","",424890,3,8,73,4,43,2,1,0.5,0,0,7,21.5,0,0,0,0
4466298,1984,8999,1982,"FI","",326055,3,9,73,4,43,4,5,1,0.48,0.375,6.2,5,0,0,0.6,0.6
4466826,1984,8999,1983,"FI","",423865,3,10,75,5,52,1,4,1,0.625,0,5.75,3,0,0,0,0
4466856,1984,8999,1983,"FI","",465465,3,1,156,1,19,2,4,1,0,0.5,6,17.5,0,0,0,0
4468872,1984,9013,1983,"FI","",320285,3,3,37,6,64,7,1,0.4286,0,0.6667,4,50.5714,0,0,0,0
4469493,1984,9013,1982,"FI","",423780,3,3,95,1,13,7,17,0.7143,0.4637,0.8,9.0588,14.4286,0,0,0,0
4469726,1984,9013,1982,"FI","",,1,10,428,6,69,4,7,0.75,0.7347,0.6667,8.5714,9,,,,
4470183,1984,9020,1982,"FI","",424990,3,9,492,5,59,3,0,1,,0.4444,,9.3333,0,0,,
4470475,1984,9020,1983,"FI","",319010,3,9,180,5,55,3,6,1,0.5,0,6.5,13,0,0,0,0
4470579,1984,9020,1981,"FI","",185750,3,10,256,6,65,6,4,0.8333,0.625,0,9.5,12.5,0,0,0,0
4470957,1984,9020,1982,"FI","",424965,3,9,423,1,19,2,0,1,,0.5,,7,0.5,0.5,,
4472244,1984,9027,1982,"FI","",603670,3,17,162,1,19,4,4,1,0,0.375,6,6.25,0.25,0.25,0.5,0.5
4473396,1984,9034,1983,"FI","",158405,3,8,423,1,19,1,0,1,,0,,4,0,0,,
4474113,1984,9041,1982,"FI","",424915,3,3,102,1,19,8,5,0.625,0.56,0,6,19.375,0,0,0,0
4474643,1984,9041,1979,"FI","",16365,2,2,162,1,19,5,8,0.4,0.5938,0.5,16.5,25.8,0,0,0,0
4474654,1984,9041,1983,"FI","",423780,3,8,205,1,19,1,2,0,0,,2.5,88,0,0,0,0
4474735,1984,9041,1982,"FI","",423780,3,8,423,1,19,8,1,1,0,0.4063,5,6.5,0,0,0,0
4475644,1984,9048,1982,"FI","",442930,3,13,198,5,59,5,0,0.6,,0,,15.4,0,0,,
4475947,1984,9048,1983,"FI","",423780,3,7,266,5,52,4,3,1,0,0.375,10.3333,2.25,0,0,0,0
4476114,1984,9048,1983,"FI","",421200,3,5,424,3,31,3,3,0.3333,0,0,6.6667,23,0,0,0,0
4476886,1984,9055,1982,"FI","",305005,3,20,137,6,69,4,6,0.5,0.6667,0.5,6.5,23.5,0,0,0,0
4478394,1984,9062,1983,"FI","",423780,3,3,266,5,52,2,0,1,,0.5,,11.5,1,0.5,,
4478616,1984,9062,1982,"FI","",,1,6,96,1,13,11,2,0.7273,0,0.5313,5.5,22.5455,,,,
4478802,1984,9062,1983,"FI","",423780,3,9,423,1,19,4,1,0.75,0,0,8,21.75,0,0,0,0
4479278,1984,9069,1982,"FI","",,1,4,15,6,69,3,9,0,0,,14.2222,48,,,,
4480283,1984,9069,1981,"FI","",170040,3,5,361,4,45,5,1,1,0,0.32,6,5.6,0,0,0,0
4480667,1984,9076,1982,"FI","",494475,3,7,144,5,51,2,3,0,0.4444,,12,37,0,0,0,0
4481074,1984,9076,1982,"FI","",465425,3,7,162,1,19,2,0,0.5,,0,,14,0,0,,
4481078,1984,9076,1982,"FI","",603670,3,4,162,1,19,2,5,0.5,0,0,5.2,23,0,0,0.4,0.4
4481650,1984,9076,1982,"FI","",277105,3,18,378,4,44,7,1,1,0,0.2449,9,5.4286,0,0,0,0
4481723,1984,9083,1981,"FI","",603670,3,17,34,1,19,8,21,0.625,0.0907,0.32,11,21.75,0.5,0.125,0,0
4482250,1984,9083,1981,"FI","",22010,3,1,356,4,43,3,13,0.6667,0.568,0.5,9.3846,13.3333,0,0,0,0
4482430,1984,9083,1983,"FI","",424965,3,10,162,1,19,3,14,1,0.2551,0,9.1429,9,0,0,0,0
4483586,1984,9090,1982,"FI","",318755,3,5,359,5,54,2,3,1,0.6667,0,7,8.5,0,0,0,0
4483827,1984,9090,1982,"FI","",423780,3,6,423,1,19,4,4,0.75,0.375,0,11.25,8.5,0,0,0,0
4484359,1984,9097,1983,"FI","",637270,3,12,2,6,63,8,12,0.875,0,0,8.3333,14.25,0,0,0,0
4484478,1984,9097,1982,"FI","",,1,16,73,4,43,7,8,1,0.6563,0.4082,8.875,5.8571,,,,
4484982,1984,9097,1983,"FI","",424965,3,13,162,1,19,5,6,1,0.5,0.72,10,17,0,0,0.1667,0.1667
4485482,1984,9097,1982,"FI","",424820,3,2,378,4,44,1,1,1,0,0,4,13,0,0,0,0
4485513,1984,9104,1983,"FI","",611075,3,13,15,6,69,1,0,1,,0,,13,0,0,,
4485540,1984,9104,1982,"FI","",603670,3,17,492,5,59,2,5,1,0.64,0,8.6,5,1,1,0.2,0.2
4485646,1984,9104,1983,"FI","",95,3,3,68,6,63,8,2,0.375,0.5,0.4444,10.5,43,0,0,0,0
4485693,1984,9104,1981,"FI","",424965,3,5,74,5,59,7,1,0.1429,0,0,7,53,0,0,0,0
4485705,1984,9104,1982,"FI","",95,3,3,83,5,51,3,2,1,0.5,0.4444,5,10.3333,0,0,0,0
4485715,1984,9104,1981,"FI","",424865,3,4,83,5,51,6,1,0.8333,0,0.32,10,15.6667,0,0,0,0
4486116,1984,9104,1982,"FI","",318970,3,14,403,6,67,6,4,0.3333,0.375,0.5,7,32.1667,0,0,0,0
4486487,1984,9104,1983,"FI","",424785,3,8,428,6,69,4,5,1,0.56,0.75,8,4.25,0,0,0,0
4486539,1984,9104,1982,"FI","",421215,3,8,436,1,19,4,77,1,0.3127,0.625,8.4416,3,0,0,0,0
4486585,1984,9104,1983,"FI","",397090,3,10,536,1,14,3,10,0.6667,0.58,0.5,5.2,21.3333,1,0.3333,0.3,0.3
4486647,1984,9104,1982,"FI","",195435,3,10,219,4,49,2,0,0.5,,0,,21.5,0,0,,
4487219,1984,9111,1983,"FI","",424590,3,2,137,6,69,4,2,0.5,0.5,0,8,42,0,0,0,0
4487414,1984,9111,1983,"FI","",463020,3,4,273,6,62,3,5,0.3333,0,0,8.2,27,0,0,0.3333,0.2
4487422,1984,9111,1982,"FI","",,1,6,280,5,55,5,1,0.2,0,0,13,39.2,,,,
4487821,1984,9111,1981,"FI","",274005,3,12,429,4,45,7,0,0.5714,,0,,17.5714,0,0,,
4488084,1984,9111,1981,"FI","",424785,3,4,313,4,42,4,1,1,0,0.375,16,12,0,0,0,0
4488907,1984,9118,1983,"FI","",201795,3,6,106,1,12,4,2,1,0,0,9.5,7.5,0.3333,0.25,0,0
4488918,1984,9118,1983,"FI","",425010,3,19,156,1,19,4,10,1,0.46,0,10,13,0.3333,0.25,0,0
4490063,1984,9125,1982,"FI","",185750,3,5,403,6,67,3,2,0,0.5,,11,29.3333,0,0,0,0
4490170,1984,9125,1982,"FI","",423780,3,4,75,5,52,3,2,1,0.5,0.4444,11.5,10.3333,0.5,0.3333,0,0
4490612,1984,9125,1982,"FI","",580660,3,18,250,4,44,4,9,0.75,0.642,0,7.1111,11.25,0,0,0,0
4490615,1984,9125,1981,"FI","",462600,3,2,250,4,44,8,4,0.75,0.375,0.5,6.5,13.25,0,0,0,0
4491004,1985,9132,1982,"FI","",,1,2,72,5,52,14,5,0.5,0.56,0,6.2,31.4286,,,,
4491067,1985,9132,1982,"FI","",175835,3,7,100,5,59,5,2,0.8,0,0.625,3.5,15.6,0,0,1,0.5
4491952,1985,9132,1983,"FI","",423780,3,6,373,6,66,9,2,0.5556,0.5,0,4.5,21.4444,0,0,0,0
4492343,1985,9139,1983,"FI","",465425,3,4,241,5,51,3,0,1,,0,,11.3333,0,0,,
4492399,1985,9139,1982,"FI","",330030,3,12,294,5,59,7,4,0,0,,9.75,58.5714,0,0,0,0
4492491,1985,9139,1982,"FI","",424755,3,6,405,6,64,6,4,0.6667,0.625,0.625,12.25,14.6667,0,0,0,0
4492612,1985,9139,1981,"FI","",603670,3,15,162,1,19,2,3,1,0.4444,0,11.3333,12.5,1,0.5,0,0
4492897,1985,9139,1982,"FI","",243595,3,3,315,4,42,3,3,1,0,0,13.6667,4,0,0,0,0
4493098,1985,9139,1982,"FI","",462600,3,9,378,4,44,2,5,1,0,0,7.2,7,0,0,0,0
4493352,1985,9146,1983,"FI","",465425,3,3,144,5,51,3,1,1,0,0,4,11.3333,0,0,0,0
4493366,1985,9146,1982,"FI","",608090,3,2,165,6,66,1,4,1,0.625,0,4.75,8,0,0,1,0.25
4493579,1985,9146,1982,"FI","",605325,3,3,403,6,67,4,4,0.75,0.625,0.6667,6.25,18.75,0,0,0,0
4494476,1985,9153,1982,"FI","",603670,3,15,114,5,55,8,0,0.5,,0.625,,31.5,0,0,,
4494480,1985,9153,1983,"FI","",,1,13,118,1,12,2,0,1,,0,,9,,,,
4494587,1985,9153,1983,"FI","",465425,3,4,144,5,51,3,0,1,,0,,11.3333,0,0,,
4495991,1985,9160,1982,"FI","",,1,4,166,6,64,2,2,1,0.5,0.5,7.5,15,,,,
4496429,1985,9160,1983,"FI","",424965,3,3,162,1,19,6,3,0.6667,0.6667,0,7,16,0,0,0,0
4496796,1985,9160,1983,"FI","",424820,3,6,174,4,41,8,4,0.75,0.625,0.4444,6,17.125,0,0,0,0
4497645,1985,9167,1984,"FI","",424760,3,13,65,5,51,5,16,0.8,0,0,8.6875,15.4,0,0,0,0
4498338,1985,9174,1983,"FI","",304225,3,14,73,4,43,0,2,,0.5,,6.5,,,,0,0
4498479,1985,9174,1982,"FI","",318995,3,4,600,3,32,1,1,1,0,0,11,4,0,0,0,0
4499431,1985,9174,1982,"FI","",510565,3,7,330,4,41,0,2,,0,,11,,,,0,0
4499645,1985,9181,1983,"FI","",318995,3,1,29,5,52,8,6,1,0.4444,0.375,6.5,11.625,0,0,0,0
4499763,1985,9181,1983,"FI","",603020,3,15,73,4,43,5,1,0.6,0,0.6667,12,17,0,0,0,0
4499934,1985,9181,1983,"FI","",,1,4,144,5,51,3,3,0.6667,0,0,12.6667,18.3333,,,,
4499972,1985,9181,1982,"FI","",170040,3,2,187,5,55,11,0,0.7273,,0.4688,,15.6364,0,0,,
4499989,1985,9181,1982,"FI","",558325,3,1,198,5,59,2,0,1,,0,,8,0,0,,
4500092,1985,9181,1983,"FI","",424990,3,7,277,6,67,11,8,0.4545,0.4688,0,7.25,38.6364,0,0,0,0
4500588,1985,9181,1982,"FI","",559940,3,14,428,6,69,3,14,1,0.8265,0.4444,8.9286,5.3333,0,0,0,0
4500835,1985,9181,1982,"FI","",95,3,15,324,4,43,0,12,,0.6111,,9.8333,,,,0,0
4500940,1985,9181,1983,"FI","",603020,3,6,361,4,45,3,5,1,0.8,0.4444,4.8,10.6667,0,0,0.25,0.2
4501526,1985,9188,1984,"FI","",423780,3,4,414,5,51,5,1,0.6,0,0,10,28.8,0,0,0,0
4501643,1985,9188,1982,"FI","",603670,3,15,162,1,19,3,8,0.3333,0.2188,0,6,46.6667,0,0,0.5,0.375
4501813,1985,9188,1982,"FI","",617465,3,5,435,3,33,3,3,1,0,0,8,4.3333,0,0,0,0
4502171,1985,9195,1983,"FI","",175835,3,4,5,6,65,4,6,0.75,0.6667,0.6667,7.3333,15,1,0.5,0.1667,0.1667
4502361,1985,9195,1983,"FI","",19085,2,28,84,6,69,2,29,1,0.1926,0,6.1724,4,1,1,0.0714,0.069
4502559,1985,9195,1983,"FI","",603670,3,5,180,5,55,4,0,0.25,,0,,50.75,0,0,,
4503693,1985,9202,1982,"FI","",215110,3,15,72,5,52,11,1,0.6364,0,0.4898,15,27.3636,0,0,0,0
4503721,1985,9202,1983,"FI","",425020,3,5,74,5,59,12,3,0.4167,0.6667,0,10,28,0,0,0,0
4503984,1985,9202,1982,"FI","",318995,3,6,212,5,59,3,0,0.3333,,0,,66.3333,0,0,,
4506456,1985,9216,1983,"FI","",424965,3,9,34,1,19,3,13,1,0.6746,0.4444,8,5.6667,0.3333,0.3333,0.2,0.1538
4506457,1985,9216,1983,"FI","",424965,3,9,34,1,19,1,17,1,0.3806,0,10.7647,7,1,1,0.0588,0.0588
4506756,1985,9216,1983,"FI","",603670,3,11,180,5,55,3,6,0.3333,0.5,0,7.8333,49.3333,0,0,0,0
4507943,1985,9223,1982,"FI","",,1,10,69,6,63,5,1,0.6,0,0.4444,11,20.8,,,,
4508619,1985,9223,1983,"FI","",423780,3,11,209,5,51,7,1,0.5714,0,0.75,11,22.1429,0,0,0,0
4509413,1985,9230,1983,"FI","",380475,3,4,99,6,61,6,8,0.6667,0,0.625,8.75,16.3333,0,0,0,0
4509660,1985,9230,1983,"FI","",453370,3,5,222,1,19,7,1,0.8571,0,0.7222,13,14.7143,0,0,0,0
4509719,1985,9230,1983,"FI","",424990,3,10,251,5,53,1,1,1,0,0,10,19,0,0,0,0
4510132,1985,9230,1983,"FI","",,1,9,514,3,31,4,2,0.5,0.5,0.5,8.5,17.25,,,,
4510975,1985,9237,1983,"FI","",,1,2,139,6,63,5,1,0.2,0,0,5,65.4,,,,
4511847,1985,9237,1982,"FI","",277105,3,2,327,4,41,1,3,1,0,0,9,8,0,0,0,0
4512597,1985,9244,1983,"FI","",424990,3,14,292,6,69,5,13,0.4,0.3905,0,10,33.4,0,0,0,0
4513517,1985,9251,1981,"FI","",603670,3,21,34,1,19,17,9,0.8824,0.5926,0.5067,10,15.9412,0.4,0.2353,0,0
4513982,1985,9251,1982,"FI","",,1,3,280,5,55,1,0,0,,,,95,,,,
4514111,1985,9251,1982,"FI","",424965,3,8,405,6,64,7,9,1,0.1975,0.449,6,10.1429,0,0,0.75,0.6667
4514194,1985,9251,1983,"FI","",,1,14,95,1,13,6,2,0.3333,0.5,0.5,8.5,27.8333,,,,
4514259,1985,9251,1982,"FI","",603670,3,24,162,1,19,3,3,1,0.4444,0,7.3333,10.3333,0,0,0,0
4514297,1985,9251,1983,"FI","",,5,2,210,1,19,5,6,0.8,0.6111,0.625,8.1667,19.2,,,,
4514412,1985,9251,1982,"FI","",189915,3,29,514,3,31,0,1,,0,,3,,,,0,0
4514680,1985,9251,1983,"FI","",95,3,6,324,4,43,4,7,1,0.2449,0,8.5714,9.5,0,0,0,0
4514816,1985,9251,1983,"FI","",424865,3,10,700,2,22,10,9,1,0.7654,0.66,4,7,0,0,0,0
4515088,1985,9258,1983,"FI","",603835,3,3,110,6,66,6,2,0.5,0,0.4444,7,25,0,0,0,0
4515318,1985,9258,1983,"FI","",324310,3,5,241,5,51,5,6,1,0,0.32,7.8333,14,0,0,0,0
4516330,1985,9265,1981,"FI","",603670,3,20,34,1,19,7,24,0.8571,0.2257,0,11.0417,12.8571,0.3333,0.2857,0.0833,0.0833
4516526,1985,9265,1984,"FI","",465425,3,5,118,1,12,7,6,1,0.7222,0.449,5.5,7.1429,0,0,0,0
4516732,1985,9265,1983,"FI","",304225,3,10,241,5,51,4,3,0.75,0.4444,0.6667,12.3333,33.75,0,0,0,0
4516735,1985,9265,1977,"FI","",333930,2,10,242,5,51,4,11,0.75,0,0,12.5455,15.5,0,0,0,0
4517054,1985,9265,1982,"FI","",603670,3,16,162,1,19,4,5,1,0.48,0,9.6,11.5,0.6667,0.5,0.2,0.2
4517198,1985,9265,1982,"FI","",189910,3,18,514,3,31,0,0,,,,,,,,,
4518062,1985,9272,1982,"FI","",170040,3,3,187,5,55,11,3,1,0,0.6777,9.6667,9.9091,0,0,0,0
4518500,1985,9272,1984,"FI","",95,3,8,210,1,19,6,1,0.3333,0,0,4,43.5,0,0,0,0
4518525,1985,9272,1983,"FI","",603835,3,5,530,1,15,2,2,1,0,0,7.5,1.5,0,0,0,0
4518550,1985,9272,1983,"FI","",350110,3,4,264,5,51,8,6,0.75,0.4444,0.6111,6.3333,16.5,0,0,0,0
4519247,1985,9279,1983,"FI","",416815,3,2,73,4,43,4,1,0.5,0,0.5,13,27,0,0,0,0
4520267,1985,9279,1981,"FI","",423780,3,10,250,4,44,3,0,1,,0.4444,,4.3333,0,0,,
4520582,1985,9286,1984,"FI","",,1,3,37,6,64,11,0,0.4545,,0.56,,49.3636,,,,
4521497,1985,9286,1984,"FI","",343890,2,34,429,4,45,7,11,0.5714,0.314,0,8.1818,37.8571,0,0,0.1818,0.1818
4522166,1985,9293,1983,"FI","",,1,7,123,5,53,4,5,0.75,0.32,0,5.6,13.75,,,,
4523820,1985,9300,1982,"FI","",,1,7,351,3,39,1,6,1,0.6111,0,6.5,4,,,,
4523978,1985,9300,1983,"FI","",603670,3,18,162,1,19,8,22,0.875,0.2355,0,7.9545,10.125,0.6667,0.5,0.05,0.0455
4524283,1985,9300,1983,"FI","",274005,3,9,290,4,45,6,0,0.8333,,0.72,,13.8333,0,0,,
4524664,1985,9307,1983,"FI","",568625,3,6,83,5,51,4,2,0,0.5,,9,80.5,0,0,0,0
4524900,1985,9307,1983,"FI","",95,3,3,229,6,68,8,0,0.75,,0,,19.625,0,0,,
4524901,1985,9307,1983,"FI","",95,3,1,229,6,68,8,2,0.75,0.5,0,10.5,19.625,0,0,0,0
4525241,1985,9307,1983,"FI","",603670,3,19,162,1,19,3,4,1,0,0,4.25,5.3333,0.3333,0.3333,0.25,0.25
4525284,1985,9307,1983,"FI","",,1,7,210,1,19,5,1,1,0,0,14,14,,,,
4526124,1985,9314,1983,"FI","",642375,3,5,114,5,55,4,5,1,0.64,0.75,4.4,5.75,0,0,0,0
4526127,1985,9314,1983,"FI","",465130,3,11,118,1,12,2,2,0,0.5,,5.5,51.5,0,0,0,0
4526200,1985,9314,1984,"FI","",178980,3,5,137,6,69,3,1,0.6667,0,0,0,45,0,0,1,1
4526334,1985,9314,1982,"FI","",354950,3,10,248,6,69,1,9,1,0.1975,0,4.8889,2,0,0,0,0
4526620,1985,9314,1983,"FI","",397090,3,15,106,1,12,4,12,0.75,0.6528,0.4444,4.8333,17.25,0.3333,0.25,0.0909,0.0833
4526650,1985,9314,1984,"FI","",423780,3,9,216,1,19,2,6,1,0.7222,0,8,7.5,0,0,0,0
4526655,1985,9314,1983,"FI","",603670,3,14,162,1,19,6,32,1,0.1699,0,9.6563,11.5,0,0,0.0968,0.0938
4527046,1985,9314,1983,"FI","",,1,9,219,4,49,2,2,1,0,0,12.5,8,,,,
4527640,1985,9321,1983,"FI","",424965,3,8,175,6,64,0,1,,0,,6,,,,0,0
4527926,1985,9321,1982,"FI","",,1,10,405,6,64,11,0,0.2727,,0,,46.4545,,,,
4527933,1985,9321,1984,"FI","",,1,14,411,5,59,11,4,0.6364,0.625,0.449,4.25,34.6364,,,,
4528033,1985,9321,1984,"FI","",423780,3,4,75,5,52,3,2,1,0,0,1.5,2.3333,0,0,0.5,0.5
4528828,1985,9328,1983,"FI","",424990,3,10,70,6,65,3,2,0.6667,0,0.5,11.5,40,0,0,0,0
4528928,1985,9328,1981,"FI","",424990,3,19,114,5,55,7,4,0.5714,0.625,0.375,7,27.1429,0,0,0.5,0.5
4529479,1985,9328,1983,"FI","",465425,3,2,162,1,19,1,8,1,0.4063,0,7.375,7,0,0,0,0
4529520,1985,9328,1983,"FI","",95,3,3,210,1,19,14,24,0.2143,0.6424,0.4444,8.4583,47.6429,0,0,0,0
4529643,1985,9328,1982,"FI","",559940,3,10,442,1,11,6,13,0.8333,0.6627,0.8,7.3846,13,0,0,0,0
4530300,1985,9335,1982,"FI","",,1,6,114,5,55,3,0,0.6667,,0,,28,,,,
4530311,1985,9335,1983,"FI","",423780,3,3,122,6,66,8,1,0.875,0,0.6122,10,11.875,0.2,0.125,0,0
4530383,1985,9335,1982,"FI","",328735,3,1,141,5,51,7,1,0.5714,0,0.75,10,30,0,0,0,0
4530737,1985,9335,1983,"FI","",165900,3,3,159,1,19,11,4,0.9091,0,0.8,7.75,13.6364,0,0,0,0
4530999,1985,9335,1984,"FI","",397090,3,10,536,1,14,4,12,1,0.6528,0.375,4.5833,5.5,1,0.75,0.0909,0.0833
4532034,1985,9342,1984,"FI","",338710,3,9,210,1,19,12,7,0.6667,0.5714,0,5.4286,25.5833,0,0,0,0
4532413,1985,9342,1982,"FI","",636985,3,6,392,4,41,5,5,0.2,0.72,0,6.2,47,0,0,0,0
4532730,1985,9349,1983,"FI","",603670,3,12,42,5,59,8,0,0.5,,0,,43.25,0,0,,
4532772,1985,9349,1983,"FI","",424990,3,16,62,6,69,2,0,0.5,,0,,16.5,0,0,,
4533817,1985,9349,1983,"FI","",309845,3,7,219,4,49,3,3,1,0,0,5.6667,11.6667,0,0,0,0
4534151,1985,9356,1983,"FI","",95,3,6,53,6,68,3,24,0.6667,0.2257,0,9.4583,19.6667,0,0,0,0
4536120,1985,9363,1982,"FI","",487545,3,12,414,5,51,13,2,0.4615,0,0.6667,7.5,30.1538,0,0,0,0
4536258,1985,9363,1984,"FI","",424650,3,16,202,1,19,8,3,0.75,0,0.2778,3.3333,19,0.3333,0.125,0,0
4536970,1985,9370,1983,"FI","",603670,3,12,34,1,19,3,1,0.6667,0,0,13,15.6667,0,0,0,0
4537236,1985,9370,1983,"FI","",603670,3,8,144,5,51,7,5,1,0,0.2449,7,11.8571,0,0,0,0
4537527,1985,9370,1982,"FI","",445645,3,5,405,6,64,6,0,0.8333,,0.56,,14,0,0,,
4537659,1985,9370,1982,"FI","",603670,3,9,162,1,19,7,0,0.8571,,0.2778,,12.4286,0,0,,
4538173,1985,9370,1983,"FI","",,1,12,358,2,21,4,1,1,0,0.375,8,12,,,,
4538805,1985,9377,1983,"FI","",,1,6,482,5,59,2,13,1,0,0,5.0769,3,,,,
4538835,1985,9377,1982,"FI","",,1,4,285,6,67,6,5,0.8333,0.32,0,8.6,15.5,,,,
4538986,1985,9377,1984,"FI","",423780,3,20,432,6,66,3,0,1,,0,,6.6667,0,0,,
4539027,1985,9377,1983,"FI","",465440,3,4,55,1,13,3,0,0.6667,,0.5,,14.3333,0,0,,
4539075,1985,9377,1983,"FI","",424965,3,6,162,1,19,6,8,0.8333,0,0,11.875,11.5,0,0,0,0
4539165,1985,9377,1983,"FI","",424865,3,3,264,5,51,1,3,1,0.4444,0,2.6667,13,0,0,0.6667,0.6667
4539241,1985,9377,1982,"FI","",,1,14,428,6,69,5,6,1,0.7222,0.32,9.5,8.6,,,,
4539636,1985,9377,1984,"FI","",170040,3,5,711,2,24,12,6,1,0.7222,0.8056,7.5,3.5,0,0,0,0
4539762,1985,9384,1984,"FI","",603670,3,3,34,1,19,9,24,1,0.2188,0,8,12.2222,0.6,0.3333,0,0
4540290,1985,9384,1984,"FI","",423780,3,9,366,1,19,2,3,1,0.6667,0,4,11.5,1,0.5,0.5,0.3333
4540338,1985,9384,1983,"FI","",424820,3,3,415,5,53,6,3,0,0,,9,45.1667,0,0,0,0
4540358,1985,9384,1983,"FI","",,1,6,425,5,51,6,0,0.8333,,0.64,,22,,,,
4540469,1985,9384,1984,"FI","",559940,3,8,162,1,19,2,10,1,0.6,0,8.6,7.5,0,0,0,0
4541220,1985,9391,1983,"FI","",,1,6,53,6,68,4,0,0.75,,0.4444,,18,,,,
4541571,1985,9391,1982,"FI","",424965,3,7,241,5,51,0,1,,0,,3,,,,1,1
4541628,1985,9391,1982,"FI","",,1,1,482,5,59,18,9,1,0,0,9.7778,4.8333,,,,
4542524,1985,9391,1982,"FI","",183890,3,11,704,2,22,0,12,,0.2917,,8.6667,,,,0,0
4542555,1985,9398,1984,"FI","",424770,3,12,15,6,69,2,1,1,0,0.5,9,4,0,0,0,0
4542593,1985,9398,1984,"FI","",603670,3,12,34,1,19,8,4,1,0.625,0,6.75,6.75,0,0,0.25,0.25
4543026,1985,9398,1982,"FI","",170040,3,8,414,5,51,4,4,1,0.625,0,9,10,0,0,0,0
4543160,1985,9398,1984,"FI","",603670,3,17,162,1,19,4,19,0.75,0.6094,0.4444,7.0526,18.25,0.6667,0.5,0.0526,0.0526
4543487,1985,9398,1984,"FI","",175835,3,7,250,4,44,2,4,0.5,0,0,7,22.5,0,0,0,0
4543959,1985,9405,1985,"FI","",277105,3,11,600,3,32,10,34,1,0.5017,0.58,5.6765,7.3,0,0,0,0
4544310,1985,9405,1983,"FI","",424990,3,12,409,5,51,11,2,0.2727,0,0.6667,5.5,32.2727,0,0,0,0
4544448,1985,9405,1983,"FI","",175835,3,3,162,1,19,5,1,0.4,0,0.5,13,27.8,0,0,0,0
4544664,1985,9405,1982,"FI","",189910,3,12,514,3,31,3,7,0.6667,0,0,6.1429,9.6667,0,0,0.1429,0.1429
4545223,1985,9412,1983,"FI","",424990,3,20,70,6,65,7,5,0.7143,0,0,8.2,29.7143,0,0,0,0
4545503,1985,9412,1984,"FI","",465425,3,9,220,6,68,3,0,1,,0.4444,,5,0,0,,
4545763,1985,9412,1983,"FI","",424865,3,8,432,6,66,4,0,1,,0,,8.25,0,0,,
4545778,1985,9412,1983,"FI","",424965,3,3,474,5,53,2,8,1,0.4688,0,7.75,10,0,0,0,0
4545946,1985,9412,1984,"FI","",538845,3,9,264,5,51,20,4,0.6,0.375,0.6111,2.75,23.7,0,0,0,0
4546132,1985,9412,1984,"FI","",424865,3,8,524,1,15,4,0,0.5,,0,,27.25,0,0,,
4546926,1985,9419,1983,"FI","",,1,10,241,5,51,6,1,0.8333,0,0,14,14.1667,,,,
4547000,1985,9419,1982,"FI","",,1,9,281,6,69,3,10,0.3333,0.74,0,10.8,55,,,,
4547134,1985,9419,1982,"FI","",,1,3,417,5,53,3,5,1,0.72,0.6667,5,10.3333,,,,
4548105,1985,9426,1984,"FI","",424990,3,12,83,5,51,5,2,1,0.5,0.32,2.5,8.6,0,0,0,0
4548164,1985,9426,1985,"FI","",603670,3,14,123,5,53,9,21,0.2222,0.7438,0.5,6.1429,37.8889,0,0,0,0
4548765,1985,9426,1983,"FI","",423780,3,10,261,1,19,10,16,0.5,0.7188,0.8,8.125,29.2,0,0,0.2308,0.1875
4549626,1985,9433,1983,"FI","",424990,3,17,180,5,55,4,1,1,0,0,7,14.25,0,0,0,0
4549964,1985,9433,1983,"FI","",175835,3,3,210,1,19,4,0,0.75,,0.6667,,24.75,0,0,,
4550613,1985,9440,1983,"FI","",,1,3,73,4,43,3,0,0.6667,,0,,37,,,,
4551030,1985,9440,1983,"FI","",,1,15,374,4,43,5,6,0.8,0.2778,0.625,8,9.6,,,,
4551203,1985,9440,1984,"FI","",603670,3,18,162,1,19,10,26,1,0.5947,0.58,6.7308,6.9,0.4444,0.4,0.0833,0.0769
4551205,1985,9440,1983,"FI","",603670,3,14,162,1,19,7,4,1,0,0,11,7,0.8333,0.7143,0,0
4552084,1985,9447,1984,"FI","",424990,3,11,114,5,55,3,0,0.6667,,0.5,,15,0,0,,
4552191,1985,9447,1984,"FI","",,1,7,144,5,51,8,11,1,0.314,0,8.3636,8.25,,,,
4552333,1985,9447,1984,"FI","",424855,3,7,251,5,53,5,8,0.6,0.5313,0.4444,7.5,28.6,0,0,0,0
4552366,1985,9447,1983,"FI","",,1,3,277,6,67,14,1,0.8571,0,0.7778,8,14.4286,,,,
4552619,1985,9447,1984,"FI","",95,3,4,162,1,19,2,3,1,0.4444,0,5.6667,8.5,0,0,0,0
4553070,1985,9447,1982,"FI","",424715,3,6,315,4,42,8,44,0.875,0.3048,0,7.9318,8.625,0,0,0.0606,0.0455
4553255,1985,9447,1984,"FI","",438760,2,16,378,4,44,8,5,1,0,0.375,3.8,8,0,0,0,0
4553610,1985,9454,1984,"FI","",318995,3,7,173,5,51,5,1,0.2,0,0,5,41.8,0,0,0,0
4553943,1985,9454,1984,"FI","",728835,3,7,434,6,69,7,3,0.8571,0.4444,0.2778,8.6667,9.5714,0,0,0,0
4553987,1985,9454,1984,"FI","",330050,3,3,96,1,13,16,0,0.625,,0.32,,19.8125,0,0,,
4554052,1985,9454,1984,"FI","",95,3,5,162,1,19,7,3,1,0,0,9.3333,8.1429,0,0,0,0
4554134,1985,9454,1984,"FI","",326055,3,2,422,1,19,16,25,0.6875,0.7776,0.6281,9.56,18.6875,0.1667,0.0625,0.0455,0.04
4554750,1985,9461,1984,"FI","",494615,3,10,37,6,64,8,0,0.5,,0.75,,22.625,0,0,,
4555178,1985,9461,1984,"FI","",326055,3,3,356,4,43,1,2,1,0.5,0,4.5,10,0,0,0,0
4555306,1985,9461,1984,"FI","",559940,3,12,162,1,19,2,3,1,0,0,5,17.5,0,0,0,0
4555973,1985,9468,1983,"FI","",,1,4,89,5,59,9,1,0.3333,0,0.4444,4,31.5556,,,,
4556166,1985,9468,1983,"FI","",,1,8,229,6,68,8,2,0.625,0,0.64,6,25.875,,,,
4556425,1985,9468,1981,"FI","",486365,3,2,428,6,69,4,0,0.5,,0,,27.5,0,0,,
4556673,1985,9468,1982,"FI","",,1,4,514,3,31,2,0,0.5,,0,,26.5,,,,
4556677,1985,9468,1982,"FI","",189910,3,26,514,3,31,0,0,,,,,,,,,
4557120,1985,9475,1980,"FI","",95,3,3,68,6,63,6,2,0.3333,0,0.5,12.5,40.8333,0,0,0,0
4557802,1985,9475,1983,"FI","",95,3,7,162,1,19,3,12,0.6667,0,0,7.5833,20.6667,0,0,0,0
4558228,1985,9475,1983,"FI","",,1,7,290,4,45,14,5,0.7143,0.72,0.66,7.4,12.5714,,,,
4558477,1985,9482,1982,"FI","",95,3,9,8,1,11,2,0,0.5,,0,,28.5,0,0,,
4558630,1985,9482,1984,"FI","",424965,3,12,91,5,53,12,0,0.5833,,0.6939,,25.4167,0,0,,
4558731,1985,9482,1984,"FI","",421470,3,3,165,6,66,3,2,0,0,,9.5,55,0,0,0,0
4558960,1985,9482,1985,"FI","",35745,3,15,384,5,59,5,10,0.6,0.82,0,6.8,21.8,0,0,0,0
4559106,1985,9482,1984,"FI","",603670,3,10,162,1,19,6,14,0.6667,0.7143,0.375,8.4286,14.5,0,0,0,0
4559137,1985,9482,1984,"FI","",424770,3,6,210,1,19,6,1,0.8333,0,0,11,22.5,0,0,0,0
4559311,1985,9482,1982,"FI","",,1,2,436,1,19,4,4,1,0.375,0.5,7.5,6.25,,,,
4561209,1985,9496,1983,"FI","",424645,3,11,49,5,59,6,5,0.5,0.64,0.4444,8.6,31,0,0,0,0
4561884,1985,9496,1981,"FI","",423780,3,4,423,1,19,2,0,1,,0,,12.5,0,0,,
4561934,1985,9496,1983,"FI","",424965,3,17,162,1,19,8,1,1,0,0.4063,10,7.875,0.4286,0.375,0,0
4561962,1985,9496,1984,"FI","",202375,3,2,204,1,19,9,8,1,0.4063,0.3704,4.375,7.6667,0,0,0,0
4561970,1985,9496,1983,"FI","",423780,3,8,209,5,51,8,6,0.75,0.2778,0.2778,9.8333,21.375,0,0,0.1667,0.1667
4562668,1986,9503,1984,"FI","",333595,3,20,49,5,59,4,1,0.25,0,0,4,34,0,0,0,0
4563419,1986,9503,1983,"FI","",421120,3,8,435,3,33,5,82,1,0.4771,0.64,8.5122,5.8,0,0,0,0
4564524,1986,9510,1983,"FI","",602640,3,4,426,6,61,7,1,0.7143,0,0,5,17,0,0,0,0
4564969,1986,9517,1984,"FI","",,1,2,15,6,69,3,1,0.3333,0,0,12,28.6667,,,,
4565155,1986,9517,1983,"FI","",603670,3,11,118,1,12,5,3,0.8,0,0.625,7,13.8,0,0,0,0
4565285,1986,9517,1983,"FI","",423780,3,7,198,5,59,0,4,,0,,6.5,,,,0,0
4565327,1986,9517,1980,"FI","",319765,3,8,241,5,51,7,1,0.7143,0,0.64,13,25.8571,0,0,0,0
4565399,1986,9517,1984,"FI","",126195,3,11,294,5,59,4,2,1,0,0.375,11,12.5,0,0,0,0
4565510,1986,9517,1985,"FI","",424820,3,10,425,5,51,8,2,0.75,0.5,0.2778,1,16,0,0,0,0
4565602,1986,9517,1984,"FI","",329235,3,7,162,1,19,4,1,0.5,0,0.5,14,38.25,0,0,0,0
4565660,1986,9517,1983,"FI","",423780,3,6,261,1,19,9,5,0.7778,0.72,0.7347,6.8,14.2222,0,0,0,0
4565790,1986,9517,1983,"FI","",617465,3,10,436,1,19,2,8,1,0.75,0.5,3.75,4.5,0,0,0.1667,0.125
4565806,1986,9517,1984,"FI","",,1,5,514,3,31,0,2,,0,,3,,,,,
4566051,1986,9517,1984,"FI","",324310,3,3,361,4,45,3,7,1,0.5714,0.4444,5.5714,3.6667,0,0,0,0
4566381,1986,9524,1984,"FI","",318995,3,5,100,5,59,4,2,0.25,0.5,0,4,43.75,0,0,0,0
4566944,1986,9524,1983,"FI","",603670,3,10,162,1,19,4,24,0.5,0.5521,0.5,9.1667,36.5,1,0.25,0.0476,0.0417
4566946,1986,9524,1983,"FI","",603670,3,17,162,1,19,7,16,0.7143,0.5,0.48,9.5625,18.4286,0.5,0.2857,0,0
4566968,1986,9524,1984,"FI","",423780,3,10,210,1,19,5,2,1,0,0,9.5,10.2,0,0,0,0
4567255,1986,9524,1985,"FI","",397090,3,14,536,1,14,5,8,1,0.375,0.32,2.875,1.8,1,1,0.25,0.25
4567708,1986,9531,1983,"FI","",,1,7,52,6,69,3,3,0.6667,0.4444,0.5,7,19.3333,,,,
4567920,1986,9531,1983,"FI","",,1,9,141,5,51,1,1,0,0,,12,57,,,,
4568065,1986,9531,1983,"FI","",423780,3,5,266,5,52,5,1,0.8,0,0.625,3,14,0,0,0,0
4568423,1986,9531,1983,"FI","",603670,3,10,162,1,19,4,20,1,0.18,0,9.95,7.5,0,0,0,0
4568503,1986,9531,1984,"FI","",424865,3,2,264,5,51,3,6,1,0.4444,0,3,7.3333,0,0,0.4,0.3333
4568686,1986,9531,1981,"FI","",189915,3,17,514,3,31,10,3,1,0.4444,0.46,7.3333,10.5,0,0,0,0
4569270,1986,9538,1983,"FI","",,1,5,89,5,59,4,2,1,0,0,4.5,11.25,,,,
4571075,1986,9545,1983,"FI","",320815,3,2,356,4,43,1,2,1,0.5,0,7.5,15,0,0,0,0
4571196,1986,9545,1984,"FI","",423780,3,5,445,4,42,0,0,,,,,,,,,
4571254,1986,9545,1984,"FI","",,1,12,71,1,11,2,4,0.5,0.625,0,4,17.5,,,,
4571871,1986,9552,1983,"FI","",,1,7,42,5,59,6,0,0,,,,36,,,,
4572256,1986,9552,1983,"FI","",,1,8,144,5,51,6,20,0.6667,0.455,0.5,10.7,32,,,,
4572957,1986,9552,1984,"FI","",175835,3,4,250,4,44,1,0,1,,0,,22,0,0,,
4573504,1986,9559,1984,"FI","",178985,3,4,141,5,51,2,14,1,0.5816,0.5,9.3571,12.5,0,0,0,0
4573929,1986,9559,1984,"FI","",255510,3,12,440,5,55,3,3,0.3333,0.4444,0,10,25.3333,0,0,0,0
4574064,1986,9559,1983,"FI","",424865,3,4,264,5,51,3,7,0.6667,0.449,0.5,4.1429,17.6667,0,0,0.75,0.4286
4574373,1986,9559,1983,"FI","",424820,3,9,370,2,21,4,4,1,0.75,0.625,7.75,6.5,0,0,0,0
4574624,1986,9566,1984,"FI","",603670,3,22,73,4,43,4,5,1,0.56,0.375,8,6,0.25,0.25,0,0
4574838,1986,9566,1983,"FI","",603670,3,2,137,6,69,2,1,1,0,0.5,4,17.5,0,0,0,0
4576206,1986,9573,1984,"FI","",,1,3,138,6,67,8,9,0.5,0.8395,0.375,9.5556,22.125,,,,
4576327,1986,9573,1984,"FI","",318995,3,11,228,5,52,10,1,0.9,0,0.642,2,15.9,0,0,0,0
4576525,1986,9573,1984,"FI","",424965,3,3,405,6,64,5,2,1,0,0,11,4.8,0,0,0,0
4576643,1986,9573,1984,"FI","",508830,3,7,106,1,12,2,0,0.5,,0,,28.5,0,0,,
4576682,1986,9573,1984,"FI","",603670,3,8,162,1,19,5,14,1,0.2551,0,7.2143,5,0.2,0.2,0,0
4576822,1986,9573,1984,"FI","",603350,3,13,426,6,61,2,0,0.5,,0,,18.5,0,0,,
4577267,1986,9573,1984,"FI","",140145,3,10,363,4,45,3,1,1,0,0.4444,11,4,0,0,0,0
4577577,1986,9580,1984,"FI","",424990,3,20,114,5,55,1,1,0,0,,10,74,0,0,0,0
4577997,1986,9580,1983,"FI","",,1,2,405,6,64,6,5,0.8333,0,0.32,8,16.1667,,,,
4578000,1986,9580,1983,"FI","",424990,3,17,405,6,64,10,2,1,0.5,0.34,5,12.8,0,0,0,0
4578076,1986,9580,1984,"FI","",447995,2,8,128,3,32,5,7,1,0.2449,0.56,8,8.8,0.2,0.2,0,0
4578254,1986,9580,1984,"FI","",477890,3,6,423,1,19,4,4,0.75,0.375,0,4.5,14.25,0,0,0,0
4578899,1986,9587,1983,"FI","",328735,3,7,47,6,61,9,3,1,0.4444,0.716,9,10.2222,0.1667,0.1111,0,0
4579498,1986,9587,1984,"FI","",702738,3,4,414,5,51,3,3,0.6667,0.6667,0.5,8,18.6667,0,0,0,0
4579726,1986,9587,1984,"FI","",423780,3,3,423,1,19,9,0,0.7778,,0.5714,,22.1111,0.1429,0.1111,,
4579970,1986,9587,1984,"FI","",424930,3,16,564,1,14,4,1,1,0,0.625,1,14.5,0,0,0,0
4580272,1986,9587,1983,"FI","",423780,3,7,373,6,66,4,1,1,0,0,13,10,0,0,0,0
4581136,1986,9594,1984,"FI","",,1,12,210,1,19,6,2,1,0,0,4.5,8.3333,,,,
4582106,1986,9601,1984,"FI","",318995,3,6,144,5,51,6,2,0,0,,10,37.8333,0,0,0,0
4582145,1986,9601,1983,"FI","",424965,3,5,173,5,51,3,1,0.6667,0,0,3,19,1,0.3333,0,0
4583167,1986,9601,1984,"FI","",170040,3,13,709,2,22,3,2,1,0.5,0.6667,8,6.6667,0,0,0,0
4583471,1986,9608,1980,"FI","",215110,3,15,111,6,61,2,0,0,,,,75.5,0,0,,
4583576,1986,9608,1984,"FI","",,1,8,144,5,51,2,1,1,0,0,8,10.5,,,,
4583632,1986,9608,1984,"FI","",,1,20,198,5,59,5,0,0.6,,0.4444,,24.4,,,,
4583700,1986,9608,1984,"FI","",,1,4,242,5,51,6,8,0.1667,0.4688,0,9,40.8333,,,,
4583984,1986,9608,1983,"FI","",397090,3,17,8,1,11,4,11,1,0.6446,0.375,6.1818,5.5,0.75,0.75,0.2222,0.1818
4584058,1986,9608,1984,"FI","",603670,3,14,162,1,19,9,7,1,0,0.4938,11,10.3333,0.125,0.1111,0,0
4584383,1986,9608,1984,"FI","",189915,3,4,546,1,14,1,9,0,0.4938,,9.6667,35,0,0,0,0
4584924,1986,9615,1983,"FI","",,1,4,89,5,59,6,0,0.5,,0.4444,,35,,,,
4585137,1986,9615,1984,"FI","",40585,3,3,220,6,68,4,1,1,0,0.375,10,15,0,0,0,0
4585406,1986,9615,1984,"FI","",424820,3,1,425,5,51,4,4,1,0,0.5,7.25,3.5,0,0,0,0
4585795,1986,9615,1985,"FI","",324300,3,3,514,3,31,3,11,1,0.7769,0.6667,8.5455,9,0,0,0,0
4586374,1986,9622,1985,"FI","",,1,6,73,4,43,2,3,1,0.4444,0.5,6,8,,,,
4586390,1986,9622,1984,"FI","",424965,3,10,73,4,43,11,4,0.8182,0,0.642,5.25,16.4545,0,0,0,0
4586538,1986,9622,1984,"FI","",178980,3,6,137,6,69,11,3,0.2727,0.4444,0.4444,10,53,0.3333,0.0909,0,0
4586571,1986,9622,1984,"FI","",424965,3,7,173,5,51,3,2,1,0,0.4444,3,12.6667,0,0,0,0
4586661,1986,9622,1984,"FI","",,1,5,241,5,51,2,4,0.5,0,0,5.75,21.5,,,,
4586983,1986,9622,1984,"FI","",603670,3,18,162,1,19,0,2,,0.5,,3,,,,0,0
4586984,1986,9622,1984,"FI","",603670,3,19,162,1,19,8,6,1,0.2778,0.2188,4.6667,9.5,0.4286,0.375,0,0
4587223,1986,9622,1983,"FI","",617465,3,2,436,1,19,5,11,1,0.6446,0.32,6.7273,5.2,0.2,0.2,0.1,0.0909
4587401,1986,9622,1985,"FI","",,1,1,392,4,41,7,2,0.1429,0,0,7,45.7143,,,,
4587493,1986,9622,1983,"FI","",277105,3,5,324,4,43,2,19,1,0.5596,0,7.1053,3.5,0,0,0,0
4587687,1986,9629,1984,"FI","",18815,3,9,15,6,69,5,3,0.2,0,0,9,40.2,0,0,0,0
4587796,1986,9629,1984,"FI","",424810,3,6,53,6,68,5,16,0.8,0,0,8.8125,9.2,0,0,0.0625,0.0625
4588007,1986,9629,1983,"FI","",465425,3,5,144,5,51,4,0,0.75,,0.6667,,24.5,0,0,,
4588345,1986,9629,1985,"FI","",603670,3,9,414,5,51,8,2,1,0,0.4063,3.5,15.5,0,0,0.5,0.5
4588475,1986,9629,1984,"FI","",559940,3,6,162,1,19,5,2,1,0.5,0.32,12.5,11.2,0,0,0,0
4588554,1986,9629,1985,"FI","",202375,3,9,422,1,19,22,17,0.9545,0.782,0.8753,7.2353,10.8636,0,0,0,0
4589054,1986,9629,1985,"FI","",603020,3,7,361,4,45,5,9,1,0.5679,0.56,7.4444,4,0,0,0.4444,0.4444
4589122,1986,9629,1984,"FI","",277100,3,3,378,4,44,4,3,1,0,0,4,6.25,0,0,0,0
4589350,1986,9636,1984,"FI","",,1,3,108,6,69,5,2,0.2,0.5,0,8,51.6,,,,
4591005,1986,9643,1983,"FI","",424965,3,6,173,5,51,5,1,0.8,0,0.5,3,16.4,0,0,1,1
4591015,1986,9643,1983,"FI","",424990,3,13,180,5,55,7,1,0.8571,0,0.4444,5,23.1429,0,0,0,0
4591200,1986,9643,1985,"FI","",330030,3,8,294,5,59,8,4,0.5,0.5,0,4,38.125,0,0,0,0
4591374,1986,9643,1985,"FI","",424760,3,6,65,5,51,7,1,0.5714,0,0,5,25.5714,0,0,0,0
4591606,1986,9643,1985,"FI","",397090,3,7,521,1,15,5,13,1,0.6982,0.32,9.5385,4.2,0,0,0,0
4592155,1986,9650,1984,"FI","",424990,3,18,37,6,64,13,1,0.3077,0,0.75,4,57.3077,0,0,0,0
4592521,1986,9650,1984,"FI","",424820,3,9,242,5,51,5,3,1,0,0,7,7.4,0,0,0,0
4593511,1986,9657,1984,"FI","",424865,3,5,52,6,69,7,2,0.7143,0,0.32,11,12.7143,0,0,0,0
4593517,1986,9657,1985,"FI","",,1,10,53,6,68,8,16,1,0.1172,0,8.125,10.125,,,,
4593563,1986,9657,1984,"FI","",326055,3,12,73,4,43,11,2,0.7273,0.5,0.6875,4,17.3636,0,0,0,0
4594052,1986,9657,1983,"FI","",95,3,2,415,5,53,4,9,0.75,0.6173,0.4444,6.1111,20.25,0,0,0,0
4594152,1986,9657,1984,"FI","",305005,3,8,209,5,51,9,7,0.8889,0.6939,0.4063,8,16.8889,0.2,0.1111,0,0
4594384,1986,9657,1984,"FI","",603835,3,4,524,1,15,4,1,1,0,0.375,8,14.25,0,0,0,0
4594639,1986,9657,1985,"FI","",603020,3,6,361,4,45,6,5,1,0.72,0.7222,5.8,6.8333,0,0,0.6,0.6
4595018,1986,9664,1984,"FI","",277100,3,2,600,3,32,6,15,1,0.1244,0,6.8667,9.1667,0,0,0,0
4595150,1986,9664,1984,"FI","",424965,3,4,241,5,51,2,5,1,0.64,0,10.8,14,0,0,0,0
4595215,1986,9664,1983,"FI","",306065,3,14,280,5,55,5,4,0.8,0.625,0.375,5.5,13,0,0,0,0
4595589,1986,9664,1983,"FI","",726925,3,14,424,3,31,10,5,1,0.32,0.62,6.2,7.5,0,0,0,0
4595592,1986,9664,1984,"FI","",347660,3,13,424,3,31,0,5,,0.64,,9.4,,,,0,0
4595840,1986,9664,1984,"FI","",175835,3,2,250,4,44,6,2,1,0.5,0.4444,12,6.6667,0,0,0,0
4596152,1986,9671,1984,"FI","",,1,13,73,4,43,3,1,0,0,,7,65,,,,
4596291,1986,9671,1983,"FI","",424990,3,1,175,6,64,4,1,1,0,0.5,10,6.5,0,0,0,0
4596400,1986,9671,1984,"FI","",,1,8,280,5,55,7,0,0.5714,,0,,31.2857,,,,
4596931,1986,9671,1984,"FI","",277100,3,8,250,4,44,1,13,1,0.497,0,7.9231,7,0,0,0.1667,0.1538
4597027,1986,9671,1985,"FI","",603020,3,8,361,4,45,6,5,0.6667,0.32,0.625,4.8,13.1667,0,0,0.8,0.8
4597310,1986,9678,1985,"FI","",603670,3,3,74,5,59,17,2,0.4118,0,0.4898,8.5,34.4706,0.1667,0.0588,0,0
4597326,1986,9678,1984,"FI","",424990,3,10,100,5,59,6,5,1,0.32,0.4444,6,4.6667,0,0,0,0
4598745,1986,9685,1984,"FI","",436335,3,3,144,5,51,3,5,1,0.64,0.4444,8,11.6667,0,0,0,0
4598877,1986,9685,1985,"FI","",424990,3,9,242,5,51,5,12,1,0.1528,0,7.1667,6.2,0,0,0,0
4599108,1986,9685,1985,"FI","",423780,3,6,75,5,52,8,2,1,0,0.2188,8.5,4.625,0.25,0.25,0,0
4599326,1986,9685,1984,"FI","",421200,3,3,514,3,31,2,2,1,0,0.5,5,5.5,0,0,0,0
4601106,1986,9699,1985,"FI","",554045,3,15,33,6,69,6,0,0.1667,,0,,32.6667,0,0,,
4601435,1986,9699,1984,"FI","",424990,3,13,242,5,51,8,4,0.25,0,0.5,7.5,41.875,0.5,0.125,0,0
4601441,1986,9699,1984,"FI","",424990,3,40,242,5,51,9,18,0.8889,0.2901,0,6.1667,7.2222,0.125,0.1111,0.0588,0.0556
4601900,1986,9699,1985,"FI","",421205,3,6,424,3,31,7,1,1,0,0,4,2.1429,0,0,0,0
4602439,1986,9706,1985,"FI","",603670,3,6,34,1,19,3,19,0.6667,0.3657,0,8.5263,27,0,0,0.0526,0.0526
4602895,1986,9706,1983,"FI","",424990,3,14,405,6,64,4,0,1,,0,,10.25,0,0,,
4603378,1986,9706,1985,"FI","",424715,3,3,363,4,45,5,6,1,0.4444,0.32,3.1667,4.6,0.2,0.2,0,0
4603979,1986,9713,1984,"FI","",,1,5,374,4,43,7,2,0.7143,0,0,3,20.5714,,,,
4604152,1986,9713,1984,"FI","",,1,4,156,1,19,6,10,0.8333,0.8,0.32,9,8.1667,,,,
4604195,1986,9713,1984,"FI","",175835,3,9,210,1,19,4,2,0.75,0.5,0.4444,6.5,14.75,0,0,0,0
4605176,1986,9720,1985,"FI","",465425,3,2,241,5,51,4,0,0.25,,0,,54.25,0,0,,
4605193,1986,9720,1984,"FI","",,1,7,248,6,69,8,3,0,0,,6.3333,68.125,,,,
4605898,1986,9720,1985,"FI","",423780,3,5,324,4,43,11,10,0.9091,0.42,0.58,7.4,13.2727,0.125,0.0909,0.1,0.1
4605900,1986,9720,1983,"FI","",304225,3,10,324,4,43,4,3,1,0.4444,0.625,9.6667,9.5,0,0,0,0
4607212,1986,9727,1983,"FI","",95,3,9,324,4,43,3,8,1,0.75,0,7.875,5.6667,0,0,0,0
4607388,1986,9727,1985,"FI","",424885,3,3,383,6,68,4,8,0.75,0.4063,0.6667,4.375,29.25,0,0,0,0
4608121,1986,9734,1982,"FI","",165900,3,4,162,1,19,3,4,0.6667,0.375,0,8,17.6667,0,0,0,0
4608124,1986,9734,1985,"FI","",603670,3,10,162,1,19,5,15,0.6,0.1244,0.4444,7.4,29.2,1,0.4,0,0
4608125,1986,9734,1985,"FI","",603670,3,15,162,1,19,6,21,1,0.0907,0,4.8571,6,0.8,0.6667,0.0476,0.0476
4608174,1986,9734,1985,"FI","",175835,3,5,210,1,19,1,1,1,0,0,7,2,0,0,0,0
4608216,1986,9734,1984,"FI","",424865,3,9,264,5,51,5,10,0.8,0.7,0.375,5.4,15.6,0,0,0.5,0.3
4608944,1986,9741,1985,"FI","",397090,3,8,122,6,66,8,2,1,0,0.75,5.5,4,0,0,0,0
4609435,1986,9741,1985,"FI","",603670,3,12,162,1,19,11,27,1,0.1975,0,6.7037,6.4545,0.3636,0.3636,0,0
4609966,1986,9741,1985,"FI","",603020,3,13,361,4,45,4,21,1,0.7256,0.375,6.381,1.75,0,0,0.1579,0.1429
4610029,1986,9741,1985,"FI","",425020,3,12,383,6,68,9,10,0.7778,0.58,0,4.3,21.7778,0,0,0.125,0.1
4610035,1986,9748,1985,"FI","",,1,7,2,6,63,11,3,0.4545,0,0.32,7.6667,32.8182,,,,
4610113,1986,9748,1984,"FI","",,1,12,451,5,51,3,6,1,0,0,8.1667,11,,,,
4610170,1986,9748,1984,"FI","",326055,3,11,73,4,43,9,6,0.8889,0.2778,0.7188,5.1667,12.5556,0,0,0,0
4610474,1986,9748,1985,"FI","",424665,3,2,294,5,59,8,3,0.375,0.4444,0,6,31.875,0,0,0,0
4610761,1986,9748,1984,"FI","",328735,3,14,162,1,19,3,5,0.3333,0.72,0,6.4,28.6667,0,0,0,0
4610809,1986,9748,1985,"FI","",465425,3,18,252,1,19,2,0,1,,0.5,,7,0.5,0.5,,
4611428,1986,9755,1984,"FI","",328735,3,20,47,6,61,11,1,0.9091,0,0.34,12,15.1818,0.5,0.0909,0,0
4612113,1986,9755,1984,"FI","",423780,3,12,209,5,51,9,1,0.4444,0,0.625,11,29.1111,0,0,0,0
4612115,1986,9755,1984,"FI","",175835,3,6,210,1,19,7,8,1,0.5313,0.2449,7.875,8.8571,0,0,0,0
4612853,1986,9762,1985,"FI","",380475,3,8,99,6,61,2,6,1,0.2778,0.5,6.8333,9.5,0,0,0,0
4613142,1986,9762,1985,"FI","",424890,3,5,277,6,67,6,6,1,0,0,6.6667,12.3333,0,0,0.3333,0.3333
4613390,1986,9762,1985,"FI","",,1,7,156,1,19,6,3,0.6667,0.4444,0.375,3.6667,19.6667,,,,
4613434,1986,9762,1983,"FI","",424965,3,9,210,1,19,13,9,0.6923,0.3704,0.1975,7,15.7692,0,0,0,0
4613536,1986,9762,1984,"FI","",453370,3,5,428,6,69,5,3,0.8,0.4444,0.75,8.6667,14,0,0,0,0
4614478,1986,9769,1985,"FI","",424640,3,4,416,1,19,17,1,0.5882,0,0.58,7,25.7647,0,0,0,0
4614565,1986,9769,1983,"FI","",603670,3,7,162,1,19,3,11,1,0.7107,0.6667,8.0909,7,0.3333,0.3333,0,0
4614566,1986,9769,1984,"FI","",603670,3,38,162,1,19,20,6,0.95,0.5,0,8.3333,12.7,0.6154,0.4,0.1667,0.1667
4615053,1986,9776,1984,"FI","",424590,3,15,4,6,65,6,0,0.6667,,0,,36.6667,0,0,,
4616376,1986,9783,1985,"FI","",591525,3,2,15,6,69,3,4,0.6667,0,0.5,6.5,23.6667,0,0,0,0
4616576,1986,9783,1985,"FI","",90,3,12,110,6,66,8,12,1,0.7222,0.5625,6,6.375,0,0,0.0833,0.0833
4616715,1986,9783,1983,"FI","",,1,5,172,6,64,4,0,0,,,,60.5,,,,
4617043,1986,9783,1985,"FI","",424765,3,14,65,5,51,5,3,0.8,0,0,6.3333,20.8,0,0,0,0
4617715,1986,9790,1983,"FI","",424965,3,7,29,5,52,4,11,0.75,0.5455,0.6667,7.4545,13.5,0,0,0.5,0.4545
4619736,1986,9797,1984,"FI","",95,3,10,162,1,19,5,9,1,0.5679,0.72,5.3333,6.2,0.25,0.2,0,0
4619854,1986,9797,1985,"FI","",575575,3,16,428,6,69,1,9,1,0.6914,0,6.5556,2,0,0,0,0
4620384,1986,9804,1984,"FI","",603670,3,5,42,5,59,2,0,0,,,,40.5,0,0,,
4620577,1986,9804,1984,"FI","",424865,3,14,141,5,51,5,5,0.4,0,0,7,41,0,0,0,0
4621222,1986,9804,1985,"FI","",170040,3,4,318,4,45,3,1,1,0,0.6667,4,6.3333,0,0,0,0
4621379,1986,9811,1985,"FI","",424990,3,26,4,6,65,7,2,0.8571,0.5,0.6111,8.5,14.2857,0,0,0.5,0.5
4621583,1986,9811,1985,"FI","",362900,2,6,110,6,66,11,2,0.6364,0.5,0.2449,5,18,0,0,0,0
4621669,1986,9811,1984,"FI","",,1,6,144,5,51,2,1,0.5,0,0,9,40.5,,,,
4621969,1986,9811,1984,"FI","",603770,3,2,414,5,51,4,16,0.25,0.625,0,7.4375,41.25,0,0,0,0
4621971,1986,9811,1985,"FI","",,1,2,414,5,51,4,0,1,,0.625,,9,,,,
4622677,1986,9811,1983,"FI","",423780,3,5,373,6,66,7,0,0.4286,,0,,22,0,0,,
4622758,1986,9818,1985,"FI","",424965,3,10,34,1,19,4,15,1,0.48,0.625,9.6667,10.25,0.5,0.25,0.0714,0.0667
4623429,1986,9818,1983,"FI","",603670,3,19,162,1,19,7,14,1,0.1327,0,7.2857,9,0.2857,0.2857,0,0
4624407,1986,9825,1984,"FI","",,1,2,229,6,68,6,3,0.3333,0.4444,0.5,8.6667,39.3333,,,,
4624416,1986,9825,1985,"FI","",424865,3,6,241,5,51,6,0,1,,0.6111,,14.1667,0,0,,
4624565,1986,9825,1984,"FI","",423780,3,8,356,4,43,1,1,1,0,0,7,16,0,0,0,0
4624688,1986,9825,1984,"FI","",424600,3,10,96,1,13,10,0,0.8,,0.4063,,14.8,0,0,,
4624777,1986,9825,1984,"FI","",423780,3,10,209,5,51,6,1,0.8333,0,0.48,5,21.3333,0,0,0,0
4625083,1986,9825,1985,"FI","",,1,7,379,2,21,4,20,1,0.74,0,5.7,12.25,,,,
4625430,1986,9832,1985,"FI","",603670,3,44,34,1,19,8,32,0.75,0.2285,0,7.6563,22.875,0.75,0.375,0,0
4625626,1986,9832,1984,"FI","",238670,3,9,454,5,59,5,5,0.2,0.72,0,6,55.4,0,0,0,0
4625733,1986,9832,1984,"FI","",,1,7,600,3,32,5,20,1,0.255,0.56,9.65,12.6,,,,
4625814,1986,9832,1984,"FI","",424575,3,11,175,6,64,7,1,0.7143,0,0.72,13,22.4286,0,0,0,0
4626784,1986,9832,1985,"FI","",277105,3,20,324,4,43,10,7,1,0.2449,0.74,4.8571,9.6,0,0,0,0
4627108,1986,9839,1984,"FI","",637270,3,2,2,6,63,8,14,0.25,0,0,9.7857,47.5,0,0,0,0
4627223,1986,9839,1983,"FI","",,1,4,53,6,68,5,9,0.6,0.5679,0.4444,9.2222,30.2,,,,
4627498,1986,9839,1984,"FI","",238670,3,11,169,6,69,9,2,0.5556,0.5,0.32,9,23.1111,0,0,0,0
4627888,1986,9839,1984,"FI","",175835,3,4,162,1,19,11,4,0.5455,0.75,0.6111,10.25,21.1818,0,0,0,0
4628391,1986,9839,1984,"FI","",423780,3,3,366,1,19,7,11,0.4286,0.5124,0.4444,7.6364,41.4286,0,0,0.6667,0.5455
4628403,1986,9839,1985,"FI","",603020,3,8,361,4,45,3,15,1,0.6489,0.4444,6.4,5,0,0,0.2857,0.2667
4628618,1986,9846,1985,"FI","",603670,3,20,34,1,19,4,19,1,0.5263,0,7.3684,2.5,0.5,0.5,0,0
4628732,1986,9846,1985,"FI","",603670,3,20,73,4,43,5,3,0.8,0,0.375,10,10,0,0,0,0
4630701,1986,9853,1985,"FI","",341760,3,3,180,5,55,7,3,0.5714,0.4444,0.375,5,41.1429,0,0,0,0
4630818,1986,9853,1985,"FI","",590865,3,3,482,5,59,3,6,0.6667,0.2778,0,5.1667,14,0.5,0.3333,0,0
4631129,1986,9853,1985,"FI","",552265,3,9,210,1,19,4,8,1,0.5625,0.625,9.375,4.75,0,0,0,0
4631794,1986,9860,1985,"FI","",603670,3,3,492,5,59,10,6,1,0.6111,0.58,5.5,10.7,0,0,0,0
4631842,1986,9860,1985,"FI","",,1,16,36,6,63,6,5,0.8333,0.32,0,8.2,22.8333,,,,
4631886,1986,9860,1984,"FI","",463605,3,8,52,6,69,11,1,1,0,0.314,8,7.2727,0,0,0,0
4632618,1986,9860,1986,"FI","",424965,3,7,414,5,51,6,3,0.8333,0.4444,0.56,4.6667,20.3333,0,0,0,0
4632673,1986,9860,1985,"FI","",240810,3,20,604,3,32,15,7,0.7333,0.2449,0.5455,6.1429,15.2,0,0,0,0
4632778,1986,9860,1983,"FI","",267435,3,6,588,1,19,4,6,0.75,0.6667,0,8,20.5,0,0,0,0
4632797,1986,9860,1983,"FI","",,1,2,264,5,51,1,0,0,,,,54,,,,
4633535,1987,9867,1985,"FI","",,1,12,4,6,65,8,9,0.75,0.6667,0.5,8.2222,18.75,,,,
4633705,1987,9867,1985,"FI","",277100,3,9,73,4,43,2,3,1,0.6667,0,7,14,0,0,0.3333,0.3333
4633774,1987,9867,1985,"FI","",424990,3,1,100,5,59,3,6,1,0.5,0.4444,3.6667,3,0,0,0,0
4633961,1987,9867,1986,"FI","",603670,3,7,180,5,55,4,5,0.25,0.625,0,2.5,22.25,0,0,0,0
4634068,1987,9867,1985,"FI","",603670,3,9,242,5,51,8,11,0.75,0,0,6.8182,21.875,0,0,0,0
4634487,1987,9867,1985,"FI","",306580,3,7,156,1,19,3,1,1,0,0,7,20,0,0,0,0
4634521,1987,9867,1985,"FI","",90,3,5,209,5,51,5,10,0.8,0.58,0,7.7,17.6,0,0,0.2222,0.2
4635032,1987,9867,1985,"FI","",,1,5,340,2,21,3,3,1,0.4444,0.4444,3.6667,9.6667,,,,
4635320,1987,9874,1985,"FI","",170040,3,1,187,5,55,4,0,1,,0.375,,8.75,0,0,,
4635867,1987,9874,1985,"FI","",424990,3,18,242,5,51,4,15,1,0.2311,0,7.6,5.5,0.25,0.25,0,0
4636181,1987,9874,1985,"FI","",424820,3,6,474,5,53,3,4,1,0.625,0.4444,7.75,18.3333,0,0,0,0
4636477,1987,9874,1984,"FI","",318995,3,9,436,1,19,5,7,1,0.449,0.56,6.1429,5.4,0,0,0,0
4637163,1987,9881,1985,"FI","",603835,3,7,47,6,61,3,5,1,0.56,0,4.2,9,0,0,0,0
4637234,1987,9881,1984,"FI","",424990,3,2,70,6,65,8,13,0.625,0.142,0.32,7.3077,26,0,0,0,0
4637240,1987,9881,1985,"FI","",424990,3,11,70,6,65,10,2,0.9,0,0,7,15.2,0.1429,0.1,0,0
4637262,1987,9881,1985,"FI","",,1,11,73,4,43,1,3,1,0,0,8.3333,10,,,,
4637566,1987,9881,1985,"FI","",424990,3,22,242,5,51,8,4,0.625,0,0.64,6.25,21.875,0,0,0,0
4637599,1987,9881,1985,"FI","",465465,3,5,271,5,51,4,0,0.75,,0,,18,0,0,,
4637727,1987,9881,1983,"FI","",,1,8,356,4,43,1,5,1,0.64,0,8.2,2,,,,
4638610,1987,9888,1985,"FI","",170040,3,5,52,6,69,10,5,0.6,0.72,0.7778,7.8,18.6,0,0,0,0
4638757,1987,9888,1985,"FI","",419320,3,9,118,1,12,4,1,0.75,0,0.4444,1,10.5,0,0,0,0
4638812,1987,9888,1984,"FI","",182800,3,8,600,3,32,12,6,0.6667,0.6667,0.5313,9.1667,28.4167,0,0,0,0
4638843,1987,9888,1985,"FI","",465465,3,7,144,5,51,3,1,1,0,0,3,14,0,0,0,0
4639398,1987,9888,1984,"FI","",397090,3,20,428,6,69,1,3,1,0.6667,0,6.3333,4,0,0,0,0
4639464,1987,9888,1985,"FI","",189910,3,18,514,3,31,5,1,1,0,0,6,2.6,0.2,0.2,0,0
4639514,1987,9888,1985,"FI","",397090,3,13,536,1,14,8,3,0.375,0.4444,0,5.3333,29.625,1,0.375,0,0
4639515,1987,9888,1985,"FI","",397090,3,16,536,1,14,8,6,0.375,0.4444,0,3.8333,29.625,1,0.375,0,0
4639942,1987,9888,1986,"FI","",175835,3,7,378,4,44,7,1,0.8571,0,0.2778,6,15.7143,0.3333,0.1429,0,0
4640016,1987,9895,1985,"FI","",,1,8,33,6,69,2,5,1,0.72,0,10.2,5,,,,
4640074,1987,9895,1985,"FI","",424865,3,13,52,6,69,10,2,1,0,0.18,8.5,7.9,0,0,0,0
4640459,1987,9895,1984,"FI","",170040,3,5,238,5,55,6,1,0.5,0,0.6667,13,47.1667,0,0,0,0
4640514,1987,9895,1985,"FI","",728835,3,6,463,6,62,8,8,0.875,0.375,0.6531,8.125,12.5,0,0,0,0
4641336,1987,9895,1984,"FI","",277100,3,7,378,4,44,3,4,1,0,0,11,8.6667,0,0,0,0
4641466,1987,9902,1985,"FI","",424865,3,9,52,6,69,2,5,0.5,0.72,0,5.2,24,0,0,0,0
4641659,1987,9902,1982,"FI","",,1,5,600,3,32,8,10,0.875,0.46,0.5714,11.5,16.875,,,,
4641824,1987,9902,1985,"FI","",,1,20,270,5,52,8,0,0.625,,0.32,,31,,,,
4642014,1987,9902,1985,"FI","",328735,3,18,414,5,51,9,5,0.6667,0.32,0.4444,7,19.2222,0,0,0,0
4642133,1987,9902,1983,"FI","",423780,3,4,75,5,52,5,0,1,,0.48,,12.8,0,0,,
4642147,1987,9902,1985,"FI","",463075,3,5,149,1,19,3,4,1,0.375,0.4444,6,16,0,0,0,0
4642164,1987,9902,1985,"FI","",424990,3,15,162,1,19,6,13,0.8333,0.7811,0.8,6.7692,12.8333,0,0,0,0
4643619,1987,9909,1984,"FI","",424965,3,2,405,6,64,6,8,1,0.2188,0.2778,2.75,13.5,0,0,0.75,0.75
4644281,1987,9909,1984,"FI","",277120,3,5,324,4,43,3,5,1,0.32,0.4444,4,6.6667,0,0,0,0
4645186,1987,9916,1986,"FI","",423780,3,3,266,5,52,5,3,1,0.4444,0.48,7.6667,12.2,0.2,0.2,0,0
4646335,1987,9916,1985,"FI","",421200,3,10,378,4,44,3,2,1,0.5,0,6.5,12,0,0,0,0
4646494,1987,9923,1984,"FI","",,1,9,52,6,69,8,3,0.375,0,0,10.3333,32.75,,,,
4647205,1987,9923,1983,"FI","",580660,3,2,356,4,43,2,2,1,0,0,8.5,18,0,0,0,0
4647370,1987,9923,1985,"FI","",465425,3,12,209,5,51,4,1,0,0,,4,75.75,0,0,1,1
4648467,1987,9930,1984,"FI","",424965,3,4,173,5,51,5,3,1,0.4444,0.32,8.3333,10,0.4,0.4,0,0
4648973,1987,9930,1984,"FI","",423780,3,3,210,1,19,3,13,1,0.4852,0,9.5385,7,0,0,0.1,0.0769
4649897,1987,9937,1985,"FI","",495745,3,10,126,6,66,4,0,0.25,,0,,60,0,0,,
4650510,1987,9937,1985,"FI","",423780,3,6,65,5,51,5,4,0.8,0.375,0.375,5.5,19.8,0,0,0,0
4651262,1987,9937,1985,"FI","",603835,3,4,362,4,42,11,4,0.8182,0.625,0.7901,5.25,17.6364,0,0,0,0
4651385,1987,9944,1985,"FI","",,1,9,452,6,61,2,5,1,0.32,0,5.6,18,,,,
4651452,1987,9944,1985,"FI","",323825,3,8,37,6,64,3,4,0.3333,0,0,4.5,48,0,0,0,0
4651639,1987,9944,1984,"FI","",,1,8,100,5,59,2,0,0,,,,29.5,,,,
4651942,1987,9944,1985,"FI","",424990,3,29,242,5,51,2,1,1,0,0,4,9.5,0,0,0,0
4652127,1987,9944,1984,"FI","",326055,3,4,356,4,43,0,2,,0.5,,8,,,,0,0
4652136,1987,9944,1984,"FI","",326055,3,10,356,4,43,3,5,1,0.72,0,7.4,18,0,0,0,0
4652365,1987,9944,1984,"FI","",424755,3,9,210,1,19,15,6,0.7333,0.7222,0.4298,8.8333,20.9333,0,0,0,0
4652518,1987,9944,1983,"FI","",421120,3,26,435,3,33,8,12,1,0.6528,0.5938,6.4167,6.375,0,0,0,0
4652539,1987,9944,1985,"FI","",397090,3,8,502,1,19,3,1,1,0,0.6667,3,7,0,0,0,0
4652751,1987,9944,1984,"FI","",617465,3,5,250,4,44,4,4,1,0.375,0,8.25,12.25,0,0,0.6667,0.5
4653081,1987,9944,1984,"FI","",423780,3,5,378,4,44,3,3,1,0.4444,0,10.3333,14.3333,0,0,0,0
4653395,1987,9951,1985,"FI","",603670,3,22,100,5,59,4,23,1,0.465,0,7.3913,7.5,0,0,0,0
4654546,1987,9951,1984,"FI","",,1,13,307,4,49,22,8,1,0.7813,0.7893,11,8.2727,,,,
4654594,1987,9951,1983,"FI","",277100,3,27,324,4,43,1,6,1,0.2778,0,5.8333,3,0,0,0,0
4654595,1987,9951,1984,"FI","",277105,3,29,324,4,43,5,8,1,0,0,4.75,2.4,0,0,0,0
4654596,1987,9951,1984,"FI","",277100,3,3,324,4,43,2,2,1,0.5,0.5,5.5,2.5,0,0,0,0
4655203,1987,9958,1984,"FI","",358105,3,15,606,3,32,4,8,0.5,0.375,0,9.5,22.75,0,0,0,0
4655669,1987,9958,1985,"FI","",603670,3,17,414,5,51,9,0,0.8889,,0.2188,,12.2222,0.2857,0.2222,,
4656510,1987,9958,1985,"FI","",238670,3,5,348,4,49,5,4,1,0.625,0.64,3.5,5.4,0,0,0,0
4657634,1987,9965,1986,"FI","",603670,3,8,162,1,19,2,14,1,0.1327,0,4.5714,8.5,0.5,0.5,0,0
4657678,1987,9965,1985,"FI","",175835,3,7,210,1,19,3,1,1,0,0.4444,4,14.3333,0.5,0.3333,0,0
4657762,1987,9965,1985,"FI","",189915,3,6,424,3,31,3,11,1,0.5455,0.4444,7.4545,7.3333,0,0,0,0
4657791,1987,9965,1986,"FI","",,1,20,428,6,69,18,7,0.7222,0.7347,0.6864,5.7143,17.9444,,,,
4658682,1987,9972,1985,"FI","",337555,3,11,83,5,51,5,1,1,0,0.32,12,7.4,0,0,0,0
4658753,1987,9972,1985,"FI","",424990,3,10,118,1,12,3,5,1,0.32,0.4444,7.6,7,0,0,0,0
4658908,1987,9972,1983,"FI","",603670,3,9,172,6,64,6,5,1,0.64,0.6111,6,10.1667,0,0,0,0
4659222,1987,9972,1984,"FI","",326055,3,4,356,4,43,3,5,1,0.56,0.4444,9.6,5.6667,0,0,0,0
4659656,1987,9972,1984,"FI","",326055,3,4,435,3,33,2,1,1,0,0.5,4,7.5,0,0,0,0
4660451,1987,9979,1985,"FI","",,1,7,83,5,51,4,2,0.75,0.5,0.4444,7,21.25,,,,
4661711,1987,9979,1985,"FI","",326055,3,4,250,4,44,3,11,1,0.6612,0.6667,8.4545,5.6667,0,0,0,0
4662098,1987,9986,1985,"FI","",,1,7,42,5,59,5,6,0.4,0,0,5.3333,30,,,,
4662929,1987,9986,1985,"FI","",726925,3,9,71,1,11,13,1,1,0,0.6272,6,6.3846,0,0,0,0
4662991,1987,9986,1984,"FI","",424965,3,9,162,1,19,2,8,1,0.2188,0,6.25,14,0,0,0,0
4663700,1987,9986,1986,"FI","",170040,3,2,363,4,45,1,0,1,,0,,18,0,0,,
4663809,1987,9993,1981,"FI","",424990,3,20,492,5,59,4,1,0.75,0,0.4444,16,14,0,0,0,0
4664323,1987,9993,1984,"FI","",424965,3,5,241,5,51,3,2,1,0,0.4444,5,6.3333,0.3333,0.3333,0,0
4664371,1987,9993,1985,"FI","",590865,3,9,482,5,59,5,17,0.4,0,0.5,8.2941,31.6,0,0,0,0
4664397,1987,9993,1984,"FI","",,1,5,280,5,55,3,0,0.3333,,0,,39.6667,,,,
4664887,1987,9993,1985,"FI","",90,3,4,422,1,19,5,11,0.2,0.7438,0,4.4545,30.4,0,0,0.5455,0.5455
4665805,1987,10000,1985,"FI","",608090,3,2,454,5,59,11,1,0.9091,0,0.48,5,15.4545,0.1667,0.0909,0,0
4666093,1987,10000,1986,"FI","",424965,3,12,241,5,51,4,1,0.75,0,0,7,36.75,0.5,0.25,0,0
4666746,1987,10000,1986,"FI","",328735,3,9,427,1,12,5,1,1,0,0.32,5,7.4,0,0,0,0
4668000,1987,10007,1986,"FI","",,1,8,296,5,55,3,5,0.6667,0.32,0.5,8,25.6667,,,,
4668218,1987,10007,1986,"FI","",15040,3,10,604,3,32,6,31,0.5,0.3809,0.6667,8.4839,44.6667,0,0,0,0
4668328,1987,10007,1985,"FI","",424990,3,11,156,1,19,6,16,1,0.7266,0.4444,5.6875,6.6667,0,0,0,0
4668447,1987,10007,1985,"FI","",424865,3,18,264,5,51,8,5,1,0.48,0.4688,2.4,9.875,0,0,0.4,0.4
4668623,1987,10007,1984,"FI","",322350,3,6,435,3,33,2,5,1,0.32,0.5,11.6,5.5,0.5,0.5,0,0
4668904,1987,10007,1984,"FI","",277100,3,5,323,4,45,0,8,,0,,8.625,,,,0.125,0.125
4669102,1987,10007,1984,"FI","",459005,3,9,378,4,44,5,1,1,0,0,9,7.2,0,0,0,0
4669566,1987,10014,1985,"FI","",603670,3,5,180,5,55,10,2,1,0.5,0.7,5.5,12.7,0,0,0,0
4669646,1987,10014,1984,"FI","",424990,3,18,226,5,51,11,4,0.7273,0.625,0.5938,12.5,27.5455,0,0,0,0
4670455,1987,10014,1985,"FI","",189915,3,2,514,3,31,1,0,1,,0,,2,0,0,,
4671097,1987,10021,1986,"FI","",424820,3,3,73,4,43,6,11,1,0.6446,0.4444,5.4545,4.1667,0,0,0,0
4671350,1987,10021,1985,"FI","",,1,6,165,6,66,7,4,0.7143,0.625,0.32,4.75,20.2857,,,,
4671366,1987,10021,1985,"FI","",424965,3,11,175,6,64,5,2,1,0.5,0.72,7,10.6,0,0,0,0
4671396,1987,10021,1985,"FI","",590865,3,6,192,5,53,7,3,0.5714,0.6667,0,8.3333,25.1429,0,0,0,0
4672277,1987,10021,1984,"FI","",170040,3,11,318,4,45,19,3,1,0.6667,0.482,12.3333,7.7368,0.0556,0.0526,0,0
4672918,1987,10028,1985,"FI","",90,3,15,122,6,66,8,20,1,0.7,0.2188,5.3,6.75,0,0,0.4737,0.45
4673013,1987,10028,1985,"FI","",,1,9,144,5,51,3,2,0.3333,0.5,0,9,34.6667,,,,
4673066,1987,10028,1986,"FI","",170040,3,6,188,5,53,3,0,0.6667,,0.5,,37.3333,0,0,,
4673326,1987,10028,1985,"FI","",170040,3,3,414,5,51,5,6,0.6,0,0,6.3333,17,0,0,0,0
4673462,1987,10028,1985,"FI","",603670,3,11,162,1,19,4,2,1,0,0,6,6,0.5,0.5,0,0
4673497,1987,10028,1984,"FI","",424770,3,8,210,1,19,6,5,1,0,0,6.8,6.1667,0,0,0,0
4673661,1987,10028,1986,"FI","",397090,3,23,502,1,19,7,8,1,0.4688,0.449,6.375,7.4286,0,0,0.375,0.375
4674129,1987,10028,1986,"FI","",,1,8,383,6,68,16,6,0.0625,0.6111,0,8,62.0625,,,,
4674531,1987,10035,1985,"FI","",238670,3,22,137,6,69,9,3,0.4444,0,0.375,9.6667,46.6667,0,0,0,0
4674970,1987,10035,1985,"FI","",463615,3,4,425,5,51,9,2,0.8889,0,0.4063,2,15.2222,0,0,0,0
4674971,1987,10035,1985,"FI","",463615,3,8,425,5,51,13,2,0.9231,0,0.4167,2,15.6923,0,0,0,0
4675033,1987,10035,1986,"FI","",90,3,7,96,1,13,2,10,1,0.74,0,5.4,3.5,0,0,0.2,0.2
4675288,1987,10035,1984,"FI","",326055,3,3,435,3,33,5,2,1,0.5,0.32,4.5,9.4,0,0,0,0
4675296,1987,10035,1984,"FI","",552265,3,14,435,3,33,4,2,0.75,0,0,10,18.25,0,0,0,0
4675487,1987,10035,1985,"FI","",603670,3,24,219,4,49,10,12,0.8,0.4861,0.2188,5.5,12.7,0,0,0,0
4675503,1987,10035,1985,"FI","",,1,8,219,4,49,5,1,0.8,0,0.375,12,22.4,,,,
4675888,1987,10035,1985,"FI","",277100,3,2,378,4,44,3,3,1,0.4444,0,4.6667,10.3333,0,0,0.3333,0.3333
4676177,1987,10042,1985,"FI","",90,3,19,110,6,66,12,18,1,0.5123,0.5694,6.3889,6.9167,0,0,0.0769,0.0556
4676322,1987,10042,1984,"FI","",424965,3,11,173,5,51,5,0,0.4,,0,,22.4,0,0,,
4676440,1987,10042,1985,"FI","",636985,3,7,241,5,51,4,10,0.5,0.18,0,9.7,21.25,0,0,0,0
4676718,1987,10042,1985,"FI","",424640,3,7,415,5,53,17,4,0.7059,0.375,0.6944,7.5,29.1176,0,0,0,0
4676735,1987,10042,1985,"FI","",465425,3,3,431,6,66,6,0,1,,0.5,,4.6667,0,0,,
4676826,1987,10042,1986,"FI","",,1,4,75,5,52,5,0,1,,0.32,,12.6,,,,
4676903,1987,10042,1985,"FI","",90,3,11,210,1,19,4,10,1,0.48,0.375,5.9,11.25,0,0,0.3,0.3
4677058,1987,10042,1983,"FI","",,1,5,435,3,33,5,11,1,0.6446,0.56,7.3636,8,,,,
4677746,1987,10049,1985,"FI","",,1,13,30,6,65,7,1,0.8571,0,0,7,12.1429,,,,
4678005,1987,10049,1985,"FI","",238670,3,22,137,6,69,10,2,0.4,0,0.375,11,45.5,0,0,0,0
4678165,1987,10049,1986,"FI","",465425,3,10,254,5,59,3,1,0.6667,0,0.5,10,19,0,0,0,0
4678325,1987,10049,1984,"FI","",,1,12,356,4,43,9,5,1,0,0,6,7.4444,,,,
4678326,1987,10049,1984,"FI","",326055,3,7,356,4,43,2,6,0.5,0.6111,0,6.6667,22.5,0,0,0,0
4678574,1987,10049,1985,"FI","",177225,3,5,210,1,19,1,1,1,0,0,4,21,0,0,0,0
4679032,1987,10049,1984,"FI","",170040,3,16,340,2,21,6,1,1,0,0.7778,7,7,0,0,0,0
4679376,1987,10056,1985,"FI","",424990,3,6,53,6,68,5,7,1,0,0,8.4286,8.4,0.25,0.2,0,0
4679524,1987,10056,1985,"FI","",424990,3,17,118,1,12,8,6,0.75,0.5,0.4444,5.6667,19.75,0,0,0,0
4679816,1987,10056,1986,"FI","",590865,3,9,280,5,55,5,16,1,0.3281,0.32,5.6875,7.4,0,0,0,0
4680549,1987,10056,1985,"FI","",277100,3,13,324,4,43,10,13,1,0.497,0.48,4.7692,5.1,0,0,0,0
4681287,1987,10063,1985,"FI","",559940,3,6,245,6,69,4,0,0.5,,0,,26,0,0,,
4681352,1987,10063,1986,"FI","",234185,3,6,285,6,67,5,2,0,0,,6.5,60,0,0,0,0
4681935,1987,10063,1985,"FI","",175835,3,7,536,1,14,4,4,1,0.375,0.75,7.5,6.5,0,0,0,0
4683027,1987,10070,1985,"FI","",603670,3,17,162,1,19,3,5,0,0.32,,8.4,34.3333,0,0,0,0
4683581,1987,10070,1985,"FI","",421200,3,9,378,4,44,3,2,1,0,0,1.5,11.6667,0,0,0,0
4683685,1987,10077,1986,"FI","",424755,3,9,52,6,69,6,1,0.6667,0,0.375,9,29.3333,0,0,0,0
4683816,1987,10077,1985,"FI","",175835,3,3,100,5,59,6,0,0.6667,,0,,34.3333,0.3333,0.1667,,
4684250,1987,10077,1984,"FI","",326055,3,5,356,4,43,2,3,1,0.6667,0.5,8.3333,7,0.5,0.5,0,0
4684253,1987,10077,1984,"FI","",495965,3,4,356,4,43,6,2,0.8333,0,0,12.5,16.1667,0,0,0,0
4684443,1987,10077,1985,"FI","",603670,3,17,162,1,19,5,10,0.6,0.54,0,7.4,26.8,1,0.6,0,0
4684585,1987,10077,1986,"FI","",343890,2,16,429,4,45,12,0,1,,0.1528,,8.75,0.1,0.0833,,
4684659,1987,10077,1986,"FI","",189915,3,16,514,3,31,4,2,1,0,0.375,1.5,7.5,0.25,0.25,0,0
4684856,1987,10077,1984,"FI","",170040,3,1,388,4,45,11,5,1,0.56,0.6281,5.8,9.7273,0,0,0,0
4685054,1987,10077,1985,"FI","",603835,3,12,700,2,22,8,12,1,0.75,0.6563,4.4167,5.875,0,0,0,0
4686418,1987,10084,1985,"FI","",424785,3,4,313,4,42,1,0,1,,0,,2,0,0,,
4686843,1987,10091,1986,"FI","",424990,3,19,70,6,65,5,7,0.8,0,0,8,16.6,0.3333,0.2,0,0
4687110,1987,10091,1986,"FI","",170040,3,6,212,5,59,3,1,1,0,0,10,9,0,0,0,0
4687133,1987,10091,1985,"FI","",,1,10,237,6,66,3,2,1,0.5,0.4444,5,4.3333,,,,
4687146,1987,10091,1982,"FI","",95,3,6,241,5,51,12,6,0.3333,0.6111,0.625,10.6667,36.4167,0,0,0,0
4687548,1987,10091,1985,"FI","",603670,3,26,162,1,19,9,13,0.6667,0,0,6.4615,19.4444,0,0,0.0833,0.0769
4687571,1987,10091,1985,"FI","",726925,3,8,209,5,51,5,2,1,0,0.56,9.5,10,0,0,0,0
4687583,1987,10091,1986,"FI","",175835,3,5,210,1,19,4,1,0.75,0,0.4444,6,19,0,0,0,0
4687921,1987,10091,1984,"FI","",617465,3,4,250,4,44,4,2,1,0,0,7.5,11.25,0,0,0,0
4687935,1987,10091,1985,"FI","",617465,3,1,250,4,44,4,1,1,0,0,5,8.75,0,0,0,0
4688725,1987,10098,1985,"FI","",424965,3,2,241,5,51,5,2,1,0.5,0,7.5,9.6,0.25,0.2,0,0
4688790,1987,10098,1985,"FI","",590865,3,5,482,5,59,5,2,0.2,0,0,3.5,67.4,1,0.2,1,0.5
4688806,1987,10098,1986,"FI","",424890,3,5,277,6,67,7,16,0.4286,0.5703,0,6.5625,36.5714,0,0,0.1875,0.1875
4688811,1987,10098,1986,"FI","",,1,5,280,5,55,5,1,1,0,0.32,5,16.8,,,,
4689017,1987,10098,1986,"FI","",,1,7,434,6,69,6,1,0.5,0,0.6667,1,34.5,,,,
4689158,1987,10098,1985,"FI","",90,3,14,210,1,19,11,3,0.7273,0.4444,0,5,16.6364,0,0,0,0
4689203,1987,10098,1985,"FI","",202375,3,8,422,1,19,6,7,1,0.6939,0.7222,7.7143,10.8333,0,0,0,0
4689226,1987,10098,1983,"FI","",189915,3,7,424,3,31,2,30,0,0.5511,,8.6333,40,0,0,0,0
4689339,1987,10098,1985,"FI","",189915,3,28,514,3,31,2,5,1,0.32,0,6.2,5.5,0,0,0.5,0.4
4689510,1987,10098,1986,"FI","",170040,3,2,310,4,45,5,1,0.6,0,0.4444,8,31.6,0,0,0,0
4689512,1987,10098,1986,"FI","",170040,3,3,310,4,45,3,1,1,0,0,3,10.3333,0,0,0,0
4689558,1987,10098,1983,"FI","",,1,13,324,4,43,1,12,1,0.1528,0,8.8333,18,,,,
4689805,1987,10098,1986,"FI","",424820,3,,375,2,21,9,6,1,0.6667,0.4938,4,4.1111,0,0,0,0
4690005,1987,10105,1985,"FI","",326055,3,9,73,4,43,10,5,1,0.56,0.34,6.8,8.8,0.2,0.1,0,0
4690093,1987,10105,1986,"FI","",424770,3,4,210,1,19,1,2,1,0,0,5.5,15,0,0,0,0
4690174,1987,10105,1986,"FI","",600520,3,10,138,6,67,6,3,1,0.4444,0.5,6.6667,12.8333,0,0,0.5,0.3333
4690900,1987,10105,1983,"FI","",318995,3,8,436,1,19,17,3,0.8235,0.4444,0.6735,6.3333,14,0,0,0,0
4690991,1987,10105,1985,"FI","",397090,3,12,526,1,15,5,14,1,0.7653,0,9.5714,11.4,0,0,0,0
4691488,1987,10112,1984,"FI","",424990,3,10,248,6,69,11,2,0.5455,0.5,0.7778,8.5,24.7273,0,0,0,0
4691595,1987,10112,1985,"FI","",421200,3,2,476,5,53,4,1,0.75,0,0.4444,6,30,0,0,0,0
4691751,1987,10112,1985,"FI","",12480,3,10,144,5,51,5,3,0.8,0.4444,0.375,12,24.2,0,0,0,0
4691894,1987,10112,1985,"FI","",396295,3,12,251,5,53,3,14,0.6667,0.4082,0.5,9.2857,28,0,0,0,0
4691955,1987,10112,1986,"FI","",424990,3,14,294,5,59,2,1,0.5,0,0,4,19,0,0,0,0
4692059,1987,10112,1986,"FI","",559940,3,8,405,6,64,8,6,0.875,0.4444,0.5714,4.6667,17,0,0,0,0
4692215,1987,10112,1985,"FI","",603670,3,10,162,1,19,4,7,1,0.6122,0,9.7143,9.5,0.6667,0.5,0,0
4693023,1987,10119,1986,"FI","",,1,3,37,6,64,8,0,0.5,,0.375,,41.625,,,,
4693202,1987,10119,1985,"FI","",465425,3,5,114,5,55,5,0,0.4,,0.5,,35.4,0,0,,
4693360,1987,10119,1981,"FI","",318995,3,2,198,5,59,4,0,1,,0.375,,8.75,0,0,,
4693467,1987,10119,1985,"FI","",445650,3,5,472,6,62,10,2,0,0,,9,78.1,0,0,0,0
4693784,1987,10119,1986,"FI","",603670,3,25,162,1,19,4,11,1,0.8264,0.5,7.4545,6.75,0.25,0.25,0,0
4693816,1987,10119,1986,"FI","",424620,3,5,210,1,19,4,0,1,,0,,8.25,0,0,,
4694099,1987,10119,1986,"FI","",397090,3,12,560,1,14,2,1,1,0,0,6,5.5,0,0,0,0
4694587,1987,10126,1986,"FI","",603670,3,14,34,1,19,2,7,1,0.449,0,7.1429,10,1,0.5,0,0
4694658,1987,10126,1985,"FI","",476645,3,17,62,6,69,2,1,1,0,0,6,6.5,0,0,0,0
4694851,1987,10126,1985,"FI","",238670,3,13,137,6,69,13,2,0.3077,0,0.375,11,44.0769,0,0,0,0
4695015,1987,10126,1986,"FI","",559940,3,9,245,6,69,5,1,0,0,,7,66.8,0,0,0,0
4695188,1987,10126,1985,"FI","",397090,3,9,405,6,64,11,7,0.9091,0,0.34,5,11.3636,0,0,0,0
4695821,1987,10126,1985,"FI","",424760,3,6,338,4,41,9,0,0.6667,,0.4444,,23.6667,0,0,,
4696023,1987,10126,1984,"FI","",479340,3,29,378,4,44,5,6,1,0.6111,0.32,5.5,14,0,0,0,0
4696195,1987,10133,1985,"FI","",326055,3,11,73,4,43,11,2,0.7273,0,0.6563,6.5,21.4545,0,0,0,0
4696798,1987,10133,1986,"FI","",435465,3,8,422,1,19,4,2,1,0.5,0.75,5.5,11,0,0,0,0
4696949,1987,10133,1986,"FI","",189910,3,7,514,3,31,0,11,,0.4298,,8.0909,,,,0,0
4697607,1987,10140,1985,"FI","",238670,3,18,137,6,69,13,1,0.3846,0,0.56,8,42.7692,0,0,0,0
4698077,1987,10140,1986,"FI","",199860,3,12,96,1,13,2,2,0.5,0,0,7.5,28.5,0,0,0,0
4698101,1987,10140,1985,"FI","",552265,3,8,127,1,11,2,10,1,0.34,0.5,6.4,4.5,0,0,0,0
4698139,1987,10140,1986,"FI","",423780,3,1,205,1,19,7,1,0.7143,0,0.48,10,18.2857,0.6,0.4286,0,0
4698250,1987,10140,1986,"FI","",559940,3,12,428,6,69,2,7,1,0.7347,0,5.1429,4.5,0.5,0.5,0,0
4698832,1987,10140,1984,"FI","",479340,3,19,378,4,44,7,2,1,0.5,0.2449,8,12.4286,0,0,0,0
4698994,1987,10147,1986,"FI","",424965,3,4,72,5,52,8,0,0.75,,0.6667,,16,0,0,,
4699656,1987,10147,1986,"FI","",423780,3,13,75,5,52,1,1,0,0,,2,26,0,0,0,0
4699692,1987,10147,1986,"FI","",603670,3,3,162,1,19,8,0,1,,0.4063,,6.875,0.5714,0.5,,
4699775,1987,10147,1985,"FI","",397090,3,9,423,1,19,4,1,1,0,0.75,5,9.75,0,0,1,1
4699882,1987,10147,1985,"FI","",552265,3,18,435,3,33,12,11,0.9167,0.2975,0.1653,9.4545,13.75,0,0,0,0
4699929,1987,10147,1986,"FI","",421200,3,13,514,3,31,2,2,1,0.5,0.5,6,8,0,0,0,0
4700072,1987,10147,1985,"FI","",617465,3,3,250,4,44,3,6,1,0,0,5.3333,9.6667,0,0,0.5,0.5
4700366,1987,10147,1985,"FI","",424820,3,16,375,2,21,3,4,1,0.5,0.4444,2.75,6.3333,0,0,0,0
4700407,1987,10154,1986,"FI","",515815,3,4,2,6,63,8,14,0.375,0.2449,0,5.7857,34.875,0,0,0,0
4700486,1987,10154,1986,"FI","",459005,3,10,33,6,69,6,8,0.8333,0.4063,0.64,4.75,14.3333,0,0,0,0
4700613,1987,10154,1986,"FI","",424865,3,4,91,5,53,10,7,1,0.7347,0.18,8.2857,8.1,0,0,0,0
4700718,1987,10154,1986,"FI","",417335,3,5,460,6,61,5,0,1,,0.32,,11.6,0,0,,
4700810,1987,10154,1986,"FI","",318955,3,4,187,5,55,5,4,1,0.375,0,4.75,4,0,0,0.25,0.25
4700953,1987,10154,1985,"FI","",424890,3,5,277,6,67,15,6,0.6667,0,0.18,5.3333,22.6667,0,0,0.3333,0.3333
4702187,1987,10161,1986,"FI","",424990,3,23,114,5,55,4,1,1,0,0,3,10,0,0,0,0
4702188,1987,10161,1985,"FI","",,1,6,114,5,55,4,3,0.25,0,0,7.3333,38.5,,,,
4702326,1987,10161,1985,"FI","",424965,3,9,173,5,51,4,0,1,,0.625,,11.75,0,0,,
4702621,1987,10161,1985,"FI","",424965,3,2,384,5,59,3,5,0.3333,0.72,0,9,20,0,0,0,0
4702846,1987,10161,1986,"FI","",405430,3,14,210,1,19,10,3,0.6,0,0.6111,2.3333,29.4,0,0,0.3333,0.3333
4703846,1987,10168,1987,"FI","",423780,3,3,198,5,59,4,1,0.25,0,0,8,37.75,0,0,0,0
4704092,1987,10168,1986,"FI","",,1,4,441,6,69,11,1,0.9091,0,0.78,10,14.0909,,,,
4704140,1987,10168,1986,"FI","",424690,3,8,95,1,13,7,4,0.4286,0.375,0.4444,7.75,35.5714,0,0,0,0
4704244,1987,10168,1984,"FI","",425010,3,7,264,5,51,4,1,1,0,0.625,12,17.25,0,0,0,0
4705474,1987,10175,1986,"FI","",423780,3,18,432,6,66,7,0,0.8571,,0.7222,,12,0.2,0.1429,,
4705631,1987,10175,1986,"FI","",424965,3,8,210,1,19,2,2,1,0,0,6,10,0,0,0.5,0.5
4706582,1987,10182,1986,"FI","",328735,3,16,111,6,61,13,4,0.4615,0,0.7222,7.75,33,0,0,0,0
4707603,1987,10182,1986,"FI","",489345,3,13,250,4,44,6,12,1,0.6806,0.2778,7.1667,10,0,0,0,0
4708011,1987,10189,1986,"FI","",424965,3,34,73,4,43,3,8,0.6667,0.5,0,4.375,25.3333,0,0,0,0
4708218,1987,10189,1986,"FI","",607345,3,24,180,5,55,4,6,0.25,0.5,0,7,35.5,0,0,0,0
4708532,1987,10189,1986,"FI","",424965,3,7,405,6,64,42,2,0.7619,0.5,0.7891,7.5,16.7619,0.1304,0.0714,0,0
4708533,1987,10189,1986,"FI","",424965,3,21,405,6,64,42,1,0.7619,0,0.7891,11,16.7619,0.1304,0.0714,0,0
4708640,1987,10189,1986,"FI","",423780,3,16,432,6,66,6,0,0.8333,,0.64,,12,0,0,,
4708910,1987,10189,1986,"FI","",205025,3,13,428,6,69,0,2,,0.5,,2.5,,,,0,0
4709609,1987,10196,1986,"FI","",,1,7,83,5,51,9,2,0.5556,0.5,0.64,2,32.5556,,,,
4709732,1987,10196,1986,"FI","",261985,2,14,139,6,63,7,17,1,0,0,6.5294,3.1429,0.1429,0.1429,0.0588,0.0588
4709867,1987,10196,1986,"FI","",425000,3,21,242,5,51,5,1,1,0,0,7,7,0,0,0,0
4710060,1987,10196,1986,"FI","",603670,3,14,405,6,64,6,1,1,0,0.6111,11,8.3333,0,0,0,0
4710065,1987,10196,1986,"FI","",424965,3,4,405,6,64,41,2,0.7561,0,0.7763,6,16.9268,0.1364,0.0732,0,0
4710219,1987,10196,1986,"FI","",,1,13,71,1,11,2,1,1,0,0,4,11,,,,
4711038,1987,10203,1985,"FI","",565520,3,7,34,1,19,6,1,0.3333,0,0,5,27.8333,0,0,0,0
4711090,1987,10203,1987,"FI","",424965,3,9,60,4,45,7,7,1,0.7755,0.6122,7.4286,8.1429,0,0,0,0
4711405,1987,10203,1985,"FI","",424990,3,8,242,5,51,3,1,0.6667,0,0,11,15.3333,0,0,0,0
4711688,1987,10203,1985,"FI","",424785,3,6,156,1,19,6,7,0.8333,0.7347,0.72,6.4286,11.5,0,0,0,0
4712068,1987,10203,1984,"FI","",277100,3,11,324,4,43,10,3,0.6,0,0.2778,7.6667,18.8,0,0,0.3333,0.3333
4712086,1987,10203,1985,"FI","",424760,3,9,338,4,41,12,1,0.5833,0,0.4082,8,26.5,0,0,0,0
4712268,1987,10210,1986,"FI","",,1,4,15,6,69,1,1,0,0,,10,36,,,,
4712506,1987,10210,1986,"FI","",424990,3,11,118,1,12,3,2,0.3333,0.5,0,1,54.6667,0,0,0,0
4713103,1987,10210,1986,"FI","",424820,3,10,65,5,51,9,3,1,0.4444,0.4938,5,3.1111,0,0,0,0
4713147,1987,10210,1983,"FI","",424965,3,14,162,1,19,3,12,1,0,0,9.75,12.6667,0,0,0,0
4713495,1987,10210,1987,"FI","",397480,3,8,178,2,21,3,2,0.6667,0,0.5,9.5,15.6667,0,0,0,0
4714159,1987,10217,1986,"FI","",199220,3,3,206,6,68,4,7,0.5,0.2449,0,6.7143,24.75,0,0,0.2857,0.2857
4715122,1987,10224,1986,"FI","",199220,3,4,30,6,65,5,14,0.4,0.4694,0.5,8,31.8,0,0,0.6667,0.5714
4715276,1987,10224,1986,"FI","",,1,5,100,5,59,3,0,0.6667,,0,,35.3333,,,,
4715305,1987,10224,1985,"FI","",424990,3,19,114,5,55,6,3,1,0,0,4.6667,12.8333,0.6667,0.3333,0,0
4715635,1987,10224,1981,"FI","",425020,3,5,294,5,59,2,11,1,0.5124,0.5,10.1818,13.5,0,0,0,0
4715668,1987,10224,1985,"FI","",,1,8,305,5,55,6,2,0.8333,0.5,0,3,18.1667,,,,
4715877,1987,10224,1986,"FI","",10675,3,1,65,5,51,5,2,0.8,0,0,4,23.2,0,0,0,0
4715934,1987,10224,1985,"FI","",343890,3,39,205,1,19,6,1,1,0,0.6111,5,11.1667,0.2,0.1667,0,0
4716794,1988,10231,1986,"FI","",424965,3,3,81,5,59,3,2,0.3333,0,0,7,63.3333,0,0,0,0
4716816,1988,10231,1986,"FI","",424865,3,4,91,5,53,2,1,0.5,0,0,4,23.5,0,0,0,0
4716972,1988,10231,1985,"FI","",424990,3,13,175,6,64,7,0,1,,0.4898,,11.2857,0,0,,
4717124,1988,10231,1986,"FI","",,1,7,266,5,52,5,0,0.8,,0,,13.6,,,,
4717285,1988,10231,1986,"FI","",397090,3,20,405,6,64,4,6,1,0.4444,0.375,7.1667,12,0,0,0,0
4717419,1988,10231,1986,"FI","",423780,3,4,75,5,52,5,0,1,,0.32,,9.4,0.2,0.2,,
4717957,1988,10231,1986,"FI","",603835,3,14,348,4,49,4,9,1,0.6173,0.5,5.6667,6.5,0,0,0.1111,0.1111
4718513,1988,10238,1986,"FI","",424990,3,8,180,5,55,6,0,1,,0,,16.3333,0,0,,
4718839,1988,10238,1985,"FI","",424865,3,5,425,5,51,8,3,0.5,0.6667,0.375,8,27.5,0,0,0,0
4718979,1988,10238,1986,"FI","",424565,3,4,162,1,19,1,1,1,0,0,1,10,0,0,0,0
4719390,1988,10238,1984,"FI","",424715,3,9,315,4,42,11,9,1,0,0,5.7778,9.5455,0,0,0,0
4719780,1988,10245,1986,"FI","",215105,3,9,72,5,52,6,2,1,0.5,0,9,16.1667,0,0,0,0
4720049,1988,10245,1986,"FI","",424660,3,7,241,5,51,3,0,0.6667,,0,,28.3333,0,0,,
4720361,1988,10245,1986,"FI","",423780,3,19,261,1,19,8,2,0.875,0,0.449,6,16.5,0.6667,0.25,1,0.5
4721171,1988,10252,1986,"FI","",424965,3,5,173,5,51,5,1,1,0,0.48,4,7.4,0.2,0.2,0,0
4721266,1988,10252,1986,"FI","",424990,3,7,242,5,51,1,6,1,0.2778,0,9.1667,23,0,0,0,0
4721397,1988,10252,1986,"FI","",424675,3,7,383,6,68,8,1,0.75,0,0.7778,9,18.75,0,0,0,0
4721571,1988,10252,1983,"FI","",423780,3,6,210,1,19,8,3,0.625,0.4444,0.72,10.6667,23.25,0,0,0.3333,0.3333
4721594,1988,10252,1986,"FI","",600520,3,19,264,5,51,9,11,1,0.3967,0.5679,4.6364,10.6667,0,0,0.5714,0.3636
4722154,1988,10259,1986,"FI","",424990,3,34,52,6,69,9,2,0.8889,0.5,0.4063,6.5,8.5556,0.1667,0.1111,0,0
4723375,1988,10266,1987,"FI","",199220,3,13,451,5,51,8,4,0.5,0.375,0,3,32.5,0,0,0,0
4723395,1988,10266,1986,"FI","",424990,3,8,53,6,68,3,2,0.6667,0,0,8,26.6667,0,0,0,0
4723614,1988,10266,1986,"FI","",424795,3,11,177,6,69,4,3,1,0.6667,0.375,5.6667,9,0,0,0,0
4723900,1988,10266,1986,"FI","",322495,3,20,425,5,51,6,2,0.8333,0.5,0.72,3.5,13.8333,0,0,0,0
4724255,1988,10266,1986,"FI","",397090,3,7,526,1,15,5,4,1,0.5,0.32,6.5,6,0,0,0,0
4724756,1988,10273,1986,"FI","",274505,3,13,99,6,61,7,5,0.7143,0.72,0.56,9.4,16.7143,0,0,0,0
4725096,1988,10273,1986,"FI","",424965,3,15,299,6,64,42,0,0.7619,,0.7891,,17.7619,0.1304,0.0714,,
4726532,1988,10280,1986,"FI","",603670,3,11,242,5,51,2,3,1,0.6667,0.5,6.3333,15,0,0,0,0
4727218,1988,10280,1985,"FI","",397090,3,25,585,1,19,3,0,0.3333,,0,,30.6667,0,0,,
4728126,1988,10287,1986,"FI","",,1,6,285,6,67,14,0,0.2143,,0,,38.6429,,,,
4728219,1988,10287,1986,"FI","",424965,3,9,405,6,64,37,1,0.7568,0,0.8061,7,18.4865,0.1579,0.0811,0,0
4729279,1988,10294,1986,"FI","",424965,3,12,89,5,59,2,0,0,,,,52.5,0,0,,
4729503,1988,10294,1986,"FI","",,1,23,228,5,52,8,2,0.75,0,0.7222,5.5,21.875,,,,
4729807,1988,10294,1985,"FI","",425010,3,7,156,1,19,7,2,0.8571,0.5,0.6111,10,16.4286,0,0,0,0
4729837,1988,10294,1986,"FI","",90,3,17,210,1,19,6,3,1,0.4444,0.5,7,16.5,0,0,0,0
4730438,1988,10301,1986,"FI","",603675,3,18,53,6,68,6,3,1,0.4444,0.6667,5.3333,6.5,0,0,0.3333,0.3333
4730685,1988,10301,1986,"FI","",560130,3,63,180,5,55,11,1,0.5455,0,0.2778,4,19.6364,0,0,0,0
4731163,1988,10301,1987,"FI","",603670,3,8,162,1,19,3,3,0.6667,0,0.5,4.6667,32,0,0,0,0
4731325,1988,10301,1985,"FI","",421210,3,22,435,3,33,4,15,1,0.3378,0.375,7.0667,4.75,0,0,0,0
4731337,1988,10301,1985,"FI","",326055,3,28,436,1,19,7,19,1,0.687,0.5714,8.8421,6.7143,0,0,0.0588,0.0526
4731801,1988,10301,1985,"FI","",424820,3,11,375,2,21,3,7,1,0.2449,0,5.2857,11.6667,0,0,0,0
4732272,1988,10308,1986,"FI","",215110,3,5,206,6,68,6,0,0.5,,0,,29,0,0,,
4732509,1988,10308,1986,"FI","",424965,3,10,405,6,64,3,0,1,,0.4444,,4.6667,0.6667,0.6667,,
4732523,1988,10308,1986,"FI","",318995,3,2,414,5,51,4,2,1,0.5,0.375,8.5,14.75,0,0,0,0
4732524,1988,10308,1985,"FI","",,1,4,414,5,51,6,0,1,,0.6667,,16.8333,,,,
4732708,1988,10308,1986,"FI","",726925,3,10,554,1,14,2,0,0,,,,27,0,0,,
4733606,1988,10315,1987,"FI","",567705,3,8,454,5,59,4,0,0.75,,0.4444,,17.75,0,0,,
4733621,1988,10315,1987,"FI","",90,3,20,110,6,66,8,2,1,0.5,0.4063,8.5,4.25,0.1429,0.125,0,0
4733637,1988,10315,1987,"FI","",492995,3,8,122,6,66,7,1,0.5714,0,0.625,6,22.1429,0,0,0,0
4733976,1988,10315,1987,"FI","",424990,3,15,384,5,59,4,3,0.75,0.6667,0.4444,3.3333,16.25,0,0,0,0
4734977,1988,10322,1987,"FI","",397090,3,6,29,5,52,3,2,1,0,0.4444,5.5,4.6667,0,0,0,0
4735049,1988,10322,1986,"FI","",,1,4,60,4,45,6,0,1,,0.7778,,11.3333,,,,
4735175,1988,10322,1987,"FI","",424965,3,5,122,6,66,4,1,0.75,0,0.4444,8,25,0,0,0,0
4735539,1988,10322,1987,"FI","",424965,3,7,414,5,51,2,17,1,0.2145,0,6.4118,11.5,0,0,0,0
4735686,1988,10322,1986,"FI","",603670,3,10,162,1,19,7,5,0.8571,0,0,8.4,17.7143,0.6,0.4286,0,0
4736806,1988,10329,1987,"FI","",424965,3,6,173,5,51,8,0,0.875,,0.5714,,19.5,0.2,0.125,,
4737031,1988,10329,1987,"FI","",425005,3,9,356,4,43,10,8,1,0.5313,0.72,3.625,11,0,0,0,0
4737164,1988,10329,1987,"FI","",503510,3,6,95,1,13,8,14,0.625,0.3571,0.32,6.7143,21.25,0,0,0,0
4737186,1988,10329,1987,"FI","",423780,3,20,75,5,52,4,0,1,,0.375,,13.75,0,0,,
4737491,1988,10329,1985,"FI","",726925,3,5,424,3,31,7,4,1,0.75,0.8163,6,13.4286,0,0,0,0
4737844,1988,10329,1987,"FI","",424820,3,6,348,4,49,3,10,1,0.78,0.6667,4.3,2,0,0,0,0
4737900,1988,10329,1987,"FI","",318955,3,11,363,4,45,4,2,1,0.5,0.75,8.5,4.5,0,0,0,0
4738835,1988,10336,1986,"FI","",90,3,25,423,1,19,11,2,0.9091,0,0.64,9.5,13.0909,0,0,0,0
4739055,1988,10336,1984,"FI","",421200,3,1,544,1,14,13,0,0.8462,,0.5124,,17.3846,0.0909,0.0769,,
4739210,1988,10336,1986,"FI","",424820,3,7,210,1,19,6,0,0.8333,,0.72,,23.8333,0,0,,
4739249,1988,10336,1987,"FI","",267435,3,6,324,4,43,6,9,1,0.5926,0.5,4.2222,10.3333,0,0,0,0
4739554,1988,10343,1986,"FI","",,1,7,30,6,65,3,3,0.3333,0,0,7,43.3333,,,,
4739792,1988,10343,1987,"FI","",396295,3,3,137,6,69,2,2,1,0,0.5,5,4.5,0,0,0,0
4740100,1988,10343,1986,"FI","",603670,3,18,403,6,67,7,0,0.4286,,0.6667,,27,0,0,,
4740239,1988,10343,1986,"FI","",423780,3,3,75,5,52,3,1,0,0,,10,36.6667,0,0,0,0
4741007,1988,10343,1986,"FI","",442880,3,19,378,4,44,2,4,1,0,0,4.5,8.5,0,0,0.25,0.25
4741082,1988,10350,1987,"FI","",726925,3,6,29,5,52,5,10,1,0.74,0.64,4.4,5.2,0,0,0,0
4742549,1988,10350,1985,"FI","",170040,3,11,382,2,22,5,1,1,0,0.56,6,13.4,0,0,0,0
4742893,1988,10357,1986,"FI","",170040,3,7,187,5,55,2,6,1,0,0.5,6.5,17.5,0,0,0,0
4743042,1988,10357,1986,"FI","",,1,7,280,5,55,1,4,1,0,0,2.75,6,,,,
4743257,1988,10357,1986,"FI","",358105,3,16,623,3,39,9,18,0.8889,0.8457,0.625,6.9444,12.8889,0,0,0,0
4743850,1988,10357,1987,"FI","",277100,3,8,324,4,43,1,3,1,0.4444,0,5.3333,4,0,0,0.5,0.3333
4744722,1988,10364,1986,"FI","",465425,3,10,415,5,53,4,7,1,0.5714,0.625,8.4286,3.75,0,0,0,0
4744866,1988,10364,1986,"FI","",603670,3,11,162,1,19,2,8,1,0.4688,0,8.5,4.5,0.5,0.5,0,0
4745803,1988,10371,1986,"FI","",603020,3,10,73,4,43,6,8,1,0.5938,0.2778,8.375,11.6667,0,0,0,0
4746076,1988,10371,1986,"FI","",424990,3,23,242,5,51,1,14,1,0.1327,0,5.6429,4,0,0,0,0
4746704,1988,10371,1986,"FI","",397090,3,2,525,1,15,2,2,1,0,0,7,7,0,0,0,0
4747195,1988,10378,1986,"FI","",603670,3,22,492,5,59,4,6,1,0.2778,0.375,9.3333,7.75,0,0,0,0
4747361,1988,10378,1987,"FI","",424770,3,3,210,1,19,13,0,1,,0.6154,,11.3846,0,0,,
4747578,1988,10378,1986,"FI","",396295,3,6,251,5,53,5,5,1,0.72,0.48,7.4,15.8,0,0,0,0
4747694,1988,10378,1986,"FI","",423780,3,12,366,1,19,6,4,0.6667,0.625,0.625,7.25,25.3333,0.25,0.1667,0.25,0.25
4747748,1988,10378,1987,"FI","",267435,3,5,415,5,53,4,0,0.5,,0.5,,26.75,0,0,,
4748736,1988,10385,1986,"FI","",603670,3,10,29,5,52,15,13,1,0.6746,0.8267,5.6923,8.6,0,0,0,0
4749010,1988,10385,1986,"FI","",,1,9,141,5,51,1,14,1,0.551,0,7.5,15,,,,
4749054,1988,10385,1986,"FI","",423780,3,5,177,6,69,8,2,1,0.5,0.6563,4.5,6.625,0,0,0,0
4749139,1988,10385,1987,"FI","",603645,3,19,242,5,51,6,5,0.8333,0.56,0.32,4.4,15.1667,0,0,0,0
4750347,1988,10392,1986,"FI","",,1,9,29,5,52,14,6,0.7857,0.4444,0,5.8333,20.2143,,,,
4750590,1988,10392,1986,"FI","",318955,3,8,187,5,55,2,18,1,0,0.5,7.3333,2.5,0,0,0,0
4751033,1988,10392,1985,"FI","",463615,3,7,264,5,51,17,1,0.6471,0,0.6281,12,23.4706,0,0,0,0
4751089,1988,10392,1986,"FI","",552265,3,32,426,6,61,3,3,0.3333,0,0,4.3333,38.3333,0,0,0,0
4751654,1988,10392,1985,"FI","",603020,3,9,702,2,22,20,7,0.9,0.7755,0.6728,7.7143,9.75,0.125,0.1,0,0
4751776,1988,10399,1986,"FI","",424760,3,7,492,5,59,10,7,0.7,0.7347,0.6122,6,30.1,0,0,0,0
4752508,1988,10399,1987,"FI","",465150,3,5,427,1,12,2,3,1,0.4444,0.5,2.3333,8,0,0,0.3333,0.3333
4753019,1988,10406,1986,"FI","",90,3,13,34,1,19,8,1,0.5,0,0,5,38.375,0,0,0,0
4753038,1988,10406,1986,"FI","",184170,3,21,49,5,59,10,6,0.4,0.6111,0,7.8333,36.4,0,0,0.5,0.5
4753323,1988,10406,1987,"FI","",318955,3,4,187,5,55,2,5,0.5,0.72,0,8,23,0,0,0,0
4753338,1988,10406,1986,"FI","",,1,20,198,5,59,9,1,0.3333,0,0.4444,10,40,,,,
4754211,1988,10406,1986,"FI","",,1,10,318,4,45,8,0,0.875,,0.2449,,13.125,,,,
4754910,1988,10413,1987,"FI","",350100,3,3,227,5,59,7,1,0.5714,0,0.625,0,19.7143,0,0,0,0
4754935,1988,10413,1987,"FI","",305005,3,20,241,5,51,2,8,1,0.4688,0,4.25,9.5,0,0,0.5,0.5
4755285,1988,10413,1986,"FI","",726925,3,3,209,5,51,7,1,1,0,0.4082,7,9.2857,0,0,0,0
4755338,1988,10413,1986,"FI","",424865,3,11,264,5,51,14,4,0.8571,0,0.5417,4,16.6429,0.5556,0.3571,0,0
4755743,1988,10413,1985,"FI","",726925,3,22,324,4,43,10,6,0.9,0,0.1975,7.5,12.5,0,0,0,0
4756158,1988,10420,1985,"FI","",,1,3,60,4,45,5,0,1,,0,,8.4,,,,
4756183,1988,10420,1987,"FI","",603670,3,16,73,4,43,5,2,1,0,0.56,4.5,5.8,0,0,0,0
4756388,1988,10420,1987,"FI","",318955,3,5,187,5,55,1,3,1,0,0,7,2,0,0,0.3333,0.3333
4756790,1988,10420,1986,"FI","",424990,3,18,156,1,19,9,2,0.8889,0.5,0.6875,5.5,14.7778,0,0,0,0
4756801,1988,10420,1986,"FI","",726925,3,1,162,1,19,6,2,0.5,0.5,0.4444,6.5,18.1667,0,0,0,0
4756896,1988,10420,1987,"FI","",726925,3,19,423,1,19,4,0,0.5,,0.5,,16.5,0,0,,
4756971,1988,10420,1986,"FI","",322350,3,11,428,6,69,13,17,0.7692,0.5813,0.78,8.7647,17.2308,0,0,0,0
4757582,1988,10427,1987,"FI","",603670,3,37,492,5,59,8,13,1,0.6391,0.7188,5.6923,4.625,0.125,0.125,0,0
4757585,1988,10427,1987,"FI","",603670,3,20,492,5,59,5,13,1,0.4615,0.48,7,5.2,0,0,0,0
4757586,1988,10427,1987,"FI","",603670,3,16,492,5,59,9,2,1,0,0.1975,5.5,6,0,0,0,0
4757620,1988,10427,1987,"FI","",306065,3,19,36,6,63,5,9,1,0,0,7.7778,7.6,0,0,0,0
4757666,1988,10427,1987,"FI","",,1,14,52,6,69,4,6,0.25,0.5,0,4.5,44.75,,,,
4757708,1988,10427,1987,"FI","",603670,3,15,73,4,43,14,7,0.9286,0,0.7456,5.8571,7.9286,0.0833,0.0714,0,0
4757782,1988,10427,1986,"FI","",603670,3,8,118,1,12,7,5,0.8571,0.48,0.5,6.8,10.8571,0,0,0,0
4757879,1988,10427,1986,"FI","",,1,8,187,5,55,2,4,1,0.375,0.5,7.5,7,,,,
4757968,1988,10427,1987,"FI","",421200,3,6,248,6,69,11,1,0.7273,0,0.8125,3,23.0909,0,0,0,0
4758523,1988,10427,1985,"FI","",326055,3,7,436,1,19,2,2,1,0,0,11,1,0,0,0,0
4759539,1988,10434,1987,"FI","",,1,11,482,5,59,8,6,0.375,0,0.4444,4.6667,37.75,,,,
4759773,1988,10434,1987,"FI","",14070,3,14,44,1,19,5,0,0.6,,0.4444,,24.6,0,0,,
4759807,1988,10434,1986,"FI","",465150,3,5,148,5,52,6,1,1,0,0.6111,3,7.3333,0,0,0,0
4760055,1988,10434,1986,"FI","",603350,3,4,514,3,31,3,0,1,,0.4444,,9.3333,0,0,,
4760619,1988,10441,1987,"FI","",424770,3,11,15,6,69,5,0,0.2,,0,,40.2,0,0,,
4761238,1988,10441,1987,"FI","",305005,3,6,210,1,19,1,4,1,0.5,0,5,8,0,0,0,0
4761858,1988,10448,1986,"FI","",636985,3,17,19,1,11,6,0,0.5,,0.4444,,20.6667,0,0,,
4761892,1988,10448,1986,"FI","",423780,3,8,33,6,69,4,2,1,0.5,0,5,12.75,0,0,0,0
4761997,1988,10448,1985,"FI","",607300,3,9,73,4,43,6,1,0.8333,0,0,6,17,0,0,0,0
4762377,1988,10448,1986,"FI","",,1,2,305,5,55,4,1,0.75,0,0.4444,1,19.5,,,,
4762590,1988,10448,1986,"FI","",175835,3,7,162,1,19,10,5,0.6,0.72,0.2778,8.8,27.4,0,0,0,0
4763664,1988,10455,1987,"FI","",277100,3,5,600,3,32,5,5,0.4,0.48,0.5,5,28,0,0,0.6,0.6
4764017,1988,10455,1987,"FI","",22015,3,14,356,4,43,4,1,1,0,0.625,6,8.75,0,0,0,0
4764251,1988,10455,1985,"FI","",165900,3,16,162,1,19,5,3,0.6,0,0,6,27,0,0,0,0
4764661,1988,10455,1987,"FI","",,1,2,392,4,41,15,0,0.6,,0.6667,,26.0667,,,,
4766824,1988,10469,1986,"FI","",506165,3,8,110,6,66,4,0,0.5,,0,,46.75,0,0,,
4766922,1988,10469,1986,"FI","",202375,3,12,137,6,69,6,2,1,0.5,0.7222,9.5,15.6667,0,0,0,0
4766946,1988,10469,1987,"FI","",609180,3,6,164,5,52,3,0,0.6667,,0,,18.3333,0,0,,
4767439,1988,10469,1987,"FI","",424760,3,7,65,5,51,4,11,0.5,0,0,4.2727,35.25,0,0,0,0
4767501,1988,10469,1986,"FI","",603670,3,9,162,1,19,6,2,1,0,0,10,7.8333,0.2,0.1667,0,0
4767502,1988,10469,1987,"FI","",424900,3,8,202,1,19,14,4,0.6429,0.625,0.6667,6,28.4286,0,0,0,0
4768518,1988,10476,1986,"FI","",277100,3,12,600,3,32,10,4,1,0,0.18,3.25,9.6,0,0,0.3333,0.25
4768647,1988,10476,1986,"FI","",,1,7,198,5,59,4,3,0.25,0.4444,0,8.3333,27.25,,,,
4768721,1988,10476,1987,"FI","",424660,3,17,241,5,51,3,1,0.6667,0,0,7,18.6667,0,0,0,0
4768730,1988,10476,1987,"FI","",424965,3,4,242,5,51,8,0,0.5,,0.5,,39.125,0,0,,
4769111,1988,10476,1987,"FI","",90,3,8,162,1,19,7,24,0.8571,0.0799,0.2778,5.6667,12,0,0,0,0
4769604,1988,10476,1987,"FI","",277100,3,9,324,4,43,4,3,1,0.4444,0,3.6667,7.75,0,0,0,0
4769986,1988,10483,1986,"FI","",175835,3,1,68,6,63,4,13,1,0.6627,0.75,5.6154,6.5,0.75,0.75,0,0
4770382,1988,10483,1987,"FI","",424820,3,7,248,6,69,3,3,1,0.4444,0,7,2.6667,0,0,0,0
4770537,1988,10483,1985,"FI","",,1,19,356,4,43,2,2,1,0.5,0.5,7.5,8.5,,,,
4770755,1988,10483,1987,"FI","",166605,3,6,204,1,19,5,5,0.8,0.32,0.5,7,15.8,0,0,0,0
4771197,1988,10483,1982,"FI","",170040,3,7,310,4,45,4,8,0.5,0.4063,0.5,12.75,41.5,0,0,0,0
4771612,1988,10490,1987,"FI","",267435,3,6,62,6,69,2,2,1,0,0,5.5,12.5,0,0,0,0
4771631,1988,10490,1985,"FI","",,1,6,73,4,43,14,6,0.7857,0.5,0.843,7.8333,15.0714,,,,
4772497,1988,10490,1986,"FI","",627995,3,17,428,6,69,2,13,1,0.7361,0.5,7.4167,2,0,0,0,0
4772504,1988,10490,1986,"FI","",559940,3,13,428,6,69,5,4,1,0.625,0.64,6.75,7.2,0,0,0,0
4773655,1988,10497,1987,"FI","",424890,3,4,277,6,67,11,4,0.8182,0,0.5926,5,12.2727,0.125,0.0909,0,0
4773760,1988,10497,1986,"FI","",,1,18,356,4,43,5,7,1,0.7347,0.56,8.5714,10.4,,,,
4773838,1988,10497,1987,"FI","",322495,3,6,425,5,51,19,3,0.5263,0.4444,0.42,5.6667,31.5789,0,0,0,0
4774650,1988,10497,1987,"FI","",318955,3,2,363,4,45,6,0,1,,0,,4,0,0,,
4774987,1988,10504,1987,"FI","",318995,3,9,144,5,51,1,10,1,0.34,0,7,2,0,0,0,0
4775340,1988,10504,1987,"FI","",,1,1,440,5,55,2,1,0.5,0,0,8,36.5,,,,
4775463,1988,10504,1987,"FI","",726925,3,8,209,5,51,7,0,0.7143,,0.32,,17.5714,0,0,,
4775773,1988,10504,1986,"FI","",603670,3,30,219,4,49,11,3,0.9091,0.6667,0.18,4.3333,10.8182,0,0,0,0
4775830,1988,10504,1986,"FI","",603020,3,24,324,4,43,3,7,0.6667,0.5714,0,5.4286,13.6667,0,0,0,0
4775834,1988,10504,1987,"FI","",603670,3,6,324,4,43,1,3,1,0,0,6.6667,7,0,0,0,0
4776239,1988,10511,1986,"FI","",318970,3,19,477,5,53,3,4,1,0,0.6667,6,2.6667,0,0,0,0
4776697,1988,10511,1987,"FI","",320810,3,4,356,4,43,2,4,1,0.625,0,5.75,14.5,0,0,0,0
4776755,1988,10511,1987,"FI","",618885,3,10,415,5,53,9,2,0.8889,0.5,0.4688,4.5,14.5556,0,0,0,0
4776758,1988,10511,1987,"FI","",305005,3,17,415,5,53,7,19,1,0.5596,0.6122,3.3684,10.4286,0.25,0.1429,0.1111,0.1053
4776957,1988,10511,1987,"FI","",90,3,10,210,1,19,1,9,1,0.3457,0,4.8889,4,0,0,0.5,0.4444
4777101,1988,10511,1987,"FI","",397090,3,15,429,4,45,4,5,0.25,0,0,4.4,22.25,0,0,0,0
4777127,1988,10511,1985,"FI","",326055,3,13,435,3,33,1,2,1,0,0,10,2,0,0,0,0
4777145,1988,10511,1985,"FI","",326055,3,12,436,1,19,2,32,1,0.6953,0.5,8.3125,7,0,0,0,0
4777320,1988,10511,1987,"FI","",397090,3,4,585,1,19,7,0,0.7143,,0.56,,17.2857,0,0,,
4778122,1988,10518,1987,"FI","",90,3,15,242,5,51,4,7,0.75,0.449,0.4444,3.1429,18.25,0,0,0,0
4778346,1988,10518,1984,"FI","",423780,3,8,417,5,53,3,0,0.6667,,0.5,,11.6667,0,0,,
4778371,1988,10518,1987,"FI","",322495,3,14,425,5,51,19,2,0.5263,0.5,0.42,7,31.5789,0,0,0,0
4778413,1988,10518,1987,"FI","",,1,7,439,4,41,5,2,0.6,0,0,1.5,24.2,,,,
4779383,1988,10525,1987,"FI","",,5,10,451,5,51,6,0,0.1667,,0,,43.1667,,,,
4779552,1988,10525,1987,"FI","",424990,3,16,114,5,55,9,3,0.8889,0.4444,0.375,3.3333,18,0.3333,0.1111,0,0
4779670,1988,10525,1987,"FI","",423780,3,13,164,5,52,2,1,1,0,0,5,22.5,0,0,0,0
4779921,1988,10525,1987,"FI","",,1,8,297,6,65,12,1,0.0833,0,0,9,43.75,,,,
4780053,1988,10525,1986,"FI","",,1,36,415,5,53,6,5,1,0.56,0.6667,4.2,4.8333,,,,
4780184,1988,10525,1986,"FI","",559940,3,4,162,1,19,9,2,0.6667,0,0.2778,9.5,22.2222,0,0,0,0
4780202,1988,10525,1987,"FI","",202375,3,8,210,1,19,6,0,1,,0.2778,,17.8333,0,0,,
4780297,1988,10525,1987,"FI","",294530,2,16,423,1,19,6,0,1,,0.2778,,18.1667,0.5,0.1667,,
4780438,1988,10525,1987,"FI","",397090,3,6,502,1,19,7,4,1,0.625,0.4898,5,6.1429,0,0,0,0
4780439,1988,10525,1987,"FI","",397090,3,3,502,1,19,7,1,1,0,0.4898,4,6.1429,0,0,0,0
4780440,1988,10525,1987,"FI","",397090,3,4,502,1,19,7,1,1,0,0.4898,4,6.1429,0,0,0,0
4780441,1988,10525,1987,"FI","",397090,3,9,502,1,19,7,3,1,0,0.4898,1.3333,6.1429,0,0,0,0
4780442,1988,10525,1987,"FI","",397090,3,5,502,1,19,7,0,1,,0.4898,,6.1429,0,0,,
4780944,1988,10532,1986,"FI","",424680,3,8,29,5,52,8,2,0.5,0,0.375,7.5,28,0,0,0,0
4781135,1988,10532,1986,"FI","",424990,3,38,114,5,55,7,2,0.8571,0,0,6.5,15.1429,0.25,0.1429,0,0
4781793,1988,10532,1987,"FI","",603670,3,22,162,1,19,11,10,0.9091,0.32,0.46,5.5,13.1818,0.1,0.0909,0,0
4782568,1988,10539,1987,"FI","",424965,3,6,492,5,59,4,3,0.25,0.6667,0,2.3333,42,0,0,0.3333,0.3333
4783274,1988,10539,1987,"FI","",424735,3,11,508,5,59,3,34,1,0.0571,0,7.3529,11.6667,0,0,0,0
4783477,1988,10539,1987,"FI","",189915,3,3,514,3,31,0,3,,0.4444,,4.6667,,,,0,0
4783793,1988,10539,1986,"FI","",442880,3,24,378,4,44,6,10,1,0.18,0,7.5,4.8333,0,0,0.25,0.2
4784197,1988,10546,1987,"FI","",318995,3,9,144,5,51,0,1,,0,,5,,,,0,0
4784372,1988,10546,1987,"FI","",170040,3,4,254,5,59,6,1,0.5,0,0.6667,9,27.6667,0,0,0,0
4784726,1988,10546,1986,"FI","",90,3,20,162,1,19,4,3,0.75,0,0,7.6667,10.5,0,0,0,0
4784756,1988,10546,1986,"FI","",329235,3,8,209,5,51,3,0,0.6667,,0,,25.6667,0,0,,
4785745,1988,10553,1987,"FI","",423780,3,21,588,1,19,4,10,1,0.34,0.375,4.7,7.5,0,0,0,0
4785878,1988,10553,1986,"FI","",423780,3,3,165,6,66,9,2,0.6667,0.5,0.4444,7,20.4444,0.25,0.1111,0,0
4786187,1988,10553,1986,"FI","",423780,3,15,366,1,19,9,4,0.7778,0.375,0.5714,7,14.1111,0.1667,0.1111,0.25,0.25
4786213,1988,10553,1988,"FI","",424965,3,17,405,6,64,10,3,0.9,0.4444,0.5679,3.3333,13.9,0,0,0,0
4786242,1988,10553,1986,"FI","",424865,3,12,425,5,51,15,1,1,0,0.56,5,11.2,0.5,0.2667,0,0
4786373,1988,10553,1987,"FI","",423780,3,3,205,1,19,9,11,1,0.4298,0.642,6.0909,13.1111,0,0,0,0
4786804,1988,10553,1987,"FI","",267040,3,11,250,4,44,8,4,0.875,0.625,0.4082,6.5,11.25,0,0,0,0
4787641,1988,10560,1987,"FI","",424965,3,7,277,6,67,8,3,0.75,0,0.7222,6.6667,15.875,0,0,0,0
4788047,1988,10560,1985,"FI","",424965,3,9,423,1,19,6,10,1,0.48,0,6,8.3333,0,0,0.4,0.4
4789039,1988,10567,1984,"FI","",,1,7,180,5,55,2,3,1,0.4444,0.5,8,10.5,,,,
4789109,1988,10567,1986,"FI","",424990,3,21,242,5,51,7,10,0.8571,0,0,6.1,10,0.1667,0.1429,0,0
4790887,1988,10574,1987,"FI","",234285,3,11,148,5,52,5,1,0.6,0,0.4444,6,18.6,0,0,0,0
4791305,1988,10574,1987,"FI","",603670,3,18,250,4,44,5,0,1,,0,,6.4,0,0,,
4791346,1988,10574,1987,"FI","",318955,3,3,318,4,45,3,0,1,,0,,13,0,0,,
4791748,1988,10581,1987,"FI","",489815,3,16,42,5,59,5,0,0.2,,0,,51.2,0,0,,
4791863,1988,10581,1987,"FI","",603675,3,15,100,5,59,8,7,1,0.7755,0.5938,5.7143,3.625,0,0,0.2857,0.2857
4791879,1988,10581,1986,"FI","",424990,3,16,118,1,12,6,12,1,0.6389,0.5,5.5,7.8333,0,0,0,0
4792380,1988,10581,1987,"FI","",603670,3,13,162,1,19,5,4,1,0,0,7.5,3.8,0,0,0,0
4792381,1988,10581,1987,"FI","",603670,3,24,162,1,19,8,7,1,0.4082,0.2188,5.7143,7.5,0.2857,0.25,0,0
4792432,1988,10581,1987,"FI","",421200,3,18,422,1,19,5,1,0.8,0,0.625,6,22.4,0,0,0,0
4793250,1988,10588,1987,"FI","",603670,3,6,100,5,59,10,16,1,0.8125,0.66,7.3125,6.1,0,0,0,0
4793767,1988,10588,1987,"FI","",424770,3,7,415,5,53,4,2,0.75,0.5,0.6667,3.5,17.75,0,0,0,0
4793898,1988,10588,1986,"FI","",424745,3,21,162,1,19,4,5,1,0,0,8.2,11.25,0,0,0,0
4794266,1988,10588,1987,"FI","",603020,3,8,250,4,44,3,1,1,0,0.4444,2,11,0,0,0,0
4794799,1989,10595,1987,"FI","",,1,10,73,4,43,1,2,1,0,0,7.5,19,,,,
4795170,1989,10595,1986,"FI","",175835,3,5,277,6,67,9,0,0.5556,,0.32,,32.7778,0,0,,
4795273,1989,10595,1987,"FI","",424990,3,4,384,5,59,4,2,0.75,0.5,0.6667,5,17.25,0,0,0,0
4796342,1989,10602,1987,"FI","",603670,3,20,492,5,59,11,9,0.9091,0.642,0.74,4,9.9091,0,0,0,0
4796402,1989,10602,1987,"FI","",427495,3,6,52,6,69,7,1,0.5714,0,0.375,0,22.8571,0,0,0,0
4797675,1989,10602,1987,"FI","",170040,3,13,342,2,21,5,1,1,0,0.48,4,13,0,0,0,0
4798229,1989,10609,1987,"FI","",277100,3,4,138,6,67,6,1,0.8333,0,0.72,5,15.6667,0,0,0,0
4799015,1989,10609,1987,"FI","",277100,3,24,324,4,43,4,7,1,0.4898,0,5.4286,8,0,0,0,0
4799139,1989,10609,1987,"FI","",318955,3,8,363,4,45,6,2,1,0.5,0,5,3.1667,0,0,0,0
4799368,1989,10616,1986,"FI","",,1,6,68,6,63,9,1,0.6667,0,0.5,5,22.1111,,,,
4799425,1989,10616,1986,"FI","",465425,3,2,100,5,59,6,0,0.5,,0.4444,,34.1667,0,0,,
4799937,1989,10616,1987,"FI","",90,3,13,48,1,13,5,7,0.6,0.4082,0,5.8571,21.8,0,0,0,0
4799994,1989,10616,1986,"FI","",424965,3,10,162,1,19,4,4,1,0,0,6.25,9.25,0,0,0,0
4800386,1989,10616,1987,"FI","",318955,3,10,342,2,21,5,1,1,0,0.64,1,9.4,0,0,0,0
4800722,1989,10623,1988,"FI","",,1,10,60,4,45,2,0,1,,0,,8.5,,,,
4801758,1989,10623,1987,"FI","",397090,3,26,568,1,14,7,0,0.8571,,0.2778,,10.7143,0,0,,
