5597572,1997,13542,1993,"CU","",727579,3,11,424,3,31,7,0,1,,0.7755,,11.1429,0,0,,
5637491,1997,13675,1994,"CU","",697397,3,22,435,3,33,0,0,,,,,,,,,
5641667,1997,13689,1994,"CU","",731204,3,20,435,3,33,0,0,,,,,,,,,
5663156,1997,13759,1994,"CU","",733075,3,20,514,3,31,7,2,0.5714,0,0.375,3,24.4286,0,0,1,0.5
5712120,1998,13906,1995,"CU","",737301,3,4,435,3,33,0,0,,,,,,,,,
5731173,1998,13962,1997,"CU","",731204,3,6,435,3,33,0,0,,,,,,,,,
5747653,1998,14004,1996,"CU","",727579,3,10,530,1,15,4,0,1,,0.625,,12.75,0,0,,
5788985,1998,14095,1994,"CU","",737301,3,18,424,3,31,2,0,1,,0,,6.5,0,0,,
5817513,1998,14158,1994,"CU","",737301,3,19,435,3,33,0,0,,,,,,,,,
5856316,1999,14249,1996,"CU","",733075,3,,514,3,31,4,0,0.5,,0,,29.25,0.5,0.25,,
5891996,1999,14340,1995,"CU","",737301,3,,530,1,15,3,0,1,,0.4444,,5.3333,0,0,,
5894018,1999,14347,1996,"CU","",737301,3,,424,3,31,11,0,1,,0.6777,,5.5455,0,0,,
