3620263,1971,4337,1969,"PA","",,1,,140,5,52,,1,,0,,26,,,,,
3667920,1972,4540,1969,"PA","",397515,2,,422,1,19,,1,,0,,8,,,,0,0
3672417,1972,4561,1970,"PA","",,1,,144,5,51,,0,,,,,,,,,
3686183,1972,4617,1969,"PA","",556740,3,,546,1,14,,20,,0.27,,15.55,,,,0.05,0.05
3687931,1972,4624,1970,"PA","",556740,3,,536,1,14,,21,,0.4989,,17.0952,,,,0,0
3690357,1972,4638,1970,"PA","",,1,,144,5,51,,3,,0.6667,,12.6667,,,,,
3703265,1972,4708,1970,"PA","",,1,,244,5,55,,5,,0.32,,21.2,,,,,
3804083,1974,5219,1973,"PA","",590895,3,,606,3,32,,0,,,,,,,,,
3844124,1974,5415,1973,"PA","",590895,3,,405,6,64,,4,,0.375,,11.25,,,,0,0
3856452,1974,5471,1973,"PA","",,1,,425,5,51,,1,,0,,12,,,,,
3872873,1975,5562,1973,"PA","",590895,3,4,132,6,65,6,2,0,0.5,,20.5,38.5,0,0,0,0
3876118,1975,5576,1973,"PA","",,1,16,222,1,19,2,0,0.5,,0,,25,,,,
3881744,1975,5604,1972,"PA","",590895,3,4,280,5,55,1,5,1,0.32,0,14,1,0,0,0,0
3911520,1975,5765,1973,"PA","",590895,3,1,15,6,69,11,2,0.3636,0.5,0,19,56.9091,0,0,0,0
3929182,1975,5842,1974,"PA","",,1,4,164,5,52,8,1,0.875,0,0.2449,9,3.5,,,,
3940589,1976,5898,1973,"PA","",590895,3,2,219,4,49,17,7,0.2941,0.6122,0.56,16,30.5294,0,0,0,0
3955378,1976,5975,1974,"PA","",,1,9,464,5,53,4,2,0.25,0,0,12,45,,,,
3976194,1976,6080,1973,"PA","",,1,9,206,6,68,6,7,0.3333,0.5714,0.5,13.8571,23.5,,,,
4026626,1977,6360,1976,"PA","",465870,2,2,439,4,41,4,0,0,,,,38,0,0,,
4027778,1977,6367,1975,"PA","",590895,3,9,220,6,68,3,3,0.6667,0.4444,0.5,12,21.6667,0,0,0,0
