4049767,1977,6472,1975,"IN","",,1,13,264,5,51,5,19,0.6,0.8643,0.4444,13.4737,10.2,,,,
4053987,1977,6500,1976,"IN","",,1,12,33,6,69,2,1,0,0,,12,48.5,,,,
4055647,1977,6507,1975,"IN","",104245,2,3,514,3,31,3,1,1,0,0.6667,13,5.3333,0.5,0.3333,0,0
4056615,1977,6514,1976,"IN","",592610,3,7,424,3,31,1,2,1,0,0,19.5,2,0,0,0,0
4060646,1977,6542,1976,"IN","",726215,2,11,426,6,61,2,4,0.5,0.5,0,9,14,0,0,0,0
4061733,1977,6549,1976,"IN","",,1,9,424,3,31,0,4,,0,,7.75,,,,,
4066778,1978,6577,1976,"IN","",104245,2,13,514,3,31,3,0,1,,0.4444,,3.3333,0.6667,0.6667,,
4069005,1978,6591,1976,"IN","",,1,14,431,6,66,7,4,0.2857,0.75,0,6.5,30.4286,,,,
4081240,1978,6661,1975,"IN","",104230,3,7,8,1,11,4,1,1,0,0.375,7,10.25,0.5,0.25,0,0
4082613,1978,6668,1976,"IN","",599740,2,6,435,3,33,0,11,,0.5455,,7.4545,,,,0,0
4083550,1978,6675,1976,"IN","",,1,4,270,5,52,3,28,0.6667,0.5102,0.5,12.75,8.6667,,,,
4084053,1978,6675,1975,"IN","",104245,2,16,544,1,14,1,2,1,0,0,9,5,0,0,1,1
4088659,1978,6703,1976,"IN","",254145,3,1,549,1,14,2,24,1,0.5069,0,15.2083,3.5,0,0,0.0909,0.0833
4089147,1978,6710,1976,"IN","",,1,12,52,6,69,6,6,0.8333,0.6111,0.56,7.8333,19.8333,,,,
4096240,1978,6745,1976,"IN","",726215,2,18,424,3,31,2,6,1,0.2778,0,12.6667,2.5,0.5,0.5,0,0
4101562,1978,6773,1977,"IN","",726215,2,7,554,1,14,6,0,0.1667,,0,,23.6667,0,0,,
4102938,1978,6780,1977,"IN","",,1,15,585,1,19,3,4,0,0.375,,7,37.6667,,,,
4116965,1978,6843,1976,"IN","",104245,2,12,546,1,14,1,1,1,0,0,22,1,1,1,0,0
4118508,1978,6850,1977,"IN","",254145,3,3,514,3,31,1,23,1,0.31,0,12.913,7,0,0,0.0909,0.087
4131158,1978,6934,1977,"IN","",275660,3,7,165,6,66,3,25,0.6667,0.7264,0.5,7,9,0,0,0,0
4134986,1979,6955,1977,"IN","",254145,3,7,514,3,31,1,37,1,0.4806,0,11.9189,8,0,0,0.0882,0.0811
4137397,1979,6969,1976,"IN","",469210,3,3,536,1,14,1,1,1,0,0,16,4,0,0,0,0
4147268,1979,7032,1976,"IN","",,1,8,215,6,68,5,37,1,0.0526,0.32,11.2973,6.6,,,,
4150001,1979,7046,1977,"IN","",726215,2,3,510,1,19,3,2,1,0,0,18.5,11,0,0,0,0
4150229,1979,7046,1977,"IN","",104245,2,12,544,1,14,0,1,,0,,8,,,,0,0
4153256,1979,7067,1977,"IN","",48900,2,4,369,2,24,3,3,0.6667,0,0,4,18.3333,0,0,0,0
4153618,1979,7067,1977,"IN","",104245,2,5,549,1,14,4,1,1,0,0.5,21,3,0,0,0,0
4160774,1979,7130,1978,"IN","",83535,3,4,554,1,14,3,0,0.6667,,0,,14.6667,0,0,,
4161482,1979,7137,1977,"IN","",269645,3,1,554,1,14,7,1,0.1429,0,0,5,32.1429,0,0,0,0
4161519,1979,7137,1977,"IN","",19830,3,9,424,3,31,0,25,,0.656,,9.32,,,,0,0
4179321,1979,7291,1978,"IN","",195840,2,5,156,1,19,6,3,0.5,0.6667,0.6667,2.3333,23.3333,0,0,0,0
4179455,1979,7291,1978,"IN","",83535,3,9,554,1,14,5,0,0.8,,0.375,,6.8,0,0,,
4179456,1979,7291,1978,"IN","",83535,3,8,554,1,14,4,0,1,,0.375,,4,0,0,,
4180425,1979,7298,1978,"IN","",269610,3,16,149,1,19,1,0,0,,,,41,0,0,,
4191746,1980,7368,1979,"IN","",19830,3,6,424,3,31,0,0,,,,,,,,,
4225313,1980,7578,1974,"IN","",104230,3,12,8,1,11,4,0,0.75,,0,,16,0,0,,
4233095,1980,7620,1978,"IN","",269610,3,19,149,1,19,1,1,1,0,0,4,3,0,0,0,0
4238458,1980,7648,1978,"IN","",555630,3,7,423,1,19,5,5,0.6,0.72,0.6667,9.6,15,0,0,0,0
4243772,1981,7676,1978,"IN","",,1,6,525,1,15,4,2,1,0.5,0.625,3.5,8.75,,,,
4255773,1981,7739,1979,"IN","",,1,6,361,4,45,5,1,1,0,0.32,18,8,,,,
4285913,1981,7907,1980,"IN","",595200,2,6,423,1,19,1,4,1,0,0,7,15,0,0,0,0
4291365,1981,7935,1980,"IN","",,1,8,362,4,42,1,3,1,0.6667,0,5.6667,6,,,,
4297365,1981,7970,1979,"IN","",104245,2,10,514,3,31,6,1,1,0,0.5,2,3.6667,0,0,1,1
4299959,1981,7984,1979,"IN","",104245,2,5,544,1,14,4,2,1,0.5,0.5,17,5,0,0,0,0
4354033,1982,8320,1981,"IN","",124835,3,4,560,1,14,3,6,1,0,0.4444,13.1667,8.6667,0,0,0,0
4362789,1982,8376,1981,"IN","",625115,2,9,429,4,45,14,9,1,0.3704,0.2551,10.1111,10.7857,0,0,0.125,0.1111
4364459,1982,8390,1980,"IN","",158915,3,13,477,5,53,7,3,0.8571,0,0.6111,2.3333,8.8571,0,0,0,0
4366000,1982,8397,1981,"IN","",,1,35,106,1,12,12,0,1,,0.4444,,7.8333,,,,
4367096,1983,8404,1981,"IN","",,1,36,106,1,12,5,2,0.8,0.5,0,5,13.4,,,,
4370422,1983,8425,1980,"IN","",134180,3,13,501,1,19,5,3,0.8,0.6667,0.625,6.6667,11.6,0,0,0,0
4374824,1983,8453,1981,"IN","",,4,4,424,3,31,11,10,0,0.42,,10.4,59.1818,,,,
4378225,1983,8488,1981,"IN","",,1,15,8,1,11,3,0,0.3333,,0,,26.3333,,,,
4386097,1983,8551,1981,"IN","",104245,2,3,514,3,31,4,0,1,,0.375,,3.75,0.25,0.25,,
4393244,1983,8593,1981,"IN","",269610,3,10,568,1,14,7,1,0.7143,0,0.72,7,14.7143,0,0,0,0
4397345,1983,8621,1979,"IN","",626315,3,14,152,5,55,9,1,0.7778,0,0.4898,16,14.7778,0,0,0,0
4399265,1983,8628,1983,"IN","",214980,3,18,528,1,15,10,3,0.8,0.4444,0.75,9.3333,12.5,0,0,0,0
4399964,1983,8635,1981,"IN","",,1,11,244,5,55,4,0,0.75,,0,,21,,,,
4400506,1983,8635,1981,"IN","",254145,3,5,544,1,14,6,5,0.8333,0.48,0.56,4.2,14.5,0,0,0.4,0.4
4404015,1983,8656,1981,"IN","",726215,2,9,504,1,11,3,8,0.3333,0.6563,0,8.75,20.3333,0,0,0,0
4409044,1983,8684,1982,"IN","",269610,3,10,149,1,19,7,5,1,0,0,7.4,1.1429,0,0,0,0
4411748,1983,8698,1981,"IN","",231540,2,9,205,1,19,3,0,1,,0.6667,,12.6667,0,0,,
4412849,1983,8705,1981,"IN","",315710,3,5,95,1,13,6,4,1,0.375,0.4444,9.75,12.6667,0,0,0,0
