4433115,1984,8817,1983,"IN","",597260,6,20,525,1,15,9,2,1,0.5,0.6667,6.5,3.4444,0,0,0,0
4440578,1984,8859,1982,"IN","",,1,10,106,1,12,3,1,1,0,0,15,10,,,,
4445486,1984,8887,1983,"IN","",314655,3,2,123,5,53,16,2,0.0625,0.5,0,8,59.1875,0,0,0,0
4447622,1984,8894,1981,"IN","",124835,3,2,548,1,14,1,14,1,0.1327,0,14.9286,3,0,0,0,0
4450268,1984,8908,1982,"IN","",597260,6,12,528,1,15,1,0,1,,0,,3,0,0,,
4452392,1984,8922,1981,"IN","",,1,5,238,5,55,7,2,0.4286,0,0,6,31.1429,,,,
4456632,1984,8943,1982,"IN","",141905,2,10,427,1,12,3,2,1,0,0.4444,12,14,0,0,0,0
4462762,1984,8978,1982,"IN","",,1,1,417,5,53,7,0,0.1429,,0,,66,,,,
4463963,1984,8985,1981,"IN","",,1,4,280,5,55,4,1,0.25,0,0,12,40.25,,,,
4477809,1984,9055,1982,"IN","",218550,2,34,340,2,21,6,33,1,0.7493,0.7778,8.2727,5.1667,0,0,0.0625,0.0606
4479948,1984,9069,1982,"IN","",254145,3,12,514,3,31,0,0,,,,,,,,,
4482556,1984,9083,1980,"IN","",254145,3,13,514,3,31,2,4,0.5,0,0,6.5,21.5,0,0,0.75,0.75
4491670,1985,9132,1983,"IN","",269610,3,8,560,1,14,1,8,1,0,0,2.625,10,0,0,0,0
4494369,1985,9153,1982,"IN","",124835,3,8,57,6,63,3,0,0,,,,56.3333,0,0,,
4496701,1985,9160,1983,"IN","",597260,6,13,526,1,15,3,1,1,0,0.4444,5,12.3333,0,0,0,0
4499260,1985,9174,1982,"IN","",597260,6,40,528,1,15,15,7,0.8,0.2449,0.4167,8.5714,18.4667,0.1,0.0667,0,0
4509692,1985,9230,1983,"IN","",,1,5,239,5,59,2,2,1,0,0.5,8,6.5,,,,
4522755,1985,9293,1983,"IN","",597260,6,5,540,1,14,0,1,,0,,9,,,,0,0
4534485,1985,9356,1984,"IN","",,1,7,220,6,68,4,2,1,0,0.5,6,5.5,,,,
4537834,1985,9370,1984,"IN","",597260,6,12,428,6,69,6,2,1,0.5,0.5,5,6.1667,0,0,0,0
4544666,1985,9405,1983,"IN","",440085,2,6,514,3,31,3,1,0.6667,0,0.5,15,10,0,0,0,0
4550177,1985,9433,1984,"IN","",597260,6,7,548,1,14,21,8,1,0.8125,0.8617,3.75,9.1905,0,0,0.125,0.125
4563339,1986,9503,1984,"IN","",124835,7,17,423,1,19,1,0,0,,,,24,0,0,,
4568758,1986,9531,1983,"IN","",269610,3,3,549,1,14,3,0,1,,0.6667,,6,0,0,,
4578754,1986,9580,1984,"IN","",625115,2,12,701,2,22,7,3,1,0.4444,0.4082,8.6667,8.1429,0.3333,0.2857,0,0
4578871,1986,9587,1984,"IN","",416135,3,17,33,6,69,6,1,0.8333,0,0,10,14.3333,0,0,0,0
4579782,1986,9587,1985,"IN","",597260,6,13,428,6,69,2,4,1,0.625,0.5,5.5,11.5,0,0,0,0
4582807,1986,9601,1982,"IN","",,1,12,435,3,33,4,2,1,0,0,8.5,9.75,,,,
4590197,1986,9636,1984,"IN","",254145,3,8,514,3,31,5,0,1,,0.48,,5.4,0.4,0.4,,
4595255,1986,9664,1983,"IN","",193720,2,13,385,2,21,3,30,1,0.1244,0,8.9667,3,0,0,0,0
4598148,1986,9678,1984,"IN","",254145,3,2,544,1,14,3,2,0.6667,0,0,5,16.6667,1,0.3333,1,1
4599409,1986,9685,1984,"IN","",254145,3,6,544,1,14,5,0,0.6,,0,,24.8,0,0,,
4599865,1986,9692,1985,"IN","",,1,10,60,4,45,1,0,1,,0,,17,,,,
4600769,1986,9692,1985,"IN","",597260,6,6,528,1,15,2,19,1,0.7701,0.5,8.4737,11.5,0,0,0,0
4603137,1986,9706,1984,"IN","",254145,3,2,514,3,31,1,3,1,0,0,8,17,0,0,0.6667,0.6667
4605430,1986,9720,1984,"IN","",227150,3,56,71,1,11,0,1,,0,,8,,,,0,0
4605667,1986,9720,1985,"IN","",595200,2,20,514,3,31,2,1,1,0,0,1,2.5,0,0,1,1
4618445,1986,9790,1984,"IN","",726215,2,5,510,1,19,6,1,1,0,0.6667,12,10,0,0,0,0
4619264,1986,9797,1984,"IN","",,1,25,607,3,32,3,7,1,0.449,0.4444,7.7143,4.6667,,,,
4626537,1986,9832,1986,"IN","",104245,2,5,514,3,31,3,1,1,0,0.4444,3,8.6667,0,0,0,0
4634759,1987,9867,1985,"IN","",597260,6,17,528,1,15,1,4,1,0.75,0,3.5,2,1,1,0,0
4637901,1987,9881,1985,"IN","",595200,2,14,562,1,14,2,0,1,,0,,22.5,0,0,,
4641661,1987,9902,1985,"IN","",,1,17,600,3,32,16,17,0.625,0.1107,0.48,6.8824,23.5625,,,,
4649189,1987,9930,1985,"IN","",597260,6,15,528,1,15,2,2,1,0,0,7,11,0,0,0,0
4668589,1987,10007,1985,"IN","",597260,6,20,428,6,69,7,1,1,0,0.6939,4,8.5714,0,0,0,0
4673687,1987,10028,1985,"IN","",532890,2,8,514,3,31,3,0,0.6667,,0.5,,12,0,0,,
4680301,1987,10056,1985,"IN","",104245,2,12,514,3,31,2,1,1,0,0,7,6.5,1,1,1,1
4680418,1987,10056,1985,"IN","",266000,3,10,549,1,14,2,1,1,0,0.5,6,6,0,0,0,0
4686233,1987,10084,1986,"IN","",595200,2,15,514,3,31,3,0,1,,0,,2.6667,0.3333,0.3333,,
4692496,1987,10112,1986,"IN","",381140,2,9,525,1,15,1,2,1,0.5,0,5.5,1,1,1,0,0
4699628,1987,10147,1986,"IN","",44425,3,16,8,1,11,5,1,0.8,0,0.375,1,26.4,0,0,0,0
4714625,1987,10217,1985,"IN","",,1,16,427,1,12,0,16,,0.7109,,6.625,,,,,
4724238,1988,10266,1986,"IN","",254145,3,4,514,3,31,5,6,1,0.2778,0,5.5,5.2,0.6,0.6,0.25,0.1667
4731474,1988,10301,1986,"IN","",124835,3,12,562,1,14,0,0,,,,,,,,,
4734404,1988,10315,1986,"IN","",474335,3,9,514,3,31,4,0,1,,0,,10,0,0,,
4738958,1988,10336,1986,"IN","",254145,3,3,514,3,31,0,6,,0,,8.8333,,,,0,0
4739653,1988,10343,1986,"IN","",416000,3,9,73,4,43,7,2,0.7143,0.5,0.72,4.5,18.7143,0,0,0,0
4742045,1988,10350,1986,"IN","",519195,2,36,514,3,31,6,6,1,0.7222,0.6111,6.5,4.5,0.1667,0.1667,0,0
4748263,1988,10378,1986,"IN","",597260,6,3,558,1,14,1,1,1,0,0,3,22,0,0,0,0
4753887,1988,10406,1986,"IN","",599740,2,20,435,3,33,8,2,1,0.5,0.5313,5,4.375,0,0,0,0
4756163,1988,10420,1986,"IN","",,1,17,62,6,69,7,2,0.4286,0,0.4444,11.5,32.8571,,,,
4764615,1988,10455,1986,"IN","",124835,3,7,546,1,14,0,1,,0,,10,,,,0,0
4780312,1988,10525,1986,"IN","",393385,7,25,424,3,31,1,12,1,0.2917,0,7.8333,9,0,0,0.0909,0.0833
4783172,1988,10539,1987,"IN","",,1,11,366,1,19,9,3,0.8889,0.4444,0.5625,3.6667,15.4444,,,,
4786405,1988,10553,1986,"IN","",21520,3,7,208,1,19,14,2,0.7857,0,0.1653,4,17.3571,0,0,0,0
4787943,1988,10560,1987,"IN","",597180,6,6,148,5,52,9,6,1,0.2778,0.6667,3.8333,10.5556,0,0,0,0
4794870,1989,10595,1987,"IN","",,1,11,110,6,66,3,1,1,0,0,7,4.6667,,,,
