5194537,1993,12128,1990,"IN","",124835,3,8,526,1,15,2,0,1,,0,,18,0,0,,
5196197,1993,12135,1990,"IN","",393385,7,8,424,3,31,0,3,,0,,3.3333,,,,0,0
5206241,1993,12170,1991,"IN","",254145,3,8,514,3,31,2,1,1,0,0.5,3,15,1,1,0,0
5206504,1993,12170,1991,"IN","",597260,6,19,250,4,44,4,7,1,0.7755,0.75,4,17.5,0,0,0,0
5219354,1993,12219,1990,"IN","",,1,18,606,3,32,4,9,0.5,0.3704,0,5.2222,27.75,,,,
5219813,1993,12219,1992,"IN","",124835,3,18,502,1,19,6,1,1,0,0.5,2,4.6667,0,0,0,0
5219865,1993,12219,1992,"IN","",254145,3,2,514,3,31,2,1,1,0,0,3,8.5,0.5,0.5,0,0
5223498,1993,12233,1989,"IN","",71345,3,45,514,3,31,61,3,1,0.4444,0.7713,5.3333,13.5902,0,0,0,0
5225427,1993,12240,1991,"IN","",254145,3,7,514,3,31,5,1,1,0,0.48,4,2.6,0,0,0,0
5240959,1993,12296,1992,"IN","",254145,3,2,514,3,31,4,0,1,,0.375,,7,0.25,0.25,,
5244665,1993,12310,1992,"IN","",101385,2,10,424,3,31,8,14,1,0.3367,0.6563,3.4286,6.75,0,0,0.1818,0.1429
5246927,1993,12317,1992,"IN","",104245,2,20,514,3,31,4,2,1,0.5,0,2.5,9.25,1,1,0,0
5246930,1993,12317,1991,"IN","",254145,3,7,514,3,31,1,0,1,,0,,3,0,0,,
5250411,1993,12331,1990,"IN","",14910,3,16,435,3,33,6,1,1,0,0.6111,6,4,0,0,0,0
5250682,1993,12331,1991,"IN","",254145,3,6,540,1,14,3,0,1,,0.4444,,4,0,0,,
5252598,1993,12338,1992,"IN","",254145,3,11,514,3,31,1,0,1,,0,,8,0,0,,
5252698,1993,12338,1992,"IN","",538840,2,20,528,1,15,7,3,1,0.4444,0.7755,3,5.7143,0,0,0,0
5254568,1993,12345,1992,"IN","",124835,3,12,514,3,31,2,31,1,0.2851,0.5,3.3226,25,0,0,0,0
5262045,1993,12373,1991,"IN","",124835,3,5,208,1,19,10,0,1,,0.78,,6.8,0.1,0.1,,
5266659,1993,12387,1992,"IN","",124835,3,6,525,1,15,2,5,1,0.56,0,4.6,12,0,0,0,0
5266702,1993,12387,1990,"IN","",124835,3,4,548,1,14,2,0,1,,0.5,,8.5,0,0,,
5268471,1993,12394,1993,"IN","",254145,3,9,540,1,14,0,0,,,,,,,,,
5269336,1993,12401,1992,"IN","",244070,3,8,137,6,69,11,1,0.4545,0,0.32,4,31.5455,0,0,0,0
5270022,1993,12401,1992,"IN","",697377,3,2,423,1,19,2,0,0.5,,0,,26.5,0,0,,
5270182,1993,12401,1992,"IN","",254145,3,5,435,3,33,5,0,1,,0.64,,6.2,0,0,,
5271935,1993,12408,1992,"IN","",254145,3,6,424,3,31,7,2,0.8571,0.5,0.7222,4,13.7143,0,0,0,0
5274107,1993,12415,1992,"IN","",124835,3,7,548,1,14,0,0,,,,,,,,,
5281271,1994,12443,1992,"IN","",698487,3,8,106,1,12,6,0,1,,0,,9.5,0,0,,
5282237,1994,12443,1991,"IN","",695811,2,12,379,2,21,5,9,1,0.5926,0.32,3.6667,2.6,0,0,0,0
5284856,1994,12457,1992,"IN","",254145,3,3,514,3,31,3,3,1,0,0.4444,4.3333,11.6667,0.6667,0.6667,0.3333,0.3333
5288838,1994,12471,1992,"IN","",124835,3,11,528,1,15,1,4,1,0.625,0,3.75,25,0,0,0,0
5291101,1994,12478,1992,"IN","",704899,2,7,315,4,42,7,2,1,0,0.2449,1.5,7,0,0,0,0
5292751,1994,12485,1992,"IN","",254145,3,6,514,3,31,1,0,1,,0,,4,1,1,,
5294301,1994,12492,1992,"IN","",394095,2,9,162,1,19,2,1,1,0,0,5,14,0,0,0,0
5298247,1994,12506,1992,"IN","",700065,3,11,424,3,31,6,0,1,,0.5,,4,0,0,,
5302720,1994,12520,1992,"IN","",700464,3,33,546,1,14,16,1,0.9375,0,0.7022,2,17.25,0,0,0,0
5306360,1994,12534,1991,"IN","",,1,9,148,5,52,10,20,1,0.81,0.34,4.5,12.2,,,,
5306854,1994,12534,1992,"IN","",124835,3,10,585,1,19,8,0,1,,0,,4.625,0,0,,
5312896,1994,12555,1992,"IN","",538840,2,19,528,1,15,7,0,1,,0.4898,,6.8571,0,0,,
5314034,1994,12562,1991,"IN","",,1,5,180,5,55,6,3,0.3333,0,0.5,5,46.5,,,,
5326372,1994,12604,1992,"IN","",702698,3,23,623,3,39,17,6,1,0,0,3.6667,7.4118,0,0,0,0
5327342,1994,12604,1993,"IN","",,1,12,345,2,23,5,7,1,0.5714,0.56,1.7143,6,,,,
5336825,1994,12639,1992,"IN","",124835,3,15,585,1,19,4,1,1,0,0,5,6.25,0,0,0,0
5338488,1994,12646,1992,"IN","",703872,3,15,252,1,19,5,3,0.4,0.4444,0.5,2.6667,31.8,0,0,0,0
5340908,1994,12653,1993,"IN","",124835,3,14,528,1,15,3,3,1,0,0.4444,3.3333,16.6667,0,0,0.3333,0.3333
5347000,1994,12674,1993,"IN","",464260,3,10,540,1,14,8,2,1,0,0,0.5,12.25,0.125,0.125,0,0
5355365,1994,12702,1993,"IN","",696679,2,3,370,2,21,6,31,1,0.4724,0.5,2.129,4.1667,0,0,0.6,0.5806
5358679,1994,12716,1993,"IN","",,1,2,264,5,51,3,2,1,0.5,0.6667,1.5,9.6667,,,,
5368369,1994,12751,1993,"IN","",124835,3,3,299,6,64,1,1,1,0,0,3,20,0,0,1,1
5368835,1994,12751,1993,"IN","",124835,3,10,423,1,19,7,3,1,0.4444,0.6122,1.6667,7.5714,0,0,0,0
5369604,1994,12751,1993,"IN","",570160,2,9,702,2,22,6,3,1,0.4444,0.2778,0.3333,9.8333,0.2,0.1667,0,0
5373008,1994,12765,1993,"IN","",71345,3,33,514,3,31,2,0,1,,0.5,,16,0,0,,
5373988,1994,12772,1991,"IN","",,1,13,238,5,55,9,0,1,,0,,8.6667,,,,
5374187,1994,12772,1993,"IN","",,1,7,433,3,39,15,1,1,0,0,4,7.3333,,,,
5380648,1995,12793,1990,"IN","",14910,3,17,435,3,33,4,2,1,0.5,0,4.5,9.25,0,0,0,0
5384724,1995,12807,1991,"IN","",570160,2,12,708,2,22,4,4,1,0.625,0.375,4.5,13,0.25,0.25,0,0
5387351,1995,12821,1993,"IN","",,1,10,508,5,59,3,0,1,,0.4444,,4,,,,
5387670,1995,12821,1991,"IN","",254145,3,3,530,1,15,0,0,,,,,,,,,
5387702,1995,12821,1993,"IN","",124835,3,12,549,1,14,0,1,,0,,4,,,,1,1
5389286,1995,12828,1992,"IN","",599695,2,10,252,1,19,2,2,1,0,0.5,3,2.5,0.5,0.5,0,0
5395951,1995,12849,1992,"IN","",124835,3,1,549,1,14,1,3,1,0.4444,0,4,5,0,0,0.6667,0.6667
5398848,1995,12863,1993,"IN","",,1,5,222,1,19,9,1,0.6667,0,0.5,4,22.3333,,,,
5399198,1995,12863,1994,"IN","",,1,8,118,1,12,7,1,0.7143,0,0.64,3,18.4286,,,,
5399490,1995,12863,1991,"IN","",14910,3,30,435,3,33,2,1,1,0,0.5,4,6,0,0,0,0
5399943,1995,12863,1992,"IN","",704899,2,9,315,4,42,4,1,1,0,0,5,5.75,0,0,0,0
5401494,1995,12870,1993,"IN","",491585,3,3,514,3,31,1,0,1,,0,,9,0,0,,
5401546,1995,12870,1993,"IN","",,1,8,428,6,69,8,3,1,0.4444,0.2188,3.3333,7,,,,
5401843,1995,12870,1994,"IN","",124835,3,10,540,1,14,1,0,1,,0,,13,0,0,,
5407652,1995,12891,1993,"IN","",174605,2,23,423,1,19,1,1,1,0,0,2,3,0,0,0,0
5410044,1995,12898,1993,"IN","",464260,3,18,540,1,14,6,3,1,0,0,3,13,0,0,0,0
5411927,1995,12905,1992,"IN","",124835,3,5,502,1,19,6,4,1,0.625,0.6111,4.25,9.6667,0,0,0,0
5416094,1995,12919,1993,"IN","",254145,3,7,514,3,31,4,7,1,0,0.375,2.7143,14.25,0.5,0.5,0.8571,0.8571
5420968,1995,12933,1993,"IN","",280070,2,9,345,2,23,7,9,1,0.716,0.6939,2.8889,5,0.2,0.1429,0.1111,0.1111
5428011,1995,12961,1992,"IN","",712422,3,10,514,3,31,2,0,1,,0.5,,5,0,0,,
5431869,1995,12975,1993,"IN","",124835,3,11,264,5,51,2,1,1,0,0.5,3,14,0,0,0,0
5433021,1995,12982,1993,"IN","",16035,3,14,36,6,63,4,4,1,0.625,0.375,4.25,7,0,0,0,0
5434059,1995,12982,1993,"IN","",,1,8,435,3,33,3,0,1,,0.4444,,10,,,,
5435383,1995,12989,1994,"IN","",,1,3,165,6,66,8,2,0.625,0,0,3.5,25.5,,,,
5439891,1995,13003,1993,"IN","",,1,4,514,3,31,0,1,,0,,3,,,,,
5450359,1995,13038,1993,"IN","",714495,3,11,710,2,22,7,0,1,,0.7347,,3.2857,0,0,,
5451570,1995,13045,1992,"IN","",254145,3,3,514,3,31,6,2,0.8333,0.5,0.64,3.5,9.8333,0,0,0.5,0.5
5451611,1995,13045,1994,"IN","",124835,3,9,521,1,15,3,2,1,0.5,0,1.5,10.6667,0,0,0,0
5453553,1995,13052,1993,"IN","",124835,3,9,585,1,19,6,1,1,0,0,4,8.1667,0,0,0,0
5455163,1995,13059,1994,"IN","",124835,3,8,435,3,33,1,0,1,,0,,8,0,0,,
5458718,1995,13073,1994,"IN","",706687,3,7,156,1,19,9,1,0.6667,0,0.7222,3,17.8889,0,0,0,0
5458826,1995,13073,1993,"IN","",538805,3,9,264,5,51,4,0,1,,0.375,,5.75,0.25,0.25,,
5461013,1995,13080,1994,"IN","",124835,3,6,501,1,19,2,0,1,,0.5,,16,0,0,,
5464622,1995,13094,1992,"IN","",480850,2,2,424,3,31,14,0,1,,0.8061,,9.5714,0,0,,
5469188,1995,13108,1992,"IN","",565820,2,8,345,2,23,3,2,1,0.5,0.6667,3.5,8.6667,0,0,0.5,0.5
5477488,1995,13136,1994,"IN","",570160,2,8,365,2,24,6,1,1,0,0.4444,3,1.1667,0,0,0,0
5479322,1995,13143,1993,"IN","",193820,2,16,362,4,42,6,3,0.8333,0,0,3,18.3333,0.3333,0.1667,0.3333,0.3333
5488075,1996,13178,1994,"IN","",,1,7,522,1,15,8,1,0.75,0,0.7222,2,22.25,,,,
5488195,1996,13178,1994,"IN","",,1,11,84,6,69,10,0,1,,0.8,,7.2,,,,
5491069,1996,13192,1994,"IN","",599425,2,14,435,3,33,3,3,1,0,0.4444,0.6667,6.6667,0,0,0.3333,0.3333
5493061,1996,13199,1994,"IN","",124835,3,6,568,1,14,9,0,1,,0.4938,,13,0,0,,
5494668,1996,13206,1994,"IN","",,1,12,424,3,31,4,6,1,0.2778,0.375,2.3333,7.25,,,,
5498801,1996,13220,1994,"IN","",718857,3,20,568,1,14,4,4,1,0.375,0.625,1.75,7,0,0,0,0
5501855,1996,13234,1993,"IN","",,1,7,424,3,31,1,0,1,,0,,3,,,,
5502241,1996,13234,1994,"IN","",124835,3,12,560,1,14,4,0,1,,0,,11,0,0,,
5502402,1996,13234,1995,"IN","",570160,2,4,326,4,46,7,1,1,0,0.2449,2,3.5714,0,0,1,1
5506196,1996,13248,1993,"IN","",719573,2,3,505,4,46,2,0,1,,0,,4.5,0,0,,
5508637,1996,13255,1995,"IN","",570160,2,3,326,4,46,4,3,1,0,0,1.6667,1.75,0.25,0.25,0.3333,0.3333
5510490,1996,13262,1995,"IN","",124835,3,9,546,1,14,0,0,,,,,,,,,
5513271,1996,13269,1993,"IN","",635240,2,31,382,2,22,14,2,1,0.5,0.8469,0,10.6429,0.3333,0.2857,1,1
5516906,1996,13283,1995,"IN","",720550,3,7,544,1,14,1,0,1,,0,,24,0,0,,
5522022,1996,13297,1993,"IN","",635240,2,30,345,2,23,4,5,1,0.64,0.5,2,3,0,0,0.6,0.6
5528558,1996,13318,1994,"IN","",,1,22,368,6,69,7,2,1,0,0.5714,2.5,4.4286,,,,
5529778,1996,13325,1994,"IN","",,1,12,424,3,31,0,2,,0,,3,,,,,
5534212,1996,13339,1995,"IN","",726215,2,8,264,5,51,11,0,0.8182,,0.5679,,18.4545,0.125,0.0909,,
5534429,1996,13339,1994,"IN","",124835,3,15,435,3,33,3,0,1,,0,,2.6667,0,0,,
5534806,1996,13339,1994,"IN","",132165,2,12,327,4,41,3,2,1,0.5,0.4444,2.5,1.6667,0,0,0.5,0.5
5536087,1996,13346,1995,"IN","",124835,3,4,384,5,59,6,0,1,,0.2778,,13.5,0,0,,
5536830,1996,13346,1995,"IN","",464260,3,12,540,1,14,3,1,1,0,0,2,22,0,0,0,0
5545663,1996,13374,1994,"IN","",491585,3,3,514,3,31,1,0,1,,0,,10,0,0,,
5547870,1996,13381,1994,"IN","",698482,3,5,435,3,33,3,2,1,0.5,0.6667,2,6.3333,0,0,0,0
5547905,1996,13381,1994,"IN","",124835,3,10,502,1,19,3,0,1,,0.6667,,12.6667,0,0,,
5548933,1996,13388,1994,"IN","",124835,3,5,52,6,69,7,0,0.2857,,0.5,,54.4286,0,0,,
5549931,1996,13388,1995,"IN","",124835,3,8,427,1,12,4,0,1,,0.625,,13,0,0,,
5555587,1996,13409,1995,"IN","",682688,2,7,15,6,69,9,0,0.7778,,0,,30.2222,0,0,,
5565723,1996,13437,1994,"IN","",,1,2,310,4,45,10,1,0.7,0,0.5714,3,28.1,,,,
