4803204,1989,10630,1987,"IN","",254145,3,7,514,3,31,4,1,1,0,0.375,8,8,0.75,0.75,0,0
4808251,1989,10651,1987,"IN","",266000,3,8,149,1,19,2,4,1,0.375,0,3.75,4,0,0,0,0
4812252,1989,10665,1988,"IN","",726215,2,9,510,1,19,0,0,,,,,,,,,
4816034,1989,10679,1986,"IN","",44425,3,18,8,1,11,3,2,1,0,0.6667,8.5,8.6667,0,0,0,0
4822355,1989,10700,1988,"IN","",538805,3,2,623,3,39,5,18,1,0.7469,0,6.6667,6,0,0,0.0588,0.0556
4822770,1989,10700,1987,"IN","",82010,3,8,503,6,69,11,2,0.9091,0.5,0.34,8,11.2727,0,0,0,0
4832155,1989,10735,1987,"IN","",,1,3,185,5,53,7,0,0.1429,,0,,70.2857,,,,
4851193,1989,10798,1989,"IN","",597180,6,4,420,5,52,1,8,1,0.5625,0,2.5,0,0,0,0,0
4857604,1989,10819,1986,"IN","",218550,2,20,525,1,15,8,3,0.875,0,0.6939,7,22.625,0.3333,0.25,0,0
4863628,1989,10840,1989,"IN","",726215,2,13,510,1,19,10,4,0.8,0.375,0.4063,2.5,17.7,0.2857,0.2,0,0
4875900,1989,10889,1987,"IN","",,1,6,8,1,11,0,1,,0,,3,,,,,
4879353,1989,10903,1988,"IN","",231545,2,6,525,1,15,10,14,1,0.1327,0.72,7.3571,9,0.1,0.1,0.0714,0.0714
4889604,1989,10952,1987,"IN","",124835,3,11,204,1,19,4,3,1,0.4444,0.625,7.6667,4,0,0,0,0
4900727,1990,11001,1989,"IN","",254145,3,12,514,3,31,1,9,1,0.3704,0,5.2222,4,1,1,0.4444,0.4444
4902447,1990,11008,1988,"IN","",464260,3,12,552,1,14,5,2,1,0.5,0.48,3,10.2,0,0,0,0
4902659,1990,11008,1988,"IN","",124835,3,37,502,1,19,3,0,1,,0.6667,,4.6667,0,0,,
4906343,1990,11022,1988,"IN","",,1,11,204,1,19,1,0,1,,0,,15,,,,
4912456,1990,11043,1988,"IN","",,1,6,340,2,21,10,3,1,0.4444,0.46,4,5.9,,,,
4921800,1990,11078,1988,"IN","",,1,16,435,3,33,2,0,1,,0.5,,5.5,,,,
4925115,1990,11092,1989,"IN","",616960,3,12,241,5,51,1,0,1,,0,,5,0,0,,
4929681,1990,11106,1988,"IN","",381140,2,9,525,1,15,5,3,1,0.4444,0.32,4.6667,13,0.5,0.4,0.6667,0.6667
4937786,1990,11134,1985,"IN","",,1,14,365,2,24,3,0,1,,0.6667,,14,,,,
4946647,1990,11176,1988,"IN","",,1,12,420,5,52,3,9,1,0.6173,0.4444,7.1111,8.3333,,,,
4948397,1990,11183,1989,"IN","",,1,13,95,1,13,7,1,0.4286,0,0,7,33.5714,,,,
4950385,1990,11190,1989,"IN","",124835,3,11,208,1,19,7,4,0.8571,0,0.2778,3.25,14.5714,0,0,0.25,0.25
4950821,1990,11190,1989,"IN","",124835,3,10,585,1,19,14,1,0.8571,0,0.4028,7,12.4286,0,0,0,0
4959335,1990,11225,1989,"IN","",124835,3,4,502,1,19,5,0,1,,0.72,,17.6,0,0,,
4963030,1990,11246,1989,"IN","",84480,2,6,348,4,49,4,23,1,0.7297,0.375,4.2609,0.75,0,0,0,0
4963295,1990,11246,1989,"IN","",124835,3,6,554,1,14,5,0,1,,0.72,,17.6,0,0,,
4964374,1990,11253,1989,"IN","",,1,20,123,5,53,2,2,0.5,0,0,7,30.5,,,,
4966876,1990,11260,1989,"IN","",,1,10,502,1,19,13,0,0.7692,,0.66,,22.0769,,,,
4967007,1990,11260,1989,"IN","",124835,3,13,564,1,14,2,1,1,0,0.5,7,18,0,0,0,0
4968743,1990,11267,1988,"IN","",759416,2,11,525,1,15,8,0,0.5,,0.625,,32.875,0,0,,
4968744,1990,11267,1988,"IN","",759416,2,15,525,1,15,8,2,0.5,0.5,0.625,4.5,32.875,0,0,0.5,0.5
4968745,1990,11267,1988,"IN","",759416,2,17,525,1,15,8,2,0.5,0,0.625,3,32.875,0,0,0,0
4973719,1990,11288,1988,"IN","",464260,3,12,552,1,14,14,0,1,,0.602,,13.2857,0,0,,
4987242,1991,11344,1989,"IN","",,1,6,556,1,14,20,4,0.95,0.375,0.6094,2.25,14.65,,,,
4988677,1991,11351,1987,"IN","",254145,3,4,514,3,31,2,3,1,0.4444,0.5,7.6667,2.5,0,0,0,0
4989305,1991,11358,1989,"IN","",616960,3,9,241,5,51,7,4,1,0.625,0.6122,4.75,7.2857,0,0,0,0
4990636,1991,11358,1990,"IN","",464260,3,6,556,1,14,0,0,,,,,,,,,
4997959,1991,11386,1989,"IN","",464260,3,11,552,1,14,16,1,0.9375,0,0.6667,2,15.5625,0,0,0,0
4999078,1991,11393,1988,"IN","",759416,2,17,156,1,19,8,0,0.5,,0.625,,33.875,0,0,,
4999253,1991,11393,1988,"IN","",759416,2,25,428,6,69,8,2,0.5,0.5,0.625,5.5,33.875,0,0,0.5,0.5
5001258,1991,11400,1988,"IN","",254145,3,3,560,1,14,2,0,1,,0.5,,16.5,0,0,,
5011035,1991,11442,1990,"IN","",244070,3,1,220,6,68,12,0,0.6667,,0.6563,,18.5833,0,0,,
5011775,1991,11442,1989,"IN","",204970,3,15,435,3,33,0,0,,,,,,,,,
5012025,1991,11442,1989,"IN","",,1,10,585,1,19,23,2,0.6957,0.5,0.4609,2,21.3478,,,,
5012469,1991,11442,1988,"IN","",,1,23,370,2,21,8,53,1,0.3859,0,5.6792,3.75,,,,
5019223,1991,11470,1990,"IN","",124835,3,23,205,1,19,7,0,1,,0,,18.2857,0,0,,
5025927,1991,11498,1988,"IN","",,1,23,206,6,68,15,1,0.9333,0,0.4592,6,15.2,,,,
5028205,1991,11505,1989,"IN","",272755,2,8,415,5,53,16,2,1,0.5,0.6484,5.5,8.5625,0,0,0.5,0.5
5030688,1991,11512,1988,"IN","",759416,2,25,525,1,15,8,3,0.5,0.4444,0.625,6.3333,33.875,0,0,0,0
5042974,1991,11561,1989,"IN","",,1,4,604,3,32,7,4,1,0.375,0.2449,6.25,5.7143,,,,
5049789,1991,11582,1990,"IN","",124835,3,1,315,4,42,9,11,1,0,0.3704,4.4545,9.5556,0,0,0,0
5053137,1991,11596,1989,"IN","",269640,3,15,210,1,19,7,0,1,,0.6531,,12.2857,0,0,,
5066403,1991,11645,1990,"IN","",597190,6,18,210,1,19,6,10,1,0.7,0.6667,5.8,5.3333,0,0,0,0
5066819,1991,11645,1990,"IN","",124835,3,8,549,1,14,1,2,1,0.5,0,4,13,0,0,0.5,0.5
5070195,1991,11659,1990,"IN","",464260,3,18,540,1,14,3,3,1,0,0,3.3333,12.6667,0,0,0.3333,0.3333
5080121,1992,11701,1990,"IN","",124835,3,18,137,6,69,0,1,,0,,6,,,,0,0
5081385,1992,11701,1990,"IN","",,1,7,310,4,45,6,3,1,0.6667,0.6667,4,14.8333,,,,
5087605,1992,11729,1989,"IN","",58495,2,11,505,4,46,0,30,,0.1844,,4.2333,,,,0.0333,0.0333
5091555,1992,11743,1990,"IN","",139550,3,6,558,1,14,8,0,0.125,,0,,42,0,0,,
5093331,1992,11750,1990,"IN","",254145,3,5,514,3,31,2,0,1,,0,,6,0,0,,
5104846,1992,11792,1990,"IN","",,1,8,502,1,19,9,1,0.8889,0,0.8125,2,18.6667,,,,
5112806,1992,11820,1989,"IN","",254145,3,3,514,3,31,1,2,1,0.5,0,6.5,7,0,0,0.5,0.5
5112858,1992,11820,1989,"IN","",254145,3,3,514,3,31,3,1,1,0,0.4444,3,10.3333,0,0,1,1
5114967,1992,11827,1991,"IN","",254145,3,3,514,3,31,1,2,1,0,0,3,6,0,0,0,0
5118654,1992,11841,1991,"IN","",124835,7,7,502,1,19,3,3,1,0.4444,0.4444,1.6667,3,0,0,0,0
5125262,1992,11869,1991,"IN","",,1,20,73,4,43,14,1,0.9286,0,0.4852,4,16.1429,,,,
5126319,1992,11869,1990,"IN","",,1,2,505,4,46,0,1,,0,,3,,,,,
5130133,1992,11883,1990,"IN","",454215,2,20,424,3,31,0,0,,,,,,,,,
5133902,1992,11897,1990,"IN","",,1,3,554,1,14,3,1,0.3333,0,0,5,32.6667,,,,
5134985,1992,11904,1991,"IN","",,1,11,123,5,53,7,1,1,0,0.449,2,15.1429,,,,
5141908,1992,11925,1990,"IN","",124835,3,6,502,1,19,6,1,1,0,0.6111,4,5.3333,0,0,0,0
5141942,1992,11925,1989,"IN","",254145,3,2,514,3,31,5,2,1,0,0.56,6,9,1,1,0,0
5145955,1992,11939,1991,"IN","",124835,3,10,536,1,14,8,1,1,0,0.2188,4,2.625,0,0,0,0
5145994,1992,11939,1991,"IN","",685736,3,2,562,1,14,0,1,,0,,3,,,,0,0
5152983,1992,11967,1990,"IN","",101385,2,3,424,3,31,7,16,1,0.2266,0.2449,6,10.5714,0,0,0.0833,0.0625
5156072,1992,11981,1991,"IN","",,1,20,81,5,59,4,0,0.5,,0,,25.25,,,,
5159071,1992,11988,1991,"IN","",464260,3,24,540,1,14,9,2,1,0,0,2.5,10.3333,0,0,0,0
5162368,1992,12002,1990,"IN","",254145,3,3,514,3,31,3,0,1,,0.4444,,13,0,0,,
5175723,1992,12051,1990,"IN","",48900,2,5,369,2,24,5,2,1,0,0.32,3,7.4,0,0,0,0
5175972,1993,12058,1984,"IN","",688627,3,17,52,6,69,14,0,0.0714,,0,,76.5714,0,0,,
5178880,1993,12065,1989,"IN","",409215,2,11,424,3,31,5,0,0.8,,0.5,,20.8,0,0,,
5179289,1993,12065,1991,"IN","",597260,6,3,307,4,49,2,3,0.5,0.6667,0,4,21.5,0,0,0,0
