3613798,1971,4309,1969,"IN","",124835,3,,172,6,64,,0,,,,,,,,,
3618918,1971,4330,1969,"IN","",,1,,432,6,66,,0,,,,,,,,,
3625938,1971,4358,1968,"IN","",104255,3,,534,1,14,,3,,0,,11,,,,0,0
3626931,1971,4365,1969,"IN","",,1,,601,3,32,,10,,0.56,,17.4,,,,,
3628961,1971,4372,1970,"IN","",10985,3,,430,1,19,,0,,,,,,,,,
3629449,1971,4372,1968,"IN","",,1,,514,3,31,,3,,0.6667,,19,,,,,
3639390,1972,4414,1967,"IN","",104255,3,,540,1,14,,2,,0.5,,27.5,,,,0,0
3639918,1972,4421,1970,"IN","",,1,,4,6,65,,0,,,,,,,,,
3644767,1972,4435,1970,"IN","",,1,,310,4,45,,4,,0.625,,17.25,,,,,
3647128,1972,4449,1969,"IN","",596125,2,,226,5,51,,2,,0.5,,20,,,,0,0
3648426,1972,4456,1969,"IN","",,1,,52,6,69,,2,,0.5,,20.5,,,,,
3652573,1972,4470,1968,"IN","",104255,3,,546,1,14,,0,,,,,,,,,
3657334,1972,4491,1969,"IN","",275750,3,,562,1,14,,2,,0,,24.5,,,,0,0
3657419,1972,4491,1968,"IN","",,1,,424,3,31,,0,,,,,,,,,
3663529,1972,4519,1969,"IN","",104255,3,,534,1,14,,1,,0,,3,,,,0,0
3665106,1972,4526,1970,"IN","",471740,2,,381,4,49,,2,,0.5,,11,,,,0,0
3666397,1972,4533,1969,"IN","",104230,3,,8,1,11,,12,,0.4167,,9.9167,,,,0.2,0.1667
3667215,1972,4540,1969,"IN","",44060,3,,60,4,45,,0,,,,,,,,,
3674786,1972,4568,1969,"IN","",104245,2,,544,1,14,,2,,0,,6,,,,0,0
3676051,1972,4575,1970,"IN","",104230,3,,8,1,11,,1,,0,,10,,,,0,0
3679657,1972,4589,1969,"IN","",104230,3,,534,1,14,,4,,0.625,,9.25,,,,0,0
3686963,1972,4624,1970,"IN","",,1,,74,5,59,,2,,0.5,,10.5,,,,,
3696998,1972,4666,1970,"IN","",,1,,238,5,55,,6,,0,,15,,,,,
3697632,1972,4666,1969,"IN","",759416,2,,264,5,51,,6,,0.5,,16.6667,,,,0.1667,0.1667
3700334,1972,4680,1970,"IN","",597260,6,,356,4,43,,9,,0.3704,,16.3333,,,,0,0
3716326,1973,4792,1970,"IN","",12190,3,,8,1,11,,0,,,,,,,,,
3718719,1973,4806,1971,"IN","",597270,6,,264,5,51,,0,,,,,,,,,
3719669,1973,4813,1972,"IN","",170101,2,,540,1,14,,4,,0.375,,8.5,,,,0.25,0.25
3731130,1973,4869,1972,"IN","",444630,3,,361,4,45,,5,,0.56,,9,,,,0,0
3734970,1973,4890,1970,"IN","",,1,,568,1,14,,3,,0.6667,,12.6667,,,,,
3736220,1973,4897,1971,"IN","",204635,2,,428,6,69,,3,,0.4444,,8.6667,,,,0,0
3737064,1973,4904,1971,"IN","",,1,,215,6,68,,26,,0.2101,,11.9231,,,,,
3748200,1973,4953,1972,"IN","",268215,3,,149,1,19,,0,,,,,,,,,
3748325,1973,4953,1970,"IN","",,1,,544,1,14,,2,,0.5,,18,,,,,
3760904,1973,5016,1970,"IN","",,1,,184,5,59,,3,,0,,12,,,,,
3770523,1973,5058,1971,"IN","",268215,3,,149,1,19,,4,,0.625,,18,,,,0,0
3772311,1973,5065,1971,"IN","",104230,3,,546,1,14,,3,,0.4444,,11.3333,,,,0,0
3773772,1973,5072,1971,"IN","",104230,3,,546,1,14,,2,,0,,8.5,,,,0,0
3773904,1973,5072,1971,"IN","",124835,3,,423,1,19,,3,,0,,12.3333,,,,0,0
3774776,1973,5079,1971,"IN","",,1,,213,5,55,,0,,,,,,,,,
3775286,1973,5079,1971,"IN","",124835,3,,208,1,19,,22,,0.2975,,14.6364,,,,0,0
3777806,1973,5093,1972,"IN","",537535,3,,165,6,66,,3,,0.4444,,16.3333,,,,0,0
3778443,1973,5093,1971,"IN","",104230,3,,546,1,14,,2,,0.5,,25,,,,0,0
3778444,1973,5093,1971,"IN","",104230,3,,546,1,14,,0,,,,,,,,,
3779864,1973,5100,1971,"IN","",597195,6,,376,4,44,,9,,0.4938,,12.5556,,,,0.25,0.2222
3780116,1973,5100,1972,"IN","",639090,3,,568,1,14,,9,,0.5185,,15.2222,,,,0,0
3790795,1974,5149,1972,"IN","",597260,6,,250,4,44,,1,,0,,2,,,,0,0
3806053,1974,5226,1971,"IN","",,1,,242,5,51,,1,,0,,4,,,,,
3813291,1974,5261,1971,"IN","",336500,3,,438,4,46,,2,,0,,3.5,,,,0,0
3816066,1974,5275,1973,"IN","",635240,2,,432,6,66,,6,,0.6667,,5.1667,,,,0.8333,0.8333
3816104,1974,5275,1972,"IN","",18895,2,,75,5,52,,1,,0,,11,,,,0,0
3821303,1974,5292,1972,"IN","",124835,3,,564,1,14,,1,,0,,1,,,,0,0
3822715,1974,5303,1973,"IN","",,1,,137,6,69,,3,,0.6667,,16,,,,,
3832825,1974,5359,1972,"IN","",186590,2,,53,6,68,,5,,0.32,,18.2,,,,0,0
3836993,1974,5373,1973,"IN","",336500,3,,257,4,46,,11,,0.5455,,13.0909,,,,0,0
3838161,1974,5380,1972,"IN","",104245,2,,548,1,14,,6,,0.5,,6,,,,0,0
3839221,1974,5387,1972,"IN","",165265,2,,516,1,19,,0,,,,,,,,,
3846408,1974,5422,1971,"IN","",170101,2,,540,1,14,,0,,,,,,,,,
3846427,1974,5422,1971,"IN","",170101,2,,544,1,14,,0,,,,,,,,,
3847912,1974,5429,1973,"IN","",305955,3,,549,1,14,,0,,,,,,,,,
3849112,1974,5436,1971,"IN","",269630,3,,75,5,52,,0,,,,,,,,,
3852988,1974,5457,1973,"IN","",,1,,72,5,52,,0,,,,,,,,,
3857877,1974,5478,1973,"IN","",305955,3,,546,1,14,,3,,0.4444,,14,,,,0,0
3864581,1975,5513,1973,"IN","",,1,10,307,4,49,5,11,1,0.314,0.32,10.8182,6.6,,,,
3877640,1975,5583,1974,"IN","",,1,14,238,5,55,4,1,0.5,0,0,18,19.25,,,,
3884675,1975,5618,1972,"IN","",310945,3,9,423,1,19,8,0,0.625,,0,,13.625,0,0,,
3888705,1975,5639,1973,"IN","",597260,6,6,117,1,19,3,31,1,0.7492,0.4444,12.5484,9,0,0,0,0
3891913,1975,5653,1973,"IN","",,1,1,363,4,45,5,3,1,0,0,5.6667,7.8,,,,
3895089,1975,5674,1973,"IN","",296210,2,11,264,5,51,2,14,0.5,0.6122,0,14,12,1,0.5,0.0714,0.0714
3897757,1975,5695,1973,"IN","",86790,3,7,123,5,53,6,2,0.5,0,0,8,16.1667,0,0,0,0
3909369,1975,5751,1974,"IN","",124835,3,5,205,1,19,4,1,0.75,0,0.4444,21,8.25,0,0,0,0
3910138,1975,5758,1974,"IN","",490675,3,13,76,5,52,5,4,0.8,0.625,0.375,8,6.8,0,0,0,0
3916290,1975,5779,1974,"IN","",,1,4,363,4,45,7,3,1,0,0,7.3333,8.7143,,,,
3917599,1975,5786,1973,"IN","",124835,3,8,544,1,14,4,9,1,0.3704,0.375,20.4444,5.5,0,0,0,0
3920719,1975,5800,1973,"IN","",104230,3,7,558,1,14,4,0,0.5,,0,,12.75,0,0,,
3929165,1975,5842,1974,"IN","",51915,2,6,138,6,67,5,16,0.2,0.8359,0,14.0625,23.8,0,0,0,0
3932596,1976,5856,1974,"IN","",62335,2,22,423,1,19,6,5,0.3333,0.72,0.5,18,46.1667,0,0,0,0
3937810,1976,5884,1974,"IN","",726215,2,4,424,3,31,5,10,0.2,0.5,0,14.1,23.2,0,0,0.1,0.1
3945988,1976,5926,1974,"IN","",,1,6,530,1,15,0,1,,0,,18,,,,,
3953307,1976,5961,1974,"IN","",70690,3,6,205,1,19,1,1,0,0,,17,31,0,0,0,0
3954757,1976,5968,1974,"IN","",104245,2,13,544,1,14,2,4,1,0.625,0.5,2,6.5,0,0,0.25,0.25
3963392,1976,6010,1975,"IN","",296210,2,11,425,5,51,3,19,1,0.7701,0.4444,12.7895,5.6667,0.5,0.3333,0,0
3964862,1976,6017,1973,"IN","",104230,3,12,8,1,11,4,3,1,0,0,19.6667,7.25,0,0,0,0
3968122,1976,6031,1974,"IN","",254145,3,7,548,1,14,2,1,1,0,0,2,3.5,0,0,0,0
3971740,1976,6052,1974,"IN","",104230,3,3,534,1,14,3,1,0.6667,0,0,8,9,0,0,0,0
3973482,1976,6066,1974,"IN","",,1,9,99,6,61,4,0,0.5,,0.5,,26.75,,,,
3976778,1976,6080,1974,"IN","",104245,2,18,514,3,31,4,3,1,0.4444,0.625,14,4.75,0,0,0.3333,0.3333
3982008,1976,6108,1973,"IN","",24425,2,2,426,6,61,8,2,0.875,0.5,0.2449,20,15.125,0,0,0,0
3983121,1976,6115,1974,"IN","",124835,3,28,544,1,14,2,4,1,0,0.5,12.25,5,0,0,0,0
3985761,1976,6129,1974,"IN","",493545,3,4,548,1,14,0,0,,,,,,,,,
3985897,1976,6129,1974,"IN","",362715,2,7,514,3,31,2,1,1,0,0.5,2,4.5,0.5,0.5,0,0
3987977,1976,6143,1975,"IN","",,1,13,242,5,51,1,0,1,,0,,5,,,,
3991001,1976,6157,1974,"IN","",726215,2,6,510,1,19,2,6,1,0.2778,0,16.3333,6,1,1,0.5,0.3333
4005831,1977,6241,1975,"IN","",,1,6,242,5,51,4,0,0,,,,16.25,,,,
4006062,1977,6241,1975,"IN","",124835,3,7,202,1,19,6,11,0.3333,0.6942,0,14.1818,40.1667,0,0,0,0
4014864,1977,6297,1976,"IN","",104245,2,16,534,1,14,5,1,1,0,0.32,9,5.4,0,0,1,1
4021018,1977,6332,1976,"IN","",,5,8,254,5,59,3,4,0.6667,0.375,0,14.5,16.6667,,,,
4031849,1977,6388,1975,"IN","",365935,3,6,116,6,69,3,4,1,0,0.4444,4.25,3.3333,0,0,0,0
4036138,1977,6409,1975,"IN","",269610,3,8,102,1,19,6,4,0.8333,0.625,0.56,17.75,11.5,0,0,0,0
4039361,1977,6423,1975,"IN","",269610,3,7,149,1,19,3,3,1,0,0.4444,7.3333,5.3333,0,0,0,0
