5571701,1996,13458,1995,"IN","",254145,3,10,435,3,33,4,0,0.75,,0.4444,,13.5,0,0,,
5572227,1996,13458,1995,"IN","",269645,3,3,343,2,21,6,8,1,0,0.2778,1.375,10.3333,0,0,0,0
5573068,1996,13465,1994,"IN","",124835,3,6,169,6,69,5,1,0.4,0,0.5,3,50.2,0,0,0,0
5578721,1996,13479,1994,"IN","",725961,3,15,540,1,14,122,0,1,,0.2268,,13.1066,0,0,,
5583193,1996,13493,1995,"IN","",394095,2,14,527,1,15,2,1,1,0,0.5,1,10,0,0,0,0
5589514,1996,13514,1995,"IN","",254145,3,4,514,3,31,2,0,1,,0,,11,0.5,0.5,,
5594137,1997,13528,1995,"IN","",124835,3,22,540,1,14,3,0,0.3333,,0,,40,0,0,,
5596087,1997,13535,1994,"IN","",124835,3,22,536,1,14,4,0,1,,0.375,,7.5,0,0,,
5602261,1997,13556,1994,"IN","",124835,3,1,549,1,14,1,0,1,,0,,7,0,0,,
5604222,1997,13563,1993,"IN","",725961,3,23,540,1,14,120,0,1,,0.2303,,14.1417,0,0,,
5606000,1997,13570,1995,"IN","",728246,3,4,528,1,15,6,0,1,,0.6667,,7.3333,0,0,,
5606495,1997,13570,1994,"IN","",,1,10,700,2,22,31,1,1,0,0.8845,3,17.7097,,,,
5612613,1997,13591,1996,"IN","",507665,3,8,323,4,45,3,4,1,0,0,0.5,8,0,0,0,0
5612635,1997,13591,1995,"IN","",570160,2,20,326,4,46,3,0,1,,0,,8.6667,0,0,,
5615016,1997,13598,1994,"IN","",570160,2,3,358,2,21,5,0,1,,0.32,,8.4,0.4,0.4,,
5616593,1997,13605,1994,"IN","",729105,3,13,514,3,31,0,1,,0,,3,,,,0,0
5621120,1997,13619,1994,"IN","",464260,3,23,549,1,14,3,0,1,,0.4444,,11.3333,0,0,,
5621132,1997,13619,1995,"IN","",124835,3,7,558,1,14,6,0,1,,0.6111,,15.5,0.2,0.1667,,
5623265,1997,13626,1994,"IN","",570160,2,20,341,2,22,2,0,1,,0,,6.5,0,0,,
5627113,1997,13640,1995,"IN","",124835,3,1,501,1,19,7,0,1,,0.4082,,14.4286,0,0,,
5627255,1997,13640,1994,"IN","",124835,3,5,528,1,15,0,0,,,,,,,,,
5627301,1997,13640,1994,"IN","",124835,3,12,558,1,14,6,0,1,,0.2778,,8.6667,0,0,,
5629351,1997,13647,1995,"IN","",124835,3,9,514,3,31,1,0,1,,0,,6,0,0,,
5629646,1997,13647,1995,"IN","",570160,2,2,327,4,41,7,4,1,0.375,0.6939,1.75,6,0,0,0,0
5630358,1997,13654,1994,"IN","",,1,4,99,6,61,22,0,1,,0.4463,,10.3636,,,,
5631367,1997,13654,1995,"IN","",,1,10,540,1,14,10,0,1,,0,,14.5,,,,
5633601,1997,13661,1995,"IN","",570160,2,19,326,4,46,6,2,1,0,0.2778,1.5,5,0,0,0.5,0.5
5635361,1997,13668,1994,"IN","",,1,25,435,3,33,5,1,1,0,0.32,3,13.8,,,,
5635810,1997,13668,1995,"IN","",28725,2,9,318,4,45,15,3,1,0,0.4356,1.3333,9.2,0,0,0,0
5643508,1997,13696,1995,"IN","",124835,3,7,264,5,51,2,0,1,,0.5,,18.5,0,0,,
5650546,1997,13717,1994,"IN","",124835,7,18,585,1,19,10,1,1,0,0.58,4,8.8,0,0,0,0
5651804,1997,13724,1996,"IN","",124835,3,5,65,5,51,7,0,1,,0.4082,,14.4286,0,0,,
5654439,1997,13731,1995,"IN","",124835,3,11,548,1,14,0,0,,,,,,,,,
5656459,1997,13738,1995,"IN","",,1,18,435,3,33,4,0,1,,0.375,,6,,,,
5658526,1997,13745,1995,"IN","",508865,2,5,264,5,51,34,0,0.8824,,0.7622,,25.2647,0.4286,0.2647,,
5658571,1997,13745,1995,"IN","",732697,3,23,424,3,31,1,1,1,0,0,3,22,0,0,0,0
5660942,1997,13752,1996,"IN","",,1,5,429,4,45,4,0,1,,0,,11.75,,,,
5663374,1997,13759,1996,"IN","",124835,3,15,549,1,14,1,0,1,,0,,7,0,0,,
5665392,1997,13766,1995,"IN","",124835,3,10,424,3,31,0,0,,,,,,,,,
5665868,1997,13766,1991,"IN","",733304,3,11,530,1,15,1,0,1,,0,,13,0,0,,
5668764,1997,13773,1995,"IN","",570160,2,25,365,2,24,0,2,,0.5,,1,,,,0.5,0.5
5670635,1997,13780,1993,"IN","",,1,6,536,1,14,0,0,,,,,,,,,
5675276,1997,13794,1995,"IN","",28725,2,2,327,4,41,9,0,1,,0.642,,8.7778,0,0,,
5677260,1997,13801,1995,"IN","",269640,3,29,502,1,19,8,0,1,,0.6875,,17.875,0,0,,
5678770,1997,13808,1996,"IN","",,1,20,239,5,59,8,1,0.875,0,0.6939,1,18.125,,,,
5683866,1997,13822,1996,"IN","",,1,22,435,3,33,0,0,,,,,,,,,
5688829,1997,13836,1996,"IN","",735251,3,16,514,3,31,1,0,1,,0,,3,0,0,,
5690966,1997,13843,1996,"IN","",124835,3,9,424,3,31,1,0,1,,0,,12,0,0,,
5693526,1997,13850,1996,"IN","",124835,3,6,435,3,33,1,0,1,,0,,3,0,0,,
5693869,1997,13850,1994,"IN","",124835,3,8,568,1,14,10,0,1,,0.18,,10.3,0,0,,
5695712,1997,13857,1996,"IN","",124835,3,6,264,5,51,3,0,0.3333,,0,,44,0,0,,
5696275,1997,13857,1994,"IN","",464260,3,28,549,1,14,3,0,1,,0.4444,,12.6667,0,0,,
5700820,1997,13871,1996,"IN","",736272,3,21,514,3,31,4,0,1,,0.625,,8.25,0,0,,
5704950,1998,13885,1996,"IN","",,1,7,8,1,11,12,0,1,,0.6806,,16.6667,,,,
5705351,1998,13885,1997,"IN","",,1,20,435,3,33,6,0,1,,0.5,,12.5,,,,
5708749,1998,13892,1996,"IN","",193820,2,18,385,2,21,9,2,1,0.5,0.5185,1.5,10.5556,0,0,0,0
5710238,1998,13899,1996,"IN","",218550,2,14,528,1,15,4,0,1,,0.625,,8.25,0.25,0.25,,
5712217,1998,13906,1995,"IN","",124835,3,17,502,1,19,1,1,1,0,0,0,9,0,0,0,0
5712322,1998,13906,1995,"IN","",698482,3,10,522,1,15,5,0,0.8,,0.625,,11.2,0.25,0.2,,
5713949,1998,13913,1996,"IN","",,1,8,623,3,39,19,2,1,0.5,0.5651,1.5,3.3684,,,,
5714567,1998,13913,1996,"IN","",124835,3,8,528,1,15,8,0,1,,0.4063,,14,0.125,0.125,,
5714661,1998,13913,1996,"IN","",,1,16,585,1,19,17,0,1,,0.1107,,9.9412,,,,
5716609,1998,13920,1996,"IN","",735251,3,23,424,3,31,4,1,1,0,0,2,5.75,0,0,0,0
5719499,1998,13927,1996,"IN","",124835,3,9,324,4,43,6,0,1,,0,,12,0,0,,
5721896,1998,13934,1996,"IN","",722326,2,13,707,2,22,6,2,1,0,0,1,3,0,0,0.5,0.5
5723679,1998,13941,1996,"IN","",124835,3,9,568,1,14,1,1,1,0,0,1,14,0,0,0,0
5724356,1998,13941,1995,"IN","",696679,2,13,370,2,21,18,0,1,,0.5,,6.4444,0.1429,0.1111,,
5725548,1998,13948,1996,"IN","",738528,3,13,623,3,39,23,0,1,,0.5974,,4.6087,0,0,,
5728401,1998,13955,1997,"IN","",464260,3,29,424,3,31,9,1,1,0,0.1975,0,7.2222,0,0,0,0
5728848,1998,13955,1996,"IN","",124835,3,2,549,1,14,1,0,1,,0,,20,0,0,,
5730986,1998,13962,1996,"IN","",124835,3,14,424,3,31,3,0,1,,0.6667,,6.3333,0,0,,
5733553,1998,13969,1994,"IN","",,1,8,424,3,31,3,0,1,,0.4444,,9.6667,,,,
5733934,1998,13969,1996,"IN","",254145,3,17,514,3,31,3,0,0.6667,,0.5,,26.6667,0,0,,
5736145,1998,13976,1996,"IN","",739434,3,17,424,3,31,12,0,1,,0.6944,,5.5,0,0,,
5738511,1998,13983,1996,"IN","",124835,3,2,432,6,66,13,0,0.9231,,0.6667,,18.1538,0,0,,
5739346,1998,13983,1996,"IN","",725961,3,6,548,1,14,3,1,1,0,0.6667,2,10,0,0,1,1
5741747,1998,13990,1996,"IN","",124835,3,1,501,1,19,1,1,1,0,0,1,1,0,0,1,1
5744363,1998,13997,1996,"IN","",393385,3,19,435,3,33,2,0,1,,0,,4,0,0,,
5744419,1998,13997,1995,"IN","",124835,3,10,502,1,19,4,0,1,,0,,12.5,0,0,,
5750401,1998,14011,1995,"IN","",129455,3,11,435,3,33,1,0,1,,0,,4,0,0,,
5750683,1998,14011,1996,"IN","",725961,3,2,540,1,14,9,0,1,,0,,16.1111,0,0,,
5750757,1998,14011,1996,"IN","",124835,3,5,558,1,14,1,0,1,,0,,22,0,0,,
5751162,1998,14011,1996,"IN","",570160,2,17,326,4,46,11,2,1,0,0.1653,1,4.6364,0.2727,0.2727,0.5,0.5
5755781,1998,14025,1997,"IN","",738528,3,12,623,3,39,12,2,1,0.5,0.625,0,5.3333,0,0,0,0
5756421,1998,14025,1995,"IN","",124835,3,13,502,1,19,9,0,1,,0.5185,,11.3333,0,0,,
5756729,1998,14025,1996,"IN","",464260,3,24,540,1,14,5,0,1,,0.48,,18.2,0,0,,
5756773,1998,14025,1996,"IN","",124835,3,3,549,1,14,2,1,1,0,0.5,1,5.5,0.5,0.5,0,0
5762931,1998,14039,1994,"IN","",393385,3,13,424,3,31,4,0,1,,0.375,,11.5,0.25,0.25,,
5763477,1998,14039,1995,"IN","",736272,3,10,514,3,31,2,0,1,,0.5,,3,0,0,,
5763646,1998,14039,1997,"IN","",464260,3,23,560,1,14,12,0,1,,0.5972,,12,0,0,,
5763653,1998,14039,1997,"IN","",464260,3,3,560,1,14,12,0,1,,0.5972,,12,0,0,,
5763725,1998,14039,1997,"IN","",124835,3,18,585,1,19,4,0,1,,0.625,,12.25,0,0,,
5766216,1998,14046,1996,"IN","",,1,8,606,3,32,15,0,1,,0.6044,,7.0667,,,,
5767320,1998,14046,1996,"IN","",124835,3,11,568,1,14,6,0,1,,0.2778,,10.5,0,0,,
5768425,1998,14046,1995,"IN","",570160,2,5,382,2,22,5,0,1,,0.32,,3.2,0,0,,
5769504,1998,14053,1996,"IN","",124835,3,1,299,6,64,6,0,1,,0.4444,,14.8333,0.1667,0.1667,,
5776977,1998,14067,1996,"IN","",254145,3,9,514,3,31,2,0,1,,0,,13,0.5,0.5,,
5779353,1998,14074,1996,"IN","",193820,2,6,362,4,42,4,0,1,,0,,5.75,1,0.5,,
5780578,1998,14074,1996,"IN","",124835,3,29,528,1,15,0,0,,,,,,,,,
5782940,1998,14081,1997,"IN","",743300,3,12,51,5,59,4,0,1,,0.625,,7.5,0,0,,
5786519,1998,14088,1996,"IN","",124835,3,14,568,1,14,11,0,1,,0.314,,12.9091,0,0,,
5792563,1998,14102,1997,"IN","",,1,5,428,6,69,1,0,1,,0,,15,,,,
5792874,1998,14102,1997,"IN","",464260,3,24,548,1,14,4,0,1,,0.625,,21,0,0,,
5792875,1998,14102,1996,"IN","",124835,3,8,549,1,14,4,0,1,,0.75,,14,0,0,,
5795555,1998,14109,1995,"IN","",,1,4,423,1,19,8,1,1,0,0.8125,3,12.875,,,,
5795728,1998,14109,1995,"IN","",599425,2,5,435,3,33,4,0,1,,0.375,,7,0.25,0.25,,
5801173,1998,14123,1996,"IN","",736272,3,28,514,3,31,19,1,1,0,0.0997,2,5.8421,0,0,0,0
5801239,1998,14123,1997,"IN","",124835,3,17,536,1,14,1,0,1,,0,,30,0,0,,
5803334,1998,14130,1996,"IN","",658487,3,11,226,5,51,4,0,1,,0.625,,11.5,0,0,,
5807964,1998,14137,1997,"IN","",218550,2,11,528,1,15,2,0,1,,0.5,,4.5,0.5,0.5,,
5808117,1998,14137,1996,"IN","",,1,17,552,1,14,2,0,1,,0.5,,24,,,,
5808262,1998,14137,1995,"IN","",745530,3,22,219,4,49,17,1,1,0,0.3045,2,9.7059,0,0,0,0
5811599,1998,14144,1995,"IN","",,1,8,568,1,14,0,1,,0,,3,,,,,
5811613,1998,14144,1996,"IN","",269640,3,13,585,1,19,4,0,1,,0,,13.5,0,0,,
5814675,1998,14151,1998,"IN","",124835,3,18,521,1,15,3,0,1,,0.6667,,17.3333,0,0,,
5820992,1998,14165,1996,"IN","",728246,3,10,428,6,69,3,1,1,0,0.6667,1,17.3333,0,0,0,0
5821252,1998,14165,1995,"IN","",254145,3,2,514,3,31,3,0,0.6667,,0,,26.3333,0,0,,
5821367,1998,14165,1996,"IN","",725961,3,7,544,1,14,2,0,1,,0,,17,0,0,,
5824429,1998,14172,1996,"IN","",204970,3,5,429,4,45,1,0,1,,0,,2,0,0,,
5824801,1998,14172,1997,"IN","",725961,3,12,540,1,14,18,0,1,,0,,13.2222,0,0,,
5827521,1998,14179,1995,"IN","",747258,3,50,424,3,31,7,0,1,,0.4082,,6.4286,0,0,,
5830690,1998,14186,1995,"IN","",747562,3,25,435,3,33,0,0,,,,,,,,,
5831085,1998,14186,1997,"IN","",725961,3,17,540,1,14,2,0,1,,0.5,,16.5,0,0,,
5831450,1998,14186,1996,"IN","",570160,2,10,326,4,46,11,0,1,,0.5455,,4.1818,0,0,,
5840669,1998,14207,1997,"IN","",748442,3,8,510,1,19,3,0,1,,0,,8,0,0,,
5843987,1998,14214,1997,"IN","",454215,2,23,514,3,31,5,0,1,,0.56,,6,0,0,,
5846402,1998,14221,1997,"IN","",748928,3,8,208,1,19,6,0,1,,0.2778,,4.8333,0,0,,
5846736,1998,14221,1996,"IN","",,1,5,435,3,33,0,0,,,,,,,,,
5846748,1998,14221,1997,"IN","",124835,3,16,435,3,33,1,0,1,,0,,3,0,0,,
5846789,1998,14221,1996,"IN","",124835,3,12,435,3,33,2,0,1,,0.5,,10.5,0,0,,
5847209,1998,14221,1997,"IN","",,1,8,564,1,14,1,0,0,,,,46,,,,
5847565,1998,14221,1997,"IN","",124835,3,7,324,4,43,3,0,1,,0,,15.6667,0,0,,
5849352,1998,14228,1996,"IN","",,1,3,426,6,61,0,0,,,,,,,,,
5850308,1998,14228,1995,"IN","",,1,3,359,5,54,14,0,1,,0.6122,,12.7143,,,,
5851546,1998,14235,1996,"IN","",124835,3,23,424,3,31,4,0,1,,0.625,,16,0,0,,
5853756,1998,14242,1995,"IN","",749545,3,6,424,3,31,2,0,1,,0,,2.5,0,0,,
5853780,1998,14242,1996,"IN","",,1,20,426,6,61,7,0,0.8571,,0.2778,,16.5714,,,,
5854182,1998,14242,1996,"IN","",748928,3,10,508,5,59,5,0,1,,0.48,,10.8,0,0,,
5855168,1999,14249,1996,"IN","",,1,,100,5,59,17,0,0.7059,,0.6806,,41.4706,,,,
5855597,1999,14249,1997,"IN","",738528,3,,623,3,39,10,0,1,,0.32,,8.6,0,0,,
5855751,1999,14249,1998,"IN","",124835,3,,204,1,19,5,0,1,,0.56,,10.4,0,0,,
5856276,1999,14249,1997,"IN","",124835,3,,505,4,46,2,0,1,,0.5,,3,0.5,0.5,,
5856487,1999,14249,1997,"IN","",393385,3,,546,1,14,4,0,1,,0.625,,22.5,0,0,,
5856502,1999,14249,1997,"IN","",725961,3,,548,1,14,4,0,1,,0.75,,8.5,0,0,,
5856526,1999,14249,1996,"IN","",,1,,549,1,14,0,0,,,,,,,,,
5856532,1999,14249,1997,"IN","",124835,3,,549,1,14,2,0,1,,0,,5.5,0,0,,
5856575,1999,14249,1997,"IN","",124835,3,,564,1,14,3,0,1,,0.6667,,12.3333,0.3333,0.3333,,
5858037,1999,14256,1997,"IN","",,1,,51,5,59,4,0,1,,0.625,,8.5,,,,
5858371,1999,14256,1997,"IN","",735251,3,,424,3,31,12,0,1,,0.625,,10.0833,0,0,,
5859075,1999,14256,1998,"IN","",124835,3,,521,1,15,1,0,1,,0,,28,0,0,,
5864046,1999,14270,1997,"IN","",124835,3,,549,1,14,1,0,1,,0,,21,0,0,,
5866075,1999,14277,1997,"IN","",124835,2,,422,1,19,6,0,1,,0.6667,,14.1667,0,0,,
5869523,1999,14284,1991,"IN","",254145,3,,514,3,31,0,0,,,,,,,,,
5869649,1999,14284,1996,"IN","",464260,3,,540,1,14,6,0,1,,0.2778,,5,0,0,,
5869697,1999,14284,1997,"IN","",124835,3,,549,1,14,3,0,1,,0.4444,,8.6667,0,0,,
5869708,1999,14284,1997,"IN","",,1,,552,1,14,0,0,,,,,,,,,
5870714,1999,14284,1997,"IN","",395480,2,,705,2,22,28,3,1,0.4444,0.8546,0,4.25,0.4074,0.3929,0.6667,0.6667
5872087,1999,14291,1997,"IN","",748442,3,,510,1,19,3,0,1,,0,,9,0,0,,
5874111,1999,14298,1997,"IN","",,1,,424,3,31,7,0,1,,0.7755,,11.8571,,,,
5876751,1999,14305,1997,"IN","",735251,3,,424,3,31,1,0,1,,0,,4,0,0,,
5877320,1999,14305,1996,"IN","",124835,3,,546,1,14,0,0,,,,,,,,,
5882981,1999,14319,1997,"IN","",570160,2,,438,4,46,3,0,1,,0,,5,0.5,0.3333,,
5885546,1999,14326,1997,"IN","",124835,3,,423,1,19,4,0,1,,0.625,,17.75,0,0,,
5885997,1999,14326,1996,"IN","",736272,3,,514,3,31,15,0,1,,0.24,,6.1333,0,0,,
5889025,1999,14333,1997,"IN","",736272,3,,514,3,31,20,0,1,,0.095,,6.7,0,0,,
5889032,1999,14333,1997,"IN","",736272,3,,514,3,31,20,0,1,,0.095,,6.7,0,0,,
5891439,1999,14340,1996,"IN","",756777,2,,424,3,31,0,0,,,,,,,,,
5891507,1999,14340,1997,"IN","",738528,3,,427,1,12,14,0,1,,0.6735,,5.9286,0,0,,
5892138,1999,14340,1997,"IN","",124835,3,,570,1,14,2,0,1,,0,,10.5,0,0,,
5895407,1999,14354,1998,"IN","",,1,,623,3,39,12,0,1,,0.5694,,5.1667,,,,
5897472,1999,14361,1997,"IN","",,1,,482,5,59,6,0,1,,0.2778,,10.3333,,,,
5897767,1999,14361,1996,"IN","",,1,,208,1,19,9,0,1,,0.7654,,11.1111,,,,
5897841,1999,14361,1997,"IN","",,1,,422,1,19,0,0,,,,,,,,,
5898001,1999,14361,1997,"IN","",124835,3,,435,3,33,0,0,,,,,,,,,
5900394,1999,14368,1997,"IN","",726215,2,,510,1,19,10,0,1,,0.18,,10.2,0.1,0.1,,
5900436,1999,14368,1997,"IN","",254145,3,,514,3,31,1,0,1,,0,,7,1,1,,
5900493,1999,14368,1997,"IN","",124835,3,,549,1,14,2,0,1,,0.5,,6.5,0.5,0.5,,
5900701,1999,14368,1996,"IN","",753627,2,,315,4,42,10,0,1,,0.18,,11.1,0,0,,
5901081,1999,14368,1997,"IN","",570160,2,,365,2,24,1,0,1,,0,,6,0,0,,
5903760,1999,14375,1996,"IN","",278220,2,,395,2,22,5,0,1,,0,,5.4,0,0,,
5905135,1999,14382,1997,"IN","",218550,2,,528,1,15,3,0,1,,0.4444,,5.3333,0.3333,0.3333,,
5908929,1999,14396,1997,"IN","",754422,3,,540,1,14,8,0,1,,0.2188,,26,0,0,,
5910465,1999,14403,1996,"IN","",124835,3,,502,1,19,3,0,1,,0.4444,,9.6667,0,0,,
5910468,1999,14403,1998,"IN","",748928,3,,508,5,59,6,0,1,,0.6111,,9.6667,0,0,,
5912216,1999,14410,1997,"IN","",409000,2,,51,5,59,7,0,1,,0,,16.4286,0.4286,0.4286,,
5914088,1999,14417,1997,"IN","",754910,3,,266,5,52,3,0,0.3333,,0,,40.6667,0,0,,
5916384,1999,14424,1997,"IN","",755893,3,,148,5,52,5,0,1,,0.72,,12.2,0,0,,
5916567,1999,14424,1997,"IN","",748442,3,,424,3,31,2,0,1,,0.5,,19,0,0,,
5916850,1999,14424,1997,"IN","",748928,3,,508,5,59,13,0,0.9231,,0.7222,,17.1538,0,0,,
5917058,1999,14424,1998,"IN","",464260,3,,549,1,14,2,0,1,,0,,9.5,0,0,,
5917077,1999,14424,1998,"IN","",218550,2,,558,1,14,4,0,1,,0,,5,1,1,,
5918474,1999,14431,1997,"IN","",626480,2,,62,6,69,11,0,0.9091,,0.18,,17.4545,0,0,,
5919782,1999,14431,1997,"IN","",736272,3,,514,3,31,20,0,1,,0.095,,6.7,0,0,,
5922393,1999,14438,1998,"IN","",,1,,427,1,12,10,0,1,,0.58,,3.5,,,,
5922636,1999,14438,1997,"IN","",,1,,502,1,19,14,0,1,,0.5,,15.2857,,,,
5925198,1999,14445,1997,"IN","",755893,3,,148,5,52,1,0,1,,0,,5,0,0,,
5925530,1999,14445,1997,"IN","",124835,3,,435,3,33,0,0,,,,,,,,,
5925656,1999,14445,1996,"IN","",736272,3,,514,3,31,20,0,1,,0.095,,6.7,0,0,,
5929021,1999,14452,1996,"IN","",726215,2,,510,1,19,10,0,1,,0.18,,5.5,0.2,0.2,,
5929030,1999,14452,1996,"IN","",756208,2,,514,3,31,0,0,,,,,,,,,
5929238,1999,14452,1997,"IN","",124835,3,,546,1,14,0,0,,,,,,,,,
5932752,1999,14459,1996,"IN","",124835,3,,549,1,14,0,0,,,,,,,,,
5932773,1999,14459,1997,"IN","",124835,3,,568,1,14,0,0,,,,,,,,,
5936135,1999,14466,1997,"IN","",124835,3,,585,1,19,1,0,1,,0,,11,0,0,,
5939564,1999,14473,1998,"IN","",464260,3,,549,1,14,2,0,1,,0,,9.5,0,0,,
5942608,1999,14480,1997,"IN","",747562,3,,536,1,14,4,0,1,,0.625,,5.5,0,0,,
5945398,1999,14487,1998,"IN","",735251,3,,514,3,31,12,0,1,,0.6806,,13.4167,0,0,,
5945532,1999,14487,1998,"IN","",725961,3,,540,1,14,6,0,1,,0.7222,,6.1667,0.1667,0.1667,,
5947955,1999,14494,1997,"IN","",754048,2,,606,3,32,3,0,1,,0.4444,,14.3333,0,0,,
5948440,1999,14494,1997,"IN","",464260,3,,424,3,31,16,0,0.9375,,0.1244,,13.375,0,0,,
5952188,1999,14501,1998,"IN","",124835,3,,435,3,33,4,0,1,,0.75,,2.75,0,0,,
5952411,1999,14501,1995,"IN","",129455,3,,524,1,15,2,0,1,,0.5,,18.5,0,0,,
5952508,1999,14501,1998,"IN","",124835,3,,546,1,14,4,0,1,,0.375,,13,0,0,,
5954018,1999,14508,1997,"IN","",,1,,123,5,53,12,0,1,,0,,10.3333,,,,
5955084,1999,14508,1997,"IN","",,1,,424,3,31,0,0,,,,,,,,,
5955554,1999,14508,1997,"IN","",124835,3,,526,1,15,1,0,1,,0,,7,0,0,,
5957777,1999,14515,1998,"IN","",758733,3,,470,5,59,10,0,0.7,,0,,32.6,0,0,,
5958038,1999,14515,1997,"IN","",708972,2,,712,2,22,6,0,1,,0.2778,,5.3333,0,0,,
5958900,1999,14515,1997,"IN","",24425,2,,514,3,31,4,0,1,,0,,6.25,0.5,0.5,,
5961818,1999,14522,1999,"IN","",124835,3,,208,1,19,2,0,1,,0,,15,0,0,,
5962003,1999,14522,1998,"IN","",124835,3,,424,3,31,4,0,1,,0.625,,19.25,0,0,,
5962360,1999,14522,1997,"IN","",124835,3,,502,1,19,2,0,1,,0,,9.5,0,0,,
5962515,1999,14522,1997,"IN","",393385,3,,514,3,31,0,0,,,,,,,,,
5965105,1999,14529,1998,"IN","",124835,3,,423,1,19,1,0,1,,0,,17,0,0,,
5965393,1999,14529,1997,"IN","",393385,3,,435,3,33,4,0,1,,0,,8.25,0,0,,
5965477,1999,14529,1997,"IN","",124835,3,,502,1,19,5,0,1,,0,,8,0,0,,
5969167,1999,14536,1997,"IN","",218550,2,,552,1,14,2,0,1,,0.5,,5,0.5,0.5,,
5972955,1999,14543,1996,"IN","",736272,3,,514,3,31,13,0,1,,0.6272,,8.6923,0,0,,
5973086,1999,14543,1996,"IN","",124835,3,,526,1,15,3,0,1,,0.6667,,12.6667,0,0,,
5973496,1999,14543,1998,"IN","",124835,3,,324,4,43,3,0,1,,0,,4.6667,0,0,,
5977792,1999,14550,1997,"IN","",570160,2,,326,4,46,5,0,1,,0,,2.2,0.8,0.8,,
5980902,1999,14557,1998,"IN","",760755,2,,424,3,31,4,0,1,,0.375,,5.75,0,0,,
5981191,1999,14557,1998,"IN","",124835,3,,435,3,33,0,0,,,,,,,,,
5981465,1999,14557,1997,"IN","",218550,2,,510,1,19,14,0,1,,0.6531,,5.3571,0,0,,
5981775,1999,14557,1998,"IN","",372255,2,,549,1,14,4,0,1,,0.375,,5.75,0.75,0.75,,
5984671,1999,14564,1996,"IN","",124835,3,,432,6,66,6,0,1,,0.5,,15.1667,0,0,,
5985560,1999,14564,1997,"IN","",,1,,435,3,33,0,0,,,,,,,,,
5985884,1999,14564,1997,"IN","",736272,3,,514,3,31,21,0,1,,0.0907,,6.4286,0,0,,
5986138,1999,14564,1998,"IN","",124835,3,,564,1,14,0,0,,,,,,,,,
5987513,1999,14564,1997,"IN","",761279,2,,709,2,22,3,0,1,,0.4444,,2.3333,0,0,,
5994533,1999,14578,1997,"IN","",124835,2,,536,1,14,0,0,,,,,,,,,
5996176,1999,14585,1998,"IN","",,1,,16,5,59,4,0,0.25,,0,,53.75,,,,
5998341,1999,14585,1997,"IN","",726215,2,,510,1,19,6,0,1,,0.2778,,4,0,0,,
5998555,1999,14585,1995,"IN","",124835,3,,526,1,15,3,0,0.6667,,0.5,,25.6667,0,0,,
6000061,1999,14592,1998,"IN","",762410,3,,2,6,63,12,0,1,,0.6667,,8.8333,0,0,,
6002024,1999,14592,1998,"IN","",762571,3,,549,1,14,1,0,1,,0,,4,0,0,,
6002060,1999,14592,1998,"IN","",,1,,585,1,19,4,0,1,,0,,9.75,,,,
6006996,1999,14606,1998,"IN","",763060,3,,236,6,69,13,0,1,,0.7929,,14.3077,0,0,,
6008191,1999,14606,1998,"IN","",735251,3,,514,3,31,27,0,1,,0.5953,,7.1852,0,0,,
6008380,1999,14606,1998,"IN","",124835,3,,549,1,14,0,0,,,,,,,,,
