4431596,1984,8810,1981,"GR","",,1,5,558,1,14,1,2,0,0.5,,2.5,33,,,,
4432314,1984,8817,1981,"GR","",219600,3,17,123,5,53,9,0,0.3333,,0.4444,,38.7778,0,0,,
4435255,1984,8831,1982,"GR","",22335,3,16,205,1,19,3,5,1,0.64,0.4444,8.8,8,0,0,0,0
4435281,1984,8831,1980,"GR","",27895,2,20,208,1,19,11,6,1,0.7222,0.314,9,5.5455,0.1818,0.1818,0,0
4435533,1984,8831,1981,"GR","",,1,9,524,1,15,1,2,1,0.5,0,5,4,,,,
4440632,1984,8859,1980,"GR","",27895,2,11,208,1,19,11,4,1,0.375,0.314,5,5.5455,0.1818,0.1818,0,0
4442268,1984,8866,1981,"GR","",,1,5,525,1,15,1,0,0,,,,22,,,,
4444526,1984,8880,1981,"GR","",,5,22,405,6,64,10,1,0.2,0,0,12,76.8,,,,
4490233,1984,9125,1983,"GR","",22335,3,5,204,1,19,3,0,1,,0,,10,0,0,,
4493263,1985,9146,1982,"GR","",,1,8,102,1,19,6,2,0.6667,0.5,0.375,10.5,16.3333,,,,
4509388,1985,9230,1982,"GR","",231740,3,19,74,5,59,4,2,0,0.5,,7,43.75,0,0,0,0
4510495,1985,9230,1982,"GR","",123370,2,15,340,2,21,18,46,1,0.6786,0.7346,8.6739,7.8333,0,0,0.0244,0.0217
4533454,1985,9349,1981,"GR","",153420,2,4,204,1,19,3,1,1,0,0.4444,8,5.3333,0.3333,0.3333,0,0
4536565,1985,9363,1984,"GR","",597260,6,35,528,1,15,3,0,1,,0.4444,,9.3333,0,0,,
4554767,1985,9461,1984,"GR","",,1,25,52,6,69,5,11,0.6,0.562,0.6667,5.7273,26.4,,,,
4560782,1985,9489,1983,"GR","",471740,2,8,556,1,14,5,3,1,0,0.48,7,7,0.25,0.2,0,0
4565006,1986,9517,1984,"GR","",,1,12,33,6,69,1,6,0,0.4444,,7,80,,,,
4565165,1986,9517,1984,"GR","",,1,30,123,5,53,10,3,0.2,0,0,8,45.4,,,,
4571946,1986,9552,1984,"GR","",,1,10,60,4,45,7,0,0.5714,,0,,31.4286,,,,
4575553,1986,9566,1984,"GR","",76070,2,1,546,1,14,0,1,,0,,5,,,,0,0
4587324,1986,9622,1984,"GR","",597260,6,11,528,1,15,1,4,1,0.625,0,4.5,18,0,0,0.25,0.25
4592811,1986,9650,1985,"GR","",153420,2,2,205,1,19,4,0,1,,0,,10,1,1,,
4602081,1986,9699,1984,"GR","",597260,6,20,528,1,15,2,1,1,0,0,14,12,0,0,0,0
4612506,1986,9755,1982,"GR","",,1,10,324,4,43,5,8,0.4,0.4063,0.5,10.75,28.8,,,,
4613674,1986,9762,1983,"GR","",,1,9,558,1,14,5,0,0.8,,0.75,,21.2,,,,
4617184,1986,9783,1984,"GR","",,1,7,534,1,14,11,2,1,0,0.314,5.5,4.9091,,,,
4627652,1986,9839,1985,"GR","",,1,5,292,6,69,7,0,0.5714,,0.5,,24.1429,,,,
4647120,1987,9923,1985,"GR","",,1,29,439,4,41,6,2,0.8333,0.5,0.32,9.5,12,,,,
4670565,1987,10014,1984,"GR","",597260,6,38,548,1,14,3,0,1,,0,,8.6667,0.3333,0.3333,,
4689421,1987,10098,1984,"GR","",597260,6,9,558,1,14,2,0,1,,0,,16.5,0,0,,
4697133,1987,10133,1986,"GR","",,1,5,320,4,45,4,5,1,0.64,0.625,7,14,,,,
4717381,1988,10231,1986,"GR","",320405,2,13,607,3,32,8,12,0.625,0.4444,0.64,6,25.75,0,0,0.1,0.0833
4718498,1988,10238,1986,"GR","",,1,7,169,6,69,4,4,0.75,0,0,7.25,27.5,,,,
4722555,1988,10259,1986,"GR","",,1,8,285,6,67,10,0,0.6,,0,,26.5,,,,
4732209,1988,10308,1986,"GR","",22375,3,4,164,5,52,6,3,1,0,0,6,7.6667,0,0,0,0
4761184,1988,10441,1987,"GR","",175470,3,15,106,1,12,6,2,0.8333,0.5,0.56,3.5,14.3333,0,0,0,0
4761285,1988,10441,1986,"GR","",,4,20,424,3,31,6,2,1,0,0.5,6.5,9.5,,,,
4769006,1988,10476,1987,"GR","",320405,2,17,604,3,32,9,10,0.6667,0.48,0.6111,7,22.8889,0.25,0.1111,0,0
4772208,1988,10490,1985,"GR","",,1,2,434,6,69,7,1,0.2857,0,0,9,68.5714,,,,
