4043758,1977,6444,1975,"GR","",329100,3,1,422,1,19,12,0,0.5833,,0.6939,,18.5,0,0,,
4056026,1977,6514,1976,"GR","",,5,7,83,5,51,2,7,0.5,0.7347,0,13.8571,15.5,,,,
4056081,1977,6514,1975,"GR","",133290,3,30,123,5,53,11,0,0.9091,,0.46,,9.5455,0,0,,
4059296,1977,6535,1975,"GR","",247215,3,1,285,6,67,10,7,0.7,0.449,0.2449,16.8571,20.3,0,0,0,0
4059891,1977,6542,1975,"GR","",,1,5,30,6,65,8,4,0.125,0.375,0,16.75,47.875,,,,
4067413,1978,6584,1975,"GR","",,1,5,182,6,65,11,2,0.1818,0,0,17.5,60.3636,,,,
4080479,1978,6654,1976,"GR","",,1,5,427,1,12,6,1,0.1667,0,0,4,21.3333,,,,
4089928,1978,6710,1977,"GR","",170010,3,9,423,1,19,7,1,0.2857,0,0.5,19,30,0,0,0,0
4109393,1978,6815,1976,"GR","",,1,6,34,1,19,12,0,0.5833,,0.449,,16.4167,,,,
4112541,1978,6829,1977,"GR","",,1,4,294,5,59,3,21,1,0.585,0.6667,15.5714,8.3333,,,,
4120628,1978,6864,1976,"GR","",218665,3,8,425,5,51,2,14,1,0.7551,0.5,14.9286,8,0,0,0,0
4147614,1979,7032,1977,"GR","",,1,7,209,5,51,7,1,1,0,0,9,6.8571,,,,
4148536,1979,7039,1977,"GR","",,1,4,439,4,41,1,13,0,0.6391,,12.9231,23,,,,
4161467,1979,7137,1977,"GR","",569745,3,7,524,1,15,6,1,1,0,0.7222,18,3.8333,0,0,0,0
4162178,1979,7144,1978,"GR","",569745,3,8,156,1,19,6,1,1,0,0.7222,5,3.8333,0,0,0,0
4166344,1979,7186,1977,"GR","",,1,20,52,6,69,2,9,1,0.1975,0.5,9.3333,6,,,,
4172748,1979,7242,1977,"GR","",247215,3,19,156,1,19,4,5,0.75,0.32,0.6667,9.4,6.25,0,0,0,0
4182374,1980,7312,1977,"GR","",,1,1,137,6,69,7,5,0.5714,0.56,0,13.8,21.8571,,,,
4200453,1980,7424,1978,"GR","",329100,3,8,420,5,52,2,0,1,,0,,6,0,0,,
4202358,1980,7438,1978,"GR","",,1,2,131,6,61,6,1,0.6667,0,0,10,18.3333,,,,
4269011,1981,7816,1979,"GR","",,1,3,52,6,69,5,5,0.8,0.32,0.5,7.8,10.8,,,,
4282250,1981,7886,1978,"GR","",,1,17,514,3,31,0,5,,0.56,,10.6,,,,,
4286623,1981,7914,1979,"GR","",,1,2,137,6,69,6,4,0.6667,0.625,0,13,13.6667,,,,
4302491,1981,7998,1977,"GR","",,4,4,428,6,69,2,8,1,0.6563,0.5,12.25,6,,,,
4305169,1981,8019,1980,"GR","",453365,2,5,8,1,11,12,7,0.5833,0.7755,0.449,10.2857,13.8333,0,0,0,0
4310070,1982,8047,1978,"GR","",,1,3,182,6,65,13,6,0.3077,0,0.375,10,36.0769,,,,
4312629,1982,8061,1980,"GR","",219600,3,18,418,5,53,12,0,0.25,,0.4444,,49.0833,0,0,,
4321249,1982,8117,1980,"GR","",103550,3,5,423,1,19,4,0,0.5,,0,,24.25,0,0,,
4321897,1982,8124,1980,"GR","",219600,3,21,123,5,53,12,1,0.25,0,0.4444,12,49.0833,0,0,0,0
4331636,1982,8180,1979,"GR","",195040,3,7,423,1,19,5,4,0.2,0,0,8.25,44.4,0,0,0,0
4335064,1982,8201,1980,"GR","",22375,3,6,264,5,51,4,0,1,,0.75,,5.25,0.3333,0.25,,
4345358,1982,8271,1980,"GR","",,1,2,29,5,52,4,1,0.5,0,0,10,47,,,,
4348555,1982,8285,1979,"GR","",,1,9,379,2,21,7,0,1,,0,,8.4286,,,,
4351864,1982,8306,1981,"GR","",540600,2,10,428,6,69,15,7,0.9333,0.2449,0.2551,10.5714,11.6,0.1111,0.0667,0.1429,0.1429
4371538,1983,8432,1980,"GR","",182135,3,8,514,3,31,2,1,0,0,,8,28.5,0,0,0,0
4375150,1983,8460,1980,"GR","",,1,7,60,4,45,5,0,0.6,,0,,24.8,,,,
4377452,1983,8481,1981,"GR","",22335,3,9,205,1,19,3,4,1,0.5,0,4.75,6.3333,0,0,0,0
4377689,1983,8481,1981,"GR","",182135,3,3,546,1,14,0,0,,,,,,,,,
4394016,1983,8600,1980,"GR","",,1,1,273,6,62,6,4,0.3333,0.75,0.5,8.5,45,,,,
4413928,1983,8712,1980,"GR","",,1,17,405,6,64,7,6,0.1429,0,0,5.6667,57.4286,,,,
4415797,1983,8719,1981,"GR","",,1,12,392,4,41,14,3,0.6429,0.4444,0.7654,10,18.5,,,,
