3616151,1971,4316,1968,"GR","",170815,3,,428,6,69,,0,,,,,,,,,
3642396,1972,4428,1969,"GR","",330625,3,,425,5,51,,9,,0.4938,,14.3333,,,,0,0
3645258,1972,4442,1970,"GR","",,1,,128,3,32,,4,,0.375,,6.75,,,,,
3647372,1972,4449,1970,"GR","",170010,3,,423,1,19,,1,,0,,26,,,,0,0
3647418,1972,4449,1965,"GR","",,1,,420,5,52,,1,,0,,7,,,,,
3650655,1972,4463,1969,"GR","",,1,,425,5,51,,3,,0.4444,,15,,,,,
3661037,1972,4512,1969,"GR","",,1,,76,5,52,,3,,0,,11,,,,,
3661529,1972,4512,1970,"GR","",,1,,422,1,19,,2,,0.5,,8.5,,,,,
3665940,1972,4533,1969,"GR","",,1,,132,6,65,,3,,0,,20.6667,,,,,
3671979,1972,4561,1969,"GR","",600055,2,,623,3,39,,30,,0.6756,,23.1667,,,,0,0
3674540,1972,4568,1969,"GR","",,1,,427,1,12,,7,,0.2449,,19.8571,,,,,
3680516,1972,4596,1970,"GR","",,1,,114,5,55,,5,,0.32,,18.2,,,,,
3689953,1972,4638,1971,"GR","",,1,,14,6,69,,10,,0.34,,6,,,,,
3691174,1972,4638,1970,"GR","",,1,,546,1,14,,0,,,,,,,,,
3691393,1972,4638,1971,"GR","",,1,,290,4,45,,13,,0.7692,,15.2308,,,,,
3692639,1972,4645,1970,"GR","",499530,3,,205,1,19,,6,,0.5,,19,,,,0,0
3705340,1972,4722,1971,"GR","",512710,3,,307,4,49,,1,,0,,5,,,,0,0
3709181,1973,4757,1970,"GR","",353190,3,,114,5,55,,3,,0.4444,,10.6667,,,,0,0
3719734,1973,4813,1969,"GR","",594875,3,,264,5,51,,7,,0.2449,,12.1429,,,,0.1667,0.1429
3727003,1973,4848,1971,"GR","",428985,2,,178,2,21,,14,,0.1327,,11.6429,,,,0,0
3739378,1973,4911,1971,"GR","",408575,2,,342,2,21,,2,,0.5,,14,,,,0,0
3746533,1973,4946,1972,"GR","",,1,,75,5,52,,1,,0,,2,,,,,
3747896,1973,4953,1971,"GR","",408575,2,,254,5,59,,1,,0,,3,,,,0,0
3748952,1973,4960,1970,"GR","",,1,,87,6,63,,4,,0,,14,,,,,
3749768,1973,4960,1969,"GR","",346250,3,,424,3,31,,0,,,,,,,,,
3751197,1973,4967,1971,"GR","",247215,3,,425,5,51,,6,,0.5,,10.3333,,,,0,0
3751641,1973,4967,1971,"GR","",254550,2,,235,5,59,,0,,,,,,,,,
3770027,1973,5058,1972,"GR","",,1,,141,5,51,,5,,0.72,,6,,,,,
3780045,1973,5100,1972,"GR","",456525,3,,546,1,14,,0,,,,,,,,,
3780348,1973,5100,1972,"GR","",,1,,361,4,45,,2,,0.5,,21,,,,,
3781041,1973,5107,1971,"GR","",,1,,285,6,67,,7,,0.6122,,13.1429,,,,,
3783067,1974,5114,1970,"GR","",,1,,156,1,19,,5,,0.72,,13.4,,,,,
3789962,1974,5149,1972,"GR","",,4,,188,5,53,,1,,0,,19,,,,,
3800405,1974,5205,1971,"GR","",299680,3,,228,5,52,,1,,0,,5,,,,0,0
3807951,1974,5233,1972,"GR","",540540,2,,8,1,11,,0,,,,,,,,,
3808704,1974,5240,1971,"GR","",,1,,434,6,69,,1,,0,,10,,,,,
3810410,1974,5247,1972,"GR","",,1,,83,5,51,,3,,0.4444,,15,,,,,
3812296,1974,5254,1972,"GR","",428985,2,,379,2,21,,7,,0.2449,,11.1429,,,,0,0
3817547,1974,5282,1973,"GR","",288810,2,,280,5,55,,3,,0.4444,,16,,,,0.3333,0.3333
3820516,1974,5292,1971,"GR","",,1,,418,5,53,,3,,0.4444,,16,,,,,
3823216,1974,5303,1972,"GR","",,1,,264,5,51,,23,,0.7864,,11.6522,,,,,
3835556,1974,5373,1973,"GR","",,1,,36,6,63,,3,,0,,4.3333,,,,,
3836330,1974,5373,1973,"GR","",428990,2,,436,1,19,,2,,0,,8.5,,,,0,0
3842208,1974,5401,1972,"GR","",428985,2,,379,2,21,,35,,0.5551,,10.4,,,,0,0
3842618,1974,5408,1972,"GR","",493855,3,,62,6,69,,0,,,,,,,,,
3843302,1974,5408,1973,"GR","",,1,,425,5,51,,14,,0.7143,,6.8571,,,,,
3849897,1974,5443,1973,"GR","",,1,,33,6,69,,0,,,,,,,,,
3854304,1974,5464,1973,"GR","",360165,3,,66,6,63,,2,,0,,15.5,,,,0,0
3862612,1975,5506,1974,"GR","",,1,12,114,5,55,2,1,1,0,0,19,5,,,,
3870441,1975,5548,1973,"GR","",594875,3,8,425,5,51,4,8,1,0.5313,0.375,8,2.75,0.25,0.25,0,0
3882501,1975,5604,1974,"GR","",408575,2,24,342,2,21,5,2,1,0,0.56,2.5,7.4,0,0,0,0
3899617,1975,5702,1973,"GR","",176115,2,14,427,1,12,6,3,0.8333,0.4444,0.72,10.6667,6.1667,0,0,0,0
3907049,1975,5744,1974,"GR","",,1,18,138,6,67,5,7,0.6,0.5714,0,15.8571,13.4,,,,
3917500,1975,5786,1973,"GR","",,1,3,156,1,19,3,11,0.6667,0.7934,0.5,18.0909,8.6667,,,,
3920080,1975,5800,1973,"GR","",,1,9,172,6,64,3,4,0.3333,0,0,8,42,,,,
3926223,1975,5828,1973,"GR","",,1,3,138,6,67,4,5,0.25,0.32,0,19.4,15.75,,,,
3929627,1975,5842,1974,"GR","",195040,3,5,209,5,51,8,13,0,0.142,,7,44.75,0,0,0,0
3932545,1976,5856,1974,"GR","",571335,3,10,260,1,19,3,4,0.3333,0.625,0,15.5,17.6667,0,0,0,0
3935293,1976,5870,1973,"GR","",329100,3,13,423,1,19,6,1,0.1667,0,0,7,29.8333,0,0,0,0
3936372,1976,5877,1974,"GR","",195040,3,13,209,5,51,9,4,0.1111,0.625,0,13,38.7778,0,0,0,0
3948406,1976,5940,1973,"GR","",353190,3,8,220,6,68,11,6,0.7273,0.5,0.5313,10.1667,8.9091,0,0,0,0
3949392,1976,5940,1974,"GR","",89420,3,24,345,2,23,5,16,0.8,0.6328,0.375,12.8125,11.6,0,0,0,0
3953057,1976,5961,1973,"GR","",,1,4,285,6,67,8,3,0.125,0.4444,0,16.6667,41.25,,,,
3959674,1976,5989,1974,"GR","",,1,10,377,4,49,3,1,0.3333,0,0,8,17.6667,,,,
3971310,1976,6052,1975,"GR","",,1,13,100,5,59,5,9,0.2,0.4444,0,14.7778,52,,,,
3976251,1976,6080,1974,"GR","",195040,3,8,241,5,51,5,1,0.4,0,0,3,27.8,0,0,0,0
3990239,1976,6157,1975,"GR","",133290,3,25,60,4,45,7,1,1,0,0,14,3.7143,0.6,0.4286,0,0
3992723,1976,6171,1975,"GR","",,1,5,2,6,63,8,7,0.75,0.7347,0.2778,17.1429,19,,,,
4002463,1977,6220,1976,"GR","",195040,3,9,75,5,52,9,2,1,0.5,0.1975,6.5,3.4444,0,0,0,0
4008744,1977,6262,1975,"GR","",327755,3,10,152,5,55,5,0,0.8,,0.625,,13.4,0,0,,
4023175,1977,6339,1975,"GR","",,1,24,342,2,21,2,9,1,0.6667,0.5,7.6667,1,,,,
4030193,1977,6381,1975,"GR","",,1,8,30,6,65,8,0,0.125,,0,,35.375,,,,
4033808,1977,6395,1975,"GR","",,1,3,156,1,19,4,6,0.25,0.6111,0,14.5,19,,,,
