4807577,1989,10651,1986,"GR","",,1,95,123,5,53,32,7,0.6563,0.2449,0.7982,5.2857,24.7188,,,,
4815771,1989,10679,1988,"GR","",,1,11,285,6,67,9,0,0.4444,,0,,28,,,,
4851450,1989,10798,1987,"GR","",,1,19,514,3,31,3,2,1,0.5,0.4444,8,3,,,,
4854356,1989,10812,1987,"GR","",,1,5,152,5,55,11,2,0.9091,0,0,8.5,14.8182,,,,
4857554,1989,10819,1987,"GR","",,1,2,514,3,31,0,1,,0,,10,,,,,
4864050,1989,10840,1987,"GR","",597260,6,9,558,1,14,0,0,,,,,,,,,
4864794,1989,10847,1988,"GR","",350625,3,9,52,6,69,3,1,0.3333,0,0,6,45,0,0,0,0
4874097,1989,10882,1988,"GR","",,1,3,209,5,51,5,1,0.4,0,0,7,37.4,,,,
4886854,1989,10938,1987,"GR","",175470,3,6,524,1,15,1,0,1,,0,,7,0,0,,
4886896,1989,10938,1987,"GR","",597260,6,5,558,1,14,1,0,1,,0,,25,0,0,,
4895560,1990,10980,1988,"GR","",,1,16,604,3,32,14,46,0.7143,0.4471,0.7,5,26.7143,,,,
4895733,1990,10980,1988,"GR","",438135,3,29,427,1,12,3,8,1,0.75,0.6667,4,6.3333,0,0,0,0
4898525,1990,10994,1988,"GR","",,1,8,418,5,53,7,1,0.5714,0,0.5,0,30.4286,,,,
4904145,1990,11015,1986,"GR","",,1,1,411,5,59,13,2,0.3846,0.5,0.56,7,43.7692,,,,
4913852,1990,11050,1988,"GR","",,1,20,514,3,31,0,4,,0.375,,7.75,,,,,
4959175,1990,11225,1988,"GR","",440730,3,7,252,1,19,5,8,1,0.6875,0.8,5.625,5.4,0,0,0,0
4960154,1990,11232,1988,"GR","",26610,2,12,137,6,69,8,3,0.75,0,0,5,20.75,0.3333,0.125,0,0
4980808,1990,11316,1989,"GR","",,1,3,362,4,42,6,7,0.5,0.449,0.6667,5.2857,31,,,,
4991395,1991,11365,1989,"GR","",126590,3,12,60,4,45,5,3,1,0.4444,0.56,4.6667,9.2,0,0,0,0
5014488,1991,11456,1989,"GR","",,1,5,52,6,69,4,3,0,0,,6.3333,67.25,,,,
5014533,1991,11456,1990,"GR","",178565,3,25,72,5,52,9,1,0.8889,0,0.2188,4,18.8889,0,0,0,0
5026574,1991,11498,1989,"GR","",218535,3,7,438,4,46,8,2,1,0,0.6875,4,13.625,0,0,0,0
5031940,1991,11519,1988,"GR","",,1,1,285,6,67,10,5,0.6,0.32,0,5.2,28.1,,,,
5040347,1991,11554,1990,"GR","",,1,3,52,6,69,3,7,0.6667,0.2449,0.5,4.2857,25.3333,,,,
5040550,1991,11554,1988,"GR","",,1,26,131,6,61,1,0,1,,0,,16,,,,
5042280,1991,11561,1990,"GR","",,1,11,72,5,52,5,1,0.4,0,0.5,2,49.2,,,,
5042310,1991,11561,1989,"GR","",,1,4,73,4,43,8,0,1,,0.75,,11.5,,,,
5060698,1991,11624,1990,"GR","",,5,10,138,6,67,10,2,0.9,0,0.1975,5.5,14.3,,,,
5067973,1991,11652,1990,"GR","",,1,9,95,1,13,3,2,1,0.5,0,3.5,8,,,,
5068942,1991,11659,1989,"GR","",,1,3,15,6,69,5,1,0.4,0,0,5,36.4,,,,
5075612,1991,11680,1990,"GR","",,1,15,318,4,45,4,1,1,0,0.375,2,8,,,,
5088310,1992,11736,1990,"GR","",,1,7,72,5,52,8,0,0.875,,0.449,,15.5,,,,
5096634,1992,11764,1991,"GR","",220731,3,20,264,5,51,5,8,1,0.2188,0.56,4.125,11,0,0,0,0
5101275,1992,11778,1990,"GR","",122646,3,6,348,4,49,10,5,0.9,0,0.1975,4,18.9,0,0,0,0
5103803,1992,11792,1990,"GR","",,1,2,126,6,66,4,0,1,,0.375,,13,,,,
5124216,1992,11862,1990,"GR","",706518,2,7,430,1,19,3,11,1,0.314,0.4444,5.3636,7.6667,0,0,0.1,0.0909
5137563,1992,11911,1991,"GR","",,1,8,71,1,11,1,3,1,0.6667,0,5,26,,,,
5155771,1992,11974,1992,"GR","",686643,2,5,704,2,22,8,0,1,,0.6875,,7.125,0,0,,
5170654,1992,12037,1991,"GR","",,1,8,72,5,52,14,0,0.6429,,0.1975,,29.1429,,,,
5172578,1992,12044,1991,"GR","",,1,5,70,6,65,5,5,1,0,0.48,4.8,11.2,,,,
