5569582,1996,13451,1993,"GR","",725165,3,18,435,3,33,11,1,1,0,0.1653,4,7.5455,0,0,0,0
5570533,1996,13458,1995,"GR","",,1,4,33,6,69,25,0,0.68,,0.6782,,35.48,,,,
5582002,1996,13493,1995,"GR","",,1,20,60,4,45,8,1,0.875,0,0.449,2,14.25,,,,
5586124,1996,13500,1995,"GR","",714494,3,9,714,2,22,3,0,1,,0,,10.6667,0,0,,
5614276,1997,13598,1993,"GR","",728929,3,35,428,6,69,8,0,1,,0.4688,,17.375,0,0,,
5621937,1997,13626,1995,"GR","",713645,3,11,8,1,11,17,1,0.6471,0,0.4298,3,34.1765,0,0,0,0
5626638,1997,13640,1995,"GR","",729902,3,18,48,1,13,17,2,0.8235,0.5,0.602,0.5,19.1176,0,0,0,0
5637290,1997,13675,1995,"GR","",730838,2,6,424,3,31,0,0,,,,,,,,,
5650160,1997,13717,1994,"GR","",731950,3,11,424,3,31,1,0,1,,0,,20,0,0,,
5669189,1997,13780,1994,"GR","",,1,20,52,6,69,11,1,0.9091,0,0.6,3,16.6364,,,,
5672055,1997,13787,1996,"GR","",,1,2,433,3,39,8,0,1,,0,,7.625,,,,
5673356,1997,13787,1995,"GR","",122646,3,28,386,4,49,6,0,1,,0.2778,,7.5,0,0,,
5676897,1997,13801,1995,"GR","",,1,6,264,5,51,5,0,1,,0.72,,9.2,,,,
5691623,1997,13843,1996,"GR","",,1,2,320,4,45,14,0,1,,0.1327,,4.0714,,,,
5697883,1997,13864,1995,"GR","",,1,20,600,3,32,2,0,1,,0,,13,,,,
5699810,1997,13871,1994,"GR","",,1,19,128,3,32,18,0,0.7778,,0.7653,,22.0556,,,,
5709830,1998,13899,1996,"GR","",228390,2,1,264,5,51,12,1,0.75,0,0.642,1,27.6667,0.1429,0.0833,0,0
5742606,1998,13990,1996,"GR","",280070,2,14,370,2,21,6,0,1,,0.2778,,5.8333,0.1667,0.1667,,
5744598,1998,13997,1996,"GR","",600035,2,36,540,1,14,6,0,1,,0.6111,,4.8333,0.8333,0.8333,,
5746166,1998,14004,1995,"GR","",,1,14,123,5,53,9,1,1,0,0.4938,3,5.3333,,,,
5747986,1998,14004,1992,"GR","",,1,23,324,4,43,1,0,1,,0,,8,,,,
5765708,1998,14046,1997,"GR","",,1,20,220,6,68,12,0,0.8333,,0.7,,20.1667,,,,
5766476,1998,14046,1996,"GR","",741903,3,10,210,1,19,10,0,1,,0.34,,7.5,0,0,,
5766895,1998,14046,1996,"GR","",741903,3,5,435,3,33,8,0,1,,0.5938,,8.5,0,0,,
5772227,1998,14060,1996,"GR","",,1,3,280,5,55,8,0,1,,0,,8.875,,,,
5774653,1998,14060,1995,"GR","",742589,3,6,709,2,22,5,1,1,0,0.56,2,5.2,0,0,0,0
5799487,1998,14123,1996,"GR","",,1,11,60,4,45,4,0,1,,0,,22,,,,
5803670,1998,14130,1997,"GR","",745157,3,14,405,6,64,10,0,1,,0.64,,15,0,0,,
5823939,1998,14172,1997,"GR","",,1,9,600,3,32,4,0,1,,0,,17.75,,,,
5837009,1998,14200,1996,"GR","",741903,3,11,8,1,11,2,0,0,,,,47,0,0,,
5840168,1998,14207,1995,"GR","",421170,2,7,204,1,19,2,0,1,,0.5,,8.5,0,0,,
5840865,1998,14207,1995,"GR","",692767,3,5,536,1,14,1,0,1,,0,,4,1,1,,
5864810,1999,14270,1995,"GR","",538840,2,,704,2,22,9,0,1,,0.1975,,8.1111,0,0,,
5873371,1999,14298,1997,"GR","",,1,,131,6,61,11,0,1,,0.562,,16.0909,,,,
5906835,1999,14389,1997,"GR","",228390,2,,425,5,51,14,0,0.7143,,0.6,,30.2857,0.25,0.1429,,
5907406,1999,14389,1997,"GR","",601715,2,,356,4,43,7,0,1,,0.7755,,11.5714,0,0,,
5909736,1999,14403,1996,"GR","",,1,,131,6,61,3,0,1,,0.6667,,19.3333,,,,
5913949,1999,14417,1997,"GR","",,1,,74,5,59,8,0,0.375,,0.4444,,56.375,,,,
5925373,1999,14445,1996,"GR","",755914,3,,424,3,31,10,0,1,,0,,5,0,0,,
5931125,1999,14459,1996,"GR","",,1,,123,5,53,9,0,1,,0,,9,,,,
5933414,1999,14459,1996,"GR","",280070,2,,370,2,21,10,0,1,,0.34,,6.8,0.2,0.2,,
5934719,1999,14466,1997,"GR","",,1,,292,6,69,20,0,0.55,,0.5124,,37.5,,,,
5940356,1999,14473,1996,"GR","",,1,,369,2,24,6,0,1,,0.4444,,5,,,,
5941707,1999,14480,1997,"GR","",,1,,433,3,39,4,0,1,,0,,23.75,,,,
5941827,1999,14480,1997,"GR","",601715,2,,600,3,32,12,0,1,,0.2917,,3.1667,0.1,0.0833,,
5950912,1999,14501,1998,"GR","",,1,,229,6,68,9,0,0.5556,,0,,23,,,,
5952646,1999,14501,1997,"GR","",745864,3,,250,4,44,4,0,1,,0.375,,6.25,0,0,,
5953756,1999,14508,1997,"GR","",,1,,2,6,63,14,0,0.5,,0,,42.8571,,,,
5960009,1999,14515,1996,"GR","",722326,2,,714,2,22,7,0,1,,0.4082,,6.7143,0,0,,
5976565,1999,14550,1997,"GR","",760369,2,,424,3,31,1,0,1,,0,,4,0,0,,
5980490,1999,14557,1998,"GR","",760705,3,,604,3,32,3,0,0.6667,,0.5,,22.3333,0,0,,
5980914,1999,14557,1998,"GR","",760756,3,,424,3,31,7,0,1,,0.4898,,6.4286,0,0,,
5994323,1999,14578,1998,"GR","",760756,3,,514,3,31,5,0,1,,0.32,,8.6,0,0,,
6001852,1999,14592,1998,"GR","",760756,3,,514,3,31,5,0,1,,0.32,,8.6,0,0,,
6004795,1999,14599,1996,"GR","",692767,3,,435,3,33,6,0,1,,0.5,,9.3333,0.2,0.1667,,
