5217723,1993,12212,1991,"GR","",692605,3,19,425,5,51,6,0,1,,0.6667,,19.8333,0,0,,
5219749,1993,12219,1991,"GR","",692767,3,4,435,3,33,3,13,1,0.7929,0,3.7692,8.3333,0,0,0.1538,0.1538
5235441,1993,12275,1992,"GR","",,1,6,359,5,54,3,4,1,0.625,0.4444,3.5,5.6667,,,,
5237642,1993,12282,1992,"GR","",686643,2,28,704,2,22,9,1,1,0,0.642,3,9.5556,0,0,0,0
5251284,1993,12331,1992,"GR","",686643,2,24,704,2,22,9,0,1,,0.642,,9.5556,0,0,,
5261988,1993,12373,1992,"GR","",,5,10,156,1,19,5,3,0.8,0.6667,0.5,3.3333,24.4,,,,
5265217,1993,12380,1992,"GR","",686643,2,22,704,2,22,9,2,1,0,0.642,2.5,9.5556,0,0,0,0
5282445,1994,12450,1992,"GR","",,1,26,123,5,53,3,1,0,0,,4,49.3333,,,,
5288572,1994,12471,1992,"GR","",706518,2,7,430,1,19,4,1,1,0,0.375,3,7.75,0.25,0.25,0,0
5293058,1994,12485,1992,"GR","",112155,2,9,257,4,46,7,3,1,0.4444,0.6122,5,16.2857,0.1429,0.1429,0,0
5299339,1994,12513,1992,"GR","",700156,3,9,8,1,11,17,3,0.6471,0.6667,0.4298,3.6667,31.1765,0,0,0,0
5305598,1994,12534,1991,"GR","",,1,12,60,4,45,9,0,1,,0.716,,21.8889,,,,
5306330,1994,12534,1991,"GR","",,1,5,95,1,13,2,0,1,,0.5,,14.5,,,,
5309448,1994,12541,1992,"GR","",280070,2,22,714,2,22,12,18,1,0.7654,0.5694,3.4444,6.0833,0.0909,0.0833,0.1111,0.1111
5315687,1994,12562,1992,"GR","",686643,2,24,704,2,22,9,1,1,0,0.642,4,10.5556,0,0,0,0
5317934,1994,12576,1992,"GR","",,1,11,74,5,59,6,1,0.1667,0,0,5,68.6667,,,,
5330107,1994,12618,1993,"GR","",703038,3,3,239,5,59,8,1,1,0,0.375,1,7.125,0,0,0,0
5342300,1994,12660,1993,"GR","",,1,2,604,3,32,4,7,1,0.5714,0.625,3.2857,3,,,,
5348874,1994,12681,1992,"GR","",692767,3,12,435,3,33,0,2,,0.5,,3.5,,,,0.5,0.5
5352492,1994,12695,1993,"GR","",217300,3,8,427,1,12,3,0,1,,0.6667,,11.6667,0,0,,
5352613,1994,12695,1993,"GR","",,1,8,436,1,19,18,1,1,0,0.7531,4,4.7222,,,,
5355652,1994,12709,1991,"GR","",,1,5,52,6,69,4,0,1,,0,,12.25,,,,
5359808,1994,12723,1993,"GR","",,1,6,43,6,61,10,3,1,0.4444,0.34,2.6667,12.7,,,,
5380149,1995,12793,1992,"GR","",,1,18,415,5,53,4,0,0.5,,0.5,,57.5,,,,
5380199,1995,12793,1993,"GR","",,1,3,433,3,39,8,3,0.75,0,0.2778,2,28.625,,,,
5400437,1995,12870,1994,"GR","",,1,16,2,6,63,7,1,0.4286,0,0,1,32.4286,,,,
5440771,1995,13010,1994,"GR","",713645,3,9,8,1,11,17,0,0.6471,,0.4298,,32.1765,0,0,,
5450340,1995,13038,1993,"GR","",714494,3,11,708,2,22,6,1,1,0,0.6111,2,9.6667,0,0,0,0
5453072,1995,13052,1992,"GR","",,1,19,600,3,32,1,1,1,0,0,5,17,,,,
5469984,1995,13115,1994,"GR","",454215,2,7,220,6,68,6,1,1,0,0.5,1,13.1667,0,0,0,0
5481608,1996,13150,1994,"GR","",122646,3,17,380,2,22,13,0,1,,0.568,,9.8462,0,0,,
5493652,1996,13199,1994,"GR","",280070,2,12,711,2,24,6,5,1,0.48,0.5,0.8,4.6667,0.1667,0.1667,0.2,0.2
5496258,1996,13213,1993,"GR","",,1,15,600,3,32,2,3,1,0,0,2.6667,12,,,,
5499593,1996,13227,1992,"GR","",,1,16,114,5,55,5,0,0.6,,0.6667,,39.8,,,,
5501980,1996,13234,1994,"GR","",382505,2,21,436,1,19,8,7,1,0.4898,0.6875,2.2857,5.75,0,0,0.1429,0.1429
5525352,1996,13311,1994,"GR","",,1,22,424,3,31,11,1,1,0,0.5455,3,10.3636,,,,
5525502,1996,13311,1992,"GR","",692767,3,8,435,3,33,4,0,1,,0.375,,9.25,0.3333,0.25,,
5531109,1996,13332,1994,"GR","",,1,13,73,4,43,5,0,1,,0.72,,18.4,,,,
5531595,1996,13332,1994,"GR","",,1,13,433,3,39,7,0,0.8571,,0,,23,,,,
5536523,1996,13346,1993,"GR","",722275,3,8,426,6,61,11,1,1,0,0.314,4,8.6364,0,0,0,0
5543325,1996,13367,1994,"GR","",377625,7,24,435,3,33,0,0,,,,,,,,,
5550810,1996,13388,1994,"GR","",601715,2,22,370,2,21,2,6,1,0.4444,0,1.8333,6,0,0,0.1667,0.1667
5564239,1996,13437,1996,"GR","",,1,20,52,6,69,7,0,0.8571,,0.5,,27.7143,,,,
5566634,1996,13444,1995,"GR","",,1,19,114,5,55,7,1,0.2857,0,0,2,45.2857,,,,
