4425763,1984,8782,1980,"AR","",24250,2,27,60,4,45,30,1,0.2333,0,0.7347,5,44.2,0,0,0,0
4426567,1984,8782,1981,"AR","",,4,3,219,4,49,11,7,0.1818,0.5714,0.5,12,48.0909,,,,
4429554,1984,8803,1981,"AR","",,1,4,70,6,65,4,5,0.25,0,0,9.2,36.5,,,,
4431327,1984,8810,1982,"AR","",,1,7,403,6,67,5,4,0.6,0.375,0.4444,11,26.4,,,,
4436731,1984,8838,1982,"AR","",182460,3,5,514,3,31,2,14,0.5,0.602,0,8.3571,15,0,0,0.3,0.2143
4438285,1984,8845,1981,"AR","",516445,3,7,568,1,14,4,2,0.75,0.5,0.6667,10.5,11.75,0,0,0,0
4443389,1984,8873,1981,"AR","",,4,24,261,1,19,20,10,0.5,0.72,0.66,8.3,30.1,,,,
4444096,1984,8880,1982,"AR","",267585,3,4,99,6,61,9,4,0.3333,0.375,0.4444,6,31,0,0,0,0
4453041,1984,8922,1980,"AR","",,1,45,379,2,21,6,5,1,0,0,9.4,9.1667,,,,
4459289,1984,8957,1982,"AR","",570385,3,2,514,3,31,7,5,1,0.48,0.8571,9.4,6.4286,0,0,0,0
4460423,1984,8964,1983,"AR","",,1,6,156,1,19,13,11,0.9231,0.314,0.75,7.1818,8.6154,,,,
4465843,1984,8992,1982,"AR","",325725,3,7,548,1,14,2,1,1,0,0,2,9,0,0,0,0
4468153,1984,9006,1982,"AR","",,1,23,405,6,64,9,3,0.6667,0,0.6111,8,20.8889,,,,
4471054,1984,9020,1981,"AR","",118490,3,5,435,3,33,0,3,,0.4444,,12.6667,,,,0,0
4476138,1984,9048,1983,"AR","",189745,3,5,514,3,31,1,0,1,,0,,12,0,0,,
4476461,1984,9048,1981,"AR","",,1,8,340,2,21,9,14,0.7778,0.6735,0.6122,8.1429,19.2222,,,,
4485893,1984,9104,1983,"AR","",,1,5,182,6,65,6,0,0.8333,,0,,18.6667,,,,
4488379,1984,9118,1983,"AR","",,1,12,49,5,59,1,0,1,,0,,10,,,,
4493851,1985,9146,1982,"AR","",267585,3,7,426,6,61,5,0,0.4,,0.5,,37.8,0,0,,
4494253,1985,9153,1984,"AR","",,1,8,623,3,39,7,2,1,0,0.2449,5,9.8571,,,,
4494603,1985,9153,1983,"AR","",600400,2,8,166,6,64,7,15,0,0.56,,8.7333,65.1429,0,0,0,0
4497656,1985,9167,1982,"AR","",434125,2,2,75,5,52,1,5,1,0.32,0,6,3,1,1,0,0
4499104,1985,9174,1977,"AR","",189745,3,3,514,3,31,2,0,1,,0,,9.5,0,0,,
4505670,1985,9209,1984,"AR","",267585,3,28,432,6,66,6,4,0.5,0.375,0.4444,7,24.5,0,0,0,0
4514154,1985,9251,1984,"AR","",,1,14,418,5,53,10,0,0.6,,0.5,,26.5,,,,
4529001,1985,9328,1983,"AR","",629285,2,18,137,6,69,4,0,0.75,,0,,16.25,0,0,,
4549045,1985,9426,1982,"AR","",,1,26,379,2,21,2,9,1,0,0,6.8889,9.5,,,,
4551621,1985,9440,1984,"AR","",218550,2,11,235,5,59,3,0,0.6667,,0,,20.3333,0,0,,
4559322,1985,9482,1983,"AR","",182460,3,2,514,3,31,5,2,1,0.5,0.64,6.5,8.6,0,0,0,0
4562772,1986,9503,1984,"AR","",559650,3,3,99,6,61,5,9,1,0.5185,0.32,6.8889,8.8,0,0,0,0
4565556,1986,9517,1983,"AR","",,5,4,55,1,13,9,0,1,,0.7407,,11.3333,,,,
4572945,1986,9552,1984,"AR","",218550,2,8,235,5,59,2,1,0.5,0,0,6,23,0,0,0,0
4574842,1986,9566,1983,"AR","",,1,12,137,6,69,2,3,0,0.4444,,10,60,,,,
4577772,1986,9580,1985,"AR","",,1,7,220,6,68,4,10,1,0.8,0,4.7,12,,,,
4583537,1986,9608,1982,"AR","",,1,11,606,3,32,6,11,0.8333,0.5124,0.72,9.4545,13.8333,,,,
4586587,1986,9622,1984,"AR","",,1,9,187,5,55,9,0,1,,0,,5.8889,,,,
4593672,1986,9657,1984,"AR","",,1,7,123,5,53,5,5,1,0,0.32,7.8,9.6,,,,
4595052,1986,9664,1984,"AR","",369870,3,19,166,6,64,5,3,0.4,0,0,5,20,0,0,0,0
4605496,1986,9720,1984,"AR","",,1,2,209,5,51,7,0,0.2857,,0.5,,53.2857,,,,
4609630,1986,9741,1984,"AR","",,1,5,436,1,19,5,2,1,0,0.32,2,4.8,,,,
4611678,1986,9755,1985,"AR","",,1,10,177,6,69,3,4,0.6667,0.375,0,3.5,13,,,,
4612086,1986,9755,1985,"AR","",274380,3,11,159,1,19,1,1,1,0,0,8,3,1,1,0,0
4618742,1986,9790,1983,"AR","",,1,9,379,2,21,3,3,1,0.4444,0,8.3333,6.3333,,,,
4623209,1986,9818,1985,"AR","",,1,6,439,4,41,3,8,0.6667,0.375,0,7.375,15.6667,,,,
4625079,1986,9825,1983,"AR","",,1,10,379,2,21,5,11,1,0.2975,0,10,8.4,,,,
4626387,1986,9832,1985,"AR","",,4,31,261,1,19,10,2,0.5,0.5,0.64,7.5,29.3,,,,
4638378,1987,9881,1985,"AR","",,1,3,360,2,24,6,3,0.6667,0.4444,0,5.6667,21,,,,
4640102,1987,9895,1986,"AR","",,1,5,62,6,69,3,5,1,0,0,6,15.3333,,,,
4649962,1987,9937,1985,"AR","",,5,3,138,6,67,3,1,1,0,0.6667,6,10.6667,,,,
4650016,1987,9937,1985,"AR","",,1,17,177,6,69,5,5,0.6,0.32,0,7.4,14.8,,,,
4655772,1987,9958,1985,"AR","",,1,13,623,3,39,10,3,1,0.4444,0,9.6667,7.4,,,,
4657763,1987,9965,1985,"AR","",,4,5,424,3,31,0,4,,0,,6.75,,,,,
4659985,1987,9972,1984,"AR","",218550,2,3,324,4,43,7,2,0.8571,0,0.2778,6.5,14.8571,0.3333,0.2857,0.5,0.5
4663865,1987,9993,1986,"AR","",288135,3,5,36,6,63,4,2,0.75,0,0,11,18.25,0,0,0,0
4666451,1987,10000,1986,"AR","",,1,5,623,3,39,5,0,0.6,,0.4444,,36.4,,,,
4668159,1987,10007,1985,"AR","",,1,3,415,5,53,6,3,0.5,0.4444,0,11,39.8333,,,,
4683871,1987,10077,1985,"AR","",,1,2,126,6,66,3,1,0,0,,2,86.3333,,,,
4688751,1987,10098,1984,"AR","",,1,5,248,6,69,4,1,0.25,0,0,3,55.25,,,,
4689861,1987,10105,1986,"AR","",,1,7,24,6,63,9,3,0.3333,0.6667,0,6.3333,53.2222,,,,
4693302,1987,10119,1985,"AR","",,4,11,165,6,66,5,6,1,0.6667,0.56,7.3333,8.8,,,,
4705516,1987,10175,1983,"AR","",,1,10,623,3,39,2,15,1,0.6933,0,11.4667,7,,,,
4708217,1987,10189,1986,"AR","",,1,9,177,6,69,2,1,1,0,0,5,3,,,,
4710192,1987,10196,1986,"AR","",,1,9,606,3,32,4,24,1,0.2882,0.375,7.0417,10,,,,
4711601,1987,10203,1986,"AR","",,1,22,405,6,64,10,4,0.8,0,0.2188,4,14.8,,,,
4719921,1988,10245,1985,"AR","",,1,5,607,3,32,6,19,1,0.1939,0,6.0526,5.6667,,,,
4722685,1988,10259,1986,"AR","",,1,6,433,3,39,2,2,0,0.5,,5.5,56,,,,
4730367,1988,10301,1986,"AR","",176355,3,6,452,6,61,6,9,0.8333,0.6173,0.56,5.3333,11.3333,0,0,0,0
4751542,1988,10392,1985,"AR","",,1,8,396,5,54,8,5,1,0.56,0.4063,6.8,10.625,,,,
4753547,1988,10406,1986,"AR","",,1,10,401,1,12,21,2,0.8571,0,0.3765,6.5,19.4286,,,,
4760780,1988,10441,1986,"AR","",267585,3,5,99,6,61,8,5,0.875,0.64,0.4082,7.8,13.625,0,0,0,0
4765239,1988,10462,1986,"AR","",,1,4,101,6,69,5,2,0,0,,6.5,49,,,,
4766650,1988,10469,1987,"AR","",,1,2,19,1,11,3,0,0,,,,75.6667,,,,
4768428,1988,10476,1987,"AR","",267585,3,7,99,6,61,3,6,0.6667,0.6667,0.5,5.6667,26.3333,0,0,0,0
4768942,1988,10476,1987,"AR","",,1,4,425,5,51,3,1,1,0,0,3,9,,,,
4771450,1988,10483,1986,"AR","",,1,16,379,2,21,4,5,1,0.32,0,6,11.75,,,,
4776774,1988,10511,1986,"AR","",,1,10,417,5,53,5,1,1,0,0.48,9,17.4,,,,
4779249,1988,10518,1987,"AR","",551915,3,8,368,6,69,4,3,0.5,0.6667,0,6.3333,26,0,0,0,0
4779570,1988,10525,1986,"AR","",,1,18,119,6,61,4,1,0.75,0,0.4444,7,15,,,,
4783978,1988,10546,1987,"AR","",,1,9,70,6,65,3,1,0.3333,0,0,2,69,,,,
4787122,1988,10560,1987,"AR","",176355,3,4,452,6,61,2,1,1,0,0,1,1.5,0,0,0,0
4799278,1989,10616,1987,"AR","",,1,7,8,1,11,5,0,0.8,,0.5,,13.2,,,,
4799666,1989,10616,1987,"AR","",418555,2,12,472,6,62,4,3,0,0,,7.3333,84.5,0,0,0,0
4800945,1989,10623,1987,"AR","",,1,9,160,6,69,3,1,0.3333,0,0,5,56,,,,
4801083,1989,10623,1987,"AR","",,1,4,238,5,55,1,1,0,0,,9,106,,,,
4801480,1989,10623,1987,"AR","",377880,2,4,428,6,69,3,16,1,0.6563,0.4444,6.5625,10.3333,0.3333,0.3333,0.375,0.375
