4053003,1977,6493,1975,"AR","",109560,2,3,141,5,51,6,1,0.3333,0,0,8,26.5,0,0,0,0
4053041,1977,6493,1975,"AR","",,1,2,400,5,59,6,0,1,,0.5,,5.8333,,,,
4058876,1977,6535,1976,"AR","",,1,6,15,6,69,2,0,0,,,,40.5,,,,
4060853,1977,6549,1976,"AR","",,1,5,2,6,63,2,1,1,0,0.5,4,8.5,,,,
4061341,1977,6549,1976,"AR","",,1,7,369,2,24,3,6,0.6667,0.2778,0,6.1667,10,,,,
4062204,1977,6556,1975,"AR","",29055,3,2,66,6,63,12,7,0.5,0.2449,0.5,17.7143,20.0833,0,0,0,0
4063314,1977,6563,1976,"AR","",,1,6,623,3,39,5,13,1,0,0,6.6154,3,,,,
4067175,1978,6584,1976,"AR","",,1,3,53,6,68,5,1,0.6,0,0.4444,7,10.6,,,,
4073146,1978,6619,1976,"AR","",,1,7,405,6,64,2,5,0,0.72,,3.2,58.5,,,,
4074962,1978,6626,1975,"AR","",351730,3,2,431,6,66,8,1,0.875,0,0.2449,2,10.25,0,0,0,0
4076206,1978,6633,1976,"AR","",,1,12,249,6,69,3,3,0.6667,0,0,12.6667,11,,,,
4077598,1978,6640,1976,"AR","",,1,9,249,6,69,4,2,0.25,0,0,12,43.5,,,,
4078388,1978,6647,1976,"AR","",,1,16,405,6,64,2,9,0.5,0.6914,0,5,16,,,,
4079468,1978,6654,1976,"AR","",,1,12,623,3,39,1,7,1,0,0,12.5714,2,,,,
4086943,1978,6696,1976,"AR","",603620,3,3,141,5,51,1,11,1,0.1653,0,14.8182,8,0,0,0,0
4088134,1978,6703,1976,"AR","",,4,3,606,3,32,5,4,0.4,0,0.5,15,35.6,,,,
4089353,1978,6710,1976,"AR","",128490,2,10,141,5,51,2,16,0.5,0,0,13.125,10.5,0,0,0.4,0.375
4094082,1978,6738,1976,"AR","",,1,3,40,6,69,4,1,0.25,0,0,4,53.5,,,,
4095236,1978,6738,1977,"AR","",1175,2,3,346,4,49,12,3,0.75,0.6667,0.7407,5.6667,12,0,0,0,0
4104435,1978,6787,1977,"AR","",549800,3,5,428,6,69,4,15,1,0.8711,0.625,9.8,6,0,0,0,0
4109570,1978,6815,1975,"AR","",84600,2,25,99,6,61,3,6,0,0.4444,,6.3333,17.6667,0,0,0.6667,0.6667
4110058,1978,6815,1976,"AR","",,1,9,417,5,53,10,6,0.1,0.7778,0,10.8333,27.1,,,,
4110986,1978,6822,1976,"AR","",,1,13,60,4,45,1,13,1,0.7574,0,7.0769,1,,,,
4112553,1978,6829,1977,"AR","",,1,5,24,6,63,4,9,0.25,0,0,9.7778,28.75,,,,
4117676,1978,6850,1976,"AR","",,1,10,60,4,45,3,12,0.3333,0.5139,0,6.0833,19.3333,,,,
4122765,1978,6878,1977,"AR","",84600,2,6,99,6,61,3,5,0,0.48,,4.4,52.6667,0,0,0.6,0.6
4124220,1978,6885,1976,"AR","",,5,11,277,6,67,11,10,0.7273,0.34,0.4688,12,10.8182,,,,
4130905,1978,6934,1977,"AR","",,1,4,623,3,39,2,6,1,0,0,11.8333,6.5,,,,
4133463,1979,6948,1977,"AR","",,1,4,223,6,63,5,0,0.2,,0,,28.2,,,,
4134575,1979,6955,1977,"AR","",,1,6,256,6,65,12,0,0.0833,,0,,70.6667,,,,
4136702,1979,6969,1978,"AR","",,1,1,607,3,32,3,7,1,0,0,14.8571,2.3333,,,,
4139124,1979,6983,1977,"AR","",,1,8,222,1,19,6,12,0.1667,0.2917,0,11.9167,33.5,,,,
4139312,1979,6983,1976,"AR","",,5,2,401,1,12,6,3,0.3333,0,0,13,21.6667,,,,
4140123,1979,6990,1977,"AR","",,1,2,606,3,32,1,4,0,0.5,,8.5,57,,,,
4140124,1979,6990,1977,"AR","",,1,7,606,3,32,5,5,0.2,0.64,0,9.6,41.4,,,,
4143990,1979,7011,1977,"AR","",,1,12,405,6,64,10,11,0.2,0.5785,0.5,9.0909,44.9,,,,
4150422,1979,7046,1977,"AR","",,1,16,362,4,42,4,10,1,0.34,0.75,11.1,8.75,,,,
4153852,1979,7067,1977,"AR","",,1,4,310,4,45,3,1,1,0,0.4444,18,9,,,,
4159188,1979,7116,1977,"AR","",,1,11,405,6,64,5,6,0,0.6111,,2.6667,48.6,,,,
4165467,1979,7172,1977,"AR","",,1,14,290,4,45,2,7,0.5,0.2449,0,7.1429,18,,,,
4165576,1979,7179,1977,"AR","",,1,7,40,6,69,5,1,0.6,0,0.6667,12,28.8,,,,
4167586,1979,7193,1977,"AR","",,1,9,426,6,61,7,0,0,,,,58.5714,,,,
4167600,1979,7193,1975,"AR","",60250,3,8,428,6,69,4,4,0.75,0.75,0.4444,19,11.75,1,0.25,0,0
4168052,1979,7200,1977,"AR","",,1,6,249,6,69,5,3,0.8,0.6667,0.625,13.3333,9,,,,
4168313,1979,7200,1978,"AR","",,1,14,514,3,31,2,1,1,0,0.5,1,6.5,,,,
4168658,1979,7207,1978,"AR","",84600,2,8,99,6,61,3,3,0.6667,0.4444,0.5,9.6667,7,0.5,0.3333,0,0
4169576,1979,7214,1977,"AR","",,1,6,249,6,69,5,0,0.8,,0.625,,9,,,,
4170428,1979,7221,1977,"AR","",,1,8,405,6,64,8,1,0.125,0,0,3,44.75,,,,
4170660,1979,7221,1978,"AR","",84600,2,7,426,6,61,15,0,0,,,,29.2667,0,0,,
4175574,1979,7270,1977,"AR","",,1,5,401,1,12,3,7,0.6667,0.4898,0.5,10.1429,14.6667,,,,
4177818,1979,7284,1977,"AR","",,1,1,607,3,32,5,8,1,0.5313,0.32,12,5.6,,,,
4179121,1979,7291,1977,"AR","",,1,3,473,6,62,12,2,0.4167,0,0.56,4,24.8333,,,,
4181202,1980,7305,1978,"AR","",,1,3,188,5,53,1,0,1,,0,,3,,,,
4183964,1980,7319,1978,"AR","",,1,3,426,6,61,8,12,0.75,0.7222,0.2778,13.4167,12.125,,,,
4184563,1980,7326,1978,"AR","",,1,6,181,6,69,3,6,1,0.4444,0.4444,14.1667,6.3333,,,,
4184612,1980,7326,1978,"AR","",,1,10,222,1,19,4,6,1,0.2778,0.375,11.1667,10,,,,
4192314,1980,7375,1977,"AR","",,1,8,606,3,32,2,2,1,0,0,15,12,,,,
4196549,1980,7403,1978,"AR","",,1,4,52,6,69,5,0,0.8,,0,,10.4,,,,
4201068,1980,7431,1978,"AR","",,1,4,70,6,65,5,0,0.4,,0,,37.4,,,,
4205599,1980,7459,1977,"AR","",,5,17,99,6,61,5,6,1,0.6667,0.56,11.1667,8.8,,,,
4206727,1980,7466,1978,"AR","",,1,1,123,5,53,10,2,0,0,,16,57.5,,,,
4207015,1980,7466,1978,"AR","",,1,10,405,6,64,5,4,0.4,0.375,0,9.25,19.6,,,,
4207093,1980,7466,1978,"AR","",,1,5,75,5,52,1,4,0,0,,13,25,,,,
4214246,1980,7508,1978,"AR","",,1,6,343,2,21,2,3,0.5,0,0,9.3333,27.5,,,,
4216792,1980,7529,1978,"AR","",35075,3,2,137,6,69,2,2,0,0.5,,11,55.5,0,0,0,0
4216925,1980,7529,1978,"AR","",,1,6,244,5,55,3,7,0.6667,0.7755,0,10,20.6667,,,,
4222129,1980,7564,1979,"AR","",,1,7,4,6,65,4,16,0.25,0.1172,0,12.375,30.25,,,,
4229481,1980,7599,1978,"AR","",,1,12,426,6,61,11,15,0.3636,0.4356,0,12.6667,30.0909,,,,
4241469,1980,7669,1978,"AR","",,1,2,15,6,69,11,6,0.6364,0.6111,0.6531,6.8333,19.1818,,,,
4241784,1980,7669,1978,"AR","",,1,5,165,6,66,1,4,1,0.375,0,4.25,3,,,,
4243006,1981,7676,1978,"AR","",,1,3,123,5,53,5,1,0.4,0,0,10,30.6,,,,
4248016,1981,7704,1979,"AR","",,1,7,49,5,59,3,5,0.3333,0.56,0,14.4,25.3333,,,,
4255581,1981,7739,1979,"AR","",325815,3,20,546,1,14,4,1,1,0,0.375,16,7.5,0,0,0,0
4256760,1981,7746,1979,"AR","",325815,3,6,514,3,31,2,3,1,0.4444,0.5,6.3333,5.5,0,0,0,0
4257325,1981,7753,1979,"AR","",,1,10,181,6,69,4,5,1,0.48,0.5,14.6,7.25,,,,
4258748,1981,7760,1979,"AR","",,1,11,137,6,69,5,0,0,,,,67.2,,,,
4259753,1981,7767,1979,"AR","",,1,3,623,3,39,6,13,1,0,0,12.4615,7.3333,,,,
4261171,1981,7774,1978,"AR","",,1,12,60,4,45,6,5,0.8333,0.32,0.32,12,7.8333,,,,
4265169,1981,7795,1979,"AR","",,1,8,99,6,61,6,7,0.6667,0.2449,0.375,10.5714,24.1667,,,,
4265592,1981,7795,1979,"AR","",,1,5,415,5,53,3,6,0,0.6667,,6.8333,55.3333,,,,
4269447,1981,7816,1976,"AR","",232845,3,6,297,6,65,6,6,0.8333,0.2778,0.64,11.6667,14.5,0,0,0,0
4273777,1981,7837,1980,"AR","",325815,3,4,514,3,31,0,1,,0,,13,,,,0,0
4275989,1981,7851,1979,"AR","",,1,26,415,5,53,5,5,0.6,0.56,0.4444,13.6,17.6,,,,
4277496,1981,7858,1980,"AR","",325815,3,3,514,3,31,0,3,,0,,16.6667,,,,0,0
4279539,1981,7872,1979,"AR","",,1,12,405,6,64,2,2,1,0.5,0.5,3,2,,,,
4282852,1981,7893,1979,"AR","",,1,10,124,5,59,9,2,0.3333,0,0,5.5,31.6667,,,,
4284260,1981,7900,1978,"AR","",,1,7,251,5,53,1,6,1,0.6111,0,10.8333,7,,,,
4285449,1981,7907,1979,"AR","",,1,6,294,5,59,1,2,0,0.5,,12.5,32,,,,
4287067,1981,7914,1980,"AR","",,5,1,210,1,19,6,7,0.1667,0.4898,0,7.5714,54.8333,,,,
4290466,1981,7935,1979,"AR","",,1,6,220,6,68,5,2,0.4,0.5,0.5,14.5,21.4,,,,
4301688,1981,7998,1979,"AR","",,1,8,74,5,59,5,1,0.2,0,0,12,47.2,,,,
4302122,1981,7998,1979,"AR","",,1,7,401,1,12,9,8,0.1111,0.6875,0,6,41.5556,,,,
4305600,1981,8019,1979,"AR","",,1,14,280,5,55,6,7,0,0,,9,80,,,,
4308206,1981,8033,1980,"AR","",373875,3,11,540,1,14,6,2,1,0.5,0.5,8,5.6667,0,0,0,0
4308292,1981,8033,1981,"AR","",,1,5,426,6,61,7,4,0.7143,0,0.48,6.25,20,,,,
4311410,1982,8054,1979,"AR","",,1,10,405,6,64,3,5,0.6667,0.32,0.5,7,10.3333,,,,
4319518,1982,8110,1979,"AR","",,1,6,92,5,53,4,0,0.5,,0.5,,26.75,,,,
4326511,1982,8152,1979,"AR","",,1,4,128,3,32,7,3,1,0,0.2449,9.6667,7.8571,,,,
4326819,1982,8152,1979,"AR","",,1,8,405,6,64,2,4,0.5,0.625,0,5.75,22,,,,
4327105,1982,8152,1981,"AR","",,1,2,514,3,31,4,1,1,0,0,1,8,,,,
4328460,1982,8159,1979,"AR","",,1,1,324,4,43,6,0,1,,0.6111,,8.6667,,,,
4329171,1982,8166,1981,"AR","",434125,2,1,75,5,52,2,15,1,0.1244,0,2.8,5,0,0,0.0667,0.0667
4332796,1982,8187,1980,"AR","",325815,3,6,514,3,31,4,9,0.75,0.4938,0,9.7778,12.75,0,0,0,0
4338331,1982,8222,1981,"AR","",189740,3,2,514,3,31,2,0,1,,0,,7.5,0,0,,
4345159,1982,8264,1980,"AR","",,1,13,290,4,45,5,4,0.6,0.375,0.4444,5.5,31.2,,,,
4352989,1982,8313,1980,"AR","",,1,19,290,4,45,2,2,0.5,0,0,5.5,30.5,,,,
4353487,1982,8320,1977,"AR","",,1,8,222,1,19,5,0,0.2,,0,,36,,,,
4355572,1982,8334,1981,"AR","",267585,3,12,99,6,61,10,4,0.4,0,0,6.25,33,0,0,0,0
4358220,1982,8348,1980,"AR","",,1,14,405,6,64,4,1,1,0,0.625,8,2,,,,
4358330,1982,8348,1980,"AR","",,1,2,156,1,19,11,10,1,0.8,0.6612,7.5,9,,,,
4359619,1982,8355,1981,"AR","",,1,12,200,4,41,6,9,0.3333,0.7901,0,7.6667,21.5,,,,
4360318,1982,8362,1980,"AR","",,1,12,417,5,53,3,0,0,,,,59,,,,
4365931,1982,8397,1980,"AR","",,1,6,415,5,53,3,0,0.6667,,0,,19.3333,,,,
4367694,1983,8411,1980,"AR","",,1,9,119,6,61,7,3,0.2857,0,0,11.6667,37,,,,
4367746,1983,8411,1980,"AR","",,1,8,606,3,32,5,32,1,0.0605,0.32,12.0625,3.6,,,,
4369017,1983,8418,1981,"AR","",,1,8,415,5,53,3,0,0.6667,,0.5,,12.6667,,,,
4369339,1983,8418,1980,"AR","",,1,10,379,2,21,1,13,1,0.426,0,12.7692,11,,,,
4370837,1983,8432,1980,"AR","",,1,29,52,6,69,4,2,0.75,0.5,0.4444,9.5,16.75,,,,
4373565,1983,8446,1981,"AR","",564740,3,10,81,5,59,2,0,0.5,,0,,63,0,0,,
4376436,1983,8474,1980,"AR","",,1,8,126,6,66,6,1,0.8333,0,0,11,17.1667,,,,
4378023,1983,8488,1980,"AR","",,1,23,607,3,32,6,11,1,0.1653,0.2778,12,8.8333,,,,
4379589,1983,8502,1980,"AR","",279325,3,4,297,6,65,8,2,0.125,0,0,7.5,58.75,0,0,0,0
4382359,1983,8530,1981,"AR","",,1,7,60,4,45,2,4,0,0.375,,7,30.5,,,,
4382941,1983,8530,1980,"AR","",,1,3,514,3,31,6,2,0.1667,0,0,13.5,27.1667,,,,
4383138,1983,8530,1980,"AR","",,1,45,379,2,21,2,10,1,0,0,7.4,9.5,,,,
4383976,1983,8537,1980,"AR","",,1,1,422,1,19,5,3,0.2,0,0,9.3333,46.8,,,,
4387272,1983,8558,1981,"AR","",,1,6,379,2,21,2,15,1,0,0,6.1333,9,,,,
4393762,1983,8600,1982,"AR","",,1,5,99,6,61,2,3,0.5,0,0,8.3333,16.5,,,,
4394015,1983,8600,1982,"AR","",561610,3,9,473,6,62,3,2,0.6667,0,0,6.5,14,0,0,0,0
4402361,1983,8649,1981,"AR","",274380,3,13,165,6,66,0,6,,0.7778,,8.8333,,,,0.25,0.1667
4405365,1983,8663,1982,"AR","",434125,2,3,75,5,52,1,6,1,0.6667,0,11.5,7,0,0,0,0
4409138,1983,8684,1980,"AR","",182460,3,2,435,3,33,5,3,1,0.6667,0.64,8.6667,6.6,0,0,0,0
4419046,1983,8740,1980,"AR","",,1,3,415,5,53,5,3,0.4,0.4444,0,8.6667,34,,,,
4421399,1983,8754,1982,"AR","",10985,3,24,396,5,54,6,11,1,0.4298,0,9.0909,5.5,0.6667,0.6667,0,0
4423577,1984,8768,1981,"AR","",,1,7,52,6,69,3,1,0.6667,0,0.5,2,16,,,,
4424136,1984,8768,1982,"AR","",,1,1,508,5,59,4,1,0.25,0,0,15,27.5,,,,
