3612999,1971,4302,1970,"AR","",,4,,324,4,43,,5,,0,,12,,,,,
3616544,1971,4323,1969,"AR","",,1,,34,1,19,,0,,,,,,,,,
3620193,1971,4337,1969,"AR","",,1,,119,6,61,,0,,,,,,,,,
3625366,1971,4358,1970,"AR","",,1,,210,1,19,,0,,,,,,,,,
3633755,1972,4393,1970,"AR","",,1,,210,1,19,,1,,0,,13,,,,,
3636155,1972,4400,1969,"AR","",254155,2,,564,1,14,,1,,0,,17,,,,0,0
3640107,1972,4421,1969,"AR","",,5,,70,6,65,,5,,0.48,,12.4,,,,,
3641804,1972,4428,1969,"AR","",,1,,72,5,52,,17,,0.3114,,12.5294,,,,,
3642551,1972,4428,1968,"AR","",,1,,156,1,19,,1,,0,,29,,,,,
3643713,1972,4435,1969,"AR","",,1,,144,5,51,,4,,0.375,,20,,,,,
3648892,1972,4456,1970,"AR","",,1,,221,5,51,,3,,0.4444,,22.3333,,,,,
3659294,1972,4505,1970,"AR","",423385,3,,623,3,39,,26,,0,,21.2308,,,,0.0625,0.0385
3660377,1972,4505,1969,"AR","",125555,2,,536,1,14,,0,,,,,,,,,
3660482,1972,4505,1969,"AR","",,1,,52,6,69,,7,,0,,13.8571,,,,,
3663336,1972,4519,1970,"AR","",,1,,156,1,19,,2,,0,,12.5,,,,,
3673830,1972,4568,1970,"AR","",,1,,70,6,65,,3,,0.4444,,17,,,,,
3674830,1972,4568,1969,"AR","",254155,2,,558,1,14,,0,,,,,,,,,
3679002,1972,4589,1969,"AR","",,1,,171,6,64,,0,,,,,,,,,
3681205,1972,4596,1970,"AR","",160890,2,,205,1,19,,8,,0.2188,,12.25,,,,0,0
3682344,1972,4603,1970,"AR","",,1,,215,6,68,,11,,0.5124,,21.6364,,,,,
3686687,1972,4617,1970,"AR","",,1,,417,5,53,,0,,,,,,,,,
3687015,1972,4624,1970,"AR","",,1,,92,5,53,,1,,0,,11,,,,,
3690006,1972,4638,1971,"AR","",,1,,433,3,39,,2,,0,,4.5,,,,,
3690349,1972,4638,1971,"AR","",24680,2,,140,5,52,,0,,,,,,,,,
3690382,1972,4638,1970,"AR","",,1,,171,6,64,,0,,,,,,,,,
3696619,1972,4666,1970,"AR","",,1,,60,4,45,,2,,0.5,,16,,,,,
3696820,1972,4666,1971,"AR","",,1,,132,6,65,,6,,0,,12.6667,,,,,
3697905,1972,4666,1970,"AR","",,1,,335,4,41,,1,,0,,4,,,,,
3703344,1972,4708,1971,"AR","",,1,,418,5,53,,6,,0.6667,,8,,,,,
3704027,1972,4715,1970,"AR","",,1,,280,5,55,,15,,0.7111,,19.0667,,,,,
3704734,1972,4722,1970,"AR","",,1,,81,5,59,,7,,0.449,,18.8571,,,,,
3704771,1972,4722,1971,"AR","",,1,,400,5,59,,2,,0,,2.5,,,,,
3707271,1972,4743,1970,"AR","",,1,,248,6,69,,5,,0.72,,22.6,,,,,
3709869,1973,4757,1969,"AR","",,1,,534,1,14,,5,,0.56,,10.6,,,,,
3718122,1973,4806,1971,"AR","",,1,,122,6,66,,2,,0.5,,14,,,,,
3719777,1973,4813,1971,"AR","",276460,3,,348,4,49,,3,,0.4444,,3.6667,,,,0,0
3720444,1973,4820,1970,"AR","",,1,,297,6,65,,2,,0,,20,,,,,
3722104,1973,4834,1971,"AR","",,1,,33,6,69,,2,,0,,25.5,,,,,
3722130,1973,4834,1971,"AR","",,1,,43,6,61,,7,,0.8163,,17.2857,,,,,
3722454,1973,4834,1970,"AR","",,1,,440,5,55,,4,,0.625,,23,,,,,
3722617,1973,4834,1972,"AR","",,1,,181,6,69,,8,,0.5938,,17.625,,,,,
3725705,1973,4841,1972,"AR","",,1,,310,4,45,,3,,0.4444,,18.3333,,,,,
3726896,1973,4848,1970,"AR","",557690,3,,548,1,14,,1,,0,,4,,,,0,0
3736338,1973,4897,1971,"AR","",199265,3,,549,1,14,,9,,0.716,,11.4444,,,,0.3333,0.3333
3736907,1973,4904,1971,"AR","",,1,,122,6,66,,3,,0,,11,,,,,
3740356,1973,4918,1970,"AR","",520620,3,,521,1,15,,1,,0,,3,,,,0,0
3742268,1973,4925,1971,"AR","",512710,3,,310,4,45,,5,,0,,14.8,,,,0,0
3742732,1973,4932,1970,"AR","",360165,3,,66,6,63,,4,,0,,9.75,,,,0,0
3743467,1973,4932,1971,"AR","",,1,,425,5,51,,4,,0.625,,14.5,,,,,
3745767,1973,4946,1971,"AR","",344245,3,,60,4,45,,2,,0,,9.5,,,,0.5,0.5
3746726,1973,4946,1969,"AR","",54310,3,,549,1,14,,1,,0,,8,,,,0,0
3747597,1973,4953,1972,"AR","",,1,,128,3,32,,8,,0.4063,,17.625,,,,,
3748160,1973,4953,1971,"AR","",,1,,106,1,12,,2,,0,,10.5,,,,,
3753653,1973,4981,1971,"AR","",,1,,436,1,19,,9,,0.6914,,9.2222,,,,,
3755936,1973,4995,1971,"AR","",,1,,40,6,69,,4,,0.625,,22.75,,,,,
3759482,1973,5009,1971,"AR","",,1,,248,6,69,,2,,0.5,,16.5,,,,,
3763564,1973,5030,1971,"AR","",142185,3,,433,3,39,,2,,0,,11.5,,,,0,0
3767005,1973,5044,1972,"AR","",,1,,181,6,69,,10,,0.5,,14,,,,,
3774744,1973,5079,1972,"AR","",,1,,400,5,59,,3,,0.4444,,15,,,,,
3778018,1973,5093,1971,"AR","",405675,3,,249,6,69,,6,,0.2778,,16.3333,,,,0,0
3779336,1973,5100,1972,"AR","",,1,,181,6,69,,7,,0.4898,,16.8571,,,,,
3782019,1974,5114,1972,"AR","",180655,3,,42,5,59,,3,,0.4444,,14.6667,,,,0,0
3786958,1974,5135,1972,"AR","",,1,,221,5,51,,2,,0,,16.5,,,,,
3792394,1974,5156,1972,"AR","",,1,,335,4,41,,10,,0.68,,14.9,,,,,
3794087,1974,5170,1970,"AR","",,1,,141,5,51,,1,,0,,10,,,,,
3797279,1974,5191,1972,"AR","",,1,,66,6,63,,2,,0,,10,,,,,
3798337,1974,5191,1971,"AR","",405675,3,,426,6,61,,10,,0.54,,13.8,,,,0,0
3801943,1974,5205,1972,"AR","",,1,,381,4,49,,9,,0.4444,,15.8889,,,,,
3804744,1974,5219,1972,"AR","",,1,,208,1,19,,2,,0.5,,10.5,,,,,
3813722,1974,5268,1972,"AR","",,1,,15,6,69,,9,,0.5185,,19.7778,,,,,
3815503,1974,5275,1971,"AR","",148575,3,,102,1,19,,2,,0.5,,20.5,,,,0,0
3823423,1974,5310,1973,"AR","",,1,,623,3,39,,4,,0.375,,11.75,,,,,
3823694,1974,5310,1972,"AR","",,1,,123,5,53,,4,,0.375,,12,,,,,
3827449,1974,5331,1972,"AR","",,1,,137,6,69,,7,,0.7347,,10.8571,,,,,
3838298,1974,5380,1973,"AR","",,1,,327,4,41,,2,,0.5,,10,,,,,
3845581,1974,5422,1972,"AR","",148575,3,,42,5,59,,0,,,,,,,,,
3848606,1974,5436,1972,"AR","",,1,,606,3,32,,2,,0,,20,,,,,
3849937,1974,5443,1973,"AR","",,1,,49,5,59,,3,,0,,13.3333,,,,,
3851887,1974,5450,1973,"AR","",,1,,369,2,24,,0,,,,,,,,,
3851915,1974,5450,1973,"AR","",480425,3,,297,6,65,,0,,,,,,,,,
3852634,1974,5450,1973,"AR","",,1,,313,4,42,,1,,0,,7,,,,,
3854457,1974,5464,1972,"AR","",,5,,418,5,53,,2,,0.5,,8,,,,,
3854859,1974,5464,1972,"AR","",,1,,425,5,51,,7,,0.4082,,13.7143,,,,,
3856655,1974,5471,1973,"AR","",72425,3,,204,1,19,,8,,0.2188,,13.5,,,,0,0
3858049,1974,5478,1973,"AR","",182765,2,,250,4,44,,4,,0.375,,10,,,,0,0
3863934,1975,5513,1974,"AR","",,1,1,369,2,24,1,0,1,,0,,4,,,,
3868160,1975,5534,1972,"AR","",,1,9,439,4,41,4,8,0.5,0.5625,0.5,9.75,18,,,,
3868199,1975,5534,1973,"AR","",,1,2,425,5,51,3,2,0.3333,0.5,0,19.5,22.3333,,,,
3869060,1975,5541,1972,"AR","",,1,10,220,6,68,5,1,0.6,0,0.6667,10,14.8,,,,
3869238,1975,5541,1973,"AR","",,1,10,425,5,51,5,5,0,0.64,,18.2,63,,,,
3871182,1975,5555,1973,"AR","",,1,1,405,6,64,4,5,0.25,0,0,14.2,42.25,,,,
3872557,1975,5562,1972,"AR","",60250,3,7,26,6,63,7,5,0.2857,0.32,0.5,14,41.5714,0,0,0,0
3872724,1975,5562,1972,"AR","",213595,3,2,73,4,43,5,0,0.4,,0,,45.8,0,0,,
3876366,1975,5576,1973,"AR","",,1,6,431,6,66,2,1,0,0,,1,26,,,,
3878359,1975,5583,1974,"AR","",,1,3,219,4,49,7,1,0.4286,0,0,12,14.7143,,,,
3881591,1975,5604,1973,"AR","",405675,3,7,198,5,59,5,1,0.2,0,0,19,21,0,0,0,0
3883317,1975,5611,1972,"AR","",,1,4,44,1,19,6,2,0.1667,0.5,0,11.5,59.3333,,,,
3884480,1975,5618,1973,"AR","",630270,3,4,369,2,24,1,0,0,,,,25,0,0,,
3887645,1975,5632,1974,"AR","",16670,3,4,525,1,15,5,2,1,0,0.64,2.5,3.6,0,0,0,0
3889655,1975,5646,1974,"AR","",,1,5,126,6,66,4,0,0,,,,38.75,,,,
3894444,1975,5674,1974,"AR","",,1,3,74,5,59,0,1,,0,,5,,,,,
3908907,1975,5751,1974,"AR","",187530,3,4,239,5,59,4,5,0.25,0.56,0,11,30.75,0,0,0,0
3910586,1975,5758,1974,"AR","",490505,3,4,277,6,67,4,5,0.75,0.32,0.4444,11.2,13.25,0,0,0,0
3912694,1975,5765,1974,"AR","",151440,2,4,360,2,24,5,14,0.8,0.7551,0.625,10.5,11.2,0,0,0,0
3916483,1975,5786,1974,"AR","",,1,16,99,6,61,4,8,1,0.5938,0.625,12.375,8.5,,,,
3921293,1975,5807,1974,"AR","",,1,10,433,3,39,2,2,0.5,0,0,13,12,,,,
3921680,1975,5807,1974,"AR","",24680,3,2,140,5,52,3,1,0.3333,0,0,15,16.6667,0,0,0,0
3921781,1975,5807,1973,"AR","",,1,5,400,5,59,10,3,0.9,0.4444,0.1975,16.6667,6.9,,,,
3928998,1975,5842,1974,"AR","",45185,2,7,72,5,52,3,0,0.3333,,0,,32,0,0,,
3931427,1976,5849,1973,"AR","",60250,3,6,428,6,69,1,2,1,0,0,2,4,0,0,0.5,0.5
3931776,1976,5856,1974,"AR","",,1,3,29,5,52,4,1,0.5,0,0.5,10,21.5,,,,
3931809,1976,5856,1973,"AR","",,1,4,123,5,53,5,6,0,0,,8.6667,59,,,,
3931816,1976,5856,1975,"AR","",,1,6,602,3,32,5,6,0.4,0.5,0.5,16.3333,21,,,,
3947229,1976,5933,1975,"AR","",,1,6,431,6,66,5,15,0.8,0.7289,0,14.2,17.4,,,,
3947731,1976,5933,1974,"AR","",351730,3,4,361,4,45,5,6,1,0.2778,0.56,15,6.8,0,0,0,0
3949705,1976,5947,1974,"AR","",,1,10,119,6,61,2,4,0,0.5,,13.75,63,,,,
3951141,1976,5954,1974,"AR","",,1,4,604,3,32,2,10,0.5,0.34,0,12.4,16,,,,
3959635,1976,5989,1972,"AR","",625115,2,34,700,2,22,5,3,1,0,0.56,14.3333,5,0.4,0.4,0.6667,0.6667
3960548,1976,5996,1974,"AR","",113065,3,7,75,5,52,1,1,0,0,,1,27,0,0,0,0
3965615,1976,6024,1974,"AR","",,1,18,47,6,61,8,3,0.375,0.4444,0.4444,17.6667,29.5,,,,
3972307,1976,6059,1974,"AR","",,1,9,119,6,61,2,5,0.5,0.32,0,15.8,29.5,,,,
3972511,1976,6059,1974,"AR","",,1,1,256,6,65,2,1,0.5,0,0,22,47.5,,,,
3973027,1976,6059,1974,"AR","",480550,3,6,514,3,31,1,2,1,0.5,0,19.5,11,0,0,1,1
3973702,1976,6066,1975,"AR","",,1,4,222,1,19,5,0,0,,,,62.8,,,,
3977516,1976,6087,1974,"AR","",,1,6,206,6,68,10,5,0.4,0.48,0.75,16.6,28.6,,,,
3978865,1976,6094,1975,"AR","",,1,16,607,3,32,3,8,1,0,0,5.125,4.3333,,,,
3980355,1976,6101,1975,"AR","",,1,1,384,5,59,7,0,0.1429,,0,,33.2857,,,,
3982024,1976,6108,1972,"AR","",,1,10,426,6,61,3,3,0,0.4444,,12.3333,42.3333,,,,
3982574,1976,6115,1975,"AR","",,1,1,383,6,68,8,3,0.625,0,0.72,14.3333,17.5,,,,
3983942,1976,6122,1974,"AR","",,1,6,172,6,64,6,3,0,0.6667,,15.3333,35.6667,,,,
3985768,1976,6129,1975,"AR","",76070,2,8,548,1,14,1,1,1,0,0,1,13,0,0,0,0
3989033,1976,6150,1974,"AR","",,1,8,600,3,32,6,50,0.6667,0.5224,0.5,17.98,8.6667,,,,
3993219,1976,6171,1976,"AR","",,5,18,222,1,19,2,6,0,0.6667,,11.1667,49,,,,
4001495,1977,6213,1975,"AR","",1175,2,5,358,2,21,8,14,0.625,0,0.32,17.6429,12.25,0,0,0,0
4003449,1977,6227,1975,"AR","",,1,6,181,6,69,5,11,1,0.4628,0.48,14.5455,4.8,,,,
4004781,1977,6234,1975,"AR","",,1,3,256,6,65,3,1,0.3333,0,0,18,20,,,,
4005845,1977,6241,1976,"AR","",139275,2,8,248,6,69,10,5,0.8,0.32,0.7813,8.8,8.7,0,0,0.2,0.2
4012815,1977,6290,1975,"AR","",60250,3,20,26,6,63,11,9,0.2727,0.6173,0.4444,12.3333,27.5455,0,0,0,0
4015556,1977,6304,1976,"AR","",,1,5,440,5,55,3,3,0.6667,0.4444,0.5,9,12,,,,
4021605,1977,6332,1975,"AR","",1175,2,10,358,2,21,2,3,1,0.4444,0,18,2,0,0,0,0
4023866,1977,6346,1974,"AR","",,1,12,384,5,59,5,3,0.6,0.6667,0.4444,15.3333,25,,,,
4024340,1977,6346,1975,"AR","",,1,6,358,2,21,2,1,1,0,0,17,2,,,,
4030715,1977,6381,1975,"AR","",,1,8,267,5,59,10,8,0.6,0.375,0.4444,10.25,19.9,,,,
4032930,1977,6388,1975,"AR","",,1,6,346,4,49,5,2,0.4,0.5,0,2.5,17.8,,,,
4036985,1977,6409,1975,"AR","",,1,9,514,3,31,1,3,1,0.6667,0,10.6667,4,,,,
4037518,1977,6416,1975,"AR","",,1,32,84,6,69,3,3,0,0,,15.6667,84.6667,,,,
