4803312,1989,10630,1987,"AR","",39910,3,15,178,2,21,9,4,1,0.375,0.7901,6.5,10.7778,0,0,0,0
4805339,1989,10644,1987,"AR","",560405,2,7,43,6,61,15,13,0.6,0.3787,0.1975,5.9231,19.8,0,0,0,0
4815505,1989,10679,1986,"AR","",52930,3,15,141,5,51,1,0,0,,,,74,0,0,,
4820487,1989,10693,1988,"AR","",,1,3,420,5,52,1,5,1,0.64,0,3.6,15,,,,
4828642,1989,10721,1987,"AR","",,1,2,156,1,19,6,0,0.3333,,0.5,,40.5,,,,
4834017,1989,10742,1987,"AR","",209385,3,12,116,6,69,12,3,1,0.4444,0.75,7,7.0833,0,0,0,0
4842049,1989,10770,1987,"AR","",150785,2,2,165,6,66,2,3,0.5,0.6667,0,9,30,0,0,0,0
4842561,1989,10770,1987,"AR","",,1,14,440,5,55,4,0,0.25,,0,,44.75,,,,
4852192,1989,10805,1987,"AR","",,1,6,4,6,65,4,5,1,0.72,0.625,6.2,7.25,,,,
4852556,1989,10805,1986,"AR","",,1,3,602,3,32,12,6,0.9167,0,0.7769,6.1667,12.4167,,,,
4854300,1989,10812,1988,"AR","",,1,10,600,3,32,1,4,1,0,0,4,2,,,,
4865021,1989,10847,1987,"AR","",,1,5,601,3,32,13,4,0.6154,0.375,0.6563,4.75,33.1538,,,,
4865036,1989,10847,1988,"AR","",,1,6,607,3,32,1,15,1,0,0,4.3333,1,,,,
4865096,1989,10847,1988,"AR","",24950,2,3,383,6,68,3,1,0.3333,0,0,5,30,0,0,0,0
4867609,1989,10854,1987,"AR","",,1,19,405,6,64,11,0,0.9091,,0.78,,12.0909,,,,
4892085,1990,10966,1987,"AR","",,1,10,126,6,66,7,0,0.1429,,0,,71.1429,,,,
4896503,1990,10987,1988,"AR","",17695,2,4,60,4,45,5,0,1,,0.72,,10,0,0,,
4900213,1990,11001,1988,"AR","",271150,3,3,414,5,51,2,0,0.5,,0,,36,0,0,,
4903741,1990,11015,1987,"AR","",271190,3,3,141,5,51,4,1,1,0,0,9,19,0,0,0,0
4905476,1990,11022,1989,"AR","",422620,3,3,62,6,69,6,5,1,0.48,0.2778,5.4,13,0,0,0,0
4917428,1990,11064,1986,"AR","",,1,5,294,5,59,5,6,0.2,0.4444,0,8,47.8,,,,
4924844,1990,11092,1989,"AR","",,1,5,126,6,66,10,4,0.9,0,0.4938,6,16.7,,,,
4929459,1990,11106,1988,"AR","",267580,3,7,426,6,61,15,3,0.7333,0.6667,0.5124,5.3333,24.8,0,0,0.5,0.3333
4932591,1990,11120,1988,"AR","",,1,4,239,5,59,10,7,0.2,0.6122,0.5,7,55.8,,,,
4935219,1990,11127,1987,"AR","",,1,12,423,1,19,6,1,0.5,0,0.4444,7,31.1667,,,,
4940973,1990,11148,1988,"AR","",21920,3,24,345,2,23,6,1,0.8333,0,0.56,8,15.6667,0,0,0,0
4955170,1990,11211,1989,"AR","",,1,8,52,6,69,2,1,0.5,0,0,3,19.5,,,,
4957043,1990,11218,1989,"AR","",,4,13,99,6,61,11,4,0.8182,0.375,0.642,2.5,14.0909,,,,
4959211,1990,11225,1988,"AR","",,1,17,424,3,31,0,1,,0,,4,,,,,
4967331,1990,11260,1990,"AR","",,1,4,362,4,42,8,0,0.625,,0,,29.875,,,,
4968039,1990,11267,1990,"AR","",,1,3,273,6,62,5,1,0.8,0,0,6,15.4,,,,
4977250,1990,11302,1987,"AR","",32075,3,11,536,1,14,9,1,1,0,0.3704,7,2.8889,0,0,0,0
4985443,1991,11337,1989,"AR","",,1,6,514,3,31,0,1,,0,,6,,,,,
4999559,1991,11393,1988,"AR","",21920,3,17,318,4,45,10,4,0.9,0,0.6173,7.25,16.2,0,0,0,0
5005736,1991,11421,1990,"AR","",,1,11,222,1,19,12,5,0.9167,0.64,0.1653,5.8,13.4167,,,,
5017587,1991,11463,1990,"AR","",,1,5,514,3,31,3,2,1,0.5,0,3,10.6667,,,,
5028401,1991,11505,1988,"AR","",,1,1,422,1,19,6,1,1,0,0.7778,3,15.6667,,,,
5029883,1991,11512,1990,"AR","",285235,2,3,280,5,55,18,1,0.2222,0,0.75,3,38.3889,0,0,0,0
5033046,1991,11519,1989,"AR","",,1,3,378,4,44,3,1,1,0,0.4444,3,14,,,,
5033372,1991,11526,1990,"AR","",267580,3,7,99,6,61,18,5,0.5556,0.48,0.42,5,32.3333,0,0,0.5,0.2
5034002,1991,11526,1990,"AR","",187115,3,3,604,3,32,2,5,1,0,0,4,9.5,0,0,0,0
5046612,1991,11575,1990,"AR","",,1,8,206,6,68,5,10,1,0.58,0.64,2.8,3.8,,,,
5050592,1991,11589,1990,"AR","",,1,6,600,3,32,3,4,1,0.375,0,3.75,5.3333,,,,
5060413,1991,11624,1988,"AR","",,1,14,43,6,61,8,0,0.875,,0.5714,,12.25,,,,
5061086,1991,11624,1989,"AR","",,1,14,383,6,68,22,4,0.1818,0.625,0.375,6,76.3182,,,,
5063065,1991,11631,1990,"AR","",,1,3,424,3,31,0,1,,0,,7,,,,,
5072682,1991,11673,1990,"AR","",,1,8,114,5,55,6,3,0.8333,0,0,5.6667,25,,,,
5075568,1991,11680,1991,"AR","",18930,2,6,327,4,41,3,5,1,0.48,0.4444,4.2,1.6667,0,0,0.2,0.2
5084217,1992,11715,1990,"AR","",,1,9,261,1,19,7,1,0.5714,0,0.625,2,28.5714,,,,
5084931,1992,11722,1989,"AR","",,1,10,15,6,69,9,0,0.5556,,0,,48.4444,,,,
5102135,1992,11785,1990,"AR","",,1,1,273,6,62,2,2,0,0,,5,53.5,,,,
5105589,1992,11799,1990,"AR","",,1,2,52,6,69,4,1,0.75,0,0,3,19.75,,,,
5106543,1992,11799,1991,"AR","",,1,11,261,1,19,10,1,0.3,0,0.6667,6,49.6,,,,
5112617,1992,11820,1990,"AR","",,1,4,424,3,31,4,1,1,0,0.75,5,8.25,,,,
5113906,1992,11827,1990,"AR","",,1,5,137,6,69,21,3,0.8571,0.6667,0.6235,3.3333,14.9524,,,,
5115222,1992,11827,1990,"AR","",,1,9,340,2,21,7,1,1,0,0.5714,7,10.7143,,,,
5120003,1992,11848,1990,"AR","",,1,7,242,5,51,11,5,0.7273,0.32,0,3.6,29,,,,
5122364,1992,11855,1990,"AR","",,1,4,424,3,31,3,0,1,,0.4444,,14.6667,,,,
5135495,1992,11904,1990,"AR","",,1,9,604,3,32,8,7,0.875,0,0.2449,3.8571,12.625,,,,
5139488,1992,11918,1990,"AR","",685112,2,4,604,3,32,6,4,1,0.75,0.5,4.5,13,0,0,0,0
5154171,1992,11974,1991,"AR","",,1,10,607,3,32,4,11,1,0.1653,0,3.3636,4.5,,,,
5156621,1992,11981,1991,"AR","",,1,7,623,3,39,3,9,1,0.1975,0,4.2222,13.3333,,,,
5161962,1992,12002,1991,"AR","",,1,1,418,5,53,6,1,0.6667,0,0.375,6,30.5,,,,
5165854,1992,12016,1991,"AR","",687660,3,14,416,1,19,1,2,1,0,0,6,18,0,0,0,0
5168690,1992,12030,1991,"AR","",494240,3,28,53,6,68,5,2,0.8,0,0.375,6.5,17.8,0,0,0,0
5168802,1992,12030,1992,"AR","",267580,3,10,99,6,61,14,2,0.4286,0,0.4444,5,42.5714,0.2,0.0714,0,0
5168869,1992,12030,1991,"AR","",,1,13,607,3,32,15,4,1,0,0.1244,2.75,3.5333,,,,
5174286,1992,12051,1990,"AR","",,1,19,607,3,32,16,4,1,0,0.1172,5.5,6.1875,,,,
5179949,1993,12072,1990,"AR","",,1,9,607,3,32,17,4,1,0,0,4.25,5.7059,,,,
5180455,1993,12072,1991,"AR","",,1,7,152,5,55,7,0,0.2857,,0,,54.4286,,,,
