5182096,1993,12079,1990,"AR","",,1,10,424,3,31,6,1,1,0,0.7778,6,15.1667,,,,
5188097,1993,12107,1991,"AR","",,1,10,601,3,32,8,3,1,0,0.4063,5.3333,14.5,,,,
5190063,1993,12114,1991,"AR","",,1,8,134,6,69,8,0,0.75,,0,,26.5,,,,
5190380,1993,12114,1991,"AR","",,1,3,384,5,59,5,1,0.8,0,0,3,22.2,,,,
5195892,1993,12135,1991,"AR","",690596,3,7,433,3,39,6,20,1,0.095,0,4.3,6.5,0,0,0,0
5197434,1993,12142,1990,"AR","",,5,11,123,5,53,5,3,0.6,0,0,5,30.2,,,,
5197689,1993,12142,1991,"AR","",690761,3,4,242,5,51,1,4,1,0,0,5.5,16,0,0,0,0
5197956,1993,12142,1989,"AR","",,1,8,604,3,32,13,2,1,0,0.142,5,6,,,,
5203173,1993,12163,1992,"AR","",,1,13,60,4,45,3,0,1,,0.4444,,7.3333,,,,
5209015,1993,12184,1991,"AR","",,1,7,47,6,61,9,2,0.8889,0,0.4063,4,20.4444,,,,
5218899,1993,12219,1991,"AR","",,1,11,99,6,61,11,1,0.8182,0,0.4938,4,17.8182,,,,
5219355,1993,12219,1991,"AR","",,1,15,606,3,32,7,67,1,0.6857,0.6122,4.6269,6.4286,,,,
5222342,1993,12233,1992,"AR","",,1,10,405,6,64,1,2,1,0.5,0,4.5,16,,,,
5224302,1993,12240,1992,"AR","",,1,13,451,5,51,1,0,1,,0,,2,,,,
5228626,1993,12254,1992,"AR","",,1,13,241,5,51,5,1,0.6,0,0.4444,5,26.2,,,,
5239282,1993,12289,1992,"AR","",28145,2,6,337,4,41,7,1,1,0,0.4898,3,12.4286,0.8571,0.8571,0,0
5240039,1993,12296,1991,"AR","",694619,3,10,137,6,69,7,0,0.4286,,0.6667,,44.1429,0,0,,
5243977,1993,12310,1991,"AR","",,1,14,607,3,32,2,0,1,,0,,13,,,,
5250030,1993,12331,1991,"AR","",,1,19,604,3,32,4,8,1,0.4688,0,4.125,2.5,,,,
5250070,1993,12331,1991,"AR","",,1,6,606,3,32,11,24,0.8182,0.6944,0.6914,4.5,15.6364,,,,
5257495,1993,12359,1992,"AR","",,1,5,53,6,68,6,0,0.8333,,0.48,,14,,,,
5262677,1993,12373,1991,"AR","",,1,5,307,4,49,13,4,0.9231,0.625,0.7222,3.25,14.9231,,,,
5285704,1994,12464,1992,"AR","",,1,5,81,5,59,2,0,0.5,,0,,35.5,,,,
5294252,1994,12492,1992,"AR","",,1,12,106,1,12,10,1,0.8,0,0.8438,4,19.7,,,,
5294653,1994,12492,1993,"AR","",414415,3,4,524,1,15,5,0,1,,0.48,,8,0,0,,
5297816,1994,12506,1993,"AR","",,1,5,273,6,62,3,10,1,0.18,0.6667,2.8,4.3333,,,,
5302090,1994,12520,1992,"AR","",,1,11,417,5,53,4,1,1,0,0,3,7.75,,,,
5308040,1994,12541,1992,"AR","",,1,16,251,5,53,3,2,1,0.5,0.4444,4.5,21,,,,
5309876,1994,12548,1993,"AR","",,1,9,123,5,53,15,8,0.8667,0.2188,0.2722,2.375,12.0667,,,,
5311623,1994,12555,1992,"AR","",,1,2,5,6,65,10,3,0.8,0,0,4,21.3,,,,
5312344,1994,12555,1993,"AR","",,1,5,604,3,32,10,42,1,0.5295,0.46,2.619,4.1,,,,
5312369,1994,12555,1993,"AR","",,1,9,604,3,32,11,16,1,0,0.2975,2.4375,5.4545,,,,
5313229,1994,12555,1993,"AR","",,1,17,345,2,23,17,25,1,0.1504,0.6159,2.72,7.8824,,,,
5320393,1994,12583,1991,"AR","",702107,2,3,294,5,59,8,5,1,0.32,0,5,13.5,0,0,0,0
5328187,1994,12611,1993,"AR","",,1,1,273,6,62,6,3,0.8333,0.4444,0,2.6667,21.1667,,,,
5328485,1994,12611,1993,"AR","",,1,5,604,3,32,3,1,1,0,0,2,4,,,,
5330218,1994,12618,1992,"AR","",,1,2,280,5,55,6,2,0.6667,0,0,4,28.6667,,,,
5333627,1994,12632,1993,"AR","",,1,8,132,6,65,5,1,0.6,0,0.4444,5,33.4,,,,
5336876,1994,12639,1992,"AR","",703697,3,8,235,5,59,2,2,1,0.5,0.5,3,7,0,0,0,0
5337706,1994,12646,1993,"AR","",,1,4,123,5,53,7,1,0.8571,0,0,4,13.7143,,,,
5343120,1994,12660,1992,"AR","",704306,3,12,315,4,42,4,1,1,0,0.5,2,7.5,0,0,0,0
5350976,1994,12688,1992,"AR","",704306,3,9,315,4,42,17,0,1,,0,,14.9412,0,0,,
5355804,1994,12709,1993,"AR","",,1,19,104,5,55,7,2,0.7143,0.5,0.32,4,28.5714,,,,
5355849,1994,12709,1993,"AR","",,1,9,123,5,53,18,5,0.8889,0,0.1172,3.2,11.0556,,,,
5360443,1994,12723,1990,"AR","",,1,18,623,3,39,14,106,1,0.6324,0.5408,5.7547,7.9286,,,,
5361683,1994,12730,1992,"AR","",,1,27,99,6,61,20,0,0.9,,0.4383,,15.5,,,,
5364040,1994,12737,1992,"AR","",,1,20,242,5,51,10,0,0.8,,0.5313,,19.8,,,,
5365681,1994,12744,1993,"AR","",,1,1,37,6,64,18,2,0.3333,0,0.7222,4,44.3333,,,,
5367122,1994,12744,1991,"AR","",,1,4,174,4,41,6,2,0.3333,0.5,0,5,36.5,,,,
5367974,1994,12751,1990,"AR","",,1,4,114,5,55,2,1,1,0,0,6,13,,,,
5370174,1994,12758,1993,"AR","",706983,3,26,165,6,66,9,0,0.8889,,0.6875,,23.3333,0,0,,
5373812,1994,12772,1993,"AR","",,1,5,119,6,61,6,0,0.8333,,0.48,,31.3333,,,,
5374435,1994,12772,1994,"AR","",267580,3,35,426,6,61,22,0,0.9091,,0.53,,15.5,0.0769,0.0455,,
5374942,1994,12772,1993,"AR","",,1,18,345,2,23,2,19,1,0.277,0,3.0526,2.5,,,,
5383863,1995,12807,1993,"AR","",,1,8,604,3,32,4,2,1,0,0.375,2.5,8,,,,
5386397,1995,12814,1993,"AR","",,1,19,367,2,21,3,2,1,0.5,0.6667,2.5,10.3333,,,,
5386913,1995,12821,1992,"AR","",,1,12,209,5,51,4,2,1,0.5,0.625,4.5,12,,,,
5387570,1995,12821,1993,"AR","",186590,2,10,502,1,19,7,1,1,0,0.4898,1,8.4286,0,0,1,1
5388696,1995,12828,1993,"AR","",708693,3,7,206,6,68,3,0,0.3333,,0,,38,0,0,,
5390418,1995,12835,1993,"AR","",,1,11,33,6,69,8,2,0.75,0,0,3,28.375,,,,
5391304,1995,12835,1992,"AR","",,1,5,210,1,19,4,2,0.75,0,0,4.5,32.25,,,,
5394631,1995,12849,1992,"AR","",,1,16,40,6,69,5,0,0.6,,0.4444,,33.6,,,,
5395325,1995,12849,1994,"AR","",,1,8,604,3,32,5,2,1,0,0,1.5,5.6,,,,
5395936,1995,12849,1993,"AR","",,1,2,544,1,14,3,1,1,0,0,1,7.3333,,,,
5409901,1995,12898,1989,"AR","",,1,1,514,3,31,4,1,0.75,0,0.4444,7,29.25,,,,
5413445,1995,12912,1992,"AR","",711034,3,7,411,5,59,7,0,1,,0.7347,,17.5714,0,0,,
5417188,1995,12926,1993,"AR","",,1,31,123,5,53,27,3,0.8148,0,0.0868,3.3333,19.4074,,,,
5419401,1995,12933,1993,"AR","",711559,3,6,172,6,64,5,0,1,,0.56,,10.8,0,0,,
5429695,1995,12968,1994,"AR","",,1,9,106,1,12,2,0,1,,0,,16,,,,
5431120,1995,12975,1994,"AR","",,1,4,114,5,55,3,0,1,,0,,5,,,,
5438331,1995,12996,1993,"AR","",,1,9,341,2,22,3,6,1,0.6111,0.6667,2.5,8.3333,,,,
5438779,1995,13003,1993,"AR","",,1,7,40,6,69,6,0,0.5,,0,,45.8333,,,,
5444076,1995,13017,1993,"AR","",480550,3,13,514,3,31,4,0,1,,0,,13.75,0.25,0.25,,
5447211,1995,13031,1992,"AR","",,1,4,187,5,55,8,6,0.875,0.4444,0.8163,4,15.125,,,,
5447493,1995,13031,1994,"AR","",714267,2,19,604,3,32,5,1,1,0,0,3,4,0,0,0,0
5449359,1995,13038,1994,"AR","",,1,15,606,3,32,11,5,0.9091,0.32,0.18,2.8,12.1818,,,,
5451157,1995,13045,1993,"AR","",,1,19,425,5,51,7,0,1,,0.2449,,12.5714,,,,
5456715,1995,13066,1993,"AR","",,1,11,623,3,39,3,4,1,0.75,0.4444,2.75,0.6667,,,,
5456993,1995,13066,1994,"AR","",,1,16,429,4,45,6,0,1,,0.6667,,9.6667,,,,
5457364,1995,13066,1994,"AR","",18930,2,2,318,4,45,14,6,1,0.6667,0.551,2.3333,6.2143,0.0833,0.0714,0,0
5462193,1995,13087,1993,"AR","",,1,25,220,6,68,8,2,0.625,0,0.72,2,21.875,,,,
5464237,1995,13094,1994,"AR","",,1,14,280,5,55,10,4,0.5,0.375,0.72,2,28.4,,,,
5469723,1995,13115,1992,"AR","",,1,17,70,6,65,3,3,0.3333,0,0,3.6667,52.3333,,,,
5471122,1995,13115,1993,"AR","",18930,2,7,318,4,45,13,0,1,,0.4734,,10.6154,0,0,,
5472416,1995,13122,1994,"AR","",714267,2,17,604,3,32,6,2,1,0.5,0,3,4,0,0,0,0
5488928,1996,13185,1994,"AR","",,1,9,119,6,61,6,0,1,,0,,18.1667,,,,
5489267,1996,13185,1994,"AR","",,1,9,604,3,32,6,2,1,0,0,2.5,5.6667,,,,
5497428,1996,13213,1994,"AR","",,1,15,381,4,49,3,1,1,0,0,4,5,,,,
5501055,1996,13234,1993,"AR","",,1,11,52,6,69,15,1,0.9333,0,0.2551,4,16.8667,,,,
5505241,1996,13248,1994,"AR","",,1,2,152,5,55,5,0,1,,0.32,,8.8,,,,
5505918,1996,13248,1994,"AR","",55665,3,9,423,1,19,5,0,1,,0,,19.2,0,0,,
5506222,1996,13248,1993,"AR","",719575,3,12,514,3,31,8,0,1,,0.5625,,11.875,0,0,,
5508246,1996,13255,1994,"AR","",186590,2,7,502,1,19,13,0,1,,0.6036,,9.8462,0.0833,0.0769,,
5508301,1996,13255,1994,"AR","",480550,3,5,514,3,31,1,0,1,,0,,18,0,0,,
5510534,1996,13262,1995,"AR","",719949,3,8,564,1,14,8,1,1,0,0,3,10.875,0,0,0,0
5514029,1996,13276,1993,"AR","",720284,3,17,452,6,61,4,0,1,,0.375,,18.5,0,0,,
5518734,1996,13290,1993,"AR","",720731,2,28,424,3,31,9,7,1,0.449,0.4938,3.5714,7.7778,0,0,0,0
5522880,1996,13304,1994,"AR","",,1,23,128,3,32,6,12,1,0.75,0.6111,2.25,11.6667,,,,
5526902,1996,13318,1994,"AR","",,1,2,187,5,55,1,0,1,,0,,10,,,,
5534268,1996,13339,1994,"AR","",,5,10,424,3,31,2,1,1,0,0.5,3,3,,,,
5536509,1996,13346,1994,"AR","",722271,2,18,426,6,61,9,1,1,0,0,3,7.2222,0,0,0,0
5547714,1996,13381,1995,"AR","",113065,7,7,427,1,12,5,0,1,,0.56,,4.8,0,0,,
5549742,1996,13388,1995,"AR","",223975,2,14,106,1,12,23,2,0.913,0,0.7574,1.5,13.3478,0.0556,0.0435,0,0
5555678,1996,13409,1994,"AR","",,1,9,52,6,69,3,0,1,,0.6667,,6,,,,
5560146,1996,13423,1994,"AR","",,1,15,43,6,61,7,2,0.7143,0,0,2.5,32,,,,
