5571171,1996,13458,1994,"AR","",,1,9,128,3,32,9,6,1,0.5,0.5679,3,9.6667,,,,
5571173,1996,13458,1995,"AR","",,1,10,623,3,39,18,18,1,0.537,0.6296,1.6111,8.1667,,,,
5574170,1996,13465,1995,"AR","",480550,3,1,548,1,14,0,0,,,,,,,,,
5578071,1996,13479,1993,"AR","",,1,9,623,3,39,11,7,1,0.449,0.6116,3.7143,6.2727,,,,
5578072,1996,13479,1994,"AR","",,1,16,623,3,39,4,3,1,0.6667,0.5,3,9.75,,,,
5578449,1996,13479,1995,"AR","",725940,3,2,435,3,33,2,1,1,0,0.5,2,3,0,0,0,0
5579861,1996,13486,1994,"AR","",726066,3,5,180,5,55,3,0,1,,0.4444,,2.3333,0,0,,
5582095,1996,13493,1995,"AR","",,1,13,99,6,61,19,0,0.6842,,0.7574,,24.8421,,,,
5583326,1996,13493,1995,"AR","",,1,4,187,5,55,12,2,0.9167,0,0.843,0.5,13.0833,,,,
5589227,1996,13514,1995,"AR","",726902,3,3,427,1,12,6,0,1,,0.5,,11.5,0,0,,
5591229,1997,13521,1995,"AR","",,1,9,623,3,39,10,5,1,0.64,0.66,1.6,7.9,,,,
5591243,1997,13521,1994,"AR","",694619,3,20,55,1,13,11,1,0.2727,0,0.6667,3,46.0909,0,0,0,0
5591271,1997,13521,1995,"AR","",726902,3,4,134,6,69,5,0,1,,0.72,,14.4,0,0,,
5592950,1997,13528,1996,"AR","",,1,2,128,3,32,4,0,1,,0,,4.25,,,,
5597485,1997,13542,1994,"AR","",727572,3,15,210,1,19,20,1,1,0,0.885,2,13.6,0,0,0,0
5603200,1997,13563,1994,"AR","",,1,11,53,6,68,5,0,0.6,,0,,31.8,,,,
5604022,1997,13563,1995,"AR","",728083,3,10,442,1,11,1,0,1,,0,,12,0,0,,
5606982,1997,13577,1994,"AR","",,1,11,128,3,32,6,0,1,,0.5,,9.6667,,,,
5614536,1997,13598,1994,"AR","",480550,3,4,514,3,31,4,0,1,,0.625,,23,0,0,,
5615788,1997,13605,1995,"AR","",,1,16,215,6,68,11,1,0.5455,0,0.2778,1,30.1818,,,,
5618361,1997,13612,1995,"AR","",694619,3,5,152,5,55,4,0,1,,0.375,,15.5,0,0,,
5621319,1997,13619,1995,"AR","",18930,2,3,324,4,43,5,1,1,0,0,1,5.6,0.3333,0.2,0,0
5622405,1997,13626,1995,"AR","",,1,10,297,6,65,5,0,0.2,,0,,79.2,,,,
5626872,1997,13640,1994,"AR","",480550,3,12,424,3,31,5,2,1,0.5,0.48,3.5,8,0.2,0.2,0,0
5630294,1997,13654,1994,"AR","",,5,8,49,5,59,11,0,0.8182,,0.1975,,18.1818,,,,
5632119,1997,13661,1995,"AR","",,5,7,49,5,59,11,0,0.8182,,0.1975,,18.1818,,,,
5633657,1997,13661,1994,"AR","",,1,19,345,2,23,4,5,1,0.32,0,2.6,5.25,,,,
5636646,1997,13675,1996,"AR","",730763,3,14,132,6,65,5,1,0.8,0,0,1,12.8,0,0,0,0
5639976,1997,13682,1995,"AR","",,1,9,84,6,69,2,0,1,,0,,17.5,,,,
5640729,1997,13689,1995,"AR","",,1,4,5,6,65,5,0,1,,0,,10.6,,,,
5643208,1997,13696,1995,"AR","",,1,8,604,3,32,9,0,0.8889,,0.6563,,9.6667,,,,
5643224,1997,13696,1995,"AR","",,1,6,604,3,32,10,0,0.7,,0.2449,,28.4,,,,
5660188,1997,13752,1995,"AR","",,1,4,128,3,32,6,2,1,0,0,2.5,9.3333,,,,
5663221,1997,13759,1996,"AR","",733081,3,7,524,1,15,1,0,1,,0,,22,0,0,,
5664696,1997,13766,1995,"AR","",,1,14,220,6,68,4,1,1,0,0.625,2,6.25,,,,
5666830,1997,13773,1994,"AR","",,1,16,70,6,65,19,1,0.7368,0,0.5408,2,31.8947,,,,
5672613,1997,13787,1996,"AR","",733879,3,6,514,3,31,3,0,1,,0.6667,,10.6667,0,0,,
5675954,1997,13801,1996,"AR","",,1,9,52,6,69,4,1,1,0,0.75,0,15.25,,,,
5676974,1997,13801,1994,"AR","",,5,28,424,3,31,3,0,1,,0.4444,,7.6667,,,,
5678999,1997,13808,1995,"AR","",,1,15,434,6,69,11,0,0.8182,,0.3457,,25.5455,,,,
5681999,1997,13815,1995,"AR","",,1,8,73,4,43,6,1,1,0,0.5,2,15.1667,,,,
5683452,1997,13822,1995,"AR","",,1,7,128,3,32,18,0,1,,0.6358,,9,,,,
5693087,1997,13850,1995,"AR","",,1,17,128,3,32,9,4,1,0,0.6914,2,5.4444,,,,
5694199,1997,13850,1996,"AR","",,1,13,351,3,39,2,1,1,0,0,2,2.5,,,,
5698583,1997,13864,1994,"AR","",,1,2,424,3,31,6,0,1,,0.6111,,3.6667,,,,
5704514,1998,13885,1995,"AR","",,1,15,220,6,68,6,0,0.6667,,0.375,,36.1667,,,,
5705185,1998,13885,1996,"AR","",720731,3,29,424,3,31,11,1,1,0,0.4959,0,9.4545,0,0,0,0
5708996,1998,13899,1995,"AR","",,1,3,5,6,65,3,0,0.3333,,0,,29.3333,,,,
5709701,1998,13899,1996,"AR","",,1,4,606,3,32,12,0,1,,0.6111,,9.1667,,,,
5711417,1998,13906,1996,"AR","",,1,7,206,6,68,2,1,1,0,0.5,1,9,,,,
5711979,1998,13906,1996,"AR","",,1,19,426,6,61,1,0,1,,0,,3,,,,
5717008,1998,13920,1995,"AR","",,1,16,523,1,15,12,0,0.9167,,0.7934,,11.3333,,,,
5720331,1998,13934,1996,"AR","",,1,9,160,6,69,9,0,0.7778,,0.2449,,24.8889,,,,
5722951,1998,13941,1995,"AR","",,1,10,604,3,32,4,0,1,,0,,5.75,,,,
5724257,1998,13941,1996,"AR","",733194,2,23,702,2,22,13,1,0.7692,0,0.6,0,24,0,0,0,0
5727569,1998,13955,1996,"AR","",732063,2,7,128,3,32,11,11,0.9091,0.6446,0.58,1.1818,18,0,0,0,0
5730757,1998,13962,1996,"AR","",732063,2,45,606,3,32,14,5,1,0,0.2551,1,10.1429,0,0,0,0
5736346,1998,13976,1996,"AR","",739449,3,19,435,3,33,10,0,1,,0.76,,6.9,0,0,,
5738873,1998,13983,1996,"AR","",,5,12,424,3,31,2,1,1,0,0.5,1,2,,,,
5745719,1998,13997,1995,"AR","",,1,23,345,2,23,14,0,1,,0.5,,3.5,,,,
5749883,1998,14011,1996,"AR","",,1,11,606,3,32,2,3,1,0.4444,0.5,1.3333,7,,,,
5752445,1998,14018,1996,"AR","",740798,3,19,101,6,69,13,0,1,,0.5799,,11.0769,0,0,,
5753229,1998,14018,1994,"AR","",,1,7,424,3,31,0,0,,,,,,,,,
5755391,1998,14025,1996,"AR","",,1,11,242,5,51,9,1,0.8889,0,0,1,20,,,,
5758588,1998,14032,1996,"AR","",,1,20,112,6,63,4,0,0.5,,0.5,,30.5,,,,
5762986,1998,14039,1996,"AR","",,1,12,426,6,61,3,0,1,,0,,18,,,,
5763259,1998,14039,1993,"AR","",741626,3,12,435,3,33,3,1,1,0,0.6667,4,14,0,0,0,0
5766002,1998,14046,1995,"AR","",267580,3,40,432,6,66,15,1,0.8,0,0.7917,2,30.0667,0,0,0,0
5779713,1998,14074,1996,"AR","",,1,7,606,3,32,7,0,1,,0.7347,,10.7143,,,,
5785683,1998,14088,1996,"AR","",,1,5,604,3,32,7,0,1,,0,,16.7143,,,,
5788978,1998,14095,1996,"AR","",,1,11,424,3,31,4,1,1,0,0.5,2,3.25,,,,
5792266,1998,14102,1996,"AR","",726902,3,4,118,1,12,5,0,1,,0.48,,11.2,0,0,,
5797949,1998,14116,1997,"AR","",,1,9,606,3,32,14,0,1,,0.6633,,8.5714,,,,
5799657,1998,14123,1997,"AR","",,1,17,128,3,32,4,0,1,,0.375,,5,,,,
5805060,1998,14130,1996,"AR","",,1,10,340,2,21,10,1,1,0,0.78,1,16.7,,,,
5806602,1998,14137,1996,"AR","",745400,3,2,169,6,69,2,0,1,,0.5,,16,0,0,,
5816249,1998,14158,1996,"AR","",,1,3,128,3,32,4,0,0.75,,0,,15.75,,,,
5817694,1998,14158,1993,"AR","",746378,3,5,514,3,31,1,0,1,,0,,6,0,0,,
5820402,1998,14165,1996,"AR","",695811,2,5,439,4,41,23,1,1,0,0,2,17.4348,0,0,1,1
5820595,1998,14165,1995,"AR","",,1,34,604,3,32,7,0,1,,0.7755,,10.4286,,,,
5823384,1998,14172,1997,"AR","",,1,3,220,6,68,6,0,0.1667,,0,,65.1667,,,,
5826497,1998,14179,1996,"AR","",,1,9,99,6,61,13,0,1,,0.3787,,13.0769,,,,
5827283,1998,14179,1997,"AR","",,1,19,606,3,32,7,0,1,,0,,6.8571,,,,
5828723,1998,14179,1996,"AR","",747341,3,13,378,4,44,3,0,1,,0.6667,,7.6667,0,0,,
5833258,1998,14193,1997,"AR","",,1,1,280,5,55,8,0,0.625,,0,,41.375,,,,
5837701,1998,14200,1996,"AR","",,1,7,514,3,31,1,0,1,,0,,1,,,,
5846084,1998,14221,1996,"AR","",,1,24,434,6,69,8,0,1,,0.4688,,7.625,,,,
5853414,1998,14242,1997,"AR","",,1,24,606,3,32,7,0,0.8571,,0.2778,,14.2857,,,,
5860426,1999,14263,1996,"AR","",,1,,128,3,32,6,0,1,,0.5,,6,,,,
5860598,1999,14263,1997,"AR","",,1,,239,5,59,8,0,0.875,,0.6122,,23.125,,,,
5873364,1999,14298,1997,"AR","",,1,,128,3,32,7,0,0.7143,,0.32,,18.8571,,,,
5873374,1999,14298,1997,"AR","",751283,3,,132,6,65,8,0,0.625,,0,,23.625,0,0,,
5874898,1999,14298,1998,"AR","",,1,,340,2,21,4,0,1,,0.625,,6,,,,
5876597,1999,14305,1996,"AR","",727572,3,,210,1,19,20,0,1,,0.905,,15.6,0,0,,
5877698,1999,14305,1996,"AR","",,1,,340,2,21,2,0,1,,0,,5,,,,
5881574,1999,14319,1998,"AR","",751984,3,,62,6,69,12,0,0.6667,,0.6875,,37.9167,0,0,,
5882688,1999,14319,1997,"AR","",752091,3,,424,3,31,1,0,1,,0,,15,0,0,,
5888247,1999,14333,1995,"AR","",732063,2,,128,3,32,5,0,1,,0.48,,7.4,0,0,,
5891462,1999,14340,1997,"AR","",752818,3,,424,3,31,8,0,1,,0.2188,,8.125,0,0,,
5894843,1999,14354,1996,"AR","",732063,2,,128,3,32,14,0,1,,0.1327,,6.6429,0,0,,
5899255,1999,14368,1996,"AR","",,1,,160,6,69,5,0,0.8,,0.375,,30.8,,,,
5904122,1999,14382,1998,"AR","",,1,,123,5,53,2,0,1,,0,,9.5,,,,
5906401,1999,14389,1998,"AR","",,1,,285,6,67,5,0,0.2,,0,,52.6,,,,
5911733,1999,14410,1997,"AR","",,1,,623,3,39,7,0,1,,0.4898,,3.4286,,,,
5915629,1999,14424,1998,"AR","",,1,,24,6,63,9,0,0.5556,,0,,45,,,,
5918779,1999,14431,1998,"AR","",755318,3,,222,1,19,3,0,0.6667,,0,,21.6667,0,0,,
5921012,1999,14438,1996,"AR","",,1,,40,6,69,13,0,0.6923,,0.5185,,28.3077,,,,
5932279,1999,14459,1997,"AR","",,1,,426,6,61,3,0,1,,0,,19,,,,
5941127,1999,14480,1997,"AR","",,1,,74,5,59,7,0,0.8571,,0,,14.8571,,,,
5941254,1999,14480,1998,"AR","",,1,,132,6,65,7,0,0.4286,,0.6667,,35.4286,,,,
5944382,1999,14487,1997,"AR","",94775,3,,297,6,65,15,0,0.6667,,0.18,,33.4,0.8333,0.3333,,
5946936,1999,14494,1997,"AR","",,1,,62,6,69,13,0,0.8462,,0.7438,,21.9231,,,,
5947125,1999,14494,1997,"AR","",732063,2,,128,3,32,5,0,1,,0.48,,7.4,0,0,,
5947999,1999,14494,1996,"AR","",,1,,606,3,32,16,0,0.9375,,0.1244,,14.3125,,,,
5948827,1999,14494,1997,"AR","",,1,,521,1,15,1,0,1,,0,,3,,,,
5951558,1999,14501,1998,"AR","",,1,,606,3,32,5,0,1,,0,,3.8,,,,
5954764,1999,14508,1997,"AR","",,1,,623,3,39,6,0,1,,0.2778,,1.1667,,,,
5955171,1999,14508,1998,"AR","",,1,,428,6,69,1,0,1,,0,,27,,,,
5960972,1999,14522,1996,"AR","",,5,,215,6,68,15,0,0.8,,0.2917,,23.6667,,,,
5964488,1999,14529,1997,"AR","",,1,,294,5,59,4,0,1,,0.375,,16,,,,
5964767,1999,14529,1997,"AR","",,1,,606,3,32,7,0,1,,0.6939,,9.8571,,,,
5967229,1999,14536,1997,"AR","",,1,,166,6,64,1,0,1,,0,,9,,,,
5968016,1999,14536,1998,"AR","",,1,,604,3,32,4,0,1,,0,,3.75,,,,
5976069,1999,14550,1997,"AR","",735845,2,,600,3,32,11,0,1,,0.6777,,8.3636,0,0,,
5988288,1999,14571,1997,"AR","",,1,,168,6,69,5,0,0.4,,0,,55,,,,
5988536,1999,14571,1997,"AR","",,1,,239,5,59,4,0,1,,0.625,,17,,,,
5993417,1999,14578,1998,"AR","",,1,,604,3,32,10,0,1,,0.18,,4.3,,,,
5993476,1999,14578,1998,"AR","",,1,,606,3,32,4,0,1,,0,,9.25,,,,
5996432,1999,14585,1998,"AR","",,1,,74,5,59,1,0,1,,0,,12,,,,
5996522,1999,14585,1997,"AR","",,1,,114,5,55,1,0,1,,0,,35,,,,
6004582,1999,14599,1998,"AR","",762813,3,,424,3,31,9,0,1,,0,,10.7778,0,0,,
6007534,1999,14606,1998,"AR","",,1,,606,3,32,7,0,1,,0,,8.8571,,,,
