5575998,1996,13472,1994,"CZ","",725743,3,16,424,3,31,3,1,1,0,0,3,11.3333,0,0,0,0
5582254,1996,13493,1995,"CZ","",,1,3,169,6,69,6,0,0.8333,,0,,22.3333,,,,
5609406,1997,13584,1994,"CZ","",703149,3,10,362,4,42,5,0,1,,0.32,,4.4,0,0,,
5621528,1997,13619,1995,"CZ","",729487,3,7,356,4,43,9,0,1,,0.1975,,14.3333,0,0,,
5628480,1997,13647,1995,"CZ","",730065,3,5,246,5,55,2,0,1,,0,,1.5,0,0,,
5636505,1997,13675,1995,"CZ","",697289,3,6,57,6,63,13,0,1,,0.2722,,16.7692,0,0,,
5640839,1997,13689,1995,"CZ","",731123,3,12,57,6,63,13,2,0.9231,0,0.1528,3,22.0769,0,0,0,0
5666798,1997,13773,1995,"CZ","",475880,3,17,57,6,63,7,0,1,,0,,18.5714,0,0,,
5667505,1997,13773,1994,"CZ","",733461,3,17,606,3,32,6,0,1,,0,,10.5,0,0,,
5669215,1997,13780,1995,"CZ","",475880,3,27,57,6,63,7,0,0.7143,,0.48,,22,0,0,,
5670478,1997,13780,1995,"CZ","",719350,3,6,514,3,31,3,0,1,,0.4444,,13.6667,0,0,,
5672590,1997,13787,1995,"CZ","",733877,3,21,514,3,31,1,0,1,,0,,12,0,0,,
5673461,1997,13794,1995,"CZ","",733946,3,8,19,1,11,6,2,0.6667,0,0.5,2.5,24,0,0,0,0
5673656,1997,13794,1996,"CZ","",733971,3,19,123,5,53,8,0,0.625,,0,,24.75,0,0,,
5678706,1997,13808,1995,"CZ","",734424,3,17,211,6,65,13,0,0.9231,,0.7917,,17.6154,0,0,,
5699971,1997,13871,1996,"CZ","",731123,3,16,242,5,51,5,0,1,,0.48,,6.6,0,0,,
5711264,1998,13906,1997,"CZ","",737216,3,3,123,5,53,9,1,1,0,0,0,7.2222,0,0,0,0
5720835,1998,13934,1995,"CZ","",738119,2,23,264,5,51,17,1,0.8824,0,0.7556,2,20.4118,0,0,1,1
5720876,1998,13934,1995,"CZ","",,1,32,210,1,19,12,0,1,,0,,12.8333,,,,
5751128,1998,14011,1996,"CZ","",386735,2,12,318,4,45,5,0,1,,0,,7,0,0,,
5756792,1998,14025,1994,"CZ","",599710,2,11,556,1,14,3,0,1,,0.6667,,3.6667,0,0,,
5760534,1998,14032,1996,"CZ","",741395,3,11,313,4,42,3,0,0,,,,73.6667,0,0,,
5760950,1998,14032,1996,"CZ","",741422,2,13,359,5,54,6,2,1,0.5,0.5,1,5.8333,0,0,0,0
5792524,1998,14102,1996,"CZ","",738119,2,39,428,6,69,23,0,0.913,,0.7891,,16.9565,0,0,,
5822969,1998,14172,1996,"CZ","",731123,3,13,57,6,63,9,0,1,,0.7407,,11.1111,0,0,,
5823162,1998,14172,1997,"CZ","",,1,3,123,5,53,4,0,0.5,,0,,34.75,,,,
5826964,1998,14179,1997,"CZ","",703149,3,7,362,4,42,16,0,0.9375,,0,,11.4375,0,0,,
5836033,1998,14200,1996,"CZ","",,1,9,15,6,69,16,0,0.5625,,0.3704,,40,,,,
5839569,1998,14207,1995,"CZ","",731123,3,6,198,5,59,9,0,0.6667,,0.5,,33.5556,0,0,,
5858357,1999,14256,1996,"CZ","",,1,,424,3,31,1,0,1,,0,,23,,,,
5862045,1999,14263,1998,"CZ","",386735,2,,363,4,45,16,0,1,,0.4141,,5.9375,0.0625,0.0625,,
5868533,1999,14284,1997,"CZ","",,1,,408,5,51,10,0,0.3,,0.6667,,53.1,,,,
5879880,1999,14312,1997,"CZ","",751855,2,,435,3,33,4,0,1,,0.625,,8.25,0,0,,
5888394,1999,14333,1997,"CZ","",,1,,210,1,19,6,0,1,,0,,9.3333,,,,
5893284,1999,14347,1997,"CZ","",752953,3,,70,6,65,8,0,0.5,,0,,28.25,0,0,,
5893549,1999,14347,1996,"CZ","",364545,3,,359,5,54,9,0,0.7778,,0.2449,,24.1111,0,0,,
5900202,1999,14368,1997,"CZ","",,1,,264,5,51,3,0,1,,0.4444,,27.6667,,,,
5937484,1999,14473,1997,"CZ","",731123,3,,19,1,11,6,0,1,,0.6667,,25.6667,0,0,,
5937629,1999,14473,1995,"CZ","",731123,3,,57,6,63,10,0,1,,0.48,,9,0,0,,
5948766,1999,14494,1997,"CZ","",701756,3,,514,3,31,3,0,1,,0.6667,,7,0,0,,
5960935,1999,14522,1998,"CZ","",759006,3,,198,5,59,6,0,0.8333,,0.72,,35.5,0,0,,
5966004,1999,14529,1998,"CZ","",386735,2,,323,4,45,11,0,1,,0.4463,,6.9091,0.3636,0.3636,,
5966038,1999,14529,1997,"CZ","",386735,2,,327,4,41,11,0,1,,0.6116,,8.1818,0,0,,
5968089,1999,14536,1997,"CZ","",,1,,600,3,32,5,0,1,,0.56,,9.4,,,,
5971026,1999,14543,1997,"CZ","",256580,2,,137,6,69,16,0,0.75,,0.5139,,21.25,0,0,,
5972353,1999,14543,1995,"CZ","",758503,3,,424,3,31,1,0,1,,0,,4,0,0,,
5973528,1999,14543,1998,"CZ","",386735,2,,327,4,41,1,0,1,,0,,16,0,0,,
5977061,1999,14550,1995,"CZ","",700459,3,,514,3,31,11,0,1,,0.562,,6.4545,0.1818,0.1818,,
5981271,1999,14557,1997,"CZ","",760783,3,,435,3,33,2,0,1,,0,,16.5,0,0,,
5981711,1999,14557,1995,"CZ","",758503,3,,530,1,15,1,0,1,,0,,4,0,0,,
5989838,1999,14571,1995,"CZ","",758503,3,,435,3,33,1,0,1,,0,,4,0,0,,
6000691,1999,14592,1998,"CZ","",762479,3,,271,5,51,7,0,1,,0.2449,,10.8571,0,0,,
6005039,1999,14599,1998,"CZ","",,1,,524,1,15,1,0,1,,0,,4,,,,
