3615648,1971,4316,1968,"CL","",599450,3,,426,6,61,,2,,0,,13.5,,,,0,0
3615858,1971,4316,1965,"CL","",179750,2,,429,4,45,,9,,0,,12,,,,0.2222,0.2222
3616613,1971,4323,1968,"CL","",615895,3,,96,1,13,,1,,0,,11,,,,0,0
3654096,1972,4477,1969,"CL","",28630,2,,205,1,19,,0,,,,,,,,,
3655450,1972,4484,1970,"CL","",179750,2,,429,4,45,,7,,0,,7.8571,,,,0.2857,0.2857
3695849,1972,4659,1970,"CL","",,1,,422,1,19,,1,,0,,3,,,,,
3702303,1972,4694,1970,"CL","",635240,2,,510,1,19,,7,,0.4898,,10.7143,,,,0.3333,0.2857
3712303,1973,4771,1970,"CL","",,1,,600,3,32,,2,,0.5,,18,,,,,
3739549,1973,4918,1971,"CL","",,1,,95,1,13,,3,,0.6667,,15.6667,,,,,
3755923,1973,4995,1971,"CL","",,1,,434,6,69,,6,,0.6111,,15.8333,,,,,
3761334,1973,5016,1971,"CL","",,1,,156,1,19,,22,,0.7066,,15.0909,,,,,
3761565,1973,5016,1970,"CL","",,1,,423,1,19,,1,,0,,14,,,,,
3803308,1974,5212,1970,"CL","",216125,2,,424,3,31,,12,,0.6944,,12.8333,,,,0,0
3806026,1974,5226,1973,"CL","",,1,,236,6,69,,0,,,,,,,,,
3806119,1974,5226,1972,"CL","",,1,,273,6,62,,2,,0,,13.5,,,,,
3874940,1975,5569,1971,"CL","",115200,3,12,75,5,52,6,8,0.3333,0,0,9.5,28,0,0,0,0
3876496,1975,5576,1973,"CL","",,1,12,162,1,19,8,28,0.125,0.6633,0,21.9286,49.25,,,,
3881196,1975,5604,1973,"CL","",,1,7,2,6,63,10,0,0.4,,0,,33.2,,,,
3892110,1975,5660,1974,"CL","",,1,4,70,6,65,2,3,0,0.4444,,19.3333,76,,,,
3892875,1975,5660,1974,"CL","",123695,3,2,426,6,61,3,2,0,0.5,,12,17,0,0,0,0
3915818,1975,5779,1973,"CL","",123695,3,20,205,1,19,5,1,0.8,0,0,5,6.2,0,0,0,0
3917162,1975,5786,1974,"CL","",,1,8,236,6,69,5,4,0.4,0.75,0.5,10.25,23.4,,,,
3953004,1976,5961,1974,"CL","",123695,3,3,366,1,19,4,1,0.5,0,0.5,17,15.75,0,0,0,0
4026847,1977,6360,1975,"CL","",598935,3,9,527,1,15,2,0,0,,,,50.5,0,0,,
4028462,1977,6367,1975,"CL","",123695,3,9,423,1,19,3,3,1,0.4444,0.4444,20.6667,6,0,0,0,0
4040417,1977,6430,1973,"CL","",216125,2,3,128,3,32,4,4,1,0.5,0.375,12.25,7.5,0,0,0,0
