4056262,1977,6514,1976,"CL","",115200,3,8,266,5,52,4,1,0,0,,4,53.25,0,0,0,0
4090870,1978,6717,1977,"CL","",115200,3,12,75,5,52,7,0,0.2857,,0,,43.8571,0,0,,
4116652,1978,6843,1976,"CL","",,1,9,62,6,69,3,1,1,0,0.4444,17,12.6667,,,,
4119314,1978,6857,1977,"CL","",,1,2,273,6,62,2,2,1,0,0,5,3.5,,,,
4129583,1978,6920,1978,"CL","",,1,12,554,1,14,3,5,1,0.56,0.4444,6.6,7.3333,,,,
4158050,1979,7102,1978,"CL","",280720,2,4,424,3,31,0,3,,0.6667,,18,,,,0,0
4196332,1980,7396,1978,"CL","",86900,3,9,219,4,49,10,22,0.7,0.4504,0.4082,11.8182,11.6,0.1429,0.1,0,0
4220524,1980,7550,1978,"CL","",109755,3,6,209,5,51,7,3,0,0.4444,,4.3333,45.8571,0,0,0,0
4227651,1980,7592,1979,"CL","",,1,1,239,5,59,4,1,0.5,0,0.5,7,26.25,,,,
4232204,1980,7613,1978,"CL","",112805,3,3,381,4,49,3,3,1,0,0.6667,7,12.6667,0,0,0,0
4233320,1980,7620,1979,"CL","",569585,3,12,426,6,61,4,7,1,0.2449,0.375,9,5.75,0,0,0.1667,0.1429
4302037,1981,7998,1979,"CL","",369875,3,23,292,6,69,22,1,0.2727,0,0.6111,17,55.6818,0,0,0,0
4356639,1982,8341,1980,"CL","",,1,4,33,6,69,4,6,0.5,0.4444,0.5,12.8333,15.5,,,,
4379511,1983,8502,1981,"CL","",195545,3,13,215,6,68,4,8,0,0.5938,,11.75,50.75,0,0,0,0
