5190443,1993,12114,1991,"CL","",,1,11,417,5,53,2,2,1,0,0,5,15,,,,
5219149,1993,12219,1992,"CL","",,1,11,251,5,53,3,0,1,,0.4444,,17.3333,,,,
5219730,1993,12219,1989,"CL","",399485,2,26,435,3,33,7,1,1,0,0.6939,7,16.1429,0,0,0,0
5223234,1993,12233,1992,"CL","",316065,3,6,423,1,19,13,0,0.8462,,0.6612,,25,0.1429,0.0769,,
5226435,1993,12247,1991,"CL","",223960,3,19,132,6,65,42,6,0.881,0.2778,0.6954,5.3333,19.5714,0,0,0,0
5232200,1993,12268,1991,"CL","",,1,3,251,5,53,9,2,0.6667,0.5,0,5,25.2222,,,,
5236466,1993,12282,1992,"CL","",694293,2,9,23,1,19,15,2,0.7333,0,0.6446,1.5,19.5333,0,0,0,0
5267912,1993,12394,1991,"CL","",,1,3,475,5,53,5,0,0.6,,0,,29.8,,,,
5288495,1994,12471,1992,"CL","",595450,2,25,424,3,31,20,0,0.7,,0.8776,,22.65,0.5385,0.35,,
5312036,1994,12555,1991,"CL","",,4,15,236,6,69,5,1,0.8,0,0.625,5,27.4,,,,
5334317,1994,12632,1993,"CL","",123650,3,23,210,1,19,6,1,1,0,0.5,3,5.3333,0,0,0,0
5340593,1994,12653,1993,"CL","",595450,2,30,424,3,31,54,1,0.6111,0,0.8871,1,25.5741,0.4643,0.2407,0,0
5342329,1994,12660,1992,"CL","",704256,3,9,604,3,32,15,1,0.9333,0,0.1327,4,14.2667,0,0,0,0
5356457,1994,12709,1992,"CL","",123650,3,24,75,5,52,1,4,1,0.625,0,3,3,0,0,0.25,0.25
5357990,1994,12716,1993,"CL","",223960,3,16,132,6,65,42,6,0.881,0,0.6954,3.3333,20.5714,0,0,0.4,0.3333
5374939,1994,12772,1993,"CL","",,1,11,343,2,21,3,1,1,0,0.6667,2,15.6667,,,,
5389274,1995,12828,1993,"CL","",708749,3,9,252,1,19,2,0,0,,,,59,0,0,,
5390899,1995,12835,1993,"CL","",,1,16,251,5,53,5,1,0.6,0,0.4444,3,20.8,,,,
5410023,1995,12898,1992,"CL","",,1,2,530,1,15,4,1,1,0,0.625,3,8.25,,,,
5421467,1995,12940,1994,"CL","",711739,2,20,211,6,65,10,1,0.8,0,0.4063,3,31.3,0,0,0,0
5427605,1995,12961,1993,"CL","",123650,3,31,75,5,52,11,0,0.9091,,0.54,,18.7273,0,0,,
5437691,1995,12996,1991,"CL","",694293,2,8,23,1,19,11,1,0.6364,0,0.6122,6,28.0909,0,0,0,0
5453918,1995,13052,1994,"CL","",,1,3,362,4,42,3,0,1,,0.6667,,15.6667,,,,
5509787,1996,13262,1994,"CL","",,1,17,417,5,53,11,3,1,0.4444,0.4463,3.6667,15.3636,,,,
5522430,1996,13304,1994,"CL","",,1,11,137,6,69,5,0,1,,0.32,,22.4,,,,
5527382,1996,13318,1994,"CL","",123650,3,25,75,5,52,1,1,1,0,0,3,2,1,1,0,0
5544759,1996,13374,1995,"CL","",,1,25,209,5,51,19,0,0.2105,,0,,49,,,,
