4848750,1989,10791,1988,"CL","",123650,3,10,266,5,52,5,0,0,,,,60.2,0,0,,
4858738,1989,10826,1985,"CL","",,1,2,188,5,53,17,2,0.4706,0,0.8125,5,27.9412,,,,
4886595,1989,10938,1989,"CL","",180650,3,12,209,5,51,5,0,0.2,,0,,45.8,0,0,,
4907640,1990,11029,1988,"CL","",,5,38,164,5,52,20,0,0.55,,0.314,,40.25,,,,
4915941,1990,11057,1986,"CL","",399485,2,19,424,3,31,0,3,,0,,4.3333,,,,0,0
5011965,1991,11442,1989,"CL","",180650,3,11,558,1,14,2,0,0.5,,0,,24.5,0,0,,
5013449,1991,11449,1989,"CL","",153420,2,14,210,1,19,4,2,1,0,0.375,3,15,0,0,0,0
5016995,1991,11463,1989,"CL","",,1,8,359,5,54,9,3,1,0,0.3704,2.6667,10.3333,,,,
5020644,1991,11477,1989,"CL","",,1,30,188,5,53,7,4,0.4286,0.625,0,6.25,27.8571,,,,
5050358,1991,11589,1990,"CL","",,1,5,52,6,69,13,5,0.6923,0,0.5185,4.2,29.9231,,,,
5052205,1991,11596,1990,"CL","",,1,12,70,6,65,7,4,0.5714,0.625,0,5.5,29.4286,,,,
5054514,1991,11603,1989,"CL","",444905,2,9,137,6,69,17,0,0.6471,,0.1653,,24.9412,0,0,,
5074775,1991,11680,1990,"CL","",112825,3,13,425,5,51,2,2,0.5,0.5,0,6,40.5,0,0,0,0
5079022,1992,11694,1990,"CL","",112801,3,1,426,6,61,2,1,1,0,0,1,18.5,0,0,0,0
5087189,1992,11729,1990,"CL","",112825,3,7,425,5,51,4,0,1,,0.5,,8,0,0,,
5089116,1992,11736,1990,"CL","",180650,3,13,209,5,51,4,0,0.5,,0,,34.25,0,0,,
5152025,1992,11967,1989,"CL","",,1,3,12,6,63,24,0,0.6667,,0.7266,,31.2083,,,,
5162048,1992,12002,1990,"CL","",687293,3,8,44,1,19,11,1,1,0,0.6942,5,11.6364,0,0,0,0
5178423,1993,12065,1992,"CL","",,1,12,285,6,67,12,0,0.8333,,0,,26.9167,,,,
