4430982,1984,8810,1981,"CL","",464005,2,17,123,5,53,17,1,0.2941,0,0.32,7,44.1765,0,0,0,0
4436284,1984,8838,1982,"CL","",,1,4,256,6,65,5,0,0,,,,94.4,,,,
4478698,1984,9062,1984,"CL","",123650,3,16,75,5,52,3,2,1,0,0,10,7.3333,0,0,0,0
4488738,1984,9118,1981,"CL","",,1,14,285,6,67,15,5,0.4,0.48,0,8.8,39.6667,,,,
4516205,1985,9258,1982,"CL","",,1,9,709,2,22,11,14,1,0.7653,0.6777,7.9286,3.8182,,,,
4561887,1985,9496,1984,"CL","",520675,3,23,75,5,52,5,9,0.8,0.6173,0.375,10.1111,15.8,0,0,0,0
4562694,1986,9503,1983,"CL","",,1,7,57,6,63,7,2,0.7143,0,0,4.5,17.2857,,,,
4620515,1986,9804,1984,"CL","",,1,16,123,5,53,7,0,0.2857,,0,,35.8571,,,,
4634355,1987,9867,1986,"CL","",,1,7,418,5,53,8,0,0.25,,0,,46.75,,,,
4634356,1987,9867,1986,"CL","",,1,12,418,5,53,7,0,0.2857,,0,,36.8571,,,,
4659291,1987,9972,1984,"CL","",,1,4,417,5,53,16,1,0.625,0,0.32,14,23.125,,,,
4665969,1987,10000,1985,"CL","",,5,17,164,5,52,11,1,0.9091,0,0.6,5,15.8182,,,,
4692513,1987,10112,1985,"CL","",454215,2,23,514,3,31,19,2,1,0.5,0.6759,10.5,7.8421,0,0,0,0
4729873,1988,10294,1986,"CL","",115200,3,24,420,5,52,3,0,1,,0.6667,,13,0,0,,
4736894,1988,10329,1986,"CL","",123650,3,29,241,5,51,2,2,0.5,0,0,8.5,19,0,0,0,0
4744301,1988,10364,1986,"CL","",271155,3,8,102,1,19,9,0,0.5556,,0.48,,22.4444,0,0,,
4748904,1988,10385,1986,"CL","",,1,17,99,6,61,4,12,0.75,0.875,0.6667,10.4167,17.25,,,,
4749022,1988,10385,1986,"CL","",,5,30,164,5,52,20,1,0.55,0,0.314,3,38.25,,,,
4755186,1988,10413,1986,"CL","",,5,13,8,1,11,4,0,0.5,,0,,20.25,,,,
4760627,1988,10441,1987,"CL","",,1,16,26,6,63,17,9,1,0.716,0.526,7.3333,11.7059,,,,
