5618330,1997,13612,1995,"CL","",,1,13,71,1,11,5,0,1,,0.56,,11.2,,,,
5634651,1997,13668,1995,"CL","",730584,3,23,280,5,55,5,0,0.6,,0.4444,,36,0,0,,
5635051,1997,13668,1995,"CL","",599425,2,20,205,1,19,21,1,1,0,0.5578,1,17.1905,0.0476,0.0476,1,1
5676916,1997,13801,1996,"CL","",734283,3,15,423,1,19,7,1,0.7143,0,0.56,1,25.8571,0,0,1,1
5690236,1997,13843,1996,"CL","",,1,10,211,6,65,6,0,0.3333,,0.5,,55.5,,,,
5711211,1998,13906,1997,"CL","",737207,3,20,99,6,61,13,2,1,0,0.7929,0.5,7.3846,0,0,0,0
5720742,1998,13934,1996,"CL","",,1,12,606,3,32,6,1,1,0,0.2778,1,7.8333,,,,
5723487,1998,13941,1995,"CL","",,1,4,514,3,31,0,0,,,,,,,,,
5731802,1998,13962,1996,"CL","",741703,2,27,345,2,23,8,0,1,,0.375,,5.25,0,0,,
5733851,1998,13969,1996,"CL","",,1,18,504,1,11,3,0,1,,0.4444,,7.3333,,,,
5736667,1998,13976,1996,"CL","",,1,35,89,5,59,11,0,0.7273,,0.4688,,22.3636,,,,
5738230,1998,13983,1996,"CL","",,1,15,211,6,65,10,0,0.4,,0.375,,51.5,,,,
5738332,1998,13983,1995,"CL","",,1,32,251,5,53,4,1,0.75,0,0.4444,2,21.75,,,,
5747462,1998,14004,1995,"CL","",740410,3,18,514,3,31,0,0,,,,,,,,,
5749684,1998,14011,1996,"CL","",740602,3,15,406,5,59,3,0,0.6667,,0.5,,24.6667,0,0,,
5756538,1998,14025,1996,"CL","",599960,3,16,514,3,31,1,1,1,0,0,1,23,0,0,0,0
5769387,1998,14053,1996,"CL","",,1,24,251,5,53,5,0,1,,0.32,,16.8,,,,
5772730,1998,14060,1993,"CL","",123650,3,22,75,5,52,1,0,1,,0,,17,0,0,,
5817470,1998,14158,1995,"CL","",746368,3,34,435,3,33,8,0,1,,0.6563,,7.375,0,0,,
5820840,1998,14165,1996,"CL","",746668,3,30,423,1,19,4,1,1,0,0.375,0,11,0,0,0,0
5849293,1998,14228,1996,"CL","",123370,2,6,424,3,31,6,0,1,,0.6111,,6.1667,0,0,,
5859957,1999,14256,1996,"CL","",,1,,358,2,21,2,0,1,,0.5,,5.5,,,,
5860663,1999,14263,1997,"CL","",750144,3,,280,5,55,5,0,0.6,,0.4444,,38,0,0,,
5860678,1999,14263,1996,"CL","",,1,,285,6,67,7,0,0.4286,,0,,49.4286,,,,
5873007,1999,14291,1997,"CL","",532110,3,,396,5,54,2,0,0.5,,0,,43,0,0,,
5879556,1999,14312,1995,"CL","",247970,2,,210,1,19,18,0,1,,0.6914,,15.5,0.2222,0.2222,,
5929408,1999,14452,1996,"CL","",700862,2,,209,5,51,32,0,0.9688,,0.4287,,15,0,0,,
5934013,1999,14466,1997,"CL","",,1,,47,6,61,4,0,0.75,,0.6667,,33.25,,,,
5938813,1999,14473,1997,"CL","",757054,3,,71,1,11,10,0,1,,0.18,,15.5,0,0,,
5939038,1999,14473,1997,"CL","",734283,3,,423,1,19,5,0,0.8,,0,,31.6,0,0,,
5972038,1999,14543,1996,"CL","",454215,2,,8,1,11,13,0,1,,0.6036,,16.2308,0.4615,0.4615,,
5993759,1999,14578,1997,"CL","",734283,3,,423,1,19,10,0,0.9,,0.1975,,27.5,0.1429,0.1,,
6004998,1999,14599,1997,"CL","",599960,3,,514,3,31,2,0,1,,0,,21.5,0,0,,
