4042719,1977,6437,1975,"HU","",102370,3,5,426,6,61,5,8,0.8,0.5313,0,13,8.8,0,0,0,0
4043170,1977,6444,1976,"HU","",138775,3,2,72,5,52,4,2,0.5,0.5,0.5,12,16.25,0,0,0,0
4044012,1977,6444,1976,"HU","",475360,3,2,546,1,14,1,2,1,0.5,0,9.5,2,0,0,1,0.5
4044146,1977,6444,1977,"HU","",475360,3,7,514,3,31,5,2,0.2,0.5,0,8.5,24.4,0,0,0,0
4045433,1977,6451,1975,"HU","",475360,3,2,540,1,14,2,1,1,0,0,5,9,0,0,1,1
4046765,1977,6458,1975,"HU","",358070,3,11,546,1,14,1,4,1,0.375,0,15.75,12,0,0,0,0
4046773,1977,6458,1973,"HU","",396140,3,3,548,1,14,3,2,1,0,0.4444,11.5,4,0,0,0,0
4048285,1977,6465,1976,"HU","",100765,3,11,423,1,19,4,3,0.25,0.4444,0,3.6667,38,0,0,0,0
4048322,1977,6465,1976,"HU","",475360,3,9,514,3,31,5,0,0.2,,0,,24.4,0,0,,
4048466,1977,6465,1975,"HU","",349325,3,1,219,4,49,7,2,0.8571,0.5,0.6111,11.5,10,0,0,0,0
4048803,1977,6472,1975,"HU","",52855,3,1,405,6,64,2,0,1,,0,,11.5,0,0,,
4049639,1977,6472,1975,"HU","",320580,3,19,534,1,14,7,0,0.1429,,0,,29.8571,0,0,,
4050051,1977,6472,1975,"HU","",470440,3,7,338,4,41,3,3,0.6667,0.4444,0,16.3333,11.6667,0,0,0,0
4051156,1977,6479,1973,"HU","",102370,3,8,564,1,14,2,0,0.5,,0,,35.5,0,0,,
4051718,1977,6486,1976,"HU","",52855,3,4,73,4,43,3,6,0.3333,0.7778,0,9.8333,18.3333,0,0,0,0
4052403,1977,6486,1976,"HU","",165025,3,6,546,1,14,1,0,1,,0,,3,0,0,,
4052404,1977,6486,1975,"HU","",475360,3,2,546,1,14,6,3,1,0,0,4.6667,3.8333,0.1667,0.1667,0.5,0.3333
4052407,1977,6486,1975,"HU","",236555,3,14,548,1,14,1,3,1,0.4444,0,4.3333,3,0,0,0,0
4053862,1977,6493,1976,"HU","",611335,3,6,337,4,41,3,2,0.3333,0,0,16.5,20,0,0,0,0
4054571,1977,6500,1975,"HU","",475360,3,7,546,1,14,0,0,,,,,,,,,
4054748,1977,6500,1976,"HU","",169585,3,6,381,4,49,2,8,1,0.75,0.5,10.5,4,0,0,0,0
4055415,1977,6507,1976,"HU","",129365,3,12,75,5,52,5,2,0.8,0,0,4,14.4,0,0,0,0
4056703,1977,6514,1975,"HU","",336485,3,9,219,4,49,5,1,0.6,0,0.4444,12,37,1,0.2,0,0
4057550,1977,6521,1975,"HU","",475360,3,2,546,1,14,2,4,1,0.625,0,8.25,5,0,0,0.3333,0.25
4057551,1977,6521,1975,"HU","",475360,3,5,546,1,14,3,5,1,0.32,0.4444,5.8,6,0,0,1,0.8
4058522,1977,6528,1976,"HU","",475360,3,6,514,3,31,2,2,1,0.5,0,4.5,1.5,0.5,0.5,0,0
4058608,1977,6528,1975,"HU","",102370,3,2,514,3,31,2,3,0.5,0.4444,0,19,15.5,0,0,0,0
4060376,1977,6542,1976,"HU","",173785,3,4,432,6,66,6,8,0.8333,0.375,0.56,7.25,7.5,0,0,0,0
4060378,1977,6542,1976,"HU","",173785,3,4,432,6,66,8,7,0.875,0.5714,0.6122,8.5714,6.875,0,0,0,0
4061889,1977,6549,1975,"HU","",,1,3,369,2,24,9,0,0,,,,37.5556,,,,
4062338,1977,6556,1976,"HU","",173785,3,6,123,5,53,4,1,0,0,,1,38,0,0,0,0
4062850,1977,6556,1976,"HU","",719345,3,3,546,1,14,4,1,0.75,0,0,10,8,0.3333,0.25,0,0
4063857,1977,6563,1977,"HU","",,5,20,425,5,51,9,3,0.5556,0.6667,0.32,6.3333,23.3333,,,,
4064121,1977,6563,1975,"HU","",475360,3,4,540,1,14,2,2,1,0.5,0.5,9,6.5,1,0.5,0,0
4064249,1977,6563,1976,"HU","",475360,3,5,514,3,31,4,3,0.75,0,0.4444,14,7,0.6667,0.5,0,0
4064696,1977,6570,1976,"HU","",46170,3,9,60,4,45,5,12,0.4,0.1528,0.5,11.3333,16.8,1,0.2,0.0909,0.0833
4065148,1977,6570,1976,"HU","",46170,3,4,280,5,55,2,2,1,0,0,5,7,0,0,0,0
4065450,1977,6570,1976,"HU","",165025,3,3,540,1,14,2,0,0.5,,0,,18,0,0,,
4065458,1977,6570,1976,"HU","",475360,3,12,546,1,14,0,9,,0.1975,,6.4444,,,,0.8889,0.8889
4065491,1977,6570,1977,"HU","",102370,3,2,562,1,14,5,10,0.6,0.34,0.6667,11.4,14.4,0,0,0,0
4066406,1978,6577,1976,"HU","",325980,3,3,205,1,19,2,1,1,0,0,14,7,0,0,0,0
4066709,1978,6577,1975,"HU","",475360,3,2,568,1,14,0,0,,,,,,,,,
4070358,1978,6598,1976,"HU","",475360,3,6,540,1,14,3,0,1,,0.4444,,10,0,0,,
4071097,1978,6605,1975,"HU","",319570,3,10,175,6,64,9,12,0.6667,0.2917,0,8,16.8889,0,0,0,0
4071515,1978,6605,1976,"HU","",475360,3,22,540,1,14,1,4,1,0,0,13,3,0,0,0.5,0.5
4071766,1978,6605,1976,"HU","",388015,3,4,250,4,44,2,5,0,0,,15.2,21,0,0,0,0
4073358,1978,6619,1976,"HU","",349325,3,4,180,5,55,8,4,0.25,0,0,12.75,33.125,0,0,0,0
4074092,1978,6619,1976,"HU","",557710,3,4,200,4,41,5,1,1,0,0.56,8,4.4,0,0,0,0
4075249,1978,6626,1975,"HU","",475360,3,1,568,1,14,1,0,0,,,,23,0,0,,
4077115,1978,6640,1977,"HU","",470440,3,3,29,5,52,5,1,0.6,0,0.6667,0,10.8,0,0,0,0
4077999,1978,6640,1976,"HU","",165025,3,2,564,1,14,3,7,0.6667,0.2449,0,8.8571,21.3333,0,0,0.4286,0.4286
4081683,1978,6661,1976,"HU","",79815,3,1,250,4,44,1,0,0,,,,17,0,0,,
4082084,1978,6668,1976,"HU","",364805,3,2,600,3,32,7,3,1,0,0.6122,19.3333,5.2857,0,0,0,0
4082367,1978,6668,1976,"HU","",249990,3,2,406,5,59,4,1,1,0,0,11,10.25,0,0,0,0
4082813,1978,6668,1975,"HU","",475360,3,1,568,1,14,1,0,0,,,,23,0,0,,
4083978,1978,6675,1976,"HU","",165025,3,2,514,3,31,1,1,1,0,0,3,8,0,0,0,0
4086246,1978,6689,1976,"HU","",102370,3,1,549,1,14,13,6,0.3846,0.5,0.72,8.1667,21.9231,0,0,0.1667,0.1667
4086339,1978,6689,1975,"HU","",181125,3,8,514,3,31,0,3,,0,,11.3333,,,,0.6667,0.6667
4087209,1978,6696,1975,"HU","",22565,3,4,417,5,53,11,8,0.5455,0.5313,0.5,12.625,26.4545,0,0,0,0
4088579,1978,6703,1977,"HU","",249990,3,10,210,1,19,20,5,0.4,0.72,0,6.8,28.25,0,0,0,0
4089856,1978,6710,1976,"HU","",475360,3,5,546,1,14,2,5,1,0.32,0,3.6,7,0.5,0.5,1,1
4089858,1978,6710,1975,"HU","",102370,3,2,546,1,14,0,0,,,,,,,,,
4091071,1978,6717,1975,"HU","",192010,3,1,423,1,19,7,1,0.5714,0,0,4,13,0,0,0,0
4091206,1978,6717,1977,"HU","",165025,3,1,544,1,14,2,0,1,,0,,6,0,0,,
4091566,1978,6724,1976,"HU","",349275,3,10,47,6,61,10,7,0.8,0,0.4063,9.1429,14,0,0,0,0
4091843,1978,6724,1976,"HU","",561480,3,1,138,6,67,6,7,0.8333,0.6122,0.56,13,8.3333,0,0,0,0
4092346,1978,6724,1976,"HU","",102370,3,5,562,1,14,7,1,1,0,0.7755,2,3.8571,0.1429,0.1429,0,0
4092560,1978,6724,1975,"HU","",100765,3,9,313,4,42,14,9,0.5,0.1975,0.6122,12.5556,16.3571,0,0,0,0
4093689,1978,6731,1974,"HU","",336485,3,2,264,5,51,6,3,0.5,0,0.4444,9.6667,20.6667,0,0,0,0
4094908,1978,6738,1976,"HU","",475360,3,2,564,1,14,4,16,1,0.4844,0.625,6.625,7.5,0,0,0.75,0.75
4095117,1978,6738,1974,"HU","",364805,3,8,250,4,44,5,9,1,0.1975,0.32,17.6667,3.6,0,0,0,0
4097658,1978,6752,1976,"HU","",388300,3,2,526,1,15,2,0,1,,0.5,,4,0,0,,
4097668,1978,6752,1977,"HU","",165025,3,1,544,1,14,7,0,0.8571,,0.5,,7.8571,0,0,,
4101545,1978,6773,1976,"HU","",475360,3,4,540,1,14,1,10,1,0.46,0,14,7,0,0,0,0
4101552,1978,6773,1976,"HU","",475360,3,2,546,1,14,5,4,0.4,0.375,0,7.75,17.6,0.5,0.2,0,0
4102181,1978,6780,1976,"HU","",46170,3,5,73,4,43,3,5,1,0.32,0.4444,8.6,7.3333,0,0,0,0
4102407,1978,6780,1976,"HU","",178360,3,10,172,6,64,5,3,0.2,0.6667,0,10.3333,29,0,0,0,0
4102878,1978,6780,1977,"HU","",475360,3,5,530,1,15,1,3,1,0,0,6,3,0,0,0,0
4102886,1978,6780,1975,"HU","",102370,3,3,546,1,14,6,3,0.6667,0.4444,0,6,13.5,0,0,0.6667,0.6667
4102948,1978,6780,1977,"HU","",102370,3,8,558,1,14,1,3,0,0.4444,,12.3333,37,0,0,0.3333,0.3333
4105760,1978,6794,1976,"HU","",,1,3,514,3,31,4,15,1,0.48,0,13.7333,6.5,,,,
4107851,1978,6808,1976,"HU","",475360,3,10,34,1,19,5,9,0.6,0.6667,0.4444,12.4444,14.6,0,0,0,0
4108855,1978,6808,1977,"HU","",475360,3,10,546,1,14,1,0,1,,0,,1,1,1,,
4108996,1978,6808,1976,"HU","",475360,3,2,514,3,31,1,4,1,0.375,0,8,1,1,1,0.75,0.75
4109929,1978,6815,1976,"HU","",46170,3,1,280,5,55,4,3,0.5,0,0,10.3333,18.25,0,0,0,0
4110326,1978,6815,1977,"HU","",475360,3,24,540,1,14,1,7,1,0.4898,0,13.8571,7,0,0,0,0
4110441,1978,6815,1976,"HU","",102370,3,6,514,3,31,0,2,,0,,12.5,,,,0,0
4113868,1978,6829,1976,"HU","",102370,3,38,514,3,31,6,1,0.8333,0,0,19,5.8333,0,0,0,0
4114712,1978,6836,1976,"HU","",,1,6,180,5,55,2,1,1,0,0.5,19,11,,,,
4116051,1978,6843,1976,"HU","",129395,3,2,73,4,43,4,0,1,,0.375,,9.5,0,0,,
4116328,1978,6843,1976,"HU","",165020,3,4,198,5,59,17,2,0.5294,0.5,0.7901,9,16.1176,0,0,0,0
4116777,1978,6843,1976,"HU","",325980,3,2,435,3,33,2,3,0.5,0.4444,0,10,11,0,0,0,0
4116796,1978,6843,1977,"HU","",462260,3,4,204,1,19,7,4,1,0,0.449,10.5,4.4286,0,0,0,0
4116897,1978,6843,1976,"HU","",576600,3,2,524,1,15,3,9,0.6667,0.5679,0.5,9.2222,9.6667,0,0,0,0
4119633,1978,6857,1976,"HU","",102370,3,1,548,1,14,3,1,1,0,0,3,3,0,0,0,0
4120657,1978,6864,1977,"HU","",165025,3,9,205,1,19,2,4,1,0.625,0,16,8,0,0,0,0
4120858,1978,6864,1976,"HU","",475360,3,7,546,1,14,5,2,1,0,0.32,8,3.6,0,0,0.5,0.5
4121738,1978,6871,1977,"HU","",388300,3,6,222,1,19,6,4,0.6667,0.75,0,10,16.8333,0,0,0,0
4123533,1978,6878,1977,"HU","",102370,3,27,514,3,31,2,8,1,0.2188,0.5,4,4.5,0.5,0.5,0.5,0.5
4123615,1978,6878,1977,"HU","",165025,3,10,568,1,14,2,0,0,,,,22,0,0,,
4124416,1978,6885,1977,"HU","",22350,3,2,148,5,52,2,0,1,,0,,8.5,0,0,,
4126125,1978,6899,1976,"HU","",364805,3,7,600,3,32,5,2,1,0,0,11.5,2.4,0,0,0,0
4126615,1978,6899,1976,"HU","",102370,3,4,546,1,14,1,1,0,0,,18,16,0,0,0,0
4126622,1978,6899,1977,"HU","",102370,3,4,549,1,14,1,2,1,0.5,0,12.5,5,0,0,0,0
4127388,1978,6906,1976,"HU","",18580,3,5,422,1,19,3,9,0.3333,0.7901,0,11.5556,35,0,0,0,0
4127576,1978,6906,1977,"HU","",165025,3,14,514,3,31,1,0,1,,0,,1,0,0,,
4132425,1979,6941,1976,"HU","",157295,3,7,280,5,55,3,6,0.6667,0.2778,0,12.8333,17.6667,0,0,0,0
4132910,1979,6941,1976,"HU","",388300,3,5,310,4,45,5,10,0.8,0.48,0.625,11.3,13.8,0,0,0,0
4133812,1979,6948,1977,"HU","",102370,3,2,546,1,14,4,1,0.5,0,0,1,16,0,0,1,1
4133866,1979,6948,1977,"HU","",22350,3,7,423,1,19,3,0,1,,0.4444,,4.3333,0,0,,
4134034,1979,6948,1977,"HU","",52855,3,7,310,4,45,9,8,1,0.4063,0.3704,4.375,8.1111,0,0,0,0
4134039,1979,6948,1977,"HU","",165020,3,18,313,4,42,2,4,1,0.375,0,10.5,6,0,0,0,0
4134132,1979,6948,1977,"HU","",611335,3,7,348,4,49,2,7,1,0.6939,0.5,7.1429,11.5,0,0,0,0
4134350,1979,6955,1977,"HU","",129400,3,5,112,6,63,4,3,0.5,0,0,11,18.5,0,0,0,0
4135667,1979,6962,1977,"HU","",237780,3,13,239,5,59,7,10,1,0.32,0.2449,11.7,5.2857,0,0,0,0
4135785,1979,6962,1977,"HU","",364805,3,6,359,5,54,1,1,1,0,0,12,8,0,0,0,0
4136189,1979,6962,1976,"HU","",102370,3,3,514,3,31,5,0,1,,0.32,,6.6,0.3333,0.2,,
4138712,1979,6976,1974,"HU","",336485,3,2,361,4,45,4,2,0.5,0.5,0,12.5,22.75,0,0,0,0
4140790,1979,6990,1977,"HU","",475360,3,9,514,3,31,2,1,1,0,0.5,1,9.5,0,0,1,1
4143676,1979,7011,1977,"HU","",,1,12,137,6,69,2,2,1,0.5,0.5,4.5,9.5,,,,
4144236,1979,7011,1977,"HU","",18580,3,1,546,1,14,3,0,1,,0,,4,0,0,,
4145446,1979,7018,1977,"HU","",409935,3,9,426,6,61,2,2,0.5,0.5,0,11,12,0,0,0,0
4146093,1979,7025,1977,"HU","",319570,3,3,166,6,64,3,4,1,0,0.4444,6,11.6667,0,0,0,0
4146570,1979,7025,1977,"HU","",325980,3,1,422,1,19,4,3,1,0.4444,0,9.3333,8.25,0,0,0,0
4148959,1979,7039,1977,"HU","",349195,3,14,428,6,69,4,1,1,0,0.625,17,4.5,0,0,0,0
4149466,1979,7046,1977,"HU","",52855,3,5,102,1,19,5,3,1,0.4444,0,12.3333,9.8,0,0,0,0
4150034,1979,7046,1977,"HU","",102370,3,3,549,1,14,2,1,1,0,0.5,5,5,0,0,0,0
4151267,1979,7053,1977,"HU","",,1,3,423,1,19,1,1,0,0,,9,18,,,,
4152610,1979,7060,1977,"HU","",430530,7,4,310,4,45,7,15,0.2857,0.24,0,8.1333,20,0,0,0,0
4152829,1979,7067,1978,"HU","",129400,3,2,30,6,65,6,1,0,0,,9,25.3333,0,0,0,0
4154806,1979,7074,1977,"HU","",177350,3,10,423,1,19,4,1,0.25,0,0,9,37.25,0,0,0,0
4155814,1979,7081,1977,"HU","",129390,3,10,205,1,19,3,10,0.6667,0.42,0.5,8.8,12.6667,0,0,0,0
4156113,1979,7081,1977,"HU","",63070,3,7,379,2,21,5,0,1,,0.56,,6.6,0,0,,
4156897,1979,7088,1977,"HU","",611335,3,6,363,4,45,6,2,0.5,0,0,2.5,19.3333,0,0,0,0
4157162,1979,7095,1977,"HU","",,1,8,239,5,59,5,4,0.6,0,0.4444,12.75,14,,,,
4158971,1979,7116,1977,"HU","",349325,3,5,475,5,53,6,8,1,0.5313,0.6111,9.125,7.1667,0.3333,0.1667,0,0
4160035,1979,7123,1977,"HU","",165025,3,2,514,3,31,2,2,1,0.5,0.5,10,8,0,0,0.5,0.5
4160186,1979,7123,1977,"HU","",165020,3,9,313,4,42,3,5,1,0.64,0,8.8,4.6667,0,0,0,0
4160197,1979,7123,1978,"HU","",363400,3,3,318,4,45,5,1,1,0,0.48,3,6,0,0,0,0
4162327,1979,7144,1976,"HU","",102370,3,8,514,3,31,4,3,0.75,0,0.4444,3,13.25,0,0,0,0
4163511,1979,7158,1977,"HU","",388300,3,2,222,1,19,4,2,1,0,0.625,19.5,7.5,0,0,0,0
4163746,1979,7158,1977,"HU","",102370,3,5,549,1,14,2,8,1,0.6875,0,13.75,8.5,1,0.5,0,0
4163786,1979,7158,1978,"HU","",719345,3,6,514,3,31,4,2,0.5,0.5,0,8,12,0.5,0.25,0,0
4163851,1979,7158,1977,"HU","",475360,3,3,546,1,14,0,1,,0,,5,,,,0,0
4163967,1979,7158,1977,"HU","",557700,3,2,341,2,22,2,0,1,,0,,5,0.5,0.5,,
4166339,1979,7186,1977,"HU","",,1,1,47,6,61,6,5,0.3333,0.64,0.5,10,35.3333,,,,
4166377,1979,7186,1977,"HU","",349325,3,9,73,4,43,3,2,0.6667,0.5,0,18,22,0,0,0,0
4166862,1979,7186,1974,"HU","",102370,3,18,514,3,31,2,1,1,0,0,16,8.5,1,0.5,0,0
4167636,1979,7193,1978,"HU","",102370,3,1,546,1,14,3,0,1,,0,,4,0,0,,
4168995,1979,7207,1976,"HU","",138775,3,2,148,5,52,1,1,0,0,,3,24,0,0,0,0
4170850,1979,7228,1978,"HU","",557730,3,3,451,5,51,3,4,0.6667,0.625,0,6.25,14.3333,0,0,0,0
4171100,1979,7228,1977,"HU","",237780,3,8,239,5,59,3,4,0.6667,0.625,0.5,7.25,11.3333,0,0,0,0
4171303,1979,7228,1977,"HU","",102370,3,9,540,1,14,0,5,,0.64,,3.6,,,,0.4,0.4
4171306,1979,7228,1977,"HU","",475360,3,9,540,1,14,1,0,1,,0,,1,1,1,,
4172040,1979,7235,1978,"HU","",22350,3,1,210,1,19,4,3,1,0.4444,0.375,2.3333,7.25,0,0,0,0
4172077,1979,7235,1978,"HU","",475360,3,5,540,1,14,7,4,1,0.375,0.5714,9.75,12.5714,0,0,0,0
4172130,1979,7235,1977,"HU","",475360,3,19,514,3,31,1,2,1,0.5,0,6.5,4,0,0,0,0
4172447,1979,7242,1976,"HU","",364805,3,6,600,3,32,8,3,1,0,0.2188,14.3333,6.625,0,0,0,0
4173484,1979,7249,1977,"HU","",561225,3,11,501,1,19,4,1,1,0,0.625,16,9,0.5,0.25,0,0
4173642,1979,7249,1977,"HU","",475360,3,2,514,3,31,6,4,1,0.375,0,4.75,3.5,0.5,0.5,1,0.75
4173787,1979,7249,1977,"HU","",570770,3,8,702,2,22,6,12,1,0.625,0.6111,11.8333,6,0,0,0,0
4175949,1979,7270,1978,"HU","",,1,5,75,5,52,4,5,1,0.32,0.375,8.4,3,,,,
4176122,1979,7270,1977,"HU","",102370,3,8,549,1,14,2,0,1,,0.5,,4,0,0,,
4177190,1979,7277,1978,"HU","",475360,3,10,540,1,14,0,5,,0.48,,12.4,,,,0.2,0.2
4178562,1979,7284,1977,"HU","",561560,3,22,331,4,41,4,3,0,0,,12.3333,21.75,0,0,0,0
4179433,1979,7291,1978,"HU","",475360,3,5,530,1,15,4,5,1,0.32,0.375,8.2,3.5,0.3333,0.25,0.4,0.4
4179463,1979,7291,1977,"HU","",475360,3,6,562,1,14,0,0,,,,,,,,,
4179467,1979,7291,1977,"HU","",475360,3,7,564,1,14,0,0,,,,,,,,,
4180505,1979,7298,1978,"HU","",475360,3,10,540,1,14,4,2,1,0.5,0,2.5,6,0.3333,0.25,0.5,0.5
4182892,1980,7312,1978,"HU","",102370,3,6,549,1,14,1,0,1,,0,,13,0,0,,
4183909,1980,7319,1977,"HU","",475360,3,16,424,3,31,1,1,1,0,0,8,5,0,0,0,0
4184040,1980,7319,1977,"HU","",475360,3,4,546,1,14,2,2,1,0,0,6,11.5,0,0,0,0
4184485,1980,7326,1977,"HU","",364805,3,5,600,3,32,7,11,1,0.4298,0,11.5455,4.8571,0,0,0.2,0.0909
4184486,1980,7326,1977,"HU","",462260,3,3,600,3,32,5,12,0.4,0.4028,0,14.5833,21,0,0,0,0
4186949,1980,7340,1978,"HU","",561480,3,2,285,6,67,6,12,0.8333,0.4861,0.32,9.8333,13.1667,0,0,0,0
4187220,1980,7340,1977,"HU","",102370,3,13,540,1,14,0,7,,0.4898,,11.2857,,,,0.4286,0.4286
4188233,1980,7347,1978,"HU","",79815,3,8,106,1,12,3,1,0.6667,0,0,16,11.3333,0,0,0,0
4189432,1980,7354,1973,"HU","",475360,3,4,540,1,14,2,2,1,0.5,0.5,6.5,7.5,0,0,1,1
4190020,1980,7361,1978,"HU","",371450,3,6,119,6,61,3,7,1,0.449,0.6667,11.8571,7.3333,0,0,0,0
4191774,1980,7368,1978,"HU","",102370,3,8,514,3,31,1,0,1,,0,,6,0,0,,
4193922,1980,7382,1976,"HU","",181125,3,8,548,1,14,1,1,0,0,,14,22,0,0,0,0
4193998,1980,7382,1978,"HU","",102370,3,5,514,3,31,4,1,0.75,0,0,11,7.25,0.6667,0.5,0,0
4196206,1980,7396,1978,"HU","",475360,3,4,514,3,31,2,1,0.5,0,0,3,11.5,0,0,0,0
4196700,1980,7403,1978,"HU","",581735,3,8,122,6,66,4,1,0,0,,19,19.75,0,0,0,0
4197012,1980,7403,1976,"HU","",102370,3,4,356,4,43,4,3,1,0.4444,0.375,10.6667,5.75,0,0,0,0
4197854,1980,7410,1978,"HU","",364805,3,11,600,3,32,7,12,1,0.5278,0,11.3333,7.2857,0,0,0,0
4198402,1980,7410,1978,"HU","",475360,3,4,514,3,31,0,3,,0.4444,,10,,,,0,0
4199505,1980,7417,1978,"HU","",475360,3,12,540,1,14,1,4,1,0,0,5.25,7,0,0,0,0
4199560,1980,7417,1978,"HU","",409975,3,3,424,3,31,16,19,0.4375,0.0997,0,10.4211,19.875,0,0,0,0
4199598,1980,7417,1979,"HU","",475360,3,10,514,3,31,0,0,,,,,,,,,
4200631,1980,7424,1978,"HU","",475360,3,11,514,3,31,0,1,,0,,10,,,,0,0
4200636,1980,7424,1978,"HU","",475360,3,7,514,3,31,0,2,,0.5,,13.5,,,,0,0
4200650,1980,7424,1979,"HU","",475360,3,7,514,3,31,0,0,,,,,,,,,
4201455,1980,7431,1977,"HU","",388045,3,7,359,5,54,1,13,1,0.8047,0,10.6154,2,0,0,0,0
4201550,1980,7431,1977,"HU","",,1,6,436,1,19,6,8,0.8333,0.7813,0.56,18.5,10.6667,,,,
4201723,1980,7431,1977,"HU","",475360,3,8,564,1,14,3,0,1,,0.6667,,9.6667,0,0,,
4203228,1980,7445,1978,"HU","",388015,3,17,34,1,19,4,1,0.5,0,0,11,17.75,0,0,0,0
4203689,1980,7445,1978,"HU","",22350,3,2,406,5,59,8,11,0.625,0.843,0.72,9.2727,24.25,0,0,0,0
4204184,1980,7445,1978,"HU","",611335,3,12,337,4,41,2,4,1,0,0,13.5,9.5,0,0,0,0
4204999,1980,7452,1978,"HU","",102370,3,7,549,1,14,4,1,1,0,0.625,11,5.5,0,0,0,0
4205829,1980,7459,1978,"HU","",138775,3,5,266,5,52,1,0,0,,,,25,0,0,,
4207261,1980,7466,1978,"HU","",349195,3,6,564,1,14,1,2,1,0,0,7.5,9,0,0,0,0
4208410,1980,7473,1978,"HU","",165025,3,5,514,3,31,0,5,,0.32,,14.2,,,,0,0
4209233,1980,7480,1978,"HU","",388000,3,2,359,5,54,3,5,1,0.56,0.6667,10.4,12.3333,0,0,0.2,0.2
4209442,1980,7480,1978,"HU","",475360,3,7,530,1,15,3,4,1,0.375,0,8.25,5,0,0,0.5,0.5
4209443,1980,7480,1978,"HU","",475360,3,2,540,1,14,3,1,1,0,0,8,6.6667,0,0,0,0
4209622,1980,7480,1975,"HU","",102370,3,1,544,1,14,3,12,1,0.2778,0,7.8333,10.3333,1,0.6667,0.75,0.75
4210650,1980,7487,1979,"HU","",102370,3,3,514,3,31,0,0,,,,,,,,,
4211105,1980,7494,1978,"HU","",349325,3,4,73,4,43,3,0,0.6667,,0,,23,0,0,,
4212536,1980,7501,1977,"HU","",349250,3,10,356,4,43,6,11,1,0.314,0.7778,12.9091,7,0,0,0,0
4214032,1980,7508,1977,"HU","",349195,3,6,442,1,11,2,1,0.5,0,0,7,15.5,0,0,0,0
4215083,1980,7515,1978,"HU","",475360,3,12,261,1,19,10,0,0.9,,0.7407,,12.6,0.125,0.1,,
4215487,1980,7522,1978,"HU","",557740,3,6,34,1,19,3,0,0.6667,,0.5,,10.3333,0,0,,
4218234,1980,7536,1977,"HU","",409965,3,3,504,1,11,0,1,,0,,8,,,,0,0
4218404,1980,7536,1978,"HU","",102370,3,13,558,1,14,2,6,0.5,0.5,0,11.3333,29,1,0.5,0,0
4218446,1980,7536,1979,"HU","",475360,3,6,514,3,31,1,2,1,0.5,0,2,2,0,0,0.5,0.5
4219649,1980,7543,1978,"HU","",102370,3,6,544,1,14,1,2,1,0,0,2.5,9,1,1,0,0
4220467,1980,7550,1979,"HU","",181125,3,4,504,1,11,3,2,1,0,0,2.5,6.3333,0,0,0,0
4220771,1980,7550,1978,"HU","",102370,3,9,544,1,14,6,5,0.8333,0.72,0.32,8.6,8,0,0,0.4,0.4
4221098,1980,7557,1978,"HU","",52905,3,1,52,6,69,5,1,0.6,0,0.4444,12,25.6,0,0,0,0
4221739,1980,7557,1975,"HU","",475360,3,7,564,1,14,4,0,1,,0.625,,10,0,0,,
4221987,1980,7557,1978,"HU","",165020,3,4,313,4,42,6,2,0.8333,0.5,0.32,7,13.6667,0.5,0.3333,0,0
4223534,1980,7571,1978,"HU","",46170,3,2,60,4,45,7,1,0.4286,0,0,8,20.4286,0,0,0,0
4224325,1980,7571,1978,"HU","",475360,3,12,514,3,31,0,6,,0,,3.3333,,,,0,0
4225592,1980,7578,1979,"HU","",,1,1,514,3,31,3,17,0.6667,0.6574,0,11.4118,18.6667,,,,
4225639,1980,7578,1979,"HU","",349190,3,7,427,1,12,6,5,0.5,0.72,0.6667,8.6,18,0,0,0,0
4226139,1980,7585,1977,"HU","",349325,3,4,74,5,59,7,4,0.8571,0.375,0.2778,15.25,10.7143,0,0,0,0
4226632,1980,7585,1978,"HU","",561225,3,10,106,1,12,3,3,0.3333,0,0,14.3333,25.3333,0,0,0,0
4226750,1980,7585,1978,"HU","",388300,3,6,524,1,15,16,1,0.9375,0,0.5867,13,6,0,0,0,0
4226838,1980,7585,1979,"HU","",20515,3,7,423,1,19,4,0,1,,0,,4,0,0,,
4226884,1980,7585,1977,"HU","",102370,3,2,514,3,31,1,2,1,0,0,8,3,0,0,0,0
4227065,1980,7585,1977,"HU","",195480,3,8,219,4,49,4,4,1,0,0,17.25,8,0,0,0,0
4228038,1980,7592,1979,"HU","",576320,3,10,502,1,19,2,4,1,0.5,0,7,9,1,0.5,0.25,0.25
4228160,1980,7592,1979,"HU","",102370,3,13,514,3,31,3,41,0.3333,0.6722,0,9.7805,13.6667,0,0,0.125,0.122
4228164,1980,7592,1978,"HU","",102370,3,10,514,3,31,2,2,1,0.5,0.5,10.5,5,0,0,0,0
4229143,1980,7599,1975,"HU","",401550,3,4,417,5,53,6,13,0,0.6627,,14.8462,78.3333,0,0,0,0
4229350,1980,7599,1979,"HU","",165025,3,3,540,1,14,0,2,,0,,13.5,,,,0,0
4229366,1980,7599,1978,"HU","",102370,3,11,558,1,14,5,1,1,0,0.32,9,5.4,0,0,0,0
4230020,1980,7606,1978,"HU","",,1,5,91,5,53,6,0,1,,0.2778,,10.6667,,,,
4232136,1980,7613,1979,"HU","",388300,3,4,525,1,15,3,5,1,0.56,0.6667,6.8,6.6667,0,0,0.25,0.2
4233121,1980,7620,1979,"HU","",102370,3,15,205,1,19,2,5,1,0.32,0.5,7.4,6.5,0,0,0,0
4233210,1980,7620,1978,"HU","",608015,3,4,530,1,15,4,4,0.5,0.5,0.5,12.75,23,0,0,0,0
4234586,1980,7627,1978,"HU","",102370,3,20,514,3,31,10,7,0.8,0.5714,0.7813,4.5714,12.8,0.5,0.2,0.8571,0.8571
4235803,1980,7634,1979,"HU","",236555,3,1,558,1,14,0,0,,,,,,,,,
4235912,1980,7634,1979,"HU","",475360,3,8,514,3,31,0,1,,0,,3,,,,0,0
4236597,1980,7641,1978,"HU","",193200,3,1,181,6,69,0,11,,0,,10.5455,,,,0,0
4237273,1980,7641,1978,"HU","",475360,3,18,536,1,14,5,3,1,0.4444,0.48,7.3333,2.6,0,0,0,0
4237814,1980,7648,1979,"HU","",,1,1,118,1,12,14,13,0.7857,0.7692,0.7273,11,15.0714,,,,
4238370,1980,7648,1979,"HU","",576320,3,14,502,1,19,2,2,1,0.5,0,10,9,1,0.5,0,0
4238720,1980,7648,1978,"HU","",363400,3,3,318,4,45,3,1,1,0,0,16,4,0,0,0,0
4238790,1980,7648,1978,"HU","",360515,3,5,340,2,21,2,12,1,0.8056,0,13.3333,2,0,0,0,0
4239653,1980,7655,1978,"HU","",102370,3,18,502,1,19,2,5,0.5,0,0,3.8,13.5,0,0,0,0
4240825,1980,7662,1979,"HU","",605470,3,10,75,5,52,2,1,0.5,0,0,6,19,0,0,0,0
4240911,1980,7662,1979,"HU","",401550,3,6,210,1,19,3,1,1,0,0,17,5,0.3333,0.3333,0,0
4241763,1980,7669,1979,"HU","",561480,3,2,138,6,67,2,5,1,0.56,0,13.8,5.5,0,0,0,0
4242526,1980,7669,1978,"HU","",349195,3,1,568,1,14,7,1,0.2857,0,0.5,2,30.4286,0,0,0,0
4242850,1981,7676,1977,"HU","",613165,3,3,52,6,69,11,3,0.5455,0.4444,0.7778,15,23.8182,0,0,0,0
4243104,1981,7676,1978,"HU","",305860,3,3,172,6,64,6,9,0.6667,0.1975,0,6.6667,18.3333,0,0,0,0
4243660,1981,7676,1979,"HU","",165025,3,5,424,3,31,3,1,1,0,0,7,3.6667,0,0,0,0
4243685,1981,7676,1978,"HU","",102370,3,2,426,6,61,4,1,1,0,0,5,6.75,0,0,0,0
4244871,1981,7683,1979,"HU","",475360,3,6,544,1,14,8,0,0.875,,0.6939,,10.75,0,0,,
4244888,1981,7683,1979,"HU","",165025,3,1,564,1,14,3,1,0.6667,0,0.5,2,20.3333,0,0,1,1
4245926,1981,7690,1978,"HU","",349225,3,4,405,6,64,6,2,1,0.5,0.6667,16,10.8333,0,0,0,0
4248888,1981,7704,1979,"HU","",102370,3,7,514,3,31,11,2,0.4545,0.5,0.56,4,17.6364,0,0,1,0.5
4250197,1981,7711,1978,"HU","",608015,3,10,426,6,61,5,5,0.8,0.64,0,5.6,14.4,0,0,0,0
4250310,1981,7711,1978,"HU","",475360,3,1,544,1,14,3,0,1,,0.4444,,4.3333,0.5,0.3333,,
4250774,1981,7718,1979,"HU","",22350,3,5,432,6,66,11,2,0.7273,0.5,0.8125,7,19.7273,0,0,0,0
4250892,1981,7718,1978,"HU","",102370,3,9,600,3,32,11,6,0.9091,0.6667,0.42,16.1667,9.4545,0,0,0,0
4251658,1981,7718,1978,"HU","",475360,3,3,544,1,14,1,6,1,0.2778,0,5.5,13,0,0,0,0
4252555,1981,7725,1979,"HU","",409975,3,3,504,1,11,0,0,,,,,,,,,
4252556,1981,7725,1979,"HU","",409975,3,3,504,1,11,0,0,,,,,,,,,
4252807,1981,7725,1978,"HU","",102370,3,18,514,3,31,8,2,1,0.5,0.4063,7.5,8,0.1429,0.125,1,1
4256481,1981,7746,1979,"HU","",404820,3,27,504,1,11,5,8,1,0.2188,0.32,12.125,4.8,0,0,0,0
4256576,1981,7746,1974,"HU","",349265,3,3,62,6,69,6,4,0.5,0.625,0.6667,16.25,28.8333,0,0,0,0
4257962,1981,7753,1978,"HU","",102370,3,4,549,1,14,9,1,0.8889,0,0.5938,5,6.5556,0,0,0,0
4258010,1981,7753,1977,"HU","",181125,3,2,422,1,19,8,2,0.125,0.5,0,12,42.25,0,0,0,0
4258163,1981,7753,1979,"HU","",71805,3,3,526,1,15,4,7,0.75,0.2449,0.4444,7.1429,13,0,0,0,0
4259257,1981,7760,1979,"HU","",165025,3,1,562,1,14,2,1,0.5,0,0,6,30,0,0,0,0
4259328,1981,7760,1978,"HU","",475360,3,15,514,3,31,2,1,1,0,0,15,8,0,0,0,0
4259344,1981,7760,1979,"HU","",102370,3,12,514,3,31,1,1,1,0,0,1,5,0,0,1,1
4259581,1981,7760,1979,"HU","",364805,3,7,378,4,44,2,3,1,0.6667,0.5,6.3333,13.5,0,0,0,0
4260042,1981,7767,1980,"HU","",349325,3,2,188,5,53,3,1,0.3333,0,0,6,29.3333,0,0,0,0
4260595,1981,7767,1978,"HU","",475360,3,4,514,3,31,0,0,,,,,,,,,
4260612,1981,7767,1978,"HU","",102370,3,8,514,3,31,7,3,0.8571,0.6667,0.2778,10.6667,9.8571,0.3333,0.2857,0.6667,0.6667
4261351,1981,7774,1979,"HU","",409975,3,7,606,3,32,1,11,1,0.6281,0,9.3636,7,0,0,0,0
4265275,1981,7795,1979,"HU","",584275,3,1,138,6,67,11,6,0.4545,0.6111,0.32,5.8333,25.4545,0,0,0.1667,0.1667
4265660,1981,7795,1979,"HU","",,1,3,420,5,52,4,3,0.75,0.6667,0.4444,5.3333,27.25,,,,
4267138,1981,7802,1977,"HU","",475360,3,8,264,5,51,4,10,1,0.48,0.625,8.1,10,0,0,0,0
4272276,1981,7837,1979,"HU","",102370,3,5,504,1,11,5,2,0.6,0.5,0.6667,6.5,16.4,0,0,0,0
4273679,1981,7837,1979,"HU","",102370,3,20,502,1,19,8,0,0.75,,0.6111,,13.25,0,0,,
4274597,1981,7844,1979,"HU","",11710,3,4,239,5,59,2,0,1,,0.5,,5.5,0,0,,
4274985,1981,7844,1979,"HU","",102370,3,14,525,1,15,1,16,1,0.8672,0,12.0625,12,0,0,0.1333,0.125
4275594,1981,7851,1979,"HU","",129400,3,12,73,4,43,4,1,0.5,0,0.5,1,16.75,0,0,0,0
4275804,1981,7851,1978,"HU","",46170,3,7,192,5,53,10,5,0.6,0.56,0.4444,11.2,16.5,0,0,0,0
4276244,1981,7851,1979,"HU","",475360,3,9,261,1,19,10,2,0.9,0.5,0.1975,13,9.9,0.25,0.1,0.5,0.5
4276478,1981,7851,1979,"HU","",364805,3,8,378,4,44,2,4,1,0.75,0.5,11.75,5,0,0,0.25,0.25
4276701,1981,7858,1979,"HU","",475360,3,8,34,1,19,7,11,0.4286,0.7107,0.6667,10.2727,31.1429,0,0,0,0
4276818,1981,7858,1979,"HU","",193200,3,10,454,5,59,4,4,0.5,0.375,0,11.75,28.75,0,0,0,0
4278319,1981,7865,1979,"HU","",349265,3,1,359,5,54,3,1,1,0,0.4444,14,8.3333,0,0,0,0
4278682,1981,7865,1979,"HU","",475360,3,5,514,3,31,4,1,1,0,0,6,4.5,0.5,0.5,0,0
4279647,1981,7872,1979,"HU","",,1,3,420,5,52,3,2,1,0.5,0,8.5,5.6667,,,,
4279816,1981,7872,1975,"HU","",475360,3,2,540,1,14,1,0,1,,0,,13,0,0,,
4279915,1981,7872,1976,"HU","",475360,3,3,514,3,31,0,1,,0,,14,,,,0,0
4279916,1981,7872,1977,"HU","",475360,3,1,514,3,31,0,0,,,,,,,,,
4281170,1981,7879,1979,"HU","",102370,3,10,560,1,14,11,1,0.4545,0,0.56,1,17.6364,0,0,0,0
4281705,1981,7886,1979,"HU","",409970,3,8,164,5,52,3,2,1,0.5,0,11.5,8.3333,0,0,0,0
4282083,1981,7886,1980,"HU","",252270,3,13,204,1,19,3,27,1,0.2689,0,6.037,4.3333,0,0,0,0
4282101,1981,7886,1979,"HU","",475360,3,26,210,1,19,10,3,0.5,0.4444,0.64,4,23.1,0,0,0.3333,0.3333
4283401,1981,7893,1979,"HU","",475360,3,30,514,3,31,2,7,1,0.6531,0.5,4.1429,5,0,0,0.8571,0.8571
4283413,1981,7893,1979,"HU","",102370,3,2,514,3,31,1,0,1,,0,,5,0,0,,
4283598,1981,7893,1979,"HU","",195465,3,10,174,4,41,7,0,0,,,,75.8571,0,0,,
4283955,1981,7900,1979,"HU","",349190,3,3,73,4,43,4,2,1,0,0.625,14,11.5,0,0,0,0
4284436,1981,7900,1979,"HU","",,1,2,420,5,52,7,2,0.8571,0.5,0.7222,8,20,,,,
4284642,1981,7900,1979,"HU","",165025,3,6,514,3,31,0,5,,0.32,,14.2,,,,0,0
4285865,1981,7907,1980,"HU","",475360,3,4,540,1,14,0,1,,0,,0,,,,1,1
4285942,1981,7907,1979,"HU","",165025,3,5,514,3,31,2,2,0.5,0,0,14.5,27.5,1,0.5,0,0
4285950,1981,7907,1980,"HU","",475360,3,7,514,3,31,1,2,1,0.5,0,1.5,8,0,0,1,1
4287194,1981,7914,1979,"HU","",475360,3,13,514,3,31,1,5,1,0,0,12.8,12,0,0,0,0
4287470,1981,7914,1979,"HU","",366815,3,3,324,4,43,3,1,0.6667,0,0,14,14.3333,0,0,0,0
4287757,1981,7921,1980,"HU","",349265,3,3,73,4,43,5,4,0.4,0.375,0,8.25,21.2,0,0,0,0
4288432,1981,7921,1980,"HU","",475360,3,6,514,3,31,0,0,,,,,,,,,
4289894,1981,7928,1979,"HU","",102370,3,3,560,1,14,0,0,,,,,,,,,
4290285,1981,7935,1978,"HU","",171785,3,9,70,6,65,4,2,0.75,0.5,0,12.5,20,0,0,0,0
4290622,1981,7935,1978,"HU","",349325,3,4,280,5,55,7,9,0.8571,0.6667,0.4444,10.6667,13.4286,0,0,0,0
4290894,1981,7935,1980,"HU","",165005,3,8,210,1,19,10,10,0.9,0.46,0.1975,7.8,10.2,0,0,0,0
4291036,1981,7935,1980,"HU","",102370,3,4,514,3,31,4,1,1,0,0.375,12,5.25,0.5,0.5,1,1
4292996,1981,7949,1979,"HU","",418625,3,3,137,6,69,10,9,0.6,0.1975,0,11.1111,18.3,0,0,0,0
4294611,1981,7956,1979,"HU","",605470,3,2,75,5,52,7,2,1,0.5,0.2449,7.5,7.5714,0,0,0,0
4294613,1981,7956,1979,"HU","",,1,4,420,5,52,13,1,0.7692,0,0.18,11,10.3846,,,,
4294825,1981,7956,1979,"HU","",475360,3,5,514,3,31,0,4,,0.625,,7.5,,,,0.75,0.75
4294927,1981,7956,1979,"HU","",236555,3,9,435,3,33,0,1,,0,,10,,,,0,0
4296072,1981,7963,1980,"HU","",475360,3,10,422,1,19,11,6,0.6364,0.7778,0.7347,9.6667,26.3636,0,0,0,0
4297892,1981,7977,1979,"HU","",349190,3,2,73,4,43,2,0,0.5,,0,,16.5,0,0,,
4298525,1981,7977,1979,"HU","",475360,3,1,540,1,14,6,5,1,0.48,0.4444,4.4,11.3333,1,0.3333,0.8,0.8
4299621,1981,7984,1979,"HU","",,1,3,420,5,52,8,6,1,0.6111,0.2188,11.6667,6.625,,,,
4299821,1981,7984,1980,"HU","",475360,3,5,514,3,31,1,2,1,0.5,0,8.5,5,0,0,0,0
4299836,1981,7984,1980,"HU","",475360,3,5,514,3,31,0,2,,0,,8,,,,0,0
4299972,1981,7984,1980,"HU","",102370,3,12,560,1,14,3,1,1,0,0.4444,6,3.6667,0.3333,0.3333,0,0
4299992,1981,7984,1980,"HU","",466985,3,4,568,1,14,1,2,1,0,0,8,13,0,0,0,0
4300050,1981,7984,1980,"HU","",183610,3,12,250,4,44,3,5,0.3333,0,0,11.2,21,0,0,0,0
4300488,1981,7991,1979,"HU","",46170,3,11,123,5,53,6,21,0.6667,0.1723,0.5,7,10.1667,0.5,0.3333,0,0
4303660,1981,8005,1980,"HU","",165025,3,16,514,3,31,5,2,1,0.5,0.48,6,6.4,0,0,0,0
4303740,1981,8005,1979,"HU","",349305,3,14,204,1,19,5,2,1,0.5,0.56,12,10.4,0,0,0,0
4304118,1981,8012,1979,"HU","",349265,3,17,374,4,43,6,2,0.8333,0.5,0.32,10,14.6667,0,0,0,0
4304717,1981,8012,1979,"HU","",102370,3,7,540,1,14,1,1,1,0,0,4,2,1,1,0,0
4304930,1981,8012,1979,"HU","",102370,3,6,562,1,14,1,1,1,0,0,13,7,0,0,0,0
4304938,1981,8012,1979,"HU","",102370,3,4,564,1,14,1,0,1,,0,,7,0,0,,
4305953,1981,8019,1980,"HU","",102370,3,4,514,3,31,0,3,,0,,5.3333,,,,0,0
4306796,1981,8026,1980,"HU","",364805,3,3,396,5,54,4,0,0,,,,64.5,0,0,,
4307519,1981,8033,1979,"HU","",173785,3,30,34,1,19,8,3,0.875,0.4444,0.4082,12,9.5,0.25,0.125,0,0
4308270,1981,8033,1980,"HU","",102370,3,19,514,3,31,1,0,1,,0,,2,0,0,,
4308278,1981,8033,1979,"HU","",236555,3,2,514,3,31,2,15,1,0.4356,0,14.8667,8,0,0,0,0
4308386,1981,8033,1979,"HU","",475360,3,9,544,1,14,6,0,1,,0,,8.5,0,0,,
4308399,1981,8033,1979,"HU","",102370,3,10,564,1,14,2,5,1,0.32,0.5,12,6,0,0,0,0
4309748,1982,8040,1979,"HU","",63070,3,5,363,4,45,5,4,1,0.75,0.56,13.25,10.8,0,0,0,0
4310348,1982,8047,1980,"HU","",165025,3,1,504,1,11,3,4,1,0.625,0.4444,3.5,6.6667,0,0,0,0
4310528,1982,8047,1980,"HU","",475360,3,7,514,3,31,4,4,1,0.5,0,2.25,6.75,0.6667,0.5,0.5,0.5
4310549,1982,8047,1979,"HU","",,1,1,514,3,31,1,0,1,,0,,4,,,,
4314939,1982,8075,1980,"HU","",475360,3,27,540,1,14,0,2,,0,,2,,,,1,1
4315011,1982,8075,1979,"HU","",475360,3,3,514,3,31,7,3,1,0.4444,0.6122,2,7.8571,0.2857,0.2857,1,1
4315861,1982,8082,1981,"HU","",102365,3,6,549,1,14,6,1,0.6667,0,0.75,9,13.3333,0,0,0,0
4315915,1982,8082,1980,"HU","",151195,3,2,424,3,31,6,0,0.6667,,0.375,,14.6667,0,0,,
4315923,1982,8082,1980,"HU","",475360,3,4,514,3,31,4,3,0.5,0.4444,0.5,6.3333,15.5,0,0,0,0
4316022,1982,8082,1980,"HU","",165025,3,3,544,1,14,2,1,1,0,0,9,5.5,0,0,0,0
4316450,1982,8089,1980,"HU","",311310,3,2,126,6,66,7,1,1,0,0.449,6,5,0,0,0,0
4316889,1982,8089,1979,"HU","",475360,3,4,514,3,31,0,31,,0.3226,,14,,,,0.0323,0.0323
4317920,1982,8096,1979,"HU","",102370,3,3,562,1,14,0,0,,,,,,,,,
4320127,1982,8110,1980,"HU","",164185,3,5,514,3,31,1,0,1,,0,,12,0,0,,
4321377,1982,8117,1979,"HU","",102370,3,4,544,1,14,8,0,1,,0.4688,,4.875,0.375,0.375,,
4321790,1982,8124,1979,"HU","",173785,3,3,60,4,45,4,1,1,0,0.375,7,14.5,0,0,0,0
4322346,1982,8124,1980,"HU","",,1,3,540,1,14,1,7,1,0.2449,0,9.2857,9,,,,
4323108,1982,8131,1980,"HU","",425070,3,7,164,5,52,2,1,1,0,0.5,7,9,0,0,0,0
4323469,1982,8131,1980,"HU","",102370,3,3,252,1,19,6,0,0.6667,,0.75,,13.3333,0.25,0.1667,,
4324509,1982,8138,1980,"HU","",320775,3,6,405,6,64,1,1,1,0,0,2,8,0,0,0,0
4324743,1982,8138,1977,"HU","",102370,3,3,562,1,14,7,3,1,0.4444,0.6939,7.6667,9,0,0,0,0
4324786,1982,8138,1980,"HU","",165025,3,5,514,3,31,2,0,1,,0,,18.5,0,0,,
4324894,1982,8138,1980,"HU","",165025,3,4,544,1,14,4,0,0.75,,0.6667,,12,0,0,,
4324903,1982,8138,1976,"HU","",102370,3,5,560,1,14,2,0,0.5,,0,,21.5,0,0,,
4325541,1982,8145,1980,"HU","",46170,3,6,267,5,59,2,15,1,0.1244,0,9.3333,13.5,0,0,0,0
4328221,1982,8159,1980,"HU","",475360,3,13,514,3,31,1,1,1,0,0,5,3,1,1,0,0
4328231,1982,8159,1980,"HU","",475360,3,4,514,3,31,1,7,1,0.449,0,5.4286,5,1,1,0.5714,0.5714
4328704,1982,8166,1980,"HU","",421590,3,2,73,4,43,6,0,0.8333,,0.72,,13.1667,0,0,,
4329338,1982,8166,1980,"HU","",192930,3,11,514,3,31,4,4,1,0.75,0.75,12.25,4.25,0,0,0,0
4329341,1982,8166,1980,"HU","",475360,3,10,514,3,31,2,0,1,,0.5,,10.5,1,0.5,,
4329350,1982,8166,1979,"HU","",475360,3,8,514,3,31,1,0,1,,0,,5,1,1,,
4329457,1982,8166,1980,"HU","",475360,3,2,544,1,14,3,0,0.6667,,0,,14,0,0,,
4329614,1982,8166,1980,"HU","",165020,3,12,313,4,42,1,2,0,0.5,,6,20,0,0,0.5,0.5
4330532,1982,8173,1981,"HU","",475360,3,5,514,3,31,6,1,1,0,0.4444,10,4.8333,0.3333,0.3333,0,0
4330553,1982,8173,1980,"HU","",102370,3,29,514,3,31,0,4,,0,,5.25,,,,0.5,0.5
4330817,1982,8173,1979,"HU","",177580,3,21,363,4,45,9,11,1,0.7107,0.4938,8.6364,8.8889,0,0,0,0
4331384,1982,8180,1979,"HU","",388000,3,7,359,5,54,4,9,0.75,0.3704,0.4444,8.1111,13.25,0.5,0.25,0,0
4332664,1982,8187,1980,"HU","",129395,3,8,204,1,19,5,2,1,0.5,0.56,14.5,7.6,0,0,0,0
4332725,1982,8187,1980,"HU","",165025,3,6,548,1,14,6,9,1,0.3704,0.6111,5.2222,1.8333,0,0,0,0
4332818,1982,8187,1981,"HU","",165025,3,7,514,3,31,2,0,0.5,,0,,19,0,0,,
4333266,1982,8194,1980,"HU","",,1,6,47,6,61,6,0,0.6667,,0.375,,16,,,,
4333837,1982,8194,1980,"HU","",605320,3,10,210,1,19,3,33,0.6667,0.4444,0,11.1515,31.6667,0,0,0,0
4334103,1982,8194,1980,"HU","",102370,3,11,568,1,14,5,0,1,,0.32,,7.4,0,0,,
4334218,1982,8194,1980,"HU","",,1,6,340,2,21,4,1,1,0,0.625,1,7,,,,
4334910,1982,8201,1976,"HU","",475360,3,14,504,1,11,4,8,0.75,0.5938,0,12.375,19.25,0,0,0,0
4335082,1982,8201,1980,"HU","",349190,3,5,423,1,19,5,5,0.6,0,0,8.4,19.4,0,0,0,0
4335097,1982,8201,1981,"HU","",102370,3,9,424,3,31,1,6,1,0.5,0,6.6667,6,0,0,0,0
4335618,1982,8208,1980,"HU","",349265,3,7,73,4,43,4,6,1,0.2778,0.375,7.6667,10,0,0,0,0
4336300,1982,8208,1980,"HU","",62630,3,11,428,6,69,3,3,1,0.4444,0.4444,18.3333,6,0,0,0,0
4336799,1982,8215,1980,"HU","",52850,3,11,128,3,32,5,6,0.8,0.2778,0,11.3333,11.8,0,0,0,0
4337266,1982,8215,1980,"HU","",,1,2,514,3,31,0,0,,,,,,,,,
4339440,1982,8229,1981,"HU","",475360,3,4,514,3,31,1,0,1,,0,,3,0,0,,
4340254,1982,8236,1980,"HU","",561225,3,11,299,6,64,3,3,0.6667,0.4444,0.5,2.6667,24,0,0,0.6667,0.6667
4340488,1982,8236,1981,"HU","",613170,3,2,210,1,19,5,7,0.8,0,0.375,10,12.2,0,0,0,0
4342754,1982,8250,1981,"HU","",475360,3,16,514,3,31,2,1,1,0,0,6,2,0.5,0.5,0,0
4342755,1982,8250,1980,"HU","",475360,3,4,514,3,31,0,0,,,,,,,,,
4342762,1982,8250,1980,"HU","",165025,3,8,514,3,31,2,14,1,0.1327,0,12.8571,2.5,0,0,0,0
4342766,1982,8250,1981,"HU","",165025,3,13,514,3,31,4,0,1,,0,,7.5,0.75,0.75,,
4342871,1982,8250,1976,"HU","",102370,3,1,546,1,14,3,0,0.6667,,0.5,,10,0.5,0.3333,,
4342937,1982,8250,1980,"HU","",165020,3,5,313,4,42,3,3,1,0,0,8.3333,10,0,0,0,0
4343738,1982,8257,1980,"HU","",475360,3,5,540,1,14,0,0,,,,,,,,,
4344495,1982,8264,1980,"HU","",605470,3,17,177,6,69,3,5,1,0,0,5,5,0,0,0,0
4344640,1982,8264,1980,"HU","",46170,3,7,280,5,55,1,8,1,0.2188,0,6,4,0,0,0.2,0.125
4344950,1982,8264,1980,"HU","",475360,3,8,514,3,31,3,1,0.6667,0,0,13,19,0,0,0,0
4344959,1982,8264,1981,"HU","",165025,3,11,514,3,31,3,1,1,0,0,9,8,0,0,0,0
4345082,1982,8264,1980,"HU","",475360,3,8,546,1,14,4,2,1,0.5,0.5,6,4.75,0.75,0.75,1,1
4345720,1982,8271,1979,"HU","",475360,3,7,241,5,51,2,3,0,0.4444,,3.6667,23,0,0,0,0
4346001,1982,8271,1981,"HU","",325980,3,1,210,1,19,3,5,1,0.32,0.4444,5.4,10.6667,0,0,0.25,0.2
4346078,1982,8271,1981,"HU","",475360,3,8,514,3,31,0,36,,0.2546,,13.8056,,,,0,0
4347377,1982,8278,1980,"HU","",102370,3,8,560,1,14,1,0,1,,0,,5,0,0,,
4347841,1982,8285,1981,"HU","",260680,3,40,602,3,32,2,10,0,0.84,,9.7,28,0,0,0,0
4348703,1982,8285,1980,"HU","",79820,3,4,360,2,24,6,4,1,0,0,7.25,10,0,0,0,0
4350048,1982,8299,1979,"HU","",605470,3,6,73,4,43,13,2,0.8462,0,0.314,3.5,10.8462,0,0,0,0
4352342,1982,8313,1979,"HU","",46170,3,3,123,5,53,5,9,0.6,0,0.4444,9.8889,17,0,0,0,0
4352378,1982,8313,1980,"HU","",584275,3,11,138,6,67,5,18,0.6,0.7901,0.4444,11.3333,12.4,0.5,0.2,0,0
4352660,1982,8313,1981,"HU","",349190,3,13,432,6,66,6,2,0.8333,0,0.72,6.5,7.8333,0,0,0,0
4353211,1982,8320,1979,"HU","",46170,3,5,60,4,45,4,10,0.75,0.18,0.4444,9.1,13,0.5,0.25,0,0
4353292,1982,8320,1980,"HU","",52850,3,11,454,5,59,3,3,0.3333,0.4444,0,11.6667,24.6667,0,0,0,0
4353693,1982,8320,1980,"HU","",,1,4,433,3,39,9,10,0.8889,0.54,0.5,9.7,5.6667,,,,
4353734,1982,8320,1978,"HU","",102370,3,8,504,1,11,1,1,1,0,0,19,7,0,0,0,0
4353753,1982,8320,1980,"HU","",349190,3,4,134,6,69,2,0,0.5,,0,,36,0,0,,
4354913,1982,8327,1980,"HU","",462260,3,2,204,1,19,7,2,1,0.5,0.4898,9,5.8571,0,0,0,0
4355178,1982,8327,1980,"HU","",102370,3,3,564,1,14,8,1,1,0,0.7813,8,12.625,0,0,0,0
4355276,1982,8327,1979,"HU","",364805,3,25,322,4,45,7,7,0.7143,0.7755,0.64,10.8571,20,0,0,0,0
4355840,1982,8334,1979,"HU","",266545,3,8,296,5,55,4,0,1,,0.625,,9,0,0,,
4355989,1982,8334,1980,"HU","",227135,3,2,474,5,53,9,0,0.2222,,0.5,,57.4444,0,0,,
4356305,1982,8334,1980,"HU","",475360,3,1,546,1,14,8,3,1,0.4444,0.4063,7.6667,2.75,0.375,0.375,0,0
4356306,1982,8334,1980,"HU","",358185,3,5,546,1,14,2,2,0.5,0,0,10.5,12.5,0,0,0,0
4356734,1982,8341,1979,"HU","",134165,3,6,73,4,43,4,3,1,0.4444,0.5,9,10.25,0,0,0,0
4357306,1982,8341,1980,"HU","",475360,3,5,422,1,19,7,0,0.7143,,0.72,,12.7143,0,0,,
4357468,1982,8341,1981,"HU","",102370,3,15,536,1,14,3,26,1,0.8728,0.6667,13.3846,9.3333,0.3333,0.3333,0.0417,0.0385
4358374,1982,8348,1979,"HU","",378325,3,2,210,1,19,4,0,1,,0.375,,6.75,0,0,,
4358855,1982,8348,1980,"HU","",364805,3,4,378,4,44,2,2,1,0,0,9.5,4,0.5,0.5,0,0
4359048,1982,8355,1979,"HU","",52850,3,6,128,3,32,8,3,0.75,0.4444,0.6111,7,12.375,0,0,0,0
4359725,1982,8355,1980,"HU","",169725,3,14,340,2,21,8,7,1,0.5714,0.6875,12.1429,7.625,0,0,0,0
4361414,1982,8369,1980,"HU","",52855,3,4,415,5,53,4,5,0.5,0.72,0.5,9.2,16.5,0,0,0,0
4361500,1982,8369,1981,"HU","",349255,3,10,502,1,19,4,3,0.5,0.4444,0.5,8,15.75,0,0,0,0
4362129,1982,8376,1979,"HU","",173785,3,6,122,6,66,3,3,0,0.6667,,12.3333,53.6667,0,0,0,0
4362606,1982,8376,1980,"HU","",349190,3,1,205,1,19,0,1,,0,,2,,,,0,0
4363452,1982,8383,1981,"HU","",100400,3,3,241,5,51,4,0,0.5,,0,,16,0,0,,
4363876,1982,8383,1980,"HU","",102370,3,2,435,3,33,2,2,1,0.5,0,11,7,0,0,0,0
4363910,1982,8383,1980,"HU","",102370,3,3,546,1,14,3,2,0.6667,0.5,0,9.5,20.3333,0,0,0,0
4364931,1982,8390,1980,"HU","",165025,3,6,424,3,31,0,5,,0.8,,7,,,,0,0
4364958,1982,8390,1980,"HU","",102370,3,23,514,3,31,2,1,1,0,0,7,10,0,0,0,0
4365020,1982,8390,1980,"HU","",102370,3,10,435,3,33,2,0,1,,0,,7,0,0,,
4365061,1982,8390,1981,"HU","",102370,3,13,536,1,14,5,16,1,0.8359,0.72,10.6875,2.6,0.4,0.4,0,0
4365064,1982,8390,1980,"HU","",102370,3,3,546,1,14,3,0,1,,0.4444,,4.3333,0.3333,0.3333,,
4365685,1982,8397,1980,"HU","",46170,3,10,180,5,55,2,7,1,0.4082,0,8.7143,5.5,0,0,0,0
4365757,1982,8397,1981,"HU","",11710,3,3,239,5,59,5,0,0.4,,0.5,,34.8,0,0,,
4366095,1982,8397,1980,"HU","",179415,3,13,588,1,19,2,5,0.5,0.56,0,3.4,35.5,0,0,0,0
4366106,1982,8397,1981,"HU","",261890,3,8,261,1,19,9,2,0.2222,0,0.5,13,42.1111,0,0,0,0
4366129,1982,8397,1981,"HU","",561225,3,5,423,1,19,4,4,0.5,0.375,0,4.5,31.25,0,0,0.25,0.25
4366655,1983,8404,1977,"HU","",52905,3,3,52,6,69,3,3,0.3333,0.4444,0,10.6667,40,0,0,0,0
4366719,1983,8404,1980,"HU","",320805,3,6,73,4,43,4,2,0.5,0,0,12.5,27.75,0,0,0,0
4366966,1983,8404,1980,"HU","",46170,3,5,280,5,55,3,6,1,0.2778,0,6.8333,3.3333,0,0,0,0
4367141,1983,8404,1980,"HU","",,1,8,210,1,19,15,5,0.8,0,0,11.8,14.6667,,,,
4367204,1983,8404,1981,"HU","",79815,3,2,423,1,19,4,3,0.75,0,0,9,17.25,0,0,0,0
4367229,1983,8404,1980,"HU","",102370,3,2,514,3,31,4,2,1,0.5,0.375,7,6.75,1,1,0.5,0.5
4367449,1983,8404,1980,"HU","",,1,26,335,4,41,4,1,0.25,0,0,2,43.25,,,,
4367595,1983,8411,1980,"HU","",173785,3,45,34,1,19,12,0,0.75,,0.5679,,18.9167,0.25,0.0833,,
4368160,1983,8411,1982,"HU","",475360,3,13,552,1,14,1,1,1,0,0,3,6,0,0,0,0
4368221,1983,8411,1981,"HU","",50505,3,9,427,1,12,5,2,0.6,0.5,0.4444,11.5,16,0,0,0,0
4368273,1983,8411,1980,"HU","",100765,3,7,501,1,19,1,2,1,0,0,13,8,0,0,0,0
4368328,1983,8411,1980,"HU","",102370,3,6,548,1,14,3,1,0.6667,0,0,14,13,0.5,0.3333,0,0
4368333,1983,8411,1981,"HU","",561225,3,5,562,1,14,0,0,,,,,,,,,
4368723,1983,8418,1981,"HU","",,1,6,126,6,66,2,1,0,0,,10,29,,,,
4369251,1983,8418,1980,"HU","",102370,3,11,435,3,33,2,0,1,,0,,8,0,0,,
4369252,1983,8418,1981,"HU","",475360,3,4,435,3,33,1,1,1,0,0,1,8,0,0,0,0
4369325,1983,8418,1981,"HU","",165025,3,4,548,1,14,0,6,,0.5,,11.1667,,,,0,0
4370198,1983,8425,1980,"HU","",388035,3,12,159,1,19,3,7,0.6667,0.6939,0.5,8.7143,24.6667,0,0,0,0
4371114,1983,8432,1980,"HU","",100765,3,5,239,5,59,0,3,,0,,9.5,,,,0,0
4371534,1983,8432,1981,"HU","",475360,3,5,514,3,31,1,1,1,0,0,4,12,0,0,1,1
4371622,1983,8432,1980,"HU","",102370,3,2,435,3,33,2,1,1,0,0,8,8,0,0,0,0
4371964,1983,8432,1980,"HU","",349295,3,7,372,4,42,0,4,,0.75,,14.25,,,,0,0
4372172,1983,8439,1980,"HU","",320775,3,2,73,4,43,1,9,0,0.7654,,11,22,0,0,0,0
4372854,1983,8439,1981,"HU","",409955,3,3,210,1,19,11,18,1,0.1049,0,6.5556,8.5455,0,0,0,0
4372973,1983,8439,1981,"HU","",236555,3,7,514,3,31,1,0,1,,0,,3,0,0,,
4373100,1983,8439,1981,"HU","",165025,3,11,426,6,61,1,1,1,0,0,3,2,0,0,0,0
4373101,1983,8439,1981,"HU","",165025,3,8,426,6,61,4,0,1,,0.625,,6.25,0,0,,
4373104,1983,8439,1980,"HU","",102370,3,28,546,1,14,4,5,1,0.32,0,8.8,14.75,0,0,0,0
4374692,1983,8453,1981,"HU","",287880,3,5,156,1,19,2,4,0.5,0.5,0,7.25,34.5,0,0,0,0
4375399,1983,8460,1980,"HU","",462260,3,5,204,1,19,7,6,1,0.4444,0.5714,11.8333,7.2857,0,0,0,0
4376129,1983,8467,1980,"HU","",102370,3,8,426,6,61,4,3,1,0.4444,0.375,7.3333,6.75,0,0,0,0
4376905,1983,8474,1981,"HU","",165020,3,8,313,4,42,2,7,1,0.2449,0,8,4.5,0,0,0.1429,0.1429
4378116,1983,8488,1981,"HU","",446155,3,7,273,6,62,0,4,,0.375,,5,,,,0,0
4378117,1983,8488,1981,"HU","",446155,3,4,273,6,62,0,6,,0.2778,,3.3333,,,,0,0
4378694,1983,8495,1980,"HU","",320805,3,17,73,4,43,3,1,0.3333,0,0,15,44.6667,0,0,0,0
4379164,1983,8495,1981,"HU","",102370,3,8,514,3,31,1,0,1,,0,,5,0,0,,
4380248,1983,8509,1980,"HU","",214245,3,2,137,6,69,10,7,0.9,0.5714,0.7901,14.5714,10.7,0,0,0,0
4380626,1983,8509,1980,"HU","",102370,3,10,536,1,14,7,15,1,0.8444,0.7347,10.2667,7.8571,0.1429,0.1429,0,0
4382096,1983,8523,1981,"HU","",318205,3,6,426,6,61,6,0,0.3333,,0,,52.3333,0,0,,
4382601,1983,8530,1981,"HU","",319430,3,4,273,6,62,4,0,0.5,,0.5,,38,0,0,,
4382961,1983,8530,1981,"HU","",,1,3,424,3,31,0,2,,0.5,,5.5,,,,,
4384991,1983,8544,1981,"HU","",475360,3,11,530,1,15,1,2,1,0.5,0,9.5,2,0,0,0,0
4385004,1983,8544,1981,"HU","",102370,3,4,558,1,14,1,0,0,,,,83,0,0,,
4385714,1983,8551,1980,"HU","",,1,3,222,1,19,5,7,0.8,0.6939,0.625,10.2857,14.6,,,,
4386073,1983,8551,1980,"HU","",430530,3,11,514,3,31,2,5,1,0.32,0.5,6.6,6,0,0,0,0
4386657,1983,8558,1980,"HU","",320775,3,9,166,6,64,10,2,0.9,0,0.1975,4.5,11.2,0,0,0,0
4386878,1983,8558,1981,"HU","",320775,3,6,405,6,64,7,2,1,0,0.2449,5.5,6.4286,0,0,0,0
4388304,1983,8565,1981,"HU","",475360,3,5,514,3,31,3,38,1,0.4612,0.4444,13.7895,7.3333,0,0,0.0263,0.0263
4388806,1983,8572,1980,"HU","",46165,3,2,60,4,45,9,3,1,0,0.3457,3.3333,6.8889,0,0,0,0
4390625,1983,8579,1981,"HU","",475360,3,3,435,3,33,3,0,0.6667,,0,,17.6667,0,0,,
4391445,1983,8586,1981,"HU","",,1,4,273,6,62,1,2,0,0,,10.5,40,,,,
4391821,1983,8586,1981,"HU","",102370,3,29,514,3,31,2,9,0.5,0.4444,0,4.8889,15,0,0,0,0
4391839,1983,8586,1981,"HU","",388050,3,5,426,6,61,4,2,1,0.5,0,8.5,4.5,0,0,0,0
4392304,1983,8593,1981,"HU","",35125,3,4,30,6,65,5,2,0,0.5,,2.5,74.6,0,0,0,0
4392323,1983,8593,1981,"HU","",446155,3,4,446,6,62,10,5,0.8,0.72,0.4063,5.6,20.1,0,0,0,0
4393008,1983,8593,1981,"HU","",102370,3,7,558,1,14,1,1,1,0,0,11,9,0,0,0,0
4395413,1983,8607,1980,"HU","",165025,3,7,514,3,31,2,5,0.5,0,0,8.2,29.5,1,0.5,0,0
4395549,1983,8607,1981,"HU","",102370,3,9,544,1,14,3,1,1,0,0.6667,0,8.3333,1,0.6667,1,1
4395568,1983,8607,1980,"HU","",102370,3,2,560,1,14,4,1,0.5,0,0.5,13,17.5,0,0,0,0
4396630,1983,8614,1980,"HU","",260680,3,5,514,3,31,1,15,1,0.3378,0,9.3333,17,0,0,0,0
4396877,1983,8614,1981,"HU","",,5,6,318,4,45,2,1,1,0,0,12,7.5,,,,
4397619,1983,8621,1980,"HU","",421590,3,1,418,5,53,4,12,0.75,0.4028,0.4444,9.8333,19.75,0,0,0,0
4397892,1983,8621,1982,"HU","",71720,3,10,427,1,12,6,2,1,0.5,0.7222,10.5,5.5,0,0,0,0
4399065,1983,8628,1982,"HU","",430530,3,2,530,1,15,2,32,1,0.375,0.5,11.6563,5,0,0,0,0
4399069,1983,8628,1981,"HU","",475360,3,25,540,1,14,2,0,1,,0.5,,6,0.5,0.5,,
4399306,1983,8628,1979,"HU","",404820,3,9,564,1,14,13,4,0.9231,0,0.625,11.25,10.3077,0,0,0,0
4400035,1983,8635,1981,"HU","",561225,3,8,299,6,64,5,0,0.8,,0,,9.2,0.25,0.2,,
4400514,1983,8635,1980,"HU","",475360,3,8,546,1,14,3,2,0.6667,0.5,0,10.5,9.6667,1,0.6667,0.5,0.5
4401015,1983,8642,1981,"HU","",336485,3,4,99,6,61,4,2,0,0,,9.5,63,0,0,0,0
4401040,1983,8642,1981,"HU","",613755,2,7,110,6,66,13,4,1,0.625,0.7219,5.25,10.3077,0,0,0,0
4402336,1983,8649,1981,"HU","",135155,3,3,137,6,69,4,4,0.75,0,0.4444,3.5,13.25,0,0,0.5,0.5
4402522,1983,8649,1981,"HU","",46170,3,6,280,5,55,0,3,,0,,12.3333,,,,0,0
4403776,1983,8656,1981,"HU","",,5,5,273,6,62,6,1,0.6667,0,0.375,11,27.8333,,,,
4403803,1983,8656,1981,"HU","",266545,3,15,296,5,55,6,5,1,0.56,0.7778,10.4,11.8333,0,0,0,0
4404189,1983,8656,1981,"HU","",102370,3,2,424,3,31,2,3,1,0.6667,0.5,7.3333,7.5,0.5,0.5,1,1
4404204,1983,8656,1981,"HU","",430530,3,6,514,3,31,1,0,1,,0,,2,0,0,,
4404205,1983,8656,1980,"HU","",102370,3,5,514,3,31,4,0,0.75,,0.4444,,13.5,1,0.75,,
4405353,1983,8663,1980,"HU","",102370,3,6,504,1,11,7,1,0.7143,0,0.64,8,14,0,0,1,1
4405571,1983,8663,1982,"HU","",388030,3,7,423,1,19,2,0,1,,0,,4.5,0,0,,
4406787,1983,8670,1982,"HU","",641995,3,4,210,1,19,18,3,0.7778,0,0.2449,8,19.1111,0,0,0,0
4406795,1983,8670,1981,"HU","",475360,3,7,210,1,19,5,4,1,0.375,0.56,6,10.6,0,0,0,0
4406835,1983,8670,1981,"HU","",475360,3,2,540,1,14,0,0,,,,,,,,,
4406934,1983,8670,1981,"HU","",416855,3,8,200,4,41,6,5,0.3333,0.72,0.5,6.6,23.8333,0,0,0,0
4409008,1983,8684,1981,"HU","",350475,3,2,96,1,13,8,1,0.375,0,0.4444,13,32,0,0,0,0
4409219,1983,8684,1981,"HU","",165025,3,8,514,3,31,2,0,1,,0,,4,0,0,,
4410037,1983,8691,1981,"HU","",317730,3,2,165,6,66,18,0,0.6667,,0.6667,,16.5,0,0,,
4410179,1983,8691,1981,"HU","",319430,3,4,273,6,62,0,2,,0,,13.5,,,,0,0
4410459,1983,8691,1981,"HU","",475360,3,6,540,1,14,4,2,1,0,0.375,5,3,0.5,0.5,1,1
4410613,1983,8691,1981,"HU","",415190,3,6,430,1,19,4,1,1,0,0.625,1,5,0,0,0,0
4410697,1983,8691,1981,"HU","",466985,3,5,544,1,14,1,12,1,0.4861,0,7.4167,12,0,0,0,0
4416435,1983,8726,1982,"HU","",266545,3,1,244,5,55,11,0,0.7273,,0.75,,17.8182,0,0,,
4416566,1983,8726,1982,"HU","",561225,3,9,405,6,64,6,0,1,,0.5,,10.8333,0,0,,
4417812,1983,8733,1981,"HU","",364805,3,3,356,4,43,2,2,1,0.5,0,7,8.5,0,0,0,0
4418060,1983,8733,1979,"HU","",364950,3,9,514,3,31,0,0,,,,,,,,,
4418205,1983,8733,1981,"HU","",430530,3,11,560,1,14,0,0,,,,,,,,,
4418313,1983,8733,1981,"HU","",364805,3,4,324,4,43,7,1,1,0,0.2449,12,8.2857,0,0,0,0
4418715,1983,8740,1981,"HU","",320775,3,4,137,6,69,4,2,0.5,0.5,0,6,14,0,0,0,0
4419214,1983,8740,1981,"HU","",421590,3,9,208,1,19,5,4,1,0.375,0.56,8.75,7.6,0,0,0,0
4419355,1983,8740,1981,"HU","",165025,3,10,514,3,31,1,4,1,0.5,0,4,5,0,0,0.5,0.5
4419359,1983,8740,1982,"HU","",475360,3,10,514,3,31,3,2,1,0.5,0.4444,3.5,4,1,1,1,1
4419522,1983,8740,1981,"HU","",102370,3,11,549,1,14,0,2,,0.5,,9,,,,0.5,0.5
4419524,1983,8740,1982,"HU","",102370,3,10,562,1,14,4,2,1,0,0.625,8,4.25,0,0,0,0
4419676,1983,8740,1981,"HU","",349295,3,12,347,2,23,3,5,1,0.72,0.4444,6.8,6,0,0,0,0
4420950,1983,8754,1982,"HU","",173785,3,4,62,6,69,4,3,0.75,0.4444,0.6667,6.6667,9.75,0,0,0,0
4421803,1983,8754,1979,"HU","",165020,3,7,220,6,68,1,6,1,0.6111,0,14.6667,16,0,0,0,0
4423044,1983,8761,1982,"HU","",165025,3,9,514,3,31,2,4,1,0,0,5,5.5,0,0,0,0
4424223,1984,8768,1982,"HU","",475360,3,6,514,3,31,4,2,1,0,0.375,3.5,4.5,0.75,0.75,1,1
4424224,1984,8768,1982,"HU","",475360,3,6,514,3,31,2,1,1,0,0.5,3,4.5,1,1,1,1
4424351,1984,8768,1980,"HU","",165025,3,8,514,3,31,1,0,1,,0,,13,0,0,,
