3611668,1971,4302,1970,"HU","",421590,3,,53,6,68,,0,,,,,,,,,
3612213,1971,4302,1970,"HU","",364805,3,,181,6,69,,3,,0.4444,,20.6667,,,,0,0
3612489,1971,4302,1969,"HU","",613175,3,,366,1,19,,1,,0,,8,,,,0,0
3614282,1971,4309,1969,"HU","",401550,3,,431,6,66,,4,,0,,10.25,,,,0,0
3616045,1971,4316,1969,"HU","",561225,3,,156,1,19,,13,,0.7337,,14.8462,,,,0,0
3619663,1971,4330,1970,"HU","",367705,3,,327,4,41,,1,,0,,20,,,,0,0
3620279,1971,4337,1969,"HU","",421585,3,,152,5,55,,5,,0,,15.8,,,,0,0
3621061,1971,4337,1969,"HU","",165015,3,,564,1,14,,0,,,,,,,,,
3624088,1971,4351,1969,"HU","",165015,3,,546,1,14,,1,,0,,4,,,,0,0
3629334,1971,4372,1968,"HU","",165015,3,,564,1,14,,0,,,,,,,,,
3637396,1972,4407,1969,"HU","",,1,,426,6,61,,10,,0.76,,8.1,,,,,
3637853,1972,4407,1967,"HU","",165015,3,,562,1,14,,0,,,,,,,,,
3639415,1972,4414,1966,"HU","",102370,3,,548,1,14,,0,,,,,,,,,
3641016,1972,4421,1969,"HU","",165015,3,,544,1,14,,0,,,,,,,,,
3641039,1972,4421,1969,"HU","",165015,3,,546,1,14,,1,,0,,19,,,,0,0
3642186,1972,4428,1970,"HU","",221370,3,,226,5,51,,1,,0,,14,,,,0,0
3642805,1972,4428,1969,"HU","",475360,3,,546,1,14,,2,,0.5,,21.5,,,,0,0
3644555,1972,4435,1969,"HU","",349195,3,,585,1,19,,3,,0.4444,,19,,,,0,0
3646892,1972,4449,1969,"HU","",401550,3,,104,5,55,,0,,,,,,,,,
3647809,1972,4449,1969,"HU","",102370,3,,546,1,14,,0,,,,,,,,,
3648801,1972,4456,1970,"HU","",169585,3,,181,6,69,,3,,0.4444,,5.3333,,,,1,0.3333
3650017,1972,4463,1969,"HU","",336485,3,,29,5,52,,1,,0,,18,,,,0,0
3650593,1972,4463,1969,"HU","",165020,3,,445,4,42,,3,,0.4444,,8.6667,,,,0.6667,0.6667
3650688,1972,4463,1969,"HU","",369260,3,,423,1,19,,1,,0,,9,,,,0,0
3650851,1972,4463,1969,"HU","",129365,3,,148,5,52,,1,,0,,17,,,,0,0
3651715,1972,4470,1970,"HU","",557730,3,,76,5,52,,0,,,,,,,,,
3651833,1972,4470,1970,"HU","",364805,3,,137,6,69,,6,,0.2778,,20.6667,,,,0,0
3652166,1972,4470,1970,"HU","",349210,3,,356,4,43,,3,,0.6667,,10.3333,,,,0,0
3652582,1972,4470,1969,"HU","",102370,3,,548,1,14,,0,,,,,,,,,
3652940,1972,4470,1970,"HU","",561560,3,,455,2,21,,4,,0,,12,,,,0,0
3654111,1972,4477,1970,"HU","",349305,3,,204,1,19,,1,,0,,6,,,,0,0
3654360,1972,4477,1968,"HU","",475360,3,,564,1,14,,0,,,,,,,,,
3660034,1972,4505,1969,"HU","",336485,3,,436,1,19,,5,,0.64,,14,,,,0,0
3661559,1972,4512,1968,"HU","",388000,3,,376,4,44,,1,,0,,6,,,,0,0
3662074,1972,4512,1969,"HU","",165025,3,,514,3,31,,0,,,,,,,,,
3662273,1972,4512,1970,"HU","",113470,7,,327,4,41,,0,,,,,,,,,
3663419,1972,4519,1969,"HU","",22560,3,,204,1,19,,1,,0,,5,,,,0,0
3663610,1972,4519,1968,"HU","",102370,3,,562,1,14,,3,,0.4444,,15,,,,0,0
3665230,1972,4526,1970,"HU","",214250,3,,310,4,45,,1,,0,,5,,,,0,0
3671537,1972,4554,1970,"HU","",236555,3,,548,1,14,,3,,0.4444,,17,,,,0,0
3673188,1972,4561,1968,"HU","",102370,3,,546,1,14,,8,,0.625,,13.5,,,,0,0
3675852,1972,4575,1970,"HU","",401550,3,,239,5,59,,1,,0,,19,,,,0,0
3676316,1972,4575,1968,"HU","",237775,3,,204,1,19,,2,,0.5,,9,,,,0,0
3677967,1972,4582,1969,"HU","",364950,3,,436,1,19,,0,,,,,,,,,
3680832,1972,4596,1970,"HU","",401550,3,,251,5,53,,6,,0.4444,,12,,,,0,0
3682313,1972,4603,1970,"HU","",561225,3,,210,1,19,,5,,0.32,,13.8,,,,0,0
3687775,1972,4624,1968,"HU","",336485,3,,28,6,63,,0,,,,,,,,,
3689018,1972,4631,1970,"HU","",249985,3,,249,6,69,,10,,0.66,,17.9,,,,0,0
3689615,1972,4631,1971,"HU","",71810,3,,264,5,51,,1,,0,,5,,,,0,0
3691103,1972,4638,1970,"HU","",360460,3,,502,1,19,,1,,0,,7,,,,0,0
3692410,1972,4645,1971,"HU","",364805,3,,356,4,43,,6,,0.7222,,13.3333,,,,0,0
3693007,1972,4645,1970,"HU","",165020,3,,313,4,42,,10,,0.46,,8.1,,,,0.1,0.1
3695412,1972,4659,1970,"HU","",165020,3,,198,5,59,,0,,,,,,,,,
3695825,1972,4659,1970,"HU","",348060,3,,8,1,11,,1,,0,,14,,,,0,0
3696197,1972,4659,1971,"HU","",102370,3,,514,3,31,,3,,0,,7.3333,,,,1,1
3697835,1972,4666,1971,"HU","",364805,3,,361,4,45,,12,,0.6667,,13.9167,,,,0,0
3705150,1972,4722,1971,"HU","",475360,3,,540,1,14,,6,,0.2778,,20.3333,,,,0,0
3705175,1972,4722,1970,"HU","",165015,3,,544,1,14,,3,,0,,4,,,,0,0
3712110,1973,4771,1972,"HU","",347965,3,,374,4,43,,6,,0.2778,,14,,,,0,0
3712409,1973,4771,1972,"HU","",364805,3,,181,6,69,,5,,0,,14.2,,,,0,0
3712462,1973,4771,1971,"HU","",428595,3,,206,6,68,,3,,0.4444,,11.6667,,,,0,0
3715076,1973,4785,1971,"HU","",237775,3,,239,5,59,,6,,0.7222,,10.8333,,,,0,0
3716473,1973,4792,1971,"HU","",,1,,204,1,19,,0,,,,,,,,,
3717148,1973,4799,1970,"HU","",364805,3,,128,3,32,,4,,0.5,,20.25,,,,0,0
3719219,1973,4813,1971,"HU","",420285,3,,152,5,55,,3,,0,,11.6667,,,,0,0
3720028,1973,4820,1970,"HU","",261885,3,,52,6,69,,3,,0,,23.3333,,,,0,0
3726881,1973,4848,1970,"HU","",475360,3,,546,1,14,,1,,0,,15,,,,0,0
3727253,1973,4855,1972,"HU","",221370,3,,470,5,59,,0,,,,,,,,,
3728843,1973,4862,1970,"HU","",349195,3,,95,1,13,,2,,0.5,,22.5,,,,0,0
3728863,1973,4862,1971,"HU","",222760,3,,405,6,64,,7,,0,,5.5714,,,,0.2857,0.2857
3729028,1973,4862,1971,"HU","",421585,3,,138,6,67,,15,,0.4356,,10.4667,,,,0,0
3729413,1973,4862,1971,"HU","",401550,3,,210,1,19,,3,,0.4444,,6,,,,0,0
3731977,1973,4876,1971,"HU","",52855,3,,299,6,64,,2,,0.5,,8,,,,0,0
3732035,1973,4876,1971,"HU","",391355,3,,417,5,53,,1,,0,,16,,,,0,0
3733329,1973,4883,1971,"HU","",475360,3,,546,1,14,,0,,,,,,,,,
3733358,1973,4883,1970,"HU","",475360,3,,564,1,14,,1,,0,,19,,,,0,0
3735925,1973,4897,1971,"HU","",237775,3,,239,5,59,,13,,0.6509,,10.5385,,,,0,0
3736315,1973,4897,1971,"HU","",165015,3,,540,1,14,,3,,0.4444,,11.3333,,,,0,0
3738411,1973,4911,1970,"HU","",561225,3,,159,1,19,,3,,0.6667,,12.3333,,,,0,0
3738933,1973,4911,1970,"HU","",561225,3,,210,1,19,,6,,0.4444,,13.1667,,,,0,0
3739775,1973,4918,1971,"HU","",364805,3,,128,3,32,,1,,0,,4,,,,0,0
3749158,1973,4960,1970,"HU","",349205,3,,165,6,66,,7,,0.6122,,8,,,,0,0
3751423,1973,4967,1971,"HU","",165025,3,,548,1,14,,0,,,,,,,,,
3755333,1973,4988,1972,"HU","",475360,3,,546,1,14,,13,,0.6036,,6,,,,0.5,0.4615
3755839,1973,4995,1971,"HU","",129310,3,,470,5,59,,5,,0.32,,7,,,,0,0
3756074,1973,4995,1971,"HU","",388300,3,,374,4,43,,3,,0.4444,,7,,,,0,0
3758345,1973,5002,1971,"HU","",584275,3,,429,4,45,,10,,0.34,,18.4,,,,0,0
3758546,1973,5002,1971,"HU","",236555,3,,560,1,14,,2,,0.5,,19.5,,,,0,0
3759523,1973,5009,1970,"HU","",,1,,273,6,62,,4,,0,,13,,,,,
3759619,1973,5009,1972,"HU","",367705,3,,356,4,43,,0,,,,,,,,,
3760632,1973,5016,1971,"HU","",129380,3,,73,4,43,,3,,0.4444,,10,,,,0,0
3761067,1973,5016,1971,"HU","",284685,3,,261,1,19,,4,,0.5,,10,,,,0,0
3761496,1973,5016,1971,"HU","",475360,3,,552,1,14,,0,,,,,,,,,
3765805,1973,5037,1971,"HU","",319550,3,,418,5,53,,1,,0,,17,,,,0,0
3766050,1973,5037,1970,"HU","",100775,3,,204,1,19,,7,,0.2449,,10,,,,0,0
3766235,1973,5037,1970,"HU","",475360,3,,560,1,14,,1,,0,,16,,,,0,0
3767380,1973,5044,1971,"HU","",333830,3,,75,5,52,,3,,0.4444,,11.3333,,,,0,0
3770469,1973,5058,1971,"HU","",561225,3,,106,1,12,,2,,0.5,,18.5,,,,0,0
3771569,1973,5065,1971,"HU","",349240,3,,137,6,69,,0,,,,,,,,,
3774117,1973,5072,1971,"HU","",364805,3,,330,4,41,,0,,,,,,,,,
3775186,1973,5079,1971,"HU","",275750,3,,429,4,45,,0,,,,,,,,,
3775409,1973,5079,1969,"HU","",102370,3,,544,1,14,,0,,,,,,,,,
3776312,1973,5086,1971,"HU","",319575,3,,166,6,64,,2,,0,,6.5,,,,0,0
3776717,1973,5086,1971,"HU","",561225,3,,588,1,19,,3,,0.6667,,9.6667,,,,0,0
3790574,1974,5149,1971,"HU","",475360,3,,544,1,14,,0,,,,,,,,,
3794241,1974,5170,1972,"HU","",,1,,494,1,19,,1,,0,,16,,,,,
3794641,1974,5170,1970,"HU","",396140,3,,544,1,14,,2,,0.5,,15.5,,,,0,0
3795277,1974,5177,1971,"HU","",319575,3,,166,6,64,,0,,,,,,,,,
3796048,1974,5184,1972,"HU","",46170,3,,60,4,45,,27,,0.4664,,12.3333,,,,0.16,0.1481
3796788,1974,5184,1971,"HU","",349265,3,,423,1,19,,3,,0.4444,,3.3333,,,,0,0
3798008,1974,5191,1972,"HU","",165020,3,,75,5,52,,0,,,,,,,,,
3798129,1974,5191,1971,"HU","",236555,3,,435,3,33,,0,,,,,,,,,
3798159,1974,5191,1972,"HU","",561225,3,,210,1,19,,3,,0,,15.6667,,,,0,0
3798784,1974,5198,1971,"HU","",102370,3,,34,1,19,,4,,0.375,,13.5,,,,0,0
3800784,1974,5205,1972,"HU","",364805,3,,600,3,32,,9,,0.4938,,5.8889,,,,0,0
3801578,1974,5205,1971,"HU","",102370,3,,544,1,14,,2,,0,,7,,,,0,0
3807327,1974,5233,1971,"HU","",129370,3,,112,6,63,,2,,0,,12,,,,0,0
3808197,1974,5233,1972,"HU","",102370,3,,536,1,14,,2,,0.5,,10.5,,,,0,0
3808775,1974,5240,1971,"HU","",173785,3,,55,1,13,,3,,0.4444,,17.6667,,,,0,0
3809154,1974,5240,1971,"HU","",173785,3,,165,6,66,,7,,0.2449,,10.1429,,,,0,0
3809550,1974,5240,1972,"HU","",317735,3,,420,5,52,,1,,0,,7,,,,0,0
3809658,1974,5240,1972,"HU","",349335,3,,502,1,19,,6,,0.6667,,8.3333,,,,0,0
3810880,1974,5247,1969,"HU","",475360,3,,530,1,15,,1,,0,,18,,,,0,0
3815835,1974,5275,1972,"HU","",52855,3,,241,5,51,,6,,0,,14,,,,0,0
3816411,1974,5275,1971,"HU","",102370,3,,540,1,14,,0,,,,,,,,,
3816661,1974,5275,1972,"HU","",169585,3,,381,4,49,,7,,0.6122,,12.2857,,,,0,0
3819512,1974,5289,1971,"HU","",401550,3,,210,1,19,,3,,0,,9,,,,0,0
3819609,1974,5289,1971,"HU","",102370,3,,534,1,14,,3,,0.4444,,16.6667,,,,0,0
3820334,1974,5292,1972,"HU","",584275,3,,60,4,45,,11,,0.314,,9.9091,,,,0,0
3820410,1974,5292,1973,"HU","",327820,3,,74,5,59,,0,,,,,,,,,
3820625,1974,5292,1972,"HU","",336485,3,,187,5,55,,0,,,,,,,,,
3821270,1974,5292,1971,"HU","",102370,3,,558,1,14,,0,,,,,,,,,
3822268,1974,5296,1971,"HU","",317075,3,,546,1,14,,0,,,,,,,,,
3824066,1974,5310,1972,"HU","",325980,3,,432,6,66,,2,,0.5,,9,,,,0,0
3825060,1974,5317,1972,"HU","",584275,3,,165,6,66,,10,,0.78,,16.5,,,,0,0
3825062,1974,5317,1972,"HU","",584275,3,,165,6,66,,2,,0,,5,,,,0,0
3827042,1974,5324,1973,"HU","",578350,3,,345,2,23,,6,,0.6667,,6.6667,,,,0,0
3828515,1974,5338,1971,"HU","",,1,,403,6,67,,13,,0.8757,,13.4615,,,,,
3831433,1974,5352,1972,"HU","",367705,3,,73,4,43,,1,,0,,5,,,,0,0
3832137,1974,5352,1971,"HU","",236555,3,,436,1,19,,5,,0.48,,8,,,,0,0
3832164,1974,5352,1971,"HU","",561225,3,,75,5,52,,1,,0,,9,,,,0,0
3833360,1974,5359,1972,"HU","",333830,3,,420,5,52,,7,,0.6939,,8.7143,,,,0,0
3833561,1974,5359,1971,"HU","",102370,3,,540,1,14,,0,,,,,,,,,
3833631,1974,5359,1972,"HU","",278955,3,,556,1,14,,2,,0.5,,3.5,,,,0,0
3833730,1974,5359,1971,"HU","",102370,3,,514,3,31,,4,,0.375,,4.5,,,,0.75,0.75
3834876,1974,5366,1973,"HU","",325980,3,,422,1,19,,4,,0.75,,7,,,,0,0
3835430,1974,5366,1972,"HU","",584275,3,,336,4,41,,4,,0.625,,16.5,,,,0,0
3837170,1974,5380,1972,"HU","",52855,3,,405,6,64,,9,,0,,5.2222,,,,0,0
3837926,1974,5380,1972,"HU","",165020,3,,148,5,52,,0,,,,,,,,,
3838486,1974,5387,1973,"HU","",349280,3,,419,5,52,,2,,0.5,,21,,,,0,0
3841866,1974,5401,1973,"HU","",333830,3,,420,5,52,,0,,,,,,,,,
3842538,1974,5408,1973,"HU","",213040,3,,800,3,33,,15,,0.24,,13.8667,,,,0,0
3843057,1974,5408,1973,"HU","",165020,3,,239,5,59,,3,,0.6667,,9.3333,,,,0,0
3844385,1974,5415,1973,"HU","",46170,3,,188,5,53,,0,,,,,,,,,
3846567,1974,5422,1972,"HU","",102370,3,,426,6,61,,6,,0.6667,,14.1667,,,,0,0
3847033,1974,5429,1973,"HU","",129375,3,,74,5,59,,9,,0.1975,,13.7778,,,,0,0
3847782,1974,5429,1970,"HU","",22565,3,,204,1,19,,0,,,,,,,,,
3850568,1974,5443,1973,"HU","",421585,3,,425,5,51,,8,,0.2188,,10.5,,,,0,0
3851474,1974,5450,1972,"HU","",584275,3,,376,4,44,,6,,0.4444,,12.1667,,,,0,0
3851702,1974,5450,1972,"HU","",592230,3,,165,6,66,,5,,0.72,,7.6,,,,0,0
3853492,1974,5457,1972,"HU","",,1,,75,5,52,,2,,0,,18,,,,,
3853535,1974,5457,1973,"HU","",561225,3,,241,5,51,,6,,0.7778,,10.8333,,,,0.1667,0.1667
3855013,1974,5464,1973,"HU","",336485,3,,148,5,52,,4,,0.375,,10.25,,,,0,0
3855480,1974,5464,1973,"HU","",367705,3,,307,4,49,,3,,0.4444,,12.3333,,,,0,0
3856778,1974,5471,1973,"HU","",,1,,540,1,14,,0,,,,,,,,,
3857911,1974,5478,1974,"HU","",173785,3,,261,1,19,,3,,0.4444,,10.3333,,,,1,0.6667
3861658,1975,5499,1973,"HU","",336485,3,3,219,4,49,4,1,0.25,0,0,2,30,0,0,1,1
3862111,1975,5499,1973,"HU","",475360,3,6,530,1,15,0,3,,0.4444,,7.3333,,,,1,0.3333
3862366,1975,5499,1972,"HU","",169585,3,2,381,4,49,6,5,0.6667,0.64,0.375,14.8,14.6667,1,0.1667,0,0
3863763,1975,5513,1974,"HU","",475360,3,9,209,5,51,6,1,0.6667,0,0,20,9.5,0,0,0,0
3864362,1975,5513,1973,"HU","",102370,3,5,549,1,14,2,7,1,0.5714,0.5,13.1429,5.5,0,0,0,0
3864504,1975,5513,1973,"HU","",318865,3,2,426,6,61,4,2,0.5,0.5,0,7,23,0,0,0,0
3865828,1975,5520,1972,"HU","",165025,3,3,544,1,14,3,5,1,0.48,0.6667,14,8,0,0,0,0
3867446,1975,5527,1973,"HU","",181125,3,2,564,1,14,1,1,1,0,0,2,2,0,0,0,0
3867868,1975,5534,1973,"HU","",421590,3,4,409,5,51,0,3,,0.6667,,10.6667,,,,0,0
3868932,1975,5541,1972,"HU","",,1,1,123,5,53,9,5,0.1111,0,0,19.4,46.4444,,,,
3870574,1975,5548,1972,"HU","",129365,3,2,148,5,52,11,2,0.6364,0.5,0.449,14,18.1818,0,0,0,0
3873510,1975,5562,1973,"HU","",475360,3,3,530,1,15,0,2,,0.5,,8.5,,,,0,0
3873541,1975,5562,1973,"HU","",165025,3,1,544,1,14,1,1,1,0,0,8,4,0,0,1,1
3873542,1975,5562,1973,"HU","",165025,3,2,544,1,14,1,1,1,0,0,8,4,0,0,1,1
3873543,1975,5562,1973,"HU","",165025,3,1,544,1,14,1,6,1,0.2778,0,2.1667,4,0,0,0.1667,0.1667
3875003,1975,5569,1972,"HU","",102370,3,4,435,3,33,1,0,1,,0,,2,0,0,,
3875512,1975,5569,1973,"HU","",250070,3,,324,4,43,0,3,,0.6667,,5,,,,0,0
3876749,1975,5576,1972,"HU","",22360,3,9,75,5,52,4,9,0.25,0.7407,0,10.4444,31.5,0,0,0,0
3877234,1975,5583,1973,"HU","",52855,3,10,405,6,64,1,4,1,0.375,0,6.5,8,0,0,0,0
3881159,1975,5597,1973,"HU","",610800,3,2,331,4,41,3,0,0,,,,23,0,0,,
3881875,1975,5604,1973,"HU","",576600,3,4,422,1,19,2,3,0.5,0.6667,0,10,11.5,0,0,0,0
3882177,1975,5604,1973,"HU","",165025,3,4,564,1,14,1,0,0,,,,25,0,0,,
3884762,1975,5618,1973,"HU","",475190,3,2,435,3,33,0,4,,0,,9,,,,0,0
3885429,1975,5625,1973,"HU","",,1,3,73,4,43,3,0,0.6667,,0.5,,10,,,,
3886279,1975,5625,1973,"HU","",102370,3,1,514,3,31,1,1,1,0,0,2,5,0,0,1,1
3886283,1975,5625,1972,"HU","",102370,3,1,514,3,31,4,8,0.25,0.4688,0,10.5,15.5,0,0,0,0
3886693,1975,5632,1974,"HU","",396135,3,5,451,5,51,5,7,0.4,0.5714,0.5,13.1429,18.8,0,0,0,0
3887666,1975,5632,1973,"HU","",584275,3,9,261,1,19,6,6,0.3333,0.6111,0.5,10.8333,33.1667,0,0,0.1667,0.1667
3888865,1975,5639,1973,"HU","",475360,3,5,546,1,14,0,1,,0,,10,,,,1,1
3890379,1975,5646,1973,"HU","",102370,3,2,562,1,14,1,3,1,0.4444,0,7,1,0,0,0,0
3892586,1975,5660,1973,"HU","",336485,3,20,106,1,12,6,3,0.3333,0.4444,0.5,23,35.5,0,0,0,0
3892747,1975,5660,1973,"HU","",181125,3,1,544,1,14,3,0,1,,0.4444,,8.6667,0,0,,
3899493,1975,5702,1972,"HU","",475360,3,3,540,1,14,4,8,1,0.4063,0.375,8.125,7.75,0,0,0.375,0.375
3901739,1975,5716,1972,"HU","",336485,3,10,148,5,52,1,3,1,0.4444,0,9.6667,7,0,0,0,0
3901782,1975,5716,1974,"HU","",409950,3,5,204,1,19,3,4,1,0,0,7.75,6.3333,0,0,0,0
3901803,1975,5716,1973,"HU","",22565,3,1,210,1,19,6,0,0.5,,0.4444,,13.3333,0,0,,
3901893,1975,5716,1973,"HU","",475360,3,1,546,1,14,3,4,0,0.5,,6.25,20.3333,0,0,0.5,0.5
3904628,1975,5730,1972,"HU","",165025,3,2,544,1,14,5,0,1,,0.56,,5.8,0,0,,
3904633,1975,5730,1973,"HU","",475360,3,2,546,1,14,5,5,0.8,0.32,0.5,7.6,8.8,0,0,0,0
3905258,1975,5737,1973,"HU","",409965,3,2,83,5,51,3,1,1,0,0,2,6.6667,0,0,0,0
3907830,1975,5744,1973,"HU","",102370,3,3,549,1,14,1,5,1,0.72,0,11.8,8,0,0,0,0
3910953,1975,5758,1973,"HU","",475360,3,15,548,1,14,2,2,1,0.5,0.5,10,4.5,0,0,0,0
3916403,1975,5779,1973,"HU","",203180,3,3,340,2,21,3,14,0.3333,0.6429,0,14.2143,12.3333,0,0,0.0769,0.0714
3917455,1975,5786,1974,"HU","",388000,3,6,422,1,19,7,46,1,0.5841,0.5714,13.6087,2.7143,0,0,0,0
3917610,1975,5786,1973,"HU","",102370,3,19,546,1,14,2,1,1,0,0,4,3.5,0,0,0,0
3919871,1975,5800,1974,"HU","",409965,3,8,72,5,52,5,2,0.4,0,0,14,35.8,0,0,0,0
3920651,1975,5800,1972,"HU","",102370,3,6,544,1,14,2,4,0.5,0.375,0,7.75,12,0,0,0,0
3923042,1975,5814,1974,"HU","",364805,3,8,600,3,32,8,2,1,0,0.2188,11,3,0,0,0,0
3927025,1975,5828,1972,"HU","",,1,11,548,1,14,0,6,,0.6111,,8.6667,,,,,
3927531,1975,5835,1974,"HU","",409975,3,4,60,4,45,2,1,0.5,0,0,3,26.5,0,0,0,0
3928047,1975,5835,1974,"HU","",561225,3,8,501,1,19,9,6,0.8889,0.5,0.4063,10.5,3.6667,0,0,0.2,0.1667
3930488,1976,5849,1974,"HU","",336485,3,5,126,6,66,2,3,0.5,0.6667,0,12,13.5,0,0,0,0
3932395,1976,5856,1974,"HU","",475360,3,4,514,3,31,1,10,1,0.72,0,4.6,2,0,0,0.2,0.2
3933196,1976,5863,1973,"HU","",584275,3,4,165,6,66,6,5,0.3333,0.64,0.5,11.4,20.1667,0,0,0,0
3935902,1976,5877,1972,"HU","",592230,3,8,165,6,66,3,8,1,0.5,0.6667,10.625,4.3333,0,0,0,0
3936489,1976,5877,1972,"HU","",181125,3,8,558,1,14,9,2,0,0.5,,15,36.1111,0,0,0,0
3937694,1976,5884,1974,"HU","",439910,3,3,530,1,15,6,1,0.1667,0,0,17,17.3333,0,0,0,0
3937786,1976,5884,1974,"HU","",581730,2,5,423,1,19,6,5,0.1667,0,0,7.4,35.8333,0,0,0,0
3938259,1976,5891,1974,"HU","",475360,3,6,34,1,19,5,5,0.8,0.72,0.625,11.4,7.4,0,0,0,0
3939443,1976,5891,1974,"HU","",195480,3,5,333,2,21,6,9,0.5,0.3457,0,11.4444,10.3333,0,0,0,0
3941088,1976,5905,1974,"HU","",129515,3,7,118,1,12,8,4,0.375,0.5,0,8.75,15.5,0,0,0,0
3941783,1976,5905,1973,"HU","",181125,3,2,544,1,14,0,6,,0.7222,,16.3333,,,,0,0
3941788,1976,5905,1974,"HU","",475360,3,3,544,1,14,1,0,1,,0,,7,0,0,,
3943411,1976,5912,1974,"HU","",,1,10,361,4,45,7,2,0.7143,0.5,0.56,4.5,14.7143,,,,
3943962,1976,5919,1974,"HU","",349265,3,12,137,6,69,11,3,0.1818,0.4444,0,12.6667,50.4545,0,0,0,0
3944648,1976,5919,1974,"HU","",,5,7,423,1,19,7,6,0.2857,0.2778,0,9.1667,31.8571,,,,
3945072,1976,5926,1975,"HU","",42895,3,3,470,5,59,4,1,0.5,0,0,6,15.5,0,0,0,0
3945797,1976,5926,1973,"HU","",102370,3,7,436,1,19,8,5,1,0.32,0.4688,9.4,5.5,0,0,0,0
3946018,1976,5926,1974,"HU","",165025,3,3,546,1,14,0,2,,0,,6.5,,,,0,0
3946993,1976,5933,1974,"HU","",212550,3,3,366,1,19,2,4,0,0,,7.25,23,0,0,0,0
3949077,1976,5940,1970,"HU","",102370,3,1,424,3,31,0,4,,0,,14.25,,,,0.75,0.75
3949085,1976,5940,1974,"HU","",102370,3,10,514,3,31,1,11,1,0.7603,0,13.1818,2,1,1,0.3,0.2727
3950485,1976,5947,1975,"HU","",581730,2,5,423,1,19,6,2,0.1667,0,0,7.5,35.8333,0,0,0,0
3952836,1976,5961,1973,"HU","",338030,3,5,187,5,55,7,1,0.1429,0,0,10,72.7143,0,0,0,0
3953003,1976,5961,1974,"HU","",22565,3,3,366,1,19,5,7,0.6,0.6939,0,8,12,0,0,0,0
3953415,1976,5961,1973,"HU","",475360,3,1,530,1,15,1,2,1,0.5,0,10,7,0,0,0,0
3953427,1976,5961,1974,"HU","",181125,3,3,540,1,14,0,5,,0.56,,11.8,,,,0,0
3954436,1976,5968,1973,"HU","",409965,3,2,71,1,11,3,7,1,0.449,0.4444,7,5.6667,0,0,0,0
3954532,1976,5968,1973,"HU","",607080,3,12,149,1,19,1,2,1,0.5,0,12.5,11,0,0,0,0
3954986,1976,5968,1973,"HU","",102370,3,1,514,3,31,0,2,,0,,3.5,,,,0.5,0.5
3956312,1976,5975,1974,"HU","",165025,3,4,548,1,14,2,2,0.5,0.5,0,19,9.5,0,0,0,0
3956375,1976,5975,1972,"HU","",102370,3,6,562,1,14,1,8,1,0.6875,0,8.75,13,0,0,0.1429,0.125
3956454,1976,5975,1973,"HU","",581730,2,6,423,1,19,7,2,0.2857,0,0,4.5,36.5714,0,0,0.5,0.5
3957777,1976,5982,1974,"HU","",475360,3,1,544,1,14,0,4,,0.375,,18.5,,,,0,0
3960630,1976,5996,1974,"HU","",388300,3,7,156,1,19,8,3,0.75,0.4444,0.5,7.6667,12,0,0,0,0
3960724,1976,5996,1974,"HU","",409975,3,4,556,1,14,2,0,0.5,,0,,28,0,0,,
3961895,1976,6003,1975,"HU","",409975,3,6,436,1,19,3,2,0.3333,0.5,0,6.5,24.3333,0,0,0,0
3963735,1976,6010,1974,"HU","",165025,3,2,546,1,14,2,1,1,0,0.5,10,3,0,0,0,0
3964894,1976,6017,1974,"HU","",102370,3,6,504,1,11,3,0,0.3333,,0,,19,0,0,,
3964971,1976,6017,1974,"HU","",475360,3,1,435,3,33,1,3,0,0,,8.3333,14,0,0,0.3333,0.3333
3965179,1976,6017,1974,"HU","",475360,3,2,564,1,14,4,0,0.75,,0.6667,,6.75,0,0,,
3966554,1976,6024,1973,"HU","",409965,3,4,435,3,33,4,4,1,0.75,0.375,10.75,6.75,0,0,0,0
3966641,1976,6024,1975,"HU","",421580,3,6,502,1,19,4,8,0,0.5313,,13.5,25,0,0,0,0
3966786,1976,6024,1972,"HU","",181125,3,13,558,1,14,2,3,0.5,0,0,12,18.5,0,0,0,0
3967871,1976,6031,1975,"HU","",165020,3,6,445,4,42,4,7,1,0.2449,0.375,12.1429,4.5,0.3333,0.25,0,0
3967917,1976,6031,1975,"HU","",401550,3,8,417,5,53,2,1,0,0,,9,56.5,0,0,0,0
3968837,1976,6038,1974,"HU","",212550,3,1,165,6,66,7,3,0.2857,0.4444,0.5,10.6667,22.7143,0,0,0,0
3969207,1976,6038,1975,"HU","",336485,3,4,588,1,19,6,8,0,0.6563,,9,50,0,0,0,0
3969519,1976,6038,1974,"HU","",102370,3,14,514,3,31,0,1,,0,,2,,,,0,0
3969571,1976,6038,1974,"HU","",364805,3,4,348,4,49,3,3,0.6667,0.6667,0,6.3333,9,0,0,0,0
3970140,1976,6045,1974,"HU","",584275,3,3,165,6,66,1,1,1,0,0,5,4,0,0,0,0
3973938,1976,6066,1975,"HU","",,1,7,62,6,69,6,10,0.8333,0.18,0.32,11.4,12.5,,,,
3975390,1976,6073,1975,"HU","",475360,3,2,544,1,14,2,1,0.5,0,0,0,22,0,0,1,1
3978075,1976,6087,1975,"HU","",102370,3,8,548,1,14,4,2,1,0,0,4.5,5.25,0,0,0.5,0.5
3978217,1976,6087,1975,"HU","",102370,3,6,514,3,31,3,3,0.6667,0.6667,0,17.3333,8.3333,0,0,0,0
3978979,1976,6094,1975,"HU","",165020,3,2,198,5,59,4,6,0.75,0.2778,0,15.1667,9.75,0,0,0,0
3979259,1976,6094,1974,"HU","",475360,3,2,435,3,33,0,3,,0,,9,,,,0.6667,0.6667
3979397,1976,6094,1974,"HU","",719345,3,1,546,1,14,2,5,0.5,0.32,0,3.2,10.5,0,0,0.4,0.4
3979405,1976,6094,1973,"HU","",236545,3,5,548,1,14,4,6,0.75,0.2778,0.4444,9.1667,10.25,0,0,0,0
3982736,1976,6115,1974,"HU","",181125,3,3,366,1,19,3,0,0.6667,,0,,13,0,0,,
3986883,1976,6136,1974,"HU","",557735,3,4,501,1,19,3,0,0,,,,31,0,0,,
3987631,1976,6143,1974,"HU","",584275,3,5,60,4,45,3,4,1,0.375,0.6667,15.5,3.6667,0,0,0,0
3988322,1976,6143,1974,"HU","",475360,3,10,540,1,14,6,2,0.8333,0.5,0,3,7.6667,0,0,1,1
3988461,1976,6143,1975,"HU","",165025,3,1,514,3,31,1,1,0,0,,3,15,0,0,0,0
3988976,1976,6150,1972,"HU","",278955,3,3,99,6,61,11,4,0.4545,0.75,0.32,10,33.4545,0,0,0,0
3989513,1976,6150,1975,"HU","",349190,3,7,75,5,52,9,2,0.6667,0,0.6111,5.5,11.8889,0,0,0,0
3989701,1976,6150,1974,"HU","",475360,3,8,544,1,14,0,3,,0.6667,,15.3333,,,,0,0
3989837,1976,6150,1975,"HU","",102370,3,2,514,3,31,2,0,1,,0.5,,3.5,0.5,0.5,,
3990198,1976,6157,1975,"HU","",195465,3,1,52,6,69,5,6,1,0.2778,0.72,15,7.4,0,0,0,0
3990965,1976,6157,1974,"HU","",192010,3,2,209,5,51,11,4,0.6364,0.375,0.449,6.5,14.1818,0,0,0,0
3990996,1976,6157,1975,"HU","",79815,3,4,502,1,19,6,4,0.6667,0.375,0,12.5,15.8333,0,0,0,0
3991610,1976,6164,1975,"HU","",319570,3,6,73,4,43,2,0,1,,0.5,,2,0,0,,
3993781,1976,6171,1966,"HU","",102370,3,1,514,3,31,0,1,,0,,20,,,,0,0
3994563,1976,6178,1975,"HU","",349210,3,5,359,5,54,2,1,0,0,,11,19,0,0,0,0
3996038,1976,6185,1974,"HU","",336485,3,4,71,1,11,5,5,0.6,0.48,0.4444,11.4,14.2,0,0,0,0
3997478,1976,6192,1975,"HU","",79815,3,2,502,1,19,3,10,1,0.82,0.4444,10.9,2.6667,0,0,0,0
4000920,1977,6213,1975,"HU","",561480,3,1,285,6,67,5,1,0.4,0,0,9,16.8,0,0,0,0
4001396,1977,6213,1974,"HU","",719345,3,4,424,3,31,3,3,0,0,,14.3333,44.3333,0,0,0,0
4004609,1977,6234,1974,"HU","",475360,3,2,137,6,69,7,4,0.5714,0.375,0.625,5.75,16.8571,0,0,0.6667,0.5
4004858,1977,6234,1975,"HU","",33965,3,2,408,5,51,6,0,0.5,,0,,14,0,0,,
4005089,1977,6234,1975,"HU","",475360,3,5,546,1,14,4,4,0.25,0.5,0,3.5,17.25,1,0.25,0.75,0.75
4006265,1977,6241,1974,"HU","",371455,3,2,426,6,61,5,6,0.8,0.6111,0,17.5,8.2,0,0,0,0
4006596,1977,6248,1975,"HU","",409975,3,4,60,4,45,2,0,0.5,,0,,28.5,0,0,,
4009229,1977,6262,1975,"HU","",430530,7,7,261,1,19,10,2,0.6,0,0.5,4.5,16.2,0,0,0,0
4010193,1977,6269,1973,"HU","",102370,3,4,560,1,14,4,3,0,0.4444,,16.6667,22.25,0,0,0,0
4012220,1977,6283,1975,"HU","",349240,3,3,71,1,11,5,2,0.8,0,0.375,5.5,12.2,0,0,0,0
4012298,1977,6283,1975,"HU","",14250,3,8,205,1,19,3,2,0.6667,0,0.5,11,9.3333,0,0,0,0
4013163,1977,6290,1975,"HU","",165020,3,5,198,5,59,11,6,0.3636,0.6111,0.625,16.3333,15.0909,0,0,0,0
4013335,1977,6290,1975,"HU","",165020,3,10,439,4,41,2,10,1,0.18,0.5,10.5,2.5,0,0,0,0
4017507,1977,6311,1975,"HU","",475360,3,1,548,1,14,1,0,1,,0,,1,1,1,,
4020534,1977,6332,1975,"HU","",165020,3,4,445,4,42,2,0,1,,0.5,,7,0,0,,
4020716,1977,6332,1976,"HU","",349325,3,2,475,5,53,7,4,0.7143,0.375,0.48,4.5,16.5714,0,0,0.25,0.25
4021325,1977,6332,1975,"HU","",169665,3,3,204,1,19,4,4,1,0.375,0.625,13,4.75,0,0,0,0
4021367,1977,6332,1975,"HU","",79815,3,1,502,1,19,6,8,0,0.2188,,14.125,39.3333,0,0,0,0
4021371,1977,6332,1975,"HU","",79815,3,4,502,1,19,5,2,0.2,0,0,8.5,23.8,0,0,0,0
4021374,1977,6332,1974,"HU","",349300,3,6,502,1,19,8,12,0.75,0.6111,0.7778,7.9167,12.5,0,0,0,0
4021421,1977,6332,1975,"HU","",475360,3,16,540,1,14,1,0,1,,0,,11,0,0,,
4022067,1977,6339,1976,"HU","",325980,3,2,73,4,43,1,1,1,0,0,8,12,0,0,0,0
4024269,1977,6346,1976,"HU","",102370,3,4,514,3,31,0,0,,,,,,,,,
4025631,1977,6353,1975,"HU","",358070,3,6,514,3,31,0,5,,0.72,,13.4,,,,0,0
4026774,1977,6360,1975,"HU","",462260,3,7,205,1,19,5,0,0.8,,0.375,,11,0,0,,
4026989,1977,6360,1975,"HU","",22355,3,3,423,1,19,3,3,0.3333,0,0,2,23,0,0,0,0
4027024,1977,6360,1976,"HU","",102370,3,8,514,3,31,1,1,1,0,0,1,1,1,1,0,0
4028348,1977,6367,1976,"HU","",475360,3,1,540,1,14,1,2,1,0,0,5.5,2,0,0,0,0
4030093,1977,6374,1974,"HU","",557700,3,1,341,2,22,8,2,0.875,0.5,0.449,4,10.125,0,0,0.5,0.5
4032040,1977,6388,1975,"HU","",388300,3,8,222,1,19,3,3,0.6667,0,0.5,12.6667,8.3333,0,0,0,0
4035366,1977,6402,1974,"HU","",102370,3,3,544,1,14,0,3,,0.4444,,14.6667,,,,0.6667,0.6667
4035370,1977,6402,1975,"HU","",475360,3,1,546,1,14,1,17,1,0.5536,0,12.4118,8,0,0,0.2353,0.2353
4035491,1977,6402,1976,"HU","",719345,3,7,514,3,31,1,0,1,,0,,1,0,0,,
4036841,1977,6409,1975,"HU","",475360,3,5,546,1,14,1,2,1,0.5,0,14,13,0,0,1,1
4036877,1977,6409,1975,"HU","",79815,3,1,562,1,14,1,3,1,0,0,10.3333,7,0,0,0,0
4037413,1977,6416,1975,"HU","",173785,3,6,60,4,45,2,8,1,0.4063,0,12.5,11,0,0,0.2,0.125
4038772,1977,6423,1976,"HU","",,1,3,43,6,61,1,1,0,0,,19,24,,,,
4039589,1977,6423,1974,"HU","",475360,3,4,568,1,14,3,3,0.6667,0,0.5,10,18.6667,0,0,0.6667,0.6667
4039753,1977,6423,1975,"HU","",169585,3,8,381,4,49,5,5,1,0,0.32,15.2,7.8,0,0,0,0
4040973,1977,6430,1974,"HU","",349245,3,9,588,1,19,8,15,0.625,0.7378,0.8,13.4,11.5,0,0,0,0
