4803069,1989,10630,1989,"HU","",64775,3,6,424,3,31,4,3,1,0.4444,0.375,5,4,0,0,0,0
4803274,1989,10630,1987,"HU","",102370,3,2,546,1,14,1,2,1,0.5,0,3.5,9,0,0,1,1
4803914,1989,10637,1986,"HU","",273380,3,6,92,5,53,4,0,0.5,,0,,31.25,0,0,,
4804293,1989,10637,1987,"HU","",115570,3,4,405,6,64,1,10,1,0.56,0,5.7,10,0,0,0,0
4804405,1989,10637,1985,"HU","",181125,3,10,504,1,11,9,1,0.6667,0,0.4444,3,16.2222,0.1667,0.1111,0,0
4806151,1989,10644,1985,"HU","",79825,3,13,504,1,11,1,1,1,0,0,7,23,0,0,0,0
4806278,1989,10644,1987,"HU","",79815,3,9,436,1,19,1,1,0,0,,4,31,0,0,0,0
4806545,1989,10644,1986,"HU","",475360,3,7,514,3,31,1,1,1,0,0,6,12,1,1,1,1
4806645,1989,10644,1987,"HU","",102370,3,6,546,1,14,1,5,1,0.32,0,2.8,9,0,0,1,1
4806685,1989,10644,1986,"HU","",236550,3,1,564,1,14,3,1,1,0,0.6667,4,14.6667,0,0,0,0
4807105,1989,10644,1987,"HU","",79815,3,3,363,4,45,4,7,1,0.5714,0.75,5.1429,8.25,0,0,0,0
4807815,1989,10651,1987,"HU","",349190,3,21,241,5,51,2,2,1,0.5,0,8,11,0,0,0,0
4810709,1989,10658,1987,"HU","",475360,3,8,514,3,31,4,0,1,,0.625,,10.25,0.25,0.25,,
4812051,1989,10665,1986,"HU","",349210,3,6,374,4,43,6,14,0.8333,0,0,7.4286,29.6667,0,0,0,0
4813237,1989,10672,1988,"HU","",173785,3,9,60,4,45,4,2,0.75,0.5,0.4444,6.5,19.5,0,0,0,0
4814174,1989,10672,1987,"HU","",164865,3,5,424,3,31,3,1,1,0,0,9,3.3333,0,0,0,0
4814329,1989,10672,1986,"HU","",475360,3,30,514,3,31,1,13,1,0.2722,0,8.0769,13,1,1,0.0769,0.0769
4814336,1989,10672,1986,"HU","",102370,3,1,514,3,31,1,1,1,0,0,8,12,1,1,0,0
4816142,1989,10679,1987,"HU","",349190,3,12,209,5,51,10,1,0.3,0,0.4444,3,59.4,0,0,0,0
4816587,1989,10679,1987,"HU","",475360,3,4,544,1,14,4,0,1,,0.625,,10,0.25,0.25,,
4817333,1989,10686,1987,"HU","",138615,3,5,47,6,61,3,2,0.3333,0.5,0,4,62.3333,0,0,0,0
4817952,1989,10686,1986,"HU","",485715,3,9,273,6,62,0,2,,0.5,,6.5,,,,0,0
4820838,1989,10693,1986,"HU","",102370,3,13,544,1,14,1,1,1,0,0,8,12,1,1,0,0
4820852,1989,10693,1988,"HU","",102370,3,5,549,1,14,2,0,1,,0,,8.5,0.5,0.5,,
4821524,1989,10700,1988,"HU","",416850,3,4,62,6,69,13,0,0.7692,,0.6,,20.5385,0,0,,
4823490,1989,10707,1986,"HU","",203180,3,6,40,6,69,5,0,1,,0.64,,10.2,0.25,0.2,,
4823647,1989,10707,1988,"HU","",129360,3,3,477,5,53,3,0,1,,0.4444,,10,0,0,,
4824670,1989,10707,1985,"HU","",164865,3,6,424,3,31,7,0,0.8571,,0.7222,,12.5714,0,0,,
4826845,1989,10714,1986,"HU","",475360,3,9,514,3,31,6,7,1,0,0.2778,8.2857,6.8333,0,0,0,0
4826863,1989,10714,1987,"HU","",102370,3,5,514,3,31,1,2,1,0,0,8,25,0,0,0,0
4826963,1989,10714,1986,"HU","",102370,3,1,536,1,14,2,6,1,0.5,0,5.8333,8,1,1,0,0
4828617,1989,10721,1987,"HU","",349190,3,23,106,1,12,4,0,1,,0.625,,18.5,0,0,,
4829076,1989,10721,1987,"HU","",18575,3,10,514,3,31,1,5,1,0,0,9.4,4,0,0,0,0
4830102,1989,10728,1987,"HU","",322970,3,6,165,6,66,5,3,0.6,0,0,9.3333,30.4,0,0,0,0
4830741,1989,10728,1988,"HU","",238045,3,10,209,5,51,13,3,0.6923,0.4444,0.4938,4.6667,16.6923,0,0,0,0
4830797,1989,10728,1987,"HU","",,1,5,264,5,51,2,1,0,0,,1,47,,,,
4831029,1989,10728,1987,"HU","",,1,3,514,3,31,1,1,0,0,,7,41,,,,
4831173,1989,10728,1986,"HU","",177350,3,4,556,1,14,2,3,1,0,0.5,5,9,0,0,0,0
4831194,1989,10728,1987,"HU","",475360,3,8,568,1,14,4,2,1,0,0.75,4.5,12.5,0,0,0,0
4832078,1989,10735,1987,"HU","",,5,8,137,6,69,11,2,0.6364,0,0.449,7.5,25.9091,,,,
4832452,1989,10735,1988,"HU","",,1,7,359,5,54,3,3,1,0,0.4444,2.6667,12,,,,
4832531,1989,10735,1987,"HU","",,5,5,405,6,64,4,2,0.75,0.5,0,7,19.5,,,,
4833577,1989,10735,1989,"HU","",,1,2,362,4,42,5,0,0.4,,0.5,,36.2,,,,
4835105,1989,10742,1987,"HU","",102370,3,8,435,3,33,6,5,1,0,0.2778,4.6,13.1667,0,0,0,0
4835152,1989,10742,1987,"HU","",64775,3,7,514,3,31,2,7,1,0.5714,0.5,8.8571,5,0,0,0,0
4835281,1989,10742,1987,"HU","",475360,3,6,548,1,14,3,4,1,0,0.6667,8.25,4.3333,0.3333,0.3333,0.25,0.25
4837042,1989,10749,1987,"HU","",11760,3,22,426,6,61,9,3,0.4444,0,0,7.3333,40.2222,0,0,0,0
4838433,1989,10756,1987,"HU","",561225,3,11,209,5,51,13,0,0.5385,,0,,22.8462,0,0,,
4839362,1989,10756,1986,"HU","",475360,3,8,514,3,31,6,1,1,0,0,3,11.1667,0.6667,0.6667,0,0
4840751,1989,10763,1987,"HU","",273380,3,4,261,1,19,10,0,0.9,,0.6667,,14.7,0,0,,
4840948,1989,10763,1987,"HU","",164865,3,8,514,3,31,1,3,1,0,0,8,7,0,0,0.3333,0.3333
4840949,1989,10763,1987,"HU","",102370,3,9,514,3,31,1,2,1,0,0,1,3,1,1,0.5,0.5
4842397,1989,10770,1987,"HU","",,1,8,359,5,54,12,5,1,0,0.7083,5.6,15.8333,,,,
4842920,1989,10770,1987,"HU","",260920,3,7,428,6,69,5,5,0.8,0.56,0.375,5.6,15,0,0,0,0
4843080,1989,10770,1986,"HU","",475360,3,4,514,3,31,6,0,1,,0.6111,,9,0.6,0.5,,
4843174,1989,10770,1986,"HU","",102370,3,5,562,1,14,6,0,1,,0,,7.6667,0.1667,0.1667,,
4843177,1989,10770,1986,"HU","",181125,3,10,564,1,14,3,0,1,,0.4444,,8,0,0,,
4843266,1989,10770,1987,"HU","",590810,3,5,313,4,42,5,5,0.6,0,0,5,20.4,0,0,0,0
4844074,1989,10777,1988,"HU","",481345,3,18,607,3,32,7,9,0.8571,0.6914,0.7222,6.4444,16.1429,0,0,0,0
4844155,1989,10777,1988,"HU","",349235,3,7,166,6,64,17,0,0.8235,,0.1327,,17.4118,0,0,,
4844726,1989,10777,1986,"HU","",404820,3,3,504,1,11,9,0,0.8889,,0.5938,,13.8889,0,0,,
4845126,1989,10777,1986,"HU","",102370,3,3,514,3,31,5,8,1,0.6875,0,4.125,8.6,0,0,0.5,0.5
4846256,1989,10784,1986,"HU","",173785,3,6,165,6,66,2,1,1,0,0,8,6,0,0,0,0
4846883,1989,10784,1987,"HU","",466985,3,4,71,1,11,4,0,0.75,,0.4444,,19,0,0,,
4848455,1989,10791,1987,"HU","",,1,12,166,6,64,6,3,1,0.6667,0.6111,9,10.1667,,,,
4850173,1989,10798,1987,"HU","",349265,3,4,52,6,69,6,4,1,0,0.7778,6.25,6.3333,0,0,0,0
4850619,1989,10798,1988,"HU","",561480,3,6,285,6,67,9,1,0.7778,0,0.449,7,17.4444,0,0,0,0
4851416,1989,10798,1986,"HU","",102370,3,9,514,3,31,0,3,,0.4444,,6.3333,,,,0,0
4852713,1989,10805,1987,"HU","",561480,3,7,198,5,59,15,3,0.7333,0,0.6777,4.3333,16.9333,0,0,0,0
4855137,1989,10812,1987,"HU","",273380,3,10,424,3,31,0,2,,0,,9.5,,,,0,0
4857827,1989,10819,1987,"HU","",569730,3,18,324,4,43,3,4,1,0.375,0.4444,5.5,12.3333,0,0,0,0
4858451,1989,10826,1988,"HU","",537170,3,19,70,6,65,3,8,0.6667,0.375,0,5.25,28.3333,0,0,0,0
4858569,1989,10826,1988,"HU","",46165,3,14,123,5,53,4,3,1,0,0.375,2.3333,7.75,0,0,0.3333,0.3333
4858685,1989,10826,1988,"HU","",173785,3,12,165,6,66,5,15,1,0.4356,0.56,5.8,10.6,0,0,0,0
4858903,1989,10826,1985,"HU","",370495,3,20,5,6,65,11,7,0.7273,0.6122,0.7813,8.1429,22.1818,0,0,0,0
4859209,1989,10826,1987,"HU","",388015,3,3,44,1,19,11,1,0.9091,0,0.18,7,12.1818,0,0,0,0
4859682,1989,10826,1987,"HU","",475360,3,6,514,3,31,3,0,1,,0.4444,,8.6667,0,0,,
4859766,1989,10826,1987,"HU","",475360,3,4,530,1,15,3,0,1,,0.6667,,5.3333,1,1,,
4859772,1989,10826,1987,"HU","",404820,3,2,544,1,14,4,0,1,,0,,11.75,0,0,,
4860798,1989,10833,1987,"HU","",561480,3,11,138,6,67,11,3,0.8182,0.4444,0.3704,9,15.3636,0,0,0,0
4861302,1989,10833,1988,"HU","",590810,3,7,445,4,42,5,0,1,,0,,13,0,0,,
4861888,1989,10833,1988,"HU","",102370,3,5,546,1,14,3,0,1,,0,,14,0,0,,
4863897,1989,10840,1987,"HU","",87715,3,10,514,3,31,1,6,1,0.2778,0,7.1667,10,0,0,0,0
4865492,1989,10847,1987,"HU","",320775,3,20,406,5,59,5,0,0.8,,0,,15.2,0,0,,
4865730,1989,10847,1987,"HU","",21740,3,12,210,1,19,3,3,0.6667,0.6667,0.5,4.6667,18.3333,0,0,0,0
4866043,1989,10847,1987,"HU","",71805,3,12,514,3,31,2,0,1,,0.5,,8,0,0,,
4866062,1989,10847,1987,"HU","",475360,3,5,514,3,31,2,5,0.5,0,0,4.6,18.5,0,0,0,0
4866089,1989,10847,1988,"HU","",18575,3,4,514,3,31,4,0,0.75,,0.4444,,16.5,0,0,,
4867288,1989,10854,1988,"HU","",129360,3,3,477,5,53,11,6,0.7273,0.6111,0.6875,5.1667,17.0909,0,0,0,0
4868172,1989,10854,1987,"HU","",54310,3,11,514,3,31,0,1,,0,,5,,,,0,0
4868184,1989,10854,1987,"HU","",475360,3,5,514,3,31,7,3,0.4286,0,0.4444,3.3333,25.8571,0,0,0,0
4869460,1989,10861,1987,"HU","",249990,3,6,251,5,53,4,3,0,0.6667,,4.3333,48.75,0,0,0,0
4870065,1989,10861,1985,"HU","",181125,3,5,514,3,31,0,3,,0.4444,,10,,,,0,0
4870318,1989,10861,1988,"HU","",590810,3,20,313,4,42,4,7,1,0.4082,0.375,5.5714,11,0,0,0,0
4871114,1989,10868,1988,"HU","",,1,15,239,5,59,4,4,0.75,0.375,0.4444,4.5,11.75,,,,
4871722,1989,10868,1988,"HU","",164865,3,5,514,3,31,1,1,1,0,0,2,21,0,0,0,0
4871728,1989,10868,1988,"HU","",164865,3,1,514,3,31,0,1,,0,,4,,,,0,0
4871846,1989,10868,1987,"HU","",164865,3,6,544,1,14,3,0,1,,0.4444,,3.6667,0,0,,
4871849,1989,10868,1987,"HU","",102370,3,5,544,1,14,2,1,1,0,0.5,1,6.5,0,0,1,1
4873249,1989,10875,1987,"HU","",164865,3,7,514,3,31,3,0,1,,0,,8,0,0,,
4873348,1989,10875,1986,"HU","",102370,3,5,549,1,14,1,2,1,0,0,5.5,11,0,0,1,1
4874765,1989,10882,1987,"HU","",475360,3,4,514,3,31,1,3,0,0,,5.6667,28,0,0,0,0
4875809,1989,10889,1988,"HU","",,1,10,405,6,64,15,1,1,0,0.6044,5,6.6,,,,
4876790,1989,10896,1988,"HU","",79820,3,9,29,5,52,3,7,0.6667,0.8163,0,5,19.3333,0,0,0,0
4877199,1989,10896,1988,"HU","",75115,3,17,242,5,51,4,0,1,,0,,13,0,0,,
4877893,1989,10896,1988,"HU","",181125,3,5,558,1,14,1,0,1,,0,,25,0,0,,
4878007,1989,10896,1987,"HU","",75115,3,9,320,4,45,7,12,0.8571,0.1528,0.2778,6.5,14,0,0,0,0
4878918,1989,10903,1987,"HU","",,1,12,623,3,39,9,10,0.8889,0.5,0.4688,6.4,13,,,,
4879404,1989,10903,1988,"HU","",475360,3,11,560,1,14,3,0,1,,0.4444,,3.3333,0,0,,
4880208,1989,10910,1988,"HU","",561480,3,6,251,5,53,4,0,0,,,,50.5,0,0,,
4880630,1989,10910,1987,"HU","",273380,3,8,424,3,31,0,2,,0,,8.5,,,,0,0
4880732,1989,10910,1988,"HU","",273380,3,3,435,3,33,2,1,1,0,0,8,3,0,0,0,0
4880785,1989,10910,1988,"HU","",388010,3,1,514,3,31,0,0,,,,,,,,,
4880833,1989,10910,1986,"HU","",102370,3,8,514,3,31,6,4,1,0,0,7.5,11.5,0,0,0,0
4881596,1989,10917,1989,"HU","",,1,10,165,6,66,6,3,0.6667,0.6667,0.75,4,18.8333,,,,
4883798,1989,10924,1988,"HU","",164865,3,9,514,3,31,5,4,1,0,0,5.25,9.6,0,0,0,0
4883907,1989,10924,1988,"HU","",164865,3,5,560,1,14,1,0,1,,0,,6,0,0,,
4885526,1989,10931,1988,"HU","",167445,3,18,322,4,45,4,9,0.5,0.4938,0.5,6.3333,24.5,0,0,0,0
4885846,1989,10938,1988,"HU","",221375,3,7,33,6,69,3,7,1,0,0.4444,3.4286,3.3333,0,0,0,0
4889216,1989,10952,1988,"HU","",165020,3,16,192,5,53,7,0,1,,0.6122,,7.5714,0,0,,
4889944,1989,10952,1987,"HU","",181125,3,13,558,1,14,2,1,1,0,0,7,6.5,0,0,0,0
4891541,1990,10959,1988,"HU","",165020,3,26,313,4,42,6,1,0.5,0,0.4444,4,27,0.5,0.1667,0,0
4891758,1990,10959,1988,"HU","",129360,3,6,701,2,22,8,4,1,0.375,0,5.75,3.625,0,0,0,0
4893525,1990,10973,1988,"HU","",349325,3,5,475,5,53,12,1,0.75,0,0.3704,2,25.3333,0,0,0,0
4894459,1990,10973,1987,"HU","",475360,3,4,548,1,14,2,2,1,0.5,0,4.5,4.5,0,0,0,0
4894780,1990,10973,1988,"HU","",129360,3,5,701,2,22,5,10,1,0.54,0.56,3.5,9.6,0,0,0,0
4896565,1990,10987,1988,"HU","",,1,8,477,5,53,2,4,1,0.625,0.5,3,17.5,,,,
4897027,1990,10987,1988,"HU","",611350,3,5,425,5,51,11,2,0.7273,0.5,0.6875,8,21,0,0,0,0
4897413,1990,10987,1987,"HU","",18575,3,4,514,3,31,4,0,1,,0.625,,11.25,0.25,0.25,,
4898554,1990,10994,1989,"HU","",590810,3,14,445,4,42,2,0,0.5,,0,,19.5,0,0,,
4902773,1990,11008,1987,"HU","",404820,3,13,528,1,15,12,16,0.9167,0.7891,0.5124,7.9375,17.4167,0,0,0,0
4902884,1990,11008,1988,"HU","",156890,3,14,250,4,44,6,1,1,0,0.8333,2,11.5,0,0,0,0
4903773,1990,11015,1989,"HU","",349230,3,7,166,6,64,8,1,1,0,0.5313,1,6.75,0.125,0.125,0,0
4904647,1990,11015,1988,"HU","",102370,3,6,514,3,31,3,12,1,0.1528,0,5.0833,12,0,0,0,0
4904669,1990,11015,1986,"HU","",164865,3,9,514,3,31,0,0,,,,,,,,,
4906435,1990,11022,1988,"HU","",,1,5,420,5,52,2,0,0.5,,0,,22.5,,,,
4906574,1990,11022,1988,"HU","",64775,3,7,435,3,33,6,2,0.5,0,0.6667,9,22.8333,0,0,0,0
4906622,1990,11022,1988,"HU","",164865,3,5,514,3,31,1,1,1,0,0,0,10,0,0,1,1
4908507,1990,11029,1988,"HU","",423855,3,12,250,4,44,4,2,1,0.5,0.375,3,12.25,0,0,0,0
4908622,1990,11029,1988,"HU","",396135,3,7,341,2,22,4,4,1,0.625,0.5,3,10,0,0,0,0
4909208,1990,11036,1988,"HU","",,1,1,123,5,53,6,2,0.3333,0,0.5,7,53.3333,,,,
4909309,1990,11036,1989,"HU","",173785,3,6,165,6,66,7,4,0.8571,0.625,0,4.5,23.8571,0,0,0.5,0.25
4912364,1990,11043,1988,"HU","",590810,3,17,313,4,42,2,0,0.5,,0,,27,0,0,,
4914983,1990,11057,1988,"HU","",129360,3,3,477,5,53,9,2,0.8889,0.5,0.6875,3,10.4444,0,0,0,0
4915149,1990,11057,1988,"HU","",,1,4,144,5,51,12,2,0.4167,0,0.72,4.5,41.5,,,,
4915878,1990,11057,1988,"HU","",,1,9,261,1,19,9,3,0.8889,0,0.6875,7,14.4444,,,,
4916149,1990,11057,1988,"HU","",102370,3,4,514,3,31,1,3,1,0,0,5.6667,17,0,0,0,0
4917587,1990,11064,1988,"HU","",188795,3,10,425,5,51,8,2,0.625,0.5,0.64,6.5,22.75,0,0,0,0
4920400,1990,11071,1989,"HU","",471780,3,5,257,4,46,2,2,1,0.5,0.5,0.5,13,0,0,0,0
4921020,1990,11078,1987,"HU","",156895,3,9,141,5,51,11,11,0.8182,0.562,0.3457,7.0909,17.4545,0,0,0,0
4921707,1990,11078,1988,"HU","",,1,8,424,3,31,1,0,1,,0,,23,,,,
4921854,1990,11078,1987,"HU","",164865,3,13,514,3,31,3,0,1,,0,,5,0,0,,
4921861,1990,11078,1988,"HU","",54310,3,4,514,3,31,1,0,1,,0,,2,0,0,,
4921960,1990,11078,1988,"HU","",54310,3,6,546,1,14,1,0,1,,0,,2,0,0,,
4922021,1990,11078,1988,"HU","",54310,3,2,564,1,14,9,0,0.8889,,0.75,,17.8889,0,0,,
4923529,1990,11085,1988,"HU","",590810,3,10,266,5,52,4,0,0.75,,0,,23.25,0,0,,
4923647,1990,11085,1987,"HU","",561480,3,2,264,5,51,11,0,0.8182,,0.3457,,21.8182,0,0,,
4923853,1990,11085,1988,"HU","",102370,3,9,514,3,31,2,2,1,0,0,4,10.5,0.5,0.5,0,0
4923888,1990,11085,1988,"HU","",475360,3,4,514,3,31,0,0,,,,,,,,,
4925422,1990,11092,1988,"HU","",590810,3,2,445,4,42,4,0,0,,,,43.75,0,0,,
4925878,1990,11092,1988,"HU","",102370,3,1,514,3,31,0,1,,0,,4,,,,0,0
4926861,1990,11099,1987,"HU","",241970,2,6,607,3,32,6,2,1,0,0.7222,6.5,15.5,0,0,0,0
4927253,1990,11099,1988,"HU","",,1,16,359,5,54,8,2,0.875,0,0.2449,2,16.875,,,,
4927549,1990,11099,1988,"HU","",164865,3,6,508,5,59,5,1,0.8,0,0.375,8,22,0,0,0,0
4927573,1990,11099,1989,"HU","",188795,3,8,264,5,51,13,36,0.7692,0.5432,0.54,5.1389,18.8462,0,0,0,0
4930374,1990,11113,1988,"HU","",129360,3,6,477,5,53,11,14,1,0.449,0.3967,4.7143,5.7273,0,0,0,0
4931004,1990,11113,1988,"HU","",561480,3,10,425,5,51,8,4,1,0.625,0,6,14.125,0,0,0,0
4931585,1990,11113,1989,"HU","",404820,3,3,562,1,14,0,3,,0,,4.6667,,,,0,0
4931736,1990,11113,1988,"HU","",349185,3,31,324,4,43,5,2,0.2,0,0,4,28.4,0,0,0,0
4933887,1990,11120,1989,"HU","",79815,3,20,702,2,22,10,7,0.8,0,0.5313,4.1429,16.9,0,0,0,0
4934865,1990,11127,1987,"HU","",115570,3,10,405,6,64,6,2,0.8333,0,0.72,6.5,14.6667,0,0,0,0
4935123,1990,11127,1987,"HU","",349190,3,21,209,5,51,8,1,0.875,0,0.6939,10,22,0,0,0,0
4935512,1990,11127,1988,"HU","",102370,3,6,544,1,14,3,1,1,0,0,3,7,0,0,0,0
4937233,1990,11134,1989,"HU","",388015,3,1,514,3,31,0,0,,,,,,,,,
4937252,1990,11134,1988,"HU","",475360,3,6,514,3,31,1,1,0,0,,3,28,0,0,1,1
4939142,1990,11141,1989,"HU","",164865,3,17,514,3,31,4,2,1,0,0.375,6.5,5.5,0,0,0,0
4939410,1990,11141,1988,"HU","",349270,3,9,313,4,42,2,3,1,0.4444,0.5,6.6667,14,0,0,0,0
4940716,1990,11148,1988,"HU","",102370,3,6,514,3,31,1,0,1,,0,,1,0,0,,
4940794,1990,11148,1988,"HU","",102370,3,2,546,1,14,2,6,1,0.8333,0,3.8333,1,1,1,0.1667,0.1667
4943307,1990,11162,1988,"HU","",102370,3,10,504,1,11,4,2,1,0.5,0.625,7.5,4.5,0.6667,0.5,0,0
4943678,1990,11162,1985,"HU","",102370,3,6,514,3,31,3,1,0.3333,0,0,11,31.3333,0,0,0,0
4948420,1990,11183,1988,"HU","",79825,3,4,504,1,11,1,0,1,,0,,2,1,1,,
4948873,1990,11183,1986,"HU","",475360,3,3,530,1,15,9,0,1,,0.4938,,7.5556,0.1111,0.1111,,
4949075,1990,11183,1988,"HU","",349210,3,14,340,2,21,4,3,1,0.4444,0,4.6667,11,0,0,0,0
4950481,1990,11190,1986,"HU","",273380,3,8,424,3,31,1,3,1,0,0,7.6667,20,0,0,0,0
4950491,1990,11190,1989,"HU","",,1,8,426,6,61,1,0,0,,,,77,,,,
4950651,1990,11190,1985,"HU","",102370,3,6,514,3,31,1,0,1,,0,,16,0,0,,
4950682,1990,11190,1989,"HU","",102370,3,14,514,3,31,8,1,0.875,0,0.4898,8,12.125,0.3333,0.25,0,0
4951700,1990,11197,1989,"HU","",607085,3,7,137,6,69,7,3,0.5714,0.4444,0,4,28.7143,0,0,0,0
4954628,1990,11204,1989,"HU","",404815,3,16,544,1,14,1,1,1,0,0,3,5,0,0,0,0
4956007,1990,11211,1985,"HU","",475360,3,8,504,1,11,5,0,1,,0.56,,14.4,0,0,,
4958766,1990,11225,1989,"HU","",79815,3,14,237,6,66,1,0,1,,0,,5,0,0,,
4959588,1990,11225,1989,"HU","",590810,3,7,313,4,42,1,5,1,0.32,0,5.4,15,0,0,0,0
4960332,1990,11232,1988,"HU","",609205,3,5,356,4,43,1,3,1,0.6667,0,3.6667,15,0,0,0,0
4960773,1990,11232,1988,"HU","",102370,3,8,514,3,31,2,4,1,0.375,0,2.75,2.5,1,1,0,0
4960797,1990,11232,1989,"HU","",102370,3,6,514,3,31,7,4,1,0.375,0.449,4.75,13.4286,0.2857,0.2857,0.25,0.25
4960888,1990,11232,1989,"HU","",475360,3,7,544,1,14,3,0,1,,0,,12.3333,0,0,,
4960913,1990,11232,1989,"HU","",102370,3,6,552,1,14,7,0,1,,0.449,,6.4286,0,0,,
4963584,1990,11246,1989,"HU","",102370,3,5,514,3,31,4,1,1,0,0.375,3,9.25,0,0,1,1
4965259,1990,11253,1988,"HU","",164865,3,13,514,3,31,7,3,0.8571,0.4444,0.6111,9.3333,14.8571,0.2,0.1429,0,0
4965876,1990,11253,1989,"HU","",,1,10,362,4,42,4,5,1,0.32,0.625,6.2,11.5,,,,
4967566,1990,11267,1987,"HU","",173785,3,7,62,6,69,7,10,1,0.18,0,7.2,11,0.4,0.2857,0.1,0.1
4967964,1990,11267,1989,"HU","",156895,3,6,239,5,59,2,0,1,,0,,6.5,0,0,,
4968484,1990,11267,1988,"HU","",600015,2,5,422,1,19,3,2,0.6667,0,0.5,4.5,16.3333,0,0,0,0
4968819,1990,11267,1989,"HU","",18575,3,10,549,1,14,2,1,1,0,0.5,0,12.5,0,0,0,0
4968840,1990,11267,1989,"HU","",404820,3,10,562,1,14,1,0,0,,,,55,0,0,,
4969886,1990,11274,1988,"HU","",,1,5,606,3,32,5,2,1,0,0.32,7.5,6.6,,,,
4971840,1990,11281,1989,"HU","",,5,3,427,1,12,3,0,1,,0.6667,,1,,,,
4973048,1990,11288,1988,"HU","",,1,16,482,5,59,2,0,1,,0,,8,,,,
4973237,1990,11288,1989,"HU","",349290,3,20,425,5,51,7,2,0.7143,0,0.8,2,18.8571,0,0,0,0
4974568,1990,11295,1989,"HU","",46165,3,5,123,5,53,9,3,1,0.4444,0.3457,3.6667,4.8889,0.1111,0.1111,0,0
4975167,1990,11295,1989,"HU","",388000,3,2,204,1,19,3,1,1,0,0.4444,6,8.3333,0,0,0,0
4977686,1990,11309,1989,"HU","",580325,3,10,34,1,19,2,0,0,,,,49,0,0,,
4980346,1990,11316,1989,"HU","",181125,3,3,514,3,31,1,1,1,0,0,5,18,0,0,0,0
4981966,1991,11323,1989,"HU","",102370,3,4,544,1,14,2,2,1,0.5,0.5,4.5,4,0.5,0.5,0,0
4983301,1991,11330,1988,"HU","",,1,24,210,1,19,2,3,1,0.4444,0.5,5.6667,15.5,,,,
4983302,1991,11330,1986,"HU","",349195,3,8,210,1,19,7,4,1,0.625,0.6939,9.5,10.5714,0,0,0,0
4983764,1991,11330,1989,"HU","",404820,3,6,562,1,14,2,2,1,0.5,0,1.5,15,0,0,0,0
4985463,1991,11337,1985,"HU","",475360,3,2,514,3,31,16,0,0.9375,,0.8089,,16.5625,0,0,,
4986696,1991,11344,1988,"HU","",609435,3,6,405,6,64,6,3,0.5,0.4444,0.6667,5.3333,28.1667,0,0,0,0
4987541,1991,11344,1989,"HU","",,1,7,701,2,22,6,11,1,0.4463,0.7778,4.2727,3.5,,,,
4988238,1991,11351,1989,"HU","",21735,3,3,405,6,64,6,3,1,0,0.6111,6,5.1667,0,0,0,0
4988693,1991,11351,1988,"HU","",102370,3,4,514,3,31,0,0,,,,,,,,,
4988730,1991,11351,1989,"HU","",102370,3,6,514,3,31,0,8,,0.75,,5.875,,,,0,0
4990524,1991,11358,1989,"HU","",475360,3,4,514,3,31,1,0,1,,0,,3,0,0,,
4991660,1991,11365,1989,"HU","",11580,3,6,172,6,64,11,5,0.6364,0.32,0,5.4,29.4545,0,0,0,0
4993332,1991,11372,1989,"HU","",611340,3,9,110,6,66,6,10,1,0.68,0.2778,4.4,8.1667,0,0,0,0
4994296,1991,11372,1989,"HU","",236540,3,13,426,6,61,3,1,0.6667,0,0.5,6,17,0,0,0,0
4994448,1991,11372,1988,"HU","",164865,3,3,514,3,31,2,0,1,,0,,4,0,0,,
4994469,1991,11372,1988,"HU","",358180,3,9,514,3,31,3,0,1,,0.4444,,9.6667,0,0,,
4995939,1991,11379,1989,"HU","",349265,3,13,205,1,19,5,20,1,0.78,0.72,4.95,12.4,0,0,0,0
4997655,1991,11386,1989,"HU","",64775,3,8,424,3,31,12,0,1,,0,,9.6667,0,0,,
4998993,1991,11393,1984,"HU","",,1,2,239,5,59,9,1,0.5556,0,0.32,10,26.7778,,,,
4999454,1991,11393,1985,"HU","",102370,3,8,560,1,14,2,0,1,,0.5,,19,0,0,,
5002780,1991,11407,1990,"HU","",87715,3,5,426,6,61,6,5,0.8333,0.48,0.32,6.4,15.5,0,0,0,0
5004695,1991,11414,1987,"HU","",475360,3,2,435,3,33,1,2,1,0,0,5,14,0,0,0,0
5004948,1991,11414,1989,"HU","",590810,3,14,313,4,42,6,1,0.8333,0,0,4,15,0,0,0,0
5005146,1991,11414,1988,"HU","",349240,3,8,250,4,44,3,6,1,0.7778,0.4444,6.6667,18,0,0,0,0
5006149,1991,11421,1990,"HU","",557725,3,7,504,1,11,10,0,0.5,,0.64,,32.2,0,0,,
5006352,1991,11421,1988,"HU","",368815,3,6,426,6,61,9,9,0.4444,0.4938,0.375,7.3333,37.4444,0,0,0,0
5006489,1991,11421,1989,"HU","",590810,3,2,501,1,19,3,3,1,0.6667,0.4444,4,8,0,0,0,0
5006545,1991,11421,1989,"HU","",102370,3,2,514,3,31,2,0,1,,0,,3,0,0,,
5008246,1991,11428,1989,"HU","",475360,3,9,514,3,31,1,1,1,0,0,2,6,0,0,0,0
5008292,1991,11428,1987,"HU","",102370,3,3,514,3,31,9,3,1,0.6667,0.716,6.3333,19.1111,0.2857,0.2222,0.3333,0.3333
5008386,1991,11428,1988,"HU","",102370,3,8,536,1,14,2,6,1,0.7222,0.5,5.1667,3.5,0,0,0,0
5008440,1991,11428,1989,"HU","",79825,3,6,504,1,11,1,0,1,,0,,15,0,0,,
5013754,1991,11449,1989,"HU","",102370,3,16,514,3,31,12,3,1,0.4444,0.4444,1.6667,7.3333,0.0833,0.0833,0.6667,0.6667
5021597,1991,11477,1990,"HU","",475360,3,14,556,1,14,6,1,0.8333,0,0.56,2,21,0,0,0,0
5022293,1991,11484,1989,"HU","",273380,3,6,82,5,51,7,0,1,,0.449,,10.2857,0,0,,
5022972,1991,11484,1988,"HU","",388025,3,3,204,1,19,9,1,1,0,0.1975,7,14.1111,0,0,0,0
5023242,1991,11484,1988,"HU","",102370,3,8,514,3,31,3,0,1,,0.4444,,15.6667,0.5,0.3333,,
5023322,1991,11484,1989,"HU","",388020,3,8,530,1,15,3,0,1,,0.4444,,4.6667,0,0,,
5023337,1991,11484,1990,"HU","",102370,3,2,548,1,14,1,0,1,,0,,24,0,0,,
5024424,1991,11491,1988,"HU","",561480,3,7,267,5,59,7,0,0.8571,,0.2778,,14.8571,0,0,,
5026640,1991,11498,1984,"HU","",475360,3,4,435,3,33,4,0,0.75,,0.4444,,25.25,0,0,,
5026895,1991,11498,1985,"HU","",79825,3,15,560,1,14,8,2,1,0.5,0.2188,9.5,9.75,0,0,0,0
5028609,1991,11505,1989,"HU","",18575,3,4,514,3,31,2,0,1,,0.5,,2.5,0.5,0.5,,
5032600,1991,11519,1990,"HU","",18575,3,3,514,3,31,4,0,1,,0.625,,3.75,0.25,0.25,,
5035113,1991,11533,1989,"HU","",129360,3,11,60,4,45,12,6,1,0.7778,0.7917,5.8333,7,0,0,0,0
5035346,1991,11533,1989,"HU","",607085,3,5,222,1,19,2,2,0.5,0.5,0,8,39.5,0,0,0,0
5037641,1991,11540,1988,"HU","",64775,3,11,424,3,31,3,0,1,,0.4444,,5.3333,0,0,,
5037830,1991,11540,1990,"HU","",475360,3,5,514,3,31,3,0,1,,0,,10,0,0,,
5039258,1991,11547,1989,"HU","",173785,3,6,406,5,59,6,0,1,,0.6667,,14.6667,0,0,,
5039344,1991,11547,1989,"HU","",,4,13,106,1,12,3,0,0.6667,,0.5,,25.6667,,,,
5041535,1991,11554,1987,"HU","",475360,3,3,530,1,15,2,1,1,0,0.5,4,3.5,0,0,0,0
5042118,1991,11561,1990,"HU","",485710,3,15,24,6,63,13,2,0.6154,0,0.6563,7,26.8462,0,0,0,0
5042503,1991,11561,1990,"HU","",,5,8,600,3,32,3,11,1,0,0,4.8182,7.6667,,,,
5043153,1991,11561,1989,"HU","",206235,3,5,424,3,31,3,1,1,0,0,8,8.3333,0,0,0,0
5043163,1991,11561,1990,"HU","",102370,3,4,424,3,31,1,3,1,0.4444,0,1.6667,2,1,1,0.3333,0.3333
5043326,1991,11561,1989,"HU","",102370,3,8,514,3,31,2,5,1,0.48,0,5.2,10,1,1,0,0
5043338,1991,11561,1990,"HU","",102370,3,5,514,3,31,0,0,,,,,,,,,
5045311,1991,11568,1989,"HU","",102370,3,10,514,3,31,3,0,1,,0.4444,,10.3333,0,0,,
5046452,1991,11575,1990,"HU","",,1,4,119,6,61,2,1,1,0,0,3,8.5,,,,
5047230,1991,11575,1989,"HU","",164865,3,13,424,3,31,7,2,1,0,0.2449,2.5,6.4286,0,0,0,0
5047396,1991,11575,1989,"HU","",64775,3,7,514,3,31,1,15,1,0.32,0,7.6,8,0,0,0,0
5047434,1991,11575,1989,"HU","",164865,3,4,514,3,31,5,1,1,0,0,2,9.4,0,0,0,0
5048847,1991,11582,1990,"HU","",475360,3,5,277,6,67,8,2,0.875,0.5,0.4082,5,9,0,0,0,0
5049822,1991,11582,1989,"HU","",,1,18,324,4,43,4,0,0.5,,0,,22.5,,,,
5051217,1991,11589,1990,"HU","",188790,3,8,264,5,51,6,38,1,0.5789,0.4444,4.2368,8.1667,0,0,0,0
5053144,1991,11596,1990,"HU","",34755,3,20,210,1,19,5,0,0.2,,0,,45.6,0,0,,
5053404,1991,11596,1990,"HU","",475360,3,6,514,3,31,5,3,1,0.6667,0.32,4,19.6,0,0,0,0
5055125,1991,11603,1990,"HU","",404820,3,7,504,1,11,5,1,1,0,0.32,7,19,0,0,0,0
5056848,1991,11610,1989,"HU","",266545,3,4,296,5,55,6,3,0.5,0.4444,0.4444,7,28.3333,0,0,0,0
5059011,1991,11617,1990,"HU","",,1,12,359,5,54,7,0,1,,0.2449,,2.4286,,,,
5060672,1991,11624,1989,"HU","",436370,3,13,131,6,61,3,7,1,0.2449,0,6.5714,11,0,0,0,0
5061729,1991,11624,1988,"HU","",64775,3,6,514,3,31,1,5,1,0.48,0,6.2,28,0,0,0,0
5062574,1991,11631,1990,"HU","",14650,3,2,241,5,51,4,1,1,0,0,1,5.75,0,0,1,1
5064815,1991,11638,1990,"HU","",102370,3,11,514,3,31,4,2,1,0.5,0.375,2,8.5,0,0,1,1
5064826,1991,11638,1990,"HU","",,1,7,514,3,31,2,1,1,0,0,4,3.5,,,,
5068240,1991,11652,1990,"HU","",,1,13,514,3,31,1,0,1,,0,,28,,,,
5068424,1991,11652,1989,"HU","",404820,3,8,562,1,14,2,2,1,0.5,0,6,15.5,0,0,0,0
5071566,1991,11666,1989,"HU","",273455,3,6,210,1,19,9,2,1,0.5,0.5185,8.5,12.2222,0,0,0,0
5071849,1991,11666,1990,"HU","",164865,3,5,514,3,31,0,1,,0,,6,,,,0,0
5072022,1991,11666,1989,"HU","",79825,3,11,504,1,11,0,0,,,,,,,,,
5073742,1991,11673,1990,"HU","",590810,3,9,313,4,42,3,1,1,0,0.4444,1,8.3333,0,0,1,1
5075338,1991,11680,1989,"HU","",102370,3,8,514,3,31,0,2,,0,,7,,,,0,0
5075473,1991,11680,1990,"HU","",318530,3,10,556,1,14,5,0,0.2,,0,,27.6,0,0,,
5077009,1991,11687,1989,"HU","",639550,3,6,422,1,19,2,2,1,0.5,0.5,4,12.5,0,0,0,0
5077043,1991,11687,1990,"HU","",405010,3,14,424,3,31,9,0,1,,0.7407,,8.8889,0,0,,
5078205,1992,11694,1989,"HU","",173785,3,9,165,6,66,6,0,1,,0.5,,10.5,0,0,,
5079406,1992,11694,1990,"HU","",,1,13,219,4,49,6,2,0.8333,0.5,0.48,3.5,14.8333,,,,
5080837,1992,11701,1991,"HU","",273380,3,17,261,1,19,4,1,1,0,0,1,16.5,0,0,0,0
5080901,1992,11701,1989,"HU","",475360,3,3,424,3,31,13,7,0,0.2449,,5.1429,118.9231,0,0,0,0
5082835,1992,11708,1990,"HU","",475360,3,6,514,3,31,2,1,1,0,0,5,26,0,0,0,0
5083429,1992,11715,1989,"HU","",,1,36,60,4,45,3,1,1,0,0,3,16.6667,,,,
5087447,1992,11729,1989,"HU","",,1,4,424,3,31,1,1,1,0,0,8,25,,,,
5088967,1992,11736,1991,"HU","",349325,3,15,475,5,53,5,2,1,0.5,0.72,6,10.2,0,0,0,0
5091194,1992,11743,1988,"HU","",,1,1,424,3,31,6,1,0.3333,0,0.5,3,75.5,,,,
5091355,1992,11743,1990,"HU","",475360,3,4,502,1,19,1,0,1,,0,,3,0,0,,
5091411,1992,11743,1989,"HU","",102370,3,14,514,3,31,0,1,,0,,5,,,,0,0
5091530,1992,11743,1988,"HU","",102370,3,3,544,1,14,4,2,1,0.5,0.625,4.5,3.25,0.75,0.75,0,0
5092719,1992,11750,1990,"HU","",,1,7,408,5,51,3,3,0.3333,0,0,6,45,,,,
5092886,1992,11750,1990,"HU","",,1,5,623,3,39,7,4,0.8571,0.375,0.7778,3.5,11,,,,
5093141,1992,11750,1990,"HU","",349230,3,12,426,6,61,2,7,1,0.2449,0,4.5714,7.5,0,0,0,0
5093320,1992,11750,1990,"HU","",475360,3,4,514,3,31,5,0,1,,0.32,,9.8,0.2,0.2,,
5093359,1992,11750,1989,"HU","",102370,3,8,514,3,31,2,0,1,,0.5,,18,0.5,0.5,,
5096612,1992,11764,1988,"HU","",102370,3,11,252,1,19,6,3,1,0.6667,0.6667,5.6667,7,0,0,0.3333,0.3333
5096902,1992,11764,1990,"HU","",475360,3,16,514,3,31,2,2,1,0.5,0.5,4,5,0,0,0,0
5097031,1992,11764,1990,"HU","",475360,3,2,546,1,14,1,0,1,,0,,4,0,0,,
5101138,1992,11778,1990,"HU","",590810,3,6,313,4,42,1,0,1,,0,,22,0,0,,
5104562,1992,11792,1990,"HU","",181125,3,14,252,1,19,4,3,0.75,0,0,5,19.75,0,0,0,0
5104857,1992,11792,1990,"HU","",102370,3,4,514,3,31,2,0,1,,0.5,,3.5,1,1,,
5104884,1992,11792,1988,"HU","",18575,3,8,514,3,31,4,4,1,0,0.375,5,10.25,0,0,0,0
5106418,1992,11799,1989,"HU","",260921,3,6,106,1,12,4,0,1,,0,,26.5,0,0,,
5106846,1992,11799,1990,"HU","",475360,3,3,514,3,31,6,0,1,,0.6111,,16.5,0,0,,
5108757,1992,11806,1990,"HU","",164865,3,21,424,3,31,4,6,1,0.5,0.375,6,3,0,0,0,0
5109182,1992,11806,1990,"HU","",590810,3,9,313,4,42,8,0,1,,0.5938,,9.625,0,0,,
5110720,1992,11813,1989,"HU","",682185,3,8,433,3,39,2,3,1,0.6667,0.5,5.6667,15.5,0,0,0,0
5110976,1992,11813,1991,"HU","",102370,3,6,558,1,14,3,2,1,0.5,0.4444,1,1,0.3333,0.3333,0,0
5112815,1992,11820,1991,"HU","",682413,3,6,514,3,31,1,1,1,0,0,5,15,0,0,0,0
5116104,1992,11834,1990,"HU","",363580,3,14,299,6,64,4,0,0.25,,0,,34.25,0,0,,
5116402,1992,11834,1989,"HU","",682803,3,33,504,1,11,10,1,1,0,0.58,5,14.8,0,0,0,0
5118687,1992,11841,1990,"HU","",475360,3,13,514,3,31,1,0,1,,0,,17,0,0,,
5118693,1992,11841,1990,"HU","",475360,3,7,514,3,31,1,0,0,,,,34,0,0,,
5120344,1992,11848,1991,"HU","",21735,3,13,71,1,11,3,10,1,0.88,0.4444,4,10,0,0,0,0
5120711,1992,11848,1990,"HU","",164865,3,2,514,3,31,9,3,0.8889,0.4444,0,2.6667,14.8889,0,0,0,0
5120850,1992,11848,1990,"HU","",475360,3,1,548,1,14,5,0,1,,0.48,,5.8,0.4,0.4,,
5122271,1992,11855,1990,"HU","",,1,5,210,1,19,15,1,0.7333,0,0.1653,2,21.3333,,,,
5122349,1992,11855,1990,"HU","",22360,3,10,423,1,19,12,0,0.8333,,0,,16.6667,0,0,,
5122607,1992,11855,1990,"HU","",475360,3,9,546,1,14,6,0,1,,0.4444,,9.1667,0.8333,0.8333,,
5125653,1992,11869,1990,"HU","",,1,8,124,5,59,6,13,1,0.3787,0.5,4.1538,5.6667,,,,
5126415,1992,11869,1990,"HU","",388015,3,4,526,1,15,7,0,1,,0.2449,,14.5714,0,0,,
5126457,1992,11869,1989,"HU","",164865,3,16,546,1,14,0,0,,,,,,,,,
5128477,1992,11876,1991,"HU","",475360,3,1,548,1,14,1,0,1,,0,,1,0,0,,
5129456,1992,11883,1991,"HU","",173785,3,6,165,6,66,5,0,1,,0.32,,8.8,0.2,0.2,,
5129716,1992,11883,1990,"HU","",,1,30,351,3,39,12,34,0.9167,0.5779,0.7438,4.9118,8.25,,,,
5130047,1992,11883,1990,"HU","",590810,3,12,252,1,19,7,1,1,0,0.8571,7,11.7143,0,0,0,0
5130487,1992,11883,1991,"HU","",164865,3,3,564,1,14,2,2,1,0,0,3.5,3.5,0,0,0.5,0.5
5132303,1992,11890,1990,"HU","",475360,3,6,514,3,31,1,0,1,,0,,24,0,0,,
5132309,1992,11890,1990,"HU","",475360,3,9,514,3,31,1,1,1,0,0,4,24,0,0,0,0
5135225,1992,11904,1990,"HU","",,1,4,273,6,62,2,2,1,0.5,0,6.5,14.5,,,,
5135928,1992,11904,1990,"HU","",164865,3,5,514,3,31,1,1,1,0,0,6,13,0,0,0,0
5137605,1992,11911,1990,"HU","",475360,3,3,203,1,19,8,0,0.625,,0.32,,32,0,0,,
5137834,1992,11911,1990,"HU","",18575,3,1,436,1,19,4,0,1,,0.375,,13.5,0.25,0.25,,
5138994,1992,11918,1990,"HU","",,1,1,123,5,53,3,0,0.3333,,0,,45.3333,,,,
5139777,1992,11918,1989,"HU","",685147,3,9,424,3,31,4,2,1,0,0.625,5,14.25,0,0,0,0
5145985,1992,11939,1990,"HU","",18575,3,6,548,1,14,4,5,1,0.32,0.75,4.8,8.5,0.3333,0.25,0,0
5147879,1992,11946,1990,"HU","",685909,3,4,514,3,31,2,0,1,,0.5,,11.5,0,0,,
5149763,1992,11953,1990,"HU","",388300,3,6,528,1,15,4,0,0.75,,0,,23.75,0,0,,
5150059,1992,11953,1990,"HU","",686122,3,9,324,4,43,4,1,1,0,0.625,5,9.25,0,0,0,0
5150749,1992,11960,1991,"HU","",173785,3,21,165,6,66,10,3,1,0.4444,0.54,3.3333,7.5,0.25,0.2,0,0
5151419,1992,11960,1990,"HU","",102370,3,6,514,3,31,0,2,,0.5,,3.5,,,,0,0
5153349,1992,11967,1990,"HU","",102370,3,11,558,1,14,5,2,1,0.5,0.48,5,5.4,0.2,0.2,0,0
5154227,1992,11974,1991,"HU","",173785,3,17,165,6,66,6,0,1,,0.2778,,21.1667,0,0,,
5155123,1992,11974,1990,"HU","",475360,3,8,514,3,31,0,0,,,,,,,,,
5155260,1992,11974,1991,"HU","",164865,3,5,562,1,14,4,0,1,,0.625,,15.5,0,0,,
5156960,1992,11981,1989,"HU","",64775,3,2,435,3,33,4,8,1,0.4063,0.5,6.5,9.5,0,0,0,0
5157038,1992,11981,1990,"HU","",475360,3,4,514,3,31,4,0,1,,0,,20.75,0,0,,
5158951,1992,11988,1989,"HU","",102370,3,7,514,3,31,6,1,1,0,0.5,5,10.1667,1,1,0,0
5160489,1992,11995,1990,"HU","",475360,3,11,435,3,33,1,1,1,0,0,5,7,0,0,0,0
5161470,1992,12002,1990,"HU","",173785,3,6,110,6,66,8,7,1,0.2449,0.4063,3,6.5,0,0,0,0
5162359,1992,12002,1991,"HU","",475360,3,10,514,3,31,1,0,1,,0,,3,1,1,,
5163614,1992,12009,1991,"HU","",62345,3,11,238,5,55,6,1,0.5,0,0,1,46.3333,0,0,0,0
5164273,1992,12009,1991,"HU","",,1,15,429,4,45,5,4,1,0.5,0.32,5,14.6,,,,
5164390,1992,12009,1991,"HU","",421765,2,24,514,3,31,14,0,1,,0.4592,,12.7143,0.2,0.1429,,
5164670,1992,12009,1990,"HU","",557035,2,16,324,4,43,2,0,1,,0,,3,0,0,,
5165932,1992,12016,1989,"HU","",687672,3,1,424,3,31,2,4,1,0.5,0,5.75,5,0,0,0,0
5166354,1992,12016,1991,"HU","",18575,3,6,546,1,14,0,0,,,,,,,,,
5168556,1992,12023,1989,"HU","",512710,3,16,710,2,22,2,1,1,0,0.5,5,8,0.5,0.5,0,0
5169000,1992,12030,1992,"HU","",590810,3,9,206,6,68,4,0,0.5,,0.5,,22.25,0,0,,
5169751,1992,12030,1991,"HU","",688030,3,6,430,1,19,4,2,1,0,0.375,4,8.75,0,0,0,0
5169847,1992,12030,1991,"HU","",164865,3,4,514,3,31,0,0,,,,,,,,,
5169859,1992,12030,1991,"HU","",475360,3,6,514,3,31,1,0,1,,0,,2,1,1,,
5170095,1992,12030,1991,"HU","",590810,3,11,313,4,42,11,2,1,0,0.562,3,12.6364,0,0,0,0
5171835,1992,12037,1991,"HU","",590595,2,21,530,1,15,5,12,1,0.2917,0.48,4.4167,6,0,0,0,0
5175163,1992,12051,1990,"HU","",164865,3,6,514,3,31,2,0,0.5,,0,,28.5,0,0,,
5175297,1992,12051,1991,"HU","",18575,3,10,546,1,14,0,0,,,,,,,,,
5176441,1993,12058,1991,"HU","",590810,3,6,362,4,42,9,3,0.7778,0.4444,0,2.3333,19.1111,0,0,0,0
5176447,1993,12058,1990,"HU","",688679,3,17,366,1,19,15,0,0.1333,,0,,70.1333,0,0,,
5176929,1993,12058,1991,"HU","",349230,3,11,426,6,61,4,0,0.75,,0.4444,,29.25,0,0,,
5179089,1993,12065,1991,"HU","",102370,3,33,514,3,31,0,0,,,,,,,,,
