4425158,1984,8775,1981,"HU","",165025,3,7,504,1,11,1,2,1,0.5,0,3,3,1,1,0.5,0.5
4425219,1984,8775,1981,"HU","",561225,3,11,208,1,19,9,0,1,,0,,6.1111,0,0,,
4425349,1984,8775,1982,"HU","",102370,3,4,514,3,31,2,2,1,0,0,13.5,1.5,0,0,0,0
4425358,1984,8775,1982,"HU","",102370,3,11,514,3,31,1,1,1,0,0,7,4,0,0,0,0
4425608,1984,8775,1982,"HU","",611335,3,15,362,4,42,2,0,1,,0.5,,14,0,0,,
4425761,1984,8782,1981,"HU","",46170,3,3,60,4,45,5,1,0.8,0,0,11,15.8,0.5,0.2,0,0
4426948,1984,8789,1981,"HU","",129400,3,5,112,6,63,3,9,0.6667,0,0,9.6667,16.6667,0,0,0,0
4427908,1984,8789,1981,"HU","",611350,3,1,310,4,45,4,3,0.5,0.6667,0,8,22.5,0,0,0,0
4428877,1984,8796,1981,"HU","",475360,3,6,540,1,14,4,0,1,,0.375,,6,0.25,0.25,,
4428938,1984,8796,1982,"HU","",475360,3,3,514,3,31,2,27,1,0.5118,0.5,8.2692,3.5,0,0,0.08,0.0741
4429062,1984,8796,1981,"HU","",,1,6,523,1,15,2,2,1,0.5,0.5,13.5,7,,,,
4429123,1984,8796,1982,"HU","",102370,3,6,549,1,14,0,0,,,,,,,,,
4429129,1984,8796,1982,"HU","",475360,3,4,546,1,14,3,1,1,0,0.6667,4,6.3333,0.6667,0.6667,1,1
4429507,1984,8803,1981,"HU","",129510,3,11,52,6,69,11,0,0.1818,,0,,46.6364,0,0,,
4430164,1984,8803,1982,"HU","",462260,3,5,205,1,19,2,1,1,0,0.5,4,4.5,0,0,0,0
4430264,1984,8803,1982,"HU","",475360,3,3,530,1,15,1,2,1,0.5,0,3.5,3,1,1,1,1
4430512,1984,8803,1981,"HU","",129525,3,3,210,1,19,9,0,0.7778,,0.449,,16.6667,0,0,,
4431003,1984,8810,1982,"HU","",319430,3,5,36,6,63,5,1,0.2,0,0,11,26.2,0,0,0,0
4431553,1984,8810,1981,"HU","",46170,3,7,508,5,59,6,2,0.1667,0,0,4.5,35.5,0,0,0,0
4432901,1984,8817,1981,"HU","",475360,3,4,540,1,14,0,1,,0,,3,,,,0,0
4432982,1984,8817,1982,"HU","",475360,3,5,514,3,31,4,1,1,0,0.375,3,5,0.5,0.5,1,1
4433485,1984,8824,1982,"HU","",62630,3,8,33,6,69,4,0,0,,,,68.25,0,0,,
4434099,1984,8824,1981,"HU","",475360,3,8,540,1,14,2,0,1,,0,,2.5,0,0,,
4434152,1984,8824,1982,"HU","",102370,3,12,424,3,31,11,3,0.8182,0,0.5679,6,13.4545,0.1667,0.0909,0,0
4435129,1984,8831,1981,"HU","",,1,8,417,5,53,5,0,0.4,,0.5,,30,,,,
4435182,1984,8831,1981,"HU","",217350,3,6,23,1,19,7,0,0.7143,,0.72,,14.7143,0,0,,
4435322,1984,8831,1981,"HU","",475360,3,7,540,1,14,2,1,1,0,0,2,2.5,0,0,1,1
4435567,1984,8831,1981,"HU","",102370,3,1,544,1,14,0,2,,0.5,,3,,,,0,0
4436550,1984,8838,1982,"HU","",561225,3,4,75,5,52,2,4,0.5,0.625,0,7,31.5,1,0.5,0,0
4436954,1984,8838,1981,"HU","",,1,10,174,4,41,6,7,0.8333,0.4082,0.56,7.8571,18,,,,
4437060,1984,8838,1981,"HU","",349265,3,8,324,4,43,1,6,1,0.5,0,8.3333,9,0,0,0,0
4437824,1984,8845,1981,"HU","",100765,3,5,425,5,51,4,1,0.25,0,0,7,27,0,0,0,0
4438132,1984,8845,1982,"HU","",102370,3,39,514,3,31,1,1,1,0,0,0,6,0,0,1,1
4438706,1984,8852,1982,"HU","",611350,3,6,588,1,19,11,35,0.6364,0.7918,0.7347,10.2857,18.6364,0,0,0,0
4439131,1984,8852,1982,"HU","",62345,3,3,425,5,51,8,0,0.25,,0.5,,47.375,0,0,,
4440619,1984,8859,1982,"HU","",462260,3,5,204,1,19,2,2,1,0.5,0.5,9,12,0,0,0,0
4444020,1984,8880,1982,"HU","",665545,3,10,62,6,69,5,1,0.6,0,0.4444,1,16.8,0,0,0,0
4445927,1984,8887,1981,"HU","",404820,3,2,504,1,11,1,1,1,0,0,8,10,0,0,0,0
4446139,1984,8887,1982,"HU","",475360,3,10,514,3,31,5,0,1,,0.48,,5.8,0.8,0.8,,
4446788,1984,8894,1982,"HU","",336485,3,10,100,5,59,9,5,0.5556,0.32,0.32,11.6,30.5556,0,0,0,0
4447057,1984,8894,1981,"HU","",218875,3,3,273,6,62,11,1,0.6364,0,0.2449,11,27.9091,0,0,0,0
4449460,1984,8908,1982,"HU","",,5,4,110,6,66,5,1,0.6,0,0.4444,3,30.4,,,,
4450309,1984,8908,1982,"HU","",102370,3,7,570,1,14,0,1,,0,,3,,,,0,0
4450608,1984,8915,1982,"HU","",475360,3,6,29,5,52,9,2,0.5556,0.5,0.56,8.5,26.7778,0,0,0,0
4451473,1984,8915,1982,"HU","",475360,3,11,514,3,31,0,0,,,,,,,,,
4451483,1984,8915,1982,"HU","",102370,3,24,514,3,31,1,1,1,0,0,1,1,0,0,1,1
4451804,1984,8915,1982,"HU","",,1,7,333,2,21,4,4,0.5,0.625,0.5,6.75,31.25,,,,
4452445,1984,8922,1982,"HU","",364805,3,3,482,5,59,2,9,0.5,0.5185,0,7.6667,25,0,0,0,0
4452548,1984,8922,1981,"HU","",318535,3,7,210,1,19,7,5,0.4286,0.56,0.4444,8.2,40.2857,0,0,0,0
4452982,1984,8922,1980,"HU","",102370,3,8,544,1,14,4,1,1,0,0.625,12,10,1,0.75,1,1
4453498,1984,8929,1983,"HU","",173785,3,1,122,6,66,7,7,0.7143,0.2449,0,6.1429,19.7143,0,0,0,0
4455035,1984,8936,1982,"HU","",,1,5,280,5,55,2,5,1,0,0,5.4,4,,,,
4455833,1984,8943,1981,"HU","",611300,3,8,60,4,45,5,0,1,,0.72,,5.2,0,0,,
4456601,1984,8943,1982,"HU","",475360,3,7,514,3,31,1,2,1,0,0,12.5,3,0,0,0,0
4456607,1984,8943,1981,"HU","",475360,3,14,514,3,31,5,1,1,0,0.72,9,5.4,0.5,0.4,1,1
4456752,1984,8943,1981,"HU","",102370,3,3,544,1,14,2,0,1,,0.5,,12,1,0.5,,
4456935,1984,8943,1981,"HU","",79820,3,24,360,2,24,3,0,1,,0,,4.3333,0,0,,
4457759,1984,8950,1982,"HU","",71720,3,12,8,1,11,4,4,0.5,0.625,0,9,26.5,0,0,0,0
4459262,1984,8957,1982,"HU","",203165,3,4,420,5,52,2,1,1,0,0,1,5,0,0,0,0
4459314,1984,8957,1982,"HU","",605470,3,7,426,6,61,12,0,0.75,,0.6173,,13.4167,0,0,,
4459509,1984,8957,1982,"HU","",165020,3,5,313,4,42,2,1,1,0,0,3,4,0.5,0.5,0,0
4460771,1984,8964,1976,"HU","",102370,3,4,544,1,14,8,3,1,0,0.375,12.3333,7.5,0.25,0.25,0.6667,0.6667
4461632,1984,8971,1982,"HU","",475360,3,30,96,1,13,6,1,0.3333,0,0.5,5,38.8333,0,0,0,0
4461769,1984,8971,1979,"HU","",102370,3,23,514,3,31,10,0,0.8,,0.7813,,16.8,0.5,0.2,,
4462993,1984,8978,1982,"HU","",64775,3,25,514,3,31,2,2,1,0.5,0.5,6.5,2,0,0,0.5,0.5
4464504,1984,8985,1983,"HU","",388300,3,4,524,1,15,5,5,1,0.64,0.56,10.2,8,0,0,0,0
4464510,1984,8985,1982,"HU","",388300,3,4,525,1,15,4,4,1,0.625,0.625,10.75,6.25,0,0,0,0
4464534,1984,8985,1982,"HU","",475360,3,13,546,1,14,6,2,1,0.5,0.6667,6,5.6667,0.5,0.5,1,1
4464535,1984,8985,1982,"HU","",475360,3,4,546,1,14,4,4,1,0.375,0.625,6.75,5,0.25,0.25,0.5,0.5
4464953,1984,8992,1981,"HU","",349325,3,3,192,5,53,8,3,0.5,0.4444,0,10.3333,34.375,0,0,0,0
4465128,1984,8992,1981,"HU","",421600,3,6,165,6,66,6,3,0.5,0,0,8.6667,29.1667,0,0,0,0
4465625,1984,8992,1977,"HU","",475360,3,1,530,1,15,0,0,,,,,,,,,
4465855,1984,8992,1982,"HU","",102370,3,7,562,1,14,2,0,0.5,,0,,17,0,0,,
4466961,1984,8999,1982,"HU","",260770,3,4,514,3,31,3,1,1,0,0.4444,11,7.3333,0,0,0,0
4469692,1984,9013,1982,"HU","",18575,3,7,514,3,31,2,0,1,,0.5,,7.5,0,0,,
4469703,1984,9013,1982,"HU","",165025,3,5,514,3,31,10,0,0.5,,0.56,,21.6,0.25,0.1,,
4471959,1984,9027,1982,"HU","",,1,2,273,6,62,3,3,0.6667,0,0,8.6667,38,,,,
4472398,1984,9027,1979,"HU","",102370,3,3,514,3,31,4,3,1,0.4444,0.375,10,9.25,0.5,0.5,0.6667,0.6667
4472399,1984,9027,1981,"HU","",102370,3,28,514,3,31,3,1,0.3333,0,0,11,17.6667,1,0.3333,0,0
4473697,1984,9034,1983,"HU","",102370,3,10,548,1,14,2,1,1,0,0,11,9,0,0,0,0
4474334,1984,9041,1982,"HU","",561480,3,5,241,5,51,11,3,0.2727,0.4444,0.4444,7,39.8182,0,0,0.5,0.3333
4474960,1984,9041,1982,"HU","",475360,3,6,546,1,14,1,2,1,0.5,0,6,2,0,0,1,1
4477020,1984,9055,1981,"HU","",212550,3,15,236,6,69,1,3,1,0.4444,0,11,2,0,0,0,0
4477255,1984,9055,1982,"HU","",,1,2,604,3,32,3,1,1,0,0.6667,14,5.3333,,,,
4477427,1984,9055,1982,"HU","",349190,3,6,423,1,19,6,10,1,0.58,0.2778,9.4,14,0,0,0,0
4478745,1984,9062,1983,"HU","",475360,3,1,530,1,15,3,28,1,0.2526,0.4444,11.0714,4.3333,0.3333,0.3333,0.0357,0.0357
4479945,1984,9069,1982,"HU","",102370,3,16,514,3,31,2,2,1,0,0.5,4.5,2,0,0,0.5,0.5
4481204,1984,9076,1983,"HU","",475360,3,6,514,3,31,2,0,1,,0,,3,1,1,,
4481783,1984,9083,1982,"HU","",173785,3,5,62,6,69,10,4,0.6,0,0,12.25,19,0,0,0.3333,0.25
4482305,1984,9083,1983,"HU","",421600,3,5,418,5,53,4,1,0.75,0,0,11,23.25,0,0,0,0
4482494,1984,9083,1982,"HU","",475360,3,1,552,1,14,4,1,0.75,0,0.4444,5,11.5,0,0,0,0
4482535,1984,9083,1982,"HU","",,1,1,424,3,31,10,7,1,0.2449,0.78,6.2857,5.6,,,,
4482550,1984,9083,1982,"HU","",,1,3,514,3,31,5,1,0.8,0,0.625,15,14.8,,,,
4482557,1984,9083,1982,"HU","",102370,3,4,514,3,31,5,0,1,,0.48,,6.4,1,1,,
4483266,1984,9090,1981,"HU","",129400,3,7,112,6,63,11,3,0.9091,0.6667,0.46,9.3333,10.2727,0,0,0,0
4485825,1984,9104,1982,"HU","",364805,3,6,600,3,32,9,13,0.2222,0.2722,0.5,8.6154,35.1111,0,0,0,0
4486222,1984,9104,1983,"HU","",102370,7,10,504,1,11,4,1,1,0,0.625,9,14.25,0,0,0,0
4486359,1984,9104,1983,"HU","",18575,3,8,562,1,14,11,6,0.5455,0.5,0.5,7.1667,20.3636,0,0,0.1667,0.1667
4486393,1984,9104,1983,"HU","",349190,3,7,423,1,19,3,0,0.6667,,0,,20.6667,0,0,,
4486595,1984,9104,1983,"HU","",102370,3,10,548,1,14,0,0,,,,,,,,,
4486825,1984,9104,1981,"HU","",566560,3,2,712,2,22,3,0,1,,0.4444,,7.3333,0,0,,
4487936,1984,9111,1982,"HU","",102370,3,2,548,1,14,2,0,1,,0.5,,10,0,0,,
4488077,1984,9111,1981,"HU","",214250,3,9,310,4,45,6,0,0.3333,,0,,35.3333,0,0,,
4488901,1984,9118,1981,"HU","",181125,3,9,504,1,11,1,5,1,0.32,0,6.6,2,0,0,0,0
4489021,1984,9118,1982,"HU","",561480,3,3,264,5,51,9,1,0.5556,0,0.72,5,23.5556,0,0,0,0
4490378,1984,9125,1983,"HU","",475360,3,3,514,3,31,4,2,1,0.5,0.375,6,4,0.5,0.5,0,0
4490394,1984,9125,1982,"HU","",102370,3,3,426,6,61,4,1,0.75,0,0,8,20.5,0,0,0,0
4490539,1984,9125,1982,"HU","",396140,3,7,548,1,14,4,1,1,0,0,17,2.5,0,0,0,0
4491633,1985,9132,1982,"HU","",173785,3,5,436,1,19,1,1,1,0,0,14,14,0,0,0,0
4492494,1985,9139,1981,"HU","",349315,3,7,405,6,64,10,3,0.6,0.6667,0.7222,8,16.5,0,0,0,0
4492532,1985,9139,1982,"HU","",214240,3,5,417,5,53,4,0,0.5,,0,,18,0,0,,
4493727,1985,9146,1982,"HU","",181125,3,11,504,1,11,8,0,1,,0,,11.75,0,0,,
4493853,1985,9146,1983,"HU","",665545,3,12,426,6,61,7,1,0.4286,0,0,9,37,0,0,0,0
4494765,1985,9153,1982,"HU","",46170,3,5,280,5,55,2,4,1,0,0,7.5,9,0.5,0.5,0,0
4495189,1985,9153,1982,"HU","",102370,3,2,514,3,31,8,4,1,0.375,0.375,8.25,8.5,0.25,0.25,0.5,0.5
4497689,1985,9167,1983,"HU","",173785,7,35,202,1,19,3,0,0.6667,,0.5,,15,0,0,,
4498391,1985,9174,1983,"HU","",363580,3,3,102,1,19,5,5,1,0.32,0.64,8,5.6,0,0,0,0
4498789,1985,9174,1982,"HU","",252275,3,10,374,4,43,5,2,0.8,0.5,0.625,9,10.4,0,0,0,0
4499110,1985,9174,1983,"HU","",,1,2,426,6,61,5,0,0.8,,0,,14,,,,
4499947,1985,9181,1983,"HU","",349230,3,5,166,6,64,5,2,0.8,0,0.375,10.5,17.4,0,0,0,0
4501153,1985,9188,1982,"HU","",,1,9,73,4,43,5,3,1,0.4444,0.32,10.6667,13.2,,,,
4501732,1985,9188,1982,"HU","",102370,3,1,424,3,31,2,1,1,0,0.5,5,9.5,0.5,0.5,0,0
4503037,1985,9195,1982,"HU","",260680,3,4,424,3,31,3,7,1,0.2449,0.4444,10.5714,8.3333,0,0,0,0
4503047,1985,9195,1983,"HU","",336485,3,15,424,3,31,1,6,1,0.2778,0,11.8333,6,0,0,0,0
4504481,1985,9202,1983,"HU","",475360,3,4,514,3,31,3,0,1,,0.4444,,8.3333,0,0,,
4505622,1985,9209,1980,"HU","",349215,3,13,405,6,64,4,3,0.75,0,0.4444,9.6667,22.25,0,0,0,0
4506130,1985,9209,1983,"HU","",129385,3,13,219,4,49,2,0,1,,0,,11.5,0,0,,
4508658,1985,9223,1980,"HU","",102370,3,9,558,1,14,2,0,0.5,,0,,17.5,1,0.5,,
4508919,1985,9223,1983,"HU","",102370,3,9,562,1,14,3,1,1,0,0,5,4.3333,0,0,0,0
4508926,1985,9223,1983,"HU","",475360,3,4,568,1,14,4,0,0.5,,0.5,,22.5,0.5,0.25,,
4509330,1985,9230,1983,"HU","",320800,3,4,60,4,45,5,5,0.6,0.56,0.4444,5.6,26.4,0,0,0,0
4509434,1985,9230,1983,"HU","",611350,3,7,110,6,66,10,26,0.8,0.7249,0.4063,8.8846,17.1,0,0,0,0
4510147,1985,9230,1982,"HU","",358185,3,3,514,3,31,0,2,,0,,8.5,,,,0,0
4510338,1985,9230,1983,"HU","",475360,3,4,568,1,14,4,0,0.5,,0.5,,22.5,0.5,0.25,,
4511559,1985,9237,1983,"HU","",665545,3,8,514,3,31,5,16,0.8,0.6484,0.625,6.875,14.4,0,0,0,0
4511714,1985,9237,1983,"HU","",404820,3,4,548,1,14,4,0,1,,0.625,,13.75,0,0,,
4511717,1985,9237,1984,"HU","",165025,3,4,544,1,14,5,0,1,,0.56,,10.2,0,0,,
4511736,1985,9237,1983,"HU","",181125,3,10,564,1,14,6,1,0.8333,0,0.56,7,7.6667,0,0,0,0
4511737,1985,9237,1983,"HU","",165025,3,3,564,1,14,1,0,1,,0,,1,1,1,,
4513699,1985,9251,1983,"HU","",45805,3,8,123,5,53,3,7,1,0,0.4444,5.7143,7.6667,0,0,0,0
4514911,1985,9258,1982,"HU","",79815,3,1,34,1,19,2,0,1,,0,,8.5,0,0,,
4515497,1985,9258,1982,"HU","",349190,3,9,403,6,67,6,1,0.6667,0,0.625,11,21.6667,0,0,0,0
4518176,1985,9272,1982,"HU","",35125,3,9,280,5,55,5,1,0.2,0,0,15,47.6,0,0,0,0
4518588,1985,9272,1982,"HU","",102370,3,19,514,3,31,2,12,1,0.5833,0.5,5.8333,8,0,0,0,0
4518608,1985,9272,1983,"HU","",364950,3,5,514,3,31,5,4,1,0,0.56,6.5,10.6,0,0,0,0
4518771,1985,9272,1980,"HU","",475360,3,9,536,1,14,9,1,0.6667,0,0.6111,15,16.4444,0,0,0,0
4520018,1985,9279,1982,"HU","",102370,3,56,514,3,31,4,1,1,0,0.5,9,3,0.5,0.5,0,0
4520444,1985,9279,1982,"HU","",370495,3,2,701,2,22,6,8,1,0.375,0,9.25,11,0,0,0,0
4521455,1985,9286,1983,"HU","",129390,3,9,427,1,12,4,3,1,0.4444,0.375,13,11.25,0,0,0,0
4521612,1985,9286,1984,"HU","",102370,3,5,560,1,14,2,0,1,,0,,4,0,0,,
4521784,1985,9286,1982,"HU","",79820,3,5,343,2,21,2,2,0.5,0.5,0,10,26.5,0,0,0,0
4522963,1985,9293,1983,"HU","",388300,3,4,523,1,15,3,0,1,,0.4444,,8.3333,0.5,0.3333,,
4524068,1985,9300,1983,"HU","",102370,3,4,514,3,31,3,20,1,0.525,0,6.45,2.6667,0.3333,0.3333,0.1,0.1
4525661,1985,9307,1982,"HU","",,1,7,322,4,45,4,7,0.5,0.7347,0.5,7.4286,17.75,,,,
4526319,1985,9314,1982,"HU","",,1,3,237,6,66,3,0,0,,,,41.6667,,,,
4528131,1985,9321,1983,"HU","",388005,3,8,424,3,31,0,1,,0,,1,,,,0,0
4528271,1985,9321,1982,"HU","",475360,3,14,435,3,33,3,2,1,0,0,9,7.6667,0,0,0,0
4528932,1985,9328,1983,"HU","",642030,3,4,116,6,69,7,3,1,0.4444,0.4898,3,12.7143,0,0,0,0
4529608,1985,9328,1983,"HU","",102370,3,5,426,6,61,3,11,0.3333,0.8099,0,8.7273,23.6667,0,0,0,0
4530819,1985,9335,1983,"HU","",561225,3,3,423,1,19,10,1,0.9,0,0,9,11.3,0.1667,0.1,0,0
4530923,1985,9335,1982,"HU","",165025,3,8,514,3,31,2,0,1,,0.5,,8.5,0,0,,
4530964,1985,9335,1983,"HU","",475360,3,5,525,1,15,2,1,0.5,0,0,9,15,0,0,0,0
4531007,1985,9335,1983,"HU","",349265,3,3,549,1,14,0,1,,0,,7,,,,0,0
4531074,1985,9335,1983,"HU","",590810,3,10,313,4,42,3,2,0.3333,0,0,3,38.3333,0,0,0,0
4531290,1985,9342,1984,"HU","",641985,3,5,30,6,65,7,1,0.2857,0,0.5,5,58.2857,0,0,0,0
4532087,1985,9342,1983,"HU","",665545,3,15,261,1,19,10,1,0.5,0,0.32,4,22.5,0,0,0,0
4532214,1985,9342,1982,"HU","",466985,3,5,435,3,33,1,2,0,0,,5.5,46,0,0,0.5,0.5
4533470,1985,9349,1982,"HU","",409975,3,21,210,1,19,8,4,1,0.375,0,5.5,6.25,0,0,0,0
4533638,1985,9349,1983,"HU","",325980,3,4,435,3,33,10,0,1,,0.72,,11.5,0,0,,
4533912,1985,9349,1983,"HU","",79815,3,1,345,2,23,7,3,0.8571,0,0.6111,4,16.7143,0,0,0,0
4534782,1985,9356,1981,"HU","",349265,3,11,71,1,11,3,1,1,0,0.4444,15,6.6667,0,0,0,0
4535152,1985,9356,1984,"HU","",102370,3,14,536,1,14,7,24,1,0.75,0.5714,9.8333,10.4286,0.3333,0.2857,0,0
4537895,1985,9370,1983,"HU","",165025,3,9,514,3,31,4,0,1,,0.625,,9.5,0,0,,
4537899,1985,9370,1983,"HU","",64775,3,6,514,3,31,0,0,,,,,,,,,
4537900,1985,9370,1984,"HU","",475360,3,3,514,3,31,0,4,,0.625,,6,,,,0.25,0.25
4538677,1985,9377,1983,"HU","",173785,3,1,165,6,66,2,3,0,0,,10.6667,30,0,0,0,0
4539087,1985,9377,1984,"HU","",330240,3,9,205,1,19,7,3,1,0.4444,0,8,10.7143,0,0,0,0
4539111,1985,9377,1980,"HU","",475360,3,8,210,1,19,3,2,1,0,0.6667,8.5,7.6667,0.3333,0.3333,0,0
4539199,1985,9377,1982,"HU","",165025,3,7,525,1,15,7,14,1,0.6429,0.6122,9.3571,12,0,0,0,0
4539984,1985,9384,1982,"HU","",605455,3,5,128,3,32,6,6,0.8333,0.5,0.32,10.1667,12,0,0,0,0
4541488,1985,9391,1983,"HU","",218880,3,5,166,6,64,7,6,0.2857,0.2778,0.5,7.1667,30.4286,0,0,0,0
4541955,1985,9391,1983,"HU","",475360,3,2,540,1,14,1,0,1,,0,,4,0,0,,
4542211,1985,9391,1984,"HU","",119050,3,10,536,1,14,1,3,0,0.4444,,5.6667,47,0,0,0.3333,0.3333
4543581,1985,9398,1982,"HU","",79820,3,8,343,2,21,10,10,0.6,0.18,0.5,8.9,18.7,0,0,0,0
4543635,1985,9398,1982,"HU","",129405,3,12,700,2,22,22,6,1,0.2778,0.5702,10.1667,5.8636,0,0,0,0
4544127,1985,9405,1983,"HU","",325980,3,1,251,5,53,6,0,0.8333,,0,,21.8333,0,0,,
4544410,1985,9405,1983,"HU","",,1,10,106,1,12,1,0,1,,0,,13,,,,
4544676,1985,9405,1984,"HU","",363580,3,10,521,1,15,6,4,0.1667,0.625,0,7.5,38.8333,0,0,0,0
4544740,1985,9405,1982,"HU","",165025,3,8,536,1,14,3,2,1,0,0,8,2.6667,0,0,0,0
4545815,1985,9412,1984,"HU","",333830,3,5,75,5,52,2,3,1,0.4444,0,8.3333,12,0,0,0,0
4546290,1985,9412,1984,"HU","",165020,3,8,315,4,42,10,14,1,0,0.32,12.4286,8.3,0,0,0,0
4547098,1985,9419,1982,"HU","",320775,3,6,405,6,64,2,0,1,,0,,9,0,0,,
4547572,1985,9419,1984,"HU","",102370,3,13,536,1,14,5,8,0.4,0.8125,0.5,11.875,25.8,0.5,0.2,0,0
4548460,1985,9426,1984,"HU","",566560,3,11,439,4,41,5,5,1,0,0,5.2,6.8,0,0,0,0
4548534,1985,9426,1983,"HU","",319440,3,2,411,5,59,7,1,0.5714,0,0.625,10,24.7143,0,0,0,0
4549020,1985,9426,1983,"HU","",475360,3,3,546,1,14,4,2,1,0,0.5,2,8.25,0,0,0.5,0.5
4551132,1985,9440,1982,"HU","",,1,1,604,3,32,4,13,1,0.6036,0.5,11.3077,8,,,,
4551462,1985,9440,1983,"HU","",475360,3,7,514,3,31,5,2,1,0,0,2,8.4,0.2,0.2,0.5,0.5
4551465,1985,9440,1983,"HU","",475360,3,6,514,3,31,3,1,1,0,0.6667,2,13,0.5,0.3333,1,1
4552864,1985,9447,1984,"HU","",466985,3,6,514,3,31,4,4,1,0.375,0.375,9.25,5.5,0,0,0,0
4553885,1985,9454,1982,"HU","",349325,3,3,409,5,51,6,0,0.6667,,0,,23.8333,0,0,,
4554252,1985,9454,1982,"HU","",181125,3,5,435,3,33,1,0,1,,0,,8,0,0,,
4555858,1985,9468,1983,"HU","",642080,3,11,34,1,19,4,2,0.75,0.5,0,6.5,29,0,0,0,0
4556563,1985,9468,1983,"HU","",102370,3,8,514,3,31,0,0,,,,,,,,,
4556637,1985,9468,1983,"HU","",466985,3,8,435,3,33,1,0,1,,0,,3,0,0,,
4557642,1985,9475,1984,"HU","",204380,3,7,408,5,51,3,3,0.6667,0,0.5,5.3333,23,0,0,0,0
4557771,1985,9475,1983,"HU","",421590,3,4,149,1,19,7,4,1,0,0.6939,11,7.2857,0,0,0,0
4557875,1985,9475,1985,"HU","",421590,3,11,261,1,19,5,0,1,,0.56,,11.4,0,0,,
4558748,1985,9482,1985,"HU","",221370,3,1,175,6,64,4,0,1,,0.375,,8,0,0,,
4559083,1985,9482,1982,"HU","",181125,3,7,504,1,11,3,2,1,0,0.4444,11,10.6667,0,0,0,0
4559141,1985,9482,1981,"HU","",409975,3,6,210,1,19,20,4,0.9,0.375,0,12,15.8,0,0,0,0
4559278,1985,9482,1983,"HU","",590810,3,6,428,6,69,5,0,0.6,,0.4444,,22,0,0,,
4559406,1985,9482,1983,"HU","",475360,3,10,549,1,14,6,5,1,0.56,0.5,6.4,3.5,0,0,0,0
4560485,1985,9489,1984,"HU","",349220,3,7,252,1,19,7,4,0.8571,0,0.2778,3.75,18.1429,0,0,0,0
4560906,1985,9489,1984,"HU","",165020,3,15,315,4,42,4,1,1,0,0,7,4,0,0,0,0
4561607,1985,9496,1983,"HU","",32485,3,14,242,5,51,5,2,0.4,0,0,13,24.6,0,0,0,0
4563464,1986,9503,1984,"HU","",475360,3,4,514,3,31,0,1,,0,,8,,,,0,0
4563479,1986,9503,1984,"HU","",102370,3,1,514,3,31,0,2,,0,,8,,,,0,0
4564038,1986,9510,1984,"HU","",135155,3,3,137,6,69,2,1,1,0,0,10,5.5,0.5,0.5,0,0
4564039,1986,9510,1984,"HU","",135155,3,1,137,6,69,4,2,0.5,0.5,0,10,22.5,0.5,0.25,0,0
4564630,1986,9510,1983,"HU","",475360,3,4,514,3,31,3,1,1,0,0.4444,10,11.3333,0.3333,0.3333,0,0
4564706,1986,9510,1983,"HU","",102370,3,6,564,1,14,5,10,1,0.42,0.64,10.4,13.2,0.25,0.2,0.1,0.1
4565576,1986,9517,1982,"HU","",79805,3,5,106,1,12,1,7,1,0.6122,0,11.2857,2,0,0,0,0
4565694,1986,9517,1984,"HU","",,1,2,424,3,31,6,1,0.8333,0,0.48,4,7.8333,,,,
4565817,1986,9517,1983,"HU","",102370,3,6,514,3,31,4,9,1,0.3457,0.5,10,11.5,0,0,0.2222,0.2222
4565827,1986,9517,1981,"HU","",102370,3,11,514,3,31,0,2,,0.5,,4.5,,,,0,0
4566341,1986,9524,1984,"HU","",605465,3,6,73,4,43,3,2,1,0.5,0.4444,10,8.3333,0,0,0,0
4566763,1986,9524,1984,"HU","",79815,3,5,359,5,54,3,9,0.6667,0.5926,0.5,9,19.6667,0,0,0,0
4566797,1986,9524,1983,"HU","",320780,3,7,356,4,43,7,9,1,0.4938,0.6122,8.8889,9.8571,0,0,0,0
4567916,1986,9531,1982,"HU","",561480,3,15,138,6,67,5,7,1,0,0.56,11,8.2,0,0,0,0
4568198,1986,9531,1983,"HU","",79815,3,1,374,4,43,7,9,1,0.4444,0.7347,6.6667,10.8571,0,0,0,0
4569914,1986,9538,1983,"HU","",236540,3,2,435,3,33,0,9,,0.4938,,6.5556,,,,0,0
4570002,1986,9538,1984,"HU","",165025,3,5,548,1,14,5,3,1,0.4444,0,3.6667,10.6,0,0,0,0
4570838,1986,9545,1983,"HU","",349210,3,3,225,5,51,5,2,0.4,0.5,0.5,8.5,27.4,0,0,0,0
4570964,1986,9545,1983,"HU","",561480,3,10,280,5,55,3,3,1,0.4444,0.6667,5.3333,9,0,0,0,0
4571541,1986,9545,1982,"HU","",349310,3,12,324,4,43,2,2,1,0.5,0,11,6.5,0,0,0,0
4572793,1986,9552,1984,"HU","",611350,3,5,252,1,19,6,0,1,,0.6111,,7.6667,0,0,,
4575244,1986,9566,1983,"HU","",320780,3,23,356,4,43,3,0,1,,0.4444,,12,0,0,,
4575460,1986,9566,1983,"HU","",191730,3,15,426,6,61,3,2,1,0,0,11,5.3333,0,0,0,0
4576025,1986,9573,1983,"HU","",171790,3,7,70,6,65,1,3,1,0,0,11,10,0,0,0,0
4576353,1986,9573,1983,"HU","",665545,3,9,248,6,69,7,1,0.2857,0,0.5,13,40.5714,0,0,0,0
4576422,1986,9573,1985,"HU","",349200,3,3,384,5,59,4,2,1,0,0,6.5,8.75,0,0,0,0
4576637,1986,9573,1984,"HU","",605465,3,2,75,5,52,4,0,1,,0,,5,0,0,,
4578270,1986,9580,1984,"HU","",260680,3,10,424,3,31,8,8,0.875,0.5313,0.2449,5.375,15.375,0,0,0,0
4578738,1986,9580,1984,"HU","",,1,14,361,4,45,3,0,0.3333,,0,,31.3333,,,,
4579686,1986,9587,1984,"HU","",64775,3,3,552,1,14,4,2,0,0,,8,30.5,0,0,0,0
4579722,1986,9587,1985,"HU","",79815,3,6,423,1,19,3,0,1,,0.4444,,14,0,0,,
4579954,1986,9587,1984,"HU","",475360,3,1,548,1,14,0,0,,,,,,,,,
4581348,1986,9594,1984,"HU","",102370,3,7,514,3,31,2,1,1,0,0.5,10,3.5,0,0,0,0
4581878,1986,9601,1984,"HU","",56665,3,4,56,6,61,8,3,0.5,0,0,6.6667,27.375,0,0,0,0
4583216,1986,9601,1983,"HU","",63070,3,4,370,2,21,7,2,1,0,0.6122,6,8.5714,0,0,0,0
4584135,1986,9608,1983,"HU","",64775,3,21,552,1,14,5,0,0,,,,29.2,0,0,,
4587049,1986,9622,1983,"HU","",475360,3,5,540,1,14,2,0,1,,0,,3.5,0.5,0.5,,
4587251,1986,9622,1984,"HU","",475360,3,8,514,3,31,2,0,1,,0.5,,15,0,0,,
4587261,1986,9622,1983,"HU","",165025,3,8,514,3,31,1,1,1,0,0,2,6,0,0,0,0
4588435,1986,9629,1985,"HU","",165025,3,17,504,1,11,3,0,1,,0.4444,,4,0,0,,
4588526,1986,9629,1983,"HU","",102370,3,7,540,1,14,1,0,1,,0,,6,1,1,,
4588685,1986,9629,1984,"HU","",475360,3,9,435,3,33,2,2,1,0.5,0.5,8,3.5,1,1,0.5,0.5
4588713,1986,9629,1985,"HU","",102370,3,9,514,3,31,0,0,,,,,,,,,
4589273,1986,9636,1984,"HU","",642095,3,6,73,4,43,7,6,1,0,0,7.5,11.4286,0,0,0,0
4589853,1986,9636,1984,"HU","",665545,3,8,446,6,62,2,0,0.5,,0,,35,0,0,,
4591379,1986,9643,1984,"HU","",64775,3,4,504,1,11,1,0,1,,0,,2,1,1,,
4591524,1986,9643,1981,"HU","",,1,18,428,6,69,2,2,1,0.5,0,7.5,9.5,,,,
4593004,1986,9650,1983,"HU","",466985,3,12,435,3,33,2,9,1,0.3457,0,8.3333,2.5,0,0,0,0
4593047,1986,9650,1983,"HU","",475360,3,3,514,3,31,1,0,1,,0,,8,1,1,,
4594913,1986,9664,1984,"HU","",349325,3,2,475,5,53,9,9,1,0,0,6.7778,17.4444,0,0,0,0
4595184,1986,9664,1980,"HU","",320805,3,3,267,5,59,6,0,0.5,,0,,25,0,0,,
4595582,1986,9664,1983,"HU","",466985,3,19,435,3,33,5,4,1,0.625,0.56,7.25,10.6,0,0,0,0
4595877,1986,9664,1984,"HU","",611300,3,8,324,4,43,5,3,1,0.4444,0,9.3333,14.6,0,0,0,0
4596893,1986,9671,1985,"HU","",79825,3,7,568,1,14,2,2,1,0,0,4.5,11,0,0,0,0
4597072,1986,9671,1984,"HU","",611300,3,8,370,2,21,8,1,1,0,0.2188,3,3.625,0,0,0,0
4598080,1986,9678,1983,"HU","",475360,3,4,514,3,31,1,0,1,,0,,8,1,1,,
4598705,1986,9685,1984,"HU","",,1,6,128,3,32,5,6,0.6,0,0,8.6667,26.6,,,,
4598923,1986,9685,1983,"HU","",336485,3,6,280,5,55,6,4,0.8333,0,0.48,9.25,18,0,0,0,0
4599327,1986,9685,1983,"HU","",102370,3,8,514,3,31,1,10,1,0.58,0,6.7,17,0,0,0.2,0.2
4599345,1986,9685,1983,"HU","",18575,3,16,514,3,31,1,1,1,0,0,7,5,0,0,0,0
4599428,1986,9685,1984,"HU","",102370,3,11,548,1,14,1,1,1,0,0,10,11,0,0,0,0
4599444,1986,9685,1984,"HU","",102370,3,19,562,1,14,5,3,1,0.4444,0.32,3,7.2,0,0,0.3333,0.3333
4600705,1986,9692,1984,"HU","",475360,3,3,514,3,31,2,2,1,0,0,6.5,5.5,0,0,0.5,0.5
4600744,1986,9692,1984,"HU","",388055,3,11,524,1,15,6,19,1,0.687,0.6667,11.4737,5.8333,0,0,0,0
4601089,1986,9699,1984,"HU","",,1,1,29,5,52,6,4,0.6667,0.75,0.625,9.75,23.1667,,,,
4601866,1986,9699,1984,"HU","",102390,3,2,264,5,51,13,2,0.5385,0,0.4082,7,20.5385,0,0,0,0
4601905,1986,9699,1982,"HU","",278575,3,14,424,3,31,0,3,,0.4444,,13.3333,,,,0,0
4602018,1986,9699,1984,"HU","",165025,3,8,514,3,31,1,3,1,0.4444,0,2.6667,3,1,1,0,0
4602716,1986,9706,1983,"HU","",336485,3,4,209,5,51,5,2,0.8,0,0,6.5,17,0,0,0,0
4602909,1986,9706,1983,"HU","",475360,3,4,604,3,32,5,20,0.8,0.095,0.375,8.6,21.6,0,0,0,0
4603233,1986,9706,1984,"HU","",63070,3,5,379,2,21,9,1,1,0,0.3704,2,6,0,0,0,0
4604086,1986,9713,1985,"HU","",325980,3,2,494,1,19,4,9,1,0.1975,0.75,7.2222,5.75,0,0,0,0
4605306,1986,9720,1983,"HU","",320780,3,12,356,4,43,7,4,0.8571,0,0.6111,9,20.5714,0,0,0,0
4605653,1986,9720,1985,"HU","",475360,3,6,514,3,31,2,1,0.5,0,0,9,23.5,0,0,1,1
4605672,1986,9720,1983,"HU","",475360,3,9,514,3,31,4,1,1,0,0.75,1,9.25,0.5,0.5,0,0
4605764,1986,9720,1983,"HU","",181125,3,2,564,1,14,3,1,1,0,0.4444,7,5,0,0,0,0
4605785,1986,9720,1983,"HU","",475360,3,6,568,1,14,2,0,1,,0.5,,8,0.5,0.5,,
4605836,1986,9720,1984,"HU","",317730,3,6,219,4,49,3,5,1,0,0,11.4,10.3333,0,0,0,0
4608090,1986,9734,1985,"HU","",557720,3,7,106,1,12,2,0,1,,0.5,,12,0,0,,
4608340,1986,9734,1984,"HU","",,1,2,435,3,33,2,3,1,0,0.5,12.3333,10,,,,
4609343,1986,9741,1984,"HU","",,1,11,432,6,66,1,6,1,0.8333,0,7.8333,5,,,,
4610217,1986,9748,1984,"HU","",590810,3,3,118,1,12,3,3,0.6667,0.4444,0.5,9,13.3333,0,0,0,0
4610814,1986,9748,1984,"HU","",314750,3,10,530,1,15,19,7,0.6316,0.6939,0.7778,6.2857,18.7895,0,0,0,0
4611268,1986,9748,1984,"HU","",,1,12,700,2,22,8,3,1,0.6667,0.625,8,5.875,,,,
4611764,1986,9755,1984,"HU","",102370,3,1,241,5,51,4,1,0.75,0,0.4444,4,18.25,0,0,0,0
4613461,1986,9762,1984,"HU","",388015,3,18,540,1,14,1,1,1,0,0,11,8,0,0,0,0
4613615,1986,9762,1984,"HU","",71805,3,7,514,3,31,1,0,1,,0,,19,0,0,,
4614178,1986,9769,1985,"HU","",421955,3,6,601,3,32,3,8,1,0.5625,0.4444,4.5,3,0,0,0,0
4614305,1986,9769,1985,"HU","",366815,3,4,241,5,51,1,0,1,,0,,15,0,0,,
4614540,1986,9769,1985,"HU","",605465,3,7,75,5,52,3,0,1,,0.4444,,8.6667,0,0,,
4614652,1986,9769,1984,"HU","",141145,3,11,424,3,31,0,4,,0,,7.5,,,,0,0
4614740,1986,9769,1985,"HU","",164865,3,7,514,3,31,3,8,1,0.5313,0.4444,10.75,6.6667,0,0,0,0
4614824,1986,9769,1985,"HU","",475360,3,1,546,1,14,5,0,1,,0.56,,7.8,0.4,0.4,,
4615027,1986,9769,1983,"HU","",169585,3,1,708,2,22,14,5,1,0.56,0.7959,6,7.0714,0,0,0,0
4615196,1986,9776,1985,"HU","",371415,3,3,72,5,52,5,0,0.8,,0.375,,27,0,0,,
4615660,1986,9776,1985,"HU","",401550,3,2,417,5,53,7,0,0.5714,,0.75,,19.8571,0,0,,
4616025,1986,9776,1984,"HU","",475360,3,7,514,3,31,1,7,1,0.2449,0,6,2,0,0,0,0
4616328,1986,9776,1984,"HU","",371445,3,12,395,2,22,7,5,1,0.8,0.6122,6.8,2.2857,0,0,0,0
4617700,1986,9790,1984,"HU","",421595,3,8,452,6,61,7,2,1,0.5,0,7.5,11,0,0,0,0
4617830,1986,9790,1985,"HU","",,1,9,73,4,43,1,0,1,,0,,16,,,,
4618581,1986,9790,1984,"HU","",475360,3,5,435,3,33,1,0,1,,0,,11,0,0,,
4618611,1986,9790,1983,"HU","",475360,3,5,514,3,31,2,0,1,,0,,12,0.5,0.5,,
4618623,1986,9790,1985,"HU","",165025,3,9,514,3,31,2,0,1,,0,,8.5,0,0,,
4619148,1986,9797,1984,"HU","",605465,3,6,73,4,43,1,1,1,0,0,11,7,0,0,0,0
4619846,1986,9797,1985,"HU","",,1,2,428,6,69,7,0,0.2857,,0.5,,55.2857,,,,
4619936,1986,9797,1985,"HU","",,1,3,514,3,31,3,1,1,0,0,12,4.3333,,,,
4620717,1986,9804,1983,"HU","",45810,3,10,280,5,55,5,11,1,0.6281,0.32,8.0909,2.2,0,0,0,0
4620871,1986,9804,1981,"HU","",181125,3,6,504,1,11,7,0,0.5714,,0.5,,20.8571,0,0,,
4621080,1986,9804,1984,"HU","",181125,3,9,514,3,31,1,3,1,0.4444,0,9.6667,8,1,1,0,0
4621101,1986,9804,1985,"HU","",164865,3,6,514,3,31,2,0,1,,0.5,,5.5,0,0,,
4622222,1986,9811,1982,"HU","",439915,3,3,424,3,31,1,4,1,0.75,0,12.25,5,0,0,0,0
4622327,1986,9811,1984,"HU","",475360,3,8,514,3,31,0,1,,0,,2,,,,0,0
4622329,1986,9811,1985,"HU","",475360,3,5,514,3,31,0,2,,0,,9.5,,,,0,0
4622341,1986,9811,1984,"HU","",410180,3,6,514,3,31,0,3,,0,,7,,,,0,0
4623383,1986,9818,1984,"HU","",181125,3,11,504,1,11,5,4,1,0.375,0.32,4.5,6.6,0,0,0,0
4623641,1986,9818,1985,"HU","",102370,3,9,514,3,31,4,11,1,0.4628,0.375,5.7273,6.5,0,0,0,0
4623647,1986,9818,1984,"HU","",475360,3,7,514,3,31,0,0,,,,,,,,,
4624419,1986,9825,1984,"HU","",396140,3,4,241,5,51,4,1,1,0,0.625,2,4.5,0,0,0,0
4624959,1986,9825,1985,"HU","",475360,3,4,514,3,31,1,1,1,0,0,1,10,0,0,0,0
4625732,1986,9832,1983,"HU","",364805,3,4,600,3,32,5,6,1,0.2778,0.32,8.6667,10,0.3333,0.2,0,0
4626031,1986,9832,1984,"HU","",221370,3,1,299,6,64,3,2,1,0,0.4444,9,12,0,0,0,0
4626242,1986,9832,1984,"HU","",462255,3,2,604,3,32,7,20,1,0.185,0,10.25,10.5714,0,0,0,0
4626533,1986,9832,1984,"HU","",64775,3,2,514,3,31,4,0,1,,0.375,,12.25,0,0,,
4626743,1986,9832,1983,"HU","",165000,3,1,313,4,42,4,0,1,,0,,9.75,0,0,,
4628999,1986,9846,1985,"HU","",,1,7,166,6,64,11,3,0.8182,0,0,5.6667,19.6364,,,,
4630931,1986,9853,1985,"HU","",349190,3,12,366,1,19,8,1,1,0,0,2,9.25,0,0,0,0
4631890,1986,9860,1985,"HU","",,1,5,52,6,69,9,1,0,0,,9,57.3333,,,,
4632007,1986,9860,1985,"HU","",336485,3,3,84,6,69,6,1,0,0,,10,77,0,0,0,0
4632422,1986,9860,1984,"HU","",45810,3,2,280,5,55,3,2,1,0,0,12,6.6667,0,0,0,0
4632549,1986,9860,1983,"HU","",320780,3,13,356,4,43,6,6,1,0,0.2778,7.8333,6.3333,0,0,0,0
4632928,1986,9860,1984,"HU","",475360,3,5,514,3,31,2,1,1,0,0.5,4,11,0,0,0,0
4634455,1987,9867,1985,"HU","",273380,3,10,95,1,13,10,1,0.5,0,0.48,12,24.6,0,0,0,0
4634982,1987,9867,1983,"HU","",349260,3,10,324,4,43,1,2,1,0.5,0,7,15,0,0,0,0
4635375,1987,9874,1983,"HU","",349210,3,2,33,6,69,4,0,0.5,,0,,30,0,0,,
4636361,1987,9874,1985,"HU","",,1,2,422,1,19,6,3,0.8333,0.6667,0.8,8,16.5,,,,
4638002,1987,9881,1983,"HU","",102370,3,6,514,3,31,3,0,1,,0,,3.3333,0.6667,0.6667,,
4638609,1987,9888,1984,"HU","",79815,3,2,52,6,69,6,4,1,0.375,0.4444,5.25,8.5,0,0,0,0
4639304,1987,9888,1985,"HU","",396135,3,2,204,1,19,1,5,1,0,0,6,18,0,0,0,0
4640062,1987,9895,1985,"HU","",665545,3,11,52,6,69,6,3,0.8333,0.4444,0.56,8.6667,16.5,0,0,0,0
4641607,1987,9902,1985,"HU","",173785,3,4,122,6,66,7,1,0.1429,0,0,3,41.8571,0,0,0,0
4641834,1987,9902,1985,"HU","",,1,5,482,5,59,5,5,0.8,0.32,0.5,10,11,,,,
4642205,1987,9902,1985,"HU","",18575,3,8,562,1,14,2,1,1,0,0.5,4,10.5,0,0,0,0
4642987,1987,9909,1984,"HU","",366745,3,12,60,4,45,4,3,1,0,0.5,7.6667,10,0,0,0,0
4644550,1987,9909,1984,"HU","",,1,6,372,4,42,2,8,1,0.5625,0.5,8.375,7,,,,
4645774,1987,9916,1985,"HU","",475360,3,7,514,3,31,3,2,1,0.5,0.6667,5,7,1,1,0,0
4645779,1987,9916,1983,"HU","",475360,3,4,514,3,31,2,0,1,,0,,13,0.5,0.5,,
4647375,1987,9923,1985,"HU","",,1,10,210,1,19,4,5,1,0.32,0,11.4,11.5,,,,
4647552,1987,9923,1984,"HU","",665545,3,3,514,3,31,6,2,1,0,0.4444,3.5,6.8333,0,0,0,0
4647553,1987,9923,1984,"HU","",665545,3,4,514,3,31,6,1,1,0,0.4444,3,6.8333,0,0,0,0
4647599,1987,9923,1984,"HU","",165025,3,16,424,3,31,10,5,0.9,0,0,5.6,12.3,0,0,0,0
4647694,1987,9923,1985,"HU","",18575,3,11,562,1,14,8,2,0.875,0.5,0.6939,9.5,17.25,0,0,0,0
4648443,1987,9930,1985,"HU","",173785,3,9,165,6,66,15,1,0.5333,0,0.2188,5,23.3333,0,0,0,0
4649031,1987,9930,1981,"HU","",561225,3,8,423,1,19,4,1,0.5,0,0.5,10,33.5,0,0,0,0
4650762,1987,9937,1984,"HU","",466985,3,8,435,3,33,5,2,1,0.5,0,10.5,12.6,0.3333,0.2,0,0
4650790,1987,9937,1985,"HU","",430530,7,13,514,3,31,3,1,0.3333,0,0,5,23,0,0,0,0
4651261,1987,9937,1985,"HU","",590810,3,4,362,4,42,5,3,0.6,0.4444,0.4444,6.6667,26,0,0,0,0
4651481,1987,9944,1984,"HU","",79815,3,10,52,6,69,12,2,0.75,0.5,0.5926,12.5,25,0,0,0,0
4651724,1987,9944,1986,"HU","",564185,3,4,606,3,32,6,16,1,0.2266,0,7.125,6.5,0,0,0,0
4652562,1987,9944,1986,"HU","",164865,3,6,514,3,31,1,0,1,,0,,6,0,0,,
4654351,1987,9951,1984,"HU","",475360,3,6,514,3,31,2,1,1,0,0,3,10,0,0,0,0
4654758,1987,9951,1985,"HU","",590810,3,1,362,4,42,3,9,1,0,0.4444,6.2222,8.3333,0,0,0,0
4655317,1987,9958,1985,"HU","",45805,3,11,181,6,69,4,0,0.25,,0,,44,0,0,,
4656179,1987,9958,1984,"HU","",475360,3,3,514,3,31,0,0,,,,,,,,,
4656290,1987,9958,1985,"HU","",102370,3,21,548,1,14,0,1,,0,,2,,,,0,0
4657668,1987,9965,1985,"HU","",349190,3,14,209,5,51,11,1,0.3636,0,0.375,10,35.9091,0,0,0,0
4657859,1987,9965,1984,"HU","",,1,10,435,3,33,11,1,1,0,0.6116,1,8.6364,,,,
4658000,1987,9965,1984,"HU","",466985,3,10,526,1,15,7,7,0.8571,0.6939,0.7778,5.8571,14.2857,0,0,0,0
4658184,1987,9965,1985,"HU","",590810,3,14,315,4,42,4,1,1,0,0,2,7.75,0,0,0,0
4659515,1987,9972,1984,"HU","",102370,3,6,552,1,14,2,1,0.5,0,0,10,24,0,0,0,0
4659661,1987,9972,1984,"HU","",475360,3,6,435,3,33,1,1,1,0,0,13,11,1,1,0,0
4659712,1987,9972,1985,"HU","",475360,3,9,514,3,31,1,0,1,,0,,9,1,1,,
4659816,1987,9972,1985,"HU","",475360,3,3,540,1,14,4,1,1,0,0,1,10,0.25,0.25,0,0
4659834,1987,9972,1983,"HU","",18575,3,4,546,1,14,5,0,0.8,,0.375,,15,0,0,,
4661340,1987,9979,1984,"HU","",279410,3,2,424,3,31,5,2,0.2,0,0,6,56.6,0,0,0,0
4661477,1987,9979,1982,"HU","",71805,3,3,514,3,31,4,8,0.75,0.6563,0.4444,8.625,16.25,0,0,0,0
4661618,1987,9979,1984,"HU","",64775,3,4,560,1,14,0,0,,,,,,,,,
4665083,1987,9993,1985,"HU","",164865,3,8,514,3,31,6,5,1,0.64,0.6111,7.4,14.6667,0,0,0,0
4665894,1987,10000,1984,"HU","",665545,3,4,126,6,66,14,1,0.4286,0,0,9,41.2143,0,0,0,0
4666912,1987,10000,1985,"HU","",102370,3,5,514,3,31,0,1,,0,,4,,,,1,1
4668110,1987,10007,1984,"HU","",401550,3,7,384,5,59,6,11,0.6667,0.7934,0,8.5455,20.1667,0,0,0,0
4668274,1987,10007,1986,"HU","",404820,3,6,504,1,11,3,1,0.6667,0,0.5,0,20,0,0,1,1
4668392,1987,10007,1985,"HU","",100765,3,1,210,1,19,6,2,1,0,0.5,6,10.5,0.1667,0.1667,0,0
4668437,1987,10007,1985,"HU","",475360,3,4,552,1,14,1,0,1,,0,,1,0,0,,
4668688,1987,10007,1984,"HU","",475360,3,5,514,3,31,2,5,1,0.64,0,9.8,10,0,0,0,0
4670274,1987,10014,1985,"HU","",,5,1,426,6,61,0,0,,,,,,,,,
4670390,1987,10014,1983,"HU","",466985,3,8,435,3,33,3,2,1,0.5,0.6667,4.5,8.6667,0,0,0,0
4670429,1987,10014,1984,"HU","",181125,3,8,514,3,31,3,2,1,0,0,8,16.3333,1,0.3333,0,0
4670440,1987,10014,1986,"HU","",102370,3,5,514,3,31,4,2,1,0,0.375,1,2.75,0,0,0,0
4670901,1987,10014,1986,"HU","",63070,3,7,379,2,21,3,0,1,,0.4444,,8.6667,0,0,,
4671742,1987,10021,1984,"HU","",665545,3,10,417,5,53,7,0,0.7143,,0.56,,22.7143,0,0,,
4671870,1987,10021,1985,"HU","",,1,20,210,1,19,3,5,1,0.32,0,9.8,6.6667,,,,
4671871,1987,10021,1986,"HU","",325980,3,13,210,1,19,7,4,0.8571,0,0.2778,8.75,11,0.2,0.1429,0,0
4672054,1987,10021,1985,"HU","",475360,3,6,514,3,31,12,2,1,0.5,0.375,3,10.0833,0.4286,0.25,0,0
4672112,1987,10021,1985,"HU","",349320,3,10,504,1,11,5,1,1,0,0.64,9,4.8,0,0,0,0
4673295,1987,10028,1986,"HU","",475360,3,2,356,4,43,2,0,1,,0.5,,14.5,0,0,,
4674900,1987,10035,1985,"HU","",54010,3,19,374,4,43,4,5,1,0.72,0.375,6,6.75,0,0,0,0
4675103,1987,10035,1985,"HU","",260920,3,16,210,1,19,3,4,1,0.625,0.4444,5.25,10.6667,0,0,0,0
4675114,1987,10035,1985,"HU","",336480,3,16,210,1,19,5,4,0.8,0.375,0.75,8.75,17.2,0,0,0,0
4675413,1987,10035,1985,"HU","",102370,3,5,548,1,14,1,0,0,,,,33,0,0,,
4675431,1987,10035,1986,"HU","",71805,3,1,558,1,14,2,0,0.5,,0,,24.5,0,0,,
4675842,1987,10035,1984,"HU","",557700,3,2,711,2,24,7,6,1,0.6667,0,7,7.4286,0,0,0,0
4676918,1987,10042,1986,"HU","",18680,3,12,252,1,19,3,10,0.6667,0.34,0.5,10,24.6667,0,0,0,0
4677109,1987,10042,1985,"HU","",475360,3,9,514,3,31,1,1,1,0,0,2,2,0,0,0,0
4677307,1987,10042,1985,"HU","",173785,3,3,290,4,45,5,2,1,0,0.48,9,7.4,0.25,0.2,0,0
4678570,1987,10049,1986,"HU","",436425,3,7,210,1,19,5,5,0.8,0.32,0,4.6,15.6,0,0,0,0
4678748,1987,10049,1981,"HU","",,1,6,435,3,33,3,2,0.6667,0,0.5,14.5,19.6667,,,,
4678958,1987,10049,1985,"HU","",590810,3,1,313,4,42,2,0,0.5,,0,,30,0,0,,
4680315,1987,10056,1985,"HU","",165025,3,6,514,3,31,1,1,1,0,0,10,21,0,0,0,0
4680397,1987,10056,1985,"HU","",475360,3,1,546,1,14,8,1,1,0,0.375,2,6,0.875,0.875,1,1
4681531,1987,10063,1984,"HU","",349195,3,4,431,6,66,4,1,1,0,0.625,13,5.5,0,0,0,0
4681887,1987,10063,1986,"HU","",475360,3,7,514,3,31,0,0,,,,,,,,,
4682137,1987,10063,1985,"HU","",171790,3,5,335,4,41,4,4,1,0.375,0.5,9.25,7,0,0,0,0
4682265,1987,10063,1985,"HU","",364805,3,5,361,4,45,2,0,0.5,,0,,26,0,0,,
4684638,1987,10077,1985,"HU","",475360,3,9,514,3,31,4,1,0.75,0,0.6667,5,21,0,0,1,1
4685680,1987,10084,1986,"HU","",485715,3,13,273,6,62,10,1,0.8,0,0.75,8,19.9,0,0,0,0
4685681,1987,10084,1986,"HU","",485715,3,15,273,6,62,10,1,0.8,0,0.75,10,19.9,0,0,0,0
4686810,1987,10091,1985,"HU","",,1,2,52,6,69,4,0,0.75,,0,,18,,,,
4686981,1987,10091,1984,"HU","",,1,10,604,3,32,8,4,1,0.625,0.5313,11,7.375,,,,
4686986,1987,10091,1982,"HU","",,1,21,607,3,32,5,16,1,0.2266,0.64,11.625,15,,,,
4688397,1987,10098,1985,"HU","",173785,3,4,62,6,69,4,2,0.75,0.5,0,4,15.5,0,0,1,1
4689165,1987,10098,1986,"HU","",318525,3,3,252,1,19,3,2,0.6667,0.5,0,5,19.6667,0,0,0,0
4689172,1987,10098,1986,"HU","",590810,3,11,252,1,19,9,4,0.5556,0.625,0.72,6.25,24,0,0,0,0
4689465,1987,10098,1985,"HU","",,1,6,219,4,49,4,0,1,,0,,18.75,,,,
4691017,1987,10105,1986,"HU","",475360,3,4,546,1,14,0,4,,0,,8.5,,,,0,0
4691165,1987,10105,1984,"HU","",,1,15,324,4,43,6,10,1,0.32,0,7.2,11.5,,,,
4691472,1987,10112,1985,"HU","",273950,3,4,47,6,61,1,0,1,,0,,8,0,0,,
4691485,1987,10112,1986,"HU","",177575,3,12,52,6,69,3,1,1,0,0,3,13.6667,0,0,0,0
4694208,1987,10119,1985,"HU","",388000,3,2,327,4,41,4,7,1,0,0.625,6.5714,13.75,0,0,0,0
4694479,1987,10119,1985,"HU","",317725,3,3,378,4,44,5,7,0.8,0.449,0,5.1429,10,0,0,0,0
4694933,1987,10126,1984,"HU","",314805,3,17,182,6,65,4,0,0.25,,0,,60,0,0,,
4695309,1987,10126,1986,"HU","",181125,3,14,504,1,11,1,0,0,,,,30,0,0,,
4695313,1987,10126,1985,"HU","",181125,3,6,504,1,11,1,3,0,0,,7.6667,30,0,0,0.3333,0.3333
4696643,1987,10133,1985,"HU","",79815,3,3,432,6,66,2,0,1,,0.5,,10.5,0,0,,
4696899,1987,10133,1984,"HU","",165025,3,20,435,3,33,1,3,1,0.4444,0,10,6,0,0,0,0
4697013,1987,10133,1984,"HU","",165025,3,3,544,1,14,1,1,1,0,0,3,4,1,1,0,0
4697017,1987,10133,1986,"HU","",475360,3,2,544,1,14,5,2,1,0.5,0.48,5,7.2,0,0,0.5,0.5
4700691,1987,10154,1985,"HU","",370495,3,10,5,6,65,3,5,1,0.72,0,4,6.3333,0,0,0,0
4702801,1987,10161,1983,"HU","",,1,19,203,1,19,5,1,0.8,0,0.625,10,16.8,,,,
4702915,1987,10161,1986,"HU","",273380,3,9,424,3,31,0,3,,0.4444,,5.3333,,,,0,0
4703012,1987,10161,1984,"HU","",475360,3,12,435,3,33,0,1,,0,,10,,,,0,0
4703036,1987,10161,1985,"HU","",475360,3,10,514,3,31,2,33,1,0.4059,0,9.3939,3.5,0.5,0.5,0,0
4703056,1987,10161,1984,"HU","",18575,3,6,514,3,31,3,1,0.6667,0,0.5,5,18,0,0,1,1
4703645,1987,10168,1986,"HU","",252275,3,11,73,4,43,4,4,1,0.5,0,6.25,8.75,0,0,0,0
4704105,1987,10168,1986,"HU","",665545,3,1,604,3,32,11,7,0.5455,0.2449,0.5,6.8571,27.0909,0,0,0,0
4704892,1987,10175,1986,"HU","",605465,3,18,73,4,43,14,5,1,0.72,0.4694,3.6,6.0714,0,0,0,0
4705216,1987,10175,1985,"HU","",,1,8,239,5,59,7,1,0.4286,0,0.6667,5,40.4286,,,,
4705779,1987,10175,1984,"HU","",64775,3,5,514,3,31,0,0,,,,,,,,,
4706711,1987,10182,1985,"HU","",561480,3,3,138,6,67,4,7,1,0.8163,0.375,8.2857,4.75,0,0,0,0
4708226,1987,10189,1987,"HU","",46165,3,3,188,5,53,3,1,0.6667,0,0.5,7,17.6667,0,0,0,0
4708733,1987,10189,1986,"HU","",79825,3,5,504,1,11,0,0,,,,,,,,,
4709081,1987,10189,1985,"HU","",102370,3,11,560,1,14,1,1,1,0,0,6,11,0,0,0,0
4710009,1987,10196,1985,"HU","",,1,14,396,5,54,8,11,1,0,0.375,8.4545,9.875,,,,
4710323,1987,10196,1986,"HU","",475360,3,1,562,1,14,4,0,1,,0.75,,7.25,0,0,,
4710578,1987,10196,1985,"HU","",434810,3,13,558,1,14,1,0,1,,0,,10,0,0,,
4712822,1987,10210,1986,"HU","",330240,3,4,296,5,55,6,7,0.5,0.2449,0.6667,5.8571,30.3333,0,0,0,0
4713078,1987,10210,1986,"HU","",71530,3,4,8,1,11,1,0,1,,0,,14,0,0,,
4713388,1987,10210,1985,"HU","",475360,3,5,514,3,31,0,4,,0,,9.5,,,,0,0
4716238,1987,10224,1984,"HU","",18575,3,1,549,1,14,4,1,0.75,0,0.4444,6,14.5,0,0,1,1
4716768,1988,10231,1986,"HU","",475360,3,5,73,4,43,6,6,0.6667,0.5,0.625,6.8333,22.8333,0,0,0,0
4717342,1988,10231,1985,"HU","",441000,2,15,434,6,69,11,1,0.4545,0,0.56,10,36.9091,0,0,0,0
4717795,1988,10231,1985,"HU","",319440,3,5,200,4,41,10,0,0.4,,0,,28.2,0,0,,
4718617,1988,10238,1986,"HU","",349210,3,12,242,5,51,6,3,0.3333,0.4444,0,4.3333,40.6667,0,0,0,0
4719340,1988,10238,1987,"HU","",,1,5,250,4,44,1,0,1,,0,,9,,,,
4724136,1988,10266,1985,"HU","",319430,3,8,424,3,31,6,5,0.6667,0.56,0.5,8.8,26.3333,0,0,0,0
4725617,1988,10273,1986,"HU","",475360,3,5,514,3,31,2,2,1,0,0,3,5.5,0,0,0,0
4727074,1988,10280,1984,"HU","",165025,3,6,514,3,31,1,3,1,0.4444,0,6.6667,10,1,1,0,0
4729951,1988,10294,1984,"HU","",64775,3,14,435,3,33,1,13,1,0.4615,0,10.4615,9,0,0,0,0
4730944,1988,10301,1987,"HU","",349200,3,1,384,5,59,6,0,1,,0.2778,,11.5,0,0,,
4731376,1988,10301,1986,"HU","",18575,3,18,514,3,31,3,3,0.6667,0.4444,0.5,2.6667,19,0,0,0.6667,0.6667
4731383,1988,10301,1986,"HU","",64775,3,12,514,3,31,1,5,1,0.32,0,9.4,14,0,0,0,0
4731479,1988,10301,1986,"HU","",475360,3,1,564,1,14,1,2,1,0.5,0,2.5,24,0,0,0.5,0.5
4733338,1988,10308,1986,"HU","",590810,3,20,362,4,42,5,2,0.8,0,0,6.5,11.2,0,0,0,0
4734432,1988,10315,1986,"HU","",102370,3,5,514,3,31,2,5,1,0.56,0.5,4.4,21.5,0,0,0.4,0.4
4735270,1988,10322,1986,"HU","",,1,3,175,6,64,6,10,0.8333,0.64,0.72,7,13.3333,,,,
4735490,1988,10322,1986,"HU","",79815,3,1,359,5,54,3,1,0.3333,0,0,4,43.3333,0,0,0,0
4735946,1988,10322,1985,"HU","",475360,3,16,514,3,31,4,0,1,,0.375,,6.25,0.75,0.75,,
4735965,1988,10322,1986,"HU","",102370,3,9,514,3,31,1,1,1,0,0,2,6,1,1,0,0
4737089,1988,10329,1986,"HU","",349325,3,5,418,5,53,3,1,0.3333,0,0,9,30.3333,0,0,0,0
4739081,1988,10336,1984,"HU","",349305,3,4,549,1,14,2,2,1,0.5,0.5,5,4.5,0,0,0,0
4739182,1988,10336,1985,"HU","",,1,4,290,4,45,1,4,1,0.625,0,4.75,8,,,,
4739463,1988,10336,1986,"HU","",388030,3,2,363,4,45,2,1,1,0,0,3,10,0,0,0,0
4740228,1988,10343,1984,"HU","",165025,3,11,504,1,11,6,3,0.6667,0.4444,0,6.3333,18,0,0,0,0
4740523,1988,10343,1986,"HU","",102370,3,11,514,3,31,1,0,1,,0,,6,0,0,,
4741122,1988,10350,1986,"HU","",122290,3,7,47,6,61,3,2,1,0,0,3.5,8.6667,0,0,0,0
4741794,1988,10350,1985,"HU","",,5,5,156,1,19,9,0,0.6667,,0,,19.2222,,,,
4742222,1988,10350,1986,"HU","",561560,3,6,250,4,44,3,1,1,0,0,8,14,0,0,0,0
4743806,1988,10357,1985,"HU","",388000,3,1,315,4,42,3,2,1,0.5,0.4444,9.5,3,0,0,0,0
4745128,1988,10364,1987,"HU","",273380,3,6,514,3,31,4,3,1,0,0.625,3.3333,11.25,0,0,0,0
4745273,1988,10364,1987,"HU","",388000,3,2,250,4,44,6,3,1,0.6667,0.2778,8.3333,7.6667,0,0,0,0
4745318,1988,10364,1987,"HU","",284690,3,9,310,4,45,4,3,0.75,0,0,7,17.25,0,0,0,0
4746481,1988,10371,1986,"HU","",412995,3,5,264,5,51,6,43,0.8333,0.6403,0,7.7442,27.8333,0,0,0,0
4746665,1988,10371,1986,"HU","",475360,3,3,514,3,31,3,2,1,0,0.4444,8,7.3333,0.3333,0.3333,0,0
4746678,1988,10371,1986,"HU","",164865,3,12,514,3,31,1,0,1,,0,,18,0,0,,
4746851,1988,10371,1986,"HU","",,1,6,320,4,45,2,0,0.5,,0,,32,,,,
4747537,1988,10378,1986,"HU","",273380,3,6,237,6,66,4,0,1,,0.375,,9.5,0,0,,
4747980,1988,10378,1986,"HU","",584275,3,10,261,1,19,6,3,1,0.4444,0.5,5.3333,12.8333,0.2,0.1667,0,0
4748023,1988,10378,1984,"HU","",165025,3,7,424,3,31,15,14,0.8667,0,0.5799,7.7143,16.6667,0,0,0,0
4748175,1988,10378,1986,"HU","",102370,3,10,514,3,31,0,1,,0,,3,,,,0,0
4749914,1988,10385,1986,"HU","",166420,3,20,315,4,42,12,12,1,0,0,6.75,4.1667,0,0,0,0
4750407,1988,10392,1985,"HU","",46170,3,5,91,5,53,5,0,0.6,,0,,23.8,0,0,,
4751215,1988,10392,1986,"HU","",273380,3,7,514,3,31,4,1,1,0,0.375,6,9.75,0,0,0,0
4751964,1988,10399,1986,"HU","",191565,3,4,165,6,66,12,1,0.5,0,0.7222,7,30.4167,0,0,0,0
4752584,1988,10399,1984,"HU","",475360,3,4,435,3,33,5,0,1,,0,,10,0.4,0.4,,
4753250,1988,10406,1985,"HU","",432855,3,6,131,6,61,3,4,1,0,0,6.5,12.6667,0,0,0,0
4753928,1988,10406,1986,"HU","",273380,3,9,514,3,31,15,2,1,0,0.4444,7.5,8.9333,0,0,0,0
4753938,1988,10406,1985,"HU","",475360,3,9,514,3,31,2,1,1,0,0,3,3.5,0,0,0,0
4753948,1988,10406,1986,"HU","",475360,3,4,514,3,31,3,0,1,,0,,10.6667,1,0.6667,,
4753949,1988,10406,1986,"HU","",475360,3,3,514,3,31,3,0,1,,0.4444,,14.3333,0,0,,
4755384,1988,10413,1984,"HU","",665545,3,29,424,3,31,7,3,0.8571,0,0.6667,8.3333,19.2857,0,0,0,0
4755510,1988,10413,1985,"HU","",475360,3,6,514,3,31,1,0,1,,0,,5,1,1,,
4757077,1988,10420,1986,"HU","",475360,3,4,514,3,31,7,0,1,,0.5714,,10.1429,0.3333,0.2857,,
4758552,1988,10427,1987,"HU","",273380,3,4,514,3,31,3,1,1,0,0.4444,7,3,0,0,0,0
4758666,1988,10427,1986,"HU","",475360,3,4,546,1,14,1,0,1,,0,,4,1,1,,
4761423,1988,10441,1985,"HU","",102370,3,8,514,3,31,1,3,1,0.4444,0,10,5,0,0,0,0
4762944,1988,10448,1987,"HU","",475360,3,4,560,1,14,0,0,,,,,,,,,
4763916,1988,10455,1987,"HU","",46165,3,5,280,5,55,11,9,1,0.7901,0.1653,4.8889,4.5455,0,0,0,0
4764613,1988,10455,1987,"HU","",475360,3,1,546,1,14,0,0,,,,,,,,,
4764768,1988,10455,1986,"HU","",195470,3,7,340,2,21,4,0,0.75,,0.4444,,15.5,0,0,,
4764946,1988,10455,1986,"HU","",273380,3,27,378,4,44,8,4,0.75,0,0.6111,5,15.75,0,0,0,0
4765825,1988,10462,1986,"HU","",79825,3,10,504,1,11,1,1,1,0,0,2,3,0,0,1,1
4768402,1988,10476,1987,"HU","",,1,4,81,5,59,3,1,0.6667,0,0.5,7,27.3333,,,,
4769373,1988,10476,1984,"HU","",475360,3,9,514,3,31,0,0,,,,,,,,,
4770350,1988,10483,1987,"HU","",349230,3,3,241,5,51,2,1,1,0,0,2,10,0,0,0,0
4772252,1988,10490,1986,"HU","",336480,3,3,474,5,53,1,1,0,0,,8,90,0,0,0,0
4772255,1988,10490,1986,"HU","",349190,3,16,494,1,19,4,1,1,0,0,7,7.75,0,0,0,0
4772307,1988,10490,1987,"HU","",,1,5,71,1,11,3,6,1,0.4444,0,6.6667,10,,,,
4772397,1988,10490,1987,"HU","",205120,3,5,210,1,19,6,2,1,0.5,0.7778,5.5,9.3333,0,0,0,0
4773619,1988,10497,1987,"HU","",,1,9,244,5,55,3,1,0.3333,0,0,10,61.3333,,,,
4774090,1988,10497,1983,"HU","",165025,3,8,424,3,31,1,1,1,0,0,7,13,0,0,0,0
4774232,1988,10497,1986,"HU","",102370,3,3,514,3,31,0,1,,0,,6,,,,0,0
4775153,1988,10504,1987,"HU","",336480,3,6,273,6,62,3,0,1,,0.4444,,22,0,0,,
4775381,1988,10504,1987,"HU","",370495,3,1,623,3,39,1,4,1,0.375,0,4.25,3,0,0,0,0
4775569,1988,10504,1987,"HU","",273565,3,5,428,6,69,3,1,1,0,0.6667,7,10,0,0,0,0
4775675,1988,10504,1986,"HU","",64775,3,1,514,3,31,1,7,1,0,0,7.2857,12,0,0,0,0
4775863,1988,10504,1986,"HU","",195475,3,12,340,2,21,3,1,0.6667,0,0.5,10,14.6667,0,0,0,0
4776874,1988,10511,1986,"HU","",404820,3,6,504,1,11,3,0,1,,0.4444,,5,0.3333,0.3333,,
4778811,1988,10518,1986,"HU","",164865,3,5,514,3,31,1,0,1,,0,,1,0,0,,
4778828,1988,10518,1987,"HU","",399295,3,12,514,3,31,2,3,1,0.4444,0,3.3333,19.5,0,0,0,0
4780537,1988,10525,1987,"HU","",475360,3,9,544,1,14,2,1,1,0,0.5,2,13.5,0,0,0,0
4782052,1988,10532,1985,"HU","",475360,3,4,514,3,31,2,0,1,,0,,8,0,0,,
4782141,1988,10532,1985,"HU","",102370,3,6,536,1,14,6,5,0.6667,0.56,0.625,6.8,21.6667,0.6667,0.3333,1,1
4782242,1988,10532,1987,"HU","",,1,6,307,4,49,8,8,1,0.6563,0.6563,6.125,12.25,,,,
4784340,1988,10546,1987,"HU","",561480,3,20,241,5,51,3,2,1,0,0.4444,6,11.3333,0.5,0.3333,0,0
4784957,1988,10546,1984,"HU","",475360,3,9,435,3,33,0,1,,0,,5,,,,0,0
4785104,1988,10546,1987,"HU","",164865,3,2,546,1,14,0,3,,0,,5.3333,,,,0,0
4785236,1988,10546,1986,"HU","",375585,3,16,324,4,43,3,1,1,0,0.6667,10,13,0,0,0,0
4787933,1988,10560,1987,"HU","",181125,3,5,504,1,11,3,0,0.6667,,0.5,,14.6667,0,0,,
4788217,1988,10560,1986,"HU","",102370,3,17,514,3,31,0,2,,0,,5,,,,0,0
4792126,1988,10581,1987,"HU","",605465,3,11,266,5,52,2,3,1,0.4444,0,5,8.5,0,0,0,0
4793383,1988,10588,1987,"HU","",319580,3,6,138,6,67,10,1,1,0,0.58,7,6.8,0,0,0,0
4793706,1988,10588,1987,"HU","",349190,3,16,356,4,43,5,2,0.8,0.5,0.625,3.5,17.4,0,0,0,0
4794083,1988,10588,1986,"HU","",466985,3,11,435,3,33,5,0,1,,0,,8.6,0,0,,
4795125,1989,10595,1986,"HU","",665545,3,11,249,6,69,8,6,0.875,0.6667,0.4082,5.6667,12.5,0,0,0,0
4795564,1989,10595,1987,"HU","",349230,3,10,210,1,19,4,1,0.75,0,0.4444,1,24.5,0,0,0,0
4795654,1989,10595,1986,"HU","",273380,3,14,428,6,69,10,6,0.6,0.7778,0.7222,6.6667,29.9,0,0,0,0
4796516,1989,10602,1986,"HU","",336480,3,17,92,5,53,4,9,1,0.4938,0.375,7.8889,8.5,0,0,0,0
4796692,1989,10602,1986,"HU","",173785,3,7,165,6,66,5,0,0.2,,0,,51.2,0,0,,
4799551,1989,10616,1987,"HU","",349230,3,5,166,6,64,5,1,1,0,0.32,2,4.6,0,0,1,1
4799738,1989,10616,1982,"HU","",561225,3,7,299,6,64,5,0,0.6,,0,,32.6,0.3333,0.2,,
4799912,1989,10616,1987,"HU","",590800,3,7,445,4,42,6,6,0.8333,0,0.72,6.1667,10.8333,0,0,0,0
