5183748,1993,12086,1985,"HU","",689368,3,10,435,3,33,1,0,1,,0,,6,0,0,,
5184822,1993,12093,1990,"HU","",,1,5,273,6,62,4,0,0.5,,0.5,,59,,,,
5186723,1993,12100,1989,"HU","",689653,3,3,47,6,61,1,0,1,,0,,8,0,0,,
5189062,1993,12107,1992,"HU","",102370,3,8,514,3,31,3,0,1,,0,,5.3333,0.3333,0.3333,,
5192552,1993,12121,1989,"HU","",164865,3,17,424,3,31,14,1,1,0,0.4898,9,15.7857,0,0,0,0
5192793,1993,12121,1990,"HU","",102370,3,5,514,3,31,3,1,1,0,0.4444,7,2.3333,0.3333,0.3333,0,0
5194152,1993,12128,1991,"HU","",475360,3,6,210,1,19,6,1,1,0,0.6667,1,12.5,0.2,0.1667,0,0
5198252,1993,12142,1990,"HU","",,5,8,426,6,61,9,2,0.6667,0,0.2778,3,26.6667,,,,
5198446,1993,12142,1991,"HU","",475360,3,3,514,3,31,3,1,1,0,0.4444,1,5.6667,0,0,1,1
5199711,1993,12149,1991,"HU","",,1,4,273,6,62,5,2,1,0,0,2.5,6.8,,,,
5199970,1993,12149,1990,"HU","",18575,3,4,504,1,11,3,0,1,,0.6667,,9,0,0,,
5200085,1993,12149,1991,"HU","",475360,3,14,210,1,19,9,2,0.7778,0,0.6531,4,22.7778,0,0,0,0
5202018,1993,12156,1991,"HU","",691179,3,24,205,1,19,5,4,1,0.75,0.32,3.5,11.2,0,0,0,0
5202338,1993,12156,1990,"HU","",,1,19,514,3,31,13,1,1,0,0.4615,7,7.6923,,,,
5202443,1993,12156,1991,"HU","",164865,3,5,548,1,14,7,2,1,0.5,0.449,3.5,8.8571,0,0,0.5,0.5
5204343,1993,12163,1991,"HU","",164865,3,3,514,3,31,1,0,1,,0,,11,0,0,,
5204355,1993,12163,1991,"HU","",475360,3,8,514,3,31,2,0,1,,0.5,,9,0,0,,
5206016,1993,12170,1991,"HU","",691537,3,8,424,3,31,5,1,1,0,0,5,10.8,0,0,0,0
5206558,1993,12170,1991,"HU","",590810,3,3,313,4,42,6,0,1,,0.2778,,6.6667,0.1667,0.1667,,
5212996,1993,12198,1991,"HU","",692132,3,5,74,5,59,5,1,0.8,0,0.625,7,17.4,0,0,0,0
5214045,1993,12198,1990,"HU","",475360,3,14,514,3,31,2,0,1,,0.5,,10.5,0,0,,
5216023,1993,12205,1990,"HU","",692440,3,4,514,3,31,4,3,0.75,0.4444,0.4444,5.6667,24.75,0,0,0,0
5216157,1993,12205,1991,"HU","",164865,3,1,544,1,14,4,0,0.75,,0.6667,,25.75,0,0,,
5217707,1993,12212,1992,"HU","",102370,3,9,424,3,31,7,0,1,,0.6122,,7.1429,0.7143,0.7143,,
5218117,1993,12212,1992,"HU","",102370,3,2,544,1,14,0,0,,,,,,,,,
5218119,1993,12212,1992,"HU","",475360,3,6,546,1,14,1,0,1,,0,,16,1,1,,
5220068,1993,12219,1991,"HU","",102370,3,4,564,1,14,8,1,0.625,0,0.48,4,25.125,0,0,0,0
5221673,1993,12226,1991,"HU","",164865,3,22,514,3,31,0,0,,,,,,,,,
5223413,1993,12233,1991,"HU","",693107,3,2,435,3,33,9,0,0.8889,,0.7188,,8.5556,0,0,,
5223629,1993,12233,1991,"HU","",18575,3,7,548,1,14,3,0,1,,0.6667,,8,0,0,,
5225410,1993,12240,1990,"HU","",164865,3,4,514,3,31,1,0,1,,0,,2,0,0,,
5225416,1993,12240,1991,"HU","",693269,3,27,514,3,31,1,1,1,0,0,4,6,0,0,0,0
5227054,1993,12247,1992,"HU","",,1,13,210,1,19,15,0,0.8667,,0.7692,,20.2667,,,,
5232926,1993,12268,1992,"HU","",693986,3,2,514,3,31,6,1,0.8333,0,0.48,2,10.3333,0,0,0,0
5232955,1993,12268,1991,"HU","",693988,3,5,521,1,15,0,0,,,,,,,,,
5233182,1993,12268,1991,"HU","",359910,3,9,250,4,44,5,0,1,,0.56,,8.6,1,0.2,,
5234934,1993,12275,1992,"HU","",164865,3,7,514,3,31,2,1,1,0,0,3,4.5,0,0,0,0
5235097,1993,12275,1992,"HU","",164865,3,8,560,1,14,4,0,1,,0.625,,16.5,0,0,,
5235109,1993,12275,1991,"HU","",102370,3,4,568,1,14,4,1,1,0,0,2,9.5,0,0,0,0
5237266,1993,12282,1991,"HU","",694356,3,21,324,4,43,9,1,1,0,0.642,5,12.1111,0,0,0,0
5239077,1993,12289,1990,"HU","",102370,3,1,546,1,14,1,1,1,0,0,3,13,1,1,0,0
5240662,1993,12296,1992,"HU","",164865,3,7,264,5,51,3,0,1,,0.6667,,10,0,0,,
5240901,1993,12296,1991,"HU","",466985,3,4,504,1,11,0,0,,,,,,,,,
5240918,1993,12296,1992,"HU","",164865,3,2,514,3,31,2,0,1,,0.5,,5.5,0,0,,
5241063,1993,12296,1991,"HU","",475360,3,7,540,1,14,1,0,0,,,,52,0,0,,
5244208,1993,12310,1992,"HU","",,1,16,273,6,62,4,0,1,,0.375,,7,,,,
5244880,1993,12310,1992,"HU","",102370,3,3,514,3,31,5,0,1,,0.56,,9.2,0.6667,0.4,,
5247102,1993,12317,1991,"HU","",102370,3,22,549,1,14,1,2,1,0.5,0,3.5,6,0,0,0,0
5249602,1993,12331,1991,"HU","",,1,8,137,6,69,10,0,0.7,,0.449,,17.6,,,,
5252558,1993,12338,1991,"HU","",475360,3,3,514,3,31,1,0,1,,0,,10,0,0,,
5252572,1993,12338,1992,"HU","",102370,3,7,514,3,31,8,0,1,,0.4688,,10.5,1,1,,
5254547,1993,12345,1991,"HU","",164865,3,5,514,3,31,1,0,1,,0,,9,0,0,,
5260426,1993,12366,1992,"HU","",102370,3,5,536,1,14,3,0,0.6667,,0,,16.3333,0.5,0.3333,,
5264225,1993,12380,1990,"HU","",696814,3,3,424,3,31,5,1,1,0,0.64,3,13,0,0,0,0
5273130,1993,12415,1992,"HU","",266545,3,4,180,5,55,14,0,0.4286,,0.5,,38.8571,0,0,,
5273953,1993,12415,1991,"HU","",102370,3,7,504,1,11,6,1,1,0,0.7222,7,8.1667,0.2,0.1667,0,0
5273960,1993,12415,1991,"HU","",475360,3,11,514,3,31,1,0,1,,0,,9,1,1,,
5275952,1994,12422,1991,"HU","",466985,3,14,436,1,19,6,0,1,,0.6111,,8.5,0,0,,
5276030,1994,12422,1991,"HU","",164865,3,4,514,3,31,0,0,,,,,,,,,
5276207,1994,12422,1993,"HU","",164865,3,7,548,1,14,1,3,1,0.4444,0,2.6667,1,1,1,0,0
5277910,1994,12429,1992,"HU","",,1,13,424,3,31,0,4,,0.5,,3.25,,,,,
5278309,1994,12429,1993,"HU","",102370,3,1,546,1,14,1,0,1,,0,,14,1,1,,
5280858,1994,12443,1991,"HU","",14650,3,8,241,5,51,4,0,1,,0,,14,0.25,0.25,,
5281856,1994,12443,1992,"HU","",,1,19,290,4,45,7,0,0.4286,,0.4444,,58.8571,,,,
5283328,1994,12450,1991,"HU","",698658,3,3,536,1,14,4,0,1,,0,,4.5,0,0,,
5284950,1994,12457,1991,"HU","",102370,3,5,544,1,14,0,0,,,,,,,,,
5285128,1994,12457,1992,"HU","",590810,3,8,313,4,42,3,1,1,0,0,3,11.6667,0,0,0,0
5288625,1994,12471,1991,"HU","",737305,3,12,435,3,33,3,5,1,0,0,4.6,5.3333,0,0,0.4,0.4
5288718,1994,12471,1993,"HU","",699152,3,6,514,3,31,1,0,1,,0,,7,0,0,,
5288863,1994,12471,1992,"HU","",164865,3,4,540,1,14,1,1,1,0,0,5,12,0,0,1,1
5292933,1994,12485,1991,"HU","",475360,3,3,562,1,14,5,0,1,,0.8,,8.8,0,0,,
5294712,1994,12492,1990,"HU","",102370,3,5,544,1,14,0,1,,0,,4,,,,0,0
5296606,1994,12499,1992,"HU","",685909,3,1,546,1,14,3,0,1,,0.6667,,16.3333,0,0,,
5298496,1994,12506,1992,"HU","",102370,3,17,514,3,31,4,2,1,0,0,2.5,4.5,0,0,0,0
5299373,1994,12513,1992,"HU","",,1,13,42,5,59,13,0,0.4615,,0.6111,,49.0833,,,,
5300200,1994,12513,1992,"HU","",700260,3,24,205,1,19,4,1,1,0,0.375,3,9.25,0,0,0,0
5300644,1994,12513,1991,"HU","",102370,3,9,544,1,14,2,1,1,0,0.5,2,4.5,0.5,0.5,0,0
5305957,1994,12534,1990,"HU","",,1,24,239,5,59,5,3,0.4,0,0,6,35.6,,,,
5308066,1994,12541,1992,"HU","",,1,20,273,6,62,3,1,1,0,0,1,7,,,,
5312567,1994,12555,1992,"HU","",475360,3,7,261,1,19,17,17,0.7647,0.6159,0.5799,4.5882,30.0588,0,0,0,0
5312622,1994,12555,1992,"HU","",475360,3,9,424,3,31,0,0,,,,,,,,,
5312629,1994,12555,1991,"HU","",701386,3,1,424,3,31,0,0,,,,,,,,,
5312632,1994,12555,1992,"HU","",609205,3,7,426,6,61,5,1,0.8,0,0.375,7,18,0,0,0,0
5312812,1994,12555,1990,"HU","",475360,3,2,514,3,31,2,1,1,0,0,4,6,0,0,0,0
5313665,1994,12562,1992,"HU","",,1,9,2,6,63,8,0,0.75,,0,,24.125,,,,
5317022,1994,12569,1992,"HU","",701775,3,6,514,3,31,2,4,1,0,0,2.5,5.5,0,0,0,0
5322698,1994,12590,1992,"HU","",698658,3,5,424,3,31,3,10,1,0,0,3.7,17.3333,0,0,0,0
5323516,1994,12597,1993,"HU","",,1,9,24,6,63,5,2,0.8,0.5,0.375,3.5,19.6,,,,
5324084,1994,12597,1993,"HU","",702480,3,9,285,6,67,10,0,0.8,,0.75,,23.3,0,0,,
5324523,1994,12597,1991,"HU","",18575,3,12,424,3,31,6,0,1,,0.2778,,8.5,0,0,,
5324708,1994,12597,1992,"HU","",18575,3,12,504,1,11,12,12,1,0.1528,0.4861,3.25,11.8333,0,0,0,0
5328906,1994,12611,1993,"HU","",685909,3,3,514,3,31,4,2,1,0,0.625,2,12.5,0,0,0,0
5338868,1994,12646,1991,"HU","",102370,3,4,549,1,14,2,0,1,,0.5,,13.5,0,0,,
5340823,1994,12653,1992,"HU","",475360,3,3,514,3,31,3,0,1,,0,,7,0.3333,0.3333,,
5348749,1994,12681,1992,"HU","",704855,3,1,424,3,31,4,0,1,,0.375,,6.25,0,0,,
5350872,1994,12688,1993,"HU","",64775,3,9,560,1,14,0,0,,,,,,,,,
5352790,1994,12695,1992,"HU","",475360,3,10,546,1,14,3,0,1,,0.4444,,13,1,1,,
5354390,1994,12702,1993,"HU","",561560,3,9,148,5,52,8,4,1,0.625,0.625,3,3,0,0,0,0
5355052,1994,12702,1993,"HU","",590810,3,4,313,4,42,6,0,1,,0.2778,,14.1667,0,0,,
5355528,1994,12702,1992,"HU","",599425,2,9,706,2,22,4,4,1,0.625,0.625,2.5,3.25,0.25,0.25,0,0
5366723,1994,12744,1993,"HU","",,1,11,424,3,31,2,1,1,0,0.5,1,6,,,,
5370942,1994,12758,1992,"HU","",590810,3,5,428,6,69,12,0,0.6667,,0.8125,,32,0,0,,
5374771,1994,12772,1993,"HU","",698658,3,6,562,1,14,5,0,1,,0.72,,12.8,0,0,,
5380724,1995,12793,1993,"HU","",707932,3,7,514,3,31,5,0,1,,0.48,,13.6,0,0,,
5380761,1995,12793,1993,"HU","",102370,3,6,514,3,31,4,2,1,0.5,0.625,2,4.75,0.5,0.25,0.5,0.5
5380845,1995,12793,1993,"HU","",102370,3,9,544,1,14,2,0,1,,0,,6,1,1,,
5382655,1995,12800,1993,"HU","",698658,3,10,530,1,15,4,3,1,0.4444,0.625,2.3333,11.25,0,0,0,0
5387588,1995,12821,1993,"HU","",102370,3,6,514,3,31,1,1,1,0,0,1,15,1,1,0,0
5389662,1995,12828,1991,"HU","",102370,3,2,514,3,31,1,0,1,,0,,4,0,0,,
5390526,1995,12835,1993,"HU","",708850,3,6,72,5,52,5,1,0.6,0,0.4444,1,31.8,0,0,0,0
5391737,1995,12835,1993,"HU","",164865,3,16,544,1,14,5,0,1,,0.32,,14.4,0,0,,
5395934,1995,12849,1992,"HU","",164865,3,5,544,1,14,5,0,1,,0,,8.4,0,0,,
5397784,1995,12856,1990,"HU","",475360,3,9,514,3,31,4,0,1,,0,,7,0.25,0.25,,
5403609,1995,12877,1992,"HU","",,5,21,426,6,61,3,1,1,0,0,4,9.3333,,,,
5403728,1995,12877,1993,"HU","",698658,3,5,435,3,33,3,2,1,0,0.6667,3,10.3333,0,0,0,0
5403840,1995,12877,1992,"HU","",102370,3,8,514,3,31,5,1,1,0,0.32,5,5,0,0,0,0
5405620,1995,12884,1993,"HU","",701386,3,17,424,3,31,0,0,,,,,,,,,
5406214,1995,12884,1991,"HU","",691179,3,23,324,4,43,7,7,1,0.4082,0,5.7143,6.4286,0,0,0,0
5410040,1995,12898,1986,"HU","",475360,3,10,540,1,14,3,3,1,0.4444,0,10,19,0.6667,0.6667,0.3333,0.3333
5410075,1995,12898,1994,"HU","",693986,3,8,562,1,14,15,2,1,0.5,0.4178,0.5,12.6,0,0,0,0
5411724,1995,12905,1993,"HU","",633980,2,15,423,1,19,12,1,1,0,0.6111,3,17.3333,0.1,0.0833,0,0
5414108,1995,12912,1992,"HU","",64775,3,9,560,1,14,0,0,,,,,,,,,
5416221,1995,12919,1993,"HU","",,1,3,548,1,14,1,0,1,,0,,24,,,,
5417670,1995,12926,1994,"HU","",,1,9,604,3,32,11,1,1,0,0.1653,2,10.1818,,,,
5424327,1995,12947,1994,"HU","",102370,3,9,514,3,31,2,0,1,,0,,15,0,0,,
5425881,1995,12954,1994,"HU","",616075,3,12,210,1,19,12,6,1,0.7778,0.6944,2.6667,5.8333,0,0,0,0
5429341,1995,12968,1993,"HU","",712532,3,16,266,5,52,4,1,1,0,0.625,3,11,0,0,0,0
5430017,1995,12968,1993,"HU","",698658,3,8,514,3,31,3,3,1,0.4444,0,3.6667,5.3333,0,0,0,0
5431860,1995,12975,1994,"HU","",475360,3,6,261,1,19,17,0,0.7647,,0.5799,,31.0588,0,0,,
5431932,1995,12975,1993,"HU","",,1,4,426,6,61,1,0,1,,0,,20,,,,
5433287,1995,12982,1993,"HU","",,1,5,180,5,55,5,2,1,0,0.56,3,19,,,,
5434473,1995,12982,1994,"HU","",708850,3,7,313,4,42,7,0,1,,0.2449,,11.8571,0,0,,
5439940,1995,13003,1993,"HU","",164865,3,3,514,3,31,4,0,1,,0.625,,17.5,0,0,,
5440031,1995,13003,1993,"HU","",699152,3,3,540,1,14,2,0,1,,0,,8.5,0,0,,
5441940,1995,13010,1993,"HU","",102370,3,15,514,3,31,4,0,0.75,,0.6667,,14.75,0.6667,0.5,,
5441948,1995,13010,1993,"HU","",164865,3,5,514,3,31,0,0,,,,,,,,,
5449828,1995,13038,1994,"HU","",102370,3,3,564,1,14,6,0,1,,0.6111,,15.8333,0.8333,0.8333,,
5450802,1995,13045,1993,"HU","",611340,3,6,110,6,66,4,0,1,,0.375,,4.5,0,0,,
5455237,1995,13059,1994,"HU","",102370,3,8,514,3,31,1,1,1,0,0,1,15,0,0,1,1
5457110,1995,13066,1994,"HU","",701775,3,3,514,3,31,3,0,1,,0,,5,0,0,,
5458999,1995,13073,1993,"HU","",,1,20,430,1,19,3,1,1,0,0,2,6,,,,
5459137,1995,13073,1993,"HU","",707932,3,6,514,3,31,2,6,1,0.5,0,3,7.5,0,0,0.1667,0.1667
5460116,1995,13080,1994,"HU","",,1,2,116,6,69,7,1,0.4286,0,0.4444,1,39.8571,,,,
5464414,1995,13094,1993,"HU","",,1,12,606,3,32,3,0,1,,0.4444,,8,,,,
5466833,1995,13101,1994,"HU","",299735,3,8,549,1,14,0,0,,,,,,,,,
5468492,1995,13108,1993,"HU","",698658,3,12,424,3,31,3,5,1,0.56,0.4444,3.6,5,0,0,0,0
5472950,1995,13122,1992,"HU","",475360,3,3,514,3,31,3,0,1,,0.6667,,10.3333,0,0,,
5473072,1995,13122,1994,"HU","",164865,3,16,544,1,14,1,0,1,,0,,1,0,0,,
5475000,1995,13129,1994,"HU","",102370,3,11,514,3,31,10,0,0.9,,0.4938,,11.7,0,0,,
5477027,1995,13136,1993,"HU","",,1,8,219,4,49,7,0,0.5714,,0.625,,24.1429,,,,
5477739,1995,13143,1994,"HU","",316865,3,12,73,4,43,2,2,1,0.5,0.5,3,0.5,0,0,0,0
5478825,1995,13143,1994,"HU","",164865,3,5,514,3,31,7,0,1,,0.4082,,11.4286,0,0,,
5478949,1995,13143,1994,"HU","",475360,3,8,548,1,14,2,0,1,,0.5,,5,0,0,,
5480870,1996,13150,1994,"HU","",717313,3,9,514,3,31,0,1,,0,,4,,,,0,0
5484776,1996,13164,1993,"HU","",717627,3,25,514,3,31,12,1,1,0,0.7639,3,10.5,0,0,0,0
5486528,1996,13171,1994,"HU","",164865,3,8,514,3,31,2,0,1,,0.5,,2.5,0,0,,
5489615,1996,13185,1993,"HU","",164865,3,12,514,3,31,3,0,1,,0.4444,,7,0,0,,
5491008,1996,13192,1993,"HU","",,1,7,428,6,69,3,2,1,0,0.4444,3,6.6667,,,,
5494909,1996,13206,1994,"HU","",475360,3,6,514,3,31,1,0,1,,0,,10,1,1,,
5506575,1996,13248,1993,"HU","",,1,16,340,2,21,11,1,1,0,0.6446,3,7,,,,
5510345,1996,13262,1994,"HU","",475360,3,4,514,3,31,2,0,1,,0.5,,7.5,0,0,,
5511490,1996,13269,1994,"HU","",720041,3,6,105,5,55,1,0,1,,0,,5,0,0,,
5514132,1996,13276,1994,"HU","",706027,3,14,606,3,32,8,1,1,0,0,3,8.125,0,0,0,0
5516778,1996,13283,1994,"HU","",102370,3,4,514,3,31,0,0,,,,,,,,,
5518722,1996,13290,1994,"HU","",698658,3,11,424,3,31,2,1,1,0,0,2,8,0,0,0,0
5519019,1996,13290,1995,"HU","",236555,3,3,514,3,31,1,1,1,0,0,0,1,0,0,0,0
5521174,1996,13297,1995,"HU","",720926,3,10,514,3,31,2,1,1,0,0,0,5.5,0,0,0,0
5523303,1996,13304,1994,"HU","",164865,3,4,514,3,31,4,0,1,,0.5,,10.5,0.25,0.25,,
5523528,1996,13304,1993,"HU","",,1,8,174,4,41,6,2,0.8333,0,0.32,3.5,21.6667,,,,
5527464,1996,13318,1994,"HU","",,1,14,210,1,19,13,3,1,0,0.6272,2.3333,13.2308,,,,
5528887,1996,13325,1994,"HU","",,1,16,56,6,61,8,13,0.875,0,0,2.4615,19,,,,
5534644,1996,13339,1995,"HU","",14910,3,2,558,1,14,0,0,,,,,,,,,
5535850,1996,13346,1995,"HU","",722194,3,9,184,5,59,10,0,0.8,,0.7188,,20.4,0,0,,
5536832,1996,13346,1995,"HU","",707932,3,6,540,1,14,0,1,,0,,1,,,,0,0
5543155,1996,13367,1994,"HU","",164865,3,51,424,3,31,2,3,1,0,0,2.3333,3,0,0,0,0
5543562,1996,13367,1995,"HU","",702906,3,5,562,1,14,15,0,1,,0.4178,,13.6,0,0,,
5545741,1996,13374,1994,"HU","",164865,3,6,546,1,14,4,0,1,,0.375,,8.75,0,0,,
5545819,1996,13374,1994,"HU","",254145,3,24,800,3,33,0,2,,0,,1,,,,0.5,0.5
5547949,1996,13381,1994,"HU","",475360,3,4,514,3,31,1,0,1,,0,,4,0,0,,
5550240,1996,13388,1994,"HU","",475360,3,2,544,1,14,6,0,1,,0.6111,,4.3333,0,0,,
5551220,1996,13395,1995,"HU","",,1,18,56,6,61,7,0,0.7143,,0,,22.5714,,,,
5552299,1996,13395,1993,"HU","",698658,3,11,435,3,33,5,0,1,,0,,3.6,0,0,,
5554598,1996,13402,1992,"HU","",723844,3,1,514,3,31,5,0,1,,0.64,,16.8,0,0,,
5556398,1996,13409,1994,"HU","",,1,7,606,3,32,3,0,0.6667,,0,,24.3333,,,,
5560826,1996,13423,1994,"HU","",,1,7,210,1,19,11,0,0.6364,,0,,37.8182,,,,
5565214,1996,13437,1993,"HU","",64775,3,16,424,3,31,9,0,1,,0.6173,,14.7778,0,0,,
