5573388,1996,13465,1995,"HU","",722194,3,7,418,5,53,4,0,0.25,,0,,49.25,0,0,,
5579596,1996,13486,1995,"HU","",,1,9,40,6,69,12,0,0.6667,,0.2188,,28.6667,,,,
5580828,1996,13486,1992,"HU","",700260,3,19,438,4,46,2,0,1,,0.5,,15,0,0,,
5583105,1996,13493,1995,"HU","",698658,3,14,514,3,31,7,5,1,0.48,0.2449,1.6,4.5714,0,0,0,0
5583138,1996,13493,1995,"HU","",475360,3,5,514,3,31,7,1,1,0,0.6122,0,6,0.1667,0.1429,0,0
5583228,1996,13493,1995,"HU","",475360,3,9,546,1,14,1,0,1,,0,,13,0,0,,
5584297,1996,13500,1994,"HU","",726450,2,26,600,3,32,6,2,1,0,0.5,1.5,6,0,0,0,0
5587370,1996,13507,1995,"HU","",102370,3,7,514,3,31,2,0,1,,0,,8.5,0.5,0.5,,
5589486,1996,13514,1995,"HU","",475360,3,8,514,3,31,7,1,1,0,0.5714,1,17.7143,0,0,0,0
5589513,1996,13514,1994,"HU","",102370,3,3,514,3,31,4,1,1,0,0,3,1,0.25,0.25,0,0
5591735,1997,13521,1993,"HU","",727103,3,8,514,3,31,1,0,1,,0,,18,0,0,,
5597822,1997,13542,1995,"HU","",727595,3,1,514,3,31,2,0,1,,0.5,,4.5,0,0,,
5604168,1997,13563,1995,"HU","",728090,3,7,516,1,19,5,0,1,,0.72,,10,0,0,,
5604223,1997,13563,1995,"HU","",707932,3,3,514,3,31,2,1,1,0,0,1,9.5,0,0,0,0
5622927,1997,13626,1995,"HU","",729609,3,8,514,3,31,4,0,1,,0,,9.25,0,0,,
5622999,1997,13626,1994,"HU","",729614,3,14,521,1,15,1,0,1,,0,,18,0,0,,
5624458,1997,13633,1995,"HU","",,4,12,606,3,32,7,1,1,0,0.4898,2,4.7143,,,,
5627326,1997,13640,1995,"HU","",729967,3,4,73,4,43,11,0,1,,0.1653,,9.8182,0,0,,
5627432,1997,13640,1995,"HU","",218550,2,12,313,4,42,3,1,1,0,0.4444,2,10.6667,0.3333,0.3333,0,0
5627433,1997,13640,1995,"HU","",218550,2,6,315,4,42,2,0,1,,0.5,,3,0.5,0.5,,
5639751,1997,13682,1995,"HU","",707932,3,6,514,3,31,5,0,1,,0,,4.6,0.2,0.2,,
5639905,1997,13682,1994,"HU","",404820,3,6,560,1,14,2,0,0.5,,0,,29.5,0,0,,
5645693,1997,13703,1995,"HU","",,1,11,202,1,19,9,0,0.8889,,0.6563,,16.5556,,,,
5648498,1997,13710,1994,"HU","",14910,3,18,548,1,14,5,0,0.6,,0.4444,,34.4,0,0,,
5652270,1997,13724,1996,"HU","",164865,3,25,514,3,31,1,0,1,,0,,15,0,0,,
5662064,1997,13759,1995,"HU","",,1,10,116,6,69,10,0,0.4,,0,,41.4,,,,
5664368,1997,13766,1994,"HU","",733165,3,10,47,6,61,0,0,,,,,,,,,
5664578,1997,13766,1995,"HU","",,1,16,600,3,32,3,0,1,,0.4444,,3,,,,
5664631,1997,13766,1995,"HU","",,5,16,169,6,69,5,3,0.8,0,0.375,2.3333,17.4,,,,
5666973,1997,13773,1995,"HU","",,1,4,128,3,32,8,2,1,0,0.2188,2,15.375,,,,
5682173,1997,13815,1995,"HU","",,1,25,345,2,23,5,5,1,0.48,0.56,2.2,5.8,,,,
5689868,1997,13843,1996,"HU","",,1,9,24,6,63,4,0,1,,0.375,,8.75,,,,
5697697,1997,13864,1996,"HU","",218550,2,11,362,4,42,5,0,1,,0.32,,10.4,0,0,,
5700957,1997,13871,1996,"HU","",729967,3,3,73,4,43,8,0,1,,0,,11.5,0,0,,
5703113,1997,13878,1995,"HU","",18575,3,17,514,3,31,1,0,1,,0,,6,0,0,,
5705529,1998,13885,1995,"HU","",707932,3,3,514,3,31,2,16,1,0.5781,0.5,1.5625,10.5,0,0,0,0
5707370,1998,13892,1995,"HU","",421680,3,16,606,3,32,1,0,1,,0,,7,1,1,,
5707592,1998,13892,1995,"HU","",,1,3,422,1,19,44,0,1,,0.9132,,12.3636,,,,
5707654,1998,13892,1995,"HU","",736897,3,6,424,3,31,1,0,1,,0,,3,0,0,,
5707976,1998,13892,1996,"HU","",475360,3,9,514,3,31,2,0,1,,0.5,,6,0,0,,
5712134,1998,13906,1995,"HU","",737305,3,11,435,3,33,49,0,1,,0.5989,,4.9388,0.0217,0.0204,,
5712526,1998,13906,1995,"HU","",218550,2,17,313,4,42,4,0,1,,0.625,,12.25,0.25,0.25,,
5716164,1998,13920,1994,"HU","",737686,3,9,405,6,64,9,1,1,0,0.7407,3,11.4444,0,0,0,0
5716986,1998,13920,1996,"HU","",164865,3,23,514,3,31,1,0,1,,0,,27,0,0,,
5723762,1998,13941,1995,"HU","",254145,3,19,800,3,33,1,0,1,,0,,2,1,1,,
5725336,1998,13948,1995,"HU","",,1,14,408,5,51,6,0,0.3333,,0.5,,56.6667,,,,
5726201,1998,13948,1995,"HU","",164865,3,20,514,3,31,6,0,1,,0.5,,12.3333,0,0,,
5734503,1998,13969,1994,"HU","",,1,11,359,5,54,1,1,1,0,0,3,22,,,,
5744629,1998,13997,1996,"HU","",693988,3,2,562,1,14,3,0,1,,0.6667,,13.3333,0,0,,
5750360,1998,14011,1995,"HU","",724995,2,15,435,3,33,7,0,1,,0.7347,,10.4286,0,0,,
5751105,1998,14011,1995,"HU","",218550,2,4,313,4,42,18,0,0.8889,,0.5391,,17,0.0667,0.0556,,
5753208,1998,14018,1993,"HU","",164865,3,9,424,3,31,4,0,1,,0,,11,0,0,,
5753695,1998,14018,1994,"HU","",698658,3,1,514,3,31,4,0,1,,0.75,,24,0,0,,
5756495,1998,14025,1997,"HU","",496855,3,8,514,3,31,0,0,,,,,,,,,
5760235,1998,14032,1996,"HU","",707932,3,3,546,1,14,5,0,1,,0,,7.2,0,0,,
5760897,1998,14032,1996,"HU","",741417,3,19,356,4,43,2,0,0.5,,0,,31.5,0,0,,
5764347,1998,14039,1997,"HU","",741708,3,11,356,4,43,4,0,1,,0.625,,11.25,0,0,,
5767264,1998,14046,1997,"HU","",388015,3,3,536,1,14,1,0,1,,0,,2,0,0,,
5767367,1998,14046,1995,"HU","",254145,3,22,800,3,33,2,0,1,,0.5,,5,0.5,0.5,,
5769530,1998,14053,1996,"HU","",218550,2,16,362,4,42,2,0,1,,0.5,,11.5,0,0,,
5772310,1998,14060,1996,"HU","",218550,2,15,362,4,42,18,0,0.8889,,0.5391,,17,0.0667,0.0556,,
5774202,1998,14060,1996,"HU","",742570,3,23,351,3,39,11,0,1,,0.562,,16.4545,0,0,,
5783573,1998,14081,1997,"HU","",734307,3,6,514,3,31,1,0,1,,0,,1,1,1,,
5783876,1998,14081,1997,"HU","",,1,2,307,4,49,4,1,1,0,0.375,0,6.75,,,,
5788953,1998,14095,1996,"HU","",743838,3,9,424,3,31,0,0,,,,,,,,,
5792936,1998,14102,1995,"HU","",254145,3,14,800,3,33,2,0,1,,0.5,,6.5,0,0,,
5801484,1998,14123,1996,"HU","",218550,2,8,313,4,42,3,1,1,0,0.6667,0,4.3333,0,0,0,0
5801761,1998,14123,1995,"HU","",,1,13,348,4,49,5,0,1,,0.32,,11.2,,,,
5801808,1998,14123,1996,"HU","",,1,20,351,3,39,0,0,,,,,,,,,
5807121,1998,14137,1996,"HU","",218550,2,11,439,4,41,7,0,0.8571,,0,,19.2857,0,0,,
5807474,1998,14137,1996,"HU","",693988,3,5,208,1,19,4,0,1,,0.375,,11.5,0,0,,
5807844,1998,14137,1995,"HU","",,1,4,514,3,31,8,0,0.75,,0.6667,,33.75,,,,
5807851,1998,14137,1997,"HU","",164865,3,12,514,3,31,1,0,1,,0,,4,1,1,,
5814222,1998,14151,1995,"HU","",741905,2,19,210,1,19,46,1,0.9348,0,0.6587,3,13.8261,0,0,1,1
5818414,1998,14158,1996,"HU","",,1,9,345,2,23,14,0,1,,0.6531,,10.6429,,,,
5820418,1998,14165,1996,"HU","",218550,2,7,439,4,41,1,0,1,,0,,1,0,0,,
5823979,1998,14172,1997,"HU","",,1,7,602,3,32,3,0,0.6667,,0.5,,30.6667,,,,
5829076,1998,14186,1997,"HU","",601715,2,20,5,6,65,6,0,1,,0.2778,,10.6667,0.2,0.1667,,
5830903,1998,14186,1996,"HU","",701775,3,19,514,3,31,2,0,1,,0,,8,0,0,,
5833257,1998,14193,1996,"HU","",,1,12,280,5,55,5,1,0.4,0,0.5,1,58.2,,,,
5842975,1998,14214,1995,"HU","",,1,11,600,3,32,9,0,1,,0.1975,,9.8889,,,,
5843855,1998,14214,1997,"HU","",218550,2,17,501,1,19,8,0,1,,0,,8.625,0,0,,
5843856,1998,14214,1997,"HU","",218550,2,16,501,1,19,8,0,1,,0,,8.625,0,0,,
5844886,1998,14214,1996,"HU","",566545,3,24,370,2,21,1,1,1,0,0,1,1,0,0,0,0
5854250,1998,14242,1997,"HU","",707932,3,6,514,3,31,2,0,1,,0.5,,10.5,0,0,,
5855921,1999,14249,1994,"HU","",,1,,424,3,31,4,0,1,,0.75,,15.5,,,,
5857673,1999,14256,1997,"HU","",,1,,273,6,62,4,0,1,,0.625,,13.5,,,,
5864125,1999,14270,1997,"HU","",,1,,235,5,59,11,0,1,,0.3967,,9.2727,,,,
5864202,1999,14270,1996,"HU","",218550,2,,313,4,42,3,0,0.3333,,0,,30,0,0,,
5871413,1999,14291,1997,"HU","",722194,3,,475,5,53,6,0,1,,0.2778,,16.5,0,0,,
5872014,1999,14291,1997,"HU","",,1,,436,1,19,3,0,1,,0.4444,,9,,,,
5872918,1999,14291,1995,"HU","",566545,3,,709,2,22,15,0,1,,0.3467,,6.1333,0,0,,
5877585,1999,14305,1995,"HU","",218550,2,,313,4,42,3,0,1,,0.4444,,9.6667,0,0,,
5878616,1999,14312,1996,"HU","",751735,2,,72,5,52,5,0,1,,0.32,,16.2,0,0,,
5883030,1999,14319,1997,"HU","",218550,2,,501,1,19,1,0,1,,0,,4,0,0,,
5885467,1999,14326,1997,"HU","",741905,2,,210,1,19,46,0,0.9348,,0.6587,,14.8261,0,0,,
5885915,1999,14326,1997,"HU","",218550,2,,501,1,19,1,1,1,0,0,0,4,0,0,0,0
5887541,1999,14333,1996,"HU","",,1,,116,6,69,4,0,1,,0.625,,21.25,,,,
5889018,1999,14333,1995,"HU","",164865,3,,514,3,31,0,0,,,,,,,,,
5891691,1999,14340,1996,"HU","",737305,3,,435,3,33,52,0,1,,0.5976,,5.9615,0.0204,0.0192,,
5896673,1999,14361,1996,"HU","",,1,,33,6,69,9,0,0.7778,,0.4082,,28.7778,,,,
5899072,1999,14368,1996,"HU","",,1,,60,4,45,4,0,1,,0.75,,12.25,,,,
5902302,1999,14375,1998,"HU","",421680,3,,606,3,32,0,0,,,,,,,,,
5906379,1999,14389,1997,"HU","",754195,3,,280,5,55,5,0,0.2,,0,,41.4,0,0,,
5912245,1999,14410,1997,"HU","",164865,3,,514,3,31,2,0,1,,0,,2,0,0,,
5912267,1999,14410,1997,"HU","",719345,3,,514,3,31,4,0,1,,0.375,,8.5,0,0,,
5919796,1999,14431,1996,"HU","",755407,3,,514,3,31,1,0,1,,0,,15,0,0,,
5927597,1999,14452,1997,"HU","",756087,3,,236,6,69,6,0,1,,0.4444,,12.8333,0,0,,
5936341,1999,14466,1997,"HU","",218550,2,,313,4,42,3,0,1,,0,,8.3333,0,0,,
5936964,1999,14466,1997,"HU","",566545,3,,370,2,21,3,0,1,,0.4444,,3.6667,0,0,,
5942506,1999,14480,1996,"HU","",164865,3,,514,3,31,1,0,1,,0,,10,1,1,,
5944575,1999,14487,1998,"HU","",,1,,446,6,62,7,0,0.7143,,0.64,,26.1429,,,,
5962756,1999,14522,1998,"HU","",759149,3,,585,1,19,3,0,1,,0.6667,,3.3333,0,0,,
5970424,1999,14536,1997,"HU","",,1,,702,2,22,6,0,1,,0.2778,,6,,,,
5974337,1999,14543,1997,"HU","",,1,,600,3,32,12,0,1,,0.5,,6.5,,,,
5974812,1999,14550,1998,"HU","",,1,,62,6,69,3,0,0,,,,58,,,,
5977001,1999,14550,1997,"HU","",218550,2,,501,1,19,5,0,1,,0.32,,11.8,0,0,,
5978692,1999,14550,1998,"HU","",760490,3,,600,3,32,2,0,1,,0.5,,13,0,0,,
5992241,1999,14578,1998,"HU","",761758,3,,73,4,43,4,0,1,,0.625,,6.25,0,0,,
5994411,1999,14578,1998,"HU","",698658,3,,514,3,31,1,0,1,,0,,29,0,0,,
5996943,1999,14585,1996,"HU","",,1,,244,5,55,7,0,1,,0.7755,,13.8571,,,,
5997354,1999,14585,1998,"HU","",218550,2,,439,4,41,5,0,0.8,,0.625,,22.8,0,0,,
6002002,1999,14592,1998,"HU","",762570,3,,544,1,14,1,0,1,,0,,16,0,0,,
6005337,1999,14599,1997,"HU","",218550,2,,313,4,42,5,0,0.6,,0.4444,,29.2,0.6667,0.4,,
