5218056,1993,12212,1991,"TH","",692626,3,10,525,1,15,5,1,1,0,0.72,5,10.8,0,0,0,0
5218921,1993,12219,1991,"TH","",,1,5,114,5,55,9,0,0.4444,,0.375,,31.2222,,,,
5263336,1993,12380,1990,"TH","",,1,19,62,6,69,9,7,0.5556,0.6939,0.56,4.4286,36.5556,,,,
5264638,1993,12380,1992,"TH","",696837,3,9,568,1,14,1,1,1,0,0,5,6,0,0,0,0
5288226,1994,12471,1993,"TH","",699110,3,5,431,6,66,2,5,1,0,0,2,3,0,0,0,0
5305952,1994,12534,1992,"TH","",700809,2,3,236,6,69,2,0,1,,0,,13,0,0,,
5311674,1994,12555,1993,"TH","",,1,16,36,6,63,19,5,0.7895,0,0,3.6,22.9474,,,,
5314376,1994,12562,1990,"TH","",,1,7,454,5,59,5,2,0.8,0,0.375,5,15.4,,,,
5357728,1994,12716,1991,"TH","",,1,8,52,6,69,9,3,0.5556,0.6667,0.64,5.6667,37,,,,
5385681,1995,12814,1993,"TH","",736330,3,10,8,1,11,2,1,1,0,0.5,4,6,0,0,0,0
5388986,1995,12828,1993,"TH","",699110,3,5,431,6,66,2,2,1,0.5,0,3,12.5,0,0,0,0
5397028,1995,12856,1994,"TH","",,1,39,222,1,19,39,4,0.9744,0.75,0.6911,1.5,13.1026,,,,
5398353,1995,12863,1993,"TH","",709600,3,21,5,6,65,9,2,0.4444,0,0.375,3,28.1111,0,0,0,0
5433083,1995,12982,1993,"TH","",,1,22,62,6,69,13,5,0.6154,0.56,0.5625,3,33.0769,,,,
5451758,1995,13045,1993,"TH","",,1,8,235,5,59,11,14,1,0.7041,0.6777,2.8571,5.6364,,,,
5466019,1995,13101,1994,"TH","",,1,3,285,6,67,9,1,0.7778,0,0,4,21,,,,
5467765,1995,13108,1994,"TH","",,1,39,128,3,32,21,6,1,0.6111,0.2585,2.1667,9.7143,,,,
5480229,1996,13150,1994,"TH","",717244,3,7,383,6,68,8,0,0.5,,0,,35.125,0,0,,
5500131,1996,13227,1994,"TH","",,1,11,210,1,19,6,4,1,0.625,0.2778,2.25,17.8333,,,,
5507881,1996,13255,1994,"TH","",210715,3,32,136,4,45,2,1,1,0,0.5,1,2.5,0,0,0,0
5511384,1996,13269,1995,"TH","",,1,4,62,6,69,2,1,0.5,0,0,3,21.5,,,,
5522516,1996,13304,1994,"TH","",709600,3,20,215,6,68,8,0,0.875,,0.6939,,23.625,0,0,,
5551583,1996,13395,1994,"TH","",709600,3,10,215,6,68,10,1,0.8,0,0.375,2,14.6,0,0,0,0
5566668,1996,13444,1995,"TH","",,1,4,128,3,32,16,1,0.75,0,0.2778,2,18.8125,,,,
5566937,1996,13444,1994,"TH","",724949,3,34,473,6,62,4,0,1,,0.625,,13.25,0,0,,
