5574234,1996,13465,1995,"TH","",726796,3,20,73,4,43,7,1,0.5714,0,0.5,1,29.1429,0,0,1,1
5576533,1996,13472,1994,"TH","",725767,3,8,250,4,44,4,1,1,0,0.625,2,10.5,0,0,0,0
5588200,1996,13514,1995,"TH","",726796,3,14,29,5,52,9,4,1,0,0.5185,1.5,5.2222,0,0,0,0
5592794,1997,13528,1995,"TH","",,1,8,52,6,69,10,6,1,0.6667,0,1.6667,13.6,,,,
5595363,1997,13535,1995,"TH","",,1,2,248,6,69,4,1,0.5,0,0,1,39.75,,,,
5607295,1997,13577,1995,"TH","",699110,3,13,431,6,66,9,0,1,,0,,6.5556,0,0,,
5656823,1997,13738,1995,"TH","",696837,3,35,257,4,46,2,1,1,0,0,2,6.5,0,0,0,0
5667084,1997,13773,1995,"TH","",709600,3,21,215,6,68,6,0,0.8333,,0.72,,29,0,0,,
5730309,1998,13962,1995,"TH","",738938,3,14,220,6,68,12,0,1,,0.6389,,13.3333,0,0,,
5732653,1998,13969,1996,"TH","",739149,3,12,119,6,61,7,0,1,,0.6939,,6.8571,0,0,,
5746467,1998,14004,1996,"TH","",,1,1,296,5,55,16,0,0.875,,0.7347,,15.8125,,,,
5755553,1998,14025,1996,"TH","",,1,6,415,5,53,1,2,0,0.5,,1,75,,,,
5772247,1998,14060,1996,"TH","",732003,2,13,281,6,69,30,0,0.5667,,0.7128,,45.7667,0,0,,
5776444,1998,14067,1996,"TH","",101385,2,10,424,3,31,8,2,0.875,0.5,0.5714,1,15.75,0.2,0.125,0,0
5785175,1998,14088,1996,"TH","",,1,12,206,6,68,11,0,0.7273,,0.6563,,27.8182,,,,
5796460,1998,14109,1997,"TH","",744505,3,10,351,3,39,1,0,1,,0,,3,0,0,,
5810417,1998,14144,1995,"TH","",,1,2,296,5,55,24,0,0.9167,,0.7273,,12.2083,,,,
5811700,1998,14144,1996,"TH","",726796,3,23,73,4,43,5,0,1,,0.64,,5.6,0.2,0.2,,
5825007,1998,14172,1996,"TH","",,1,4,235,5,59,5,0,1,,0.48,,5,,,,
5830902,1998,14186,1997,"TH","",636240,3,19,514,3,31,1,0,1,,0,,1,0,0,,
5849662,1998,14228,1995,"TH","",696837,3,16,502,1,19,4,0,1,,0.625,,18,0,0,,
5857674,1999,14256,1997,"TH","",,1,,273,6,62,44,0,0.7273,,0.1758,,32.8182,,,,
5861041,1999,14263,1997,"TH","",750173,2,,623,3,39,9,0,1,,0.1975,,4.3333,0,0,,
5864173,1999,14270,1997,"TH","",394010,2,,257,4,46,5,0,1,,0.64,,6,0,0,,
5879916,1999,14312,1997,"TH","",751859,3,,435,3,33,2,0,1,,0.5,,9,0,0,,
5888548,1999,14333,1996,"TH","",752590,3,,424,3,31,9,0,1,,0.716,,16.5556,0,0,,
5898585,1999,14361,1997,"TH","",725767,3,,363,4,45,9,0,1,,0.3457,,7.3333,0,0,,
5916267,1999,14424,1997,"TH","",,4,,623,3,39,3,0,1,,0,,4.3333,,,,
5927296,1999,14452,1997,"TH","",,1,,132,6,65,4,0,1,,0.5,,25.25,,,,
5946822,1999,14494,1998,"TH","",,1,,36,6,63,6,0,0.8333,,0.48,,22.5,,,,
5952931,1999,14501,1998,"TH","",757172,2,,340,2,21,12,0,1,,0.4028,,7.1667,0,0,,
5957509,1999,14515,1998,"TH","",,1,,285,6,67,14,0,0.6429,,0,,34.2143,,,,
5959006,1999,14515,1997,"TH","",,5,,524,1,15,3,0,1,,0.4444,,16.3333,,,,
5961769,1999,14522,1997,"TH","",212335,3,,156,1,19,5,0,0.8,,0.375,,18.6,0,0,,
5962676,1999,14522,1997,"TH","",751859,3,,536,1,14,2,0,1,,0.5,,7.5,0,0,,
5977038,1999,14550,1997,"TH","",246930,2,,510,1,19,5,0,0.8,,0.625,,11.6,0,0,,
5979530,1999,14557,1998,"TH","",212335,3,,156,1,19,6,0,0.8333,,0.32,,19.8333,0,0,,
5987939,1999,14571,1998,"TH","",761352,3,,70,6,65,4,0,0.5,,0,,34.5,0,0,,
5994768,1999,14578,1998,"TH","",394010,2,,257,4,46,5,0,1,,0.64,,6,0,0,,
5996362,1999,14585,1998,"TH","",,1,,62,6,69,8,0,0.875,,0,,19.125,,,,
6000408,1999,14592,1997,"TH","",,1,,132,6,65,8,0,0.625,,0,,34.75,,,,
