3736681,1973,4904,1970,"TW","",,5,,40,6,69,,1,,0,,3,,,,,
3861497,1975,5499,1974,"TW","",,1,9,182,6,65,3,5,0,0.56,,10.8,89,,,,
3862615,1975,5506,1973,"TW","",,1,9,116,6,69,5,6,0.2,0.7778,0,17.5,23.8,,,,
3863205,1975,5506,1972,"TW","",,1,5,340,2,21,10,3,0.5,0.4444,0.32,12,14.2,,,,
3870830,1975,5548,1974,"TW","",,1,12,379,2,21,7,6,1,0,0.449,10.3333,5.5714,,,,
3871273,1975,5555,1973,"TW","",,1,10,99,6,61,7,6,0.4286,0.2778,0,16,15.5714,,,,
3873384,1975,5562,1972,"TW","",,1,3,438,4,46,2,2,1,0,0,22.5,6.5,,,,
3875951,1975,5576,1973,"TW","",,1,3,132,6,65,4,1,0,0,,23,37.5,,,,
3877631,1975,5583,1973,"TW","",,1,4,229,6,68,3,10,0.6667,0.34,0,17.6,9.3333,,,,
3882959,1975,5611,1973,"TW","",488720,3,9,180,5,55,9,4,0.7778,0.75,0.6939,16.5,11.6667,0,0,0,0
3885846,1975,5625,1973,"TW","",,1,1,312,6,65,7,11,0.2857,0.7273,0.5,13.8182,37.4286,,,,
3886671,1975,5632,1974,"TW","",340165,3,12,434,6,69,5,3,0.6,0.6667,0.4444,13.3333,15.8,0,0,0,0
3889872,1975,5646,1973,"TW","",,1,1,383,6,68,5,12,0.4,0.4861,0.5,14.75,23.4,,,,
3889995,1975,5646,1974,"TW","",103630,3,1,294,5,59,7,6,0.5714,0.6667,0.5,17.8333,36.1429,0,0,0,0
3891485,1975,5653,1974,"TW","",,1,1,156,1,19,2,1,1,0,0.5,1,4.5,,,,
3894926,1975,5674,1973,"TW","",,1,11,204,1,19,8,3,0.375,0.6667,0.4444,10,30.375,,,,
3902256,1975,5723,1974,"TW","",340165,3,2,434,6,69,5,7,0.8,0,0.375,3.5714,10.8,0,0,0,0
3903556,1975,5730,1974,"TW","",,1,4,470,5,59,6,0,0,,,,24.8333,,,,
3913823,1975,5772,1974,"TW","",,1,9,229,6,68,5,6,0.6,0,0.6667,12.5,12.2,,,,
3914878,1975,5779,1973,"TW","",344805,3,2,434,6,69,4,2,1,0.5,0.625,15,4.5,0,0,0,0
3916748,1975,5786,1974,"TW","",,1,4,83,5,51,2,1,0.5,0,0,18,32,,,,
3918819,1975,5793,1974,"TW","",310635,3,5,401,1,12,6,5,0.5,0,0,14.2,30.8333,0,0,0,0
3923405,1975,5814,1974,"TW","",,1,8,401,1,12,4,1,0,0,,23,68,,,,
3929090,1975,5842,1974,"TW","",,1,2,116,6,69,4,1,0.25,0,0,11,42.5,,,,
3934293,1976,5870,1974,"TW","",,1,7,470,5,59,2,1,0,0,,2,20,,,,
3935522,1976,5870,1974,"TW","",,1,27,388,4,45,5,10,1,0.74,0.72,13.7,4.2,,,,
3935751,1976,5877,1975,"TW","",,1,5,474,5,53,3,9,0,0.1975,,11.1111,63.3333,,,,
3936010,1976,5877,1974,"TW","",,1,4,242,5,51,4,2,1,0,0.375,13,5,,,,
3937046,1976,5884,1974,"TW","",,1,9,70,6,65,4,2,0.25,0.5,0,14.5,36.25,,,,
3937349,1976,5884,1974,"TW","",,1,6,215,6,68,7,4,0.8571,0.625,0.2778,14.25,9.1429,,,,
3938208,1976,5891,1974,"TW","",,1,3,470,5,59,5,1,0.2,0,0,16,36.6,,,,
3949204,1976,5940,1975,"TW","",218915,2,18,235,5,59,5,0,0.6,,0.4444,,14.8,0,0,,
3949433,1976,5947,1975,"TW","",,5,12,4,6,65,17,5,0.4118,0,0.449,3.8,23.7647,,,,
3950734,1976,5947,1973,"TW","",,1,3,707,2,22,6,17,0.8333,0.6782,0.72,8.5882,7.6667,,,,
3953181,1976,5961,1974,"TW","",,1,9,96,1,13,8,0,0.25,,0.5,,29.875,,,,
3955766,1976,5975,1971,"TW","",,1,3,241,5,51,5,4,0.6,0,0,19,32.6,,,,
3957195,1976,5982,1975,"TW","",,1,5,229,6,68,9,2,0.2222,0.5,0,16.5,28,,,,
3958290,1976,5989,1975,"TW","",,1,5,470,5,59,3,0,0.3333,,0,,35.3333,,,,
3963141,1976,6010,1975,"TW","",,1,3,215,6,68,6,2,0.5,0.5,0,6,20.8333,,,,
3964668,1976,6017,1975,"TW","",,1,1,229,6,68,9,3,0.4444,0.4444,0,11.6667,19,,,,
3967905,1976,6031,1975,"TW","",,1,3,401,1,12,2,1,0,0,,5,29,,,,
3983638,1976,6122,1975,"TW","",,1,3,34,1,19,5,0,0.2,,0,,17.6,,,,
3983642,1976,6122,1974,"TW","",,1,6,36,6,63,6,4,0.1667,0,0,5.25,21.6667,,,,
3983993,1976,6122,1975,"TW","",165180,3,3,206,6,68,5,5,0.4,0.32,0,8.6,22.2,0,0,0,0
3984219,1976,6122,1975,"TW","",,1,5,96,1,13,4,5,0.75,0.64,0,13.4,18.5,,,,
3984736,1976,6122,1975,"TW","",,1,1,361,4,45,6,0,1,,0.4444,,5.8333,,,,
3986224,1976,6136,1975,"TW","",,1,7,15,6,69,7,4,0.2857,0,0,13.25,57.8571,,,,
3988550,1976,6143,1974,"TW","",,1,35,379,2,21,3,5,1,0.32,0.4444,14,7,,,,
3991491,1976,6164,1975,"TW","",,1,1,36,6,63,3,1,0.3333,0,0,5,23.3333,,,,
3991981,1976,6164,1975,"TW","",,1,1,256,6,65,4,3,0.5,0.4444,0,3.3333,10.75,,,,
3994078,1976,6178,1975,"TW","",,1,3,434,6,69,7,2,0.2857,0,0,2,31.4286,,,,
3994629,1976,6178,1974,"TW","",,1,4,417,5,53,3,2,0,0.5,,12,63.3333,,,,
4002281,1977,6220,1975,"TW","",165180,3,3,227,5,59,3,3,0.3333,0,0,6,23,0,0,0.5,0.3333
4002961,1977,6220,1975,"TW","",,1,1,388,4,45,2,2,1,0.5,0.5,7,2.5,,,,
4004987,1977,6234,1974,"TW","",275380,3,3,205,1,19,5,2,0.4,0.5,0,4,17.2,0,0,0.5,0.5
4005346,1977,6234,1975,"TW","",,1,10,318,4,45,11,10,0.6364,0.78,0.2449,18.9,17.3636,,,,
4005938,1977,6241,1975,"TW","",,1,5,356,4,43,3,1,0,0,,14,74,,,,
4008504,1977,6262,1976,"TW","",,1,5,15,6,69,3,1,0,0,,20,51.6667,,,,
4010080,1977,6269,1976,"TW","",,1,16,202,1,19,8,20,0.625,0.665,0.32,5,18.25,,,,
4010546,1977,6276,1974,"TW","",,1,3,33,6,69,6,2,0.3333,0,0,12.5,31.6667,,,,
4012803,1977,6290,1975,"TW","",,1,5,470,5,59,5,1,0,0,,1,67.6,,,,
4012849,1977,6290,1975,"TW","",,1,9,434,6,69,7,0,0.4286,,0,,26.8571,,,,
4012964,1977,6290,1975,"TW","",,1,11,74,5,59,3,4,0,0.625,,12,31.6667,,,,
4013333,1977,6290,1975,"TW","",,1,4,439,4,41,5,9,0.6,0.4938,0.4444,14.6667,10,,,,
4014058,1977,6297,1975,"TW","",,1,4,470,5,59,7,0,0.4286,,0.4444,,31.1429,,,,
4015301,1977,6304,1975,"TW","",,1,2,470,5,59,4,2,0.5,0,0,5,43,,,,
4016765,1977,6311,1976,"TW","",,1,10,73,4,43,7,6,1,0.2778,0.6122,6.3333,6.5714,,,,
4016849,1977,6311,1975,"TW","",,5,11,123,5,53,8,1,0.75,0,0.2778,0,9.125,,,,
4017928,1977,6318,1975,"TW","",,1,3,470,5,59,8,0,0.375,,0,,34,,,,
4018021,1977,6318,1974,"TW","",,1,10,52,6,69,12,11,0.5833,0.1653,0,9.5455,24.5,,,,
4021775,1977,6332,1976,"TW","",,1,5,340,2,21,3,3,1,0.4444,0,12,6.6667,,,,
4022137,1977,6339,1975,"TW","",,1,2,109,6,69,5,5,0,0.56,,9,49,,,,
4023422,1977,6346,1976,"TW","",,1,1,74,5,59,5,3,0,0.6667,,10,55.8,,,,
4023452,1977,6346,1975,"TW","",,1,2,83,5,51,6,2,0.5,0.5,0.4444,4,20,,,,
4024650,1977,6353,1976,"TW","",,1,9,434,6,69,5,0,0.6,,0,,26.6,,,,
4024738,1977,6353,1975,"TW","",,1,6,70,6,65,1,5,1,0.48,0,15.4,3,,,,
4024829,1977,6353,1975,"TW","",,1,4,116,6,69,4,9,0.25,0.4938,0,8.6667,39.75,,,,
4025031,1977,6353,1976,"TW","",,1,3,227,5,59,7,7,0.7143,0,0,14.2857,11.7143,,,,
4025978,1977,6360,1976,"TW","",,1,3,470,5,59,7,0,0,,,,57.7143,,,,
4027402,1977,6367,1976,"TW","",,1,8,434,6,69,3,4,0.3333,0.5,0,10,48,,,,
4029088,1977,6374,1975,"TW","",,1,2,601,3,32,5,1,0,0,,17,70.8,,,,
4030769,1977,6381,1976,"TW","",,1,5,280,5,55,3,14,1,0.3367,0,6.9286,4,,,,
4032822,1977,6388,1975,"TW","",,1,3,361,4,45,3,3,1,0,0.4444,13.3333,8.6667,,,,
4033051,1977,6395,1975,"TW","",,1,4,434,6,69,6,1,0.6667,0,0.375,12,11,,,,
4040298,1977,6430,1976,"TW","",,1,7,73,4,43,2,3,0.5,0.4444,0,17.3333,32.5,,,,
