4043241,1977,6444,1976,"TW","",,1,5,84,6,69,10,19,0.3,0.6925,0.6667,13.2105,21.8,,,,
4045625,1977,6451,1976,"TW","",,1,3,200,4,41,7,0,0.4286,,0.4444,,15.8571,,,,
4050469,1977,6479,1976,"TW","",,1,5,132,6,65,4,0,0.25,,0,,35.25,,,,
4050776,1977,6479,1975,"TW","",,1,2,359,5,54,2,12,0.5,0.2917,0,10.25,10.5,,,,
4052114,1977,6486,1976,"TW","",,5,1,312,6,65,12,0,0.1667,,0.5,,47.8333,,,,
4055164,1977,6507,1976,"TW","",,1,8,126,6,66,10,2,0.6,0,0.6667,10.5,14.1,,,,
4055864,1977,6514,1976,"TW","",,1,11,4,6,65,5,5,0.6,0,0,11.4,8.6,,,,
4058085,1977,6528,1975,"TW","",,1,3,118,1,12,4,3,0.25,0.4444,0,8.3333,47.25,,,,
4058858,1977,6535,1976,"TW","",,1,10,4,6,65,7,2,0.4286,0,0,8.5,22,,,,
4058865,1977,6535,1977,"TW","",,1,11,470,5,59,3,0,0,,,,21.6667,,,,
4060712,1977,6542,1976,"TW","",,1,4,219,4,49,2,7,0.5,0.7347,0,13.4286,20,,,,
4062080,1977,6556,1976,"TW","",,1,4,470,5,59,8,0,0.5,,0,,25.375,,,,
4062258,1977,6556,1977,"TW","",,1,4,83,5,51,6,1,0.5,0,0.4444,2,20,,,,
4062555,1977,6556,1976,"TW","",,1,6,280,5,55,4,9,1,0.1975,0.375,9.8889,1.5,,,,
4062635,1977,6556,1976,"TW","",,1,5,401,1,12,4,3,0.5,0,0.5,18.6667,18.25,,,,
4062949,1977,6556,1975,"TW","",165460,3,1,514,3,31,0,1,,0,,18,,,,0,0
4063703,1977,6563,1977,"TW","",,1,5,248,6,69,6,3,0.3333,0.6667,0.5,7,49.3333,,,,
4065472,1977,6570,1975,"TW","",437695,2,7,549,1,14,1,1,1,0,0,18,2,0,0,0,0
4065650,1977,6570,1976,"TW","",,1,8,200,4,41,7,13,0.8571,0.568,0.6111,9.6923,11.2857,,,,
4065815,1978,6577,1976,"TW","",,1,6,623,3,39,4,6,0.25,0,0,15.6667,17,,,,
4066170,1978,6577,1977,"TW","",332405,3,3,211,6,65,6,1,0.1667,0,0,21,39.5,0,0,0,0
4067370,1978,6584,1976,"TW","",,1,6,144,5,51,6,7,0.1667,0.449,0,14.7143,36.6667,,,,
4067578,1978,6584,1976,"TW","",,1,2,273,6,62,3,5,0,0,,14.6,57,,,,
4069579,1978,6598,1976,"TW","",,1,5,29,5,52,3,2,0.6667,0,0.5,6.5,10.6667,,,,
4070670,1978,6598,1976,"TW","",,1,4,126,6,66,6,9,0.5,0.7407,0.6667,10,13.8333,,,,
4070753,1978,6605,1976,"TW","",,1,5,29,5,52,4,6,1,0.2778,0.375,6.5,5,,,,
4072391,1978,6612,1976,"TW","",,1,1,439,4,41,3,4,0,0,,8.5,37.3333,,,,
4072454,1978,6612,1975,"TW","",,1,5,425,5,51,6,1,0.1667,0,0,19,39.3333,,,,
4073604,1978,6619,1976,"TW","",,1,7,417,5,53,8,4,0,0,,15.25,81.5,,,,
4075058,1978,6626,1976,"TW","",112595,2,4,376,4,44,9,5,0.8889,0.48,0.2188,11.4,13.8889,0,0,0,0
4075063,1978,6626,1976,"TW","",,1,15,202,1,19,6,11,0.3333,0.314,0.5,5.6364,30.3333,,,,
4078540,1978,6647,1976,"TW","",,1,6,124,5,59,4,2,1,0,0.375,14,6.25,,,,
4078841,1978,6647,1976,"TW","",,1,9,297,6,65,8,1,0.125,0,0,21,26.875,,,,
4079275,1978,6647,1976,"TW","",,1,3,310,4,45,11,9,0.7273,0.716,0.2188,10,13,,,,
4084305,1978,6682,1976,"TW","",,1,5,29,5,52,2,6,0,0,,12.6667,41.5,,,,
4089195,1978,6710,1977,"TW","",,1,5,70,6,65,6,10,0.6667,0.54,0.75,15.8,20.6667,,,,
4094899,1978,6738,1973,"TW","",437695,2,4,562,1,14,1,1,1,0,0,5,4,0,0,0,0
4105483,1978,6794,1977,"TW","",226205,3,14,156,1,19,7,10,0.1429,0.34,0,8.6,30.8571,0,0,0,0
4106914,1978,6801,1977,"TW","",,1,1,48,1,13,8,2,0.125,0.5,0,10.5,47,,,,
4111192,1978,6822,1977,"TW","",,1,9,601,3,32,10,5,0.2,0.48,0,12.6,46.9,,,,
4113336,1978,6829,1975,"TW","",,1,2,439,4,41,3,2,0.6667,0.5,0,19.5,11,,,,
4114793,1978,6836,1977,"TW","",165180,3,3,227,5,59,3,6,0.6667,0.2778,0,13.5,14.6667,1,0.3333,0,0
4118877,1978,6857,1977,"TW","",,1,9,434,6,69,8,0,0.5,,0.375,,35.625,,,,
4120157,1978,6864,1977,"TW","",,1,7,60,4,45,4,2,1,0.5,0,18.5,4.5,,,,
4126379,1978,6899,1976,"TW","",,1,1,359,5,54,3,4,0.6667,0.375,0,5.25,27.3333,,,,
4130317,1978,6927,1977,"TW","",,1,3,296,5,55,3,7,0,0,,10.5714,39.6667,,,,
4131115,1978,6934,1977,"TW","",,1,4,604,3,32,3,13,0,0.2722,,12.0769,37.3333,,,,
4131261,1978,6934,1977,"TW","",,1,5,248,6,69,8,2,0.25,0.5,0.5,5,53.375,,,,
4135313,1979,6962,1977,"TW","",,1,2,434,6,69,8,0,0.75,,0,,15.25,,,,
4137715,1979,6976,1976,"TW","",,1,3,60,4,45,4,6,1,0.5,0.625,10.6667,6.75,,,,
4139669,1979,6983,1977,"TW","",,1,7,428,6,69,1,12,1,0.5833,0,8.5833,16,,,,
4145899,1979,7025,1977,"TW","",,1,3,68,6,63,1,1,0,0,,15,51,,,,
4146337,1979,7025,1977,"TW","",,1,5,400,5,59,2,3,0,0.6667,,5.6667,23.5,,,,
4146482,1979,7025,1978,"TW","",,5,3,210,1,19,11,11,0.9091,0.2975,0.42,10.3636,7.2727,,,,
4147158,1979,7032,1977,"TW","",,5,4,126,6,66,3,0,0.6667,,0.5,,28.6667,,,,
4148102,1979,7039,1978,"TW","",264045,3,3,2,6,63,5,2,0.2,0.5,0,12,24.8,0,0,0,0
4148687,1979,7039,1976,"TW","",275380,3,4,376,4,44,12,2,0.75,0,0,7.5,14.1667,0,0,0,0
4149553,1979,7046,1978,"TW","",,1,4,135,6,69,5,4,0.4,0,0,12.75,36.2,,,,
4150350,1979,7046,1976,"TW","",,1,10,335,4,41,4,7,0.75,0.5714,0,12.7143,16,,,,
4150499,1979,7053,1977,"TW","",,1,7,36,6,63,2,16,1,0.2188,0,13.1875,3,,,,
4152794,1979,7067,1976,"TW","",,1,4,4,6,65,9,6,0.7778,0,0,18.8333,17.3333,,,,
4153379,1979,7067,1977,"TW","",,1,17,401,1,12,5,0,0.6,,0,,13.6,,,,
4154478,1979,7074,1978,"TW","",,1,13,297,6,65,7,5,0,0.64,,12.4,29.8571,,,,
4155079,1979,7074,1976,"TW","",,5,4,340,2,21,5,14,0.4,0.3571,0.5,11.9286,36.8,,,,
4155325,1979,7081,1978,"TW","",,1,10,116,6,69,3,4,0.3333,0.625,0,8.25,38.3333,,,,
4155617,1979,7081,1977,"TW","",,1,5,439,4,41,3,2,0.3333,0,0,6,26.6667,,,,
4156347,1979,7088,1977,"TW","",,1,9,60,4,45,3,0,0.3333,,0,,53,,,,
4157798,1979,7102,1977,"TW","",,1,8,248,6,69,5,2,0.2,0,0,9.5,43.8,,,,
4158421,1979,7109,1978,"TW","",,1,7,220,6,68,6,2,0.1667,0.5,0,9.5,59.8333,,,,
4160634,1979,7130,1977,"TW","",,1,10,425,5,51,5,15,0.4,0.4978,0,12.4667,23.4,,,,
4161465,1979,7137,1977,"TW","",703520,3,10,524,1,15,8,0,0.75,,0.6111,,10.125,0,0,,
4164091,1979,7165,1978,"TW","",,1,2,446,6,62,4,11,1,0.4298,0.375,12.4545,6.75,,,,
4166435,1979,7186,1978,"TW","",,1,11,123,5,53,4,8,0.5,0,0,3.25,26.5,,,,
4167288,1979,7193,1978,"TW","",,1,3,297,6,65,6,2,0.6667,0,0,7.5,21.1667,,,,
4169315,1979,7214,1978,"TW","",,1,9,33,6,69,3,0,0.3333,,0,,31.3333,,,,
4170880,1979,7228,1978,"TW","",,1,15,62,6,69,4,1,0.25,0,0,7,20.5,,,,
4172329,1979,7242,1977,"TW","",,1,4,434,6,69,7,2,1,0,0.4082,9.5,8.2857,,,,
4173753,1979,7249,1977,"TW","",,1,4,382,2,22,2,17,1,0.7474,0,10.9412,9.5,,,,
4174040,1979,7256,1977,"TW","",,1,5,206,6,68,6,3,0.1667,0.4444,0,10,21,,,,
4174673,1979,7263,1978,"TW","",,1,3,116,6,69,3,7,0.3333,0.5714,0,10.5714,36.3333,,,,
4175884,1979,7270,1978,"TW","",,1,3,403,6,67,5,0,0.4,,0.5,,31.4,,,,
4176734,1979,7277,1978,"TW","",317440,3,14,190,6,69,3,9,0.6667,0,0,13.1111,28.3333,0,0,0,0
4176740,1979,7277,1977,"TW","",,1,3,194,5,59,1,2,0,0.5,,8.5,40,,,,
4177996,1979,7284,1978,"TW","",,1,3,473,6,62,9,11,0.3333,0.5785,0,14,26.1111,,,,
4178867,1979,7291,1978,"TW","",,5,4,114,5,55,6,6,0.3333,0.6667,0.5,13.3333,24.6667,,,,
4179143,1979,7291,1978,"TW","",,1,3,292,6,69,5,9,0.4,0.6173,0,10.3333,46,,,,
4181376,1980,7305,1978,"TW","",,1,5,384,5,59,2,2,1,0.5,0.5,14,9.5,,,,
4182052,1980,7312,1978,"TW","",,1,10,434,6,69,6,1,0.3333,0,0.5,1,23.6667,,,,
4186451,1980,7340,1978,"TW","",,1,4,4,6,65,8,8,0.25,0.2188,0,11,37.5,,,,
4187785,1980,7347,1977,"TW","",,1,4,108,6,69,6,1,0.5,0,0.6667,11,27.8333,,,,
4188613,1980,7347,1978,"TW","",,1,1,340,2,21,3,11,1,0.7107,0,10.9091,10,,,,
4189061,1980,7354,1978,"TW","",,1,3,220,6,68,2,1,0,0,,5,36.5,,,,
4189662,1980,7354,1978,"TW","",,1,1,315,4,42,3,2,0.3333,0.5,0,11,32.3333,,,,
4190792,1980,7361,1978,"TW","",,1,4,318,4,45,5,3,1,0,0,7.3333,10.4,,,,
4191354,1980,7368,1978,"TW","",,1,6,248,6,69,7,9,0.1429,0.1975,0,13,51.2857,,,,
4192637,1980,7375,1978,"TW","",601475,3,7,425,5,51,6,6,1,0.6667,0.4444,10.5,8.3333,0,0,0,0
4193214,1980,7382,1977,"TW","",,1,6,36,6,63,5,5,0.2,0,0,10.8,22.8,,,,
4193277,1980,7382,1978,"TW","",,1,9,70,6,65,3,6,0.6667,0,0,11,21.3333,,,,
4194766,1980,7389,1978,"TW","",,1,4,285,6,67,6,1,0.6667,0,0.5,13,17.1667,,,,
4197599,1980,7410,1978,"TW","",,1,3,4,6,65,9,5,0.1111,0,0,15.6,53.6667,,,,
4199150,1980,7417,1979,"TW","",,1,3,15,6,69,3,1,0.3333,0,0,15,31.6667,,,,
4199326,1980,7417,1978,"TW","",,1,2,44,1,19,9,8,0.5556,0.6875,0.32,13.25,24.1111,,,,
4200304,1980,7424,1978,"TW","",,1,9,280,5,55,4,1,0.75,0,0,10,9.5,,,,
4200957,1980,7431,1978,"TW","",,1,6,16,5,59,5,1,0.2,0,0,3,48.4,,,,
4202514,1980,7438,1978,"TW","",,1,4,254,5,59,3,1,0.6667,0,0.5,9,19,,,,
4204167,1980,7445,1978,"TW","",,1,5,455,2,21,5,7,0.6,0.4082,0.4444,9.7143,24.4,,,,
4204202,1980,7445,1978,"TW","",,1,4,340,2,21,5,8,0.4,0,0,11.625,27.6,,,,
4204776,1980,7452,1978,"TW","",,1,10,400,5,59,9,1,1,0,0.5185,15,6.3333,,,,
4205476,1980,7459,1978,"TW","",,1,1,43,6,61,4,6,0.5,0,0,9.6667,14.5,,,,
4205816,1980,7459,1978,"TW","",,1,4,248,6,69,4,4,0.5,0,0,16.5,33.25,,,,
4207965,1980,7473,1977,"TW","",,1,3,182,6,65,3,3,0.3333,0,0,10.6667,45,,,,
4208168,1980,7473,1978,"TW","",,1,12,416,1,19,10,2,0.5,0,0.64,8,44.9,,,,
4208834,1980,7480,1978,"TW","",350865,3,11,446,6,62,12,2,0.5833,0.5,0.449,15,24.3333,0,0,0,0
4209992,1980,7487,1977,"TW","",,1,3,60,4,45,3,3,0.6667,0,0,8.6667,32,,,,
4212237,1980,7501,1978,"TW","",,1,8,99,6,61,5,5,0.6,0,0.6667,12.6,23,,,,
4215667,1980,7522,1976,"TW","",,1,10,126,6,66,8,1,1,0,0.5313,21,12,,,,
4216857,1980,7529,1979,"TW","",,1,3,206,6,68,3,20,0.3333,0.55,0,8.65,28.6667,,,,
4218320,1980,7536,1979,"TW","",,1,1,210,1,19,1,11,0,0,,11.8182,18,,,,
4219282,1980,7543,1978,"TW","",,1,7,401,1,12,8,7,0.375,0.2449,0,8.5714,41.25,,,,
4222471,1980,7564,1978,"TW","",,1,1,192,5,53,3,2,0.3333,0,0,4,35.6667,,,,
4222743,1980,7564,1978,"TW","",,1,36,436,1,19,8,7,1,0.6122,0.6563,8.4286,3.75,,,,
4223150,1980,7564,1978,"TW","",101165,3,3,546,1,14,1,0,1,,0,,10,0,0,,
4223409,1980,7571,1979,"TW","",,1,6,2,6,63,4,4,0.5,0,0,3.75,35.25,,,,
4224701,1980,7578,1978,"TW","",,1,3,4,6,65,4,5,0.5,0.72,0.5,12.6,26.75,,,,
4225075,1980,7578,1979,"TW","",,1,6,227,5,59,2,12,1,0,0,13.3333,9.5,,,,
4226022,1980,7585,1979,"TW","",,1,6,33,6,69,2,0,0.5,,0,,32.5,,,,
4227416,1980,7592,1979,"TW","",,1,4,73,4,43,6,1,0.5,0,0.6667,1,13.5,,,,
4227449,1980,7592,1979,"TW","",,1,3,100,5,59,1,0,1,,0,,8,,,,
4228551,1980,7599,1979,"TW","",,1,6,4,6,65,8,1,0.625,0,0,16,13.5,,,,
4228562,1980,7599,1978,"TW","",,1,5,16,5,59,4,0,0.25,,0,,38.25,,,,
4228896,1980,7599,1979,"TW","",,1,11,206,6,68,7,9,0.4286,0.4938,0,11.5556,33.4286,,,,
4229885,1980,7606,1979,"TW","",,1,4,33,6,69,5,0,0.2,,0,,36.2,,,,
4230063,1980,7606,1979,"TW","",,1,4,116,6,69,6,4,0.6667,0.375,0.375,12.5,14.8333,,,,
4231123,1980,7613,1978,"TW","",,1,6,4,6,65,8,2,0.25,0,0,4,28.875,,,,
4231712,1980,7613,1979,"TW","",,1,4,417,5,53,1,1,1,0,0,14,6,,,,
4232242,1980,7613,1978,"TW","",,1,6,313,4,42,5,2,0,0.5,,10.5,59.4,,,,
4232408,1980,7620,1979,"TW","",,1,5,4,6,65,6,8,0,0,,9.125,63.5,,,,
4232477,1980,7620,1979,"TW","",508680,2,13,446,6,62,11,12,0.4545,0.7222,0.72,11.25,16,0,0,0,0
4232539,1980,7620,1978,"TW","",,1,9,70,6,65,1,4,0,0.375,,11,53,,,,
4233003,1980,7620,1978,"TW","",,1,8,418,5,53,3,5,0.6667,0.56,0,11.4,19,,,,
4237587,1980,7648,1979,"TW","",,1,5,24,6,63,8,3,0.125,0.4444,0,11,36.25,,,,
4238054,1980,7648,1979,"TW","",,1,4,222,1,19,4,14,0.75,0.4592,0,7.6429,13.75,,,,
4238100,1980,7648,1979,"TW","",,1,3,248,6,69,8,0,0.375,,0.4444,,39.25,,,,
4238163,1980,7648,1978,"TW","",,1,5,401,1,12,7,0,0.5714,,0.375,,30,,,,
4239269,1980,7655,1979,"TW","",,1,6,292,6,69,4,4,0.5,0.75,0,9.5,33.25,,,,
4239540,1980,7655,1979,"TW","",,1,2,106,1,12,2,1,1,0,0.5,16,13.5,,,,
4239573,1980,7655,1979,"TW","",,1,1,156,1,19,1,0,1,,0,,14,,,,
4240452,1980,7662,1979,"TW","",,1,1,15,6,69,3,9,0.3333,0.1975,0,13.4444,15.3333,,,,
4240454,1980,7662,1978,"TW","",,1,5,135,6,69,3,2,0.6667,0,0.5,5.5,22.3333,,,,
4241123,1980,7662,1978,"TW","",,1,6,428,6,69,5,6,0.8,0.7778,0.75,12.1667,9.2,,,,
4241703,1980,7669,1978,"TW","",,1,9,123,5,53,5,6,0.2,0,0,13.6667,35.8,,,,
4242944,1981,7676,1978,"TW","",,1,2,92,5,53,2,1,1,0,0,12,10.5,,,,
4244085,1981,7683,1978,"TW","",,1,1,24,6,63,5,1,0,0,,16,47.4,,,,
4246658,1981,7697,1979,"TW","",,1,1,2,6,63,3,1,0.6667,0,0.5,17,27.6667,,,,
4246873,1981,7697,1978,"TW","",,1,1,123,5,53,7,2,0.5714,0,0,2,27.5714,,,,
4247341,1981,7697,1979,"TW","",,1,5,127,1,11,4,0,0.75,,0.4444,,11.75,,,,
4247513,1981,7697,1979,"TW","",,1,4,264,5,51,5,6,0,0.6667,,8,26.8,,,,
4249444,1981,7711,1979,"TW","",103935,3,8,83,5,51,6,0,0.6667,,0,,15.1667,0,0,,
4250440,1981,7711,1977,"TW","",,1,12,318,4,45,8,4,0.75,0.375,0,10.25,13.75,,,,
4250590,1981,7718,1979,"TW","",,1,2,15,6,69,7,1,0.5714,0,0,5,27.5714,,,,
4250843,1981,7718,1978,"TW","",,1,4,123,5,53,4,0,0.5,,0.5,,31.75,,,,
4251088,1981,7718,1978,"TW","",,1,8,280,5,55,6,4,0.6667,0.5,0,12.25,19.5,,,,
4251163,1981,7718,1979,"TW","",,1,4,401,1,12,6,0,0.5,,0,,21.1667,,,,
4251959,1981,7725,1979,"TW","",,1,4,52,6,69,11,6,0.4545,0.5,0.72,11.5,17.1818,,,,
4255891,1981,7746,1979,"TW","",,1,9,43,6,61,6,7,0,0,,10,53.5,,,,
4255955,1981,7746,1979,"TW","",103935,3,4,72,5,52,3,2,0,0.5,,6,34,0,0,0,0
4259763,1981,7767,1979,"TW","",,1,8,16,5,59,4,3,0,0,,4.6667,61,,,,
4261187,1981,7774,1978,"TW","",,1,2,66,6,63,5,2,0.6,0,0,13.5,34,,,,
4261359,1981,7774,1979,"TW","",,1,2,604,3,32,2,7,1,0.449,0,11.7143,6.5,,,,
4261665,1981,7774,1979,"TW","",,1,2,403,6,67,5,9,1,0.716,0.56,13.5556,7.6,,,,
4262892,1981,7781,1980,"TW","",,1,2,269,6,69,3,1,0,0,,2,64,,,,
4266217,1981,7795,1980,"TW","",,1,1,340,2,21,4,11,0.5,0.314,0.5,7.6364,18.75,,,,
4266363,1981,7802,1979,"TW","",,1,7,43,6,61,4,2,0.25,0,0,15,40,,,,
4267900,1981,7809,1979,"TW","",,1,3,182,6,65,4,2,0.5,0,0,7,47,,,,
4268978,1981,7816,1979,"TW","",,1,1,434,6,69,8,1,0.75,0,0,8,13.625,,,,
4269132,1981,7816,1978,"TW","",,1,3,112,6,63,11,3,1,0.4444,0.7107,3.6667,7.1818,,,,
4272763,1981,7837,1979,"TW","",,1,7,340,2,21,3,9,0.6667,0,0,9.4444,22,,,,
4272896,1981,7837,1979,"TW","",,1,7,434,6,69,2,1,1,0,0,9,6.5,,,,
4272915,1981,7837,1979,"TW","",365865,2,9,446,6,62,8,3,0.875,0.6667,0.449,10,12.625,0,0,0,0
4272973,1981,7837,1979,"TW","",,1,14,464,5,53,9,9,0.5556,0.8395,0.32,10.5556,17.6667,,,,
4274272,1981,7844,1978,"TW","",,1,23,70,6,65,5,4,0.8,0.375,0,7.5,11.8,,,,
4274522,1981,7844,1979,"TW","",,1,4,192,5,53,10,1,0.8,0,0.5313,15,12.9,,,,
4275273,1981,7844,1979,"TW","",,1,9,379,2,21,2,7,0.5,0.449,0,10.5714,11,,,,
4275759,1981,7851,1979,"TW","",,1,5,137,6,69,4,4,0.25,0.625,0,12.25,35.25,,,,
4276055,1981,7851,1979,"TW","",,1,16,44,1,19,10,0,0.3,,0.6667,,28.7,,,,
4276662,1981,7858,1979,"TW","",,1,4,4,6,65,13,6,0.3077,0,0.375,9.5,34.4615,,,,
4277854,1981,7865,1979,"TW","",,1,6,4,6,65,5,5,0.8,0.32,0,9.6,20,,,,
4278845,1981,7865,1979,"TW","",,1,3,379,2,21,8,8,0.875,0.2188,0,6.75,7.5,,,,
4278962,1981,7865,1978,"TW","",469745,3,8,340,2,21,2,31,1,0.5536,0.5,9.871,7.5,0,0,0,0
4279265,1981,7872,1980,"TW","",,1,6,135,6,69,6,1,0,0,,11,85.1667,,,,
4279747,1981,7872,1980,"TW","",187065,2,4,210,1,19,7,2,0.2857,0.5,0,4,29.4286,0,0,0.5,0.5
4280171,1981,7872,1979,"TW","",,1,4,362,4,42,1,1,1,0,0,5,10,,,,
4280821,1981,7879,1979,"TW","",,1,7,51,5,59,4,1,0.5,0,0,3,41,,,,
4281825,1981,7886,1978,"TW","",,5,3,269,6,69,4,1,0.75,0,0,11,16.5,,,,
4282017,1981,7886,1979,"TW","",,1,5,96,1,13,6,3,0.3333,0.6667,0,7,37,,,,
4282911,1981,7893,1980,"TW","",493215,3,7,383,6,68,7,8,0.7143,0.6875,0.72,12.25,12.1429,0,0,0,0
4283022,1981,7893,1979,"TW","",,1,9,242,5,51,6,1,1,0,0.5,9,9,,,,
4283098,1981,7893,1979,"TW","",,1,6,312,6,65,3,3,0.3333,0.4444,0,14,18,,,,
4285456,1981,7907,1979,"TW","",,1,5,227,5,59,3,2,0.3333,0.5,0,5.5,39.6667,,,,
4286429,1981,7914,1979,"TW","",,1,9,57,6,63,9,4,0.4444,0.75,0.625,9.75,18,,,,
4288412,1981,7921,1978,"TW","",275380,3,5,423,1,19,5,0,0.6,,0,,12.6,0,0,,
4288767,1981,7921,1978,"TW","",,1,20,335,4,41,2,1,1,0,0.5,9,6.5,,,,
4290537,1981,7935,1979,"TW","",,1,8,222,1,19,11,3,0.5455,0,0.7222,3.6667,27.3636,,,,
4290644,1981,7935,1979,"TW","",,1,1,297,6,65,7,0,0.8571,,0.6111,,16.8571,,,,
4291301,1981,7935,1980,"TW","",,1,4,340,2,21,4,8,1,0,0.375,11,9.25,,,,
4291487,1981,7942,1979,"TW","",,1,14,446,6,62,2,5,0,0.56,,9,59.5,,,,
4291836,1981,7942,1979,"TW","",,1,10,239,5,59,1,10,1,0.74,0,9.8,16,,,,
4291900,1981,7942,1979,"TW","",,1,1,281,6,69,6,4,0.3333,0.375,0.5,9.25,60.5,,,,
4291982,1981,7942,1979,"TW","",,1,8,356,4,43,2,2,0,0,,16,33,,,,
4292755,1981,7949,1979,"TW","",,1,6,446,6,62,5,5,0.4,0.56,0,12,24.6,,,,
4293332,1981,7949,1980,"TW","",275380,3,17,75,5,52,14,6,0.7857,0.4444,0.6281,7.8333,16.9286,0,0,0.1667,0.1667
4294125,1981,7956,1980,"TW","",,1,6,73,4,43,5,1,0.8,0,0,2,13.8,,,,
4294377,1981,7956,1980,"TW","",,1,12,220,6,68,3,4,0.3333,0.375,0,12.25,25,,,,
4294787,1981,7956,1980,"TW","",,1,2,264,5,51,5,10,1,0.54,0.48,9.2,3,,,,
4295130,1981,7956,1979,"TW","",,1,7,340,2,21,2,0,1,,0.5,,9.5,,,,
4295302,1981,7963,1979,"TW","",,1,4,52,6,69,2,5,0.5,0.56,0,12.2,16.5,,,,
4295865,1981,7963,1979,"TW","",,1,7,95,1,13,9,2,0.8889,0.5,0.6563,10.5,14.3333,,,,
4296505,1981,7970,1980,"TW","",,1,4,4,6,65,4,4,0,0.5,,12.75,49.25,,,,
4297953,1981,7977,1980,"TW","",,1,5,108,6,69,6,5,0.5,0.72,0.4444,8.8,22.5,,,,
4298603,1981,7977,1979,"TW","",703520,3,8,514,3,31,0,3,,0.6667,,7,,,,0,0
4298923,1981,7977,1979,"TW","",,1,3,362,4,42,1,7,1,0.449,0,9.4286,5,,,,
4300695,1981,7991,1979,"TW","",,1,8,220,6,68,5,11,1,0,0,12.5455,5.4,,,,
4300705,1981,7991,1980,"TW","",,1,4,222,1,19,6,7,0.6667,0.449,0,6.1429,16.1667,,,,
4303086,1981,8005,1980,"TW","",,1,6,132,6,65,0,0,,,,,,,,,
4303110,1981,8005,1979,"TW","",,1,4,141,5,51,1,3,1,0.4444,0,10.3333,2,,,,
4303180,1981,8005,1979,"TW","",,1,3,222,1,19,3,0,0.6667,,0,,37.3333,,,,
4304417,1981,8012,1979,"TW","",468080,3,4,280,5,55,5,3,0.6,0,0,16.6667,14.2,0,0,0,0
4305223,1981,8019,1979,"TW","",,1,5,446,6,62,3,9,1,0.3704,0.6667,11.3333,4.6667,,,,
4305543,1981,8019,1980,"TW","",,1,2,229,6,68,8,1,0.25,0,0.5,8,36.875,,,,
4306372,1981,8026,1980,"TW","",,1,20,446,6,62,3,3,1,0.4444,0,6.3333,8.3333,,,,
4307739,1981,8033,1980,"TW","",,1,6,132,6,65,3,7,1,0.6939,0,10,5,,,,
4308732,1982,8040,1979,"TW","",,1,8,70,6,65,1,4,0,0,,11,65,,,,
4308889,1982,8040,1980,"TW","",,1,3,137,6,69,4,4,0.75,0.375,0.6667,10.75,20.75,,,,
4311243,1982,8054,1980,"TW","",,1,7,211,6,65,6,2,0.3333,0.5,0,9.5,28.3333,,,,
4312554,1982,8061,1980,"TW","",,1,5,439,4,41,2,0,1,,0.5,,7,,,,
4314575,1982,8075,1980,"TW","",,1,3,135,6,69,5,5,0,0.56,,12.2,69,,,,
4316477,1982,8089,1980,"TW","",,1,10,134,6,69,7,0,0.5714,,0,,24.4286,,,,
4318242,1982,8103,1980,"TW","",,1,6,446,6,62,5,4,0.6,0.625,0.4444,11.25,32.8,,,,
4318244,1982,8103,1980,"TW","",,1,3,446,6,62,5,3,1,0.4444,0.56,11,9.6,,,,
4318546,1982,8103,1981,"TW","",,5,7,473,6,62,4,9,0.25,0.3457,0,9.7778,34.5,,,,
4319400,1982,8110,1980,"TW","",,1,2,33,6,69,11,5,0.3636,0.32,0,10.2,27.5455,,,,
4319426,1982,8110,1980,"TW","",,1,6,446,6,62,8,6,0.375,0.6111,0,13.3333,27.5,,,,
4319569,1982,8110,1980,"TW","",,1,12,604,3,32,8,1,0.75,0,0,3,15.625,,,,
4319729,1982,8110,1980,"TW","",,1,5,248,6,69,7,1,0,0,,6,65.1429,,,,
4319746,1982,8110,1980,"TW","",,1,5,472,6,62,7,1,0.1429,0,0,14,44,,,,
4320637,1982,8117,1980,"TW","",,4,11,70,6,65,8,5,0.25,0,0,9.8,36.5,,,,
4320776,1982,8117,1979,"TW","",,1,1,137,6,69,4,2,0.25,0.5,0,5,44.75,,,,
4320859,1982,8117,1980,"TW","",,1,4,222,1,19,7,6,0.2857,0,0,4.5,26.1429,,,,
4320982,1982,8117,1979,"TW","",,1,4,401,1,12,14,4,0.3571,0,0.32,10,52.0714,,,,
4321593,1982,8117,1980,"TW","",,1,11,340,2,21,6,16,1,0.3281,0.6667,11.9375,9.5,,,,
4321718,1982,8124,1980,"TW","",,1,1,5,6,65,3,5,1,0.32,0.4444,8.8,7,,,,
4322291,1982,8124,1980,"TW","",,1,8,210,1,19,5,8,0.4,0.2188,0.5,8,42.4,,,,
4322344,1982,8124,1981,"TW","",,1,5,530,1,15,6,3,0.3333,0.4444,0,5,26.1667,,,,
4323375,1982,8131,1980,"TW","",,1,6,96,1,13,9,3,0.4444,0.6667,0.5,4.3333,33.7778,,,,
4324427,1982,8138,1980,"TW","",,1,10,293,5,55,2,6,0.5,0.5,0,10,35,,,,
4325110,1982,8138,1980,"TW","",,1,15,362,4,42,4,0,0.25,,0,,31.25,,,,
4325151,1982,8145,1980,"TW","",,1,6,5,6,65,4,6,1,0.5,0.625,9.5,5.25,,,,
4325236,1982,8145,1980,"TW","",,1,5,69,6,63,3,0,0.6667,,0.5,,17.3333,,,,
4325671,1982,8145,1978,"TW","",,5,1,415,5,53,7,0,0.4286,,0,,20.4286,,,,
4326415,1982,8152,1980,"TW","",,1,4,73,4,43,5,1,0.6,0,0.4444,11,21.2,,,,
4327003,1982,8152,1980,"TW","",703520,3,8,523,1,15,3,1,1,0,0.4444,8,11.3333,0,0,0,0
4327308,1982,8152,1980,"TW","",,1,4,315,4,42,4,2,1,0,0,3,6.5,,,,
4327566,1982,8159,1980,"TW","",,1,3,70,6,65,6,13,0.5,0,0,6.2308,26.8333,,,,
4330167,1982,8173,1979,"TW","",,1,11,439,4,41,6,1,1,0,0.4444,14,5.6667,,,,
4330269,1982,8173,1981,"TW","",,1,3,432,6,66,5,1,0.4,0,0,2,26.4,,,,
4331192,1982,8180,1979,"TW","",,1,5,144,5,51,6,1,1,0,0,14,8.1667,,,,
4331368,1982,8180,1980,"TW","",,1,1,312,6,65,8,0,0.75,,0.2778,,13.625,,,,
4332112,1982,8187,1980,"TW","",,1,3,52,6,69,6,3,0.8333,0,0.8,9,10.1667,,,,
4333184,1982,8194,1980,"TW","",,1,6,4,6,65,17,2,0.3529,0,0,4,45.4118,,,,
4333259,1982,8194,1980,"TW","",,5,7,446,6,62,5,8,0.8,0.5938,0.375,8,12.2,,,,
4333645,1982,8194,1980,"TW","",257500,3,3,482,5,59,7,4,0.8571,0,0.2778,11.5,14.1429,0,0,0,0
4333747,1982,8194,1980,"TW","",,1,3,96,1,13,5,0,0.6,,0,,22.2,,,,
4335536,1982,8208,1980,"TW","",,1,15,446,6,62,3,9,1,0.3704,0.6667,10.3333,12.6667,,,,
4336623,1982,8215,1980,"TW","",,1,5,15,6,69,4,3,0.5,0.6667,0.5,6.6667,21.5,,,,
4336855,1982,8215,1980,"TW","",,1,9,177,6,69,1,5,1,0.48,0,10.2,11,,,,
4338125,1982,8222,1979,"TW","",275380,3,10,423,1,19,4,1,0.5,0,0.5,9,16.75,1,0.25,0,0
4338690,1982,8229,1979,"TW","",,1,6,4,6,65,11,8,0.1818,0,0,12.25,42.8182,,,,
4338908,1982,8229,1980,"TW","",,1,2,123,5,53,2,1,0.5,0,0,5,34,,,,
4339226,1982,8229,1980,"TW","",,1,9,415,5,53,5,3,0.6,0.4444,0.4444,9.3333,24.8,,,,
4339888,1982,8236,1979,"TW","",,1,5,43,6,61,3,12,0.6667,0,0,12.25,17.3333,,,,
4341102,1982,8243,1979,"TW","",,1,1,70,6,65,5,5,0.8,0,0,7,23,,,,
4342346,1982,8250,1980,"TW","",,1,4,141,5,51,1,2,0,0.5,,10,84,,,,
4343696,1982,8257,1981,"TW","",,1,10,210,1,19,6,1,0.8333,0,0.72,0,15.5,,,,
4345223,1982,8264,1980,"TW","",,1,5,335,4,41,4,3,1,0.6667,0.625,12.6667,7.5,,,,
4345335,1982,8264,1980,"TW","",,1,3,441,6,69,3,8,0.6667,0.6875,0,11.625,18,,,,
4345765,1982,8271,1980,"TW","",,1,8,273,6,62,4,3,0.75,0.4444,0.4444,10,13.75,,,,
4346495,1982,8278,1979,"TW","",,1,1,15,6,69,5,5,0,0.56,,13.6,44.2,,,,
4348878,1982,8292,1980,"TW","",,1,4,70,6,65,4,5,1,0,0,6.6,7,,,,
4349123,1982,8292,1980,"TW","",,5,1,220,6,68,10,30,0.6,0.66,0.7778,9.9333,30.7,,,,
4351459,1982,8306,1980,"TW","",,1,4,225,5,51,4,3,0.5,0.4444,0,8.3333,14.75,,,,
4351621,1982,8306,1979,"TW","",,1,1,403,6,67,4,2,0.75,0,0.6667,12,22.25,,,,
4352540,1982,8313,1980,"TW","",,1,6,439,4,41,5,2,0.4,0,0.5,9,33,,,,
4352572,1982,8313,1980,"TW","",,5,14,366,1,19,4,10,1,0.34,0,7.4,7.25,,,,
4352786,1982,8313,1981,"TW","",275380,7,13,423,1,19,23,6,0.5652,0.2778,0.6154,11.5,27.6087,0.1111,0.0435,0,0
4353590,1982,8320,1977,"TW","",,5,1,296,5,55,4,8,0,0,,13,58.25,,,,
4354448,1982,8327,1980,"TW","",,1,7,116,6,69,3,0,0.3333,,0,,70.6667,,,,
4355521,1982,8334,1980,"TW","",,1,10,62,6,69,4,2,0.5,0,0,16.5,26,,,,
4355530,1982,8334,1980,"TW","",,1,4,72,5,52,6,7,0.3333,0.6531,0,9.4286,61.8333,,,,
4355706,1982,8334,1980,"TW","",,1,2,188,5,53,6,4,0.5,0.625,0.4444,7,38.1667,,,,
4356535,1982,8334,1980,"TW","",,1,4,362,4,42,2,7,1,0.6122,0,12.1429,9.5,,,,
4356635,1982,8341,1980,"TW","",,1,3,33,6,69,1,0,0,,,,27,,,,
4357028,1982,8341,1980,"TW","",101810,2,7,280,5,55,7,1,0.7143,0,0.72,1,14.7143,0.5,0.1429,1,1
4357798,1982,8348,1980,"TW","",,1,1,60,4,45,4,9,0.5,0.7901,0.5,9.7778,43.5,,,,
4358043,1982,8348,1980,"TW","",,1,2,227,5,59,4,2,1,0,0,5,6.75,,,,
4358870,1982,8355,1980,"TW","",,1,5,16,5,59,3,2,0.3333,0,0,11,50.6667,,,,
4359491,1982,8355,1980,"TW","",294000,3,12,427,1,12,5,6,0.4,0.7778,0.5,10.3333,35.8,0,0,0,0
4359610,1982,8355,1980,"TW","",,1,4,379,2,21,2,0,1,,0,,15,,,,
4359788,1982,8362,1980,"TW","",,1,4,4,6,65,12,2,0.5,0,0,8.5,20.3333,,,,
4360202,1982,8362,1980,"TW","",,1,1,473,6,62,9,5,1,0.48,0.642,11.4,5.4444,,,,
4360327,1982,8362,1980,"TW","",,1,3,418,5,53,7,0,0.1429,,0,,69.7143,,,,
4361136,1982,8369,1980,"TW","",,1,3,126,6,66,2,1,1,0,0,4,3,,,,
4362056,1982,8376,1980,"TW","",,1,11,73,4,43,4,0,1,,0.625,,9.5,,,,
4363227,1982,8383,1980,"TW","",,1,16,70,6,65,5,1,0.2,0,0,3,52.8,,,,
4363561,1982,8383,1981,"TW","",323050,3,2,403,6,67,6,8,0.5,0.7813,0,6.125,27.6667,0,0,0,0
4364033,1982,8383,1979,"TW","",,1,9,340,2,21,2,7,1,0.449,0.5,11.2857,6,,,,
4364611,1982,8390,1980,"TW","",,1,7,303,5,53,10,0,0.7,,0.6939,,16.5,,,,
4364703,1982,8390,1980,"TW","",,1,3,414,5,51,6,1,0.1667,0,0,4,32.1667,,,,
4366425,1982,8397,1981,"TW","",,1,6,318,4,45,5,5,0.4,0.56,0,7.4,28.6,,,,
4366502,1982,8397,1981,"TW","",466175,2,11,348,4,49,7,9,0.4286,0,0,6.1111,17.4286,0,0,0.3333,0.3333
4366876,1983,8404,1981,"TW","",,1,6,177,6,69,2,3,1,0.4444,0.5,11.3333,4.5,,,,
4366889,1983,8404,1980,"TW","",,1,16,477,5,53,8,4,0.875,0.375,0.4898,6.25,15.5,,,,
4367067,1983,8404,1980,"TW","",,1,6,474,5,53,6,3,0,0,,14.6667,52.3333,,,,
4367873,1983,8411,1981,"TW","",,1,5,473,6,62,8,15,0.625,0.2311,0,7.1333,17,,,,
4369543,1983,8425,1981,"TW","",,1,8,15,6,69,6,16,1,0.3203,0.4444,10.6875,6.8333,,,,
4369574,1983,8425,1980,"TW","",,1,6,30,6,65,3,2,0,0.5,,10.5,40.3333,,,,
4369644,1983,8425,1980,"TW","",,1,8,72,5,52,8,0,0.125,,0,,35.625,,,,
4371331,1983,8432,1980,"TW","",,1,5,431,6,66,1,4,0,0,,5.5,27,,,,
4372255,1983,8439,1980,"TW","",,1,1,122,6,66,2,0,0,,,,64.5,,,,
4373548,1983,8446,1981,"TW","",,1,2,137,6,69,4,11,0.75,0.1653,0,8.8182,22.25,,,,
4375296,1983,8460,1981,"TW","",,1,5,281,6,69,0,9,,0.5185,,10.2222,,,,,
4376590,1983,8474,1980,"TW","",,1,9,401,1,12,3,1,0.3333,0,0,17,52,,,,
4380322,1983,8509,1980,"TW","",,1,2,242,5,51,4,2,1,0,0.375,7.5,6.25,,,,
4380835,1983,8516,1981,"TW","",,1,8,4,6,65,7,3,0.1429,0,0,7,37.4286,,,,
4386772,1983,8558,1981,"TW","",257500,3,4,482,5,59,8,4,0.25,0,0,12.5,29.875,0,0,0,0
4387892,1983,8565,1981,"TW","",,1,6,482,5,59,5,5,0.2,0.32,0,8.8,55.6,,,,
4389070,1983,8572,1980,"TW","",,1,2,297,6,65,6,4,0.3333,0.625,0,11.75,50.6667,,,,
4389349,1983,8572,1982,"TW","",,1,10,562,1,14,2,3,1,0.4444,0.5,4,6.5,,,,
4389731,1983,8572,1981,"TW","",,1,9,455,2,21,4,2,0.25,0.5,0,11.5,29.75,,,,
4390182,1983,8579,1981,"TW","",,1,6,473,6,62,4,3,1,0.4444,0.375,9.3333,5.5,,,,
4390349,1983,8579,1979,"TW","",323230,3,6,48,1,13,6,0,0.8333,,0.32,,10.5,0,0,,
4391020,1983,8586,1981,"TW","",,5,5,16,5,59,4,2,0.5,0.5,0,5.5,35,,,,
4391062,1983,8586,1981,"TW","",,1,13,446,6,62,3,2,0.3333,0,0,3,25.3333,,,,
4391265,1983,8586,1981,"TW","",,1,3,126,6,66,11,10,0.5455,0.76,0.6667,9.6,30.6364,,,,
4392046,1983,8586,1981,"TW","",,1,4,219,4,49,2,2,1,0.5,0.5,10,11.5,,,,
4393024,1983,8593,1981,"TW","",,1,8,264,5,51,6,4,0.8333,0,0.56,6.75,10.8333,,,,
4393061,1983,8593,1982,"TW","",545485,2,6,514,3,31,1,2,0,0.5,,11.5,24,0,0,0,0
4393550,1983,8600,1981,"TW","",,1,2,24,6,63,2,11,1,0.4298,0.5,10.2727,7,,,,
4393798,1983,8600,1980,"TW","",,1,2,112,6,63,8,7,0.25,0,0,10.1429,38.75,,,,
4394539,1983,8600,1981,"TW","",,1,4,379,2,21,3,2,1,0.5,0.4444,7,6,,,,
4395730,1983,8607,1981,"TW","",,1,5,348,4,49,5,14,1,0.1327,0,5.2857,6,,,,
4395998,1983,8614,1981,"TW","",259030,3,4,123,5,53,3,2,1,0,0,15.5,3,0,0,0,0
4397062,1983,8621,1981,"TW","",,1,10,16,5,59,4,7,0.5,0.7755,0,11.2857,37.25,,,,
4397518,1983,8621,1980,"TW","",,1,11,439,4,41,2,2,0.5,0,0,10.5,21.5,,,,
4398752,1983,8628,1981,"TW","",,1,8,281,6,69,7,1,0,0,,17,76.1429,,,,
4399674,1983,8635,1980,"TW","",,1,7,70,6,65,4,1,0.25,0,0,16,36.75,,,,
4400678,1983,8635,1981,"TW","",,1,4,337,4,41,3,0,0,,,,51.3333,,,,
4402147,1983,8649,1981,"TW","",,1,19,36,6,63,3,17,1,0.7474,0.6667,9.2941,5.6667,,,,
4403966,1983,8656,1981,"TW","",,1,7,434,6,69,4,5,0.75,0.48,0,10.4,16.75,,,,
4405260,1983,8663,1981,"TW","",,1,6,405,6,64,7,1,0.4286,0,0.4444,8,38.4286,,,,
4406024,1983,8670,1982,"TW","",,1,7,4,6,65,6,12,0.6667,0,0,7.8333,20.5,,,,
4406555,1983,8670,1981,"TW","",92450,3,3,401,1,12,5,4,0.2,0.375,0,12.75,35.4,0,0,0,0
4407235,1983,8677,1982,"TW","",,1,1,122,6,66,10,0,0.1,,0,,48.9,,,,
4408421,1983,8684,1981,"TW","",,1,5,52,6,69,5,5,0.8,0.56,0.625,10.6,12.2,,,,
4409805,1983,8691,1982,"TW","",,1,5,70,6,65,4,2,0.5,0,0,10.5,23,,,,
4411029,1983,8698,1981,"TW","",515875,3,4,4,6,65,11,14,0.9091,0,0,8.8571,10.7273,0,0,0,0
4414025,1983,8712,1982,"TW","",102320,3,10,75,5,52,3,0,1,,0,,8.6667,0,0,,
4415201,1983,8719,1981,"TW","",,1,30,297,6,65,5,2,0,0,,15,81.4,,,,
4416231,1983,8726,1982,"TW","",,1,3,123,5,53,3,1,1,0,0,7,12.6667,,,,
4417236,1983,8726,1981,"TW","",,1,6,340,2,21,3,5,0.6667,0.72,0.5,3.8,26,,,,
4417941,1983,8733,1981,"TW","",,1,8,156,1,19,3,1,0.6667,0,0,15,14.3333,,,,
4418699,1983,8740,1982,"TW","",,1,4,600,3,32,12,0,0.9167,,0.5455,,7.8333,,,,
4418707,1983,8740,1982,"TW","",,1,8,135,6,69,1,6,1,0.2778,0,4,8,,,,
4419193,1983,8740,1982,"TW","",,1,2,205,1,19,2,0,1,,0,,11,,,,
4419841,1983,8747,1982,"TW","",,1,5,446,6,62,4,2,0.25,0,0,11.5,29.25,,,,
4420007,1983,8747,1982,"TW","",,1,8,135,6,69,2,8,1,0,0,6.375,10,,,,
4420214,1983,8747,1980,"TW","",,1,7,439,4,41,6,8,0.3333,0.2188,0,7,22.5,,,,
4420430,1983,8747,1982,"TW","",703520,3,17,556,1,14,5,3,1,0.4444,0.32,4.6667,5.8,0,0,0,0
4421133,1983,8754,1981,"TW","",,1,3,135,6,69,6,17,0.3333,0,0,7.5882,37.1667,,,,
4421159,1983,8754,1982,"TW","",,1,8,165,6,66,5,1,0.2,0,0,9,43.2,,,,
4421269,1983,8754,1982,"TW","",,1,14,236,6,69,12,9,0.5833,0.642,0.449,5.8889,23.25,,,,
4422190,1983,8761,1982,"TW","",,1,6,4,6,65,8,7,0.125,0,0,7.2857,43.875,,,,
4422467,1983,8761,1982,"TW","",,1,5,135,6,69,5,2,0.6,0,0.4444,15,33.2,,,,
4422498,1983,8761,1981,"TW","",636835,2,2,165,6,66,8,6,0.375,0.5,0,8.1667,26.375,0,0,0,0
4423465,1983,8761,1981,"TW","",,1,2,361,4,45,3,18,0.6667,0.679,0,8.1111,14,,,,
4424069,1984,8768,1982,"TW","",,1,5,96,1,13,11,8,0.4545,0.5313,0.32,9.625,28.2727,,,,
