4427808,1984,8789,1981,"CS","",97135,3,3,524,1,15,2,30,1,0.8489,0.5,10.1333,2,0,0,0,0
4429522,1984,8803,1982,"CS","",615735,3,4,57,6,63,4,3,1,0,0,7.3333,7.5,0.75,0.75,0.3333,0.3333
4430215,1984,8803,1982,"CS","",11815,3,14,210,1,19,16,2,1,0,0,13,11.125,0.5556,0.3125,0,0
4431808,1984,8810,1982,"CS","",537500,3,12,546,1,14,3,1,1,0,0.6667,15,15.6667,0,0,0,0
4433705,1984,8824,1980,"CS","",615720,3,9,139,6,63,1,2,1,0,0,9.5,4,1,1,0,0
4434645,1984,8831,1981,"CS","",513355,3,14,72,5,52,3,4,0,0,,4,61.6667,0,0,0,0
4439588,1984,8852,1980,"CS","",97135,3,11,525,1,15,7,0,1,,0.7347,,11.5714,0.1429,0.1429,,
4441968,1984,8866,1981,"CS","",358010,3,5,205,1,19,5,2,1,0.5,0.72,12,13.6,0,0,0,0
4445362,1984,8887,1982,"CS","",97135,3,12,73,4,43,1,0,1,,0,,15,0,0,,
4446275,1984,8887,1982,"CS","",453585,3,1,525,1,15,3,4,1,0.75,0.6667,4.75,8,0,0,0,0
4446741,1984,8894,1981,"CS","",457505,3,4,73,4,43,5,3,0.8,0,0.625,9.3333,19.8,0,0,0,0
4447322,1984,8894,1983,"CS","",615585,3,4,210,1,19,4,8,0.5,0.4063,0,5.125,27.75,0,0,0,0
4447540,1984,8894,1982,"CS","",537500,3,1,435,3,33,2,0,1,,0,,5,0,0,,
4448890,1984,8901,1980,"CS","",55770,2,14,436,1,19,1,11,1,0.4298,0,9.1818,3,0,0,0,0
4452196,1984,8922,1981,"CS","",615685,3,3,123,5,53,8,7,1,0,0.2188,7.5714,2.625,0,0,0,0
4454811,1984,8936,1983,"CS","",641420,3,2,101,6,69,5,0,1,,0.8,,7,0,0,,
4457382,1984,8950,1982,"CS","",612930,3,10,173,5,51,11,1,0.8182,0,0.7654,14,12.4545,0,0,0,0
4458728,1984,8957,1983,"CS","",615720,3,9,139,6,63,4,1,1,0,0,0,5.5,0.5,0.5,0,0
4459850,1984,8964,1981,"CS","",105985,3,1,73,4,43,10,5,1,0.8,0.72,8.4,12.1,0.1667,0.1,0,0
4461847,1984,8971,1982,"CS","",97135,3,3,521,1,15,6,7,0.5,0.4082,0.4444,9.7143,19,0.3333,0.1667,0,0
4462097,1984,8971,1982,"CS","",569310,3,7,369,2,24,6,1,1,0,0,9,5.1667,0,0,0,0
4468228,1984,9006,1983,"CS","",615535,3,3,8,1,11,5,4,0.8,0.625,0.375,4.5,14,0,0,0,0
4471784,1984,9027,1982,"CS","",569310,3,1,607,3,32,9,0,1,,0.1975,,9.3333,0,0,,
4474737,1984,9041,1983,"CS","",615665,3,8,423,1,19,11,2,0.7273,0.5,0,4.5,26.6364,0,0,0.5,0.5
4475391,1984,9048,1982,"CS","",615825,3,5,73,4,43,2,0,1,,0,,15.5,0,0,,
4482486,1984,9083,1983,"CS","",97135,3,4,530,1,15,3,4,1,0.375,0.4444,5,10,1,0.6667,0,0
4483794,1984,9090,1983,"CS","",97135,3,12,530,1,15,5,0,1,,0.48,,6,0.6667,0.4,,
4487253,1984,9111,1981,"CS","",615820,3,3,165,6,66,6,5,1,0.32,0.5,8.2,9.5,0,0,0,0
4487841,1984,9111,1982,"CS","",615665,3,5,501,1,19,9,2,1,0.5,0.642,9.5,12,0,0,0,0
4488484,1984,9118,1983,"CS","",641415,3,11,101,6,69,3,3,1,0,0,5.3333,6.3333,0,0,0,0
4488938,1984,9118,1981,"CS","",542430,3,21,205,1,19,5,2,0.6,0.5,0.6667,7.5,22.8,0,0,0,0
4489588,1984,9125,1983,"CS","",513330,3,4,72,5,52,4,0,0.25,,0,,41,0,0,,
4492766,1985,9139,1983,"CS","",97135,3,5,501,1,19,3,6,0.3333,0.7222,0,3,27.6667,0,0,0,0
4494577,1985,9153,1983,"CS","",170475,3,6,139,6,63,1,1,1,0,0,2,13,0,0,1,1
4494578,1985,9153,1983,"CS","",641420,3,6,139,6,63,1,1,0,0,,5,53,0,0,0,0
4495420,1985,9153,1982,"CS","",600190,3,2,250,4,44,3,5,1,0,0,10.2,13.3333,0,0,0,0
4495762,1985,9160,1983,"CS","",615735,3,4,57,6,63,5,5,1,0,0,9.8,9.8,0.4,0.4,0.25,0.2
4498279,1985,9174,1984,"CS","",170475,3,10,57,6,63,3,0,1,,0,,1.3333,0,0,,
4498280,1985,9174,1984,"CS","",170475,3,6,57,6,63,3,0,1,,0,,1.3333,0,0,,
4499282,1985,9174,1983,"CS","",615880,3,1,548,1,14,4,4,1,0.375,0.75,2.5,10.75,0,0,0,0
4499718,1985,9181,1983,"CS","",615735,3,8,57,6,63,5,4,1,0.375,0,8,6.4,0.2,0.2,0.25,0.25
4500390,1985,9181,1982,"CS","",518395,3,10,159,1,19,2,0,1,,0.5,,18.5,0,0,,
4500446,1985,9181,1982,"CS","",100260,3,3,252,1,19,4,3,1,0.6667,0.5,8.3333,10,0,0,0,0
4503891,1985,9202,1982,"CS","",641420,3,2,139,6,63,3,5,1,0,0,5,7.3333,0,0,0,0
4503996,1985,9202,1982,"CS","",97135,3,10,222,1,19,5,17,1,0.1107,0,10.4118,5.4,0,0,0,0
4504361,1985,9202,1982,"CS","",518395,3,8,202,1,19,14,11,0.4286,0.6281,0.5,11.3636,24.8571,0,0,0,0
4508645,1985,9223,1983,"CS","",97135,3,10,530,1,15,0,2,,0.5,,7,,,,0,0
4509629,1985,9230,1982,"CS","",641420,7,5,477,5,53,3,3,1,0.4444,0.6667,11.6667,3,0,0,0,0
4511467,1985,9237,1982,"CS","",263325,3,3,210,1,19,4,0,1,,0.375,,11.75,0,0,,
4512461,1985,9244,1981,"CS","",537500,3,6,206,6,68,6,0,0.6667,,0.375,,29.3333,0,0,,
4512923,1985,9244,1983,"CS","",537500,3,2,530,1,15,3,3,1,0.6667,0,6.6667,7,0,0,0,0
4513566,1985,9251,1983,"CS","",641410,3,3,57,6,63,3,4,1,0.625,0,8.25,10.6667,0,0,0,0
4514838,1985,9251,1982,"CS","",569310,3,3,369,2,24,1,0,1,,0,,22,0,0,,
4515715,1985,9258,1983,"CS","",537500,3,1,564,1,14,1,2,1,0,0,4.5,4,0,0,0,0
4517457,1985,9265,1982,"CS","",581925,3,4,250,4,44,2,2,0.5,0,0,14,25,0,0,0,0
4519681,1985,9279,1982,"CS","",97135,3,7,351,3,39,1,2,1,0,0,5,5,0,0,0,0
4521250,1985,9286,1984,"CS","",598945,3,9,106,1,12,2,3,0.5,0.6667,0,2.3333,19,0,0,0,0
4522699,1985,9293,1982,"CS","",542430,3,7,204,1,19,13,0,0.6923,,0.4938,,19.0769,0,0,,
4525248,1985,9307,1983,"CS","",540940,3,9,205,1,19,0,1,,0,,7,,,,0,0
4527384,1985,9321,1983,"CS","",615735,3,3,57,6,63,6,4,1,0,0,5.5,8,0.3333,0.3333,0,0
4528006,1985,9321,1983,"CS","",132320,3,2,55,1,13,1,3,1,0.4444,0,4,7,0,0,0,0
4528133,1985,9321,1983,"CS","",537500,3,12,530,1,15,7,1,1,0,0.7755,11,4.2857,0,0,0,0
4529056,1985,9328,1983,"CS","",97125,3,7,180,5,55,4,12,1,0.1528,0.625,12.1667,3.75,0,0,0,0
4529615,1985,9328,1983,"CS","",97135,3,11,427,1,12,6,2,1,0.5,0.8333,4.5,15.3333,0,0,0,0
4531043,1985,9335,1983,"CS","",97135,3,9,219,4,49,3,3,1,0,0,4.3333,6.3333,0,0,0,0
4534042,1985,9349,1982,"CS","",615735,3,8,377,4,49,9,6,1,0.4444,0.7407,8.8333,7.7778,0,0,0,0
4534916,1985,9356,1984,"CS","",97145,3,19,264,5,51,5,22,0.8,0.8678,0.625,6.4545,14,0,0,0,0
4535784,1985,9363,1984,"CS","",97135,3,3,600,3,32,2,11,1,0.5289,0.5,7.0909,6,0,0,0,0
4536230,1985,9363,1981,"CS","",540935,3,18,148,5,52,8,6,0.75,0.6111,0.5,9.8333,16,0,0,0,0
4537094,1985,9370,1983,"CS","",457500,3,6,475,5,53,6,2,0.5,0,0.4444,6.5,38.6667,0,0,0,0
4538513,1985,9377,1984,"CS","",641415,3,5,101,6,69,8,6,0.625,0,0,7,15.625,0,0,0,0
4542217,1985,9391,1984,"CS","",615880,3,1,544,1,14,0,0,,,,,,,,,
4542494,1985,9391,1982,"CS","",569310,3,6,369,2,24,5,0,0.8,,0,,14,0,0,,
4542620,1985,9398,1984,"CS","",170475,3,6,57,6,63,4,2,1,0.5,0,7,4,0,0,0,0
4542664,1985,9398,1983,"CS","",457500,3,5,475,5,53,8,4,0.375,0.375,0.4444,6.25,29.5,0,0,0,0
4545264,1985,9412,1982,"CS","",601905,3,5,475,5,53,7,3,0.7143,0.6667,0.48,5.3333,19.5714,0.25,0.1429,0,0
4546040,1985,9412,1984,"CS","",615580,3,1,428,6,69,11,16,1,0.625,0.7107,7.3125,11.2727,0,0,0,0
4547574,1985,9419,1984,"CS","",615880,3,1,544,1,14,1,1,1,0,0,2,17,0,0,0,0
4549742,1985,9433,1983,"CS","",317755,3,2,280,5,55,5,3,0.8,0.4444,0,5.6667,19.2,0,0,0,0
4551176,1985,9440,1983,"CS","",,1,8,524,1,15,11,7,1,0.449,0.562,8,4.1818,,,,
4552188,1985,9447,1984,"CS","",641420,3,3,139,6,63,1,3,1,0,0,4,3,0,0,0,0
4553072,1985,9447,1984,"CS","",97115,3,4,315,4,42,4,1,0.5,0,0,1,21,0,0,0,0
4553383,1985,9454,1983,"CS","",615735,3,9,57,6,63,4,0,1,,0,,9,0.3333,0.25,,
4554100,1985,9454,1982,"CS","",537500,3,2,530,1,15,1,0,1,,0,,5,0,0,,
4557299,1985,9475,1984,"CS","",641420,3,8,139,6,63,4,2,1,0.5,0,3.5,8,0,0,0,0
4561866,1985,9496,1984,"CS","",517580,3,6,96,1,13,8,6,0.75,0.7778,0.7222,5.3333,19.875,0,0,0,0
4562677,1986,9503,1983,"CS","",542555,3,7,52,6,69,3,4,0.6667,0.5,0,9.25,22.6667,0,0,0,0
4563490,1986,9503,1983,"CS","",132315,3,6,524,1,15,3,38,1,0.8172,0.4444,9.0526,4.3333,0,0,0,0
4567723,1986,9531,1984,"CS","",170475,3,14,57,6,63,2,8,1,0.2188,0,8.625,9.5,0,0,0,0
4568501,1986,9531,1984,"CS","",97135,3,15,264,5,51,16,5,0.6875,0.56,0.6446,7,23.4375,0.25,0.0625,0,0
4570504,1986,9545,1983,"CS","",639165,3,4,74,5,59,6,2,0.5,0,0.6667,5,37,0,0,0,0
4570510,1986,9545,1983,"CS","",47545,3,3,475,5,53,10,3,0.8,0.6667,0.375,6.6667,10,0,0,0,0
4579151,1986,9587,1984,"CS","",542435,3,8,139,6,63,5,1,1,0,0.48,9,12.4,0.5,0.4,0,0
4579282,1986,9587,1983,"CS","",540945,3,3,239,5,59,4,4,0.5,0.375,0.5,9.25,24.75,0,0,0,0
4582077,1986,9601,1984,"CS","",517585,3,3,134,6,69,6,3,0.3333,0.4444,0.5,6.6667,31.1667,0,0,0,0
4583830,1986,9608,1981,"CS","",97135,3,4,351,3,39,2,0,1,,0.5,,10,0,0,,
4584354,1986,9608,1984,"CS","",97135,3,4,525,1,15,1,5,1,0.72,0,7.6,19,0,0,0.2,0.2
4584833,1986,9615,1984,"CS","",615735,3,8,57,6,63,4,1,1,0,0,6,17.5,0,0,0,0
4585049,1986,9615,1982,"CS","",371440,3,14,164,5,52,6,3,0.6667,0,0.375,16.3333,24,0,0,0,0
4585556,1986,9615,1985,"CS","",11840,3,3,210,1,19,11,3,0.7273,0,0.2188,8.3333,23,0,0,0,0
4590858,1986,9643,1984,"CS","",641415,3,6,101,6,69,2,3,0.5,0,0,5.6667,24.5,0,0,0,0
4594844,1986,9664,1985,"CS","",170475,3,4,57,6,63,7,0,0.7143,,0,,18.7143,0,0,,
4597784,1986,9678,1985,"CS","",386825,3,8,55,1,13,6,5,1,0.72,0.2778,5.8,9.6667,0,0,0,0
4598537,1986,9685,1984,"CS","",170475,3,4,57,6,63,3,9,1,0,0.4444,6.5556,7,0,0,0,0
4599415,1986,9685,1985,"CS","",537500,3,1,544,1,14,1,0,1,,0,,4,0,0,,
4601792,1986,9699,1985,"CS","",97135,3,9,205,1,19,1,3,1,0,0,4.6667,5,0,0,0.5,0.3333
4604440,1986,9713,1985,"CS","",97135,3,16,526,1,15,9,2,0.8889,0.5,0.7188,4,11.5556,0.6667,0.4444,0,0
4605658,1986,9720,1984,"CS","",97135,3,20,514,3,31,1,9,1,0.5926,0,7.8889,6,0,0,0,0
4609337,1986,9741,1984,"CS","",97135,3,8,425,5,51,2,2,1,0.5,0.5,8.5,1,0,0,0,0
4609507,1986,9741,1985,"CS","",97135,3,15,264,5,51,2,3,0.5,0.4444,0,7.6667,22.5,0,0,0,0
4612009,1986,9755,1985,"CS","",97135,3,2,424,3,31,3,5,1,0.32,0,9,3.3333,0,0,0,0
4613502,1986,9762,1984,"CS","",97135,3,5,424,3,31,7,11,0.5714,0.4298,0.625,8.4545,15.4286,0,0,0,0
4619296,1986,9797,1985,"CS","",170490,3,5,139,6,63,3,1,1,0,0,11,5.3333,0,0,0,0
4622367,1986,9811,1985,"CS","",97135,3,2,525,1,15,0,1,,0,,5,,,,0,0
4622750,1986,9818,1985,"CS","",97135,3,18,33,6,69,4,0,0.5,,0.5,,39,0,0,,
4623005,1986,9818,1984,"CS","",170475,3,2,139,6,63,4,1,1,0,0,3,8.75,0,0,0,0
4623006,1986,9818,1984,"CS","",170475,3,6,139,6,63,5,0,1,,0,,10.6,0,0,,
4624002,1986,9818,1985,"CS","",615665,3,3,373,6,66,4,0,1,,0.375,,10,0,0,,
4625771,1986,9832,1985,"CS","",170475,3,5,139,6,63,2,0,1,,0,,7.5,0.5,0.5,,
4626388,1986,9832,1986,"CS","",97135,3,20,264,5,51,3,1,1,0,0.4444,9,1,0,0,0,0
4631782,1986,9860,1984,"CS","",639175,3,7,24,6,63,9,9,0.8889,0.5185,0.2188,9,10.5556,0,0,0,0
4634316,1987,9867,1984,"CS","",615750,3,10,405,6,64,6,1,0.3333,0,0,10,28.6667,0,0,0,0
4634604,1987,9867,1984,"CS","",97135,3,6,427,1,12,6,7,1,0.5714,0.7222,6.5714,9.8333,0,0,0.1429,0.1429
4635283,1987,9867,1984,"CS","",641410,3,2,378,4,44,3,3,0.6667,0,0,9.3333,18.6667,0,0,0,0
4637894,1987,9881,1985,"CS","",590575,3,7,252,1,19,5,12,1,0.5139,0.64,9.6667,11.4,0,0,0,0
4639570,1987,9888,1985,"CS","",,1,1,219,4,49,6,4,1,0,0.6667,6,11.5,,,,
4643372,1987,9909,1986,"CS","",170475,3,2,242,5,51,7,1,0.2857,0,0,5,34.7143,0,0,0,0
4646969,1987,9923,1986,"CS","",97135,3,4,239,5,59,9,22,0.3333,0.5455,0,7.2727,32.4444,0,0,0,0
4649585,1987,9937,1986,"CS","",581925,3,6,12,6,63,8,6,1,0.2778,0.4688,5.3333,6.875,0,0,0,0
4651784,1987,9944,1984,"CS","",170475,3,9,139,6,63,5,1,0.8,0,0.375,10,14.2,0,0,0,0
4652785,1987,9944,1986,"CS","",517585,3,3,310,4,45,5,3,1,0.4444,0.56,6.3333,17.4,0,0,0,0
4656236,1987,9958,1986,"CS","",97135,3,3,526,1,15,4,1,1,0,0.75,10,3.75,0.25,0.25,0,0
4659825,1987,9972,1984,"CS","",97135,3,1,544,1,14,1,9,1,0.4938,0,8.2222,7,0,0,0.2222,0.2222
4659849,1987,9972,1985,"CS","",97135,3,3,556,1,14,5,4,1,0.625,0.72,4.5,2.8,0,0,0,0
4661210,1987,9979,1986,"CS","",97135,3,2,205,1,19,2,11,1,0.5785,0.5,7.8182,5,0.5,0.5,0,0
4661297,1987,9979,1982,"CS","",537500,3,15,562,1,14,6,0,0.8333,,0.56,,16.6667,0,0,,
4664794,1987,9993,1984,"CS","",518395,3,9,210,1,19,8,5,1,0,0,12,10.25,0,0,0,0
4664810,1987,9993,1985,"CS","",615665,3,7,210,1,19,10,4,0.7,0.625,0.7755,5.75,15.4,0,0,0,0
4665718,1987,10000,1985,"CS","",170475,3,5,66,6,63,4,7,0.75,0,0,7.2857,18.75,0,0,0,0
4666267,1987,10000,1984,"CS","",97135,3,5,351,3,39,2,3,1,0.4444,0,8.3333,7.5,0,0,0,0
4674696,1987,10035,1986,"CS","",170475,3,2,242,5,51,7,1,0.2857,0,0,5,34.7143,0,0,0,0
4678788,1987,10049,1986,"CS","",537500,3,6,514,3,31,2,0,1,,0.5,,7,0.5,0.5,,
4680091,1987,10056,1986,"CS","",640870,3,6,202,1,19,1,2,1,0,0,7.5,20,0,0,0,0
4680989,1987,10063,1985,"CS","",450290,3,2,477,5,53,5,7,1,0.2449,0.32,3.5714,7.2,0,0,0,0
4681020,1987,10063,1984,"CS","",11845,3,5,89,5,59,11,8,0.3636,0.5313,0.5,9.75,37.2727,0,0,0,0
4681100,1987,10063,1985,"CS","",319415,3,9,128,3,32,5,10,0.8,0.18,0,7.2,22.4,0,0,0,0
4683062,1987,10070,1985,"CS","",97135,3,5,210,1,19,2,24,1,0.6493,0.5,7.2083,6,0,0,0,0
4683331,1987,10070,1985,"CS","",537490,3,4,562,1,14,1,9,1,0.1975,0,11.3333,22,0,0,0,0
4684614,1987,10077,1986,"CS","",97135,3,5,435,3,33,6,0,0.1667,,0,,75.6667,0,0,,
4685935,1987,10084,1986,"CS","",615665,3,10,23,1,19,4,0,1,,0.375,,8.75,0.25,0.25,,
4690989,1987,10105,1985,"CS","",97135,3,3,526,1,15,8,1,1,0,0.4688,10,11,0,0,0,0
4691700,1987,10112,1986,"CS","",319390,3,7,128,3,32,3,1,0.6667,0,0,2,23.6667,0,0,0,0
4692243,1987,10112,1985,"CS","",97135,3,6,210,1,19,22,3,1,0,0.5702,7,11.1818,0.05,0.0455,0,0
4692452,1987,10112,1986,"CS","",537500,3,6,514,3,31,7,8,1,0.5938,0.2449,6.375,8.2857,0,0,0,0
4693238,1987,10119,1985,"CS","",567480,3,7,600,3,32,6,2,1,0,0.2778,5.5,10,0,0,0,0
4696683,1987,10133,1986,"CS","",97135,3,6,95,1,13,7,3,0.5714,0.6667,0.625,5,19.1429,0.3333,0.1429,0.3333,0.3333
4696974,1987,10133,1986,"CS","",97135,3,3,525,1,15,3,9,1,0.8395,0,5.3333,8,0,0,0,0
4698993,1987,10147,1986,"CS","",292065,3,2,72,5,52,6,1,1,0,0.2778,3,10.1667,0,0,0,0
4699327,1987,10147,1986,"CS","",170995,3,9,242,5,51,4,1,1,0,0,8,9,0,0,0,0
4706923,1987,10182,1986,"CS","",615680,3,4,248,6,69,11,1,1,0,0.843,6,10.0909,0,0,0,0
4707379,1987,10182,1985,"CS","",97135,3,10,427,1,12,4,1,1,0,0.75,6,15.5,0,0,0,0
4707516,1987,10182,1986,"CS","",97135,3,1,525,1,15,2,3,0.5,0.4444,0,7.6667,22.5,0,0,0,0
4707581,1987,10182,1985,"CS","",615655,3,4,219,4,49,2,1,1,0,0,12,13.5,0,0,0,0
4709434,1987,10196,1986,"CS","",581925,3,3,12,6,63,7,1,1,0,0.4898,4,5,0,0,0,0
4710300,1987,10196,1983,"CS","",97135,3,7,210,1,19,6,2,1,0,0.6111,10.5,10.3333,0,0,0,0
4710646,1987,10196,1986,"CS","",170475,3,5,307,4,49,11,3,1,0.6667,0.7934,4.3333,10.0909,0,0,0,0
4711952,1987,10203,1986,"CS","",537500,3,10,530,1,15,3,4,1,0,0.4444,9,6.3333,0,0,0,0
4720083,1988,10245,1984,"CS","",97135,3,2,266,5,52,10,2,1,0,0.18,6,11.2,0,0,0,0
4720497,1988,10245,1985,"CS","",537500,3,5,514,3,31,1,0,1,,0,,4,0,0,,
4722813,1988,10259,1985,"CS","",97135,3,8,264,5,51,4,1,1,0,0,12,8.25,0,0,0,0
4724562,1988,10273,1986,"CS","",581925,3,3,12,6,63,5,1,0.8,0,0.5,6,26.2,0,0,0,0
4730054,1988,10294,1986,"CS","",537485,3,5,548,1,14,1,1,1,0,0,10,9,0,0,0,0
4731987,1988,10308,1987,"CS","",615735,3,10,57,6,63,11,4,1,0,0,6.75,10.5455,0.4545,0.4545,0,0
4732714,1988,10308,1985,"CS","",97135,3,5,264,5,51,5,1,1,0,0.64,9,12.4,0.6667,0.4,0,0
4736938,1988,10329,1985,"CS","",641415,3,4,271,5,51,1,1,1,0,0,6,14,0,0,0,0
4740389,1988,10343,1985,"CS","",542415,3,16,427,1,12,3,2,1,0,0.6667,8,9.6667,0,0,0,0
4741815,1988,10350,1987,"CS","",518395,3,6,204,1,19,7,0,1,,0.7347,,10.1429,0,0,,
4743263,1988,10357,1985,"CS","",97120,3,3,623,3,39,4,8,1,0,0.625,5.5,4.5,0,0,0,0
4745161,1988,10364,1986,"CS","",97135,3,2,525,1,15,1,48,1,0.5425,0,8.7708,4,0,0,0,0
4748704,1988,10385,1987,"CS","",638990,3,9,7,5,59,4,1,0.25,0,0,1,62.5,0,0,0,0
4751928,1988,10399,1987,"CS","",518385,3,3,600,3,32,7,5,0.7143,0.32,0,6,17.4286,0,0,0,0
4752391,1988,10399,1987,"CS","",97135,3,1,210,1,19,5,3,1,0,0.56,3.3333,9.4,0,0,0,0
4753257,1988,10406,1986,"CS","",517585,3,10,134,6,69,10,2,0.6,0.5,0.5,6,26.9,0,0,0,0
4753274,1988,10406,1985,"CS","",170475,3,7,139,6,63,5,1,1,0,0,8,10,0,0,0,0
4755590,1988,10413,1986,"CS","",97135,3,1,528,1,15,1,1,1,0,0,10,19,0,0,0,0
4758671,1988,10427,1987,"CS","",615845,3,2,548,1,14,4,3,1,0.4444,0.625,7.3333,3,0,0,0,0
4765870,1988,10462,1987,"CS","",358010,3,6,148,5,52,5,2,1,0.5,0.56,7,10.2,0,0,0,0
4772250,1988,10490,1987,"CS","",320605,3,5,474,5,53,2,1,1,0,0,0,7.5,0,0,0,0
4772514,1988,10490,1987,"CS","",97135,3,2,428,6,69,5,5,1,0.72,0.72,6.8,16.6,0,0,0,0
4775673,1988,10504,1986,"CS","",537500,3,13,514,3,31,9,0,1,,0.5679,,8,0,0,,
4775714,1988,10504,1985,"CS","",325925,3,10,525,1,15,4,3,1,0.4444,0.625,6,4.75,0,0,0,0
4775731,1988,10504,1986,"CS","",97135,3,13,526,1,15,1,0,1,,0,,12,0,0,,
4775961,1988,10504,1986,"CS","",615670,3,9,367,2,21,6,2,1,0.5,0.6111,9.5,4.8333,0,0,0,0
4781332,1988,10532,1985,"CS","",170475,3,5,242,5,51,1,1,1,0,0,9,10,0,0,0,0
4782231,1988,10532,1985,"CS","",601895,3,6,423,1,19,6,4,1,0.625,0.5,8.5,11,0,0,0,0
4786043,1988,10553,1986,"CS","",641415,3,3,271,5,51,6,6,0.6667,0,0,6,23.6667,0,0,0,0
4787423,1988,10560,1986,"CS","",170475,3,8,139,6,63,7,2,1,0,0,4.5,8.2857,0,0,0,0
4790319,1988,10574,1986,"CS","",97115,3,4,607,3,32,8,0,0.875,,0.4898,,13.625,0,0,,
4793160,1988,10588,1982,"CS","",170475,3,2,66,6,63,5,1,0,0,,10,46.4,0,0,0,0
4794177,1988,10588,1985,"CS","",97135,3,10,536,1,14,6,2,1,0.5,0.5,5,5.5,0,0,0,0
