5597831,1997,13542,1995,"CS","",727596,3,5,514,3,31,0,1,,0,,2,,,,0,0
5603210,1997,13563,1995,"CS","",697289,3,15,57,6,63,8,0,1,,0,,20.375,0.1429,0.125,,
5607688,1997,13577,1995,"CS","",,1,1,424,3,31,4,1,1,0,0.625,1,7,,,,
5616971,1997,13605,1995,"CS","",386735,2,4,307,4,49,3,0,1,,0,,1.6667,0,0,,
5621308,1997,13619,1996,"CS","",,1,13,323,4,45,4,3,1,0.4444,0,1,1.5,,,,
5641002,1997,13689,1995,"CS","",733946,3,9,139,6,63,3,0,1,,0,,16.6667,0,0,,
5641763,1997,13689,1994,"CS","",700459,3,40,514,3,31,7,1,1,0,0.4898,1,10,0,0,1,1
5647664,1997,13710,1994,"CS","",,1,10,362,4,42,2,1,1,0,0,4,23.5,,,,
5686860,1997,13829,1995,"CS","",386735,2,19,327,4,41,9,1,1,0,0.7654,3,2.7778,0,0,0,0
5719100,1998,13927,1992,"CS","",,1,23,502,1,19,10,1,1,0,0.84,5,14.7,,,,
5733896,1998,13969,1994,"CS","",700459,3,16,514,3,31,5,0,1,,0.56,,10.8,0,0,,
5747963,1998,14004,1996,"CS","",386735,2,10,318,4,45,2,0,1,,0.5,,19,0,0,,
5755456,1998,14025,1996,"CS","",741034,3,6,280,5,55,5,0,0.4,,0,,34.8,0,0,,
5755966,1998,14025,1995,"CS","",,1,35,210,1,19,15,0,1,,0,,12.8667,,,,
5778651,1998,14074,1996,"CS","",731123,3,24,57,6,63,8,1,1,0,0,1,10.375,0,0,0,0
5807917,1998,14137,1996,"CS","",,1,5,524,1,15,2,0,1,,0.5,,12,,,,
5816039,1998,14158,1997,"CS","",475880,3,10,57,6,63,9,0,1,,0,,17.8889,0,0,,
5834926,1998,14193,1997,"CS","",386735,2,21,323,4,45,12,0,1,,0.2917,,5.8333,0.1818,0.1667,,
5857418,1999,14256,1996,"CS","",749867,3,,109,6,69,11,0,0.9091,,0.68,,14.4545,0,0,,
5869467,1999,14284,1995,"CS","",700459,3,,514,3,31,8,0,1,,0.4688,,11.375,0,0,,
5891275,1999,14340,1997,"CS","",351245,3,,148,5,52,2,0,1,,0,,2.5,0,0,,
5920184,1999,14431,1997,"CS","",386735,2,,323,4,45,9,0,1,,0.4938,,5,0.3333,0.3333,,
5955075,1999,14508,1995,"CS","",758503,3,,424,3,31,1,0,1,,0,,4,0,0,,
