5182285,1993,12079,1990,"CS","",689232,3,1,514,3,31,1,0,1,,0,,18,0,0,,
5183121,1993,12086,1991,"CS","",689304,3,3,173,5,51,7,2,0.8571,0.5,0,5,19.5714,0,0,0,0
5193809,1993,12128,1991,"CS","",,1,11,273,6,62,6,0,1,,0,,7.8333,,,,
5197522,1993,12142,1992,"CS","",690741,3,4,139,6,63,6,0,1,,0.2778,,10.5,0,0,,
5199041,1993,12142,1991,"CS","",97135,3,13,372,4,42,7,2,1,0,0,4,6.4286,0,0,0,0
5202418,1993,12156,1991,"CS","",97135,3,4,530,1,15,10,13,1,0.7692,0.18,4.0769,12.9,0,0,0,0
5224361,1993,12240,1992,"CS","",693187,3,1,66,6,63,6,0,0.6667,,0,,29.5,0,0,,
5234560,1993,12275,1992,"CS","",694120,3,21,204,1,19,10,5,0.9,0.56,0.1975,1.6,15.6,0,0,0,0
5244673,1993,12310,1990,"CS","",695071,7,7,424,3,31,3,0,1,,0.4444,,13,0,0,,
5249439,1993,12331,1991,"CS","",693187,3,5,66,6,63,5,0,0.2,,0,,42.8,0,0,,
5256269,1993,12352,1991,"CS","",696087,3,29,204,1,19,14,0,0.7143,,0,,32.6429,0,0,,
5268081,1993,12394,1992,"CS","",97135,7,4,204,1,19,6,0,0.5,,0,,29,0,0,,
5275021,1994,12422,1992,"CS","",693187,3,2,66,6,63,8,0,1,,0,,11.75,0,0,,
5294324,1994,12492,1992,"CS","",,1,11,204,1,19,3,1,1,0,0.4444,3,7.3333,,,,
5298853,1994,12506,1992,"CS","",,1,12,324,4,43,5,4,1,0,0.48,2.75,16.6,,,,
5303718,1994,12527,1992,"CS","",,1,22,128,3,32,4,8,1,0.2188,0.375,4.25,4.75,,,,
5307247,1994,12534,1992,"CS","",700900,3,10,362,4,42,11,6,0.9091,0,0,3,10.4545,0,0,0,0
5318973,1994,12576,1993,"CS","",701965,3,6,514,3,31,0,0,,,,,,,,,
5320681,1994,12583,1992,"CS","",702142,3,3,127,1,11,10,3,0.7,0,0.6122,3.3333,28.5,0,0,0,0
5327958,1994,12611,1993,"CS","",702826,3,14,165,6,66,5,4,1,0.625,0.32,2.25,8.2,0,0,0,0
5331520,1994,12618,1993,"CS","",703149,3,11,362,4,42,0,0,,,,,,,,,
5333359,1994,12632,1992,"CS","",706315,3,1,19,1,11,5,4,0.8,0.625,0.375,3.25,18,0,0,0,0
5338831,1994,12646,1992,"CS","",703898,3,6,530,1,15,13,4,1,0.625,0.4615,4.75,11.6154,0,0,0,0
5339827,1994,12653,1993,"CS","",704014,2,8,600,3,32,3,0,1,,0,,10.3333,0,0,,
5341561,1994,12660,1992,"CS","",286530,3,19,29,5,52,3,4,1,0.625,0.6667,4.75,11.3333,0,0,0,0
5342585,1994,12660,1992,"CS","",703898,3,11,422,1,19,12,3,1,0.4444,0.4028,5,12.25,0,0,0,0
5348113,1994,12681,1993,"CS","",,1,12,180,5,55,6,0,0.8333,,0.56,,16.3333,,,,
5352786,1994,12695,1993,"CS","",700459,3,7,544,1,14,1,2,1,0,0,2.5,2,0,0,0.5,0.5
5363638,1994,12737,1992,"CS","",706315,3,6,57,6,63,4,0,1,,0,,5.25,0,0,,
5370394,1994,12758,1993,"CS","",,1,25,273,6,62,6,2,1,0,0.5,3,9.3333,,,,
5375436,1994,12779,1993,"CS","",693187,3,4,66,6,63,2,3,1,0,0,4,2.5,0,0,0,0
5384370,1995,12807,1994,"CS","",97135,3,2,525,1,15,3,0,1,,0.6667,,9.6667,0.5,0.3333,,
5387676,1995,12821,1992,"CS","",104225,2,20,536,1,14,0,6,,0.7222,,3.5,,,,0,0
5394683,1995,12849,1992,"CS","",706315,3,1,57,6,63,7,2,1,0,0.2449,2,6.1429,0,0,0,0
5396758,1995,12856,1992,"CS","",706315,3,7,57,6,63,6,2,1,0,0,2.5,10,0,0,0.5,0.5
5413597,1995,12912,1993,"CS","",,1,22,623,3,39,15,10,1,0.58,0.6578,2.5,9,,,,
5414901,1995,12919,1993,"CS","",711151,3,14,19,1,11,6,1,1,0,0.2778,3,22,0,0,0,0
5414990,1995,12919,1993,"CS","",697289,3,33,57,6,63,6,3,1,0,0,3,15.8333,0,0,0.3333,0.3333
5419534,1995,12933,1993,"CS","",,1,3,254,5,59,4,3,0.5,0.6667,0.5,4,41,,,,
5424456,1995,12947,1993,"CS","",712035,3,1,549,1,14,2,0,1,,0.5,,18.5,0,0,,
5428869,1995,12968,1993,"CS","",711151,3,8,19,1,11,2,5,1,0,0,2.4,15,0,0,0,0
5438753,1995,13003,1992,"CS","",,1,26,29,5,52,3,2,1,0.5,0.4444,4,11,,,,
5455318,1995,13059,1993,"CS","",714968,3,20,526,1,15,6,0,1,,0.6667,,9.5,0,0,,
5475002,1995,13129,1993,"CS","",254145,3,7,514,3,31,2,0,1,,0,,10.5,1,1,,
5475899,1995,13136,1993,"CS","",716817,3,17,19,1,11,9,0,0.6667,,0.2778,,25.7778,0,0,,
5477677,1995,13143,1994,"CS","",262335,3,13,60,4,45,5,3,1,0.4444,0.72,2.3333,8,0,0,0.3333,0.3333
5486596,1996,13171,1993,"CS","",97135,3,3,530,1,15,4,0,1,,0.375,,9,0,0,,
5490375,1996,13192,1994,"CS","",706315,3,4,57,6,63,7,0,1,,0,,9.5714,0.2,0.1429,,
5500990,1996,13234,1994,"CS","",,1,11,29,5,52,5,3,1,0.4444,0,2.3333,8.2,,,,
5504208,1996,13241,1994,"CS","",719350,3,1,546,1,14,1,0,1,,0,,22,0,0,,
5521446,1996,13297,1994,"CS","",720940,3,10,310,4,45,3,0,0.6667,,0.5,,23.3333,0,0,,
5522840,1996,13304,1993,"CS","",,1,13,606,3,32,9,1,0.8889,0,0.6563,3,10.8889,,,,
5536345,1996,13346,1994,"CS","",498360,3,26,156,1,19,0,3,,0.6667,,2,,,,0,0
5540843,1996,13360,1995,"CS","",,1,9,210,1,19,9,0,1,,0.5926,,8.3333,,,,
