4041862,1977,6437,1976,"CS","",5875,3,2,101,6,69,4,3,0.5,0,0,14.3333,11.75,0,0,0.3333,0.3333
4041986,1977,6437,1976,"CS","",170495,3,3,139,6,63,4,1,0.5,0,0,8,17.25,0,0,0,0
4042572,1977,6437,1975,"CS","",97135,3,9,528,1,15,3,1,0.6667,0,0,22,8.6667,0,0,0,0
4042644,1977,6437,1972,"CS","",132320,3,4,525,1,15,6,0,1,,0,,11.1667,0,0,,
4045350,1977,6451,1975,"CS","",542425,3,7,210,1,19,4,12,0.75,0.7361,0,11.5,13.75,0,0,0,0
4048008,1977,6465,1976,"CS","",518395,3,23,162,1,19,5,1,1,0,0,17,4.8,0,0,0,0
4048406,1977,6465,1975,"CS","",450485,3,7,429,4,45,4,9,0.25,0.3457,0,12.2222,30,0,0,0,0
4048421,1977,6465,1974,"CS","",615665,3,12,526,1,15,1,1,0,0,,7,18,0,0,0,0
4050226,1977,6479,1976,"CS","",615735,3,6,57,6,63,3,1,1,0,0,2,4,0,0,0,0
4050383,1977,6479,1976,"CS","",5875,3,4,101,6,69,3,1,0,0,,5,50.3333,0,0,0,0
4052055,1977,6486,1976,"CS","",5875,3,3,271,5,51,10,4,0.6,0.375,0.5,14.5,16.1,0.3333,0.1,0,0
4052151,1977,6486,1976,"CS","",615760,3,15,432,6,66,6,11,0.1667,0.6942,0,11.6364,39.3333,0,0,0,0
4053006,1977,6493,1975,"CS","",469875,3,6,159,1,19,4,8,0.5,0.6563,0.5,13.125,14,0,0,0,0
4053442,1977,6493,1975,"CS","",97135,3,10,524,1,15,7,4,1,0.5,0.8163,9.25,5,0.8,0.5714,0,0
4054041,1977,6500,1976,"CS","",170495,3,3,66,6,63,4,0,0.75,,0,,6.5,0,0,,
4054524,1977,6500,1976,"CS","",11815,3,14,210,1,19,11,15,1,0,0,13.2,5,0,0,0.2,0.1333
4055073,1977,6507,1976,"CS","",513340,3,3,72,5,52,2,0,0.5,,0,,14.5,0,0,,
4055510,1977,6507,1975,"CS","",97135,3,14,536,1,14,6,17,1,0.8581,0.7778,10.8824,5.8333,0,0,0.125,0.1176
4055552,1977,6507,1976,"CS","",97135,3,3,528,1,15,3,0,1,,0.4444,,9,0,0,,
4056580,1977,6514,1974,"CS","",97135,3,12,525,1,15,2,9,0.5,0.5679,0,10.1111,11.5,1,0.5,0.3333,0.3333
4057497,1977,6521,1975,"CS","",518395,3,2,210,1,19,9,1,0.5556,0,0.8,20,19.1111,0,0,0,0
4057999,1977,6528,1976,"CS","",105985,3,1,73,4,43,2,0,0.5,,0,,14.5,0,0,,
4058143,1977,6528,1976,"CS","",615720,3,8,139,6,63,4,1,1,0,0,7,3.5,0,0,1,1
4060350,1977,6542,1976,"CS","",615690,3,5,417,5,53,5,0,0.2,,0,,16.6,0,0,,
4060882,1977,6549,1976,"CS","",5875,3,3,492,5,59,7,6,0.4286,0.8333,0.6667,9.6667,17.2857,0,0,0,0
4061966,1977,6549,1976,"CS","",97135,3,8,178,2,21,1,3,1,0.6667,0,8.6667,11,0,0,0,0
4062831,1977,6556,1975,"CS","",97135,3,5,526,1,15,0,6,,0.7778,,13.1667,,,,0,0
4064130,1977,6563,1975,"CS","",537475,3,1,546,1,14,6,4,1,0.625,0.2778,4.75,4,0,0,0,0
4064838,1977,6570,1976,"CS","",601965,3,3,119,6,61,3,8,1,0,0,9.5,2.6667,0,0,0,0
4065942,1978,6577,1975,"CS","",170495,3,11,66,6,63,4,2,1,0.5,0.375,8,11.5,0,0,0,0
4067042,1978,6577,1976,"CS","",105985,3,8,257,4,46,7,9,1,0.6914,0.7347,7.6667,5,0,0,0,0
4067182,1978,6584,1976,"CS","",615735,3,6,57,6,63,4,4,1,0.625,0,10.75,2.75,0.6667,0.5,0.25,0.25
4067821,1978,6584,1976,"CS","",97145,3,8,502,1,19,3,9,1,0.7654,0.6667,9.1111,4.3333,0,0,0,0
4067825,1978,6584,1976,"CS","",97135,3,7,521,1,15,0,3,,0.6667,,7,,,,0,0
4068320,1978,6591,1976,"CS","",615805,3,6,2,6,63,4,1,0.5,0,0,21,24.25,0.5,0.25,0,0
4068686,1978,6591,1976,"CS","",170495,3,10,139,6,63,4,0,0.5,,0,,28.75,1,0.25,,
4068881,1978,6591,1976,"CS","",615770,3,3,294,5,59,3,1,0.6667,0,0.5,15,33.3333,0,0,0,0
4069124,1978,6591,1976,"CS","",97135,3,6,522,1,15,7,2,0.5714,0.5,0.5,3,10.7143,0.75,0.4286,0,0
4069125,1978,6591,1976,"CS","",97135,3,5,522,1,15,7,1,0.5714,0,0.5,3,10.7143,0.75,0.4286,0,0
4069570,1978,6598,1976,"CS","",5875,3,3,492,5,59,1,8,1,0.7813,0,14.75,2,0,0,0,0
4069698,1978,6598,1976,"CS","",615400,3,4,72,5,52,3,3,1,0,0,13.6667,5.6667,0,0,0,0
4070512,1978,6598,1975,"CS","",97135,3,2,427,1,12,1,2,1,0.5,0,9,9,0,0,0,0
4070874,1978,6605,1975,"CS","",170495,3,5,66,6,63,11,2,0.9091,0,0.18,13.5,5.8182,0,0,0,0
4071052,1978,6605,1976,"CS","",615735,3,12,139,6,63,4,3,0.75,0.4444,0,9.3333,10.75,0.5,0.25,0,0
4072175,1978,6612,1976,"CS","",615720,3,25,139,6,63,6,1,1,0,0.5,7,7.8333,0,0,0,0
4072181,1978,6612,1976,"CS","",611070,3,5,164,5,52,3,14,1,0.7219,0.4444,10.0769,8.6667,0,0,0,0
4072508,1978,6612,1976,"CS","",615665,3,5,423,1,19,2,2,1,0,0.5,8.5,2,0,0,0,0
4072805,1978,6612,1974,"CS","",97135,3,11,525,1,15,1,0,1,,0,,2,0,0,,
4073688,1978,6619,1975,"CS","",615665,3,4,435,3,33,3,0,0.6667,,0.5,,9.3333,0,0,,
4074668,1978,6626,1976,"CS","",615690,3,8,417,5,53,4,8,0.25,0.375,0,9.5,22.75,0,0,0,0
4075557,1978,6626,1976,"CS","",105985,3,9,324,4,43,6,7,1,0.5714,0,10.1429,9.1667,0,0,0,0
4076298,1978,6633,1976,"CS","",561325,3,3,296,5,55,6,0,0.6667,,0.375,,17,0,0,,
4076691,1978,6633,1976,"CS","",97135,3,19,526,1,15,1,2,1,0.5,0,11,9,0,0,0,0
4076921,1978,6633,1972,"CS","",97135,3,10,526,1,15,4,10,0.75,0.82,0.4444,14,16.25,1,0.5,0.1111,0.1
4077800,1978,6640,1976,"CS","",615665,3,3,75,5,52,4,3,0.75,0,0.4444,10.6667,10.25,0,0,0,0
4077963,1978,6640,1976,"CS","",97135,3,6,546,1,14,2,2,0,0.5,,10.5,22,0,0,0,0
4078718,1978,6647,1977,"CS","",97135,3,5,494,1,19,4,0,0.75,,0.4444,,15,1,0.25,,
4079021,1978,6647,1975,"CS","",97135,3,1,521,1,15,3,3,1,0.6667,0.4444,4.6667,6.3333,0.6667,0.6667,0.6667,0.6667
4079759,1978,6654,1976,"CS","",639145,3,4,139,6,63,2,8,1,0.2188,0,10.125,11,0,0,0,0
4080182,1978,6654,1976,"CS","",97135,3,7,96,1,13,2,4,1,0.625,0.5,10,5.5,0,0,0.25,0.25
4080565,1978,6654,1976,"CS","",100805,3,14,324,4,43,5,13,1,0.6036,0.48,11.2308,5.2,0,0,0.1538,0.1538
4080895,1978,6661,1977,"CS","",5875,3,4,101,6,69,3,2,0.6667,0,0,11.5,11.3333,1,0.6667,0,0
4083507,1978,6675,1976,"CS","",615735,3,7,242,5,51,7,0,0.5714,,0,,22.2857,0,0,,
4085005,1978,6682,1976,"CS","",97135,3,8,435,3,33,3,3,1,0.6667,0,8.3333,4.3333,0,0,0.3333,0.3333
4085206,1978,6682,1976,"CS","",97135,3,3,424,3,31,0,1,,0,,5,,,,0,0
4085777,1978,6689,1977,"CS","",615720,3,1,139,6,63,7,5,0.8571,0,0,5.6,8.8571,0.1667,0.1429,0,0
4087211,1978,6696,1976,"CS","",513340,3,6,417,5,53,10,5,0.1,0.56,0,13,51.6,0,0,0,0
4087396,1978,6696,1976,"CS","",97135,3,11,524,1,15,3,4,0.3333,0.375,0,16.5,20,0,0,0,0
4087487,1978,6696,1976,"CS","",97135,3,8,525,1,15,3,1,1,0,0.4444,7,7,0,0,0,0
4087598,1978,6696,1975,"CS","",97135,3,6,525,1,15,3,1,0.3333,0,0,11,25.3333,0,0,0,0
4087600,1978,6696,1976,"CS","",97135,3,10,526,1,15,2,0,1,,0.5,,2.5,1,1,,
4088226,1978,6703,1976,"CS","",170495,3,10,209,5,51,5,7,0.8,0.7755,0.625,11.4286,6.8,0,0,0,0
4089823,1978,6710,1976,"CS","",97135,3,6,525,1,15,1,1,1,0,0,12,5,0,0,0,0
4090476,1978,6717,1976,"CS","",542580,3,6,122,6,66,4,1,0.75,0,0.6667,8,16.75,0,0,0,0
4092757,1978,6731,1977,"CS","",639160,3,5,12,6,63,2,1,0.5,0,0,4,26,0,0,0,0
4093602,1978,6731,1975,"CS","",97135,3,4,428,6,69,5,1,1,0,0.72,10,9.6,0,0,0,0
4094144,1978,6738,1977,"CS","",548145,3,6,60,4,45,2,3,0.5,0.4444,0,11,13,0,0,0,0
4095877,1978,6745,1975,"CS","",97135,3,5,351,3,39,5,6,1,0.8333,0.8,14.8333,3.2,0.8,0.8,0,0
4095988,1978,6745,1976,"CS","",615615,3,10,106,1,12,3,6,0.3333,0.6111,0,8.1667,29.6667,0,0,0,0
4097026,1978,6752,1975,"CS","",615860,3,11,366,1,19,11,11,0.9091,0.4628,0.76,17.7273,11.5455,0,0,0,0
4097420,1978,6752,1975,"CS","",97135,3,6,521,1,15,12,10,0.9167,0.64,0.7603,11.3,8.5,0.125,0.0833,0,0
4097470,1978,6752,1975,"CS","",97135,3,9,525,1,15,6,3,1,0.6667,0.6111,21.3333,2.6667,0.5,0.5,0,0
4099894,1978,6766,1976,"CS","",615690,3,12,417,5,53,8,13,0.375,0.6982,0.4444,9.8462,24.625,0,0,0,0
4100945,1978,6773,1976,"CS","",170495,3,1,139,6,63,3,3,1,0.4444,0.6667,17.3333,6.6667,0,0,0,0
4101461,1978,6773,1975,"CS","",132320,3,17,521,1,15,4,18,1,0.8457,0.625,19.0556,11.25,0,0,0,0
4104363,1978,6787,1976,"CS","",97135,3,2,423,1,19,7,7,0.4286,0.7347,0.4444,11.1429,21.5714,0,0,0,0
4104677,1978,6787,1976,"CS","",105985,3,7,257,4,46,8,2,1,0,0.5938,10.5,7.25,0,0,0,0
4104823,1978,6794,1977,"CS","",615775,3,3,47,6,61,2,1,0.5,0,0,13,36.5,0,0,0,0
4104854,1978,6794,1976,"CS","",615735,3,2,57,6,63,3,0,1,,0,,10.3333,1,0.3333,,
4105053,1978,6794,1977,"CS","",170495,3,5,139,6,63,3,2,0.3333,0,0,9.5,14.3333,0,0,0,0
4105644,1978,6794,1976,"CS","",97135,3,2,528,1,15,2,0,1,,0.5,,6,0,0,,
4105744,1978,6794,1975,"CS","",97135,3,10,423,1,19,6,12,1,0.1528,0.2778,11.6667,5.3333,0,0,0,0
4105858,1978,6794,1976,"CS","",97135,3,5,560,1,14,1,0,1,,0,,9,0,0,,
4106312,1978,6801,1977,"CS","",170495,3,2,66,6,63,2,0,0,,,,31.5,0,0,,
4106531,1978,6801,1977,"CS","",542435,3,6,139,6,63,5,0,1,,0,,5,1,1,,
4107121,1978,6801,1975,"CS","",97135,3,5,524,1,15,4,20,0.5,0.885,0.5,12.25,12.75,1,0.5,0.05,0.05
4109516,1978,6815,1977,"CS","",615745,3,1,73,4,43,5,3,0.6,0,0.4444,7,13.8,0,0,0,0
4110529,1978,6815,1975,"CS","",97065,3,12,528,1,15,8,26,0.625,0.8343,0.72,13.5385,10.75,0,0,0,0
4110961,1978,6822,1977,"CS","",615735,3,7,57,6,63,5,5,1,0,0,10,4.4,0,0,0,0
4111238,1978,6822,1976,"CS","",615735,3,8,139,6,63,3,0,0.6667,,0,,30,0,0,,
4111239,1978,6822,1976,"CS","",170495,3,6,139,6,63,3,1,1,0,0,9,7.6667,1,1,0,0
4111859,1978,6822,1975,"CS","",97135,3,4,521,1,15,8,19,1,0.8255,0.7188,19.2105,7.375,0.2,0.125,0,0
4111869,1978,6822,1977,"CS","",97135,3,7,528,1,15,13,1,0.7692,0,0.54,20,8.9231,0.1111,0.0769,0,0
4112366,1978,6822,1976,"CS","",615720,3,5,324,4,43,6,4,0.1667,0.375,0,9.75,16.3333,0,0,0,0
4112663,1978,6829,1977,"CS","",615735,3,5,57,6,63,8,8,1,0.4063,0.5938,10.375,4.75,0.1667,0.125,0,0
4119243,1978,6857,1977,"CS","",102525,3,5,221,5,51,2,6,1,0.2778,0.5,12.5,8.5,0,0,0,0
4120326,1978,6864,1976,"CS","",615735,3,14,139,6,63,8,2,0.75,0,0,16,17,0,0,0,0
4120492,1978,6864,1977,"CS","",5875,3,5,271,5,51,1,4,1,0,0,11,4,0,0,0,0
4121443,1978,6871,1977,"CS","",615850,3,4,72,5,52,2,0,1,,0,,8.5,0,0,,
4123114,1978,6878,1977,"CS","",639590,3,3,406,5,59,2,2,0,0,,4,20,0,0,0,0
4123406,1978,6878,1976,"CS","",97135,3,1,524,1,15,14,5,0.5,0.8,0.7755,9.2,13.7143,0.4,0.1429,0.2,0.2
4124033,1978,6885,1974,"CS","",615740,3,6,131,6,61,2,1,0.5,0,0,11,13.5,0,0,0,0
4124047,1978,6885,1976,"CS","",615770,3,5,144,5,51,3,14,1,0,0,14.2143,3.6667,0,0,0,0
4124544,1978,6885,1975,"CS","",97145,3,2,521,1,15,3,2,1,0.5,0.6667,7.5,6,0.5,0.3333,0,0
4124584,1978,6885,1976,"CS","",97135,3,8,540,1,14,3,1,1,0,0.4444,2,5.6667,0,0,0,0
4124912,1978,6892,1977,"CS","",639160,3,5,12,6,63,2,0,0.5,,0,,9,0,0,,
4127732,1978,6906,1975,"CS","",97135,3,11,560,1,14,1,2,1,0,0,20,7,0,0,0,0
4129881,1978,6920,1977,"CS","",105985,3,9,257,4,46,5,10,1,0.58,0,9.7,8.4,0,0,0,0
4130705,1978,6927,1977,"CS","",97135,3,5,526,1,15,2,2,1,0,0.5,2,8.5,0,0,1,0.5
4131411,1978,6934,1977,"CS","",542425,3,3,425,5,51,9,1,0.8889,0,0.375,8,10.4444,0,0,0,0
4133734,1979,6948,1977,"CS","",100805,3,3,204,1,19,3,3,0.6667,0.4444,0.5,16.3333,14.6667,0,0,0,0
4133942,1979,6948,1977,"CS","",97135,3,1,521,1,15,1,5,1,0.56,0,5.2,4,1,1,0,0
4134433,1979,6955,1978,"CS","",542435,3,3,139,6,63,4,1,1,0,0.375,16,5.5,1,0.75,0,0
4134434,1979,6955,1977,"CS","",615720,3,9,139,6,63,3,6,0.6667,0,0,6.6667,27.6667,0,0,0,0
4135892,1979,6962,1976,"CS","",97135,3,5,95,1,13,5,3,1,0.4444,0.8,13,6.6,0.2,0.2,0,0
4136194,1979,6962,1977,"CS","",537500,3,2,514,3,31,1,0,1,,0,,3,0,0,,
4136642,1979,6969,1977,"CS","",105960,3,5,122,6,66,4,4,1,0.375,0.625,3.75,3.5,0,0,0,0
4139361,1979,6983,1977,"CS","",615625,3,10,65,5,51,3,0,0,,,,23,0,0,,
4139419,1979,6983,1977,"CS","",261880,3,4,202,1,19,10,5,0.9,0.56,0.7901,5.2,11.5,0,0,0,0
4139457,1979,6983,1977,"CS","",11815,3,10,210,1,19,10,6,0.7,0,0,11,14.6,0.25,0.1,0.5,0.1667
4139684,1979,6983,1975,"CS","",97135,3,2,521,1,15,7,11,1,0.6446,0.7755,13.1818,7.4286,0,0,0,0
4139788,1979,6983,1977,"CS","",105985,3,2,327,4,41,1,0,1,,0,,6,0,0,,
4143681,1979,7011,1976,"CS","",615720,3,6,139,6,63,2,9,1,0,0,5.4444,6,0,0,0,0
4143682,1979,7011,1978,"CS","",615720,3,3,139,6,63,3,3,1,0,0,5.3333,4.3333,0.3333,0.3333,0,0
4146480,1979,7025,1977,"CS","",102525,3,3,210,1,19,5,2,1,0,0,16,5.8,0,0,0,0
4147075,1979,7032,1977,"CS","",591145,3,3,74,5,59,5,12,0.8,0.6944,0.5,12.5,9,0,0,0,0
4147616,1979,7032,1976,"CS","",615630,3,4,209,5,51,8,6,0.375,0.5,0.4444,17.5,17.125,0,0,0,0
4148778,1979,7039,1977,"CS","",170495,3,7,524,1,15,8,0,0.375,,0.6667,,25.25,0,0,,
4148947,1979,7039,1974,"CS","",542420,3,5,427,1,12,8,0,0.625,,0.56,,23.25,0,0,,
4150555,1979,7053,1977,"CS","",615625,3,7,72,5,52,3,0,0.6667,,0.5,,26,1,0.6667,,
4150563,1979,7053,1977,"CS","",615665,3,5,73,4,43,3,3,1,0.4444,0.4444,17.6667,3.6667,0,0,0,0
4152228,1979,7060,1977,"CS","",100805,3,3,205,1,19,2,1,0.5,0,0,14,10,1,0.5,0,0
4153226,1979,7067,1977,"CS","",615720,3,6,248,6,69,4,1,0.5,0,0,12,23.25,0,0,0,0
4153349,1979,7067,1974,"CS","",410360,2,18,351,3,39,4,8,0.5,0.75,0.5,11.75,21.5,0,0,0,0
4153582,1979,7067,1977,"CS","",97135,3,3,252,1,19,12,3,0.6667,0.6667,0.6875,13.3333,14.0833,0,0,0,0
4153676,1979,7067,1977,"CS","",97135,3,6,424,3,31,0,2,,0.5,,15.5,,,,0,0
4159573,1979,7123,1978,"CS","",457505,3,3,33,6,69,5,10,0.2,0.76,0,13.9,35.6,0,0,0,0
4159636,1979,7123,1978,"CS","",457505,3,2,73,4,43,1,3,1,0.6667,0,11.6667,6,0,0,0,0
4165599,1979,7179,1978,"CS","",518390,3,6,57,6,63,5,4,0.6,0.375,0,10,21.6,0.5,0.2,0,0
4165657,1979,7179,1978,"CS","",449175,3,3,74,5,59,4,1,0.25,0,0,4,23.25,0,0,0,0
4166356,1979,7186,1978,"CS","",615735,3,10,57,6,63,11,5,1,0,0.1653,4.6,5,0.1,0.0909,0.3333,0.2
4166394,1979,7186,1977,"CS","",615625,3,3,73,4,43,3,4,1,0.375,0.6667,11.75,10.3333,0,0,0,0
4166804,1979,7186,1977,"CS","",97135,3,9,436,1,19,6,6,0.6667,0.7222,0.625,7.6667,10.1667,0.3333,0.1667,0,0
4167123,1979,7193,1977,"CS","",615775,3,1,74,5,59,2,0,0,,,,54.5,0,0,,
4168601,1979,7207,1978,"CS","",615735,3,26,57,6,63,7,32,1,0,0,6.8125,3.8571,0,0,0.1,0.0625
4168985,1979,7207,1978,"CS","",97135,3,6,106,1,12,3,3,1,0,0,10.6667,5,0,0,0.3333,0.3333
4171412,1979,7228,1975,"CS","",97135,3,2,525,1,15,1,8,1,0.75,0,15.625,3,0,0,0,0
4172823,1979,7242,1978,"CS","",97135,3,3,524,1,15,14,4,0.5,0.75,0.6939,9,14.5,0.4,0.1429,0,0
4173335,1979,7249,1977,"CS","",5875,3,1,271,5,51,5,3,0.4,0.4444,0,9,24.2,1,0.2,0,0
4173606,1979,7249,1978,"CS","",97135,3,4,264,5,51,4,18,0.25,0.8333,0,8.6667,21,1,0.25,0,0
4174605,1979,7263,1978,"CS","",615735,3,12,57,6,63,4,4,0.75,0,0,6,15,0,0,0.3333,0.25
4175474,1979,7270,1977,"CS","",170495,3,4,92,5,53,6,0,0.1667,,0,,31,0,0,,
4176962,1979,7277,1977,"CS","",97135,3,7,356,4,43,5,0,1,,0.48,,7.2,0.25,0.2,,
4176978,1979,7277,1979,"CS","",,1,4,401,1,12,1,5,1,0.56,0,14.4,2,,,,
4177293,1979,7277,1978,"CS","",380535,3,13,426,6,61,4,15,0.5,0,0,13.2,21,0,0,0,0
4177295,1979,7277,1978,"CS","",615665,3,13,426,6,61,3,1,1,0,0.4444,2,8.3333,0,0,0,0
4177660,1979,7284,1978,"CS","",615850,3,6,72,5,52,5,0,0.4,,0,,29.4,0,0,,
4178971,1979,7291,1978,"CS","",615720,3,7,139,6,63,8,6,1,0,0.2188,3.5,7.125,0,0,0,0
4179340,1979,7291,1977,"CS","",261880,3,4,202,1,19,4,1,1,0,0.625,9,5,0,0,0,0
4180629,1979,7298,1978,"CS","",97135,3,12,521,1,15,3,1,1,0,0.4444,2,3.6667,0.5,0.3333,0,0
4181001,1980,7305,1978,"CS","",615850,3,1,72,5,52,4,3,0,0.4444,,10,81.75,0,0,0,0
4181083,1980,7305,1979,"CS","",170475,3,5,112,6,63,6,7,0.1667,0,0,11.8571,31.5,0,0,0,0
4181084,1980,7305,1979,"CS","",170475,3,6,112,6,63,5,0,0.2,,0,,38.4,0,0,,
4182883,1980,7312,1977,"CS","",537500,3,1,546,1,14,5,1,1,0,0.32,9,4,0.2,0.2,0,0
4183042,1980,7312,1978,"CS","",,1,8,257,4,46,2,8,1,0.6563,0,9.125,3.5,,,,
4183309,1980,7319,1979,"CS","",170475,3,3,112,6,63,6,2,0,0,,10.5,44.6667,0,0,0,0
4183884,1980,7319,1976,"CS","",97135,3,10,264,5,51,13,18,1,0.6049,0.8402,13.6111,5.6923,0.3846,0.3846,0,0
4184020,1980,7319,1977,"CS","",97135,3,9,521,1,15,2,4,1,0.625,0.5,13.5,8.5,0.5,0.5,0.25,0.25
4184066,1980,7319,1977,"CS","",615745,3,4,392,4,41,10,5,0.8,0.32,0.625,10.8,16.8,0,0,0,0
4184938,1980,7326,1978,"CS","",100805,3,2,204,1,19,2,0,1,,0,,5.5,0,0,,
4186252,1980,7333,1977,"CS","",615665,3,6,435,3,33,1,2,0,0,,8.5,39,0,0,0,0
4186580,1980,7340,1978,"CS","",615850,3,5,72,5,52,3,1,0.6667,0,0,6,36,0.5,0.3333,0,0
4186583,1980,7340,1978,"CS","",615850,3,2,72,5,52,4,0,0.5,,0,,31.5,0,0,,
4186610,1980,7340,1978,"CS","",615885,3,9,73,4,43,2,1,1,0,0.5,5,7,0,0,0,0
4187134,1980,7340,1978,"CS","",213400,3,6,156,1,19,5,10,0,0.46,,12.8,32.6,0,0,0,0
4188996,1980,7354,1978,"CS","",105985,3,7,165,6,66,10,14,0.5,0.7551,0.48,8.4286,16.9,0,0,0,0
4190067,1980,7361,1977,"CS","",615720,3,6,139,6,63,2,11,1,0,0,5.6364,11,1,0.5,0.0909,0.0909
4190694,1980,7361,1977,"CS","",615765,3,4,428,6,69,13,4,1,0.5,0.7101,11.5,5.6154,0,0,0,0
4191375,1980,7368,1978,"CS","",213400,3,7,473,6,62,1,2,0,0.5,,9,19,0,0,0,0
4194418,1980,7389,1978,"CS","",601905,3,8,477,5,53,8,1,1,0,0.4063,2,8.125,0,0,0,0
4194537,1980,7389,1976,"CS","",615735,3,6,139,6,63,7,1,0.7143,0,0,9,12.2857,0.3333,0.1429,0,0
4195569,1980,7396,1978,"CS","",5875,3,4,101,6,69,2,3,0.5,0,0,6.6667,27,0,0,0.5,0.3333
4196909,1980,7403,1978,"CS","",97135,3,10,277,6,67,3,0,0.3333,,0,,22.6667,0,0,,
4200486,1980,7424,1977,"CS","",615635,3,2,162,1,19,8,13,0.875,0.8047,0.2449,12.8462,6.875,0,0,0,0
4202367,1980,7438,1978,"CS","",517600,3,4,137,6,69,3,4,1,0.375,0.4444,10.75,11,0,0,0,0
4205432,1980,7459,1978,"CS","",450485,3,5,29,5,52,8,3,0.625,0.4444,0.72,17,15,0,0,0,0
4205452,1980,7459,1978,"CS","",97135,3,8,33,6,69,3,5,1,0.56,0,5.8,5.6667,0,0,0,0
4205606,1980,7459,1978,"CS","",5875,3,3,101,6,69,2,4,0.5,0.375,0,13,31,1,0.5,0,0
4206258,1980,7459,1978,"CS","",284975,3,11,428,6,69,7,9,1,0.4938,0.6939,8.6667,6.4286,0,0,0,0
4206623,1980,7466,1979,"CS","",615850,3,7,72,5,52,2,1,1,0,0,5,8.5,0.5,0.5,0,0
4208264,1980,7473,1977,"CS","",100805,3,8,204,1,19,5,4,0.8,0.625,0.5,7.5,7.6,0.3333,0.2,0,0
4212135,1980,7501,1979,"CS","",581465,3,8,451,5,51,5,0,1,,0,,2.8,0,0,,
4214352,1980,7515,1978,"CS","",,1,1,28,6,63,4,2,0.75,0,0.4444,2,7.5,,,,
4218552,1980,7536,1978,"CS","",97135,3,4,526,1,15,6,0,1,,0.2778,,4.5,0.5,0.5,,
4221919,1980,7557,1979,"CS","",537500,3,2,562,1,14,1,0,1,,0,,4,0,0,,
4222221,1980,7564,1978,"CS","",518390,3,7,57,6,63,6,1,0.1667,0,0,13,20.3333,1,0.1667,0,0
4222222,1980,7564,1978,"CS","",615735,3,3,57,6,63,9,16,1,0,0,6.375,4.2222,0,0,0.1667,0.0625
4222446,1980,7564,1978,"CS","",606900,3,8,299,6,64,6,8,0.5,0.5938,0.4444,9,31.8333,0,0,0,0
4225604,1980,7578,1978,"CS","",537500,3,4,514,3,31,0,6,,0.4444,,6.1667,,,,0,0
4225820,1980,7578,1979,"CS","",615855,3,5,324,4,43,4,0,1,,0.625,,9,0,0,,
4226835,1980,7585,1979,"CS","",97135,3,4,422,1,19,5,2,0.8,0.5,0.625,15.5,12.2,0,0,0,0
4228056,1980,7592,1978,"CS","",97135,3,8,524,1,15,5,7,0.4,0.6122,0.5,14,19.4,0,0,0,0
4228205,1980,7592,1979,"CS","",97135,3,2,252,1,19,7,5,0.5714,0.56,0.625,8.6,15.1429,0.6667,0.2857,0.2,0.2
4229334,1980,7599,1978,"CS","",317760,3,4,523,1,15,3,3,1,0.4444,0.6667,14.3333,7.6667,0,0,0,0
4229965,1980,7606,1978,"CS","",615850,3,6,72,5,52,3,5,0.6667,0.48,0,15.8,16,0,0,0,0
4232952,1980,7620,1979,"CS","",97135,3,2,359,5,54,1,3,1,0,0,5.3333,6,0,0,0.3333,0.3333
4237119,1980,7641,1979,"CS","",97135,3,4,514,3,31,0,7,,0.4082,,5.7143,,,,0.2857,0.2857
4237270,1980,7641,1978,"CS","",537500,3,6,536,1,14,2,0,0,,,,31,0,0,,
4238569,1980,7648,1978,"CS","",97135,3,8,521,1,15,2,2,1,0.5,0.5,12,8.5,0.5,0.5,0,0
4238588,1980,7648,1978,"CS","",97135,3,7,526,1,15,4,1,1,0,0.375,4,8.25,0.5,0.25,0,0
4238611,1980,7648,1976,"CS","",537500,3,12,544,1,14,4,0,1,,0.375,,4,0,0,,
4238939,1980,7655,1979,"CS","",615765,3,9,69,6,63,7,0,0.4286,,0.4444,,38.2857,0,0,,
4240471,1980,7662,1978,"CS","",615720,3,10,139,6,63,6,5,0.3333,0,0.5,10.6,18.5,0,0,0,0
4241619,1980,7669,1978,"CS","",5875,3,2,74,5,59,5,6,0.8,0,0,14.5,12,0,0,0,0
4241764,1980,7669,1978,"CS","",615720,3,3,139,6,63,4,1,1,0,0,7,10.25,0,0,0,0
4243596,1981,7676,1979,"CS","",469875,3,1,549,1,14,4,0,1,,0.375,,10.25,0,0,,
4243805,1981,7676,1978,"CS","",537500,3,7,544,1,14,1,3,1,0.4444,0,14.3333,5,0,0,0.3333,0.3333
4245064,1981,7683,1979,"CS","",97135,3,4,525,1,15,5,9,1,0.7654,0.72,7,5.2,0,0,0,0
4246749,1981,7697,1979,"CS","",615735,3,4,57,6,63,4,2,1,0,0,4,4.5,0.25,0.25,0.5,0.5
4249370,1981,7711,1979,"CS","",615735,3,8,57,6,63,6,12,1,0,0,11,5.1667,0.4,0.3333,0.1111,0.0833
4251099,1981,7718,1979,"CS","",276065,3,5,294,5,59,5,0,0.4,,0.5,,31.8,0,0,,
4251634,1981,7718,1978,"CS","",97135,3,2,521,1,15,5,2,1,0.5,0.32,11.5,5.4,0.6,0.6,0,0
4251984,1981,7725,1979,"CS","",615735,3,4,57,6,63,7,5,1,0,0.2449,12.6,7.1429,0.8333,0.7143,0,0
4252013,1981,7725,1979,"CS","",105985,3,14,73,4,43,4,4,1,0.375,0.375,6.5,5.75,0,0,0,0
4252043,1981,7725,1978,"CS","",542405,3,6,83,5,51,12,0,0.6667,,0.5313,,25.3333,0,0,,
4252833,1981,7725,1979,"CS","",97115,3,1,426,6,61,5,2,1,0.5,0.48,12,9.8,0,0,0,0
4254649,1981,7739,1979,"CS","",457505,3,7,72,5,52,7,7,0.7143,0.2449,0,8.1429,19.8571,0,0,0,0
4255193,1981,7739,1979,"CS","",518380,3,3,419,5,52,1,5,1,0.8,0,11.8,16,0,0,0,0
4255286,1981,7739,1978,"CS","",600650,3,2,502,1,19,2,8,1,0.6875,0,9,7,0,0,0,0
4256369,1981,7746,1979,"CS","",537500,3,6,351,3,39,1,3,1,0,0,11.6667,9,0,0,0,0
4257300,1981,7753,1978,"CS","",542405,3,2,83,5,51,10,7,0.5,0.449,0,11.8571,45.1,0,0,0,0
4257685,1981,7753,1979,"CS","",97135,3,5,359,5,54,1,3,1,0.4444,0,8,7,0,0,0,0
4259317,1981,7760,1979,"CS","",615715,3,4,424,3,31,9,11,0.4444,0.6446,0.625,13,20.1111,0,0,0,0
4259622,1981,7760,1977,"CS","",105985,3,1,318,4,45,3,2,1,0,0,6.5,7.6667,0,0,0,0
4260541,1981,7767,1979,"CS","",97135,3,3,524,1,15,2,6,0.5,0.2778,0,9.6667,21.5,0,0,0.1667,0.1667
4262479,1981,7781,1979,"CS","",518390,3,5,57,6,63,6,2,0.1667,0.5,0,9,31.8333,0,0,0,0
4263723,1981,7788,1979,"CS","",97135,3,3,34,1,19,5,0,1,,0.72,,8.8,0.25,0.2,,
4267287,1981,7802,1979,"CS","",97135,3,2,525,1,15,2,0,1,,0.5,,11.5,0,0,,
4269962,1981,7816,1978,"CS","",97135,3,1,526,1,15,11,1,1,0,0.1653,4,6.4545,0,0,0,0
4274918,1981,7844,1979,"CS","",615635,3,3,162,1,19,4,10,0.5,0,0,12.8,21.25,0,0,0,0
4281233,1981,7879,1980,"CS","",97135,3,1,530,1,15,5,9,1,0.7901,0.32,7.8889,5.4,0.6,0.6,0.125,0.1111
4281507,1981,7886,1979,"CS","",615735,3,32,57,6,63,1,19,1,0,0,6.4211,2,1,1,0,0
4285147,1981,7907,1979,"CS","",462100,3,4,40,6,69,5,4,0,0.625,,10.5,61.6,0,0,0,0
4285148,1981,7907,1979,"CS","",462100,3,11,40,6,69,7,4,0.1429,0,0,11,44,0,0,0,0
4291731,1981,7942,1979,"CS","",170475,3,4,139,6,63,5,0,0,,,,29.6,0,0,,
4292259,1981,7942,1980,"CS","",517600,3,3,261,1,19,6,5,0.6667,0.64,0.625,7.8,22.1667,0,0,0,0
4295500,1981,7963,1979,"CS","",639255,3,2,139,6,63,4,1,1,0,0,2,2.75,0,0,0,0
4295628,1981,7963,1979,"CS","",542425,3,13,249,6,69,12,6,0.6667,0.7778,0.5938,10.1667,14.5833,0,0,0,0
4295635,1981,7963,1980,"CS","",615680,3,5,254,5,59,4,3,0.5,0.4444,0.5,10,23.75,0,0,0,0
4297321,1981,7970,1980,"CS","",97135,3,4,422,1,19,4,5,1,0.72,0.75,10.8,6.5,0,0,0,0
4298882,1981,7977,1980,"CS","",105985,3,2,257,4,46,3,3,1,0,0,3,2.6667,0,0,0,0
4299448,1981,7984,1978,"CS","",97135,3,5,359,5,54,1,0,1,,0,,7,0,0,,
4302926,1981,8005,1979,"CS","",615735,3,4,57,6,63,4,4,1,0,0,5.75,6.5,0.25,0.25,0.25,0.25
4303778,1981,8005,1978,"CS","",615665,3,2,528,1,15,2,1,1,0,0.5,6,4.5,0.5,0.5,0,0
4304734,1981,8012,1980,"CS","",615665,3,3,562,1,14,3,16,1,0.6875,0.4444,8.625,4,0,0,0,0
4306815,1981,8026,1979,"CS","",600650,3,4,366,1,19,3,5,0.3333,0.56,0,9.4,54.6667,0,0,0,0
4312249,1982,8061,1980,"CS","",394640,7,5,477,5,53,8,20,1,0.69,0.2188,5.55,4.375,0,0,0,0
4314690,1982,8075,1979,"CS","",517600,3,4,254,5,59,2,4,1,0.375,0.5,10.25,5.5,0,0,0,0
4314822,1982,8075,1980,"CS","",447385,3,8,436,1,19,8,0,1,,0.2188,,7.375,0,0,,
4316803,1982,8089,1980,"CS","",542425,3,4,210,1,19,7,0,0.8571,,0,,12.4286,0,0,,
4317166,1982,8089,1980,"CS","",105985,3,7,363,4,45,4,5,1,0.32,0.375,12,9,0,0,0,0
4317545,1982,8096,1980,"CS","",615735,3,15,242,5,51,4,0,1,,0.375,,5.75,0.3333,0.25,,
4318171,1982,8096,1980,"CS","",105985,3,7,363,4,45,7,1,1,0,0.4082,7,6.1429,0,0,0,0
4319611,1982,8110,1980,"CS","",615725,3,4,139,6,63,3,4,1,0,0,2,5.6667,0,0,0,0
4319808,1982,8110,1980,"CS","",97135,3,7,359,5,54,3,0,1,,0,,7.3333,0.5,0.3333,,
4319958,1982,8110,1979,"CS","",517600,3,3,376,4,44,2,4,1,0,0,6.5,17,0,0,0,0
4321380,1982,8117,1976,"CS","",537500,3,7,546,1,14,6,1,1,0,0,14,6.6667,0.3333,0.3333,0,0
4321663,1982,8117,1979,"CS","",105985,3,6,363,4,45,3,6,1,0.4444,0,10.1667,9.6667,0,0,0,0
4321947,1982,8124,1980,"CS","",615720,3,5,137,6,69,8,2,0.25,0.5,0.5,2,35.375,0,0,0,0
4322139,1982,8124,1979,"CS","",537500,3,16,351,3,39,1,2,1,0,0,18.5,6,0,0,0,0
4322942,1982,8131,1980,"CS","",615735,3,23,57,6,63,6,6,1,0,0,3.1667,4.6667,0.3333,0.3333,0,0
4322944,1982,8131,1979,"CS","",170475,3,30,57,6,63,4,19,1,0,0.375,7.7895,4.75,0,0,0,0
4323033,1982,8131,1981,"CS","",615875,3,8,119,6,61,3,5,1,0.32,0.4444,10,7.3333,0,0,0,0
4324180,1982,8138,1980,"CS","",5875,3,4,101,6,69,4,2,0.75,0,0.6667,11.5,11.25,0,0,0,0
4325311,1982,8145,1980,"CS","",97135,3,2,110,6,66,7,4,0.8571,0.625,0.5,10.5,14.1429,0,0,0,0
4325642,1982,8145,1980,"CS","",615665,3,6,366,1,19,5,3,0,0,,7,44.8,0,0,0,0
4326246,1982,8145,1981,"CS","",105985,3,4,363,4,45,2,1,1,0,0,3,8,0,0,0,0
4326966,1982,8152,1980,"CS","",97135,3,2,510,1,19,8,0,0.5,,0.625,,21,0,0,,
4327587,1982,8159,1979,"CS","",615740,3,8,73,4,43,6,13,1,0.142,0.7222,6.7692,11,0,0,0,0
4329839,1982,8173,1980,"CS","",615735,3,5,57,6,63,5,0,1,,0,,6.8,0,0,,
4330568,1982,8173,1980,"CS","",615665,3,3,427,1,12,8,3,1,0.6667,0.6563,9,7.75,0,0,0,0
4331441,1982,8180,1980,"CS","",615880,3,3,8,1,11,3,5,1,0.32,0,5.6,6.6667,0,0,0,0
4331879,1982,8180,1980,"CS","",5875,3,12,250,4,44,2,4,1,0.625,0,7.75,8,0,0,0,0
4332694,1982,8187,1979,"CS","",97135,3,8,252,1,19,4,17,0.75,0.6851,0.4444,10.7059,10,0,0,0.0588,0.0588
4333822,1982,8194,1980,"CS","",518395,3,2,208,1,19,4,4,1,0,0.625,10,7,0,0,0,0
4334952,1982,8201,1980,"CS","",518395,3,2,159,1,19,4,3,0.5,0.6667,0.5,7.3333,23.25,0,0,0,0
4334984,1982,8201,1981,"CS","",615800,3,4,209,5,51,6,20,1,0.345,0.5,10.85,4.8333,0,0,0,0
4336755,1982,8215,1980,"CS","",5875,3,5,101,6,69,10,4,0.9,0,0,10.5,10.5,0.25,0.2,0,0
4336930,1982,8215,1980,"CS","",5875,3,2,271,5,51,3,0,0.6667,,0,,16.6667,0,0,,
4337712,1982,8222,1980,"CS","",292070,3,5,111,6,61,4,1,0.25,0,0,15,63,0,0,0,0
4338509,1982,8222,1980,"CS","",615665,3,8,219,4,49,4,8,1,0.2188,0.5,6.125,9.25,0,0,0,0
4340483,1982,8236,1977,"CS","",97135,3,2,502,1,19,5,6,1,0.2778,0.8,14,7,0.4,0.4,0,0
4341630,1982,8243,1981,"CS","",11815,3,8,210,1,19,8,6,0.5,0.2778,0,8.1667,27.5,0.3333,0.125,0.5,0.1667
4342225,1982,8250,1980,"CS","",97100,3,12,73,4,43,4,6,0.75,0.2778,0.4444,7.3333,10.75,0,0,0,0
4343920,1982,8257,1980,"CS","",97270,3,2,525,1,15,4,2,1,0.5,0.625,3,9.75,0,0,0,0
4343933,1982,8257,1980,"CS","",615665,3,5,528,1,15,1,0,1,,0,,7,0,0,,
4345598,1982,8271,1980,"CS","",615820,3,3,606,3,32,6,5,0.8333,0.32,0,13.6,10.5,0,0,0,0
4345618,1982,8271,1981,"CS","",517600,3,5,137,6,69,5,4,1,0.375,0.32,5.5,10.6,0,0,0,0
4347649,1982,8285,1980,"CS","",170475,3,4,28,6,63,6,0,0.8333,,0,,7,0,0,,
4349544,1982,8292,1980,"CS","",97135,3,4,514,3,31,4,0,1,,0.375,,8.75,0.6667,0.5,,
4350029,1982,8299,1980,"CS","",548155,3,4,69,6,63,2,0,0.5,,0,,18.5,0,0,,
4353368,1982,8320,1980,"CS","",97120,3,5,604,3,32,4,15,1,0.6222,0.625,11.7333,5.5,0,0,0,0
4353428,1982,8320,1980,"CS","",601905,3,4,180,5,55,5,4,1,0.625,0.64,12.25,11.8,0,0,0,0
4358091,1982,8348,1981,"CS","",612930,3,9,266,5,52,2,4,1,0.375,0.5,10.5,5.5,0,0,0,0
4358101,1982,8348,1981,"CS","",5875,3,3,271,5,51,4,2,0.75,0,0,3.5,14.75,0,0,0,0
4363950,1982,8383,1980,"CS","",386695,3,4,219,4,49,2,1,1,0,0.5,5,13,0,0,0,0
4368651,1983,8418,1977,"CS","",449180,2,5,475,5,53,3,3,1,0.4444,0.4444,9.3333,15.6667,0,0,0,0
4369041,1983,8418,1981,"CS","",615880,3,13,8,1,11,4,10,1,0.72,0,12,10.75,0,0,0,0
4369566,1983,8425,1981,"CS","",440970,3,6,29,5,52,2,2,1,0.5,0.5,3.5,11,0,0,0,0
4369620,1983,8425,1981,"CS","",615735,3,4,57,6,63,2,2,1,0,0,3,9,1,0.5,0,0
4369747,1983,8425,1980,"CS","",601905,3,12,123,5,53,3,3,1,0,0,11,5.3333,0,0,0,0
4369824,1983,8425,1980,"CS","",615770,3,5,144,5,51,8,1,1,0,0,18,9.5,0,0,0,0
4371217,1983,8432,1981,"CS","",639175,3,3,384,5,59,4,1,1,0,0,7,8.25,0,0,0,0
4371456,1983,8432,1981,"CS","",100790,3,6,502,1,19,4,1,1,0,0,12,9.5,0,0,0,0
4372826,1983,8439,1981,"CS","",542425,3,7,205,1,19,2,0,1,,0,,7,0,0,,
4374313,1983,8446,1980,"CS","",386760,3,4,219,4,49,6,3,0.8333,0,0.64,3.3333,13.1667,0,0,0,0
4376651,1983,8474,1982,"CS","",615755,3,1,106,1,12,2,1,0.5,0,0,5,19,0,0,0,0
4379041,1983,8495,1981,"CS","",97135,3,4,204,1,19,6,11,1,0.7107,0.5,7.1818,7.6667,0,0,0,0
4379397,1983,8502,1981,"CS","",513235,3,2,72,5,52,4,1,0.25,0,0,2,30,0,0,0,0
4379775,1983,8502,1980,"CS","",615690,3,4,422,1,19,5,2,1,0.5,0.56,7.5,10,0,0,0,0
4379868,1983,8502,1980,"CS","",97135,3,5,523,1,15,4,0,1,,0.625,,10.75,0.3333,0.25,,
4382070,1983,8523,1981,"CS","",,1,5,423,1,19,9,2,1,0.5,0.5926,9,5.7778,,,,
4384118,1983,8537,1981,"CS","",537500,3,4,544,1,14,2,1,1,0,0.5,8,7.5,0.5,0.5,0,0
4384451,1983,8544,1981,"CS","",615735,3,7,57,6,63,5,14,1,0,0,9.3571,5.2,0,0,0.0769,0.0714
4385649,1983,8551,1980,"CS","",170475,3,9,139,6,63,5,2,1,0,0.32,3.5,10.6,0,0,0,0
4387646,1983,8565,1981,"CS","",641415,3,6,101,6,69,6,0,0.1667,,0,,44,0,0,,
4390422,1983,8579,1979,"CS","",11815,3,4,210,1,19,8,7,0.625,0,0,14.7143,22.875,0.5,0.125,0,0
4392625,1983,8593,1981,"CS","",615675,3,4,246,5,55,3,1,1,0,0,0,9,0,0,0,0
4393648,1983,8600,1981,"CS","",170475,3,4,57,6,63,3,3,1,0,0,14.3333,12,0,0,0,0
4394988,1983,8607,1980,"CS","",639250,3,4,242,5,51,15,0,0.6667,,0,,17.3333,0,0,,
4396475,1983,8614,1981,"CS","",569310,3,7,205,1,19,3,4,1,0.625,0.4444,7.5,7.6667,0,0,0,0
4399990,1983,8635,1981,"CS","",641415,3,4,271,5,51,2,1,1,0,0.5,9,16.5,0,0,0,0
4402104,1983,8649,1981,"CS","",457500,3,5,15,6,69,2,1,0,0,,5,43.5,0,0,0,0
4402347,1983,8649,1981,"CS","",615720,3,2,139,6,63,6,1,0.8333,0,0,2,12,0,0,1,1
4406311,1983,8670,1981,"CS","",641420,3,7,139,6,63,1,0,1,,0,,7,0,0,,
4407978,1983,8677,1982,"CS","",97135,3,4,521,1,15,3,4,1,0.625,0.6667,9.5,5.3333,0.6667,0.6667,0,0
4408447,1983,8684,1981,"CS","",615735,3,5,57,6,63,2,19,1,0.4986,0,8.2105,5.5,0,0,0,0
4410598,1983,8691,1982,"CS","",598945,3,8,428,6,69,3,7,1,0.6939,0.4444,4.8571,5,0,0,0,0
4412596,1983,8705,1981,"CS","",97125,3,4,180,5,55,4,5,1,0.32,0.375,5.8,2.75,0,0,0,0
4414905,1983,8719,1982,"CS","",97135,3,1,110,6,66,11,8,0.8182,0.5625,0.3704,5.125,11.7273,0,0,0,0
4414939,1983,8719,1979,"CS","",601905,3,3,123,5,53,7,0,0.8571,,0,,11,0,0,,
4417377,1983,8733,1981,"CS","",517605,3,12,483,5,59,4,2,0.5,0.5,0.5,2.5,17.75,0,0,0,0
4417923,1983,8733,1982,"CS","",537545,3,4,75,5,52,4,2,0.75,0.5,0,4,16.5,0,0,0,0
4419876,1983,8747,1980,"CS","",581925,3,5,72,5,52,8,4,0.5,0,0,9.75,23,0,0,0,0
4424077,1984,8768,1982,"CS","",542425,3,3,106,1,12,1,0,0,,,,26,0,0,,
