3609901,1971,4295,1969,"CS","",,5,,42,5,59,,5,,0.32,,15.4,,,,,
3610149,1971,4295,1969,"CS","",5875,3,,101,6,69,,3,,0,,10.3333,,,,0,0
3610579,1971,4295,1969,"CS","",5875,3,,271,5,51,,4,,0.625,,15.75,,,,0.25,0.25
3610593,1971,4295,1969,"CS","",569315,3,,432,6,66,,1,,0,,20,,,,0,0
3611025,1971,4295,1968,"CS","",449175,3,,315,4,42,,0,,,,,,,,,
3611129,1971,4295,1969,"CS","",615865,3,,324,4,43,,1,,0,,4,,,,0,0
3611769,1971,4302,1969,"CS","",615850,3,,72,5,52,,1,,0,,5,,,,0,0
3612130,1971,4302,1969,"CS","",101200,3,,241,5,51,,3,,0.4444,,14,,,,0,0
3612452,1971,4302,1969,"CS","",615850,3,,248,6,69,,1,,0,,8,,,,0,0
3613400,1971,4309,1969,"CS","",170495,3,,66,6,63,,1,,0,,7,,,,0,0
3613439,1971,4309,1969,"CS","",615790,3,,73,4,43,,0,,,,,,,,,
3614007,1971,4309,1968,"CS","",100255,3,,242,5,51,,2,,0,,21,,,,0,0
3614242,1971,4309,1970,"CS","",97135,3,,356,4,43,,11,,0.314,,16.2727,,,,0,0
3614482,1971,4309,1970,"CS","",97135,3,,310,4,45,,1,,0,,27,,,,0,0
3614927,1971,4316,1969,"CS","",5875,3,,101,6,69,,3,,0.4444,,11,,,,0,0
3615235,1971,4316,1968,"CS","",97135,3,,422,1,19,,15,,0.7644,,18.9333,,,,0.0667,0.0667
3616124,1971,4316,1969,"CS","",615805,3,,428,6,69,,7,,0.6939,,8,,,,0,0
3616905,1971,4323,1969,"CS","",451915,3,,209,5,51,,0,,,,,,,,,
3617011,1971,4323,1970,"CS","",170495,3,,242,5,51,,2,,0,,9,,,,0,0
3617155,1971,4323,1969,"CS","",134690,3,,417,5,53,,0,,,,,,,,,
3618737,1971,4330,1968,"CS","",639240,3,,400,5,59,,0,,,,,,,,,
3618868,1971,4330,1970,"CS","",569315,3,,242,5,51,,2,,0.5,,9.5,,,,0.5,0.5
3618912,1971,4330,1969,"CS","",321010,3,,261,1,19,,3,,0.4444,,11.6667,,,,0,0
3618939,1971,4330,1969,"CS","",5875,3,,271,5,51,,0,,,,,,,,,
3620751,1971,4337,1968,"CS","",97135,3,,430,1,19,,1,,0,,25,,,,0,0
3621755,1971,4344,1969,"CS","",517595,3,,409,5,51,,0,,,,,,,,,
3622092,1971,4344,1970,"CS","",569315,3,,242,5,51,,1,,0,,14,,,,0,0
3622736,1971,4344,1970,"CS","",615655,3,,219,4,49,,0,,,,,,,,,
3623236,1971,4351,1969,"CS","",451915,3,,34,1,19,,0,,,,,,,,,
3623273,1971,4351,1970,"CS","",615625,3,,451,5,51,,1,,0,,4,,,,0,0
3624312,1971,4351,1969,"CS","",569315,3,,381,4,49,,3,,0.6667,,12,,,,0,0
3624994,1971,4358,1969,"CS","",615735,3,,57,6,63,,8,,0,,9,,,,0.1667,0.125
3624995,1971,4358,1970,"CS","",170495,3,,57,6,63,,6,,0,,20.8333,,,,0,0
3624997,1971,4358,1969,"CS","",615735,3,,57,6,63,,6,,0.2778,,8.3333,,,,0,0
3625148,1971,4358,1969,"CS","",5875,3,,101,6,69,,10,,0.18,,17.6,,,,0,0
3625741,1971,4358,1968,"CS","",97135,3,,427,1,12,,10,,0.18,,20.3,,,,0.125,0.1
3627136,1971,4365,1970,"CS","",97135,3,,210,1,19,,7,,0,,9.8571,,,,0,0
3627494,1971,4365,1968,"CS","",105960,3,,422,1,19,,3,,0.6667,,17.6667,,,,0,0
3628667,1971,4372,1969,"CS","",356295,3,,210,1,19,,2,,0,,25,,,,0,0
3628988,1971,4372,1968,"CS","",97135,3,,427,1,12,,13,,0.8402,,13.4615,,,,0,0
3630371,1971,4379,1969,"CS","",97135,3,,210,1,19,,11,,0.7438,,21.5455,,,,0,0
3630457,1971,4379,1969,"CS","",602540,3,,241,5,51,,2,,0.5,,10,,,,0,0
3632381,1972,4386,1968,"CS","",97135,3,,427,1,12,,1,,0,,28,,,,0,0
3633495,1972,4393,1968,"CS","",5875,3,,101,6,69,,2,,0,,28,,,,0,0
3633744,1972,4393,1969,"CS","",451915,3,,209,5,51,,0,,,,,,,,,
3633808,1972,4393,1970,"CS","",170500,3,,139,6,63,,7,,0.2449,,8.5714,,,,0.1429,0.1429
3634470,1972,4393,1967,"CS","",97135,3,,554,1,14,,1,,0,,5,,,,0,0
3635167,1972,4400,1969,"CS","",,1,,101,6,69,,0,,,,,,,,,
3635286,1972,4400,1969,"CS","",457515,3,,165,6,66,,0,,,,,,,,,
3635309,1972,4400,1970,"CS","",457510,3,,181,6,69,,3,,0.6667,,11,,,,0,0
3636018,1972,4400,1969,"CS","",97135,3,,554,1,14,,1,,0,,5,,,,0,0
3636325,1972,4400,1968,"CS","",594680,3,,318,4,45,,16,,0.6406,,17.5625,,,,0,0
3636848,1972,4407,1970,"CS","",,4,,396,5,54,,1,,0,,25,,,,,
3637674,1972,4407,1969,"CS","",97135,3,,549,1,14,,1,,0,,3,,,,0,0
3637759,1972,4407,1969,"CS","",537500,3,,549,1,14,,4,,0.375,,10,,,,0,0
3638053,1972,4407,1970,"CS","",97135,3,,310,4,45,,4,,0.5,,8.25,,,,0,0
3638489,1972,4414,1969,"CS","",615720,3,,73,4,43,,1,,0,,24,,,,0,0
3638685,1972,4414,1970,"CS","",170495,3,,139,6,63,,0,,,,,,,,,
3639360,1972,4414,1969,"CS","",97135,3,,528,1,15,,1,,0,,6,,,,1,1
3640059,1972,4421,1969,"CS","",170495,3,,57,6,63,,15,,0.4178,,10.8,,,,0,0
3640440,1972,4421,1970,"CS","",170495,3,,226,5,51,,9,,0.7654,,10,,,,0,0
3640822,1972,4421,1969,"CS","",97135,3,,210,1,19,,9,,0.7407,,18.7778,,,,0,0
3641581,1972,4421,1969,"CS","",456015,3,,346,4,49,,0,,,,,,,,,
3641708,1972,4428,1969,"CS","",517595,3,,451,5,51,,4,,0.375,,16,,,,0,0
3642082,1972,4428,1970,"CS","",601905,3,,180,5,55,,0,,,,,,,,,
3643301,1972,4435,1968,"CS","",615880,3,,28,6,63,,3,,0.6667,,15,,,,0,0
3643339,1972,4435,1970,"CS","",542420,3,,34,1,19,,1,,0,,5,,,,0,0
3643413,1972,4435,1970,"CS","",170495,3,,57,6,63,,0,,,,,,,,,
3643414,1972,4435,1970,"CS","",170495,3,,57,6,63,,2,,0,,13,,,,0,0
3643486,1972,4435,1969,"CS","",615850,3,,72,5,52,,2,,0,,9.5,,,,1,1
3643493,1972,4435,1970,"CS","",615830,3,,73,4,43,,4,,0.375,,10.5,,,,0,0
3643496,1972,4435,1970,"CS","",517595,3,,73,4,43,,7,,0.5714,,17.4286,,,,0,0
3643843,1972,4435,1970,"CS","",170495,3,,226,5,51,,2,,0.5,,13,,,,0,0
3643990,1972,4435,1970,"CS","",170495,3,,289,6,69,,2,,0,,8.5,,,,0,0
3647012,1972,4449,1970,"CS","",601905,3,,180,5,55,,0,,,,,,,,,
3647312,1972,4449,1970,"CS","",105985,3,,415,5,53,,0,,,,,,,,,
3647723,1972,4449,1969,"CS","",307290,3,,521,1,15,,11,,0.7603,,18.1818,,,,0,0
3648140,1972,4449,1970,"CS","",615655,3,,318,4,45,,3,,0.6667,,11.6667,,,,0,0
3648450,1972,4456,1970,"CS","",170495,3,,57,6,63,,6,,0,,3.8333,,,,0.2,0.1667
3650128,1972,4463,1969,"CS","",170495,3,,66,6,63,,3,,0.4444,,21,,,,0,0
3650265,1972,4463,1969,"CS","",97135,3,,600,3,32,,1,,0,,26,,,,0,0
3650922,1972,4463,1969,"CS","",615625,3,,205,1,19,,2,,0.5,,18,,,,0,0
3652223,1972,4470,1969,"CS","",615880,3,,436,1,19,,2,,0.5,,23,,,,0,0
3652352,1972,4470,1969,"CS","",633420,2,,156,1,19,,1,,0,,7,,,,0,0
3652381,1972,4470,1969,"CS","",542420,3,,162,1,19,,1,,0,,2,,,,1,1
3652622,1972,4470,1966,"CS","",97135,3,,556,1,14,,2,,0.5,,18.5,,,,0,0
3653846,1972,4477,1969,"CS","",321010,3,,422,1,19,,5,,0.64,,12.8,,,,0,0
3654781,1972,4484,1970,"CS","",542420,3,,69,6,63,,6,,0.6111,,11,,,,0,0
3655951,1972,4484,1969,"CS","",170495,3,,377,4,49,,0,,,,,,,,,
3656677,1972,4491,1970,"CS","",5875,3,,226,5,51,,4,,0.625,,15.5,,,,0,0
3657291,1972,4491,1969,"CS","",97135,3,,554,1,14,,5,,0.32,,5.2,,,,0,0
3658975,1972,4498,1969,"CS","",615840,3,,264,5,51,,2,,0.5,,11.5,,,,0,0
3659410,1972,4505,1971,"CS","",615735,3,,57,6,63,,2,,0,,7,,,,0,0
3659411,1972,4505,1969,"CS","",542435,3,,57,6,63,,0,,,,,,,,,
3659521,1972,4505,1969,"CS","",612935,3,,101,6,69,,9,,0.4444,,9.4444,,,,0,0
3659656,1972,4505,1970,"CS","",97160,3,,173,5,51,,1,,0,,6,,,,0,0
3659829,1972,4505,1970,"CS","",,5,,432,6,66,,2,,0,,4.5,,,,,
3660245,1972,4505,1965,"CS","",97135,3,,202,1,19,,3,,0,,12,,,,0,0
3660545,1972,4505,1970,"CS","",97135,3,,264,5,51,,58,,0.6938,,15.7759,,,,0.0667,0.0517
3660607,1972,4505,1970,"CS","",569315,3,,381,4,49,,3,,0.6667,,5.3333,,,,0,0
3661019,1972,4512,1970,"CS","",170495,3,,74,5,59,,2,,0.5,,17.5,,,,0,0
3661144,1972,4512,1969,"CS","",230190,3,,600,3,32,,22,,0.5992,,16.2273,,,,0,0
3664157,1972,4526,1968,"CS","",615805,3,,66,6,63,,6,,0,,10.1667,,,,0,0
3664486,1972,4526,1970,"CS","",97160,3,,198,5,59,,2,,0.5,,9.5,,,,0,0
3664488,1972,4526,1969,"CS","",615810,3,,198,5,59,,6,,0.6111,,22.6667,,,,0,0
3666909,1972,4533,1970,"CS","",615655,3,,219,4,49,,1,,0,,21,,,,0,0
3667168,1972,4540,1970,"CS","",615835,3,,451,5,51,,1,,0,,4,,,,0,0
3667205,1972,4540,1970,"CS","",170495,3,,57,6,63,,5,,0.32,,3.8,,,,0,0
3669988,1972,4547,1968,"CS","",97135,3,,549,1,14,,1,,0,,23,,,,0,0
3670075,1972,4547,1970,"CS","",537500,3,,424,3,31,,0,,,,,,,,,
3670484,1972,4554,1970,"CS","",170495,3,,57,6,63,,3,,0,,6,,,,0,0
3672144,1972,4561,1971,"CS","",615735,3,,57,6,63,,3,,0,,13.6667,,,,0,0
3672458,1972,4561,1970,"CS","",601905,3,,180,5,55,,1,,0,,22,,,,0,0
3673161,1972,4561,1970,"CS","",,1,,528,1,15,,3,,0.4444,,6.3333,,,,,
3673649,1972,4568,1970,"CS","",170495,3,,226,5,51,,0,,,,,,,,,
3673818,1972,4568,1969,"CS","",170495,3,,66,6,63,,1,,0,,8,,,,0,0
3674751,1972,4568,1969,"CS","",639130,3,,528,1,15,,2,,0.5,,17.5,,,,0,0
3674819,1972,4568,1969,"CS","",97135,3,,562,1,14,,0,,,,,,,,,
3678522,1972,4589,1971,"CS","",639155,3,,12,6,63,,5,,0,,6.2,,,,0,0
3678673,1972,4589,1970,"CS","",170495,3,,57,6,63,,12,,0.1528,,9.6667,,,,0.25,0.25
3680317,1972,4596,1969,"CS","",601905,3,,60,4,45,,6,,0,,10.6667,,,,0,0
3681497,1972,4596,1967,"CS","",537500,3,,514,3,31,,6,,0.6111,,13.6667,,,,0.1667,0.1667
3681648,1972,4596,1969,"CS","",569315,3,,315,4,42,,0,,,,,,,,,
3681677,1972,4596,1971,"CS","",105985,3,,363,4,45,,5,,0.48,,8,,,,0,0
3681907,1972,4603,1971,"CS","",170495,3,,57,6,63,,3,,0,,19.3333,,,,0,0
3681944,1972,4603,1970,"CS","",634275,3,,66,6,63,,2,,0,,6,,,,0,0
3682399,1972,4603,1969,"CS","",615795,3,,241,5,51,,7,,0.2449,,17.2857,,,,0,0
3682464,1972,4603,1970,"CS","",45925,3,,267,5,59,,5,,0.32,,19,,,,0,0
3683178,1972,4603,1971,"CS","",615720,3,,324,4,43,,1,,0,,19,,,,0,0
3683644,1972,4610,1970,"CS","",170495,3,,66,6,63,,2,,0,,17,,,,0,0
3683698,1972,4610,1971,"CS","",97135,3,,73,4,43,,4,,0,,11.5,,,,0,0
3685445,1972,4617,1970,"CS","",5875,3,,101,6,69,,3,,0,,12.3333,,,,0,0
3687298,1972,4624,1970,"CS","",505665,3,,210,1,19,,8,,0.2188,,12.375,,,,0,0
3688524,1972,4631,1969,"CS","",634275,3,,66,6,63,,2,,0,,12,,,,0,0
3689634,1972,4631,1970,"CS","",97135,3,,424,3,31,,16,,0.6016,,10.4375,,,,0,0
3691263,1972,4638,1970,"CS","",97135,3,,264,5,51,,14,,0.6122,,12.9286,,,,0,0
3692862,1972,4645,1970,"CS","",101200,3,,585,1,19,,8,,0.6563,,15.75,,,,0,0
3693668,1972,4652,1970,"CS","",170495,3,,139,6,63,,4,,0,,8.5,,,,0,0
3693971,1972,4652,1969,"CS","",5875,3,,271,5,51,,0,,,,,,,,,
3694497,1972,4652,1969,"CS","",97135,3,,562,1,14,,0,,,,,,,,,
3698174,1972,4673,1971,"CS","",615735,3,,57,6,63,,10,,0,,13.1,,,,0,0
3698175,1972,4673,1971,"CS","",615735,3,,57,6,63,,8,,0.2188,,6.625,,,,0.5,0.5
3698439,1972,4673,1971,"CS","",97135,3,,137,6,69,,0,,,,,,,,,
3699089,1972,4673,1968,"CS","",97135,3,,526,1,15,,44,,0.8151,,10.6364,,,,0.1765,0.1364
3700170,1972,4680,1971,"CS","",97135,3,,239,5,59,,4,,0.75,,13.5,,,,0,0
3700221,1972,4680,1969,"CS","",615620,3,,266,5,52,,1,,0,,23,,,,0,0
3701899,1972,4687,1970,"CS","",101905,3,,378,4,44,,5,,0,,20,,,,0,0
3704103,1972,4715,1970,"CS","",97135,3,,117,1,19,,4,,0.625,,9.75,,,,0,0
3704654,1972,4722,1971,"CS","",554695,3,,493,5,51,,1,,0,,26,,,,0,0
3706328,1972,4736,1970,"CS","",170495,3,,139,6,63,,4,,0,,14.75,,,,0,0
3707083,1972,4743,1970,"CS","",170495,3,,66,6,63,,4,,0,,9.25,,,,0,0
3707491,1972,4743,1970,"CS","",97135,3,,554,1,14,,0,,,,,,,,,
3708815,1973,4757,1971,"CS","",554695,3,,12,6,63,,0,,,,,,,,,
3709048,1973,4757,1971,"CS","",5875,3,,74,5,59,,4,,0,,13.75,,,,0,0
3709759,1973,4757,1971,"CS","",639240,3,,156,1,19,,3,,0,,8.3333,,,,0,0
3709842,1973,4757,1971,"CS","",97135,3,,521,1,15,,3,,0.4444,,12.3333,,,,0.3333,0.3333
3711519,1973,4764,1971,"CS","",97135,3,,549,1,14,,10,,0.46,,3.1,,,,0,0
3711910,1973,4771,1971,"CS","",517595,3,,407,5,51,,2,,0.5,,18.5,,,,0,0
3712042,1973,4771,1970,"CS","",615735,3,,57,6,63,,4,,0.375,,3.5,,,,0.75,0.75
3712083,1973,4771,1971,"CS","",602535,2,,66,6,63,,6,,0,,12.8333,,,,0,0
3712526,1973,4771,1971,"CS","",170495,3,,139,6,63,,6,,0.5,,12.5,,,,0,0
3712942,1973,4771,1968,"CS","",615760,3,,423,1,19,,5,,0.56,,13,,,,0,0
3716635,1973,4792,1970,"CS","",97135,3,,424,3,31,,0,,,,,,,,,
3717393,1973,4799,1971,"CS","",581465,3,,384,5,59,,4,,0.625,,19.5,,,,0,0
3718011,1973,4806,1970,"CS","",634275,3,,66,6,63,,2,,0,,9,,,,0,0
3719325,1973,4813,1971,"CS","",615625,3,,239,5,59,,3,,0.4444,,15,,,,0,0
3720134,1973,4820,1970,"CS","",615790,3,,409,5,51,,2,,0.5,,10,,,,0,0
3721626,1973,4827,1969,"CS","",603125,3,,510,1,19,,6,,0.6111,,12,,,,0,0
3722552,1973,4834,1971,"CS","",170495,3,,139,6,63,,3,,0,,5.3333,,,,0.6667,0.6667
3724508,1973,4841,1971,"CS","",615735,3,,139,6,63,,5,,0,,4.4,,,,0.25,0.2
3725291,1973,4841,1971,"CS","",97135,3,,502,1,19,,17,,0.7474,,10.2941,,,,0,0
3725409,1973,4841,1970,"CS","",537500,3,,544,1,14,,7,,0.2449,,4.7143,,,,0,0
3727393,1973,4855,1971,"CS","",615735,3,,57,6,63,,3,,0.6667,,8,,,,0,0
3727646,1973,4855,1971,"CS","",615735,3,,139,6,63,,2,,0.5,,12,,,,0,0
3727936,1973,4855,1970,"CS","",615835,3,,280,5,55,,5,,0.72,,15.4,,,,0,0
3728272,1973,4855,1970,"CS","",,1,,252,1,19,,1,,0,,20,,,,,
3729029,1973,4862,1971,"CS","",615735,3,,139,6,63,,8,,0,,4.75,,,,0.4,0.25
3732231,1973,4876,1971,"CS","",537500,3,,546,1,14,,17,,0.4567,,6.1176,,,,0.0588,0.0588
3732896,1973,4883,1971,"CS","",615735,3,,139,6,63,,16,,0.3047,,4.9375,,,,0.4167,0.3125
3734016,1973,4890,1970,"CS","",5875,3,,101,6,69,,0,,,,,,,,,
3734143,1973,4890,1970,"CS","",170495,3,,139,6,63,,1,,0,,27,,,,0,0
3734420,1973,4890,1970,"CS","",569315,3,,242,5,51,,0,,,,,,,,,
3734530,1973,4890,1970,"CS","",561325,3,,280,5,55,,0,,,,,,,,,
3734583,1973,4890,1972,"CS","",641410,3,,384,5,59,,3,,0.4444,,16,,,,0,0
3734897,1973,4890,1971,"CS","",97135,3,,525,1,15,,6,,0.8333,,9.3333,,,,0,0
3736162,1973,4897,1972,"CS","",97135,3,,524,1,15,,27,,0.5597,,8.6667,,,,0,0
3739481,1973,4918,1971,"CS","",97135,3,,34,1,19,,1,,0,,2,,,,0,0
3739816,1973,4918,1971,"CS","",615735,3,,139,6,63,,4,,0,,5,,,,0,0
3740157,1973,4918,1971,"CS","",,1,,356,4,43,,2,,0.5,,9.5,,,,,
3740379,1973,4918,1971,"CS","",446900,2,,528,1,15,,9,,0.7654,,12,,,,0,0
3740811,1973,4925,1970,"CS","",513340,3,,29,5,52,,4,,0.375,,6.25,,,,0,0
3741258,1973,4925,1971,"CS","",170495,3,,139,6,63,,1,,0,,4,,,,0,0
3742973,1973,4932,1972,"CS","",615720,3,,139,6,63,,8,,0,,7.875,,,,0.125,0.125
3743065,1973,4932,1971,"CS","",170495,3,,192,5,53,,1,,0,,14,,,,0,0
3743388,1973,4932,1971,"CS","",367255,3,,359,5,54,,4,,0,,15.5,,,,0,0
3744973,1973,4939,1971,"CS","",97135,3,,422,1,19,,5,,0.64,,9.6,,,,0,0
3745042,1973,4939,1970,"CS","",97135,3,,427,1,12,,24,,0.8368,,14.8333,,,,0,0
3745712,1973,4946,1971,"CS","",517595,3,,451,5,51,,3,,0.4444,,6,,,,0,0
3746051,1973,4946,1972,"CS","",542435,3,,139,6,63,,4,,0,,16.25,,,,0.6667,0.5
3746748,1973,4946,1970,"CS","",97135,3,,560,1,14,,1,,0,,13,,,,0,0
3747373,1973,4953,1971,"CS","",542435,3,,66,6,63,,0,,,,,,,,,
3747669,1973,4953,1972,"CS","",615660,3,,164,5,52,,0,,,,,,,,,
3748875,1973,4960,1971,"CS","",615805,3,,66,6,63,,6,,0,,11.1667,,,,0,0
3749304,1973,4960,1972,"CS","",97135,3,,494,1,19,,4,,0.375,,7.25,,,,0.25,0.25
3750380,1973,4967,1971,"CS","",170495,3,,57,6,63,,4,,0,,7.25,,,,0,0
3750460,1973,4967,1972,"CS","",615795,3,,73,4,43,,2,,0.5,,15,,,,0,0
3751744,1973,4974,1972,"CS","",639155,3,,12,6,63,,1,,0,,1,,,,0,0
3751942,1973,4974,1970,"CS","",170495,3,,66,6,63,,0,,,,,,,,,
3752455,1973,4974,1969,"CS","",451915,3,,432,6,66,,10,,0.34,,6.1,,,,0,0
3752799,1973,4974,1970,"CS","",97135,3,,530,1,15,,3,,0,,12.3333,,,,0.3333,0.3333
3754023,1973,4981,1970,"CS","",537500,3,,562,1,14,,0,,,,,,,,,
3754414,1973,4988,1969,"CS","",170495,3,,66,6,63,,1,,0,,21,,,,0,0
3754584,1973,4988,1972,"CS","",606905,3,,144,5,51,,1,,0,,4,,,,0,0
3754684,1973,4988,1970,"CS","",170495,3,,222,1,19,,0,,,,,,,,,
3758239,1973,5002,1971,"CS","",97135,3,,417,5,53,,2,,0,,18.5,,,,0,0
3761150,1973,5016,1971,"CS","",581465,3,,384,5,59,,0,,,,,,,,,
3761367,1973,5016,1971,"CS","",615625,3,,205,1,19,,2,,0,,6,,,,0,0
3761529,1973,5016,1970,"CS","",97135,3,,568,1,14,,7,,0.6939,,10,,,,0.2857,0.2857
3762144,1973,5023,1971,"CS","",615735,3,,57,6,63,,11,,0.2975,,7.0909,,,,0.2,0.1818
3763499,1973,5030,1970,"CS","",615805,3,,2,6,63,,7,,0.4082,,10.8571,,,,0.1667,0.1429
3766220,1973,5037,1971,"CS","",,1,,549,1,14,,1,,0,,3,,,,,
3766502,1973,5037,1971,"CS","",113470,7,,335,4,41,,4,,0.625,,14.75,,,,0,0
3766950,1973,5044,1971,"CS","",615735,3,,139,6,63,,7,,0,,5.4286,,,,0.75,0.4286
3767759,1973,5044,1971,"CS","",97135,3,,264,5,51,,7,,0.8163,,14.7143,,,,0.25,0.1429
3767842,1973,5044,1972,"CS","",113470,7,,174,4,41,,13,,0.6627,,12.4615,,,,0,0
3768277,1973,5051,1969,"CS","",170495,3,,66,6,63,,3,,0,,5.6667,,,,0,0
3768932,1973,5051,1971,"CS","",513345,3,,417,5,53,,5,,0.64,,15,,,,0,0
3771332,1973,5065,1971,"CS","",615720,3,,66,6,63,,1,,0,,3,,,,1,1
3771573,1973,5065,1972,"CS","",615720,3,,139,6,63,,4,,0,,1.75,,,,0,0
3771632,1973,5065,1972,"CS","",170495,3,,192,5,53,,2,,0.5,,11,,,,0,0
3771771,1973,5065,1972,"CS","",261880,3,,366,1,19,,0,,,,,,,,,
3773636,1973,5072,1971,"CS","",615625,3,,205,1,19,,4,,0.5,,7,,,,0,0
3773823,1973,5072,1971,"CS","",97135,3,,560,1,14,,1,,0,,2,,,,0,0
3774615,1973,5079,1971,"CS","",97135,3,,606,3,32,,27,,0.4307,,17.4815,,,,0,0
3775098,1973,5079,1971,"CS","",509290,3,,75,5,52,,8,,0.2188,,7.5,,,,0.375,0.375
3775956,1973,5086,1971,"CS","",170495,3,,57,6,63,,4,,0,,8.5,,,,0,0
3776282,1973,5086,1972,"CS","",615720,3,,139,6,63,,3,,0,,4.6667,,,,0,0
3776479,1973,5086,1971,"CS","",170495,3,,242,5,51,,10,,0.18,,17.9,,,,0,0
3777236,1973,5086,1972,"CS","",97135,3,,318,4,45,,1,,0,,1,,,,0,0
3777466,1973,5093,1970,"CS","",615735,3,,57,6,63,,17,,0,,6.7059,,,,0.25,0.1765
3777572,1973,5093,1968,"CS","",97135,3,,73,4,43,,4,,0.625,,12.25,,,,0,0
3777717,1973,5093,1972,"CS","",261875,3,,122,6,66,,1,,0,,4,,,,0,0
3779016,1973,5100,1972,"CS","",561325,3,,60,4,45,,0,,,,,,,,,
3779792,1973,5100,1971,"CS","",97135,3,,427,1,12,,3,,0.4444,,13.6667,,,,0,0
3780200,1973,5100,1971,"CS","",569315,3,,373,6,66,,1,,0,,9,,,,0,0
3780201,1973,5100,1973,"CS","",615660,3,,373,6,66,,0,,,,,,,,,
3782095,1974,5114,1972,"CS","",170495,3,,57,6,63,,7,,0,,8.1429,,,,0,0
3782111,1974,5114,1972,"CS","",601905,3,,60,4,45,,3,,0.4444,,8.3333,,,,0,0
3782280,1974,5114,1972,"CS","",5875,3,,101,6,69,,3,,0,,19.3333,,,,0,0
3782703,1974,5114,1971,"CS","",97135,3,,261,1,19,,9,,0.3704,,16.6667,,,,0,0
3784361,1974,5121,1971,"CS","",321005,3,,422,1,19,,9,,0.1975,,9.3333,,,,0,0
3785138,1974,5128,1972,"CS","",170495,3,,57,6,63,,11,,0,,14.9091,,,,0,0
3785178,1974,5128,1972,"CS","",615805,3,,66,6,63,,4,,0,,15.5,,,,0,0
3785581,1974,5128,1971,"CS","",170495,3,,242,5,51,,0,,,,,,,,,
3787450,1974,5135,1971,"CS","",,1,,549,1,14,,2,,0,,9,,,,,
3788404,1974,5142,1972,"CS","",392120,3,,173,5,51,,12,,0.4028,,10.25,,,,0,0
3789808,1974,5149,1972,"CS","",601905,3,,123,5,53,,1,,0,,3,,,,0,0
3790449,1974,5149,1972,"CS","",97135,3,,205,1,19,,1,,0,,16,,,,0,0
3791244,1974,5156,1972,"CS","",639270,3,,83,5,51,,2,,0.5,,3,,,,0,0
3791400,1974,5156,1972,"CS","",97135,3,,137,6,69,,1,,0,,13,,,,0,0
3792326,1974,5156,1971,"CS","",105985,3,,318,4,45,,2,,0.5,,5,,,,0,0
3792575,1974,5163,1972,"CS","",615735,3,,57,6,63,,20,,0,,8.4,,,,0.1875,0.15
3793820,1974,5170,1970,"CS","",170495,3,,57,6,63,,7,,0.4898,,10.7143,,,,0,0
3795569,1974,5177,1971,"CS","",615805,3,,442,1,11,,2,,0,,15.5,,,,0,0
3795782,1974,5177,1972,"CS","",612935,3,,219,4,49,,0,,,,,,,,,
3797541,1974,5191,1972,"CS","",317505,2,,144,5,51,,15,,0.24,,10.9333,,,,0,0
3798411,1974,5191,1972,"CS","",486225,3,,219,4,49,,3,,0.4444,,18,,,,0,0
3798886,1974,5198,1971,"CS","",170495,3,,57,6,63,,7,,0,,6.2857,,,,0,0
3799211,1974,5198,1972,"CS","",639250,3,,139,6,63,,6,,0,,6.6667,,,,0,0
3799212,1974,5198,1972,"CS","",639250,3,,139,6,63,,7,,0.2449,,5.4286,,,,0,0
3799957,1974,5198,1972,"CS","",97135,3,,554,1,14,,0,,,,,,,,,
3800521,1974,5205,1972,"CS","",615735,3,,57,6,63,,9,,0,,7.8889,,,,0,0
3800835,1974,5205,1972,"CS","",639250,3,,139,6,63,,4,,0,,11.75,,,,0,0
3802227,1974,5212,1972,"CS","",615530,3,,66,6,63,,2,,0,,11,,,,0,0
3803210,1974,5212,1971,"CS","",97135,3,,560,1,14,,5,,0.75,,6.5,,,,0,0
3803211,1974,5212,1970,"CS","",,1,,560,1,14,,12,,0.8056,,8.1667,,,,,
3803896,1974,5219,1972,"CS","",450285,3,,72,5,52,,4,,0.5,,8.25,,,,0,0
3804892,1974,5219,1970,"CS","",437980,3,,562,1,14,,2,,0.5,,12.5,,,,0,0
3807905,1974,5233,1972,"CS","",513340,3,,417,5,53,,3,,0,,15.3333,,,,0,0
3808191,1974,5233,1971,"CS","",97135,3,,560,1,14,,7,,0.449,,18,,,,0,0
3808745,1974,5240,1972,"CS","",581465,3,,451,5,51,,3,,0,,17.3333,,,,0,0
3808749,1974,5240,1972,"CS","",581465,3,,451,5,51,,1,,0,,15,,,,0,0
3809710,1974,5240,1972,"CS","",97135,3,,554,1,14,,1,,0,,1,,,,0,0
3811299,1974,5254,1971,"CS","",542435,3,,66,6,63,,3,,0,,10.6667,,,,0,0
3811310,1974,5254,1972,"CS","",409560,3,,72,5,52,,0,,,,,,,,,
3812071,1974,5254,1971,"CS","",97135,3,,524,1,15,,13,,0.8284,,11.5385,,,,0.3077,0.3077
3812360,1974,5254,1971,"CS","",97135,3,,250,4,44,,3,,0,,11.3333,,,,0,0
3812667,1974,5261,1972,"CS","",615735,3,,57,6,63,,8,,0,,4.25,,,,0.125,0.125
3815347,1974,5275,1972,"CS","",170495,3,,57,6,63,,4,,0.375,,6,,,,0,0
3815382,1974,5275,1971,"CS","",170495,3,,66,6,63,,0,,,,,,,,,
3815402,1974,5275,1973,"CS","",615625,3,,72,5,52,,6,,0,,12.1667,,,,0,0
3815552,1974,5275,1973,"CS","",547155,3,,122,6,66,,3,,0.6667,,15,,,,0.3333,0.3333
3815750,1974,5275,1972,"CS","",97135,3,,210,1,19,,6,,0,,4.5,,,,0,0
3816018,1974,5275,1972,"CS","",561325,3,,408,5,51,,16,,0.2266,,8.6875,,,,0,0
3818894,1974,5289,1972,"CS","",97135,3,,128,3,32,,5,,0.72,,11.4,,,,0,0
3819174,1974,5289,1969,"CS","",5875,3,,271,5,51,,0,,,,,,,,,
3820966,1974,5292,1971,"CS","",392120,3,,51,5,59,,5,,0.56,,11.2,,,,0,0
3821972,1974,5296,1971,"CS","",170495,3,,139,6,63,,12,,0,,8.4167,,,,0,0
3822089,1974,5296,1971,"CS","",97135,3,,351,3,39,,20,,0.845,,11.45,,,,0.0625,0.05
3822572,1974,5303,1973,"CS","",615890,3,,69,6,63,,0,,,,,,,,,
3822609,1974,5303,1972,"CS","",601905,3,,74,5,59,,7,,0.6122,,15.7143,,,,0,0
3823562,1974,5310,1972,"CS","",615750,3,,405,6,64,,3,,0,,13.3333,,,,0,0
3823578,1974,5310,1972,"CS","",170495,3,,66,6,63,,2,,0,,4.5,,,,0,0
3823715,1974,5310,1971,"CS","",102530,3,,604,3,32,,6,,0.2778,,20,,,,0,0
3825458,1974,5317,1971,"CS","",97135,3,,156,1,19,,2,,0.5,,6,,,,0.5,0.5
3826907,1974,5324,1972,"CS","",615720,3,,714,2,22,,0,,,,,,,,,
3828385,1974,5338,1973,"CS","",,5,,12,6,63,,1,,0,,14,,,,,
3828554,1974,5338,1973,"CS","",601905,3,,60,4,45,,2,,0,,16,,,,0,0
3828828,1974,5338,1972,"CS","",639250,3,,139,6,63,,3,,0,,11,,,,0,0
3828912,1974,5338,1972,"CS","",639245,3,,400,5,59,,1,,0,,16,,,,0,0
3829084,1974,5338,1972,"CS","",5875,3,,271,5,51,,4,,0.375,,9,,,,0,0
3829210,1974,5338,1972,"CS","",367255,3,,355,5,54,,6,,0.2778,,5.8333,,,,0,0
3829449,1974,5338,1971,"CS","",97135,3,,549,1,14,,0,,,,,,,,,
3829473,1974,5338,1970,"CS","",537500,3,,562,1,14,,0,,,,,,,,,
3830714,1974,5345,1968,"CS","",615625,3,,205,1,19,,0,,,,,,,,,
3830814,1974,5345,1970,"CS","",537500,3,,544,1,14,,2,,0.5,,5.5,,,,0,0
3833027,1974,5359,1972,"CS","",170495,3,,139,6,63,,0,,,,,,,,,
3834147,1974,5366,1973,"CS","",615735,3,,57,6,63,,11,,0,,8,,,,0,0
3834187,1974,5366,1972,"CS","",170495,3,,66,6,63,,1,,0,,9,,,,0,0
3834624,1974,5366,1973,"CS","",97135,3,,239,5,59,,2,,0.5,,11,,,,0,0
3834634,1974,5366,1970,"CS","",170495,3,,242,5,51,,7,,0.449,,11.5714,,,,0,0
3834838,1974,5366,1972,"CS","",615690,3,,417,5,53,,1,,0,,20,,,,0,0
3835512,1974,5373,1969,"CS","",615805,3,,28,6,63,,5,,0.32,,14.4,,,,0,0
3837093,1974,5380,1973,"CS","",97115,3,,434,6,69,,1,,0,,18,,,,0,0
3837153,1974,5380,1973,"CS","",615735,3,,57,6,63,,7,,0,,9.1429,,,,0.1667,0.1429
3837185,1974,5380,1973,"CS","",,1,,66,6,63,,3,,0,,10.6667,,,,,
3838499,1974,5387,1973,"CS","",615625,3,,29,5,52,,2,,0.5,,11,,,,0.5,0.5
3839051,1974,5387,1972,"CS","",276065,3,,428,6,69,,4,,0.75,,8.25,,,,0,0
3840454,1974,5394,1972,"CS","",97135,3,,204,1,19,,2,,0,,13.5,,,,0,0
3841112,1974,5401,1972,"CS","",170495,3,,66,6,63,,4,,0.375,,11.25,,,,0,0
3841358,1974,5401,1972,"CS","",170495,3,,139,6,63,,1,,0,,25,,,,0,0
3842151,1974,5401,1972,"CS","",97135,3,,264,5,51,,13,,0.3787,,11.2308,,,,0,0
3842807,1974,5408,1973,"CS","",261875,3,,122,6,66,,1,,0,,1,,,,0,0
3843116,1974,5408,1973,"CS","",5875,3,,271,5,51,,3,,0,,12,,,,0,0
3843608,1974,5408,1972,"CS","",97135,3,,528,1,15,,0,,,,,,,,,
3846268,1974,5422,1971,"CS","",601915,3,,204,1,19,,1,,0,,14,,,,0,0
3847187,1974,5429,1972,"CS","",615720,3,,139,6,63,,10,,0,,8.8,,,,0.1667,0.1
3847907,1974,5429,1971,"CS","",,1,,549,1,14,,1,,0,,6,,,,,
3848024,1974,5429,1972,"CS","",542420,3,,442,1,11,,0,,,,,,,,,
3848641,1974,5436,1973,"CS","",615735,3,,139,6,63,,2,,0,,2,,,,1,0.5
3849272,1974,5436,1971,"CS","",615600,3,,205,1,19,,1,,0,,19,,,,0,0
3850579,1974,5443,1973,"CS","",97135,3,,422,1,19,,3,,0.4444,,9.6667,,,,0,0
3851158,1974,5443,1973,"CS","",97110,3,,708,2,22,,0,,,,,,,,,
3851408,1974,5450,1971,"CS","",639140,3,,34,1,19,,1,,0,,13,,,,0,0
3851414,1974,5450,1973,"CS","",548155,3,,38,6,63,,0,,,,,,,,,
3852230,1974,5450,1971,"CS","",542420,3,,524,1,15,,0,,,,,,,,,
3852262,1974,5450,1970,"CS","",97135,3,,534,1,14,,5,,0.64,,8.8,,,,0,0
3853790,1974,5457,1972,"CS","",589125,3,,502,1,19,,3,,0.4444,,10.3333,,,,0,0
3853827,1974,5457,1972,"CS","",537550,3,,526,1,15,,6,,0.6667,,8.3333,,,,0,0
3854305,1974,5464,1972,"CS","",615720,3,,66,6,63,,3,,0,,2.3333,,,,0.5,0.3333
3854798,1974,5464,1973,"CS","",367255,3,,359,5,54,,0,,,,,,,,,
3854986,1974,5464,1969,"CS","",97135,3,,428,6,69,,9,,0.716,,11.3333,,,,0,0
3855368,1974,5464,1972,"CS","",97135,3,,261,1,19,,14,,0.8163,,12,,,,0,0
3855821,1974,5471,1973,"CS","",615720,3,,66,6,63,,2,,0,,11,,,,0,0
3855823,1974,5471,1973,"CS","",,1,,69,6,63,,0,,,,,,,,,
3857088,1974,5471,1972,"CS","",615795,3,,324,4,43,,2,,0.5,,18,,,,0,0
3858072,1974,5478,1973,"CS","",615660,3,,313,4,42,,6,,0.2778,,9.6667,,,,0,0
3858167,1974,5478,1972,"CS","",606900,3,,367,2,21,,9,,0.1975,,10.8889,,,,0,0
3858417,1975,5485,1972,"CS","",170495,3,9,66,6,63,7,2,0.8571,0.5,0,7,6.8571,0,0,0,0
3858621,1975,5485,1972,"CS","",615720,3,3,139,6,63,2,3,1,0,0,14.3333,4.5,0,0,0,0
3859146,1975,5485,1973,"CS","",97135,3,2,148,5,52,5,2,0.6,0,0.4444,16,11.2,0,0,0,0
3859477,1975,5485,1973,"CS","",569315,3,10,381,4,49,4,3,0.25,0.4444,0,16.3333,21,0,0,0,0
3861178,1975,5499,1973,"CS","",170495,3,3,66,6,63,4,2,0.75,0,0,5,7.75,0,0,0,0
3861416,1975,5499,1973,"CS","",97135,3,12,137,6,69,10,19,0.7,0.7147,0.7347,15.6316,9.2,0,0,0,0
3861426,1975,5499,1973,"CS","",615735,3,6,139,6,63,3,0,1,,0.4444,,4,0.3333,0.3333,,
3862033,1975,5499,1972,"CS","",505595,3,4,210,1,19,3,2,0.3333,0.5,0,9.5,61.3333,0,0,0,0
3862452,1975,5506,1971,"CS","",97135,3,3,623,3,39,3,15,1,0.8622,0.6667,12.0667,8,0,0,0.1818,0.1333
3862647,1975,5506,1973,"CS","",615735,3,4,139,6,63,3,2,0.6667,0,0,2.5,9.6667,1,0.3333,1,1
3862648,1975,5506,1973,"CS","",615735,3,3,139,6,63,5,5,0.8,0,0.375,2.2,8,0.3333,0.2,0.5,0.4
3862649,1975,5506,1973,"CS","",615735,3,9,139,6,63,1,0,1,,0,,2,1,1,,
3863681,1975,5513,1973,"CS","",,1,4,139,6,63,3,2,0,0,,4.5,25.6667,,,,
3863901,1975,5513,1973,"CS","",97135,3,3,366,1,19,5,0,1,,0.32,,7.4,0,0,,
3864028,1975,5513,1973,"CS","",367255,3,2,359,5,54,1,1,0,0,,5,31,0,0,0,0
3864191,1975,5513,1973,"CS","",612935,3,2,156,1,19,8,8,0.625,0.375,0.64,12.75,13.125,0,0,0,0
3864323,1975,5513,1971,"CS","",97135,3,6,526,1,15,4,11,0.5,0.7603,0.5,12.8182,13,0,0,0.2727,0.2727
3864372,1975,5513,1972,"CS","",97135,3,7,556,1,14,1,5,1,0.32,0,10.2,11,0,0,0,0
3865147,1975,5520,1973,"CS","",615720,3,3,139,6,63,6,1,0.3333,0,0,3,29.8333,0,0,0,0
3865494,1975,5520,1973,"CS","",601910,3,6,356,4,43,3,0,0.6667,,0.5,,15,0,0,,
3865553,1975,5520,1972,"CS","",537540,3,2,422,1,19,7,3,0.2857,0.4444,0.5,9,20.2857,0,0,0,0
3866442,1975,5527,1972,"CS","",615720,3,2,66,6,63,6,5,0.8333,0.72,0.72,6.4,7.6667,0,0,0,0
3867252,1975,5527,1973,"CS","",,1,8,162,1,19,7,7,0.1429,0.2449,0,6.1429,40.8571,,,,
3869446,1975,5541,1972,"CS","",97135,3,4,536,1,14,2,0,1,,0,,7.5,0,0,,
3869895,1975,5548,1974,"CS","",615850,3,1,72,5,52,2,0,0,,,,68.5,0,0,,
3873575,1975,5562,1971,"CS","",537500,3,1,549,1,14,0,1,,0,,12,,,,0,0
3874198,1975,5569,1972,"CS","",170495,3,8,66,6,63,6,0,1,,0.4444,,3,0,0,,
3874245,1975,5569,1974,"CS","",384770,3,9,74,5,59,5,5,0.6,0.32,0.4444,10.4,11.6,0,0,0,0
3875039,1975,5569,1974,"CS","",615730,3,4,204,1,19,3,4,0.3333,0.625,0,3,37.3333,0,0,0,0
3875261,1975,5569,1972,"CS","",97135,3,8,521,1,15,4,0,0.75,,0.6667,,7.75,0,0,,
3875395,1975,5569,1972,"CS","",599120,3,3,700,2,22,11,5,0.5455,0.72,0.6667,8.8,12.7273,0,0,0,0
3875767,1975,5576,1972,"CS","",542435,3,8,66,6,63,5,7,0.6,0,0,8.7143,28.2,0,0,0,0
3875974,1975,5576,1974,"CS","",170495,3,10,139,6,63,3,6,1,0,0,6.3333,5.6667,0.5,0.3333,0,0
3876292,1975,5576,1973,"CS","",367255,3,2,359,5,54,0,3,,0,,6,,,,0,0
3877209,1975,5583,1973,"CS","",170495,3,5,57,6,63,7,8,0.8571,0.375,0,8.375,4,0.1667,0.1429,0.1429,0.125
3877210,1975,5583,1973,"CS","",170495,3,9,57,6,63,7,8,0.8571,0,0,5.875,4,0.1667,0.1429,0.125,0.125
3877258,1975,5583,1972,"CS","",170495,3,12,66,6,63,5,6,0.4,0,0,10.3333,20.8,0,0,0,0
3877441,1975,5583,1973,"CS","",542580,3,10,122,6,66,6,8,0.3333,0.6563,0,10.875,33.5,0,0,0,0
3877494,1975,5583,1972,"CS","",615785,3,7,140,5,52,7,0,0.5714,,0.375,,12.5714,0,0,,
3878671,1975,5590,1973,"CS","",170495,3,4,57,6,63,7,8,0.8571,0,0,7,4,0.1667,0.1429,0.1429,0.125
3880197,1975,5597,1973,"CS","",615735,3,21,139,6,63,2,5,1,0,0,5,2.5,1,0.5,0,0
3880199,1975,5597,1974,"CS","",639250,3,4,139,6,63,3,6,0.3333,0,0,10.3333,35,0,0,0,0
3880202,1975,5597,1973,"CS","",542435,3,1,139,6,63,2,2,1,0,0.5,4.5,3,1,0.5,1,1
3881308,1975,5604,1973,"CS","",615735,3,6,57,6,63,11,0,0.5455,,0.5,,25.2727,0,0,,
3882169,1975,5604,1972,"CS","",97135,3,13,560,1,14,1,4,1,0.5,0,7.5,10,0,0,0.5,0.5
3882663,1975,5611,1973,"CS","",170495,3,5,57,6,63,7,4,0.8571,0,0.2778,5.25,5.7143,0.1667,0.1429,0,0
3882694,1975,5611,1973,"CS","",615720,3,5,66,6,63,7,6,0.4286,0,0,10,23.4286,0,0,0,0
3884029,1975,5618,1973,"CS","",615735,3,13,57,6,63,8,2,1,0,0,5,3.75,0.375,0.375,0.5,0.5
3884273,1975,5618,1972,"CS","",170495,3,11,139,6,63,4,0,0.25,,0,,16.5,0,0,,
3884310,1975,5618,1973,"CS","",615870,3,9,172,6,64,5,2,1,0,0.32,3,5.6,0,0,0,0
3884460,1975,5618,1973,"CS","",5875,3,7,271,5,51,7,2,0.4286,0.5,0.4444,15.5,28.1429,1,0.1429,0,0
3884744,1975,5618,1973,"CS","",639135,3,5,156,1,19,7,2,0.7143,0,0.32,4.5,8.8571,0,0,0,0
3884940,1975,5618,1973,"CS","",537500,3,12,549,1,14,4,0,0.5,,0.5,,9.5,0,0,,
3885078,1975,5618,1971,"CS","",97135,3,1,428,6,69,7,3,0.5714,0.6667,0.75,13,10.2857,0.6667,0.2857,0,0
3885404,1975,5625,1972,"CS","",170495,3,5,66,6,63,7,1,1,0,0,4,4.4286,0.2,0.1429,0,0
3885601,1975,5625,1973,"CS","",542435,3,1,139,6,63,2,2,1,0,0.5,4.5,3,0.5,0.5,1,1
3886130,1975,5625,1972,"CS","",97135,3,11,526,1,15,7,3,1,0.4444,0,8.6667,9.1429,0,0,0,0
3889492,1975,5646,1972,"CS","",170495,3,4,66,6,63,4,0,0.25,,0,,24.25,0,0,,
3889519,1975,5646,1973,"CS","",97120,3,8,374,4,43,5,0,0.6,,0.6667,,14.8,0,0,,
3890683,1975,5653,1974,"CS","",97135,3,15,492,5,59,8,1,1,0,0.5625,22,6.875,0,0,0,0
3892063,1975,5660,1973,"CS","",615735,3,7,57,6,63,5,13,1,0,0,7.8462,2.4,0.6,0.6,0.4545,0.3846
3893807,1975,5667,1973,"CS","",598945,3,5,422,1,19,2,1,0.5,0,0,6,7.5,0,0,0,0
3893952,1975,5667,1972,"CS","",422950,3,6,502,1,19,3,2,0.6667,0,0.5,11,7.3333,0,0,0,0
3894578,1975,5674,1973,"CS","",97135,3,5,165,6,66,6,1,0.8333,0,0.72,11,8.1667,0,0,0,0
3895169,1975,5674,1972,"CS","",97135,3,9,428,6,69,6,9,0.8333,0.7901,0.72,16.1111,6,0,0,0,0
3895504,1975,5681,1973,"CS","",615720,3,5,66,6,63,4,0,0.75,,0,,7.75,0,0,,
3895657,1975,5681,1974,"CS","",170495,3,3,139,6,63,3,3,1,0,0,3.6667,5.6667,0.5,0.3333,0,0
3896724,1975,5688,1974,"CS","",5875,3,10,101,6,69,9,6,0.4444,0.2778,0,14.6667,12.5556,0,0,0.1667,0.1667
3896806,1975,5688,1971,"CS","",97135,3,30,424,3,31,10,12,1,0.4167,0.68,9.9167,6.3,0.25,0.1,0,0
3897322,1975,5688,1972,"CS","",97135,3,4,522,1,15,5,8,0.4,0.4063,0,4.375,11.2,0.5,0.2,0.75,0.75
3897382,1975,5688,1974,"CS","",97135,3,19,525,1,15,7,17,0.5714,0.5882,0.625,8.7059,13.5714,0,0,0.3333,0.2941
3897546,1975,5688,1971,"CS","",97135,3,6,423,1,19,6,3,0.1667,0.6667,0,7.6667,19.8333,0,0,0.3333,0.3333
3899242,1975,5702,1974,"CS","",367255,3,4,359,5,54,3,0,0,,,,19.3333,0,0,,
3899970,1975,5709,1974,"CS","",5875,3,8,101,6,69,15,9,0.1333,0.3457,0.5,5.3333,52.6,0,0,0.1111,0.1111
3900621,1975,5709,1974,"CS","",542420,3,3,427,1,12,9,1,1,0,0.6173,5,6.6667,0,0,0,0
3901012,1975,5716,1974,"CS","",170495,3,23,57,6,63,8,9,1,0.1975,0,8.3333,4.875,0,0,0,0
3901290,1975,5716,1974,"CS","",170495,3,5,139,6,63,7,1,0.4286,0,0,7,42.7143,0,0,0,0
3903540,1975,5723,1974,"CS","",367255,3,9,396,5,54,3,6,0.3333,0.2778,0,7.6667,42.3333,0,0,0,0
3903713,1975,5730,1974,"CS","",615720,3,2,66,6,63,2,0,0.5,,0,,44,0,0,,
3903714,1975,5730,1973,"CS","",542435,3,10,66,6,63,2,2,0.5,0,0,10.5,22,0,0,0,0
3903757,1975,5730,1973,"CS","",601905,3,6,475,5,53,5,4,0.6,0,0,13,9.8,1,0.2,0.25,0.25
3905402,1975,5737,1974,"CS","",615720,3,7,139,6,63,1,2,1,0,0,4.5,1,0,0,0.5,0.5
3906751,1975,5744,1972,"CS","",170495,3,7,66,6,63,6,0,0.3333,,0,,15,0,0,,
3907613,1975,5744,1973,"CS","",639240,3,5,428,6,69,8,1,0.875,0,0.7347,24,8.875,0,0,0,0
3907797,1975,5744,1972,"CS","",537500,3,10,544,1,14,1,9,1,0.716,0,10.6667,2,0,0,0.1111,0.1111
3907850,1975,5744,1973,"CS","",97135,3,2,556,1,14,6,8,0.1667,0.5313,0,9.75,14.3333,0,0,0,0
3908134,1975,5744,1974,"CS","",615735,3,3,307,4,49,4,2,1,0,0.375,16,7,0,0,0,0
3908284,1975,5751,1972,"CS","",97135,3,7,34,1,19,10,8,0.4,0.7188,0.75,12.875,16.5,0,0,0,0
3908406,1975,5751,1973,"CS","",170495,3,7,66,6,63,2,3,1,0,0,19.3333,5.5,0,0,0,0
3910070,1975,5758,1973,"CS","",170495,3,8,66,6,63,14,0,0.9286,,0.142,,5.5,0,0,,
3910072,1975,5758,1973,"CS","",170495,3,2,66,6,63,10,4,0.9,0.75,0,9.5,6.2,0.3333,0.2,0,0
3910515,1975,5758,1973,"CS","",170500,3,2,242,5,51,4,0,0.5,,0,,14.75,0,0,,
3910916,1975,5758,1973,"CS","",537500,3,1,544,1,14,2,2,0.5,0.5,0,10.5,16,0,0,0,0
3912220,1975,5765,1973,"CS","",384770,3,9,251,5,53,6,6,1,0.6111,0.4444,17.6667,4.3333,0,0,0,0
3912837,1975,5765,1973,"CS","",601915,3,8,427,1,12,5,5,0.8,0.32,0.5,7.4,11,0,0,0,0
3913466,1975,5772,1974,"CS","",554695,3,6,493,5,51,4,3,0,0,,10.3333,20.5,0,0,0,0
3914978,1975,5779,1974,"CS","",615850,3,2,72,5,52,4,7,0.25,0.2449,0,13.4286,23.25,0,0,0,0
3915073,1975,5779,1973,"CS","",,1,13,92,5,53,6,2,0.3333,0.5,0,19,17.5,,,,
3915172,1975,5779,1973,"CS","",97135,3,6,604,3,32,3,14,1,0.3571,0.4444,18.9286,7.3333,0,0,0,0
3915198,1975,5779,1974,"CS","",170495,3,6,139,6,63,4,1,0.25,0,0,18,22,0,0,0,0
3916485,1975,5786,1973,"CS","",615735,3,5,19,1,11,4,3,1,0.4444,0,9.3333,3.25,0.25,0.25,0,0
3919175,1975,5793,1973,"CS","",615665,3,1,528,1,15,3,4,1,0.375,0.4444,9,5.3333,0,0,0.25,0.25
3919260,1975,5793,1974,"CS","",97135,3,6,549,1,14,1,0,1,,0,,9,0,0,,
3919875,1975,5800,1974,"CS","",321005,3,3,72,5,52,5,4,0.2,0.625,0,15,24.4,0,0,0,0
3921663,1975,5807,1973,"CS","",97135,3,7,137,6,69,7,8,0.1429,0.7813,0,11.25,46.4286,0,0,0,0
3921676,1975,5807,1973,"CS","",615735,3,7,139,6,63,6,1,0.1667,0,0,7,16,0,0,0,0
3922885,1975,5814,1973,"CS","",615720,3,4,66,6,63,8,0,0.875,,0,,4.75,0,0,,
3924398,1975,5821,1974,"CS","",615735,3,9,57,6,63,5,6,1,0,0.32,4.6667,1.2,0.2,0.2,0.1667,0.1667
3924434,1975,5821,1974,"CS","",615625,3,10,72,5,52,5,8,0,0.5625,,14.875,48.4,0,0,0.125,0.125
3924820,1975,5821,1974,"CS","",639250,3,4,242,5,51,1,0,1,,0,,12,0,0,,
3925267,1975,5821,1973,"CS","",97135,3,6,521,1,15,0,17,,0.8097,,10.0588,,,,0.5,0.4118
3926130,1975,5828,1974,"CS","",457515,3,3,110,6,66,6,3,0.6667,0.6667,0,7.3333,13.8333,0,0,0,0
3926563,1975,5828,1974,"CS","",97135,3,7,422,1,19,5,2,0.4,0.5,0.5,17,19.4,0,0,0,0
3927450,1975,5835,1974,"CS","",640860,3,18,29,5,52,4,7,0.75,0.449,0.4444,8.4286,15.25,0,0,0,0
3928704,1975,5835,1974,"CS","",97135,3,,442,1,11,0,17,,0.8581,,10.1176,,,,0.1176,0.1176
3928827,1975,5835,1974,"CS","",615790,3,,250,4,44,0,2,,0.5,,5.5,,,,0,0
3929417,1975,5842,1974,"CS","",615645,3,2,422,1,19,2,3,0.5,0.4444,0,4.6667,16,0,0,0,0
3931111,1976,5849,1973,"CS","",97135,3,11,525,1,15,8,9,1,0.5679,0.8438,5.5556,6.125,0.4,0.25,0.2222,0.2222
3931123,1976,5849,1973,"CS","",97135,3,3,526,1,15,4,22,0.75,0.8636,0.6667,8.8636,11,0,0,0.2381,0.2273
3933183,1976,5863,1974,"CS","",615735,3,8,139,6,63,2,1,1,0,0,13,2.5,1,1,0,0
3933184,1976,5863,1974,"CS","",615735,3,5,139,6,63,3,1,0.3333,0,0,13,15.3333,1,0.3333,0,0
3937142,1976,5884,1973,"CS","",5875,3,4,101,6,69,10,12,0.7,0.1528,0.4082,11.75,15,0,0,0,0
3938310,1976,5891,1974,"CS","",615735,3,18,57,6,63,5,13,1,0.2604,0,6.3077,4.4,0,0,0.375,0.2308
3938331,1976,5891,1974,"CS","",639170,3,7,60,4,45,2,1,0.5,0,0,4,9.5,0,0,0,0
3938747,1976,5891,1974,"CS","",569315,3,6,242,5,51,6,0,0.6667,,0,,11.6667,1,0.3333,,
3940462,1976,5898,1973,"CS","",101200,3,5,261,1,19,5,1,0.8,0,0,12,10.8,1,0.2,0,0
3940953,1976,5905,1974,"CS","",170500,3,9,66,6,63,2,1,1,0,0,4,2,0,0,0,0
3941754,1976,5905,1974,"CS","",97135,3,1,528,1,15,3,0,1,,0.4444,,7,0,0,,
3942049,1976,5905,1974,"CS","",105985,3,2,310,4,45,6,7,1,0.5714,0.5,6.5714,10.1667,0,0,0.2,0.1429
3942052,1976,5905,1974,"CS","",615625,3,5,310,4,45,3,0,0.3333,,0,,15.6667,0,0,,
3943732,1976,5919,1974,"CS","",615720,3,1,66,6,63,9,0,0,,,,69.4444,0,0,,
3943978,1976,5919,1973,"CS","",170495,3,7,139,6,63,5,2,0.6,0,0.4444,13,18.2,0,0,0,0
3944218,1976,5919,1974,"CS","",5875,3,4,271,5,51,5,6,0.4,0.6111,0.5,5,21.8,0,0,0,0
3945730,1976,5926,1973,"CS","",97135,3,3,356,4,43,10,4,0.8,0.625,0.375,7,9.9,0,0,0.25,0.25
3945984,1976,5926,1974,"CS","",93135,3,5,528,1,15,3,1,1,0,0.4444,11,7,0,0,0,0
3947316,1976,5933,1971,"CS","",542420,3,7,162,1,19,4,1,0.75,0,0.6667,6,8.5,0.5,0.25,0,0
3948452,1976,5940,1973,"CS","",615735,3,20,242,5,51,11,18,0.7273,0.2963,0,5.6111,8.9091,0,0,0.0556,0.0556
3948841,1976,5940,1974,"CS","",,1,11,524,1,15,5,10,1,0.78,0,10.2,3,,,,
3948870,1976,5940,1973,"CS","",97135,3,14,528,1,15,2,14,1,0.6327,0.5,9.3571,9.5,0,0,0.1667,0.1429
3949572,1976,5947,1974,"CS","",615720,3,5,66,6,63,7,4,0.1429,0,0,12.75,57.7143,0,0,0,0
3949736,1976,5947,1974,"CS","",615705,3,1,600,3,32,5,11,0.6,0.1653,0.4444,11.6364,17.2,0,0,0.1429,0.0909
3950399,1976,5947,1974,"CS","",97135,3,1,560,1,14,3,0,0.6667,,0.5,,13,0,0,,
3952065,1976,5954,1974,"CS","",615595,3,1,568,1,14,0,1,,0,,17,,,,0,0
3952494,1976,5961,1974,"CS","",615735,3,16,57,6,63,7,3,1,0,0,8,6,0.3333,0.1429,0.3333,0.3333
3952780,1976,5961,1974,"CS","",615735,3,9,139,6,63,7,0,0.7143,,0,,20.2857,0,0,,
3952797,1976,5961,1973,"CS","",105985,3,14,165,6,66,7,4,1,0.625,0.6531,17.75,3.8571,0,0,0,0
3953454,1976,5961,1972,"CS","",537500,3,3,546,1,14,5,7,1,0.2449,0.64,12.4286,9.2,1,0.2,0,0
3953545,1976,5961,1973,"CS","",,1,4,525,1,15,4,1,1,0,0.375,13,8.25,,,,
3954021,1976,5968,1973,"CS","",97125,3,10,74,5,59,2,5,0,0,,17.2,64.5,0,0,0,0
3954096,1976,5968,1973,"CS","",97135,3,6,125,5,51,6,1,0.6667,0,0.625,23,13.3333,0,0,0,0
3954683,1976,5968,1974,"CS","",97135,3,10,521,1,15,2,1,0.5,0,0,2,15.5,0,0,1,1
3954752,1976,5968,1974,"CS","",97135,3,5,544,1,14,3,0,1,,0.4444,,6.6667,0,0,,
3955691,1976,5975,1974,"CS","",547785,3,5,414,5,51,0,0,,,,,,,,,
3956875,1976,5982,1974,"CS","",518390,3,3,57,6,63,5,5,0.2,0,0,7.2,28.4,0,0,0.6667,0.4
3959144,1976,5989,1974,"CS","",11815,3,1,210,1,19,6,2,1,0,0,6,5.3333,0,0,1,0.5
3959236,1976,5989,1974,"CS","",97135,3,11,526,1,15,8,7,0.75,0.449,0.5,16.2857,8.625,0,0,0.1429,0.1429
3961499,1976,6003,1973,"CS","",615720,3,3,66,6,63,9,3,0.5556,0,0,12,20.4444,0.5,0.1111,0,0
3962239,1976,6003,1975,"CS","",97135,3,13,544,1,14,1,0,1,,0,,5,0,0,,
3962792,1976,6010,1974,"CS","",615790,3,7,33,6,69,3,14,0.6667,0.551,0,9.3571,18,0,0,0,0
3964665,1976,6017,1974,"CS","",457515,3,2,228,5,52,8,2,0.5,0.5,0.5,19,20,0,0,0,0
3964841,1976,6017,1974,"CS","",513340,3,2,416,1,19,7,1,0.5714,0,0.375,18,22.7143,0,0,0,0
3964973,1976,6017,1974,"CS","",97135,3,5,435,3,33,4,8,1,0.6563,0.375,11.375,3,0,0,0.2,0.125
3965227,1976,6017,1974,"CS","",97135,3,10,264,5,51,5,0,0.4,,0,,21.2,0,0,,
3965622,1976,6024,1975,"CS","",615790,3,3,451,5,51,5,1,0.4,0,0,8,17.2,0,0,0,0
3966941,1976,6024,1972,"CS","",537500,3,9,514,3,31,1,3,1,0.4444,0,8.6667,5,0,0,0.3333,0.3333
3967018,1976,6024,1974,"CS","",97135,3,4,427,1,12,9,5,0.2222,0.72,0.5,12.4,15.4444,0,0,0,0
3967655,1976,6031,1973,"CS","",615735,3,3,139,6,63,8,1,0.625,0,0,20,20.75,0,0,0,0
3968436,1976,6031,1974,"CS","",569315,3,4,455,2,21,5,1,0.6,0,0.6667,8,9.4,0,0,0,0
3968636,1976,6038,1974,"CS","",615735,3,3,57,6,63,3,7,1,0,0,16.5714,3.3333,0.6667,0.6667,0,0
3968817,1976,6038,1971,"CS","",615735,3,3,139,6,63,9,0,0.4444,,0,,39.4444,0,0,,
3969241,1976,6038,1974,"CS","",518395,3,3,204,1,19,4,4,1,0.375,0,12,5.25,0,0,0,0
3969359,1976,6038,1974,"CS","",615665,3,9,546,1,14,0,0,,,,,,,,,
3969436,1976,6038,1974,"CS","",97135,3,8,525,1,15,4,0,1,,0.625,,6,0,0,,
3969912,1976,6045,1974,"CS","",170500,3,5,66,6,63,5,3,1,0.4444,0,5,1.6,0,0,0,0
3970609,1976,6045,1974,"CS","",97135,3,8,526,1,15,4,1,1,0,0.625,4,5,0.3333,0.25,1,1
3971376,1976,6052,1974,"CS","",97135,3,8,424,3,31,14,35,0.8571,0.5322,0.6806,11.4571,10,0,0,0,0
3971744,1976,6052,1974,"CS","",97135,3,21,524,1,15,2,6,1,0.6667,0.5,11.8333,9.5,0,0,0.1667,0.1667
3971816,1976,6052,1974,"CS","",97135,3,8,554,1,14,3,0,0.6667,,0.5,,11,0,0,,
3972206,1976,6059,1974,"CS","",615465,3,4,66,6,63,10,13,0.7,0,0,14.1538,14,0,0,0,0
3974111,1976,6066,1974,"CS","",97135,3,4,521,1,15,3,6,1,0,0.6667,7.5,8.3333,0,0,0,0
3974205,1976,6066,1973,"CS","",97135,3,7,560,1,14,0,1,,0,,4,,,,0,0
3974665,1976,6073,1975,"CS","",170500,3,5,66,6,63,1,3,1,0.4444,0,3.3333,5,0,0,0,0
3974901,1976,6073,1975,"CS","",291175,3,9,192,5,53,5,3,0.4,0,0,6.6667,29.4,0,0,0,0
3975161,1976,6073,1975,"CS","",326185,3,9,422,1,19,2,25,1,0.4224,0.5,10.8,6,0,0,0,0
3975204,1976,6073,1975,"CS","",615665,3,3,127,1,11,3,1,1,0,0.4444,17,6,0,0,0,0
3975907,1976,6080,1974,"CS","",639175,3,10,60,4,45,4,1,0.25,0,0,20,27.5,0,0,0,0
3977441,1976,6087,1971,"CS","",170500,3,6,139,6,63,5,2,0.6,0,0.4444,10,34.2,0,0,0,0
3977443,1976,6087,1975,"CS","",170500,3,6,139,6,63,4,1,0.75,0,0,2,5.75,0.3333,0.25,0,0
3979532,1976,6094,1973,"CS","",542420,3,13,427,1,12,29,5,0.5517,0.64,0.8828,12.6,14.5517,0,0,0,0
3980631,1976,6101,1974,"CS","",97135,3,3,530,1,15,0,10,,0.54,,10.4,,,,0.1111,0.1
3981182,1976,6108,1975,"CS","",,1,7,73,4,43,6,1,0.3333,0,0,10,26,,,,
3981490,1976,6108,1975,"CS","",615730,3,2,266,5,52,9,2,0.7778,0.5,0.6531,3.5,17.4444,0,0,0,0
3982568,1976,6115,1975,"CS","",639145,3,4,139,6,63,6,3,0.6667,0.4444,0,6,12.8333,0,0,0,0
3983001,1976,6115,1976,"CS","",97135,3,23,435,3,33,2,13,1,0.7219,0,10.6923,2.5,0,0,0,0
3983150,1976,6115,1975,"CS","",97135,3,8,556,1,14,1,7,1,0,0,3.4286,4,0,0,0,0
3984612,1976,6122,1975,"CS","",542410,3,10,373,6,66,3,2,0.6667,0,0,4,10.6667,0,0,0,0
3985002,1976,6129,1975,"CS","",170500,3,12,66,6,63,7,1,1,0,0.2449,0,1.8571,0,0,0,0
3985750,1976,6129,1974,"CS","",537505,3,2,544,1,14,6,9,1,0.6667,0.4444,8.2222,3,0,0,0,0
3986329,1976,6136,1974,"CS","",170500,3,8,57,6,63,3,2,1,0,0,7,4.3333,0,0,0,0
3986371,1976,6136,1974,"CS","",170500,3,1,66,6,63,6,0,0,,,,49.8333,0,0,,
3986435,1976,6136,1975,"CS","",11815,3,5,91,5,53,4,0,0.5,,0.5,,18.25,0,0,,
3986791,1976,6136,1974,"CS","",513340,3,3,415,5,53,11,2,0.4545,0,0.32,15,21.7273,0,0,0,0
3986988,1976,6136,1974,"CS","",416670,3,5,521,1,15,6,2,0.8333,0.5,0,7.5,9.3333,0,0,0,0
3987497,1976,6143,1975,"CS","",97135,3,9,623,3,39,7,14,1,0.551,0.449,12.7143,4,0.4,0.2857,0,0
3987646,1976,6143,1974,"CS","",615720,3,11,66,6,63,10,4,0.9,0,0,12,6.3,0.2,0.1,0,0
3988305,1976,6143,1975,"CS","",97135,3,18,526,1,15,0,11,,0.6612,,8.4545,,,,0,0
3988414,1976,6143,1974,"CS","",615740,3,6,423,1,19,11,3,0.3636,0.6667,0.625,9.6667,16.9091,0,0,0,0
3989069,1976,6150,1975,"CS","",615735,3,5,139,6,63,4,4,1,0.375,0,7.5,2,1,1,0,0
3989095,1976,6150,1975,"CS","",105985,3,3,165,6,66,7,2,1,0.5,0.6122,4,2.8571,0,0,0,0
3989562,1976,6150,1975,"CS","",440970,3,7,156,1,19,7,16,1,0.875,0.6939,10.375,6.2857,0,0,0,0
3989634,1976,6150,1974,"CS","",590580,3,4,510,1,19,5,2,0.6,0.5,0.4444,11,12.2,0,0,0,0
3990225,1976,6157,1974,"CS","",615735,3,7,57,6,63,9,2,1,0,0.1975,6,3.7778,0.375,0.3333,0,0
3990269,1976,6157,1975,"CS","",615720,3,2,66,6,63,5,1,0.2,0,0,3,44,0,0,0,0
3990285,1976,6157,1974,"CS","",615625,3,8,72,5,52,7,5,1,0,0,13,5,0,0,0,0
3991018,1976,6157,1975,"CS","",97135,3,11,521,1,15,2,8,1,0.7813,0,8.5,0.5,1,0.5,0,0
3992361,1976,6164,1975,"CS","",97135,3,4,528,1,15,2,0,1,,0,,5.5,0.5,0.5,,
3993558,1976,6171,1975,"CS","",97145,3,11,210,1,19,10,4,0.5,0.75,0.72,5.75,14.3,0,0,0.3333,0.25
3993618,1976,6171,1974,"CS","",542420,3,21,524,1,15,1,4,1,0.75,0,11,9,0,0,0,0
3995470,1976,6185,1975,"CS","",615850,3,8,483,5,59,4,3,0.75,0,0.6667,9,5.5,0,0,0,0
3997417,1976,6192,1971,"CS","",97135,3,10,522,1,15,5,3,0.4,0.6667,0.5,22.3333,14,0,0,0,0
3997482,1976,6192,1974,"CS","",97135,3,17,521,1,15,6,12,0.8333,0.7361,0.72,7.0833,6.6667,0,0,0.3636,0.3333
3997660,1976,6192,1974,"CS","",97135,3,5,424,3,31,4,3,1,0.6667,0.625,13.6667,9,1,0.25,0,0
3998040,1976,6199,1975,"CS","",615735,3,15,57,6,63,10,3,1,0,0,10.3333,5.5,0.125,0.1,0.5,0.3333
3998247,1976,6199,1975,"CS","",639145,3,2,139,6,63,1,5,1,0,0,13.2,4,0,0,0,0
3998713,1976,6199,1971,"CS","",97135,3,6,522,1,15,8,6,0.5,0.5,0.625,21.1667,13.375,0,0,0,0
3998719,1976,6199,1975,"CS","",97135,3,6,204,1,19,3,6,1,0.2778,0.4444,12.8333,3,0,0,0,0
3998910,1976,6199,1973,"CS","",97135,3,8,525,1,15,5,1,0.8,0,0.375,6,6,0,0,0,0
3999330,1976,6206,1974,"CS","",615650,3,10,451,5,51,10,0,0.3,,0,,36.6,0,0,,
4002190,1977,6220,1975,"CS","",615720,3,4,139,6,63,2,6,1,0.2778,0,8,6.5,0,0,0,0
4002429,1977,6220,1974,"CS","",615665,3,2,422,1,19,7,4,1,0.625,0.6939,6.75,7.4286,0,0,0,0
4002983,1977,6220,1974,"CS","",569315,3,11,455,2,21,6,7,1,0.6939,0.6667,17,7,0,0,0,0
4003411,1977,6227,1974,"CS","",170495,3,2,139,6,63,13,2,0.6154,0.5,0.5313,9,18.6923,0,0,0,0
4003557,1977,6227,1974,"CS","",639105,3,9,266,5,52,8,2,0,0.5,,3,72.625,0,0,0,0
4003657,1977,6227,1975,"CS","",97135,3,7,356,4,43,5,2,0.6,0,0,2.5,10.8,0,0,0,0
4004944,1977,6234,1975,"CS","",450485,3,4,429,4,45,3,6,0.3333,0,0,5,24.3333,0,0,0,0
4005090,1977,6234,1975,"CS","",537500,3,2,546,1,14,2,3,1,0.4444,0,2,5.5,0,0,0.3333,0.3333
4005150,1977,6234,1971,"CS","",97135,3,13,568,1,14,0,4,,0.375,,18.75,,,,0,0
4005589,1977,6241,1974,"CS","",170495,3,7,66,6,63,9,2,0.1111,0.5,0,18,29.8889,0,0,0,0
4006147,1977,6241,1973,"CS","",97135,3,1,560,1,14,0,0,,,,,,,,,
4006350,1977,6241,1975,"CS","",97135,3,11,702,2,22,4,1,1,0,0.75,8,6.75,0,0,0,0
4007088,1977,6248,1975,"CS","",97135,3,3,426,6,61,3,8,1,0.6563,0.4444,6.875,3,0,0,0,0
4007420,1977,6248,1975,"CS","",469880,3,4,346,4,49,1,0,1,,0,,13,0,0,,
4008153,1977,6255,1975,"CS","",11815,3,7,210,1,19,6,5,0.5,0,0.4444,4.4,13.5,0,0,0.6,0.6
4008562,1977,6262,1975,"CS","",615735,3,2,57,6,63,5,4,1,0,0.32,8.25,5,0.5,0.4,0,0
4009751,1977,6269,1974,"CS","",518395,3,2,165,6,66,4,7,0,0.449,,11.8571,37.5,0,0,0,0
4009969,1977,6269,1975,"CS","",105985,3,6,415,5,53,3,8,0,0.2188,,17,42.6667,0,0,0,0
4011204,1977,6276,1972,"CS","",97135,3,13,526,1,15,5,6,0.6,0.7778,0.6667,11.5,10.4,0,0,0,0
4012304,1977,6283,1975,"CS","",97135,3,5,522,1,15,6,2,0.5,0.5,0.4444,5.5,11.3333,0.6667,0.3333,0,0
4013242,1977,6290,1974,"CS","",615735,3,2,242,5,51,2,4,1,0,0,9.5,8,0,0,0,0
4013505,1977,6290,1975,"CS","",615800,3,5,588,1,19,10,23,0.5,0.3062,0,14,21.2,0,0,0,0
4014187,1977,6297,1974,"CS","",615720,3,5,66,6,63,6,0,0.6667,,0.5,,14.8333,0,0,,
4014189,1977,6297,1974,"CS","",170495,3,5,66,6,63,9,0,0.8889,,0,,7.7778,0,0,,
4014533,1977,6297,1975,"CS","",615680,3,10,267,5,59,5,2,0.8,0.5,0.375,3,9.6,0,0,0,0
4014793,1977,6297,1975,"CS","",97135,3,5,210,1,19,2,4,1,0.625,0.5,7,7,0.5,0.5,0,0
4016420,1977,6304,1975,"CS","",139775,3,9,378,4,44,3,1,0.3333,0,0,10,15.6667,0,0,0,0
4017261,1977,6311,1975,"CS","",326185,3,7,422,1,19,9,38,1,0.5083,0.5926,10.5263,7.7778,0,0,0,0
4017665,1977,6311,1975,"CS","",450485,3,5,429,4,45,4,2,0.75,0.5,0.6667,8,9,0,0,0,0
4018659,1977,6318,1975,"CS","",97135,3,10,522,1,15,6,0,0.5,,0.4444,,11.3333,0.6667,0.3333,,
4019310,1977,6325,1976,"CS","",170495,3,10,57,6,63,5,9,1,0.3457,0,10,3.2,0.6,0.6,0,0
4019349,1977,6325,1974,"CS","",170495,3,8,66,6,63,4,0,1,,0.375,,2.25,0,0,,
4019966,1977,6325,1976,"CS","",615795,3,2,205,1,19,4,5,1,0.56,0.375,15.4,8.75,0,0,0,0
4020877,1977,6332,1976,"CS","",615720,3,4,139,6,63,2,9,1,0.1975,0,8.7778,4,0,0,0,0
4021086,1977,6332,1975,"CS","",641410,3,13,384,5,59,2,7,1,0.5714,0,7,5,0,0,0,0
4021368,1977,6332,1975,"CS","",97145,3,7,210,1,19,3,17,1,0.8166,0.6667,10.4118,3.3333,0,0,0,0
4021382,1977,6332,1974,"CS","",97135,3,16,521,1,15,11,14,1,0.8163,0.6116,13.7857,5.6364,0.2222,0.1818,0.1429,0.0714
4023916,1977,6346,1976,"CS","",615690,3,7,417,5,53,4,2,0.25,0,0,9,20.75,0,0,0,0
4024068,1977,6346,1975,"CS","",97135,3,4,252,1,19,7,1,0.8571,0,0.6667,3,7.2857,0,0,0,0
4024419,1977,6346,1976,"CS","",457520,3,3,327,4,41,2,0,1,,0.5,,4,0,0,,
4025402,1977,6353,1975,"CS","",97135,3,6,522,1,15,6,2,0.5,0,0.4444,1,11.3333,0.6667,0.3333,1,1
4025403,1977,6353,1975,"CS","",97135,3,6,522,1,15,6,2,0.5,0.5,0.4444,20,11.3333,0.6667,0.3333,0,0
4025713,1977,6353,1975,"CS","",542410,3,4,373,6,66,2,4,1,0,0,6,9,0,0,0,0
4026296,1977,6360,1975,"CS","",97135,3,6,604,3,32,3,27,1,0.7106,0.6667,16.0741,4.3333,0.6667,0.6667,0,0
4027082,1977,6360,1975,"CS","",97135,3,12,525,1,15,4,8,0.75,0.5,0.6667,13.5,10,0,0,0,0
4027705,1977,6367,1976,"CS","",615735,3,9,139,6,63,2,2,1,0.5,0,7,13,0,0,0,0
4028926,1977,6374,1974,"CS","",457505,3,4,72,5,52,12,4,0.25,0.75,0.6667,10,23.8333,0,0,0,0
4028943,1977,6374,1975,"CS","",,1,3,374,4,43,7,6,0.4286,0.7778,0.6667,11,18.1429,,,,
4030279,1977,6381,1975,"CS","",170495,3,5,57,6,63,4,6,1,0.2778,0,16,4,0.6667,0.5,0,0
4030944,1977,6381,1976,"CS","",97135,3,11,148,5,52,3,5,1,0.32,0.4444,13.2,3,0,0,0,0
4031037,1977,6381,1975,"CS","",,1,13,521,1,15,5,2,0.8,0.5,0.75,11,10,,,,
4033148,1977,6395,1975,"CS","",615720,3,5,66,6,63,7,4,1,0,0,13.5,3.8571,0,0,0,0
4034783,1977,6402,1975,"CS","",615735,3,13,139,6,63,3,3,1,0,0,3,3,1,0.6667,0,0
4035684,1977,6402,1976,"CS","",601915,3,2,313,4,42,2,2,1,0,0.5,12.5,7.5,0,0,0,0
4036265,1977,6409,1976,"CS","",615720,3,2,139,6,63,3,2,0.6667,0,0,13,12,0,0,0,0
4036909,1977,6409,1975,"CS","",97135,3,13,526,1,15,1,0,0,,,,19,0,0,,
4037246,1977,6409,1975,"CS","",105985,3,4,257,4,46,3,3,0.6667,0,0.5,11,10.6667,0,0,0,0
4038470,1977,6416,1976,"CS","",97135,3,4,525,1,15,2,9,1,0.3704,0.5,7.5556,5,0,0,0,0
4038975,1977,6423,1975,"CS","",615705,3,5,600,3,32,6,3,0.5,0.4444,0,10.3333,15.5,1,0.1667,0,0
4039442,1977,6423,1976,"CS","",105960,3,2,210,1,19,3,6,1,0,0,10,5.6667,0,0,0,0
4039735,1977,6423,1975,"CS","",97135,3,21,526,1,15,3,0,1,,0.4444,,5.3333,0.5,0.3333,,
4040573,1977,6430,1976,"CS","",615735,3,3,242,5,51,6,4,1,0.625,0.2778,12,2.8333,0,0,0,0
4041384,1977,6430,1975,"CS","",569315,3,1,714,2,22,2,0,1,,0,,5,0,0,,
4041733,1977,6437,1976,"CS","",170500,3,5,66,6,63,3,2,1,0,0,12.5,7.3333,0,0,0,0
