4806287,1989,10644,1987,"CS","",97135,3,2,264,5,51,5,3,0.8,0.6667,0,5.3333,21,0,0,0,0
4806681,1989,10644,1987,"CS","",97135,3,2,562,1,14,0,0,,,,,,,,,
4808399,1989,10651,1986,"CS","",97135,3,9,436,1,19,0,5,,0.56,,8.6,,,,0,0
4808716,1989,10651,1986,"CS","",97135,3,2,544,1,14,2,27,1,0.5679,0.5,7.5185,4.5,0.5,0.5,0.037,0.037
4815344,1989,10679,1987,"CS","",517585,3,6,81,5,59,9,0,0.8889,,0.2188,,12.8889,0,0,,
4821502,1989,10700,1987,"CS","",,1,8,57,6,63,4,4,1,0.375,0,7,7.5,,,,
4833072,1989,10735,1986,"CS","",537495,3,13,435,3,33,1,8,1,0.4082,0,6.7143,3,0,0,0,0
4834753,1989,10742,1987,"CS","",97135,3,8,623,3,39,1,5,1,0.64,0,5.2,1,0,0,0,0
4835269,1989,10742,1986,"CS","",97135,3,1,544,1,14,1,5,1,0.72,0,6.8,2,0,0,0,0
4843207,1989,10770,1988,"CS","",615590,3,5,219,4,49,4,4,1,0.375,0,7.5,8.25,0,0,0,0
4846832,1989,10784,1987,"CS","",97135,3,17,623,3,39,5,6,1,0,0,4,5.2,0,0,0.3333,0.1667
4847403,1989,10784,1987,"CS","",537490,3,8,558,1,14,1,1,1,0,0,5,7,0,0,0,0
4848228,1989,10791,1987,"CS","",641415,3,12,101,6,69,9,2,0.5556,0,0.32,5.5,27.3333,0,0,0,0
4852107,1989,10798,1987,"CS","",97115,3,8,372,4,42,4,1,1,0,0,2,8.5,0,0,0,0
4852340,1989,10805,1988,"CS","",615735,3,10,57,6,63,11,4,1,0,0,7,11.2727,0.625,0.4545,0,0
4865050,1989,10847,1988,"CS","",11850,3,9,460,6,61,1,0,0,,,,35,0,0,,
4866926,1989,10854,1988,"CS","",170500,3,3,57,6,63,4,0,1,,0.375,,9.75,0,0,,
4869261,1989,10861,1988,"CS","",599295,3,11,600,3,32,5,24,1,0,0,5.4583,5.8,0,0,0,0
4871519,1989,10868,1988,"CS","",615640,3,20,423,1,19,20,2,0.6,0.5,0.4167,7.5,24.35,0,0,0,0
4871675,1989,10868,1987,"CS","",,1,6,435,3,33,10,7,0.8,0.5714,0.7813,5.2857,17.3,,,,
4874234,1989,10882,1985,"CS","",97135,3,5,351,3,39,1,4,1,0.375,0,8.5,4,0,0,0,0
4874249,1989,10882,1988,"CS","",97105,3,3,366,1,19,4,1,1,0,0.375,10,13.5,0,0,0,0
4874409,1989,10882,1989,"CS","",97135,7,5,55,1,13,1,1,1,0,0,2,2,1,1,0,0
4875334,1989,10889,1988,"CS","",639150,3,10,57,6,63,9,4,1,0.375,0.3457,3,8.3333,0,0,0,0
4876848,1989,10896,1988,"CS","",615735,3,3,57,6,63,3,1,1,0,0,1,11.6667,0,0,0,0
4878919,1989,10903,1986,"CS","",97120,3,9,623,3,39,4,5,1,0,0,4.2,7.75,0,0,0,0
4879246,1989,10903,1987,"CS","",569325,3,11,436,1,19,6,0,1,,0.5,,10.8333,0,0,,
4879573,1989,10903,1988,"CS","",569310,3,7,355,5,54,4,0,1,,0.375,,14.5,0,0,,
4880183,1989,10910,1988,"CS","",201100,3,5,242,5,51,4,2,1,0,0,6.5,12.5,0,0,0,0
4883231,1989,10924,1988,"CS","",615735,3,12,242,5,51,5,0,1,,0.48,,4.6,0,0,,
4885906,1989,10938,1988,"CS","",615735,3,4,57,6,63,10,0,1,,0,,12.6,0,0,,
4886350,1989,10938,1988,"CS","",97135,3,2,351,3,39,4,2,1,0,0.375,4,11.25,0,0,0,0
4887440,1989,10945,1988,"CS","",170475,3,3,66,6,63,3,0,1,,0.6667,,11.6667,0,0,,
4889632,1989,10952,1988,"CS","",97135,3,6,210,1,19,1,3,1,0.4444,0,6,14,0,0,0,0
4890911,1990,10959,1988,"CS","",97135,3,21,351,3,39,4,8,1,0.2188,0,5.625,14.75,0,0,0,0
4893918,1990,10973,1988,"CS","",97135,3,3,351,3,39,20,4,1,0.75,0.845,3.25,10.35,0.1176,0.1,0.25,0.25
4895313,1990,10980,1988,"CS","",615735,3,9,242,5,51,7,2,1,0.5,0,5,9.4286,0,0,0,0
4898006,1990,10994,1988,"CS","",320610,3,6,62,6,69,2,1,1,0,0,2,8.5,0,0,0,0
4898847,1990,10994,1987,"CS","",615780,3,13,502,1,19,4,1,1,0,0.5,2,5.75,0,0,0,0
4898930,1990,10994,1987,"CS","",537495,3,15,530,1,15,3,0,1,,0.6667,,5.3333,0,0,,
4899684,1990,11001,1988,"CS","",292075,3,3,116,6,69,8,6,0.5,0.5,0.75,6.3333,28.125,0,0,0,0
4900447,1990,11001,1987,"CS","",292085,3,1,210,1,19,0,0,,,,,,,,,
4901583,1990,11008,1988,"CS","",606900,3,2,73,4,43,0,1,,0,,8,,,,0,0
4906936,1990,11022,1988,"CS","",615635,3,7,324,4,43,5,2,1,0,0.64,4.5,13.8,0,0,0,0
4907755,1990,11029,1988,"CS","",638515,3,9,242,5,51,3,3,1,0.4444,0.4444,5.3333,6.3333,0,0,0,0
4908006,1990,11029,1988,"CS","",615735,3,10,474,5,53,2,2,1,0,0.5,9,9,0,0,0,0
4916197,1990,11057,1989,"CS","",97135,3,11,526,1,15,0,2,,0,,3.5,,,,0,0
4917478,1990,11064,1988,"CS","",292080,3,2,359,5,54,1,2,1,0.5,0,3.5,20,0,0,0,0
4919516,1990,11071,1988,"CS","",292080,3,5,359,5,54,4,9,0.75,0.7901,0.4444,4.5556,17,0,0,0,0
4921497,1990,11078,1988,"CS","",97135,3,2,623,3,39,1,9,1,0.716,0,6,5,0,0,0.1111,0.1111
4923610,1990,11085,1989,"CS","",97140,3,1,210,1,19,2,3,1,0.4444,0,5,3,0,0,0,0
4925000,1990,11092,1989,"CS","",170475,3,12,198,5,59,8,8,0.75,0.7188,0.5,3,14.25,0,0,0,0
4927029,1990,11099,1988,"CS","",170475,3,1,209,5,51,7,0,0.4286,,0.4444,,25.5714,0,0,,
4941274,1990,11155,1989,"CS","",413520,3,11,36,6,63,5,0,1,,0.48,,5.8,0,0,,
4942880,1990,11162,1988,"CS","",97115,3,2,600,3,32,12,3,1,0.4444,0.2917,6,12.9167,0,0,0,0
4946470,1990,11176,1989,"CS","",97135,3,1,623,3,39,3,4,1,0.625,0.6667,2.75,4.3333,0,0,0,0
4950366,1990,11190,1988,"CS","",97130,3,2,205,1,19,3,0,1,,0.4444,,8.3333,0,0,,
4950733,1990,11190,1988,"CS","",97135,3,3,526,1,15,3,0,1,,0.6667,,11.3333,0.6667,0.6667,,
4952349,1990,11197,1990,"CS","",97135,3,3,264,5,51,1,4,1,0.625,0,4.25,15,0,0,0,0
4955903,1990,11211,1989,"CS","",97135,3,1,623,3,39,2,0,1,,0,,3.5,0.5,0.5,,
4956432,1990,11211,1989,"CS","",97135,3,12,526,1,15,0,0,,,,,,,,,
4962036,1990,11239,1987,"CS","",97135,3,8,435,3,33,4,3,1,0.6667,0.625,9,10.5,0.6667,0.5,0,0
4963056,1990,11246,1988,"CS","",416665,3,23,404,6,69,3,3,1,0.6667,0,5,6.3333,0,0,0,0
4963148,1990,11246,1989,"CS","",97135,3,23,623,3,39,7,7,1,0.2449,0,5,2.8571,0,0,0,0
4967365,1990,11260,1988,"CS","",517590,3,5,700,2,22,10,5,1,0.32,0.72,4.2,4,0,0,0,0
4967575,1990,11267,1988,"CS","",170475,3,5,66,6,63,5,1,0.2,0,0,5,39.6,0,0,0,0
4967803,1990,11267,1989,"CS","",641420,3,1,139,6,63,2,1,1,0,0,4,2.5,0,0,0,0
4968421,1990,11267,1989,"CS","",97135,3,9,210,1,19,7,11,1,0.5124,0.2449,5.7273,13.4286,0,0,0,0
4969550,1990,11274,1989,"CS","",170485,3,9,198,5,59,6,1,0.5,0,0.4444,8,25.3333,0,0,0,0
4971732,1990,11281,1988,"CS","",97135,3,19,264,5,51,11,1,0.9091,0,0.82,3,11.6364,0,0,0,0
4973691,1990,11288,1989,"CS","",537515,3,2,544,1,14,1,0,1,,0,,21,0,0,,
4975450,1990,11295,1988,"CS","",518380,3,4,514,3,31,2,0,1,,0,,2.5,0,0,,
4976226,1990,11302,1989,"CS","",105980,3,4,123,5,53,5,1,0.8,0,0.375,1,17.4,0,0,0,0
4981571,1991,11323,1989,"CS","",97135,3,4,204,1,19,0,0,,,,,,,,,
4983657,1991,11330,1989,"CS","",615605,3,14,524,1,15,1,2,1,0,0,4.5,7,0,0,0,0
4988277,1991,11351,1987,"CS","",97135,3,7,425,5,51,14,2,0.9286,0.5,0.7337,7.5,15.0714,0.0909,0.0714,0,0
4989402,1991,11358,1988,"CS","",170475,3,6,57,6,63,6,1,1,0,0,2,9.3333,0,0,0,0
4989645,1991,11358,1988,"CS","",170475,3,5,139,6,63,3,2,1,0,0,4,5.6667,0,0,0,0
4994083,1991,11372,1990,"CS","",97135,3,3,623,3,39,3,3,1,0,0.4444,3.3333,8,0,0,0,0
4997441,1991,11386,1989,"CS","",97135,3,6,623,3,39,2,1,1,0,0.5,1,6,0,0,0,0
5002570,1991,11407,1989,"CS","",97135,3,5,623,3,39,4,1,1,0,0.375,7,3.5,0,0,0,0
5002659,1991,11407,1989,"CS","",11720,3,16,210,1,19,3,2,1,0.5,0,4,5.3333,0,0,0,0
5007394,1991,11428,1990,"CS","",48585,3,4,123,5,53,5,1,0.6,0,0.4444,3,26.8,0,0,0,0
5009253,1991,11435,1989,"CS","",641420,3,11,139,6,63,2,1,1,0,0,9,4,0,0,0,0
5011611,1991,11442,1989,"CS","",97135,3,1,210,1,19,2,0,1,,0.5,,17,0,0,,
5022440,1991,11484,1989,"CS","",170475,3,5,139,6,63,5,2,0.4,0,0.5,3,47.8,0,0,0,0
5024068,1991,11491,1988,"CS","",170480,3,2,66,6,63,2,0,1,,0,,18,0,0,,
5024233,1991,11491,1984,"CS","",569310,3,3,600,3,32,3,3,1,0.4444,0,7.3333,16.3333,0,0,0,0
5032276,1991,11519,1989,"CS","",269150,3,6,210,1,19,5,7,1,0.2449,0,5.8571,12.4,0,0,0,0
5035369,1991,11533,1989,"CS","",170475,3,11,242,5,51,1,1,1,0,0,8,8,0,0,0,0
5037883,1991,11540,1989,"CS","",97135,3,19,525,1,15,3,6,1,0.6667,0,5.6667,16.6667,0,0,0,0
5040458,1991,11554,1990,"CS","",5875,3,9,101,6,69,6,3,0.6667,0.4444,0,3.3333,21.5,0.6667,0.3333,0,0
5044524,1991,11568,1990,"CS","",,1,9,222,1,19,7,2,1,0.5,0,5.5,14.7143,,,,
5045323,1991,11568,1989,"CS","",638995,3,6,424,3,31,0,1,,0,,8,,,,0,0
5058605,1991,11617,1990,"CS","",97120,3,19,607,3,32,9,8,0.8889,0.4688,0.2188,4.125,8.5556,0,0,0,0
5059220,1991,11617,1989,"CS","",97135,3,6,96,1,13,14,0,1,,0.8061,,8.5,0,0,,
5060699,1991,11624,1990,"CS","",170485,3,7,139,6,63,7,1,1,0,0,3,4,0,0,0,0
5069054,1991,11659,1989,"CS","",204790,3,9,72,5,52,7,1,0.7143,0,0.72,7,32.5714,0,0,0,0
5072528,1991,11673,1990,"CS","",413520,3,10,36,6,63,16,0,0,,,,52.375,0,0,,
5076851,1991,11687,1990,"CS","",97135,3,12,106,1,12,13,7,1,0.2449,0.142,4.7143,11.6154,0.0909,0.0769,0,0
5080683,1992,11701,1990,"CS","",97135,3,10,427,1,12,2,2,1,0,0.5,5.5,4.5,0.5,0.5,0,0
5096930,1992,11764,1989,"CS","",97135,3,13,514,3,31,1,0,1,,0,,12,0,0,,
5110429,1992,11813,1989,"CS","",682158,3,6,205,1,19,5,0,1,,0.72,,7.8,0,0,,
5110551,1992,11813,1991,"CS","",682171,3,7,422,1,19,1,2,1,0.5,0,3.5,14,0,0,0,0
5112850,1992,11820,1990,"CS","",518380,3,3,514,3,31,0,0,,,,,,,,,
5118614,1992,11841,1989,"CS","",569325,3,14,435,3,33,1,3,1,0.4444,0,6.3333,13,0,0,0,0
5124421,1992,11862,1990,"CS","",97135,3,9,526,1,15,0,3,,0.6667,,6.3333,,,,0,0
5125976,1992,11869,1990,"CS","",97135,3,2,106,1,12,3,3,1,0,0,3.3333,18.3333,0,0,0,0
5130427,1992,11883,1991,"CS","",97135,3,5,544,1,14,1,4,1,0.375,0,3,2,0,0,0,0
5130479,1992,11883,1991,"CS","",97135,3,1,562,1,14,2,2,1,0.5,0.5,6,3,0,0,0,0
5142051,1992,11925,1987,"CS","",97135,3,3,544,1,14,6,26,1,0.6479,0.5,7.8462,5.6667,0.3333,0.3333,0,0
5152039,1992,11967,1990,"CS","",170485,3,12,26,6,63,8,0,0.25,,0.5,,48.75,0,0,,
5158832,1992,11988,1989,"CS","",97135,3,3,428,6,69,3,0,1,,0,,7.3333,0.3333,0.3333,,
5167134,1992,12023,1991,"CS","",170485,3,17,66,6,63,6,0,0.3333,,0,,35.6667,0,0,,
5167590,1992,12023,1991,"CS","",,1,7,475,5,53,0,5,,0.56,,5.2,,,,,
5173101,1992,12044,1991,"CS","",,1,3,65,5,51,5,0,0.8,,0.375,,27.6,,,,
5175264,1992,12051,1991,"CS","",688561,3,1,534,1,14,6,0,0.6667,,0,,24.6667,0,0,,
5177204,1993,12058,1991,"CS","",688561,3,9,544,1,14,1,9,1,0,0,5.7778,6,0,0,0,0
