4425558,1984,8775,1981,"NZ","",,1,17,340,2,21,3,4,1,0.375,0,8.25,9.6667,,,,
4425872,1984,8782,1982,"NZ","",,1,8,119,6,61,6,5,0.3333,0,0,11.6,33.5,,,,
4425962,1984,8782,1982,"NZ","",346555,3,17,165,6,66,5,3,0.4,0.6667,0.5,9.3333,22.4,0,0,0,0
4428036,1984,8789,1982,"NZ","",,1,2,362,4,42,4,2,0.25,0,0,12,61.75,,,,
4428167,1984,8796,1981,"NZ","",200320,3,8,52,6,69,2,0,0.5,,0,,26,0,0,,
4428280,1984,8796,1981,"NZ","",,5,12,99,6,61,8,8,0.75,0.4063,0,8.125,20.125,,,,
4430004,1984,8803,1982,"NZ","",,1,4,368,6,69,4,0,0.5,,0,,45.5,,,,
4434744,1984,8831,1982,"NZ","",12090,3,16,119,6,61,2,2,1,0,0,5.5,2.5,0.5,0.5,0,0
4434757,1984,8831,1980,"NZ","",,1,20,123,5,53,4,0,0.5,,0,,31,,,,
4434898,1984,8831,1981,"NZ","",,1,1,211,6,65,4,3,0.5,0,0,7,16.75,,,,
4438565,1984,8852,1980,"NZ","",258300,3,14,30,6,65,10,1,0.1,0,0,5,62.8,0,0,0,0
4440110,1984,8859,1982,"NZ","",591485,3,27,119,6,61,5,0,1,,0,,6.2,0,0,,
4441835,1984,8866,1982,"NZ","",279535,3,11,403,6,67,4,4,0.5,0.75,0.5,6.5,26.25,0,0,0.5,0.25
4442214,1984,8866,1980,"NZ","",144880,3,14,435,3,33,5,4,1,0,0,12.5,8.8,0,0,0,0
4442626,1984,8873,1981,"NZ","",311025,3,7,47,6,61,3,1,0.6667,0,0,9,20,0,0,0,0
4442992,1984,8873,1981,"NZ","",,1,6,248,6,69,5,1,0.8,0,0.625,2,14.6,,,,
4443146,1984,8873,1982,"NZ","",,1,8,414,5,51,3,2,0.3333,0,0,8,28,,,,
4444037,1984,8880,1981,"NZ","",261060,3,8,72,5,52,4,2,0.5,0,0,13,24.5,0,0,0,0
4444269,1984,8880,1981,"NZ","",,1,4,168,6,69,5,4,0.4,0.5,0,10,44,,,,
4445308,1984,8887,1982,"NZ","",19720,3,14,52,6,69,3,0,1,,0.6667,,5.6667,0,0,,
4449858,1984,8908,1982,"NZ","",298225,3,6,405,6,64,5,4,1,0,0,9.5,7.4,0,0,0,0
4449980,1984,8908,1981,"NZ","",12090,3,15,424,3,31,5,7,1,0.4082,0.64,10.4286,8,0,0,0.1667,0.1429
4450762,1984,8915,1982,"NZ","",144880,3,10,99,6,61,3,3,1,0.4444,0.4444,13.3333,8,0,0,0,0
4450962,1984,8915,1982,"NZ","",486570,3,21,206,6,68,4,8,1,0.75,0.625,12.75,9.75,0,0,0,0
4455298,1984,8936,1982,"NZ","",,1,16,424,3,31,0,2,,0.5,,3.5,,,,,
4455979,1984,8943,1983,"NZ","",,5,19,123,5,53,9,1,0.6667,0,0.2778,5,21.6667,,,,
4457262,1984,8950,1982,"NZ","",,1,13,119,6,61,3,1,0.6667,0,0,12,29,,,,
4457757,1984,8950,1981,"NZ","",,1,6,604,3,32,2,26,0.5,0.2751,0,11.3462,39,,,,
4458461,1984,8957,1982,"NZ","",442925,3,16,52,6,69,4,11,0.75,0.5455,0,9.0909,15,0,0,0,0
4459941,1984,8964,1982,"NZ","",,1,11,119,6,61,1,2,1,0,0,10.5,2,,,,
4460635,1984,8964,1983,"NZ","",12090,3,8,428,6,69,1,5,1,0.56,0,7.2,3,0,0,0,0
4461273,1984,8971,1981,"NZ","",310620,3,6,126,6,66,18,8,0.7778,0,0.1327,6.625,14.0556,0,0,0,0
4467890,1984,9006,1982,"NZ","",360900,3,9,182,6,65,7,7,0.5714,0,0,10.5714,35.1429,0,0,0,0
4468015,1984,9006,1982,"NZ","",,1,4,267,5,59,7,0,0.2857,,0,,63.2857,,,,
4470471,1984,9020,1983,"NZ","",148685,3,16,177,6,69,2,4,0.5,0,0,5.5,18,0,0,0,0
4472582,1984,9027,1982,"NZ","",144880,3,5,546,1,14,1,2,1,0.5,0,1,2,1,1,1,1
4474358,1984,9041,1981,"NZ","",,1,6,251,5,53,9,5,0.4444,0.48,0.375,8.6,21.5556,,,,
4474961,1984,9041,1983,"NZ","",144880,3,6,546,1,14,0,0,,,,,,,,,
4476719,1984,9055,1982,"NZ","",12090,3,9,73,4,43,6,7,1,0,0.2778,10.1429,10,0.2,0.1667,0,0
4478176,1984,9062,1982,"NZ","",,1,2,119,6,61,5,3,0.4,0,0,10,29.4,,,,
4479000,1984,9062,1982,"NZ","",144880,3,18,546,1,14,1,4,1,0.625,0,6.75,3,0,0,0.5,0.5
4479176,1984,9062,1982,"NZ","",369655,3,8,700,2,22,4,15,1,0.7111,0.375,6.3333,10.25,0,0,0,0
4480036,1984,9069,1980,"NZ","",144880,3,16,435,3,33,5,6,1,0.2778,0,11.6667,8.8,0,0,0,0
4484780,1984,9097,1981,"NZ","",620030,3,10,297,6,65,8,4,0.75,0.625,0.6111,7.25,12.375,0,0,0,0
4485485,1984,9097,1981,"NZ","",,1,10,382,2,22,6,3,1,0.4444,0.2778,8,11.6667,,,,
4485538,1984,9104,1980,"NZ","",,1,5,29,5,52,6,0,0.8333,,0.64,,19,,,,
4485597,1984,9104,1982,"NZ","",,1,20,52,6,69,4,16,0.75,0.6328,0,7.0625,14.25,,,,
4489677,1984,9125,1983,"NZ","",357910,3,6,119,6,61,3,5,0,0,,11.8,82.3333,0,0,0,0
4489912,1984,9125,1981,"NZ","",368235,3,5,248,6,69,7,0,0.1429,,0,,44.5714,0,0,,
4489914,1984,9125,1981,"NZ","",,1,15,251,5,53,7,3,0.1429,0,0,9.6667,39.2857,,,,
4493172,1985,9146,1982,"NZ","",,1,8,52,6,69,8,13,0.75,0.5799,0.2778,11.8462,18.875,,,,
4495416,1985,9153,1982,"NZ","",399525,7,8,250,4,44,3,3,1,0.4444,0.6667,7,18,0,0,0,0
4499694,1985,9181,1983,"NZ","",144880,3,21,52,6,69,4,16,1,0.3047,0.625,7.0625,9.75,0,0,0,0
4500008,1985,9181,1982,"NZ","",432240,3,16,220,6,68,2,5,1,0.72,0,8.4,6.5,0,0,0,0
4502223,1985,9195,1982,"NZ","",,1,11,30,6,65,11,6,0.6364,0.5,0.2449,9,26.3636,,,,
4502403,1985,9195,1983,"NZ","",633070,3,9,112,6,63,4,0,1,,0,,10,0.25,0.25,,
4504002,1985,9202,1983,"NZ","",347455,3,4,224,6,68,5,3,1,0,0,7,5.4,0,0,0,0
4507989,1985,9223,1982,"NZ","",,1,6,81,5,59,5,1,0.2,0,0,14,24.8,,,,
4509923,1985,9230,1981,"NZ","",131490,3,7,440,5,55,7,2,0.7143,0.5,0.64,13,21.7143,0,0,0,0
4516157,1985,9258,1983,"NZ","",,1,9,348,4,49,12,26,0.9167,0.5385,0.4463,8.6154,11.25,,,,
4516577,1985,9265,1984,"NZ","",19240,3,15,606,3,32,4,5,0.5,0.56,0,9.4,23.25,0,0,0,0
4516770,1985,9265,1982,"NZ","",144880,3,7,473,6,62,9,8,0.8889,0.2188,0.6563,8.125,8.3333,0,0,0.25,0.125
4517598,1985,9265,1982,"NZ","",,5,14,348,4,49,11,11,1,0.6446,0.6446,10.9091,7.7273,,,,
4521986,1985,9293,1984,"NZ","",,1,9,43,6,61,2,1,1,0,0.5,7,6.5,,,,
4522395,1985,9293,1984,"NZ","",,1,7,473,6,62,8,2,0.875,0.5,0.5714,9.5,16.875,,,,
4523583,1985,9300,1983,"NZ","",,1,3,606,3,32,15,5,0.4,0.64,0.6111,11,30.8,,,,
4524849,1985,9307,1984,"NZ","",,5,12,182,6,65,7,0,0.1429,,0,,68.8571,,,,
4529220,1985,9328,1981,"NZ","",,1,12,280,5,55,7,9,0.5714,0.1975,0.375,10.1111,17,,,,
4531520,1985,9342,1983,"NZ","",,1,16,606,3,32,10,2,0.6,0.5,0.5,7,33.6,,,,
4532124,1985,9342,1982,"NZ","",144880,3,6,424,3,31,22,20,0.7727,0.255,0.1107,10.05,13,0,0,0,0
4536959,1985,9370,1982,"NZ","",,5,11,30,6,65,3,4,0.3333,0,0,9.5,62,,,,
4537729,1985,9370,1984,"NZ","",144880,3,1,558,1,14,1,0,0,,,,24,0,0,,
4538510,1985,9377,1983,"NZ","",359410,3,11,99,6,61,3,8,1,0.6875,0.6667,11,5,0,0,0,0
4539243,1985,9377,1984,"NZ","",,1,1,428,6,69,10,5,0.9,0.64,0,6.4,12.8,,,,
4543687,1985,9405,1983,"NZ","",144880,3,1,16,5,59,6,2,0.1667,0,0,9,75.1667,0,0,0,0
4545145,1985,9412,1983,"NZ","",,5,4,47,6,61,6,4,0.8333,0,0.56,8.5,10.8333,,,,
4546492,1985,9419,1983,"NZ","",384775,3,14,2,6,63,5,1,0.2,0,0,6,57.2,0,0,0,0
4548378,1985,9426,1982,"NZ","",,1,16,248,6,69,6,4,0.3333,0.625,0.5,9.5,35,,,,
4552147,1985,9447,1983,"NZ","",,1,9,606,3,32,4,6,0.75,0,0,8.3333,12,,,,
4553675,1985,9454,1982,"NZ","",,1,10,212,5,59,10,1,0.7,0,0.6122,10,22.7,,,,
4554831,1985,9461,1983,"NZ","",589250,3,16,73,4,43,3,2,1,0,0.4444,6,10.3333,0,0,0,0
4555829,1985,9468,1983,"NZ","",279535,3,8,16,5,59,4,4,0.75,0.625,0.4444,4.5,19.75,0.6667,0.5,0,0
4557449,1985,9475,1983,"NZ","",471195,3,9,248,6,69,8,3,0.625,0.6667,0.8,7,26.875,0,0,0,0
4563630,1986,9503,1983,"NZ","",599365,3,6,322,4,45,4,1,0.75,0,0,7,13.5,0,0,0,0
4566405,1986,9524,1983,"NZ","",,1,5,119,6,61,2,0,1,,0,,8.5,,,,
4572106,1986,9552,1984,"NZ","",,1,6,119,6,61,3,4,0.3333,0.375,0,7,38,,,,
4574416,1986,9566,1984,"NZ","",,1,3,15,6,69,6,10,0.1667,0.72,0,8.4,51.8333,,,,
4575013,1986,9566,1983,"NZ","",53415,3,3,241,5,51,5,5,0.6,0,0,9.2,22,0,0,0,0
4576247,1986,9573,1983,"NZ","",144880,3,6,181,6,69,8,1,0.875,0,0.6122,11,15.25,0,0,0,0
4580544,1986,9594,1984,"NZ","",,1,13,123,5,53,3,2,0.6667,0,0,9.5,18,,,,
4580820,1986,9594,1985,"NZ","",,1,20,292,6,69,10,3,0.4,0.4444,0.375,8.3333,29.5,,,,
4582265,1986,9601,1984,"NZ","",,1,7,241,5,51,12,9,0.4167,0.4938,0.56,7.7778,37.1667,,,,
4582435,1986,9601,1983,"NZ","",279535,3,6,384,5,59,7,8,0.4286,0.7813,0.4444,8.25,21.8571,0.5,0.1429,0,0
4582538,1986,9601,1984,"NZ","",,1,19,106,1,12,3,0,0.3333,,0,,18.6667,,,,
4583767,1986,9608,1984,"NZ","",,1,5,285,6,67,7,3,0.4286,0.4444,0,4.3333,46.8571,,,,
4585451,1986,9615,1983,"NZ","",12090,3,3,424,3,31,5,6,1,0.2778,0.48,8.3333,5.8,0.25,0.2,0,0
4586663,1986,9622,1983,"NZ","",53415,3,3,241,5,51,2,6,1,0,0,7,8.5,0,0,0.25,0.1667
4586796,1986,9622,1983,"NZ","",,1,11,351,3,39,4,2,1,0.5,0,11.5,8.5,,,,
4589525,1986,9636,1984,"NZ","",,1,10,188,5,53,1,10,1,0.58,0,5.9,8,,,,
4589777,1986,9636,1984,"NZ","",,1,8,366,1,19,4,2,0.75,0,0.6667,7.5,22.5,,,,
4590277,1986,9636,1983,"NZ","",144880,3,7,546,1,14,4,4,1,0,0,12,5.5,0.75,0.75,0,0
4593628,1986,9657,1985,"NZ","",,1,19,110,6,66,4,1,0.75,0,0.4444,13,24.75,,,,
4594500,1986,9657,1983,"NZ","",634170,3,9,392,4,41,5,6,0,0.2778,,7.1667,43.2,0,0,0,0
4594754,1986,9664,1984,"NZ","",442865,3,2,24,6,63,6,1,0.5,0,0.4444,11,30,0,0,0,0
4598734,1986,9685,1985,"NZ","",387200,3,6,137,6,69,10,1,0.7,0,0,5,27.5,0,0,0,0
4600043,1986,9692,1984,"NZ","",,1,6,144,5,51,6,1,0.8333,0,0,9,9.8333,,,,
4601578,1986,9699,1983,"NZ","",,1,9,356,4,43,0,2,,0,,6.5,,,,,
4603010,1986,9706,1985,"NZ","",,1,10,530,1,15,2,3,1,0.6667,0.5,4.6667,7.5,,,,
4603026,1986,9706,1984,"NZ","",199070,3,9,264,5,51,7,2,0.4286,0.5,0.6667,4,27.4286,0,0,0,0
4603125,1986,9706,1983,"NZ","",144880,3,23,514,3,31,3,3,1,0.6667,0,7.6667,2.6667,1,1,0,0
4605329,1986,9720,1983,"NZ","",193925,3,4,406,5,59,5,2,0.8,0.5,0.75,4,12.2,0,0,0,0
4606181,1986,9727,1983,"NZ","",633070,3,30,57,6,63,6,5,0.8333,0,0.32,8.2,13.1667,0,0,0,0
4606322,1986,9727,1984,"NZ","",,5,18,123,5,53,6,10,0.8333,0.34,0.64,9,17.6667,,,,
4607596,1986,9734,1984,"NZ","",,1,7,119,6,61,3,4,0,0.375,,11.5,41.3333,,,,
4607719,1986,9734,1984,"NZ","",155510,3,5,180,5,55,9,1,1,0,0.7407,8,10.4444,0,0,0,0
4607756,1986,9734,1984,"NZ","",,5,7,215,6,68,4,4,1,0.375,0.625,9.5,5.5,,,,
4608261,1986,9734,1984,"NZ","",399525,7,10,426,6,61,3,29,1,0.4067,0,6.8276,6.6667,0,0,0,0
4609111,1986,9741,1984,"NZ","",,1,1,211,6,65,8,2,0,0,,12,62.375,,,,
4609510,1986,9741,1984,"NZ","",195840,2,6,264,5,51,10,0,0.5,,0.56,,33.7,0.25,0.1,,
4610647,1986,9748,1985,"NZ","",361860,3,8,474,5,53,4,4,0.75,0.375,0.4444,5.75,33.25,0,0,0,0
4611521,1986,9755,1984,"NZ","",,1,4,83,5,51,8,5,0.75,0,0,5,14.375,,,,
4612603,1986,9755,1984,"NZ","",,1,15,361,4,45,7,8,0.8571,0.8438,0.6667,8.125,13,,,,
4616157,1986,9776,1985,"NZ","",218935,2,10,315,4,42,5,4,0.4,0.375,0,6,28,0,0,0.25,0.25
4620188,1986,9797,1982,"NZ","",144880,3,7,326,4,46,20,12,1,0.7917,0.795,9.25,11.6,0,0,0,0
4621783,1986,9811,1984,"NZ","",,1,10,248,6,69,9,1,0.8889,0,0.5625,3,17.2222,,,,
4622708,1986,9818,1985,"NZ","",199070,3,10,8,1,11,2,2,0.5,0,0,6.5,16.5,0,0,0,0
4623127,1986,9818,1984,"NZ","",,1,2,256,6,65,5,1,0.6,0,0.6667,4,39.6,,,,
4625454,1986,9832,1984,"NZ","",,1,4,47,6,61,7,5,0.4286,0,0,8.6,75.2857,,,,
4625529,1986,9832,1985,"NZ","",199070,3,5,68,6,63,4,4,0.5,0.375,0,10,17,0,0,0,0
4626906,1986,9832,1984,"NZ","",,1,11,348,4,49,4,6,1,0.5,0.375,4.3333,6.5,,,,
4627578,1986,9839,1980,"NZ","",561170,3,14,241,5,51,2,3,1,0.4444,0.5,11,9,0,0,0,0
4627796,1986,9839,1984,"NZ","",,1,2,417,5,53,4,3,0.75,0.6667,0.4444,8,16.25,,,,
4629095,1986,9846,1984,"NZ","",,1,17,222,1,19,6,7,0.1667,0.2449,0,9,39.8333,,,,
4630958,1986,9853,1983,"NZ","",515390,3,23,403,6,67,15,9,0.8,0.6667,0.4444,6.1111,16.0667,0,0,0,0
4631771,1986,9860,1985,"NZ","",199070,3,23,8,1,11,6,4,0.5,0.5,0.6667,4.25,20.6667,0,0,0,0
4633606,1987,9867,1985,"NZ","",19240,3,12,40,6,69,8,1,1,0,0.4688,12,11,0,0,0,0
4634092,1987,9867,1984,"NZ","",199075,3,6,251,5,53,3,7,1,0.5714,0.4444,9.4286,15.3333,0,0,0,0
4635413,1987,9874,1985,"NZ","",256665,3,15,52,6,69,9,2,0.6667,0,0,8,27.6667,0,0,0,0
4635814,1987,9874,1985,"NZ","",473860,2,3,220,6,68,12,36,0.75,0.8086,0.6173,7.6389,19.75,0,0,0,0
4639708,1987,9888,1985,"NZ","",144880,3,5,336,4,41,7,9,0.8571,0.8395,0.7778,5.8889,16.7143,0,0,0,0
4640532,1987,9895,1983,"NZ","",361080,3,4,285,6,67,6,5,1,0.72,0,6.8,9.8333,0,0,0,0
4641442,1987,9902,1985,"NZ","",144880,3,5,40,6,69,8,1,0.5,0,0.375,3,24.25,0,0,0,0
4642295,1987,9902,1982,"NZ","",,1,17,436,1,19,9,20,1,0.535,0.1975,9.55,6.2222,,,,
4642996,1987,9909,1985,"NZ","",642480,3,14,62,6,69,4,8,1,0.5313,0.625,6.5,17.75,0,0,0,0
4643355,1987,9909,1985,"NZ","",144880,3,17,239,5,59,13,4,0.5385,0.375,0.7347,9,23.3846,0,0,0,0
4645100,1987,9916,1984,"NZ","",634025,3,6,222,1,19,8,5,1,0,0,6.4,8.75,0,0,0,0
4645113,1987,9916,1984,"NZ","",,1,2,227,5,59,9,1,0.2222,0,0.5,11,35.8889,,,,
4645742,1987,9916,1984,"NZ","",,1,3,436,1,19,7,19,0.8571,0.5429,0.2778,8.4737,12.1429,,,,
4646455,1987,9923,1985,"NZ","",,1,13,40,6,69,7,5,0.8571,0.64,0.2778,5.6,14.1429,,,,
4648466,1987,9930,1985,"NZ","",,1,18,172,6,64,7,7,1,0.5714,0.6531,7.7143,8.5714,,,,
4648860,1987,9930,1985,"NZ","",586835,3,3,493,5,51,6,9,1,0.5679,0.6667,7.2222,13.5,0,0,0,0
4651023,1987,9937,1985,"NZ","",144880,3,7,307,4,49,18,10,1,0.68,0.7037,7.8,13.0556,0,0,0,0
4653208,1987,9951,1986,"NZ","",,1,28,40,6,69,6,3,0.3333,0,0,6,47.8333,,,,
4653319,1987,9951,1985,"NZ","",144880,3,5,73,4,43,6,8,0.8333,0.5313,0,7.25,22.5,0,0,0,0
4653467,1987,9951,1985,"NZ","",310620,3,5,126,6,66,17,2,0.7059,0,0.1528,9.5,31.4706,0,0,0,0
4654999,1987,9958,1983,"NZ","",,1,10,47,6,61,3,1,0.6667,0,0,4,31,,,,
4659047,1987,9972,1986,"NZ","",479145,3,2,248,6,69,10,2,0.3,0,0.4444,3.5,38.7,0,0,0,0
4661150,1987,9979,1985,"NZ","",399540,3,6,75,5,52,4,0,1,,0,,11.25,0,0,,
4661252,1987,9979,1985,"NZ","",120845,3,9,210,1,19,6,1,1,0,0.2778,5,15.5,0,0,0,0
4662571,1987,9986,1982,"NZ","",,1,14,241,5,51,12,3,0.5833,0,0,11.6667,23.75,,,,
4664098,1987,9993,1984,"NZ","",123545,3,4,601,3,32,9,14,1,0.5306,0.1975,8.2143,16,0,0,0,0
4664358,1987,9993,1986,"NZ","",,1,3,256,6,65,11,1,0.0909,0,0,10,53.4545,,,,
4664562,1987,9993,1984,"NZ","",,1,8,405,6,64,17,4,0.0588,0,0,6.5,50.4706,,,,
4666186,1987,10000,1986,"NZ","",,1,3,285,6,67,3,3,1,0.4444,0.6667,8.6667,13.3333,,,,
4666436,1987,10000,1985,"NZ","",622585,3,15,604,3,32,2,6,1,0.5,0,6.8333,3.5,0,0,0,0
4667607,1987,10007,1985,"NZ","",310620,3,24,110,6,66,3,2,1,0.5,0.4444,7,5.6667,0,0,0,0
4667835,1987,10007,1985,"NZ","",,1,13,212,5,59,5,0,0.8,,0.625,,32.2,,,,
4668185,1987,10007,1985,"NZ","",425980,3,16,432,6,66,6,0,1,,0.5,,7.5,0,0,,
4669290,1987,10014,1985,"NZ","",,1,7,72,5,52,4,0,0.5,,0,,25.5,,,,
4670890,1987,10014,1984,"NZ","",471740,2,15,375,2,21,1,11,1,0.8926,0,8.1818,14,0,0,0,0
4671209,1987,10021,1985,"NZ","",,1,7,119,6,61,4,0,0.75,,0,,12.25,,,,
4671317,1987,10021,1986,"NZ","",,1,10,137,6,69,4,1,0.25,0,0,10,61.75,,,,
4671884,1987,10021,1986,"NZ","",633070,3,7,252,1,19,7,2,1,0.5,0.449,9,11.2857,0,0,0,0
4672719,1987,10028,1986,"NZ","",144880,3,9,24,6,63,11,3,0.6364,0.6667,0,6,24.8182,0,0,0,0
4672907,1987,10028,1986,"NZ","",329210,3,11,114,5,55,7,0,0.4286,,0,,36.1429,0,0,,
4676973,1987,10042,1984,"NZ","",,1,7,424,3,31,3,0,1,,0.4444,,3.6667,,,,
4677975,1987,10049,1985,"NZ","",599365,3,16,128,3,32,8,58,1,0.2212,0.5313,9.0517,7.625,0,0,0,0
4678201,1987,10049,1984,"NZ","",,1,41,280,5,55,18,0,0.8889,,0.1172,,13.3333,,,,
4678463,1987,10049,1986,"NZ","",,1,6,604,3,32,8,8,1,0.5938,0.6563,6.875,10.875,,,,
4679742,1987,10056,1985,"NZ","",,5,17,241,5,51,5,1,0.4,0,0,7,53.8,,,,
4680077,1987,10056,1985,"NZ","",548310,3,13,156,1,19,2,1,1,0,0,11,11,0,0,0,0
4686318,1987,10084,1986,"NZ","",,1,2,800,3,33,0,0,,,,,,,,,
4690099,1987,10105,1985,"NZ","",392950,3,7,119,6,61,3,3,1,0.4444,0,8,19.6667,0,0,0,0
4691084,1987,10105,1986,"NZ","",,1,6,191,4,49,11,3,0.4545,0.6667,0.56,7.3333,23.9091,,,,
4691458,1987,10112,1984,"NZ","",19240,3,6,40,6,69,5,2,1,0,0,4,14.6,0,0,0,0
4695101,1987,10126,1986,"NZ","",144880,3,3,303,5,53,2,0,1,,0,,13.5,0,0,,
4697754,1987,10140,1985,"NZ","",158135,3,4,242,5,51,4,2,1,0,0.75,7.5,11.5,0,0,0,0
4700926,1987,10154,1986,"NZ","",,1,16,251,5,53,6,4,1,0,0.6111,9.5,6.8333,,,,
4702047,1987,10161,1986,"NZ","",52900,3,20,52,6,69,10,4,0.2,0.625,0.5,5.25,54.8,0,0,0,0
4703540,1987,10168,1986,"NZ","",,1,20,16,5,59,5,3,1,0.6667,0.72,4,8.6,,,,
4703728,1987,10168,1986,"NZ","",,1,7,123,5,53,17,2,0.2941,0.5,0.32,4.5,34.8824,,,,
4703929,1987,10168,1986,"NZ","",,1,5,482,5,59,7,5,0.8571,0,0.6111,6,12.4286,,,,
4704556,1987,10168,1984,"NZ","",,1,10,310,4,45,19,3,0.8947,0.6667,0.8512,6.3333,9.0526,,,,
4704818,1987,10175,1986,"NZ","",,1,15,47,6,61,7,4,0.4286,0.375,0,8.5,46.2857,,,,
4706347,1987,10182,1986,"NZ","",,1,12,24,6,63,14,4,0.5714,0.375,0.6563,6.25,25.2143,,,,
4707931,1987,10189,1986,"NZ","",377725,7,11,34,1,19,3,0,1,,0,,5.6667,0,0,,
4708831,1987,10189,1986,"NZ","",199070,3,22,261,1,19,18,15,1,0.7022,0.5802,6.6667,8.6667,0,0,0.1818,0.1333
4712012,1987,10203,1985,"NZ","",218935,2,4,250,4,44,4,2,0.75,0,0.6667,8.5,16.5,0.5,0.25,0,0
4712811,1987,10210,1985,"NZ","",,1,14,285,6,67,12,5,0.6667,0.72,0.2188,7.6,21.25,,,,
4713798,1987,10210,1984,"NZ","",,1,22,367,2,21,5,4,1,0.375,0.32,5.75,4.4,,,,
4713917,1987,10217,1987,"NZ","",145465,3,31,52,6,69,10,15,0.4,0.24,0.625,4.9333,41.2,0,0,0,0
4714048,1987,10217,1985,"NZ","",19240,3,25,119,6,61,4,7,1,0.6531,0,8.4286,11.25,0,0,0,0
4715629,1987,10224,1985,"NZ","",,1,15,292,6,69,7,7,0.4286,0,0,9.5714,41.2857,,,,
4716739,1988,10231,1986,"NZ","",642480,3,7,62,6,69,10,19,1,0.6593,0.7,7.3158,18.3,0,0,0,0
4716842,1988,10231,1985,"NZ","",,1,6,110,6,66,14,4,0.7857,0,0.1653,6.5,23.5714,,,,
4717123,1988,10231,1987,"NZ","",287685,3,4,256,6,65,0,0,,,,,,,,,
4718697,1988,10238,1986,"NZ","",19240,3,8,283,6,69,6,3,0.6667,0.4444,0.625,5.3333,28.1667,0,0,0,0
4721406,1988,10252,1986,"NZ","",,1,20,403,6,67,5,2,0.8,0.5,0.625,7.5,15,,,,
4722040,1988,10252,1986,"NZ","",574375,3,11,363,4,45,7,5,1,0.32,0.4082,5.8,4.5714,0,0,0,0
4722110,1988,10259,1986,"NZ","",588690,3,19,15,6,69,4,4,1,0,0.375,7.25,10.25,0,0,0,0
4722221,1988,10259,1986,"NZ","",,1,8,73,4,43,4,7,0.75,0,0,3.8571,21.25,,,,
4724589,1988,10273,1984,"NZ","",399510,3,8,29,5,52,2,1,1,0,0.5,12,17,0,0,0,0
4726612,1988,10280,1986,"NZ","",,1,2,285,6,67,4,4,0.75,0.375,0,8.5,18.5,,,,
4729203,1988,10294,1986,"NZ","",377375,2,1,53,6,68,5,0,1,,0,,13.2,0,0,,
4731366,1988,10301,1986,"NZ","",241040,2,20,514,3,31,1,7,1,0.2449,0,6.7143,9,0,0,0.5714,0.5714
4735107,1988,10322,1986,"NZ","",,1,14,74,5,59,5,4,0.8,0,0.375,4.5,25.8,,,,
4735431,1988,10322,1985,"NZ","",,1,8,280,5,55,5,8,1,0.4063,0.32,7.875,5.6,,,,
4738258,1988,10336,1986,"NZ","",19240,3,12,606,3,32,3,2,1,0.5,0,8,5,0,0,0,0
4739565,1988,10343,1981,"NZ","",19240,3,5,40,6,69,8,1,0.875,0,0.2449,16,22,0,0,0,0
4739836,1988,10343,1985,"NZ","",,1,5,173,5,51,2,0,0.5,,0,,21,,,,
4739964,1988,10343,1986,"NZ","",,1,2,251,5,53,2,7,1,0.7755,0.5,6,9.5,,,,
4740487,1988,10343,1986,"NZ","",113635,7,22,502,1,19,6,2,1,0.5,0.6111,7.5,13.6667,0,0,0,0
4741282,1988,10350,1986,"NZ","",,1,7,114,5,55,2,3,1,0,0.5,10,15,,,,
4747184,1988,10378,1986,"NZ","",19315,3,6,452,6,61,4,2,0.75,0,0.4444,9.5,17.75,0,0,0,0
4747345,1988,10378,1986,"NZ","",408605,3,3,101,6,69,2,0,0.5,,0,,37.5,0,0,,
4748719,1988,10385,1986,"NZ","",574950,3,7,452,6,61,3,2,0.3333,0,0,8,31,0,0,0,0
4748797,1988,10385,1986,"NZ","",586835,3,19,53,6,68,9,3,1,0.4444,0.4938,6.3333,13.1111,0,0,0,0
4749567,1988,10385,1986,"NZ","",148685,7,16,424,3,31,4,0,1,,0.5,,6.75,0,0,,
4750486,1988,10392,1986,"NZ","",,1,30,606,3,32,15,17,0.9333,0.5882,0.6224,4.8235,12.2,,,,
4750901,1988,10392,1987,"NZ","",,1,7,604,3,32,4,23,1,0.1588,0,6.4783,8.25,,,,
4751422,1988,10392,1986,"NZ","",601715,2,12,313,4,42,4,5,1,0.32,0,2.8,11,0.5,0.5,0.6,0.6
4753413,1988,10406,1987,"NZ","",,1,14,249,6,69,4,2,0.75,0,0.4444,7.5,20,,,,
4755633,1988,10413,1986,"NZ","",,1,5,256,6,65,4,3,1,0,0.375,3.6667,6,,,,
4757629,1988,10427,1985,"NZ","",,1,7,42,5,59,7,6,0.7143,0.5,0.56,6.5,26,,,,
4761857,1988,10448,1986,"NZ","",633070,3,15,19,1,11,5,3,0.2,0.6667,0,7,34.2,0,0,0.6667,0.6667
4761922,1988,10448,1986,"NZ","",,1,66,52,6,69,10,8,0.8,0.4063,0.4063,6.25,18.5,,,,
4763011,1988,10448,1985,"NZ","",399525,7,10,250,4,44,0,2,,0.5,,6.5,,,,0,0
4763239,1988,10448,1986,"NZ","",574375,3,14,363,4,45,5,21,1,0.5669,0.32,6.3333,4.2,0,0,0,0
4764072,1988,10455,1986,"NZ","",,1,11,411,5,59,12,0,0.25,,0.4444,,43.9167,,,,
4764210,1988,10455,1987,"NZ","",399540,3,7,75,5,52,2,1,0.5,0,0,8,26.5,0,0,0,0
4765108,1988,10462,1987,"NZ","",,1,8,52,6,69,9,1,1,0,0,6,11.6667,,,,
4766791,1988,10469,1987,"NZ","",533595,3,6,83,5,51,9,1,0.2222,0,0,2,58,0,0,0,0
4767290,1988,10469,1985,"NZ","",,1,3,417,5,53,20,0,0.25,,0.32,,52.35,,,,
4770052,1988,10483,1985,"NZ","",,1,14,73,4,43,4,0,1,,0,,12.5,,,,
4770293,1988,10483,1987,"NZ","",,1,6,206,6,68,7,2,0.7143,0,0.48,9.5,23.5714,,,,
4771245,1988,10483,1986,"NZ","",144880,3,11,324,4,43,3,1,0.6667,0,0.5,10,21.3333,0,0,0,0
4771711,1988,10490,1987,"NZ","",,1,9,110,6,66,4,2,0.75,0.5,0,5,18.25,,,,
4776051,1988,10511,1986,"NZ","",,1,10,449,6,61,3,1,0,0,,7,54,,,,
4778188,1988,10518,1986,"NZ","",,1,14,273,6,62,4,0,0.5,,0,,32.5,,,,
4778344,1988,10518,1986,"NZ","",,1,3,416,1,19,28,2,0.0357,0,0,9.5,60.25,,,,
4779795,1988,10525,1987,"NZ","",,1,8,126,6,66,7,4,0.8571,0.625,0.5,6,14.2857,,,,
4780932,1988,10532,1987,"NZ","",574950,3,7,452,6,61,2,1,1,0,0,11,6,0,0,0,0
4781897,1988,10532,1986,"NZ","",,1,4,422,1,19,8,3,0.875,0,0.2449,6,10.375,,,,
4784301,1988,10546,1987,"NZ","",634005,3,12,222,1,19,5,1,1,0,0,1,7.2,0,0,0,0
4787232,1988,10560,1987,"NZ","",244340,3,15,72,5,52,4,8,0.75,0,0,8.125,19.25,0,0,0,0
4792035,1988,10581,1981,"NZ","",207350,2,17,198,5,59,4,1,0.75,0,0.6667,10,17.5,0.6667,0.5,0,0
4792254,1988,10581,1987,"NZ","",634165,3,6,403,6,67,2,3,0,0.6667,,7.6667,62.5,0,0,0,0
4793025,1988,10588,1987,"NZ","",,1,6,452,6,61,5,4,0.8,0,0.375,3.25,14.2,,,,
4795826,1989,10595,1986,"NZ","",,1,3,564,1,14,3,0,1,,0.4444,,5,,,,
4796170,1989,10595,1987,"NZ","",,1,5,362,4,42,4,6,0.5,0.5,0,5.3333,35.75,,,,
4801911,1989,10623,1987,"NZ","",626640,2,16,335,4,41,3,0,0.6667,,0,,25.6667,0,0,,
4802116,1989,10623,1987,"NZ","",199070,3,122,395,2,22,12,15,1,0.72,0.4167,5.8667,8.0833,0,0,0,0
