5182820,1993,12086,1991,"NZ","",,1,7,4,6,65,11,3,1,0.4444,0.4959,1,8.0909,,,,
5188291,1993,12107,1990,"NZ","",249030,7,12,239,5,59,8,0,0.375,,0,,34.625,0,0,,
5190082,1993,12114,1991,"NZ","",633070,3,8,141,5,51,8,0,0.375,,0.6667,,36.75,0.5,0.125,,
5192538,1993,12121,1992,"NZ","",690240,3,5,530,1,15,0,1,,0,,0,,,,1,1
5193249,1993,12128,1991,"NZ","",279535,3,19,16,5,59,3,0,0.3333,,0,,59.3333,0,0,,
5195716,1993,12135,1989,"NZ","",690577,3,4,248,6,69,8,1,0.625,0,0.56,8,23.875,0,0,0,0
5200165,1993,12149,1990,"NZ","",561170,3,69,423,1,19,1,4,1,0.75,0,5.25,10,0,0,0.25,0.25
5202140,1993,12156,1992,"NZ","",691190,7,19,426,6,61,7,1,1,0,0,4,11.8571,0,0,0,0
5203494,1993,12163,1992,"NZ","",691293,3,14,229,6,68,15,4,0.9333,0,0.5,2.25,14.2,0,0,0,0
5203658,1993,12163,1991,"NZ","",,5,8,414,5,51,5,1,0.8,0,0.375,4,18.6,,,,
5208931,1993,12184,1990,"NZ","",199070,3,26,8,1,11,11,11,0.9091,0.5785,0.48,4.2727,11.6364,0,0,0.0909,0.0909
5209073,1993,12184,1991,"NZ","",199070,3,20,62,6,69,2,3,1,0,0.5,6.3333,6,0,0,0,0
5209367,1993,12184,1991,"NZ","",,1,2,229,6,68,9,4,0.4444,0.375,0.625,5.5,54.1111,,,,
5210908,1993,12191,1992,"NZ","",279535,3,14,16,5,59,4,1,1,0,0.375,1,8.25,0,0,1,1
5213854,1993,12198,1990,"NZ","",,1,17,428,6,69,6,0,1,,0.6111,,11.5,,,,
5216215,1993,12205,1991,"NZ","",692449,3,11,219,4,49,9,2,0.5556,0.5,0.32,4.5,31.5556,0,0,0,0
5217006,1993,12212,1991,"NZ","",,1,10,128,3,32,12,4,0.5833,0.375,0.2449,4,28.0833,,,,
5217450,1993,12212,1992,"NZ","",91040,3,8,604,3,32,10,1,0.7,0,0.7755,4,24.1,0,0,0,0
5221758,1993,12226,1989,"NZ","",,1,10,556,1,14,8,5,0.875,0.48,0.8163,6,21.625,,,,
5222266,1993,12233,1991,"NZ","",692986,3,7,8,1,11,4,0,1,,0.625,,15.75,0,0,,
5228224,1993,12254,1991,"NZ","",,1,6,40,6,69,5,2,1,0,0.32,7,13.8,,,,
5231722,1993,12268,1991,"NZ","",199070,3,22,8,1,11,9,2,0.7778,0.5,0.4082,4.5,18.1111,0.1429,0.1111,0,0
5232202,1993,12268,1991,"NZ","",,1,14,254,5,59,9,5,0.5556,0.64,0.32,3.4,20.5556,,,,
5234440,1993,12275,1991,"NZ","",19245,3,11,606,3,32,8,1,1,0,0.625,4,7.375,0.125,0.125,0,0
5246304,1993,12317,1991,"NZ","",,1,13,403,6,67,6,0,1,,0.2778,,9,,,,
5246473,1993,12317,1992,"NZ","",,1,15,96,1,13,5,1,0.8,0,0,5,26.6,,,,
5247231,1993,12317,1991,"NZ","",199070,3,32,318,4,45,5,1,1,0,0,3,14.2,0,0,0,0
5248437,1993,12324,1990,"NZ","",695394,3,11,210,1,19,9,6,0.7778,0.5,0.449,4.6667,18.3333,0,0,0,0
5250343,1993,12331,1992,"NZ","",695562,3,11,428,6,69,4,1,1,0,0,5,4.75,0,0,0,0
5252215,1993,12338,1992,"NZ","",633070,3,14,210,1,19,11,5,1,0,0.4463,4.6,11.5455,0.1111,0.0909,0,0
5259431,1993,12366,1989,"NZ","",,1,4,152,5,55,4,1,0.25,0,0,5,45.75,,,,
5259826,1993,12366,1992,"NZ","",,1,17,493,5,51,6,0,0.5,,0.4444,,24.6667,,,,
5266855,1993,12387,1990,"NZ","",199070,3,8,310,4,45,74,0,0.4865,,0.7793,,32.7432,0.1379,0.0541,,
5269237,1993,12401,1992,"NZ","",357355,3,5,111,6,61,8,2,0.25,0,0,2.5,57.5,0,0,0,0
5269531,1993,12401,1991,"NZ","",697327,3,1,273,6,62,5,1,0.6,0,0,6,31.4,0,0,0,0
5271116,1993,12408,1993,"NZ","",199070,3,27,8,1,11,12,4,0.9167,0.375,0.562,2.75,11.3333,0,0,0.5,0.5
5274863,1994,12422,1992,"NZ","",,1,4,5,6,65,8,1,0.375,0,0.4444,5,53.125,,,,
5275828,1994,12422,1992,"NZ","",,1,10,424,3,31,4,1,1,0,0.5,3,8.5,,,,
5276014,1994,12422,1991,"NZ","",299735,3,9,514,3,31,2,0,1,,0.5,,4.5,0,0,,
5281620,1994,12443,1992,"NZ","",692753,3,6,514,3,31,0,1,,0,,4,,,,0,0
5282835,1994,12450,1992,"NZ","",,1,16,606,3,32,10,5,0.5,0.64,0.56,2.6,34.1,,,,
5288322,1994,12471,1992,"NZ","",699121,3,15,118,1,12,2,3,0.5,0.6667,0,3.3333,32.5,0,0,0,0
5289066,1994,12471,1991,"NZ","",732530,3,12,310,4,45,14,5,1,0.32,0.3673,4.6,8.6429,0,0,0,0
5290766,1994,12478,1992,"NZ","",699328,3,3,514,3,31,8,3,1,0.4444,0.5938,2.3333,7.125,0,0,0,0
5291726,1994,12485,1992,"NZ","",,1,9,56,6,61,0,2,,0,,4.5,,,,,
5292226,1994,12485,1992,"NZ","",699488,3,12,415,5,53,12,0,0.5833,,0.6939,,29.8333,0,0,,
5293308,1994,12485,1992,"NZ","",683852,3,44,363,4,45,2,15,1,0.7733,0,2.9333,14,0,0,0.2308,0.2
5298275,1994,12506,1991,"NZ","",,1,23,426,6,61,8,2,1,0,0,3.5,6.25,,,,
5303470,1994,12527,1992,"NZ","",,1,1,30,6,65,2,3,1,0.4444,0.5,3.3333,8,,,,
5315782,1994,12569,1992,"NZ","",,1,8,47,6,61,13,1,0.6923,0,0.3704,4,26.9231,,,,
5316155,1994,12569,1992,"NZ","",,1,9,211,6,65,5,3,0.8,0.4444,0,4,16.4,,,,
5318178,1994,12576,1992,"NZ","",691293,3,16,206,6,68,11,1,1,0,0.4959,2,21.0909,0,0,0,0
5322720,1994,12590,1993,"NZ","",633980,2,12,428,6,69,8,2,1,0,0.4063,1,8.5,0.5,0.5,0.5,0.5
5328562,1994,12611,1990,"NZ","",714942,3,20,162,1,19,5,0,0.6,,0.4444,,25.4,0,0,,
5331004,1994,12618,1992,"NZ","",703128,3,6,514,3,31,0,1,,0,,1,,,,0,0
5337546,1994,12646,1992,"NZ","",,1,9,56,6,61,3,0,1,,0,,15,,,,
5337914,1994,12646,1992,"NZ","",480850,2,5,220,6,68,12,3,0.4167,0.6667,0.48,3,36.4167,0,0,0,0
5338007,1994,12646,1993,"NZ","",,1,13,256,6,65,17,1,0.1176,0,0,4,72.6471,,,,
5340794,1994,12653,1992,"NZ","",249030,3,25,505,4,46,4,2,1,0.5,0,2,3,0,0,0,0
5341452,1994,12653,1991,"NZ","",199070,3,13,388,4,45,7,6,1,0.6111,0.2449,4,7.4286,0.1429,0.1429,0.3333,0.3333
5348740,1994,12681,1992,"NZ","",704854,3,15,424,3,31,1,1,1,0,0,2,1,0,0,1,1
5348977,1994,12681,1994,"NZ","",618615,2,11,514,3,31,1,0,1,,0,,14,0,0,,
5351298,1994,12688,1992,"NZ","",,1,10,380,2,22,5,1,1,0,0.32,5,5.2,,,,
5351641,1994,12695,1993,"NZ","",,1,22,114,5,55,4,4,0.5,0.375,0.5,3.25,37.75,,,,
5353613,1994,12702,1993,"NZ","",199070,3,13,68,6,63,8,2,0.625,0,0.32,2.5,25.875,0.5,0.125,0,0
5357765,1994,12716,1993,"NZ","",199070,3,13,62,6,69,11,5,0.9091,0,0,3.6,19.6364,0,0,0,0
5359168,1994,12716,1993,"NZ","",,1,18,200,4,41,3,2,1,0.5,0.6667,1.5,13.6667,,,,
5361712,1994,12730,1992,"NZ","",,5,11,111,6,61,6,1,0.5,0,0.6667,3,31.1667,,,,
5361950,1994,12730,1993,"NZ","",,1,35,224,6,68,15,7,0.8667,0.5714,0.5562,3.1429,11.6667,,,,
5361976,1994,12730,1993,"NZ","",691293,3,14,229,6,68,21,3,0.9524,0.4444,0.76,2.6667,12.4762,0,0,0,0
5363835,1994,12737,1992,"NZ","",706331,3,6,125,5,51,9,1,0.8889,0,0,6,14.5556,0,0,0,0
5366728,1994,12744,1992,"NZ","",690240,3,27,424,3,31,1,2,1,0.5,0,2.5,1,1,1,0,0
5367604,1994,12744,1993,"NZ","",199070,3,53,392,4,41,4,2,1,0.5,0.625,3.5,9.75,0.25,0.25,0,0
5378075,1995,12786,1993,"NZ","",707702,3,8,403,6,67,6,0,1,,0.7222,,12.6667,0,0,,
5383652,1995,12807,1993,"NZ","",708217,3,6,269,6,69,7,6,0.7143,0.7222,0.32,3.1667,23.1429,0,0,0,0
5392755,1995,12842,1993,"NZ","",709028,3,9,124,5,59,16,0,0.5625,,0.4938,,29.875,0,0,,
5395272,1995,12849,1993,"NZ","",,1,17,440,5,55,4,0,1,,0.375,,21.25,,,,
5396967,1995,12856,1994,"NZ","",,1,9,175,6,64,7,1,0.5714,0,0.5,3,24.8571,,,,
5397103,1995,12856,1993,"NZ","",,1,21,254,5,59,11,2,0.5455,0.5,0.2778,3,22.1818,,,,
5398298,1995,12856,1994,"NZ","",199070,3,14,388,4,45,7,3,1,0,0.449,1.6667,8.4286,0.1429,0.1429,0.3333,0.3333
5402985,1995,12877,1993,"NZ","",710063,3,6,254,5,59,7,1,0.7143,0,0,3,22.4286,0,0,0,0
5403086,1995,12877,1993,"NZ","",496235,3,19,366,1,19,18,1,0.5556,0,0.34,5,44.0556,0,0,0,0
5404596,1995,12884,1994,"NZ","",,1,6,4,6,65,4,1,1,0,0.375,1,14.5,,,,
5406742,1995,12891,1993,"NZ","",,1,3,43,6,61,4,1,0,0,,1,69,,,,
5409911,1995,12898,1992,"NZ","",367520,2,13,514,3,31,10,3,1,0.4444,0.64,5,11.8,0,0,0.5,0.3333
5410782,1995,12905,1994,"NZ","",710770,3,12,24,6,63,3,1,0.3333,0,0,4,39,0,0,0,0
5411052,1995,12905,1993,"NZ","",199070,3,24,137,6,69,10,2,1,0.5,0.74,4,11.4,0.1429,0.1,0,0
5411127,1995,12905,1994,"NZ","",688655,3,4,198,5,59,1,3,1,0,0,2,2,1,1,1,0.6667
5413112,1995,12912,1993,"NZ","",710991,3,19,600,3,32,4,2,0.5,0.5,0,2.5,28.25,0,0,0,0
5417437,1995,12926,1993,"NZ","",711391,3,5,273,6,62,8,5,0.625,0,0,3.2,34.875,0,0,0,0
5420111,1995,12933,1993,"NZ","",683852,3,9,514,3,31,0,3,,0,,3.3333,,,,0.3333,0.3333
5420885,1995,12933,1992,"NZ","",213620,3,8,375,2,21,6,0,0.8333,,0.72,,19.1667,0.25,0.1667,,
5434134,1995,12982,1993,"NZ","",437980,3,13,514,3,31,0,3,,0,,3.3333,,,,0,0
5435064,1995,12989,1994,"NZ","",713076,3,12,30,6,65,13,0,0.6154,,0.375,,33.1538,0,0,,
5439090,1995,13003,1994,"NZ","",688655,3,3,198,5,59,4,3,0.25,0,0,2,32.25,1,0.25,1,0.6667
5440318,1995,13003,1993,"NZ","",,1,16,343,2,21,10,5,0.8,0.32,0,3,21.1,,,,
5441140,1995,13010,1994,"NZ","",688655,3,5,198,5,59,2,2,1,0,0,2,1.5,0.5,0.5,1,1
5443764,1995,13017,1994,"NZ","",264865,3,17,264,5,51,10,0,1,,0.8,,17.7,0,0,,
5443878,1995,13017,1994,"NZ","",713934,3,7,428,6,69,0,0,,,,,,,,,
5445143,1995,13024,1993,"NZ","",199070,3,10,128,3,32,8,0,0.75,,0.6667,,17.375,0.25,0.125,,
5448841,1995,13038,1993,"NZ","",,1,2,40,6,69,8,0,0.375,,0,,52.375,,,,
5449135,1995,13038,1994,"NZ","",,1,20,244,5,55,9,0,0.7778,,0.2449,,32.7778,,,,
5450305,1995,13038,1992,"NZ","",683852,3,9,363,4,45,9,7,1,0.7755,0.6667,4,11.7778,0.1111,0.1111,0.2857,0.2857
5450654,1995,13045,1993,"NZ","",279535,3,9,16,5,59,5,0,1,,0.32,,6.4,0,0,,
5452725,1995,13052,1993,"NZ","",199070,3,12,600,3,32,1,1,1,0,0,3,10,0,0,0,0
5454911,1995,13059,1993,"NZ","",714942,3,10,162,1,19,5,0,0.6,,0.4444,,26.4,0,0,,
5457444,1995,13066,1992,"NZ","",698102,3,9,335,4,41,2,2,1,0.5,0,5.5,8,0,0,0,0
5457635,1995,13066,1994,"NZ","",715149,3,10,700,2,22,17,1,1,0,0.7612,2,13.5294,0,0,0,0
5458844,1995,13073,1993,"NZ","",715286,2,21,264,5,51,16,5,0.8125,0.48,0.6036,3.6,17.375,0,0,0,0
5462554,1995,13087,1994,"NZ","",,1,6,606,3,32,4,3,1,0,0,3.3333,10,,,,
5465865,1995,13101,1994,"NZ","",,1,7,220,6,68,8,3,1,0.4444,0.5313,1.6667,10.125,,,,
5468961,1995,13108,1994,"NZ","",199070,3,7,250,4,44,7,3,1,0,0.5714,2.6667,12.2857,0,0,0,0
5470142,1995,13115,1992,"NZ","",199070,3,2,312,6,65,6,1,0.6667,0,0.75,5,29,0,0,0,0
5476574,1995,13136,1994,"NZ","",112290,3,28,205,1,19,7,2,1,0,0.4898,3,15.7143,0,0,0,0
5477895,1995,13143,1994,"NZ","",91040,3,20,141,5,51,1,1,1,0,0,0,11,0,0,0,0
5478480,1995,13143,1993,"NZ","",717083,3,12,210,1,19,4,0,1,,0,,13.25,0,0,,
5479023,1995,13143,1994,"NZ","",717121,3,23,250,4,44,6,8,1,0.6563,0.6111,2.375,7.8333,0,0,0,0
5482926,1996,13157,1994,"NZ","",437980,3,22,514,3,31,0,2,,0,,2,,,,0,0
5491873,1996,13199,1994,"NZ","",718263,3,13,16,5,59,4,0,0.5,,0,,39.75,0,0,,
5495750,1996,13213,1991,"NZ","",,1,13,73,4,43,8,1,0.875,0,0.4082,5,21.125,,,,
5495904,1996,13213,1994,"NZ","",199070,3,17,180,5,55,12,1,0.9167,0,0.1653,2,12,0,0,0,0
5496235,1996,13213,1995,"NZ","",,1,3,482,5,59,6,24,1,0.0799,0,1.4167,4.6667,,,,
5497537,1996,13220,1994,"NZ","",,1,7,24,6,63,10,6,0.8,0.5,0.6875,2.8333,26.8,,,,
5500241,1996,13227,1994,"NZ","",,1,13,426,6,61,8,0,1,,0,,6.25,,,,
5501395,1996,13234,1994,"NZ","",719106,3,19,229,6,68,17,1,0.8824,0,0.32,3,15.4118,0,0,0,0
5505980,1996,13248,1994,"NZ","",719553,3,10,426,6,61,5,0,1,,0.48,,11.6,0,0,,
5508871,1996,13255,1994,"NZ","",,1,1,360,2,24,6,1,1,0,0.5,1,22.6667,,,,
5509177,1996,13262,1993,"NZ","",279535,3,14,16,5,59,4,0,1,,0.375,,10.5,0.5,0.5,,
5511514,1996,13269,1994,"NZ","",,1,12,119,6,61,1,0,1,,0,,22,,,,
5511802,1996,13269,1994,"NZ","",,5,5,280,5,55,7,1,0.8571,0,0.2778,2,12.1429,,,,
5514919,1996,13276,1992,"NZ","",213620,3,18,307,4,49,9,2,0.7778,0.5,0.2449,5,27,0.25,0.1111,0,0
5515802,1996,13283,1994,"NZ","",,1,8,114,5,55,2,0,0.5,,0,,30,,,,
5515942,1996,13283,1994,"NZ","",720462,3,8,182,6,65,19,0,0.7368,,0.5612,,26.1579,0,0,,
5517165,1996,13283,1994,"NZ","",698102,3,18,335,4,41,5,4,1,0.75,0.48,3,10.6,0,0,0,0
5519965,1996,13297,1994,"NZ","",,1,11,47,6,61,8,0,0.75,,0.2778,,27.625,,,,
5523230,1996,13304,1994,"NZ","",721117,3,8,435,3,33,2,0,1,,0,,5.5,0,0,,
5523644,1996,13304,1994,"NZ","",,1,28,310,4,45,19,2,0.6842,0.5,0.8047,2.5,32.1053,,,,
5524371,1996,13311,1994,"NZ","",,1,8,40,6,69,7,0,0.7143,,0,,35.1429,,,,
5528113,1996,13318,1994,"NZ","",,1,16,318,4,45,4,4,1,0.625,0.625,2.75,7,,,,
5528563,1996,13318,1994,"NZ","",,5,17,368,6,69,4,2,1,0.5,0.625,2.5,18.25,,,,
5529060,1996,13325,1994,"NZ","",199070,3,8,128,3,32,3,1,1,0,0.6667,3,9.3333,0,0,0,0
5531179,1996,13332,1995,"NZ","",,1,12,440,5,55,1,1,1,0,0,1,6,,,,
5534493,1996,13339,1994,"NZ","",437980,3,7,514,3,31,0,1,,0,,2,,,,0,0
5534763,1996,13339,1991,"NZ","",199070,3,20,318,4,45,17,6,1,0.7222,0.2076,5.3333,11.3529,0.0667,0.0588,0,0
5537996,1996,13353,1994,"NZ","",199070,3,8,128,3,32,3,1,1,0,0,1,12.3333,0,0,0,0
5543196,1996,13367,1994,"NZ","",,1,4,428,6,69,5,1,0.6,0,0.6667,1,37.4,,,,
5543432,1996,13367,1994,"NZ","",,1,9,514,3,31,0,0,,,,,,,,,
5545422,1996,13374,1995,"NZ","",723062,3,12,426,6,61,10,1,0.9,0,0.4938,2,20.1,0,0,0,0
5553567,1996,13402,1994,"NZ","",91040,3,16,119,6,61,5,0,1,,0.64,,5.6,0,0,,
5554345,1996,13402,1995,"NZ","",723823,3,20,422,1,19,8,1,0.5,0,0.625,2,39.125,0,0,0,0
5554648,1996,13402,1994,"NZ","",618615,2,8,514,3,31,2,0,0.5,,0,,29.5,0,0,,
5556335,1996,13409,1994,"NZ","",710770,3,8,454,5,59,2,0,1,,0,,6.5,0,0,,
5558084,1996,13416,1992,"NZ","",199070,3,7,128,3,32,18,2,0.8889,0,0.7266,3.5,17,0.0909,0.0556,0,0
5558250,1996,13416,1994,"NZ","",,1,11,222,1,19,12,0,0.5833,,0,,27.8333,,,,
5561972,1996,13430,1994,"NZ","",,1,34,56,6,61,10,1,0.8,0,0,3,23.3,,,,
5562063,1996,13430,1995,"NZ","",,1,7,114,5,55,4,0,0.75,,0,,29.25,,,,
5565010,1996,13437,1993,"NZ","",,1,4,51,5,59,7,0,0.8571,,0.6111,,21.4286,,,,
5565355,1996,13437,1994,"NZ","",721117,3,34,435,3,33,1,0,1,,0,,5,0,0,,
5566944,1996,13444,1995,"NZ","",,1,5,273,6,62,8,1,0.875,0,0,2,25.75,,,,
