4804083,1989,10637,1987,"NZ","",,1,3,206,6,68,10,5,1,0.72,0.6,6.4,16.9,,,,
4805356,1989,10644,1988,"NZ","",,1,10,52,6,69,4,2,0.75,0,0.4444,3,25.75,,,,
4813097,1989,10672,1987,"NZ","",,1,6,15,6,69,8,1,0.375,0,0.4444,10,55.875,,,,
4813109,1989,10672,1987,"NZ","",266985,2,5,24,6,63,10,1,0.5,0,0.48,4,28.2,0,0,0,0
4813248,1989,10672,1988,"NZ","",199070,3,29,68,6,63,4,9,0.5,0.4938,0.5,5.7778,37.25,0,0,0.2222,0.2222
4813394,1989,10672,1987,"NZ","",,1,11,123,5,53,10,14,0.5,0,0.32,6.3571,19.3,,,,
4814583,1989,10672,1987,"NZ","",488955,3,11,219,4,49,9,7,0.7778,0.4082,0.449,5.5714,19.3333,0,0,0,0
4817245,1989,10686,1986,"NZ","",,1,27,452,6,61,5,4,0.2,0,0,7,54.6,,,,
4817479,1989,10686,1988,"NZ","",,1,21,83,5,51,5,0,1,,0.72,,11.8,,,,
4819639,1989,10693,1987,"NZ","",558280,3,5,606,3,32,6,3,0.8333,0,0,9.6667,18.5,0,0,0,0
4821683,1989,10700,1987,"NZ","",,1,23,123,5,53,14,4,0.7143,0.375,0.48,4.5,19.9286,,,,
4823410,1989,10707,1986,"NZ","",,1,9,4,6,65,5,0,0.8,,0,,16,,,,
4826222,1989,10714,1987,"NZ","",279535,3,5,292,6,69,10,3,0.5,0,0.48,8.3333,38.5,0,0,0,0
4827393,1989,10714,1987,"NZ","",106440,3,4,363,4,45,9,6,1,0,0,6.6667,8.1111,0,0,0,0
4827962,1989,10721,1988,"NZ","",,1,12,137,6,69,8,1,0.125,0,0,5,57.875,,,,
4830968,1989,10728,1986,"NZ","",,1,5,435,3,33,0,1,,0,,1,,,,,
4832133,1989,10735,1986,"NZ","",538575,2,12,173,5,51,1,2,1,0.5,0,5,4,0,0,0,0
4835989,1989,10749,1988,"NZ","",,1,12,66,6,63,0,1,,0,,5,,,,,
4839183,1989,10756,1987,"NZ","",,1,13,426,6,61,11,2,0.7273,0,0,9,21.2727,,,,
4840313,1989,10763,1987,"NZ","",240365,3,6,239,5,59,5,3,0.6,0.6667,0,6.6667,45.2,0,0,0,0
4841207,1989,10763,1987,"NZ","",199070,3,31,388,4,45,10,16,1,0.7813,0.56,5.8125,8.4,0,0,0.0625,0.0625
4841441,1989,10763,1985,"NZ","",6170,3,26,706,2,22,1,27,1,0.8752,0,8.1481,2,0,0,0,0
4844012,1989,10777,1988,"NZ","",399520,3,14,119,6,61,8,4,0.375,0,0,2.5,52.875,0,0,0,0
4844646,1989,10777,1987,"NZ","",,1,21,403,6,67,3,1,0.3333,0,0,8,61,,,,
4850170,1989,10798,1988,"NZ","",,1,8,52,6,69,11,1,0.6364,0,0,3,33.1818,,,,
4852289,1989,10805,1987,"NZ","",,1,1,43,6,61,7,0,0.8571,,0,,12.5714,,,,
4853571,1989,10805,1988,"NZ","",199070,3,1,310,4,45,11,2,0.6364,0.5,0.6122,4,26.5455,0,0,0.5,0.5
4853678,1989,10805,1988,"NZ","",,1,3,340,2,21,9,16,1,0.5781,0.7901,4.75,8,,,,
4854018,1989,10812,1987,"NZ","",,1,6,27,6,69,2,1,0,0,,6,86,,,,
4855313,1989,10812,1988,"NZ","",,1,19,514,3,31,0,1,,0,,1,,,,,
4857814,1989,10819,1986,"NZ","",199070,3,34,318,4,45,5,21,1,0.4626,0.32,6.5714,4.4,0,0,0.25,0.2381
4858351,1989,10826,1986,"NZ","",,1,9,40,6,69,5,2,0.4,0.5,0.5,10,30.4,,,,
4859868,1989,10826,1988,"NZ","",213620,3,6,307,4,49,9,8,0.8889,0.7188,0.5625,6.25,13.8889,0,0,0.375,0.375
4861645,1989,10833,1988,"NZ","",297730,3,12,428,6,69,1,1,1,0,0,9,3,0,0,0,0
4862505,1989,10833,1987,"NZ","",,1,3,381,4,49,1,2,1,0.5,0,3.5,7,,,,
4863588,1989,10840,1987,"NZ","",,1,7,209,5,51,11,5,0.1818,0.32,0,8.4,67.1818,,,,
4864750,1989,10847,1988,"NZ","",19240,3,6,40,6,69,8,1,0.875,0,0.2449,8,23,0,0,0,0
4866952,1989,10854,1986,"NZ","",,1,4,63,6,69,9,6,0.3333,0.7222,0.4444,7.3333,51,,,,
4867078,1989,10854,1987,"NZ","",,5,15,110,6,66,3,0,1,,0.4444,,7.3333,,,,
4867994,1989,10854,1987,"NZ","",,1,20,426,6,61,14,2,1,0.5,0.4082,3,10.7857,,,,
4868204,1989,10854,1988,"NZ","",241040,2,22,514,3,31,0,1,,0,,4,,,,1,1
4871284,1989,10868,1987,"NZ","",193925,3,2,406,5,59,4,0,1,,0.375,,15,0,0,,
4872150,1989,10868,1987,"NZ","",,1,2,368,6,69,7,0,1,,0.449,,13.1429,,,,
4874767,1989,10882,1989,"NZ","",241040,2,4,514,3,31,1,1,1,0,0,2,1,1,1,0,0
4878302,1989,10903,1987,"NZ","",287685,3,7,40,6,69,8,1,0.625,0,0.32,6,36.5,0,0,0,0
4878309,1989,10903,1988,"NZ","",,1,7,43,6,61,16,2,0.5,0.5,0.2188,7,32.875,,,,
4878664,1989,10903,1984,"NZ","",144880,3,2,473,6,62,6,2,1,0,0.4444,5.5,8.8333,0.3333,0.1667,0,0
4881022,1989,10910,1988,"NZ","",599365,3,16,318,4,45,2,0,1,,0,,13.5,0,0,,
4883728,1989,10924,1988,"NZ","",,1,20,429,4,45,10,17,1,0.6298,0.18,4.6471,11.6,,,,
4884637,1989,10931,1987,"NZ","",,1,11,172,6,64,7,1,0.8571,0,0,11,14.2857,,,,
4886655,1989,10938,1986,"NZ","",599825,3,13,435,3,33,1,0,1,,0,,3,0,0,,
4887463,1989,10945,1987,"NZ","",,1,32,73,4,43,2,2,1,0,0,8.5,14.5,,,,
4888911,1989,10952,1988,"NZ","",,1,2,43,6,61,9,0,0.1111,,0,,47.1111,,,,
4889390,1989,10952,1987,"NZ","",86345,3,10,298,5,55,2,1,0.5,0,0,7,21,0,0,0,0
4893788,1990,10973,1988,"NZ","",562685,3,6,256,6,65,6,2,0.5,0.5,0.4444,6,44.6667,0,0,0,0
4896691,1990,10987,1988,"NZ","",232105,3,2,137,6,69,2,4,0,0.5,,4,55.5,0,0,0,0
4897345,1990,10987,1987,"NZ","",344110,2,9,435,3,33,1,1,1,0,0,7,5,0,0,0,0
4904331,1990,11015,1987,"NZ","",220875,3,31,156,1,19,13,0,0.5385,,0.6939,,26,0,0,,
4904659,1990,11015,1988,"NZ","",144880,3,5,514,3,31,3,2,1,0.5,0.6667,5.5,8.3333,0,0,0,0
4905634,1990,11022,1989,"NZ","",,1,21,123,5,53,14,5,0.8571,0.56,0.4861,4.6,12.7143,,,,
4907404,1990,11029,1988,"NZ","",,1,8,56,6,61,10,1,0.5,0,0,3,26.2,,,,
4908067,1990,11029,1988,"NZ","",,5,4,127,1,11,11,2,0.7273,0.5,0,3,18.8182,,,,
4909093,1990,11036,1988,"NZ","",35920,3,17,476,5,53,15,2,0.8,0.5,0.6667,2,17.5333,0,0,0,0
4909941,1990,11036,1988,"NZ","",,1,4,210,1,19,20,1,1,0,0.695,10,6.55,,,,
4911417,1990,11043,1989,"NZ","",,1,6,267,5,59,6,5,0.6667,0.56,0.5,5.6,27,,,,
4911764,1990,11043,1988,"NZ","",,1,9,148,5,52,2,3,1,0,0.5,7.6667,18,,,,
4913140,1990,11050,1988,"NZ","",199070,3,11,128,3,32,22,5,0.7727,0.32,0.5813,3.6,22.4091,0.1667,0.0455,0.6667,0.4
4917343,1990,11064,1987,"NZ","",466660,3,4,248,6,69,9,15,0.2222,0.7733,0.5,5.9333,56.1111,0,0,0,0
4917370,1990,11064,1987,"NZ","",626640,2,9,271,5,51,9,1,0.6667,0,0.2778,7,22.7778,0,0,0,0
4921173,1990,11078,1989,"NZ","",,1,9,241,5,51,8,6,0.75,0.2778,0.2778,3.5,23.375,,,,
4921702,1990,11078,1988,"NZ","",237720,3,17,424,3,31,2,3,0.5,0,0,4.6667,28.5,0,0,0,0
4922651,1990,11085,1987,"NZ","",145465,3,3,47,6,61,7,1,0.7143,0,0.48,8,18.1429,0,0,0,0
4923368,1990,11085,1989,"NZ","",355270,3,16,415,5,53,13,1,0.5385,0,0.6939,9,38,0,0,0,0
4924125,1990,11085,1989,"NZ","",106440,3,6,310,4,45,30,10,0.8667,0.7,0.4438,4.2,14.9667,0,0,0,0
4924551,1990,11092,1989,"NZ","",166130,3,25,452,6,61,4,7,1,0,0,2.8571,17.25,0,0,0,0
4924794,1990,11092,1988,"NZ","",,1,9,114,5,55,4,2,1,0,0,2.5,5.25,,,,
4924820,1990,11092,1989,"NZ","",687408,3,11,123,5,53,6,3,1,0.6667,0.4444,4.3333,5,0,0,0,0
4925136,1990,11092,1988,"NZ","",,4,7,248,6,69,8,4,0.625,0,0.72,7.25,29.5,,,,
4925435,1990,11092,1989,"NZ","",,1,8,474,5,53,3,0,0.6667,,0.5,,16.6667,,,,
4926614,1990,11099,1989,"NZ","",477845,2,6,53,6,68,8,2,1,0,0,4,9.75,0,0,0,0
4926933,1990,11099,1987,"NZ","",,1,1,165,6,66,5,2,0.8,0,0.375,10,23.4,,,,
4928201,1990,11099,1988,"NZ","",,1,4,361,4,45,6,1,0.5,0,0.6667,7,21,,,,
4930870,1990,11113,1988,"NZ","",287685,3,20,359,5,54,13,1,0.6154,0,0.2188,3,27.7692,0,0,0,0
4932670,1990,11120,1989,"NZ","",,1,6,473,6,62,3,1,0.3333,0,0,4,38.3333,,,,
4932905,1990,11120,1989,"NZ","",400390,3,12,439,4,41,3,2,0.6667,0,0,4,23,0,0,0,0
4932953,1990,11120,1988,"NZ","",19245,3,9,606,3,32,1,1,1,0,0,3,2,0,0,1,1
4934329,1990,11127,1989,"NZ","",687408,3,27,123,5,53,11,11,0.9091,0.314,0.54,2.9091,14.7273,0.1111,0.0909,0.1818,0.1818
4935993,1990,11134,1988,"NZ","",,1,8,24,6,63,11,2,0.4545,0.5,0.56,5,33.7273,,,,
4936075,1990,11134,1985,"NZ","",413005,3,2,53,6,68,4,0,1,,0,,19.75,0,0,,
4940035,1990,11148,1988,"NZ","",249030,7,13,123,5,53,5,2,0.6,0,0.4444,4,25.4,0,0,0,0
4943436,1990,11162,1989,"NZ","",,1,6,426,6,61,3,2,1,0,0.4444,5,4.6667,,,,
4947793,1990,11183,1988,"NZ","",,1,9,119,6,61,4,0,1,,0.5,,9.75,,,,
4948307,1990,11183,1989,"NZ","",,1,17,409,5,51,5,3,0.2,0,0,2,45.8,,,,
4949557,1990,11190,1989,"NZ","",199070,3,10,68,6,63,6,0,0.3333,,0,,31,0,0,,
4953162,1990,11197,1987,"NZ","",,1,27,370,2,21,2,14,1,0.7449,0,5.7143,7,,,,
4953313,1990,11204,1988,"NZ","",19245,3,12,40,6,69,2,1,1,0,0,5,3.5,0,0,0,0
4953788,1990,11204,1988,"NZ","",240365,3,7,239,5,59,7,1,0.5714,0,0,8,26.1429,0,0,0,0
4962615,1990,11246,1987,"NZ","",66595,3,7,49,5,59,10,1,0.5,0,0.56,9,35.6,0,0,0,0
4966198,1990,11260,1989,"NZ","",,1,7,137,6,69,2,1,0.5,0,0,4,44.5,,,,
4966733,1990,11260,1986,"NZ","",362920,3,4,554,1,14,1,5,1,0.32,0,9.8,20,0,0,0,0
4971282,1990,11281,1989,"NZ","",,1,10,248,6,69,6,7,0.5,0,0.6667,6.1429,35.1667,,,,
4972550,1990,11288,1989,"NZ","",633070,3,11,19,1,11,5,1,0,0,,1,65.8,0,0,0,0
4974467,1990,11295,1989,"NZ","",360035,3,4,74,5,59,11,0,0.5455,,0.6667,,44.5455,0,0,,
4974814,1990,11295,1989,"NZ","",360035,3,15,254,5,59,9,3,0.5556,0,0.64,4,46,0,0,0,0
4978058,1990,11309,1989,"NZ","",199070,3,11,236,6,69,5,6,1,0.7778,0.32,5.1667,11.8,0,0,0.1667,0.1667
4984719,1991,11337,1989,"NZ","",266985,2,10,222,1,19,10,1,0.8,0,0.6875,5,27.6,0,0,0,0
4987745,1991,11351,1989,"NZ","",584365,2,17,62,6,69,7,9,1,0.716,0,4.8889,3.7143,0,0,0.1111,0.1111
4989427,1991,11358,1988,"NZ","",249030,7,21,69,6,63,6,0,0,,,,70.3333,0,0,,
4992097,1991,11365,1989,"NZ","",249035,7,17,75,5,52,3,4,1,0,0.4444,5.25,3.3333,0,0,0,0
4994243,1991,11372,1988,"NZ","",132185,2,27,423,1,19,18,4,0.6667,0.375,0.5,3,35.6667,0,0,0.3333,0.25
4997315,1991,11386,1989,"NZ","",178935,3,19,405,6,64,6,2,0.6667,0,0.375,4,26.5,0,0,0,0
4998681,1991,11393,1989,"NZ","",,1,5,242,5,51,5,3,0.8,0,0,6,17.6,,,,
5001864,1991,11407,1989,"NZ","",,1,15,49,5,59,11,4,0.3636,0,0.375,4.75,40.3636,,,,
5001972,1991,11407,1990,"NZ","",17875,3,9,99,6,61,5,4,0.8,0,0,4,17,0.25,0.2,0,0
5005877,1991,11421,1989,"NZ","",429360,2,9,285,6,67,32,12,0.7188,0.4167,0.5671,5,24.125,0.7895,0.4688,0,0
5008612,1991,11428,1989,"NZ","",596000,3,8,324,4,43,5,7,1,0.2449,0.56,4.4286,7.8,0,0,0,0
5013048,1991,11449,1990,"NZ","",,1,5,273,6,62,6,4,0.8333,0,0,4.75,21.3333,,,,
5013568,1991,11449,1990,"NZ","",337005,2,6,426,6,61,0,0,,,,,,,,,
5014081,1991,11449,1988,"NZ","",,1,17,396,5,54,2,0,1,,0.5,,5,,,,
5015118,1991,11456,1989,"NZ","",,1,23,403,6,67,4,2,0.75,0.5,0,4,27.25,,,,
5017855,1991,11463,1988,"NZ","",217315,3,6,318,4,45,10,6,1,0,0.62,5.5,11.6,0,0,0,0
5018323,1991,11470,1990,"NZ","",,5,6,52,6,69,5,5,1,0.64,0.32,6,16.6,,,,
5023809,1991,11484,1990,"NZ","",451250,2,7,700,2,22,6,4,1,0.625,0.7778,3.75,5.8333,0,0,0,0
5024845,1991,11491,1987,"NZ","",357355,3,9,426,6,61,3,2,1,0,0.4444,7.5,4.6667,0,0,0,0
5024846,1991,11491,1990,"NZ","",,5,7,426,6,61,3,8,1,0.5938,0.4444,3.125,5.3333,,,,
5024861,1991,11491,1988,"NZ","",249030,7,19,427,1,12,10,3,0.7,0.4444,0.6122,6.3333,26.6,0,0,0,0
5026565,1991,11498,1989,"NZ","",,5,29,426,6,61,9,15,0.8889,0.5867,0.5,5,10.5556,,,,
5027206,1991,11498,1989,"NZ","",601715,2,3,348,4,49,3,10,1,0.18,0,3.5,2,0.6667,0.6667,0.5556,0.5
5028230,1991,11505,1990,"NZ","",199070,3,15,425,5,51,5,0,1,,0.32,,11.4,0,0,,
5029674,1991,11512,1989,"NZ","",,1,17,188,5,53,7,1,1,0,0.4082,5,4,,,,
5035099,1991,11533,1989,"NZ","",,1,2,52,6,69,10,1,0.5,0,0,4,37.9,,,,
5036166,1991,11533,1989,"NZ","",213620,3,19,174,4,41,14,7,0.7143,0.6939,0.54,5.5714,20.4286,0,0,0,0
5039541,1991,11547,1988,"NZ","",399515,3,14,426,6,61,5,3,0.6,0,0.4444,5,31.2,0,0,0,0
5040285,1991,11554,1989,"NZ","",199070,3,8,29,5,52,9,2,0.7778,0.5,0.4898,4.5,14.8889,0,0,0.5,0.5
5045415,1991,11568,1990,"NZ","",,1,6,429,4,45,22,3,0.7727,0.4444,0.3045,5.6667,21.2273,,,,
5047518,1991,11575,1990,"NZ","",249030,7,22,504,1,11,11,1,1,0,0.6446,7,14,0,0,0,0
5052341,1991,11596,1989,"NZ","",148685,7,19,119,6,61,7,7,0.7143,0.2449,0.56,6.1429,24.8571,0,0,0,0
5054853,1991,11603,1989,"NZ","",,5,5,297,6,65,8,4,0.625,0,0,6.25,23.25,,,,
5055188,1991,11603,1989,"NZ","",138630,3,6,210,1,19,3,7,0.6667,0.4898,0.5,4.4286,16,0,0,0,0
5056666,1991,11610,1990,"NZ","",290085,3,8,206,6,68,1,5,1,0.56,0,3.8,2,0,0,0,0
5060945,1991,11624,1990,"NZ","",,1,16,273,6,62,4,1,0.5,0,0,5,41.5,,,,
5062145,1991,11624,1989,"NZ","",199070,3,40,392,4,41,10,3,0.9,0.4444,0.716,4,11.8,0.2,0.1,1,0.3333
5062829,1991,11631,1990,"NZ","",91040,3,16,604,3,32,4,38,1,0.7645,0.625,4.5526,7.5,0,0,0,0
5067333,1991,11652,1990,"NZ","",199070,3,8,68,6,63,9,2,1,0.5,0.716,8,9.8889,0,0,0,0
5074045,1991,11680,1990,"NZ","",428485,3,16,30,6,65,4,4,0.75,0.625,0.6667,5.25,22.75,0,0,0,0
5074816,1991,11680,1990,"NZ","",,1,13,441,6,69,3,1,1,0,0.4444,5,13,,,,
5078903,1992,11694,1989,"NZ","",120845,3,9,210,1,19,6,2,1,0,0.2778,4,12.1667,0.3333,0.1667,0,0
5082389,1992,11708,1988,"NZ","",,1,17,403,6,67,12,17,1,0.5882,0.2778,6.1765,9.0833,,,,
5082928,1992,11708,1989,"NZ","",,1,11,530,1,15,2,4,1,0.625,0.5,4.5,6.5,,,,
5084226,1992,11715,1990,"NZ","",560956,2,5,264,5,51,6,6,0.6667,0.6111,0.375,5.6667,24,0,0,0,0
5089283,1992,11736,1990,"NZ","",249036,7,11,426,6,61,12,1,0.4167,0,0,4,55.5,0,0,0,0
5090754,1992,11743,1991,"NZ","",279535,3,14,292,6,69,11,0,1,,0.6777,,9.3636,0,0,,
5094341,1992,11757,1990,"NZ","",361611,3,18,198,5,59,10,2,0.7,0,0.6122,4.5,23.2,0,0,0,0
5096666,1992,11764,1989,"NZ","",,1,20,420,5,52,7,1,1,0,0.5714,5,6.2857,,,,
5097559,1992,11771,1990,"NZ","",591266,3,11,15,6,69,2,5,1,0,0,4.6,6.5,0,0,0,0
5097803,1992,11771,1990,"NZ","",249030,7,29,123,5,53,4,3,1,0,0.375,6,7.75,0,0,0,0
5098824,1992,11771,1989,"NZ","",249030,7,23,435,3,33,0,1,,0,,6,,,,0,0
5099559,1992,11778,1989,"NZ","",361611,3,17,492,5,59,6,0,0.5,,0.6667,,24,0,0,,
5101432,1992,11778,1990,"NZ","",88786,3,37,380,2,22,27,0,0.9259,,0.5216,,12.4815,0,0,,
5101806,1992,11785,1990,"NZ","",382086,3,15,126,6,66,19,6,0.7895,0.6111,0.48,3.8333,23.5789,0,0,0,0
5108292,1992,11806,1990,"NZ","",599825,3,4,434,6,69,7,1,1,0,0.2449,7,13.8571,0,0,0,0
5109761,1992,11813,1989,"NZ","",,1,13,99,6,61,10,2,0.7,0.5,0.4898,4,28.4,,,,
5111115,1992,11813,1991,"NZ","",682222,3,10,315,4,42,3,8,1,0,0,5.125,16.6667,0,0,0,0
5115522,1992,11834,1990,"NZ","",,1,15,5,6,65,6,0,0.6667,,0.375,,20.8333,,,,
5125470,1992,11869,1990,"NZ","",,5,12,180,5,55,6,2,1,0.5,0,5,19.8333,,,,
5126585,1992,11869,1990,"NZ","",683852,3,9,307,4,49,4,17,1,0.6713,0.5,5.2353,5,0,0,0,0
5127034,1992,11869,1990,"NZ","",,1,15,378,4,44,2,2,0.5,0,0,4.5,20.5,,,,
5127855,1992,11876,1990,"NZ","",,1,5,440,5,55,4,4,1,0,0.375,5,10,,,,
5129436,1992,11883,1990,"NZ","",684113,3,5,144,5,51,5,2,1,0.5,0.48,4.5,16.6,0,0,0,0
5129946,1992,11883,1991,"NZ","",684159,3,21,106,1,12,10,5,0.8,0.64,0.8438,3.8,20,0,0,0,0
5135267,1992,11904,1989,"NZ","",684673,3,12,285,6,67,14,3,0.8571,0.6667,0,4.6667,15.8571,0,0,0,0
5137185,1992,11911,1991,"NZ","",684867,3,4,222,1,19,9,3,1,0.4444,0.5185,5,5.4444,0,0,0,0
5138784,1992,11918,1991,"NZ","",,1,7,40,6,69,5,3,0.8,0.6667,0.625,2.3333,17,,,,
5140000,1992,11918,1990,"NZ","",249030,7,24,505,4,46,0,3,,0.4444,,1.6667,,,,0,0
5140170,1992,11918,1991,"NZ","",,1,6,290,4,45,1,0,1,,0,,12,,,,
5141458,1992,11925,1991,"NZ","",685308,3,7,441,6,69,5,2,1,0.5,0.32,4,17.8,0,0,0,0
5141514,1992,11925,1991,"NZ","",19245,3,10,606,3,32,6,3,0.3333,0.4444,0,5.6667,56,0,0,0,0
5143674,1992,11932,1989,"NZ","",685510,3,21,264,5,51,15,0,0.8667,,0.6509,,13.9333,0,0,,
5147672,1992,11946,1991,"NZ","",685897,3,13,426,6,61,9,2,0.7778,0.5,0.4898,4,17.4444,0,0,0,0
5148125,1992,11946,1991,"NZ","",685927,3,9,331,4,41,4,4,1,0.5,0.375,5.5,12.25,0,0,0,0
5150589,1992,11960,1991,"NZ","",199070,3,12,68,6,63,9,2,0.7778,0,0.6531,3,18.3333,0,0,0,0
5152125,1992,11967,1991,"NZ","",,1,13,53,6,68,5,3,1,0,0,3.6667,8,,,,
5153117,1992,11967,1990,"NZ","",219931,3,17,435,3,33,3,8,1,0.375,0.4444,4.125,3,0,0,0.1667,0.125
5156234,1992,11981,1991,"NZ","",360900,3,2,182,6,65,7,0,0.5714,,0,,36.8571,0,0,,
5165554,1992,12016,1990,"NZ","",,1,7,211,6,65,11,0,0.4545,,0.56,,44.0909,,,,
5168683,1992,12030,1990,"NZ","",,5,35,52,6,69,3,5,0.6667,0.64,0.5,5,22.3333,,,,
5169735,1992,12030,1990,"NZ","",,1,29,429,4,45,21,4,0.8095,0.5,0.3045,4,23.8571,,,,
5174232,1992,12051,1991,"NZ","",,1,17,114,5,55,1,3,1,0.4444,0,4.6667,7,,,,
5174438,1992,12051,1991,"NZ","",688482,3,26,198,5,59,9,3,0.6667,0,0.6667,3.3333,29.8889,0,0,0,0
5175484,1992,12051,1990,"NZ","",688578,3,38,320,4,45,34,2,0.7647,0,0.5473,4,23.2647,0,0,0,0
5176035,1993,12058,1991,"NZ","",688633,3,4,73,4,43,10,3,0.6,0,0.2778,4.3333,37.9,0,0,0,0
5176239,1993,12058,1991,"NZ","",688655,3,6,198,5,59,2,8,1,0,0.5,3.625,10,0,0,0.7143,0.625
5180112,1993,12072,1990,"NZ","",,1,8,239,5,59,2,1,1,0,0,7,21,,,,
