3619326,1971,4330,1968,"NZ","",,1,,156,1,19,,2,,0.5,,17.5,,,,,
3629988,1971,4379,1970,"NZ","",243000,3,,52,6,69,,4,,0,,13.5,,,,0,0
3631831,1972,4386,1968,"NZ","",96945,3,,114,5,55,,4,,0,,7.25,,,,0,0
3633843,1972,4393,1970,"NZ","",,1,,242,5,51,,2,,0.5,,22,,,,,
3638926,1972,4414,1968,"NZ","",,1,,261,1,19,,17,,0.5121,,16.5882,,,,,
3644931,1972,4435,1969,"NZ","",399530,3,,347,2,23,,10,,0.58,,8.1,,,,0,0
3649239,1972,4456,1969,"NZ","",213505,3,,71,1,11,,12,,0.7361,,15.25,,,,0,0
3650355,1972,4463,1970,"NZ","",357195,3,,184,5,59,,1,,0,,3,,,,0,0
3651613,1972,4470,1969,"NZ","",399530,3,,53,6,68,,0,,,,,,,,,
3658126,1972,4498,1969,"NZ","",186585,2,,285,6,67,,1,,0,,9,,,,0,0
3659604,1972,4505,1970,"NZ","",199070,3,,128,3,32,,25,,0.7072,,13.84,,,,0.125,0.08
3659966,1972,4505,1970,"NZ","",,1,,417,5,53,,1,,0,,6,,,,,
3666914,1972,4533,1970,"NZ","",,1,,219,4,49,,1,,0,,12,,,,,
3669294,1972,4547,1970,"NZ","",,1,,215,6,68,,8,,0.2188,,16.5,,,,,
3672123,1972,4561,1970,"NZ","",,1,,54,6,69,,1,,0,,12,,,,,
3672945,1972,4561,1969,"NZ","",210120,3,,428,6,69,,43,,0.848,,21.186,,,,0,0
3675472,1972,4575,1969,"NZ","",393900,3,,73,4,43,,11,,0.6777,,9.8182,,,,0,0
3676889,1972,4582,1970,"NZ","",,1,,15,6,69,,4,,0,,12.5,,,,,
3677047,1972,4582,1970,"NZ","",,1,,72,5,52,,6,,0.2778,,6.5,,,,,
3683953,1972,4610,1970,"NZ","",,1,,137,6,69,,0,,,,,,,,,
3687346,1972,4624,1970,"NZ","",,1,,238,5,55,,1,,0,,6,,,,,
3688231,1972,4624,1971,"NZ","",601715,2,,335,4,41,,1,,0,,9,,,,0,0
3688460,1972,4631,1970,"NZ","",,1,,52,6,69,,14,,0.3673,,11.7857,,,,,
3695667,1972,4659,1970,"NZ","",593275,3,,294,5,59,,1,,0,,21,,,,0,0
3697653,1972,4666,1969,"NZ","",,1,,514,3,31,,5,,0.48,,21,,,,,
3700336,1972,4680,1971,"NZ","",597270,6,,356,4,43,,4,,0.75,,14,,,,0,0
3701613,1972,4687,1970,"NZ","",,1,,403,6,67,,0,,,,,,,,,
3704857,1972,4722,1970,"NZ","",,1,,251,5,53,,0,,,,,,,,,
3709196,1973,4757,1971,"NZ","",591480,3,,119,6,61,,2,,0,,23,,,,0,0
3713580,1973,4778,1970,"NZ","",,1,,231,6,69,,1,,0,,5,,,,,
3715482,1973,4785,1971,"NZ","",,1,,367,2,21,,9,,0.716,,15.4444,,,,,
3718896,1973,4806,1970,"NZ","",,1,,367,2,21,,6,,0.6667,,18.1667,,,,,
3721251,1973,4827,1970,"NZ","",327895,3,,132,6,65,,0,,,,,,,,,
3722425,1973,4834,1970,"NZ","",,1,,104,5,55,,5,,0.8,,10.4,,,,,
3730073,1973,4869,1971,"NZ","",,1,,454,5,59,,5,,0.72,,12.2,,,,,
3731414,1973,4876,1971,"NZ","",,1,,40,6,69,,19,,0.6316,,13.8421,,,,,
3733702,1973,4890,1971,"NZ","",399515,3,,99,6,61,,6,,0,,17.8333,,,,0,0
3733714,1973,4890,1970,"NZ","",359410,3,,34,1,19,,2,,0.5,,8,,,,0,0
3738321,1973,4911,1971,"NZ","",591480,3,,119,6,61,,2,,0,,18,,,,0,0
3738453,1973,4911,1971,"NZ","",,1,,184,5,59,,2,,0.5,,2,,,,,
3746186,1973,4946,1971,"NZ","",,1,,414,5,51,,0,,,,,,,,,
3746349,1973,4946,1970,"NZ","",,1,,277,6,67,,4,,0,,22,,,,,
3747433,1973,4953,1971,"NZ","",,1,,74,5,59,,1,,0,,7,,,,,
3748072,1973,4953,1972,"NZ","",392950,3,,425,5,51,,5,,0.32,,3.8,,,,0,0
3748076,1973,4953,1972,"NZ","",392950,3,,425,5,51,,0,,,,,,,,,
3750286,1973,4967,1972,"NZ","",392950,3,,99,6,61,,3,,0.4444,,22,,,,0,0
3763769,1973,5030,1971,"NZ","",399515,3,,100,5,59,,4,,0.75,,16.5,,,,0,0
3771494,1973,5065,1972,"NZ","",,1,,119,6,61,,4,,0,,14.5,,,,,
3774333,1973,5079,1971,"NZ","",,1,,42,5,59,,4,,0,,15.25,,,,,
3775789,1973,5086,1972,"NZ","",46370,3,,470,5,59,,0,,,,,,,,,
3776174,1973,5086,1972,"NZ","",,1,,116,6,69,,0,,,,,,,,,
3776264,1973,5086,1971,"NZ","",,1,,137,6,69,,0,,,,,,,,,
3779576,1973,5100,1971,"NZ","",,1,,280,5,55,,6,,0,,21.3333,,,,,
3786782,1974,5135,1972,"NZ","",,1,,119,6,61,,6,,0,,7,,,,,
3792229,1974,5156,1970,"NZ","",,1,,392,4,41,,2,,0.5,,15.5,,,,,
3799085,1974,5198,1972,"NZ","",,1,,112,6,63,,2,,0,,12.5,,,,,
3807358,1974,5233,1972,"NZ","",,1,,119,6,61,,0,,,,,,,,,
3807451,1974,5233,1972,"NZ","",250580,3,,137,6,69,,2,,0,,20.5,,,,0,0
3808899,1974,5240,1972,"NZ","",,1,,476,5,53,,1,,0,,23,,,,,
3810443,1974,5247,1972,"NZ","",,1,,119,6,61,,3,,0,,13,,,,,
3812859,1974,5261,1972,"NZ","",140995,3,,606,3,32,,11,,0.4298,,10.5455,,,,0.125,0.0909
3818924,1974,5289,1972,"NZ","",,1,,137,6,69,,4,,0.625,,7.75,,,,,
3823316,1974,5303,1971,"NZ","",596700,7,,376,4,44,,2,,0,,12.5,,,,0.5,0.5
3828857,1974,5338,1971,"NZ","",,1,,169,6,69,,1,,0,,8,,,,,
3831924,1974,5352,1972,"NZ","",,1,,267,5,59,,1,,0,,5,,,,,
3833093,1974,5359,1972,"NZ","",399530,3,,188,5,53,,5,,0.32,,15,,,,0,0
3834079,1974,5366,1973,"NZ","",,1,,49,5,59,,0,,,,,,,,,
3841040,1974,5401,1972,"NZ","",533675,3,,52,6,69,,3,,0,,11.3333,,,,0,0
3842609,1974,5408,1973,"NZ","",237190,3,,405,6,64,,0,,,,,,,,,
3842802,1974,5408,1973,"NZ","",,1,,600,3,32,,4,,0.375,,9.75,,,,,
3851452,1974,5450,1971,"NZ","",,1,,56,6,61,,1,,0,,8,,,,,
3856955,1974,5471,1973,"NZ","",104245,2,,514,3,31,,2,,0,,9,,,,0,0
3857745,1974,5478,1973,"NZ","",199070,3,,156,1,19,,3,,0.4444,,10.3333,,,,0,0
3867777,1975,5534,1973,"NZ","",,1,4,40,6,69,2,7,1,0.6531,0,10.5714,4.5,,,,
3867990,1975,5534,1974,"NZ","",,1,12,177,6,69,2,3,1,0,0,15,5,,,,
3868962,1975,5541,1973,"NZ","",,1,5,137,6,69,1,1,1,0,0,16,11,,,,
3871820,1975,5555,1973,"NZ","",633070,3,23,8,1,11,4,4,0.25,0.625,0,9,26.5,0,0,0,0
3875597,1975,5576,1974,"NZ","",,1,10,4,6,65,7,1,0.2857,0,0.5,21,24.7143,,,,
3884634,1975,5618,1973,"NZ","",,1,15,118,1,12,5,0,0.4,,0,,42,,,,
3885338,1975,5625,1972,"NZ","",399530,3,8,43,6,61,4,19,1,0.5928,0.5,17.8421,6.5,0,0,0,0
3888576,1975,5639,1974,"NZ","",,1,6,353,5,54,5,3,0.4,0.4444,0,5.6667,16.4,,,,
3888964,1975,5639,1974,"NZ","",383755,3,16,264,5,51,2,3,1,0.4444,0,14.3333,3,0,0,0,0
3889448,1975,5646,1973,"NZ","",399515,3,12,53,6,68,3,3,0,0.4444,,14,31.6667,0,0,0,0
3891783,1975,5653,1974,"NZ","",399515,3,27,426,6,61,4,10,1,0.34,0.375,7.3,4.5,0,0,0,0
3895138,1975,5674,1973,"NZ","",70485,3,1,427,1,12,2,10,0,0.48,,7.7,41,0,0,0,0
3895540,1975,5681,1973,"NZ","",,1,15,475,5,53,3,4,0,0.625,,10.75,28.6667,,,,
3898843,1975,5702,1973,"NZ","",226685,3,12,405,6,64,2,9,1,0.4938,0.5,18.3333,8,0,0,0,0
3901004,1975,5716,1973,"NZ","",,1,3,56,6,61,8,3,0.25,0,0,11.3333,17.125,,,,
3901070,1975,5716,1974,"NZ","",599365,3,8,73,4,43,6,1,0.1667,0,0,6,23.6667,0,0,0,0
3902296,1975,5723,1974,"NZ","",,1,10,52,6,69,4,8,0,0,,13.25,27.5,,,,
3902543,1975,5723,1973,"NZ","",76750,3,2,164,5,52,3,0,0,,,,30,0,0,,
3902638,1975,5723,1973,"NZ","",,1,4,222,1,19,7,3,0.5714,0.6667,0,13.3333,21.1429,,,,
3904207,1975,5730,1974,"NZ","",,1,2,273,6,62,3,9,0.3333,0.3457,0,8.7778,15.3333,,,,
3904323,1975,5730,1973,"NZ","",,1,6,417,5,53,11,0,0.1818,,0,,48.1818,,,,
3905382,1975,5737,1973,"NZ","",,1,4,137,6,69,5,10,0.6,0.58,0.4444,14,10.2,,,,
3907248,1975,5744,1973,"NZ","",371575,3,3,251,5,53,4,4,0,0.75,,17,24.75,0,0,0,0
3909161,1975,5751,1973,"NZ","",,1,4,418,5,53,7,4,0.2857,0,0,15.75,37.7143,,,,
3910002,1975,5758,1973,"NZ","",,1,2,52,6,69,8,2,0.75,0.5,0,21.5,12.875,,,,
3913431,1975,5772,1974,"NZ","",,1,4,83,5,51,4,1,0.25,0,0,7,25.5,,,,
3925853,1975,5828,1974,"NZ","",295470,3,4,24,6,63,6,4,0.8333,0.375,0.32,9.75,10.1667,0,0,0,0
3927961,1975,5835,1972,"NZ","",633070,3,9,8,1,11,5,1,0.8,0,0.375,6,9.8,0,0,0,0
3930299,1976,5849,1973,"NZ","",46365,3,5,29,5,52,2,1,1,0,0,3,7,0,0,1,1
3930546,1976,5849,1974,"NZ","",,1,4,177,6,69,2,0,0.5,,0,,20,,,,
3932953,1976,5863,1975,"NZ","",,1,9,43,6,61,4,4,0.25,0.375,0,11.25,34.5,,,,
3934551,1976,5870,1974,"NZ","",,1,12,119,6,61,3,1,0,0,,16,43,,,,
3935044,1976,5870,1974,"NZ","",,1,7,156,1,19,11,17,0.8182,0.7266,0.6667,12.5294,8.8182,,,,
3939529,1976,5898,1974,"NZ","",279535,3,7,16,5,59,3,8,0.3333,0.4063,0,17.25,18,0,0,0.125,0.125
3940007,1976,5898,1974,"NZ","",,1,4,220,6,68,2,10,0,0.34,,16.7,39.5,,,,
3942384,1976,5912,1974,"NZ","",429505,3,8,74,5,59,2,11,0,0.4463,,13,42,0,0,0,0
3942475,1976,5912,1974,"NZ","",140995,3,5,600,3,32,3,4,1,0.375,0,16.5,12,0,0,0,0
3943479,1976,5912,1974,"NZ","",45615,3,16,337,4,41,2,5,1,0,0.5,8.6,10,0,0,0,0
3944018,1976,5919,1974,"NZ","",,1,14,181,6,69,4,11,0.75,0.8264,0,15.7273,18,,,,
3946888,1976,5933,1973,"NZ","",,1,5,215,6,68,13,6,0.1538,0,0,17.1667,41.8462,,,,
3947736,1976,5933,1974,"NZ","",399530,3,68,318,4,45,5,3,1,0.4444,0,2.6667,5.6,0,0,0,0
3952355,1976,5961,1974,"NZ","",,1,9,441,6,69,0,3,,0,,17,,,,,
3952447,1976,5961,1974,"NZ","",,1,20,446,6,62,4,2,0,0,,9.5,68.25,,,,
3952462,1976,5961,1974,"NZ","",,5,4,52,6,69,10,10,0.7,0.18,0,9.9,19.2,,,,
3953012,1976,5961,1974,"NZ","",399530,3,8,267,5,59,2,2,0.5,0.5,0,12.5,13,0,0,0,0
3955636,1976,5975,1975,"NZ","",,1,9,177,6,69,4,5,0.25,0.32,0,14.8,18,,,,
3956777,1976,5982,1974,"NZ","",,1,9,137,6,69,7,3,0.4286,0.4444,0,5.6667,23.7143,,,,
3963037,1976,6010,1974,"NZ","",399530,3,1,135,6,69,5,14,0.4,0.8776,0.5,11.4286,12.2,0,0,0,0
3963099,1976,6010,1975,"NZ","",399530,3,10,188,5,53,3,0,1,,0,,8.3333,0,0,,
3965505,1976,6024,1974,"NZ","",219560,3,4,5,6,65,4,3,0.75,0.4444,0,13,9.25,0,0,0,0
3970257,1976,6045,1973,"NZ","",,1,4,241,5,51,6,13,0.5,0.142,0,13.5385,23.5,,,,
3972160,1976,6059,1975,"NZ","",357195,3,5,56,6,61,4,10,0.5,0.34,0.5,13.6,13.5,0,0,0,0
3974564,1976,6073,1972,"NZ","",590660,3,7,30,6,65,4,5,0.25,0.72,0,16.4,29.75,0,0,0,0
3982419,1976,6115,1974,"NZ","",538575,2,89,73,4,43,6,21,0.8333,0.5669,0.56,6.3333,5.8333,0,0,0.45,0.4286
3986553,1976,6136,1975,"NZ","",399530,3,3,166,6,64,11,4,0.1818,0.5,0.5,16.75,23.3636,0,0,0,0
3987402,1976,6136,1975,"NZ","",,1,13,367,2,21,4,1,0.25,0,0,21,14.75,,,,
3987403,1976,6136,1975,"NZ","",,1,8,367,2,21,5,5,0.4,0.72,0,10.4,12.4,,,,
3988594,1976,6143,1974,"NZ","",,1,8,307,4,49,5,3,1,0.6667,0.56,20,4.6,,,,
3990358,1976,6157,1974,"NZ","",,1,20,99,6,61,2,1,1,0,0,25,7,,,,
3993793,1976,6171,1975,"NZ","",573515,2,4,426,6,61,4,19,0.75,0,0.4444,7.5789,7.75,0,0,0.125,0.1053
3995435,1976,6185,1975,"NZ","",226685,3,22,405,6,64,4,1,0.5,0,0.5,20,38.25,0,0,0,0
4005228,1977,6234,1974,"NZ","",,1,12,426,6,61,1,8,1,0.2188,0,10.875,7,,,,
4005705,1977,6241,1975,"NZ","",199070,3,2,602,3,32,5,1,0.8,0,0,7,10.4,0,0,0,0
4007645,1977,6255,1975,"NZ","",566525,3,18,74,5,59,1,4,1,0.375,0,10.25,3,0,0,0,0
4008507,1977,6262,1975,"NZ","",,1,4,16,5,59,2,3,0.5,0.6667,0,12.3333,16.5,,,,
4008772,1977,6262,1975,"NZ","",538575,2,16,173,5,51,4,9,0.75,0.7901,0.4444,3.8889,8.75,0,0,0.125,0.1111
4012622,1977,6283,1974,"NZ","",538575,2,21,377,4,49,4,3,0.75,0.4444,0.6667,15,9.75,0,0,0,0
4012882,1977,6290,1973,"NZ","",270480,3,8,52,6,69,12,1,0.1667,0,0,10,30.5,0,0,0,0
4013250,1977,6290,1976,"NZ","",,1,8,248,6,69,4,0,0,,,,47,,,,
4020993,1977,6332,1975,"NZ","",399530,3,14,241,5,51,8,3,0.125,0.4444,0,10.3333,50.125,0,0,0,0
4022185,1977,6339,1975,"NZ","",,1,3,126,6,66,4,4,0.5,0,0.5,2.5,22.25,,,,
4024853,1977,6353,1975,"NZ","",,1,7,126,6,66,4,10,0.75,0,0.4444,2.6,19.75,,,,
4026257,1977,6360,1975,"NZ","",185805,3,13,123,5,53,9,2,0.3333,0,0.6667,2,30.3333,0,0,0,0
4029028,1977,6374,1976,"NZ","",,1,16,111,6,61,4,1,0,0,,17,24,,,,
4032241,1977,6388,1975,"NZ","",,1,2,403,6,67,3,2,0.3333,0,0,8,27.3333,,,,
4033609,1977,6395,1975,"NZ","",,1,11,280,5,55,4,5,0,0,,13.2,34.75,,,,
4036268,1977,6409,1976,"NZ","",,1,15,140,5,52,3,1,0.6667,0,0.5,2,10.6667,,,,
4040344,1977,6430,1975,"NZ","",139640,3,9,100,5,59,7,5,0.2857,0.48,0.5,10.6,28.7143,0,0,0,0
