4044665,1977,6451,1976,"NZ","",140995,3,15,101,6,69,5,4,0.6,0.5,0,16.25,12,0,0,0,0
4045119,1977,6451,1975,"NZ","",329515,2,7,385,2,21,6,36,1,0.7485,0.5,16.6111,6.5,0,0,0,0
4045656,1977,6451,1976,"NZ","",,1,4,377,4,49,4,2,1,0.5,0.625,3,3.75,,,,
4049314,1977,6472,1976,"NZ","",,1,11,297,6,65,4,6,0.25,0.2778,0,9.3333,26.75,,,,
4051555,1977,6486,1976,"NZ","",162905,2,15,2,6,63,5,12,0.8,0.1528,0.375,11.5833,10.2,0,0,0.1667,0.0833
4051693,1977,6486,1975,"NZ","",360770,3,9,62,6,69,4,2,0.5,0,0,17,13,0,0,0,0
4052977,1977,6493,1975,"NZ","",,1,23,600,3,32,5,12,1,0.4028,0.64,14.5833,7.6,,,,
4053009,1977,6493,1976,"NZ","",,1,6,160,6,69,6,5,0.6667,0,0.625,14.2,11.3333,,,,
4053064,1977,6493,1976,"NZ","",,1,6,414,5,51,5,1,0.8,0,0,20,8.8,,,,
4055318,1977,6507,1976,"NZ","",561165,3,8,248,6,69,6,6,0.5,0.7222,0.4444,11.5,24.6667,0,0,0,0
4056985,1977,6521,1976,"NZ","",,1,9,74,5,59,2,7,0.5,0.5714,0,12.8571,16.5,,,,
4057921,1977,6528,1976,"NZ","",,1,7,40,6,69,1,17,1,0.7612,0,12.4118,5,,,,
4060863,1977,6549,1976,"NZ","",117355,3,12,5,6,65,6,14,0.8333,0.5612,0.64,13.2143,13.1667,0,0,0,0
4060922,1977,6549,1976,"NZ","",140995,3,9,40,6,69,1,3,1,0,0,11,4,0,0,0,0
4061033,1977,6549,1976,"NZ","",144880,3,8,374,4,43,7,0,0.5714,,0.625,,10.4286,0,0,,
4067159,1978,6584,1975,"NZ","",270480,3,11,52,6,69,15,2,0.6667,0,0.34,12,17.1333,0,0,0,0
4069845,1978,6598,1976,"NZ","",,1,9,140,5,52,4,2,1,0,0.375,2.5,2.5,,,,
4071222,1978,6605,1976,"NZ","",,1,12,254,5,59,2,4,1,0.375,0.5,8.75,5.5,,,,
4072197,1978,6612,1976,"NZ","",,1,6,172,6,64,6,2,0.1667,0.5,0,12.5,62.8333,,,,
4072778,1978,6612,1976,"NZ","",,1,7,428,6,69,3,1,1,0,0.4444,10,4.3333,,,,
4075145,1978,6626,1976,"NZ","",,1,10,525,1,15,11,3,0.5455,0.6667,0.7222,8,15.5455,,,,
4078313,1978,6647,1976,"NZ","",,1,6,33,6,69,4,3,0.25,0,0,4.3333,28.25,,,,
4078644,1978,6647,1976,"NZ","",,1,6,194,5,59,1,0,0,,,,18,,,,
4080135,1978,6654,1976,"NZ","",,1,3,425,5,51,8,1,0.875,0,0.449,12,10.25,,,,
4081969,1978,6668,1976,"NZ","",,1,1,405,6,64,5,5,0.2,0.32,0,11.6,31,,,,
4082123,1978,6668,1976,"NZ","",529325,3,21,141,5,51,3,2,0,0.5,,10,67.6667,0,0,0,0
4084274,1978,6682,1976,"NZ","",62385,3,18,5,6,65,7,11,0.5714,0.1653,0,11.7273,19,0,0,0,0
4085658,1978,6689,1976,"NZ","",324005,3,9,91,5,53,10,0,0.2,,0,,31.3,0,0,,
4087015,1978,6696,1977,"NZ","",,5,7,215,6,68,2,0,1,,0.5,,5,,,,
4088118,1978,6703,1975,"NZ","",144880,3,1,126,6,66,5,2,0.2,0,0,5,45.2,0,0,0,0
4093267,1978,6731,1976,"NZ","",577130,3,5,280,5,55,4,0,1,,0,,2.25,0,0,,
4094363,1978,6738,1977,"NZ","",537155,3,5,172,6,64,9,5,0.4444,0,0,18,26.1111,0,0,0,0
4095400,1978,6745,1977,"NZ","",144880,3,11,57,6,63,3,0,0.3333,,0,,37.3333,0,0,,
4096136,1978,6745,1977,"NZ","",,1,17,530,1,15,5,17,1,0.7128,0.56,7.2353,5,,,,
4096850,1978,6752,1976,"NZ","",,1,8,126,6,66,7,4,0.8571,0,0.4444,7.25,16.5714,,,,
4098479,1978,6759,1974,"NZ","",,5,2,248,6,69,7,2,0,0,,20.5,47.7143,,,,
4099269,1978,6766,1977,"NZ","",,1,7,2,6,63,5,14,0.4,0.7551,0.5,11.2857,31.8,,,,
4102012,1978,6780,1976,"NZ","",279535,3,19,16,5,59,5,4,0.8,0,0.375,7.75,8.6,0.3333,0.2,0.5,0.5
4102355,1978,6780,1976,"NZ","",,1,9,137,6,69,3,2,1,0,0.4444,14,8,,,,
4102593,1978,6780,1976,"NZ","",324005,3,10,408,5,51,6,0,0.1667,,0,,22,0,0,,
4104820,1978,6794,1976,"NZ","",,1,5,43,6,61,3,3,0.3333,0,0,11.3333,21,,,,
4108565,1978,6808,1977,"NZ","",,1,13,408,5,51,2,7,1,0.449,0.5,13.8571,7,,,,
4110829,1978,6815,1976,"NZ","",538575,2,6,702,2,22,4,12,1,0.7361,0.75,6.0833,5,0,0,0,0
4112662,1978,6829,1977,"NZ","",444355,3,10,57,6,63,4,1,0.75,0,0.4444,1,13.75,0,0,0,0
4114185,1978,6829,1977,"NZ","",213620,3,2,361,4,45,6,9,0.8333,0.642,0.72,13.1111,9,0,0,0.1429,0.1111
4114463,1978,6836,1975,"NZ","",399530,3,6,74,5,59,1,11,1,0,0,7.8182,11,0,0,0,0
4116329,1978,6843,1977,"NZ","",,1,13,206,6,68,5,1,1,0,0.32,1,3.8,,,,
4117637,1978,6850,1976,"NZ","",,1,46,52,6,69,2,18,0.5,0.3765,0,13.6667,12.5,,,,
4121372,1978,6871,1977,"NZ","",,5,4,43,6,61,5,2,0,0,,14.5,43.4,,,,
4122620,1978,6878,1977,"NZ","",,1,10,42,5,59,6,8,0.3333,0,0,13.875,31.5,,,,
4124463,1978,6885,1976,"NZ","",,5,5,205,1,19,9,5,0.3333,0.64,0.6667,11.6,38.4444,,,,
4124964,1978,6892,1977,"NZ","",,1,1,52,6,69,9,3,0.6667,0,0,8.3333,13.5556,,,,
4127917,1978,6913,1977,"NZ","",,1,39,452,6,61,3,6,0.3333,0,0,9.1667,17.3333,,,,
4128974,1978,6920,1977,"NZ","",236445,3,16,52,6,69,1,7,1,0.2449,0,7.1429,11,0,0,0,0
4130297,1978,6927,1977,"NZ","",577130,3,24,280,5,55,5,3,1,0.4444,0,4,2,0,0,0.3333,0.3333
4130991,1978,6934,1977,"NZ","",,1,20,60,4,45,3,1,0.6667,0,0.5,3,14.3333,,,,
4134355,1979,6955,1977,"NZ","",,1,7,114,5,55,4,12,0.5,0,0,10.6667,20.75,,,,
4138524,1979,6976,1976,"NZ","",115,3,4,428,6,69,11,1,0.4545,0,0.64,15,17.8182,0,0,0,0
4138747,1979,6983,1976,"NZ","",12090,3,13,4,6,65,5,1,0.2,0,0,15,17.6,0,0,0,0
4141384,1979,6997,1978,"NZ","",12090,3,6,137,6,69,4,0,0.25,,0,,38.5,0,0,,
4146285,1979,7025,1977,"NZ","",538695,2,8,439,4,41,6,10,0.5,0.54,0.4444,13.7,15.5,1,0.1667,0,0
4146343,1979,7025,1977,"NZ","",,1,8,403,6,67,8,1,1,0,0.4063,4,4.625,,,,
4149869,1979,7046,1977,"NZ","",109300,3,16,71,1,11,7,8,0.5714,0.5938,0.75,8.5,14.8571,0,0,0.125,0.125
4152831,1979,7067,1977,"NZ","",590660,3,14,30,6,65,4,2,0.5,0,0.5,5.5,33.75,0,0,0,0
4154439,1979,7074,1976,"NZ","",360495,2,1,472,6,62,3,0,0,,,,65.6667,0,0,,
4156179,1979,7081,1977,"NZ","",12090,3,10,324,4,43,4,4,0.5,0.375,0.5,9,11.75,0,0,0,0
4156989,1979,7095,1977,"NZ","",,1,3,49,5,59,2,1,0.5,0,0,2,32.5,,,,
4157622,1979,7102,1977,"NZ","",,1,12,36,6,63,7,3,0.1429,0.4444,0,15.6667,61.8571,,,,
4159504,1979,7116,1978,"NZ","",538695,2,12,361,4,45,4,4,0.5,0.625,0.5,15,14.75,0,0,0.25,0.25
4163569,1979,7158,1978,"NZ","",577130,3,5,280,5,55,5,9,0.8,0,0,6.1111,12,0,0,0.1111,0.1111
4164220,1979,7165,1976,"NZ","",199070,3,2,128,3,32,6,2,1,0.5,0.4444,10.5,7,0,0,0,0
4168922,1979,7207,1977,"NZ","",,1,9,403,6,67,1,3,1,0.4444,0,7,7,,,,
4170368,1979,7221,1977,"NZ","",533720,3,19,280,5,55,7,25,0.8571,0.736,0.8333,10.84,12.1429,0,0,0,0
4173805,1979,7256,1976,"NZ","",,1,5,15,6,69,5,5,1,0,0,12.6,6.8,,,,
4173859,1979,7256,1976,"NZ","",432825,3,13,56,6,61,3,11,1,0,0,6.6364,11.3333,0,0,0,0
4177611,1979,7284,1978,"NZ","",,1,2,451,5,51,9,9,0.2222,0.3457,0,16,40,,,,
4177760,1979,7284,1978,"NZ","",140995,3,20,119,6,61,3,2,1,0.5,0,1.5,4.6667,0,0,0.5,0.5
4178439,1979,7284,1977,"NZ","",144880,3,16,536,1,14,15,13,0.8667,0.8047,0.4852,12.0769,8.5333,0,0,0,0
4179104,1979,7291,1977,"NZ","",144880,3,13,267,5,59,1,9,1,0.1975,0,9.5556,5,0,0,0,0
4184222,1980,7326,1978,"NZ","",,1,8,15,6,69,2,3,0,0,,12.3333,53,,,,
4184478,1980,7326,1977,"NZ","",530385,3,9,126,6,66,5,1,0.6,0,0,18,25.2,0,0,0,0
4184906,1980,7326,1978,"NZ","",289530,3,12,156,1,19,6,2,0.5,0.5,0.4444,4,22.8333,0,0,0,0
4185434,1980,7333,1978,"NZ","",630900,3,2,52,6,69,8,13,0.5,0.2604,0.375,10,32.75,0,0,0,0
4185635,1980,7333,1977,"NZ","",140995,3,20,606,3,32,3,9,0.6667,0,0,5.8889,12.3333,0.5,0.3333,0,0
4185701,1980,7333,1977,"NZ","",538575,2,88,173,5,51,6,5,1,0.8,0.4444,11.8,5,0,0,0,0
4186169,1980,7333,1977,"NZ","",598080,3,3,264,5,51,3,3,0.3333,0,0,5.6667,19,0,0,0,0
4186770,1980,7340,1976,"NZ","",12090,3,6,137,6,69,2,2,0,0,,18,29.5,0,0,0,0
4188033,1980,7347,1977,"NZ","",640565,3,2,473,6,62,4,3,0.5,0,0,10.6667,22.75,0,0,1,0.3333
4189008,1980,7354,1977,"NZ","",357195,3,1,172,6,64,5,5,0.2,0,0,10.6,48.2,0,0,0,0
4191174,1980,7368,1977,"NZ","",,1,6,600,3,32,3,2,0.6667,0,0.5,14.5,16,,,,
4193392,1980,7382,1977,"NZ","",,1,1,600,3,32,12,7,0.6667,0.449,0.75,12,17.1667,,,,
4197830,1980,7410,1977,"NZ","",,1,20,126,6,66,6,2,1,0.5,0.2778,3.5,2.8333,,,,
4203027,1980,7438,1977,"NZ","",199070,3,2,392,4,41,5,7,0.4,0.6939,0.5,14,29.2,0.5,0.2,0,0
4204522,1980,7452,1977,"NZ","",,1,17,126,6,66,13,4,0.8462,0.375,0.2975,5.5,7.2308,,,,
4204539,1980,7452,1979,"NZ","",,1,17,604,3,32,3,8,1,0.2188,0,11.25,4.6667,,,,
4204804,1980,7452,1978,"NZ","",55975,3,8,415,5,53,5,5,1,0.56,0.56,11.6,5.6,0.2,0.2,0,0
4205029,1980,7452,1978,"NZ","",,1,4,264,5,51,2,0,0,,,,47.5,,,,
4206631,1980,7466,1979,"NZ","",54720,3,25,73,4,43,10,5,0.4,0.56,0.375,12.8,24.7,0,0,0,0
4206880,1980,7466,1978,"NZ","",359410,3,10,241,5,51,2,12,1,0.6111,0.5,15.25,10,0,0,0,0
4207014,1980,7466,1978,"NZ","",,1,10,403,6,67,3,5,0.6667,0.56,0,7.4,10.6667,,,,
4207548,1980,7466,1978,"NZ","",141185,3,1,333,2,21,5,5,0,0.32,,13,30.6,0,0,0,0
4207645,1980,7473,1978,"NZ","",,1,2,15,6,69,5,4,0.4,0,0.5,5,23.4,,,,
4208644,1980,7473,1978,"NZ","",5600,3,15,337,4,41,2,0,1,,0,,6.5,0,0,,
4211184,1980,7494,1978,"NZ","",,1,19,119,6,61,2,4,1,0,0,11.25,12.5,,,,
4212004,1980,7494,1978,"NZ","",59585,3,4,340,2,21,6,2,0.6667,0.5,0.5,12,23.6667,0,0,0,0
4212325,1980,7501,1978,"NZ","",,1,4,137,6,69,3,2,0.6667,0,0,13.5,10.3333,,,,
4213341,1980,7508,1978,"NZ","",12090,3,7,73,4,43,4,1,0.75,0,0,6,16,0,0,0,0
4216663,1980,7529,1978,"NZ","",199070,3,5,68,6,63,3,3,0.3333,0,0,14,37,0,0,0,0
4219981,1980,7550,1978,"NZ","",12090,3,2,52,6,69,7,1,0.7143,0,0,6,20.8571,0,0,0,0
4221009,1980,7557,1978,"NZ","",,1,13,4,6,65,9,2,1,0,0,15.5,9.6667,,,,
4224439,1980,7571,1978,"NZ","",144880,3,15,536,1,14,6,10,1,0.76,0.2778,9.2,7.6667,0,0,0.1111,0.1
4225048,1980,7578,1978,"NZ","",,1,16,211,6,65,3,3,0,0.6667,,5,66,,,,
4226002,1980,7585,1978,"NZ","",279535,3,18,16,5,59,6,10,0.6667,0.18,0.375,10,17.8333,1,0.3333,0.1111,0.1
4227313,1980,7592,1978,"NZ","",,1,8,33,6,69,11,0,0.4545,,0.32,,26.5455,,,,
4227558,1980,7592,1978,"NZ","",,1,3,144,5,51,4,1,0.25,0,0,3,39,,,,
4227964,1980,7592,1979,"NZ","",,1,21,162,1,19,11,7,1,0.6122,0.1653,11.1429,7.3636,,,,
4228652,1980,7599,1978,"NZ","",,1,9,60,4,45,5,1,1,0,0.56,3,9,,,,
4228755,1980,7599,1978,"NZ","",,1,7,114,5,55,11,2,0.6364,0,0.449,7,16,,,,
4229169,1980,7599,1978,"NZ","",,1,10,433,3,39,2,10,1,0,0,13.2,7.5,,,,
4229972,1980,7606,1979,"NZ","",12090,3,8,73,4,43,6,6,0.1667,0.5,0,5.5,33,0,0,0.2,0.1667
4230141,1980,7606,1978,"NZ","",,1,8,137,6,69,5,0,0.6,,0,,14,,,,
4233786,1980,7627,1979,"NZ","",,1,5,52,6,69,3,2,0,0,,5,52,,,,
4233917,1980,7627,1979,"NZ","",633070,3,11,112,6,63,10,2,0.8,0,0,8.5,20.5,0,0,0.5,0.5
4234263,1980,7627,1979,"NZ","",,1,14,403,6,67,5,0,0.6,,0.6667,,14.4,,,,
4236999,1980,7641,1978,"NZ","",120845,3,29,209,5,51,6,19,0.1667,0.482,0,13.5789,44.5,0,0,0.0769,0.0526
4237813,1980,7648,1978,"NZ","",,1,16,116,6,69,3,2,1,0.5,0,4,6.6667,,,,
4237916,1980,7648,1978,"NZ","",199070,3,6,135,6,69,3,4,1,0.375,0,16.5,13,0,0,0,0
4240371,1980,7662,1979,"NZ","",,1,4,116,6,69,7,6,0.5714,0.5,0.75,12.6667,14.4286,,,,
4240776,1980,7662,1979,"NZ","",598080,3,6,425,5,51,3,1,0.3333,0,0,14,19,0,0,0,0
4241936,1980,7669,1978,"NZ","",,5,3,280,5,55,4,3,0.5,0.6667,0.5,14.3333,16.5,,,,
4243343,1981,7676,1978,"NZ","",,1,9,403,6,67,15,1,0.6,0,0.6667,9,27.2667,,,,
4245579,1981,7690,1978,"NZ","",59585,3,8,116,6,69,5,1,0.6,0,0.6667,3,26.8,0,0,0,0
4247040,1981,7697,1979,"NZ","",42535,3,10,236,6,69,3,1,1,0,0,4,5.3333,0,0,0,0
4247141,1981,7697,1979,"NZ","",,1,3,294,5,59,4,11,0.5,0.2975,0,16.8182,34.25,,,,
4247537,1981,7697,1979,"NZ","",,1,16,424,3,31,20,8,0.7,0.4063,0.7755,12,15.1,,,,
4250643,1981,7718,1978,"NZ","",,1,16,40,6,69,4,2,0.75,0.5,0,14,29.25,,,,
4250728,1981,7718,1978,"NZ","",,1,18,72,5,52,3,4,0.6667,0,0.5,4.25,10.3333,,,,
4253421,1981,7732,1979,"NZ","",140995,3,12,119,6,61,4,2,1,0.5,0,4.5,5.5,0.5,0.25,0,0
4257760,1981,7753,1979,"NZ","",,1,18,431,6,66,8,5,0.75,0.64,0.2778,10.6,11.375,,,,
4259361,1981,7760,1978,"NZ","",,1,8,426,6,61,15,12,0.5333,0.1528,0.375,11.9167,25.2667,,,,
4259811,1981,7767,1979,"NZ","",279535,3,12,49,5,59,6,2,0.3333,0.5,0,6,21.5,0,0,0,0
4259953,1981,7767,1979,"NZ","",,1,12,604,3,32,2,0,1,,0,,8.5,,,,
4261089,1981,7774,1979,"NZ","",166130,3,10,29,5,52,2,5,0,0.72,,5,29.5,0,0,0,0
4261469,1981,7774,1979,"NZ","",,1,10,211,6,65,11,0,0.0909,,0,,44.5455,,,,
4263719,1981,7788,1977,"NZ","",,1,4,33,6,69,5,4,0.8,0.375,0.375,9.5,16.2,,,,
4265061,1981,7795,1978,"NZ","",,1,19,52,6,69,10,0,1,,0.46,,10.3,,,,
4265080,1981,7795,1979,"NZ","",,1,12,56,6,61,10,4,1,0,0.18,1.75,8.2,,,,
4266705,1981,7802,1980,"NZ","",,1,11,294,5,59,8,7,0.625,0.6939,0.32,8.1429,19.375,,,,
4270274,1981,7823,1980,"NZ","",,1,7,33,6,69,5,2,0.8,0.5,0.375,3.5,14.8,,,,
4270401,1981,7823,1978,"NZ","",,1,5,74,5,59,1,5,1,0.48,0,8.4,6,,,,
4270735,1981,7823,1979,"NZ","",,5,4,256,6,65,3,2,1,0.5,0.4444,15,11,,,,
4273318,1981,7837,1980,"NZ","",,1,8,269,6,69,2,5,0,0.56,,5.8,89.5,,,,
4274346,1981,7844,1978,"NZ","",633070,3,2,112,6,63,4,2,0,0,,11,31.75,0,0,0,0
4274614,1981,7844,1978,"NZ","",,1,9,248,6,69,7,5,0.7143,0.56,0.32,7.4,11.1429,,,,
4275481,1981,7851,1979,"NZ","",,1,10,452,6,61,1,3,1,0,0,14,3,,,,
4275671,1981,7851,1980,"NZ","",,1,9,111,6,61,13,10,0.0769,0.32,0,9,50.7692,,,,
4276667,1981,7858,1979,"NZ","",,1,4,5,6,65,7,9,0.1429,0.3704,0,7.6667,49,,,,
4279135,1981,7872,1979,"NZ","",350715,3,24,68,6,63,0,1,,0,,18,,,,0,0
4280445,1981,7879,1979,"NZ","",12090,3,17,119,6,61,5,3,0.6,0,0,6.6667,18,0,0,0.3333,0.3333
4281643,1981,7886,1978,"NZ","",,1,13,126,6,66,8,1,0.625,0,0.56,6,23,,,,
4285181,1981,7907,1978,"NZ","",,1,1,52,6,69,4,1,0.5,0,0.5,10,31.5,,,,
4286734,1981,7914,1979,"NZ","",,1,4,222,1,19,7,9,0.7143,0.1975,0.32,9.8889,23.7143,,,,
4292678,1981,7942,1979,"NZ","",,1,15,367,2,21,7,5,0.7143,0.72,0.48,10.4,16.2857,,,,
4293009,1981,7949,1979,"NZ","",,1,2,141,5,51,1,2,1,0,0,14.5,1,,,,
4293980,1981,7956,1979,"NZ","",633965,3,11,452,6,61,5,0,0.4,,0,,26.6,0,0,,
4294560,1981,7956,1980,"NZ","",,1,8,403,6,67,8,12,0.25,0.2917,0,10.9167,23.875,,,,
4295189,1981,7956,1979,"NZ","",599365,3,32,363,4,45,5,8,0.8,0.4063,0.5,6,11.6,0,0,0,0
4295662,1981,7963,1980,"NZ","",268940,3,6,503,6,69,1,4,1,0.75,0,8.25,5,0,0,0,0
4298651,1981,7977,1980,"NZ","",268940,3,18,503,6,69,1,4,1,0.75,0,10,5,0,0,0,0
4299010,1981,7984,1980,"NZ","",14310,3,20,452,6,61,3,8,1,0,0,10.625,5,0,0,0,0
4299877,1981,7984,1979,"NZ","",200355,3,14,428,6,69,5,5,0.6,0.72,0.6667,5.4,12.6,0,0,0,0
4305233,1981,8019,1978,"NZ","",,1,12,451,5,51,5,0,0.2,,0,,26.6,,,,
4306098,1981,8019,1980,"NZ","",287905,3,5,568,1,14,1,1,0,0,,14,35,0,0,0,0
4306402,1981,8026,1980,"NZ","",12100,3,7,56,6,61,15,9,0.6,0.1975,0.1975,14.5556,22.2667,0,0,0,0
4307406,1981,8026,1978,"NZ","",58635,2,28,346,4,49,5,1,1,0,0.48,7,9.2,0,0,0,0
4307554,1981,8033,1979,"NZ","",508940,3,12,52,6,69,8,6,0.375,0.2778,0.4444,8,25.25,0,0,0,0
4307588,1981,8033,1980,"NZ","",199070,3,5,68,6,63,6,7,0.3333,0.5714,0.5,7.8571,25.8333,0,0,0,0
4308963,1982,8040,1979,"NZ","",,1,3,211,6,65,5,4,0.4,0.625,0.5,9.75,34.2,,,,
4309660,1982,8040,1980,"NZ","",12090,3,3,324,4,43,1,1,1,0,0,7,3,0,0,0,0
4310869,1982,8047,1980,"NZ","",213620,3,6,361,4,45,3,3,0.6667,0.6667,0.5,16.3333,19.6667,1,0.3333,0,0
4310903,1982,8047,1979,"NZ","",,1,12,367,2,21,11,5,0.8182,0.48,0.1975,9,13.8182,,,,
4311119,1982,8054,1979,"NZ","",,1,7,123,5,53,7,10,0.2857,0,0,11.2,33.4286,,,,
4312030,1982,8054,1979,"NZ","",,1,8,363,4,45,7,2,1,0.5,0.4082,13,7.7143,,,,
4312175,1982,8061,1979,"NZ","",,1,5,56,6,61,8,1,0.75,0,0,6,16.875,,,,
4314679,1982,8075,1979,"NZ","",,1,1,242,5,51,8,4,0.625,0.375,0,12.25,17.25,,,,
4316232,1982,8082,1980,"NZ","",,1,9,361,4,45,4,2,0.75,0.5,0.4444,14,13.5,,,,
4317333,1982,8096,1978,"NZ","",,1,16,60,4,45,3,0,0.3333,,0,,54.3333,,,,
4317351,1982,8096,1980,"NZ","",199070,3,12,72,5,52,2,2,1,0,0,16.5,13.5,0,0,0,0
4318098,1982,8096,1979,"NZ","",,1,10,345,2,23,9,9,0.8889,0.4938,0.625,10.4444,17.4444,,,,
4318595,1982,8103,1979,"NZ","",252585,3,9,351,3,39,1,3,1,0.4444,0,10,10,0,0,0,0
4318642,1982,8103,1980,"NZ","",58835,3,13,405,6,64,7,4,0.5714,0,0,9,16.2857,0,0,0,0
4322927,1982,8131,1979,"NZ","",310475,3,15,52,6,69,0,1,,0,,15,,,,0,0
4324107,1982,8138,1979,"NZ","",,1,11,62,6,69,6,3,0.5,0.4444,0.4444,7.6667,29.6667,,,,
4325172,1982,8145,1979,"NZ","",166130,3,5,29,5,52,4,1,0.75,0,0,11,19.25,0,0,0,0
4325521,1982,8145,1980,"NZ","",,1,11,239,5,59,4,0,1,,0.375,,10,,,,
4326384,1982,8152,1980,"NZ","",,1,6,62,6,69,6,0,0.5,,0.4444,,29.6667,,,,
4328793,1982,8166,1979,"NZ","",,1,15,600,3,32,10,5,0.5,0.32,0.32,9.6,24,,,,
4330440,1982,8173,1980,"NZ","",144880,3,15,525,1,15,2,56,1,0.4528,0,10.9107,2,1,0.5,0,0
4335903,1982,8208,1980,"NZ","",,1,8,281,6,69,6,3,0.1667,0.4444,0,5.3333,51,,,,
4336667,1982,8215,1980,"NZ","",,1,9,47,6,61,5,4,0.6,0,0.4444,14.25,31.6,,,,
4337555,1982,8222,1980,"NZ","",,1,11,24,6,63,7,3,0.4286,0.6667,0.6667,13.6667,25.2857,,,,
4338976,1982,8229,1980,"NZ","",,1,10,140,5,52,3,0,0,,,,85.3333,,,,
4339275,1982,8229,1979,"NZ","",268940,3,14,524,1,15,2,10,1,0.72,0.5,9.6,4.5,0,0,0,0
4339908,1982,8236,1980,"NZ","",,1,9,56,6,61,5,4,0.6,0.625,0.6667,8.5,16.6,,,,
4342285,1982,8250,1980,"NZ","",,1,8,119,6,61,2,4,0.5,0,0,10.5,34.5,,,,
4347682,1982,8285,1980,"NZ","",,1,8,446,6,62,11,1,0.2727,0,0,15,43.3636,,,,
4347868,1982,8285,1980,"NZ","",19240,3,14,137,6,69,7,2,0.5714,0,0.375,9,25.5714,0,0,0,0
4347881,1982,8285,1980,"NZ","",,5,5,144,5,51,2,1,1,0,0,2,2.5,,,,
4348068,1982,8285,1980,"NZ","",199070,3,3,312,6,65,12,8,0.8333,0.7188,0.58,7.75,19.5,0,0,0,0
4348069,1982,8285,1980,"NZ","",345995,3,17,312,6,65,14,1,0.3571,0,0.56,18,34.8571,0,0,0,0
4352245,1982,8313,1980,"NZ","",,5,3,33,6,69,8,1,0.875,0,0.6122,3,11.5,,,,
4352978,1982,8313,1981,"NZ","",,1,6,235,5,59,1,0,0,,,,56,,,,
4358123,1982,8348,1979,"NZ","",,1,5,280,5,55,5,17,0,0.7612,,11.5882,50.2,,,,
4358213,1982,8348,1979,"NZ","",198955,3,16,403,6,67,2,3,0.5,0.6667,0,7.3333,61,0,0,0,0
4358735,1982,8348,1979,"NZ","",538575,2,9,324,4,43,2,4,1,0.625,0.5,9.75,7.5,0,0,0,0
4359855,1982,8362,1980,"NZ","",,1,11,56,6,61,4,0,1,,0,,6.75,,,,
4361719,1982,8369,1981,"NZ","",,1,5,174,4,41,2,3,0.5,0.4444,0,14.6667,28.5,,,,
4362316,1982,8376,1980,"NZ","",,1,14,280,5,55,3,8,0.3333,0.2188,0,8.75,23,,,,
4365455,1982,8397,1980,"NZ","",,1,33,52,6,69,15,12,0.7333,0.2778,0.562,8.8333,15.7333,,,,
4365589,1982,8397,1980,"NZ","",12090,3,14,119,6,61,4,3,0.75,0,0,6,11.5,0.5,0.25,0.3333,0.3333
4366318,1982,8397,1981,"NZ","",144880,3,2,546,1,14,1,6,1,0.6111,0,5,1,0,0,0.5,0.5
4366831,1983,8404,1980,"NZ","",19240,3,6,137,6,69,3,3,0.6667,0.4444,0.5,14,14.6667,0,0,0,0
4367250,1983,8404,1981,"NZ","",,1,8,428,6,69,16,1,0.8125,0,0.5799,4,19.5,,,,
4367609,1983,8411,1981,"NZ","",109300,3,37,47,6,61,6,9,1,0.5185,0.6667,8.8889,6.5,0.1667,0.1667,0,0
4368685,1983,8418,1981,"NZ","",,1,4,118,1,12,2,2,0.5,0,0,10.5,13,,,,
4368936,1983,8418,1981,"NZ","",,1,14,312,6,65,10,3,0.8,0,0.4688,4,12.5,,,,
4369023,1983,8418,1980,"NZ","",,1,19,425,5,51,2,0,1,,0.5,,12,,,,
4370096,1983,8425,1979,"NZ","",456475,3,18,416,1,19,13,7,0.3077,0.6122,0.625,12.7143,47.1538,0,0,0,0
4371353,1983,8432,1981,"NZ","",,1,6,441,6,69,5,1,1,0,0.32,4,15,,,,
4372011,1983,8439,1981,"NZ","",,1,4,24,6,63,5,19,1,0.7535,0.32,8.8421,6,,,,
4373275,1983,8446,1980,"NZ","",345750,3,1,36,6,63,3,7,0.6667,0.449,0,12.4286,22,0,0,0,0
4373315,1983,8446,1980,"NZ","",,5,1,52,6,69,8,1,0.875,0,0.2449,7,14.375,,,,
4378617,1983,8495,1981,"NZ","",,1,3,24,6,63,4,11,0.75,0.7603,0.4444,7.0909,20.75,,,,
4379541,1983,8502,1980,"NZ","",,1,10,248,6,69,11,4,0.4545,0.375,0.32,9.75,24.2727,,,,
4380124,1983,8509,1980,"NZ","",,4,9,33,6,69,2,2,0,0,,5.5,30.5,,,,
4382969,1983,8530,1981,"NZ","",498470,2,8,426,6,61,18,3,0.6667,0.4444,0.2917,7.6667,21.3889,0,0,0,0
4382970,1983,8530,1980,"NZ","",222560,3,21,426,6,61,7,5,0.7143,0.48,0.56,14.8,17.8571,0,0,0,0
4383580,1983,8537,1980,"NZ","",,1,11,172,6,64,11,7,0.4545,0,0,10.7143,31.6364,,,,
4384830,1983,8544,1980,"NZ","",,1,21,417,5,53,3,0,0.6667,,0.5,,35.6667,,,,
4386307,1983,8551,1980,"NZ","",,1,9,318,4,45,3,2,0,0.5,,8.5,49.3333,,,,
4387093,1983,8558,1981,"NZ","",,1,40,424,3,31,4,4,1,0.375,0,6.75,6.25,,,,
4389799,1983,8579,1979,"NZ","",345850,3,11,404,6,69,11,0,0.2727,,0.6667,,33.0909,0,0,,
4391077,1983,8586,1981,"NZ","",200350,2,4,52,6,69,2,13,0,0.6982,,8.1538,40,0,0,0,0
4392372,1983,8593,1981,"NZ","",199070,3,11,72,5,52,18,0,0.6667,,0.4861,,19.1111,0,0,,
4392373,1983,8593,1980,"NZ","",199070,3,2,72,5,52,10,3,0.7,0.6667,0,5.3333,21.1,0,0,0,0
4393811,1983,8600,1981,"NZ","",,5,9,119,6,61,3,0,0.6667,,0,,26,,,,
4394105,1983,8600,1981,"NZ","",,1,5,414,5,51,4,5,0.5,0.56,0.5,10.4,36.5,,,,
4394583,1983,8600,1979,"NZ","",,1,5,307,4,49,4,9,1,0.716,0.625,14.3333,14.25,,,,
4395492,1983,8607,1981,"NZ","",471525,3,10,435,3,33,8,8,1,0.4063,0.4063,10.375,9.5,0,0,0,0
4399622,1983,8635,1980,"NZ","",,1,25,37,6,64,15,1,0,0,,4,59.4,,,,
4400925,1983,8642,1981,"NZ","",,1,3,52,6,69,6,2,1,0.5,0.2778,10.5,11.3333,,,,
4407077,1983,8677,1981,"NZ","",199070,3,4,34,1,19,4,3,0.5,0.4444,0.5,10.3333,28,0,0,0,0
4407221,1983,8677,1980,"NZ","",399545,3,12,118,1,12,6,1,0.3333,0,0.5,15,40,0,0,0,0
4407485,1983,8677,1981,"NZ","",213620,3,7,256,6,65,2,0,1,,0,,5.5,0,0,,
4409060,1983,8684,1981,"NZ","",631695,3,11,156,1,19,3,2,1,0,0,7,6,0,0,0,0
4410553,1983,8691,1981,"NZ","",,1,7,426,6,61,3,15,0.6667,0.24,0,12.2,10.6667,,,,
4411206,1983,8698,1981,"NZ","",144880,3,7,111,6,61,7,3,0.5714,0,0.375,10.6667,26.7143,0,0,0,0
4412569,1983,8705,1980,"NZ","",618270,3,19,144,5,51,6,4,1,0.375,0,11.25,11.3333,0,0,0,0
4417653,1983,8733,1981,"NZ","",12355,3,6,198,5,59,2,13,1,0.3905,0.5,10.3846,7,0,0,0,0
