5568756,1996,13451,1994,"NZ","",,1,8,83,5,51,7,0,0.4286,,0.4444,,41.4286,,,,
5570889,1996,13458,1995,"NZ","",,1,1,273,6,62,15,0,0.6667,,0.46,,30.1333,,,,
5571845,1996,13458,1994,"NZ","",692753,3,9,514,3,31,0,1,,0,,4,,,,0,0
5571961,1996,13458,1994,"NZ","",440835,3,11,73,4,43,6,0,1,,0.6111,,4.8333,0,0,,
5576499,1996,13472,1995,"NZ","",725229,3,24,73,4,43,5,0,1,,0,,19.2,0,0,,
5578154,1996,13479,1994,"NZ","",,1,5,156,1,19,12,0,1,,0.8056,,10.4167,,,,
5582297,1996,13493,1994,"NZ","",726283,3,4,206,6,68,7,0,0.8571,,0.6667,,19.2857,0,0,,
5587702,1996,13507,1995,"NZ","",,1,20,340,2,21,11,2,0.8182,0,0.4938,2,28.0909,,,,
5588423,1996,13514,1995,"NZ","",199070,3,12,128,3,32,8,0,0.875,,0.6531,,29.875,0,0,,
5589817,1996,13514,1995,"NZ","",,1,22,340,2,21,10,3,1,0,0.18,2,13.2,,,,
5590613,1997,13521,1995,"NZ","",,1,19,112,6,63,9,8,1,0.2188,0.7407,2,10.2222,,,,
5590622,1997,13521,1995,"NZ","",91040,3,17,119,6,61,2,1,1,0,0,1,20.5,0,0,0,0
5595717,1997,13535,1993,"NZ","",561170,3,23,423,1,19,9,0,1,,0.5926,,14.5556,0.1111,0.1111,,
5597963,1997,13542,1994,"NZ","",727603,3,8,73,4,43,8,0,1,,0.2188,,15.125,0,0,,
5598808,1997,13549,1994,"NZ","",91040,3,7,119,6,61,2,0,1,,0.5,,17.5,0,0,,
5598809,1997,13549,1995,"NZ","",,1,20,119,6,61,7,0,0.2857,,0.5,,48.7143,,,,
5599692,1997,13549,1995,"NZ","",704854,3,19,435,3,33,1,0,1,,0,,3,0,0,,
5600094,1997,13549,1995,"NZ","",,1,15,174,4,41,6,0,0.8333,,0,,13.3333,,,,
5601048,1997,13556,1995,"NZ","",,1,20,114,5,55,19,1,0.8421,0,0.7031,2,17.7895,,,,
5601101,1997,13556,1995,"NZ","",727835,3,13,134,6,69,8,0,1,,0.6875,,10.875,0,0,,
5604387,1997,13563,1994,"NZ","",199070,3,15,307,4,49,8,1,1,0,0.75,1,9.125,0.1429,0.125,0,0
5607155,1997,13577,1995,"NZ","",,1,20,273,6,62,7,1,1,0,0,3,14.8571,,,,
5607187,1997,13577,1994,"NZ","",728333,3,2,283,6,69,19,2,1,0.5,0.5706,2,10,0,0,0.5,0.5
5612179,1997,13591,1992,"NZ","",219931,3,36,435,3,33,4,1,1,0,0,4,8.75,0.25,0.25,0,0
5612707,1997,13591,1994,"NZ","",725229,3,10,343,2,21,21,6,1,0.2778,0.1769,2,14.0476,0,0,0,0
5618252,1997,13612,1994,"NZ","",729246,3,8,493,5,51,21,2,0.9524,0.5,0.265,2,17.0952,0,0,0,0
5618542,1997,13612,1994,"NZ","",704854,3,6,424,3,31,2,0,1,,0,,3,0.5,0.5,,
5618776,1997,13612,1994,"NZ","",,1,18,505,4,46,6,0,1,,0,,5.3333,,,,
5619078,1997,13612,1994,"NZ","",,1,13,307,4,49,3,5,1,0.72,0.6667,3,10,,,,
5619141,1997,13612,1994,"NZ","",,1,7,324,4,43,3,0,1,,0,,4.6667,,,,
5619831,1997,13619,1995,"NZ","",729351,3,10,52,6,69,6,0,1,,0.4444,,17,0,0,,
5622658,1997,13626,1995,"NZ","",264865,3,8,264,5,51,7,0,1,,0.6939,,19.5714,0,0,,
5624578,1997,13633,1995,"NZ","",683181,2,16,210,1,19,3,0,1,,0,,7.6667,0,0,,
5625330,1997,13633,1994,"NZ","",729804,3,2,333,2,21,6,3,1,0.4444,0.6111,3,12.6667,0,0,0,0
5630351,1997,13654,1995,"NZ","",730216,3,9,92,5,53,8,0,1,,0.7813,,7.875,0,0,,
5630555,1997,13654,1995,"NZ","",730245,3,11,241,5,51,4,2,0.5,0,0,1,60.25,0,0,0,0
5632716,1997,13661,1996,"NZ","",566225,2,7,600,3,32,7,1,1,0,0.2449,0,7.1429,0.4286,0.4286,0,0
5634425,1997,13668,1995,"NZ","",715286,3,25,114,5,55,14,0,0.7857,,0.7603,,22.6429,0,0,,
5634831,1997,13668,1995,"NZ","",,1,17,440,5,55,7,0,1,,0.6122,,15.2857,,,,
5635637,1997,13668,1995,"NZ","",688633,3,20,73,4,43,3,2,1,0.5,0.4444,2.5,8.6667,0,0,0,0
5636763,1997,13675,1994,"NZ","",,1,26,222,1,19,11,0,1,,0.6612,,11.8182,,,,
5637345,1997,13675,1996,"NZ","",719553,3,8,426,6,61,5,1,1,0,0.48,2,12.6,0,0,0,0
5638706,1997,13682,1995,"NZ","",,1,7,70,6,65,15,0,1,,0.7911,,18.3333,,,,
5638769,1997,13682,1995,"NZ","",,5,16,119,6,61,8,1,0.125,0,0,2,45.5,,,,
5640951,1997,13689,1995,"NZ","",199070,3,28,128,3,32,9,0,1,,0.4444,,10.1111,0,0,,
5641059,1997,13689,1995,"NZ","",,1,4,200,4,41,5,0,0.6,,0,,28.2,,,,
5642557,1997,13696,1996,"NZ","",731280,3,8,24,6,63,11,1,0.9091,0,0.82,1,25.3636,0,0,0,0
5642826,1997,13696,1996,"NZ","",731311,3,10,215,6,68,17,1,0.9412,0,0.7422,1,17.7647,0,0,0,0
5644096,1997,13696,1995,"NZ","",,1,14,84,6,69,4,0,1,,0,,19.25,,,,
5644900,1997,13703,1995,"NZ","",546530,2,6,53,6,68,14,0,0.5,,0.2449,,37,0,0,,
5645831,1997,13703,1996,"NZ","",731590,3,7,424,3,31,5,0,1,,0.48,,7.2,0,0,,
5646094,1997,13703,1995,"NZ","",,1,2,505,4,46,4,0,1,,0,,5,,,,
5651025,1997,13717,1994,"NZ","",213620,3,5,375,2,21,9,1,0.6667,0,0.7778,4,38.2222,0.25,0.1111,0,0
5651380,1997,13724,1995,"NZ","",199070,3,7,134,6,69,5,0,0.8,,0.5,,19.6,0,0,,
5651382,1997,13724,1995,"NZ","",199070,3,7,134,6,69,9,0,0.6667,,0.6111,,26.5556,0,0,,
5652348,1997,13724,1994,"NZ","",357355,3,28,536,1,14,6,1,1,0,0.7778,3,16.3333,0,0,1,1
5655440,1997,13738,1995,"NZ","",,1,14,99,6,61,6,0,1,,0.5,,16,,,,
5655756,1997,13738,1995,"NZ","",732431,3,30,267,5,59,5,0,1,,0.56,,12.2,0,0,,
5656880,1997,13738,1995,"NZ","",732530,3,16,310,4,45,9,0,1,,0.4444,,10.1111,0,0,,
5660020,1997,13752,1995,"NZ","",729351,3,13,52,6,69,6,2,0.6667,0,0,1.5,37.5,0,0,0.5,0.5
5660583,1997,13752,1995,"NZ","",,1,25,452,6,61,7,0,1,,0,,10.7143,,,,
5662511,1997,13759,1995,"NZ","",,5,12,449,6,61,3,0,0.6667,,0,,24,,,,
5665413,1997,13766,1995,"NZ","",,1,40,426,6,61,2,0,1,,0,,4,,,,
5666912,1997,13773,1996,"NZ","",733405,3,28,123,5,53,8,0,0.5,,0,,38.25,0,0,,
5670195,1997,13780,1994,"NZ","",733666,3,8,426,6,61,4,1,1,0,0.625,4,10.25,0,0,0,0
5671582,1997,13787,1995,"NZ","",729351,3,4,52,6,69,9,1,0.4444,0,0,1,45.1111,0,0,1,1
5672503,1997,13787,1995,"NZ","",733873,3,24,435,3,33,1,0,1,,0,,7,0,0,,
5672835,1997,13787,1995,"NZ","",,1,15,84,6,69,9,0,1,,0.1975,,12.6667,,,,
5673720,1997,13794,1995,"NZ","",,1,15,135,6,69,8,1,0.5,0,0.375,2,31.875,,,,
5673757,1997,13794,1995,"NZ","",733984,3,8,172,6,64,2,0,0.5,,0,,44,0,0,,
5674338,1997,13794,1994,"NZ","",734053,7,13,156,1,19,8,0,0.75,,0.7778,,23.5,0,0,,
5676534,1997,13801,1995,"NZ","",,1,31,418,5,53,4,0,1,,0.625,,7,,,,
5677432,1997,13801,1994,"NZ","",734312,3,30,530,1,15,0,0,,,,,,,,,
5678534,1997,13808,1995,"NZ","",552595,2,5,126,6,66,12,4,0.6667,0,0,2.25,28.25,0,0,0.5,0.5
5680222,1997,13808,1995,"NZ","",734530,3,24,358,2,21,11,2,1,0,0.1653,1,12.1818,0,0,0,0
5682775,1997,13822,1995,"NZ","",703168,3,13,70,6,65,13,0,0.7692,,0.32,,25.2308,0,0,,
5685412,1997,13829,1996,"NZ","",,1,6,198,5,59,3,0,1,,0,,2.6667,,,,
5685762,1997,13829,1995,"NZ","",,5,9,449,6,61,2,0,1,,0,,13.5,,,,
5687673,1997,13836,1995,"NZ","",,1,8,119,6,61,1,0,1,,0,,24,,,,
5687994,1997,13836,1995,"NZ","",,1,9,285,6,67,8,0,0.75,,0,,20.375,,,,
5689846,1997,13843,1996,"NZ","",199070,3,4,8,1,11,4,0,1,,0.5,,12.25,0,0,,
5689892,1997,13843,1996,"NZ","",587055,2,14,33,6,69,4,1,0.75,0,0.6667,1,20.25,0,0,0,0
5691371,1997,13843,1995,"NZ","",683852,3,7,514,3,31,0,0,,,,,,,,,
5691735,1997,13843,1996,"NZ","",,1,20,343,2,21,3,0,1,,0,,9.3333,,,,
5692572,1997,13850,1995,"NZ","",,5,6,172,6,64,13,0,0.5385,,0,,32.2308,,,,
5694771,1997,13857,1996,"NZ","",,1,10,60,4,45,3,0,0.6667,,0,,26.6667,,,,
5696131,1997,13857,1995,"NZ","",700869,3,13,514,3,31,3,0,1,,0.4444,,11.6667,0,0,,
5697615,1997,13864,1996,"NZ","",,1,8,273,6,62,6,0,0.6667,,0,,21.6667,,,,
5697629,1997,13864,1995,"NZ","",,1,16,280,5,55,18,2,0.8889,0,0.4922,1.5,21.4444,,,,
5698265,1997,13864,1996,"NZ","",10950,7,11,427,1,12,9,0,1,,0.8395,,19.3333,0,0,,
5701047,1997,13871,1995,"NZ","",199070,3,6,310,4,45,10,0,0.9,,0.6914,,15.1,0,0,,
5701684,1997,13878,1996,"NZ","",199070,3,9,34,1,19,8,0,0.875,,0.449,,17.875,0,0,,
5702052,1997,13878,1995,"NZ","",736382,3,38,229,6,68,14,0,0.5714,,0.2188,,36.7857,0,0,,
5703606,1997,13878,1995,"NZ","",,1,25,345,2,23,5,2,0.6,0.5,0.6667,2,31.8,,,,
5703925,1997,13878,1996,"NZ","",736521,3,17,378,4,44,1,1,1,0,0,1,23,0,0,0,0
5708215,1998,13892,1996,"NZ","",,1,6,73,4,43,8,0,0.5,,0,,40.75,,,,
5709029,1998,13899,1997,"NZ","",737006,3,8,29,5,52,12,0,0.9167,,0.6446,,19.5,0,0,,
5709237,1998,13899,1997,"NZ","",199070,3,4,134,6,69,7,0,1,,0.6939,,19.1429,0,0,,
5710127,1998,13899,1996,"NZ","",725759,3,6,514,3,31,2,0,1,,0,,2,0,0,,
5710808,1998,13899,1995,"NZ","",,1,7,379,2,21,16,0,1,,0,,9.1875,,,,
5711249,1998,13906,1995,"NZ","",219825,2,14,119,6,61,4,0,0.25,,0,,56.25,0,0,,
5711430,1998,13906,1994,"NZ","",737228,3,1,211,6,65,8,0,0.625,,0.32,,36,0,0,,
5713649,1998,13913,1997,"NZ","",737462,3,8,312,6,65,5,2,0.8,0,0.375,1,32.8,0,0,0,0
5714460,1998,13913,1995,"NZ","",218000,2,15,514,3,31,1,0,1,,0,,6,0,0,,
5715281,1998,13913,1996,"NZ","",737565,3,12,375,2,21,16,3,1,0.6667,0.5781,0,4.8125,0,0,0,0
5716847,1998,13920,1995,"NZ","",,5,10,435,3,33,0,0,,,,,,,,,
5718514,1998,13927,1996,"NZ","",546530,2,10,383,6,68,14,0,0.5,,0.2449,,38,0,0,,
5718622,1998,13927,1996,"NZ","",,1,18,451,5,51,13,0,0.6154,,0,,28.9231,,,,
5718623,1998,13927,1996,"NZ","",737912,3,13,452,6,61,3,0,1,,0,,10.3333,0,0,,
5720227,1998,13934,1994,"NZ","",,1,9,108,6,69,10,0,1,,0.18,,13.4,,,,
5720972,1998,13934,1996,"NZ","",738132,3,25,424,3,31,13,0,1,,0.568,,13.3846,0,0,,
5725253,1998,13948,1996,"NZ","",728333,3,12,283,6,69,3,0,1,,0.6667,,5.6667,0.3333,0.3333,,
5725860,1998,13948,1996,"NZ","",683852,3,7,424,3,31,0,0,,,,,,,,,
5726541,1998,13948,1995,"NZ","",159150,3,20,318,4,45,7,1,1,0,0.6939,2,12.5714,0,0,0,0
5726546,1998,13948,1996,"NZ","",199070,3,13,318,4,45,5,0,1,,0.48,,11.2,0.6,0.6,,
5726553,1998,13948,1995,"NZ","",738603,3,19,320,4,45,4,0,1,,0,,5.75,0,0,,
5729613,1998,13955,1996,"NZ","",725229,3,3,381,4,49,11,0,1,,0.1653,,6.6364,0,0,,
5731997,1998,13962,1996,"NZ","",587055,2,46,702,2,22,5,4,1,0.625,0.64,1,2.4,0.4,0.4,0,0
5733228,1998,13969,1996,"NZ","",,1,20,482,5,59,5,2,0.8,0,0,1,27.2,,,,
5734496,1998,13969,1994,"NZ","",249030,3,19,359,5,54,14,3,0.8571,0,0.2917,3.6667,19.5,0,0,0.3333,0.3333
5735172,1998,13976,1996,"NZ","",,1,7,74,5,59,6,1,1,0,0.5,2,18.6667,,,,
5736007,1998,13976,1995,"NZ","",683852,3,10,162,1,19,17,0,0.5882,,0.64,,39.4706,0,0,,
5737790,1998,13983,1996,"NZ","",199070,3,21,8,1,11,3,0,1,,0.4444,,9.3333,0.3333,0.3333,,
5738201,1998,13983,1996,"NZ","",688655,3,7,198,5,59,4,0,1,,0,,3.5,1,1,,
5738257,1998,13983,1995,"NZ","",727491,3,10,224,6,68,13,1,0.5385,0,0.6122,3,31.0769,0,0,0,0
5739081,1998,13983,1993,"NZ","",264865,3,16,504,1,11,0,0,,,,,,,,,
5743281,1998,13997,1995,"NZ","",199070,3,20,134,6,69,6,0,0.8333,,0.72,,31.8333,0,0,,
5745840,1998,13997,1995,"NZ","",737565,3,8,455,2,21,21,1,0.8571,0,0.3642,2,18.8095,0,0,0,0
5748955,1998,14004,1996,"NZ","",,1,19,707,2,22,1,0,1,,0,,13,,,,
5749561,1998,14011,1996,"NZ","",740591,3,13,251,5,53,2,0,0.5,,0,,38.5,0,0,,
5750782,1998,14011,1996,"NZ","",692753,3,4,564,1,14,1,0,1,,0,,6,0,0,,
5755244,1998,14025,1997,"NZ","",199070,3,3,134,6,69,11,0,0.8182,,0.7407,,25.4545,0,0,,
5757637,1998,14025,1996,"NZ","",741165,3,14,363,4,45,3,0,1,,0,,3.6667,0,0,,
5758609,1998,14032,1996,"NZ","",741257,3,20,123,5,53,13,0,0.6154,,0.2188,,30.1538,0,0,,
5760748,1998,14032,1996,"NZ","",587055,2,8,343,2,21,11,0,0.8182,,0.6914,,14.2727,0,0,,
5762262,1998,14039,1997,"NZ","",,1,10,229,6,68,8,1,0.625,0,0.72,1,27.375,,,,
5765581,1998,14046,1996,"NZ","",199070,3,4,134,6,69,9,0,0.8889,,0.2188,,24,0,0,,
5767592,1998,14046,1996,"NZ","",717675,3,11,307,4,49,4,0,1,,0.375,,11.75,0,0,,
5768728,1998,14053,1996,"NZ","",199070,3,21,8,1,11,10,1,1,0,0.54,2,8.5,0.3,0.3,0,0
5768957,1998,14053,1996,"NZ","",,1,16,81,5,59,5,0,0.4,,0.5,,36.8,,,,
5770319,1998,14053,1994,"NZ","",249030,7,28,428,6,69,10,0,0.8,,0.8438,,19.9,0,0,,
5771022,1998,14053,1996,"NZ","",725229,3,10,343,2,21,2,0,1,,0,,14,0,0,,
5771238,1998,14053,1996,"NZ","",,1,6,370,2,21,2,0,1,,0,,5,,,,
5771943,1998,14060,1995,"NZ","",742377,3,10,139,6,63,12,0,0.5,,0.2778,,38.1667,0,0,,
5772562,1998,14060,1996,"NZ","",,1,19,482,5,59,7,3,0.8571,0,0,2,14,,,,
5775028,1998,14067,1996,"NZ","",,1,4,49,5,59,7,0,0.8571,,0.5,,19.4286,,,,
5776325,1998,14067,1997,"NZ","",725229,3,24,204,1,19,5,0,1,,0,,7.6,0,0,,
5777455,1998,14067,1996,"NZ","",738603,2,14,320,4,45,3,0,1,,0.4444,,4.3333,0,0,,
5778464,1998,14074,1996,"NZ","",742908,3,5,4,6,65,4,0,1,,0.5,,18,0,0,,
5778976,1998,14074,1996,"NZ","",742965,3,20,166,6,64,8,1,0.875,0,0.6122,0,16.125,0,0,0,0
5779305,1998,14074,1996,"NZ","",,1,5,297,6,65,8,0,0.875,,0.2449,,21.375,,,,
5782699,1998,14081,1996,"NZ","",,1,13,472,6,62,6,1,0.5,0,0,2,38,,,,
5782738,1998,14081,1995,"NZ","",,1,18,1,6,69,9,0,1,,0.6914,,10.5556,,,,
5783560,1998,14081,1995,"NZ","",725759,3,20,514,3,31,1,0,1,,0,,5,0,0,,
5785167,1998,14088,1996,"NZ","",688655,3,5,198,5,59,4,0,1,,0,,3.5,1,1,,
5787519,1998,14095,1996,"NZ","",,1,6,4,6,65,3,0,1,,0.4444,,13,,,,
5787521,1998,14095,1996,"NZ","",740591,3,16,4,6,65,4,0,0.25,,0,,54.25,0,0,,
5787669,1998,14095,1996,"NZ","",,1,20,52,6,69,6,0,0.3333,,0,,54,,,,
5788097,1998,14095,1996,"NZ","",,1,16,215,6,68,4,0,0.25,,0,,66.25,,,,
5788621,1998,14095,1996,"NZ","",,1,22,494,1,19,5,0,0.8,,0,,24.6,,,,
5789578,1998,14095,1996,"NZ","",357355,3,20,536,1,14,6,0,0.8333,,0.72,,20.5,0,0,,
5791150,1998,14102,1996,"NZ","",686688,3,10,62,6,69,2,1,1,0,0,1,18,0,0,0,0
5791294,1998,14102,1996,"NZ","",587055,2,25,119,6,61,8,0,1,,0.5625,,8.375,0,0,,
5792335,1998,14102,1996,"NZ","",744154,3,9,205,1,19,7,0,0.5714,,0,,26.8571,0,0,,
5799088,1998,14116,1996,"NZ","",,1,19,380,2,22,1,0,1,,0,,19,,,,
5799861,1998,14123,1995,"NZ","",736382,3,24,229,6,68,6,0,0.6667,,0.75,,29.8333,0,0,,
5801339,1998,14123,1995,"NZ","",688633,3,27,177,6,69,7,0,0.8571,,0.6111,,20.5714,0,0,,
5801600,1998,14123,1996,"NZ","",729804,3,20,333,2,21,8,0,1,,0.4688,,11.125,0,0,,
5802185,1998,14123,1995,"NZ","",,1,9,381,4,49,2,1,1,0,0.5,2,19.5,,,,
5802658,1998,14130,1996,"NZ","",745037,3,5,15,6,69,8,0,0.5,,0,,45.25,0,0,,
5806254,1998,14137,1996,"NZ","",,1,6,52,6,69,3,0,1,,0,,8.3333,,,,
5807270,1998,14137,1996,"NZ","",,1,10,600,3,32,4,0,1,,0.375,,14.25,,,,
5807684,1998,14137,1996,"NZ","",,1,2,435,3,33,0,0,,,,,,,,,
5809126,1998,14137,1996,"NZ","",745577,3,13,379,2,21,10,1,1,0,0,1,10.5,0,0,0,0
5809476,1998,14137,1995,"NZ","",,1,22,705,2,22,4,0,1,,0.625,,2.75,,,,
5816237,1998,14158,1997,"NZ","",552595,2,19,126,6,66,4,1,0.5,0,0,1,36.25,1,0.25,0,0
5816990,1998,14158,1996,"NZ","",729246,3,6,493,5,51,34,1,0.9706,0,0.4169,1,16.6471,0,0,0,0
5819992,1998,14165,1996,"NZ","",714942,3,10,222,1,19,9,1,0.7778,0,0.7347,2,22.3333,0,0,1,1
5821638,1998,14165,1996,"NZ","",683852,3,12,307,4,49,17,2,0.7059,0.5,0.7917,1,26.2353,0.1818,0.1176,0.5,0.5
5821708,1998,14165,1995,"NZ","",199070,3,2,318,4,45,5,1,1,0,0.32,3,11.2,0.2,0.2,0,0
5822812,1998,14172,1996,"NZ","",740591,3,10,4,6,65,3,0,0,,,,66.3333,0,0,,
5823931,1998,14172,1997,"NZ","",746940,3,16,602,3,32,9,0,1,,0,,10.2222,0,0,,
5824060,1998,14172,1993,"NZ","",365520,2,29,128,3,32,9,0,1,,0.5185,,16.2222,0,0,,
5824931,1998,14172,1997,"NZ","",747013,3,15,84,6,69,3,0,1,,0,,18.6667,0,0,,
5827640,1998,14179,1996,"NZ","",747271,3,23,435,3,33,8,0,1,,0.2188,,9,0,0,,
5829199,1998,14186,1996,"NZ","",279535,3,24,49,5,59,4,0,1,,0.375,,14.25,0,0,,
5829361,1998,14186,1997,"NZ","",,1,29,108,6,69,13,0,0.4615,,0.5,,39.1538,,,,
5830039,1998,14186,1997,"NZ","",747509,3,13,449,6,61,3,0,1,,0,,9.6667,0,0,,
5830201,1998,14186,1997,"NZ","",,5,26,604,3,32,27,0,0.963,,0.142,,14.8519,,,,
5831573,1998,14186,1996,"NZ","",587055,2,20,701,2,22,9,0,1,,0.7654,,3.6667,0.4,0.2222,,
5832493,1998,14186,1997,"NZ","",587055,2,14,707,2,22,6,1,1,0,0.7778,0,1,0.1667,0.1667,0,0
5834389,1998,14193,1997,"NZ","",725229,3,18,501,1,19,3,0,1,,0.4444,,9.6667,0,0,,
5836273,1998,14200,1997,"NZ","",748047,3,14,123,5,53,6,0,0.8333,,0.32,,20.6667,0,0,,
5838136,1998,14200,1995,"NZ","",738603,3,23,320,4,45,7,0,1,,0.449,,6.7143,0,0,,
5839507,1998,14207,1997,"NZ","",199070,3,9,165,6,66,10,0,0.1,,0,,41.4,0,0,,
5839554,1998,14207,1995,"NZ","",683852,3,10,191,4,49,5,0,1,,0.32,,12,0,0,,
5841012,1998,14207,1997,"NZ","",705465,3,20,585,1,19,3,0,1,,0.6667,,18,0,0,,
5841353,1998,14207,1996,"NZ","",587055,2,20,340,2,21,13,0,1,,0.6746,,7.2308,0.1111,0.0769,,
5841944,1998,14207,1996,"NZ","",199070,3,8,392,4,41,6,0,1,,0.7778,,14,0,0,,
5844325,1998,14214,1996,"NZ","",738603,3,57,307,4,49,3,0,1,,0.6667,,5.3333,0,0,,
5846903,1998,14221,1993,"NZ","",264865,3,8,504,1,11,2,0,1,,0.5,,12,0,0,,
5848524,1998,14228,1997,"NZ","",,1,12,57,6,63,12,0,1,,0.1528,,19.5833,,,,
5848776,1998,14228,1997,"NZ","",749119,3,24,248,6,69,6,0,0.8333,,0.32,,17,0,0,,
5849671,1998,14228,1996,"NZ","",725229,3,25,505,4,46,8,0,1,,0.2188,,3.875,0,0,,
5850020,1998,14228,1996,"NZ","",749202,3,39,800,3,33,2,1,1,0,0,2,4.5,0,0,0,0
5850804,1998,14235,1997,"NZ","",749282,3,23,119,6,61,0,0,,,,,,,,,
5850860,1998,14235,1997,"NZ","",,1,12,142,5,51,6,0,0.5,,0,,42.1667,,,,
5851375,1998,14235,1997,"NZ","",749347,3,36,205,1,19,6,0,1,,0.7222,,10.5,0,0,,
5851943,1998,14235,1997,"NZ","",725229,3,32,501,1,19,9,0,1,,0.642,,10.1111,0,0,,
5855083,1999,14249,1996,"NZ","",,1,,40,6,69,2,0,0.5,,0,,39,,,,
5855133,1999,14249,1996,"NZ","",749665,3,,72,5,52,6,0,1,,0.2778,,28,0,0,,
5855215,1999,14249,1998,"NZ","",,1,,132,6,65,6,1,0.6667,0,0.5,1,31,,,,
5857719,1999,14256,1995,"NZ","",,1,,285,6,67,0,0,,,,,,,,,
5858185,1999,14256,1996,"NZ","",749948,3,,204,1,19,7,0,0.8571,,0.5,,20.8571,0,0,,
5858966,1999,14256,1997,"NZ","",683852,3,,514,3,31,1,0,1,,0,,4,1,1,,
5860235,1999,14263,1995,"NZ","",750098,3,,40,6,69,3,0,1,,0.4444,,19.3333,0,0,,
5860541,1999,14263,1997,"NZ","",,5,,215,6,68,21,0,0.2857,,0.4444,,39.1905,,,,
5860590,1999,14263,1997,"NZ","",736382,3,,229,6,68,11,0,0.8182,,0.3457,,17.2727,0,0,,
5861373,1999,14263,1995,"NZ","",218000,2,,514,3,31,1,1,1,0,0,1,7,0,0,0,0
5861581,1999,14263,1996,"NZ","",547875,2,,177,6,69,8,0,0.875,,0.449,,18.75,0.25,0.125,,
5862233,1999,14263,1994,"NZ","",725229,3,,381,4,49,3,0,1,,0,,6.3333,0,0,,
5865772,1999,14277,1997,"NZ","",,1,,602,3,32,10,0,0.9,,0.5185,,15.5,,,,
5866274,1999,14277,1996,"NZ","",738603,3,,429,4,45,10,0,0.9,,0,,19.3,0,0,,
5867018,1999,14277,1996,"NZ","",725229,3,,323,4,45,12,0,1,,0.7917,,18.5,0,0,,
5871817,1999,14291,1995,"NZ","",721117,3,,427,1,12,2,0,1,,0.5,,6.5,0,0,,
5871824,1999,14291,1997,"NZ","",751174,3,,427,1,12,1,0,1,,0,,19,0,0,,
5872129,1999,14291,1997,"NZ","",683852,3,,514,3,31,2,0,1,,0.5,,21,0,0,,
5873533,1999,14298,1997,"NZ","",,1,,239,5,59,4,0,0.5,,0,,27.75,,,,
5873666,1999,14298,1996,"NZ","",,1,,401,1,12,11,0,0.5455,,0.5,,42.6364,,,,
5873778,1999,14298,1996,"NZ","",133290,3,,454,5,59,2,0,1,,0,,11,0,0,,
5874103,1999,14298,1996,"NZ","",170335,2,,424,3,31,5,0,1,,0.8,,14.8,0,0,,
5875730,1999,14305,1997,"NZ","",751488,2,,114,5,55,2,0,1,,0,,3,0,0,,
5876079,1999,14305,1997,"NZ","",751522,3,,294,5,59,8,0,1,,0,,16.25,0,0,,
5876169,1999,14305,1998,"NZ","",717866,3,,411,5,59,4,0,0.75,,0,,20.25,0,0,,
5876917,1999,14305,1996,"NZ","",751595,3,,435,3,33,0,0,,,,,,,,,
5879875,1999,14312,1996,"NZ","",747271,3,,435,3,33,15,0,1,,0.4356,,9.3333,0,0,,
5881566,1999,14319,1997,"NZ","",199070,3,,62,6,69,7,0,0.5714,,0.375,,25.7143,0,0,,
5882026,1999,14319,1996,"NZ","",,1,,280,5,55,5,0,0.4,,0.5,,44.6,,,,
5882283,1999,14319,1997,"NZ","",,1,,482,5,59,2,0,1,,0.5,,20,,,,
5883817,1999,14319,1996,"NZ","",587055,2,,395,2,22,5,0,1,,0.8,,3.8,0.25,0.2,,
5884764,1999,14326,1997,"NZ","",,1,,206,6,68,11,0,0.7273,,0,,21.3636,,,,
5887353,1999,14333,1997,"NZ","",587055,2,,33,6,69,3,0,1,,0.4444,,7,0,0,,
5890379,1999,14340,1995,"NZ","",,1,,43,6,61,19,0,0.6316,,0,,29.0526,,,,
5891379,1999,14340,1997,"NZ","",683852,3,,264,5,51,2,0,1,,0.5,,17.5,0,0,,
5891886,1999,14340,1997,"NZ","",700869,3,,514,3,31,5,0,1,,0.56,,12.6,0,0,,
5894667,1999,14354,1997,"NZ","",,5,,30,6,65,8,0,0.5,,0.375,,29.5,,,,
5895454,1999,14354,1997,"NZ","",,1,,705,2,22,10,1,1,0,0.34,0,1.6,,,,
5896056,1999,14354,1997,"NZ","",753191,2,,327,4,41,10,0,1,,0.58,,10.8,0,0,,
5898579,1999,14361,1997,"NZ","",683852,3,,363,4,45,15,0,1,,0.8444,,6.1333,0.2727,0.2,,
5898817,1999,14361,1997,"NZ","",199070,3,,392,4,41,14,0,0.9286,,0.5562,,15.3571,0,0,,
5899043,1999,14368,1996,"NZ","",729351,3,,52,6,69,8,0,1,,0.4688,,16.25,0.25,0.25,,
5899245,1999,14368,1998,"NZ","",753492,3,,141,5,51,8,0,0.625,,0.32,,32.5,0,0,,
5899872,1999,14368,1997,"NZ","",746940,3,,602,3,32,10,0,1,,0.18,,9.7,0,0,,
5901314,1999,14368,1996,"NZ","",280070,2,,395,2,22,8,0,1,,0.4063,,3.75,0.25,0.25,,
5901498,1999,14375,1997,"NZ","",753723,3,,47,6,61,2,0,1,,0.5,,6.5,0,0,,
5901501,1999,14375,1997,"NZ","",753724,3,,49,5,59,6,0,0,,,,62.6667,0,0,,
5901875,1999,14375,1997,"NZ","",,1,,221,5,51,2,0,1,,0.5,,29,,,,
5903213,1999,14375,1996,"NZ","",753881,3,,340,2,21,8,0,1,,0.4063,,10.25,0,0,,
5907236,1999,14389,1997,"NZ","",741165,3,,323,4,45,4,0,0.75,,0.4444,,25.25,0,0,,
5907917,1999,14396,1997,"NZ","",,1,,40,6,69,7,0,0.4286,,0.6667,,35.5714,,,,
5911370,1999,14410,1997,"NZ","",53415,3,,241,5,51,6,0,1,,0,,20,0.5,0.1667,,
5912168,1999,14410,1996,"NZ","",749202,3,,435,3,33,3,0,1,,0,,3.6667,0,0,,
5913278,1999,14417,1996,"NZ","",,1,,114,5,55,1,0,1,,0,,5,,,,
5918883,1999,14431,1998,"NZ","",,1,,273,6,62,15,0,0.9333,,0,,18.7333,,,,
5921175,1999,14438,1997,"NZ","",,1,,101,6,69,13,0,0.5385,,0.5714,,44.8462,,,,
5921530,1999,14438,1996,"NZ","",755560,3,,256,6,65,20,0,0.5,,0.34,,46.05,0,0,,
5921897,1999,14438,1997,"NZ","",,1,,482,5,59,3,0,1,,0,,10.3333,,,,
5922673,1999,14438,1997,"NZ","",102555,2,,514,3,31,3,0,1,,0,,4.6667,0,0,,
5922677,1999,14438,1997,"NZ","",683852,3,,514,3,31,3,0,1,,0.4444,,5.3333,0,0,,
5925374,1999,14445,1996,"NZ","",755915,3,,424,3,31,6,0,1,,0.5,,15.1667,0,0,,
5927601,1999,14452,1997,"NZ","",756090,3,,239,5,59,16,0,0.6875,,0.5124,,25.25,0,0,,
5928306,1999,14452,1996,"NZ","",587055,2,,701,2,22,8,1,1,0,0.5313,1,2.25,0.4286,0.375,0,0
5929807,1999,14452,1997,"NZ","",587055,2,,342,2,21,2,0,1,,0.5,,7,1,0.5,,
5931205,1999,14459,1997,"NZ","",756399,3,,141,5,51,7,0,0.8571,,0.7222,,20.5714,0,0,,
5934147,1999,14466,1997,"NZ","",756624,3,,74,5,59,13,0,0.8462,,0.5455,,20.6154,0,0,,
5937582,1999,14473,1996,"NZ","",279535,3,,49,5,59,13,0,0.8462,,0.6446,,16.3077,0,0,,
5942227,1999,14480,1996,"NZ","",683628,2,,424,3,31,10,0,1,,0.58,,9.6,0.25,0.2,,
5945520,1999,14487,1997,"NZ","",357355,3,,536,1,14,10,0,1,,0.82,,12.4,0.1111,0.1,,
5947805,1999,14494,1996,"NZ","",409000,2,,451,5,51,11,0,0.5455,,0.7778,,41.1818,0,0,,
5948513,1999,14494,1994,"NZ","",747717,2,,428,6,69,21,0,1,,0.5669,,11.8095,0,0,,
5950397,1999,14501,1997,"NZ","",758075,3,,52,6,69,21,0,0.8095,,0.1107,,20.7619,0,0,,
5950402,1999,14501,1997,"NZ","",,1,,53,6,68,7,0,1,,0.2449,,6,,,,
5951068,1999,14501,1997,"NZ","",753724,3,,292,6,69,9,0,0.4444,,0.5,,45.8889,0,0,,
5952486,1999,14501,1997,"NZ","",749202,3,,536,1,14,0,0,,,,,,,,,
5954075,1999,14508,1997,"NZ","",746940,3,,135,6,69,6,0,0.6667,,0.375,,25.8333,0,0,,
5955015,1999,14508,1997,"NZ","",758493,3,,264,5,51,19,0,0.9474,,0.2901,,17.3684,0,0,,
5959173,1999,14515,1990,"NZ","",691190,7,,800,3,33,2,0,1,,0,,13,0,0,,
5960789,1999,14522,1996,"NZ","",552595,2,,126,6,66,11,0,0.8182,,0.1975,,21.2727,0.2,0.0909,,
5961002,1999,14522,1997,"NZ","",759014,3,,222,1,19,10,0,0.8,,0.5625,,20.4,0,0,,
5962213,1999,14522,1997,"NZ","",747271,3,,435,3,33,16,0,1,,0.4844,,8.9375,0,0,,
5962781,1999,14522,1997,"NZ","",759150,3,,73,4,43,4,0,0.75,,0,,28.5,0,0,,
5964681,1999,14529,1997,"NZ","",,1,,482,5,59,2,0,1,,0,,5.5,,,,
5968517,1999,14536,1997,"NZ","",,1,,424,3,31,6,0,1,,0.7222,,8.3333,,,,
5968524,1999,14536,1997,"NZ","",749202,3,,424,3,31,7,0,1,,0.2449,,11.5714,0,0,,
5968815,1999,14536,1994,"NZ","",276480,3,,435,3,33,1,0,1,,0,,5,0,0,,
5968933,1999,14536,1997,"NZ","",759702,3,,514,3,31,4,0,1,,0.5,,9,0,0,,
5969708,1999,14536,1996,"NZ","",587055,2,,345,2,23,3,0,1,,0,,2.6667,0,0,,
5969822,1999,14536,1997,"NZ","",759765,3,,356,4,43,35,0,1,,0.6563,,12.2857,0,0,,
5971350,1999,14543,1998,"NZ","",199070,3,,248,6,69,7,0,1,,0.7347,,13.4286,0,0,,
5973413,1999,14543,1998,"NZ","",760086,3,,307,4,49,2,0,1,,0,,7.5,0,0,,
5975598,1999,14550,1997,"NZ","",753724,3,,292,6,69,8,0,0.5,,0.625,,44.375,0,0,,
5980449,1999,14557,1997,"NZ","",199070,3,,600,3,32,7,0,1,,0.449,,7.7143,0,0,,
5984150,1999,14564,1998,"NZ","",714942,3,,222,1,19,10,0,0.8,,0.7813,,21.1,0.1667,0.1,,
5984339,1999,14564,1997,"NZ","",,1,,280,5,55,11,0,0.8182,,0.3457,,20.8182,,,,
5985157,1999,14564,1997,"NZ","",,1,,210,1,19,7,0,1,,0,,9.8571,,,,
5985287,1999,14564,1997,"NZ","",749202,3,,424,3,31,6,0,1,,0.2778,,11.8333,0,0,,
5985848,1999,14564,1997,"NZ","",636945,2,,514,3,31,0,0,,,,,,,,,
5985909,1999,14564,1998,"NZ","",692753,3,,514,3,31,0,0,,,,,,,,,
5987105,1999,14564,1998,"NZ","",199070,3,,379,2,21,2,0,1,,0.5,,2,0,0,,
5988093,1999,14571,1998,"NZ","",761377,2,,114,5,55,5,0,1,,0,,21.4,0,0,,
5994122,1999,14578,1997,"NZ","",761932,3,,435,3,33,6,0,0.5,,0.6667,,43.8333,0,0,,
5995280,1999,14578,1997,"NZ","",249030,7,,359,5,54,10,0,0.8,,0.2188,,20.1,0.1429,0.1,,
5996349,1999,14585,1997,"NZ","",,1,,60,4,45,6,0,1,,0.7778,,10.8333,,,,
5999130,1999,14585,1998,"NZ","",587055,2,,342,2,21,6,0,0.8333,,0.48,,14.3333,0,0,,
6000232,1999,14592,1998,"NZ","",199070,3,,62,6,69,4,0,1,,0.625,,9.75,0,0,,
6001361,1999,14592,1997,"NZ","",749202,3,,424,3,31,6,0,1,,0.4444,,13.3333,0,0,,
6001458,1999,14592,1997,"NZ","",,1,,428,6,69,6,0,0.8333,,0.32,,16.6667,,,,
6003653,1999,14599,1995,"NZ","",762728,3,,198,5,59,9,0,1,,0.5679,,12,0,0,,
6006611,1999,14606,1997,"NZ","",725229,3,,73,4,43,9,0,1,,0,,14.4444,0,0,,
6006615,1999,14606,1998,"NZ","",,1,,73,4,43,5,0,1,,0.64,,15.6,,,,
6006953,1999,14606,1996,"NZ","",,1,,222,1,19,8,0,0.75,,0.6111,,29,,,,
6007377,1999,14606,1998,"NZ","",698102,3,,439,4,41,5,0,1,,0.48,,9.2,0,0,,
6007415,1999,14606,1998,"NZ","",409000,2,,451,5,51,8,0,0.875,,0.6122,,26.25,0,0,,
