4826432,1989,10714,1987,"PT","",,1,11,433,3,39,7,0,0.4286,,0.4444,,31,,,,
4830073,1989,10728,1988,"PT","",374270,3,10,144,5,51,7,4,0.8571,0,0.4444,8,22,0,0,0,0
4830753,1989,10728,1987,"PT","",480850,2,15,210,1,19,3,1,1,0,0.4444,5,7.6667,0.3333,0.3333,0,0
4842029,1989,10770,1988,"PT","",374270,3,8,144,5,51,5,5,0,0.56,,4.6,82.6,0,0,0,0
4848822,1989,10791,1988,"PT","",,1,8,296,5,55,4,4,1,0.375,0,6.25,9,,,,
4857235,1989,10819,1987,"PT","",444970,3,13,552,1,14,6,3,1,0.4444,0.7222,3.3333,5.5,0.5,0.5,0.3333,0.3333
4863639,1989,10840,1987,"PT","",444970,3,4,552,1,14,3,3,1,0.6667,0.6667,5,3,1,1,0.3333,0.3333
4872804,1989,10875,1987,"PT","",,1,19,415,5,53,25,0,0.4,,0.18,,44.72,,,,
4877559,1989,10896,1986,"PT","",444975,3,16,552,1,14,8,1,1,0,0.375,4,8.75,0,0,0,0
4886099,1989,10938,1988,"PT","",374270,3,10,144,5,51,8,4,0.125,0,0,5.5,55.75,0,0,0,0
4886198,1989,10938,1988,"PT","",,1,11,225,5,51,5,3,0.6,0,0,3.6667,32.2,,,,
4898718,1990,10994,1987,"PT","",105020,3,13,422,1,19,2,3,1,0,0.5,8,10,0,0,0,0
4901514,1990,11008,1989,"PT","",,1,6,56,6,61,6,1,1,0,0,2,12.1667,,,,
4911865,1990,11043,1989,"PT","",444970,3,13,552,1,14,10,3,1,0.6667,0.58,1.3333,12.8,0.25,0.2,0.3333,0.3333
4913892,1990,11050,1985,"PT","",258645,3,11,424,3,31,1,0,1,,0,,13,0,0,,
4915973,1990,11057,1988,"PT","",,1,2,424,3,31,1,2,0,0.5,,8,64,,,,
4964925,1990,11253,1989,"PT","",491685,3,2,148,5,52,2,1,1,0,0.5,5,2,0,0,0,0
4968654,1990,11267,1989,"PT","",444970,3,7,502,1,19,2,1,1,0,0.5,1,3.5,1,1,1,1
4981584,1991,11323,1989,"PT","",,1,6,210,1,19,4,3,1,0.4444,0.5,6,11,,,,
5008674,1991,11428,1989,"PT","",76775,7,8,341,2,22,8,11,1,0.4298,0.5625,4.5455,8.375,0,0,0,0
5019542,1991,11470,1990,"PT","",465080,3,13,502,1,19,4,2,0.5,0.5,0.5,6.5,28,0,0,0,0
5023216,1991,11484,1989,"PT","",121805,3,6,501,1,19,4,1,1,0,0,4,4.25,0.25,0.25,0,0
5026693,1991,11498,1990,"PT","",258645,3,24,514,3,31,2,1,1,0,0,7,15,0,0,0,0
5031761,1991,11519,1989,"PT","",,1,14,206,6,68,11,11,0.9091,0.3967,0.42,4.8182,13.6364,,,,
5034099,1991,11526,1989,"PT","",551100,3,5,162,1,19,5,3,1,0.4444,0.56,6.3333,9.4,0.3333,0.2,0,0
5075470,1991,11680,1990,"PT","",444970,3,8,556,1,14,11,0,1,,0.5289,,8.9091,0.5,0.4545,,
5096500,1992,11764,1990,"PT","",465080,3,10,127,1,11,6,3,0.6667,0,0.375,5,26.6667,0,0,0,0
