5592584,1997,13521,1994,"PT","",722326,2,6,704,2,22,11,6,1,0,0.1653,2,6,0,0,0.1667,0.1667
5595054,1997,13535,1994,"PT","",727353,3,10,56,6,61,12,0,1,,0.1528,,26.1667,0,0,,
5608172,1997,13577,1995,"PT","",570160,2,12,73,4,43,17,0,1,,0.7682,,11.8824,0.1765,0.1765,,
5632473,1997,13661,1994,"PT","",,1,6,267,5,59,17,2,0.2941,0,0.64,3.5,55.7647,,,,
5636522,1997,13675,1995,"PT","",,1,20,62,6,69,2,0,0.5,,0,,22,,,,
5673686,1997,13794,1995,"PT","",444970,3,10,128,3,32,29,1,0.8621,0,0.1472,2,17.7241,0,0,0,0
5674434,1997,13794,1996,"PT","",,1,7,261,1,19,4,0,0.25,,0,,59.75,,,,
5696329,1997,13857,1996,"PT","",570160,2,4,73,4,43,9,0,1,,0.7901,,16,0,0,,
5714312,1998,13913,1995,"PT","",737524,3,36,435,3,33,0,0,,,,,,,,,
5753646,1998,14018,1996,"PT","",740891,3,10,514,3,31,1,0,1,,0,,3,0,0,,
5762344,1998,14039,1996,"PT","",491685,3,15,279,6,69,4,0,0.25,,0,,52.25,0,0,,
5785454,1998,14088,1996,"PT","",743505,3,2,405,6,64,9,0,0.7778,,0,,21.7778,0,0,,
5785637,1998,14088,1996,"PT","",,1,8,494,1,19,5,0,0.6,,0.6667,,51.6,,,,
5807182,1998,14137,1996,"PT","",,1,15,473,6,62,5,0,1,,0.32,,29,,,,
5823765,1998,14172,1997,"PT","",63295,2,13,431,6,66,4,0,0.75,,0.4444,,21.25,0.3333,0.25,,
5836179,1998,14200,1996,"PT","",,1,10,66,6,63,8,0,1,,0.2188,,8.375,,,,
5847937,1998,14221,1997,"PT","",512710,3,9,361,4,45,5,0,1,,0.64,,9.4,0.2,0.2,,
5851271,1998,14235,1996,"PT","",,1,6,96,1,13,11,0,0.2727,,0.6667,,48.0909,,,,
5854530,1998,14242,1996,"PT","",63295,2,21,310,4,45,23,0,1,,0.6465,,15.1304,0,0,,
5866566,1999,14277,1997,"PT","",740891,3,,514,3,31,2,0,1,,0.5,,9,0,0,,
5884351,1999,14326,1997,"PT","",,1,,5,6,65,9,0,1,,0.1975,,13.5556,,,,
5901707,1999,14375,1995,"PT","",753745,2,,128,3,32,2,0,1,,0.5,,20,0,0,,
5932106,1999,14459,1996,"PT","",465080,3,,210,1,19,2,0,0.5,,0,,33,0,0,,
5972340,1999,14543,1998,"PT","",,1,,424,3,31,3,0,1,,0.4444,,4.6667,,,,
