4461590,1984,8971,1981,"PT","",,1,2,401,1,12,5,0,0.6,,0,,39,,,,
4500458,1985,9181,1983,"PT","",444970,3,20,552,1,14,5,10,1,0.48,0,3.5,8.2,0,0,0.5,0.5
4518081,1985,9272,1983,"PT","",,1,4,206,6,68,4,5,0.75,0,0,9,19.25,,,,
4544906,1985,9405,1984,"PT","",601715,2,6,336,4,41,2,0,0.5,,0,,34,0,0,,
4550096,1985,9433,1983,"PT","",444970,3,17,502,1,19,11,10,1,0.46,0.5124,4.7,8.8182,0.1111,0.0909,0.5556,0.5
4597904,1986,9678,1984,"PT","",258645,3,13,552,1,14,14,7,1,0.4082,0,4,12.1429,0,0,0,0
4615444,1986,9776,1985,"PT","",,1,7,206,6,68,11,15,0.4545,0.5867,0.48,7.6667,28.2727,,,,
4634028,1987,9867,1984,"PT","",,1,10,222,1,19,3,5,0.6667,0.72,0,8.8,18.6667,,,,
4637517,1987,9881,1984,"PT","",,1,1,211,6,65,8,1,0.25,0,0.5,5,52.625,,,,
4655971,1987,9958,1984,"PT","",444970,3,25,552,1,14,3,1,1,0,0.6667,10,12.6667,0.5,0.3333,0,0
4659513,1987,9972,1986,"PT","",175395,3,6,530,1,15,1,0,1,,0,,3,1,1,,
4706924,1987,10182,1984,"PT","",,1,18,249,6,69,7,3,0.8571,0.4444,0.5,10,22.2857,,,,
4727696,1988,10287,1985,"PT","",,1,15,52,6,69,11,0,0.8182,,0.642,,15.4545,,,,
4743699,1988,10357,1985,"PT","",444970,3,14,556,1,14,9,12,1,0.6528,0.4938,4.5,7.7778,0.2222,0.2222,0.3636,0.3333
4744486,1988,10364,1986,"PT","",507185,2,3,220,6,68,3,1,0.6667,0,0,6,26.3333,0,0,0,0
4763594,1988,10455,1987,"PT","",,1,2,114,5,55,4,1,0.5,0,0,5,22.5,,,,
4779873,1988,10525,1986,"PT","",,1,8,273,6,62,4,1,0.25,0,0,11,37.5,,,,
