4061676,1977,6549,1976,"PT","",,1,7,552,1,14,4,3,1,0,0.375,12,7,,,,
4075853,1978,6633,1976,"PT","",282150,3,5,405,6,64,1,2,0,0.5,,4,59,0,0,0,0
4083334,1978,6675,1974,"PT","",,1,14,123,5,53,11,1,0.5455,0,0,4,11.7273,,,,
4103615,1978,6787,1976,"PT","",516325,3,12,101,6,69,10,6,0.9,0.5,0.1975,5.6667,7,0,0,0,0
4126518,1978,6899,1977,"PT","",181155,3,9,201,1,19,11,0,0.5455,,0.5,,33.6364,0,0,,
4236455,1980,7641,1976,"PT","",,1,23,104,5,55,3,1,0.6667,0,0.5,14,34,,,,
4248921,1981,7704,1978,"PT","",,1,22,428,6,69,10,14,0.7,0.7143,0.5714,10.8571,11.7,,,,
4261484,1981,7774,1979,"PT","",,1,7,222,1,19,6,3,0.5,0,0.4444,4.6667,29.1667,,,,
4275155,1981,7844,1979,"PT","",,1,6,435,3,33,1,1,1,0,0,12,5,,,,
4307654,1981,8033,1979,"PT","",279315,3,6,91,5,53,1,7,1,0.4082,0,14.2857,12,0,0,0,0
4315695,1982,8082,1979,"PT","",,1,3,401,1,12,3,5,0.3333,0.32,0,6.8,19.3333,,,,
4317047,1982,8089,1979,"PT","",,1,8,290,4,45,6,11,0.3333,0.6281,0.5,10.0909,43.3333,,,,
4335110,1982,8201,1980,"PT","",420745,3,11,424,3,31,2,11,0.5,0.4463,0,7.1818,20.5,0,0,0,0
4343226,1982,8257,1979,"PT","",197185,3,7,91,5,53,7,10,0.4286,0.58,0.4444,5.9,31.1429,0,0,0,0
4343739,1982,8257,1981,"PT","",444970,3,9,552,1,14,1,1,1,0,0,1,5,1,1,0,0
4344530,1982,8264,1980,"PT","",280270,2,12,206,6,68,8,28,0.5,0.5459,0.5,11.2857,19.75,0,0,0.08,0.0714
4373511,1983,8446,1980,"PT","",,1,15,126,6,66,10,11,0.1,0.5455,0,10.5455,53.4,,,,
4391742,1983,8586,1980,"PT","",,1,7,252,1,19,4,13,1,0.8166,0.625,7.1538,5.25,,,,
4404194,1983,8656,1981,"PT","",61460,3,5,514,3,31,3,5,1,0.64,0.6667,10,4.3333,0,0,0,0
4410099,1983,8691,1981,"PT","",280270,2,6,220,6,68,24,31,0.7083,0.3975,0.5882,11.5161,14.5833,0,0,0.1034,0.0968
4416373,1983,8726,1982,"PT","",,1,4,206,6,68,3,24,1,0.6076,0.6667,8.9167,4.3333,,,,
