5205121,1993,12170,1991,"PT","",,1,9,56,6,61,4,1,1,0,0,3,13.75,,,,
5250105,1993,12331,1991,"PT","",695552,3,4,106,1,12,4,24,1,0.4236,0.375,4.5,19,0,0,0,0
5275244,1994,12422,1992,"PT","",,5,6,169,6,69,4,0,0.75,,0.4444,,25.25,,,,
5282884,1994,12450,1992,"PT","",444970,3,20,75,5,52,1,0,1,,0,,7,0,0,,
5299595,1994,12513,1993,"PT","",700187,3,10,137,6,69,3,1,1,0,0.4444,4,15.6667,0,0,0,0
5327732,1994,12611,1992,"PT","",,5,3,62,6,69,2,3,1,0.4444,0,4.6667,21,,,,
5345983,1994,12674,1993,"PT","",374270,3,14,144,5,51,6,0,0.6667,,0.375,,26.8333,0,0,,
5364424,1994,12737,1993,"PT","",,1,7,96,1,13,10,1,0.8,0,0.5,4,28.7,,,,
5415110,1995,12919,1994,"PT","",,1,24,110,6,66,6,0,0.8333,,0.32,,16,,,,
5440050,1995,13003,1994,"PT","",689074,2,11,549,1,14,2,0,1,,0,,22.5,0,0,,
5454030,1995,13052,1995,"PT","",17020,3,18,379,2,21,6,13,1,0.2722,0.5,1,3.1667,0,0,0,0
5490235,1996,13185,1994,"PT","",405815,3,3,704,2,22,7,4,1,0.625,0.6939,2.25,3.8571,0,0,0.5,0.5
5493986,1996,13206,1995,"PT","",,1,12,117,1,19,5,0,1,,0.56,,11,,,,
5517030,1996,13283,1994,"PT","",,1,18,250,4,44,3,0,1,,0,,13.3333,,,,
