3615064,1971,4316,1968,"PT","",601640,3,,242,5,51,,5,,0.32,,12.6,,,,0,0
3616609,1971,4323,1969,"PT","",568710,3,,96,1,13,,0,,,,,,,,,
3631934,1972,4386,1970,"PT","",325805,3,,175,6,64,,2,,0.5,,22,,,,0,0
3637463,1972,4407,1967,"PT","",281835,2,,435,3,33,,1,,0,,9,,,,0,0
3646508,1972,4442,1968,"PT","",,1,,340,2,21,,3,,0.4444,,19.3333,,,,,
3668600,1972,4540,1970,"PT","",451535,3,,338,4,41,,6,,0.2778,,16.8333,,,,0,0
3673690,1972,4568,1970,"PT","",,1,,33,6,69,,3,,0,,18.3333,,,,,
3692357,1972,4645,1970,"PT","",,4,,299,6,64,,1,,0,,6,,,,,
3696576,1972,4666,1969,"PT","",183845,3,,52,6,69,,9,,0.5185,,17.7778,,,,0,0
3761498,1973,5016,1972,"PT","",444970,3,,552,1,14,,1,,0,,4,,,,0,0
3773803,1973,5072,1972,"PT","",,1,,552,1,14,,0,,,,,,,,,
3792046,1974,5156,1972,"PT","",,1,,540,1,14,,0,,,,,,,,,
3807545,1974,5233,1971,"PT","",520655,3,,400,5,59,,0,,,,,,,,,
3828791,1974,5338,1973,"PT","",,1,,606,3,32,,27,,0.1399,,17.7407,,,,,
3834395,1974,5366,1973,"PT","",,1,,606,3,32,,5,,0,,19.8,,,,,
3835468,1974,5366,1972,"PT","",,1,,341,2,22,,1,,0,,16,,,,,
3849491,1974,5436,1971,"PT","",,1,,552,1,14,,4,,0.375,,13.75,,,,,
3882990,1975,5611,1973,"PT","",368465,3,8,400,5,59,11,17,0.8182,0,0,4.4118,17.0909,0,0,0,0
3883958,1975,5618,1974,"PT","",,1,26,34,1,19,6,3,0.6667,0.6667,0,12.3333,8.8333,,,,
3888551,1975,5639,1973,"PT","",,1,1,303,5,53,7,2,0.4286,0,0.4444,14.5,20.7143,,,,
3898104,1975,5695,1973,"PT","",,1,3,429,4,45,6,0,0.8333,,0.32,,8,,,,
3909121,1975,5751,1974,"PT","",,1,11,352,5,54,3,0,0,,,,23.3333,,,,
3918423,1975,5793,1974,"PT","",,4,5,123,5,53,4,4,0,0,,7.5,27,,,,
3927094,1975,5828,1973,"PT","",,1,16,552,1,14,4,1,0.25,0,0,21,14.5,,,,
3941264,1976,5905,1974,"PT","",,1,5,414,5,51,1,1,0,0,,19,14,,,,
3981080,1976,6108,1975,"PT","",,1,7,33,6,69,5,1,0,0,,2,38.6,,,,
4011683,1977,6283,1975,"PT","",,1,9,446,6,62,4,6,0.5,0.2778,0.5,17.5,25.75,,,,
4024131,1977,6346,1975,"PT","",444970,3,30,540,1,14,5,5,1,0.48,0.32,5.8,5.6,0,0,0.5,0.4
4029321,1977,6374,1976,"PT","",,1,3,273,6,62,9,2,0.2222,0,0,14,41,,,,
