4808219,1989,10651,1987,"LU","",,1,10,75,5,52,4,0,0.5,,0.5,,34.25,,,,
4812092,1989,10665,1988,"LU","",431545,3,4,414,5,51,4,0,1,,0.375,,12.25,0.5,0.25,,
4812100,1989,10665,1988,"LU","",431545,3,10,414,5,51,2,1,1,0,0.5,9,6.5,0,0,0,0
4815696,1989,10679,1987,"LU","",431545,3,8,251,5,53,12,2,0.8333,0.5,0.72,5.5,14,0.5,0.25,0,0
4820105,1989,10693,1987,"LU","",431545,3,8,414,5,51,5,2,1,0.5,0.32,6.5,12.6,1,0.8,0,0
4821998,1989,10700,1987,"LU","",431545,3,16,251,5,53,11,3,0.8182,0.6667,0.716,7,13,0.5,0.2727,0,0
4822229,1989,10700,1987,"LU","",431545,3,12,414,5,51,10,3,0.9,0.6667,0.1975,7.3333,16.2,0.7143,0.5,0.3333,0.3333
4823853,1989,10707,1986,"LU","",228390,2,1,152,5,55,4,7,0.25,0.2449,0,8.1429,28.5,1,0.25,0.6667,0.5714
4823855,1989,10707,1987,"LU","",228390,2,34,152,5,55,7,10,0.8571,0,0,4.6,11.2857,0.3333,0.2857,0.6,0.6
4827689,1989,10721,1987,"LU","",,5,2,52,6,69,10,4,1,0.625,0.54,4,11.9,,,,
4832101,1989,10735,1988,"LU","",228390,2,7,152,5,55,31,5,0.871,0.32,0.5953,2.2,13.2258,0.16,0.129,0.2,0.2
4844292,1989,10777,1988,"LU","",431545,3,9,222,1,19,11,4,0.1818,0.375,0.5,3.5,34.1818,0,0,0,0
4845970,1989,10784,1986,"LU","",35195,3,9,72,5,52,5,1,0.4,0,0.5,3,35.2,0,0,0,0
4854612,1989,10812,1988,"LU","",228390,2,21,285,6,67,18,0,0.7222,,0.8047,,20.1111,0,0,,
4855008,1989,10812,1988,"LU","",228390,2,5,156,1,19,6,1,1,0,0,2,14.5,0.75,0.5,0,0
4859131,1989,10826,1988,"LU","",431545,3,5,414,5,51,6,0,0.8333,,0.56,,17,0.75,0.5,,
4863509,1989,10840,1987,"LU","",95705,3,38,75,5,52,1,3,1,0.6667,0,4.6667,18,0,0,0,0
4865099,1989,10847,1988,"LU","",228390,2,5,152,5,55,3,2,1,0,0,5.5,7.6667,0.3333,0.3333,0,0
4869307,1989,10861,1988,"LU","",228390,2,19,152,5,55,17,14,0.8824,0.1327,0.4178,3.1429,15.0588,0.0714,0.0588,0.2143,0.2143
4869406,1989,10861,1988,"LU","",431545,3,14,222,1,19,1,0,0,,,,65,0,0,,
4878797,1989,10903,1988,"LU","",431545,3,9,414,5,51,6,1,0.6667,0,0.625,5,20.5,1,0.5,0,0
4882205,1989,10917,1987,"LU","",183855,3,12,427,1,12,11,4,1,0.625,0.6281,7.25,11.6364,0,0,0,0
4883259,1989,10924,1988,"LU","",431545,3,11,266,5,52,1,2,1,0,0,4.5,4,0,0,0.5,0.5
4886708,1989,10938,1987,"LU","",183855,3,17,428,6,69,3,1,1,0,0.4444,3,10.3333,0,0,0,0
4887645,1989,10945,1989,"LU","",96430,3,1,137,6,69,3,9,1,0.8642,0.4444,5.3333,3,0,0,0,0
4889004,1989,10952,1984,"LU","",431545,3,15,74,5,59,6,2,1,0,0.7222,7,12,0.2,0.1667,0,0
4889008,1989,10952,1985,"LU","",431545,3,8,74,5,59,12,0,0.5833,,0.5714,,24.75,0.2,0.0833,,
4891822,1990,10959,1989,"LU","",,1,20,373,6,66,4,0,1,,0.625,,19.5,,,,
4893665,1990,10973,1988,"LU","",228390,2,5,152,5,55,29,6,0.8621,0.7778,0.5248,7,15.1724,0.1667,0.1379,0.1667,0.1667
4893735,1990,10973,1988,"LU","",431545,3,10,222,1,19,4,1,1,0,0.625,8,20.25,0,0,0,0
4893791,1990,10973,1988,"LU","",431545,3,14,266,5,52,2,4,1,0,0,3.5,9.5,0.5,0.5,1,1
4893794,1990,10973,1988,"LU","",431545,3,5,266,5,52,1,3,1,0.4444,0,3,4,1,1,0.5,0.3333
4911595,1990,11043,1988,"LU","",431545,3,7,414,5,51,0,1,,0,,5,,,,1,1
4913282,1990,11050,1989,"LU","",,1,13,206,6,68,16,3,0.6875,0.6667,0.7934,3.3333,20.75,,,,
4929298,1990,11106,1988,"LU","",228390,2,10,156,1,19,14,0,0.8571,,0.1528,,16.6429,0.4,0.2857,,
4931327,1990,11113,1989,"LU","",381140,2,21,428,6,69,15,15,1,0.5867,0.6489,4.7333,4.6,0.3333,0.3333,0.0714,0.0667
4940005,1990,11148,1989,"LU","",431545,3,5,110,6,66,3,2,1,0.5,0.4444,2,11.6667,0.5,0.3333,1,1
4941792,1990,11155,1989,"LU","",431545,3,7,414,5,51,11,7,1,0.6122,0.6446,5,9.8182,0.875,0.6364,0.5714,0.5714
4944213,1990,11169,1988,"LU","",595665,3,11,89,5,59,5,0,0.6,,0.4444,,22.4,0,0,,
4949515,1990,11190,1987,"LU","",,1,13,52,6,69,11,2,0.7273,0,0,6,24.3636,,,,
4961980,1990,11239,1989,"LU","",183855,3,11,428,6,69,11,0,1,,0.6281,,12.6364,0,0,,
4962803,1990,11246,1985,"LU","",228390,2,5,152,5,55,7,1,1,0,0,9,11.2857,0,0,0,0
4971297,1990,11281,1989,"LU","",35195,3,19,266,5,52,7,4,0.8571,0.375,0,7.25,13,0.2,0.1429,0,0
4976804,1990,11302,1989,"LU","",228390,2,8,156,1,19,6,1,1,0,0,5,11.8333,0.6667,0.6667,0,0
4986516,1991,11344,1989,"LU","",431545,3,8,266,5,52,3,2,0.6667,0.5,0.5,5,30,0.5,0.3333,0,0
4987838,1991,11351,1989,"LU","",431545,3,11,110,6,66,5,4,0.8,0.625,0.375,3,26.6,0.6667,0.4,0.5,0.5
4989658,1991,11358,1989,"LU","",228390,2,15,152,5,55,1,6,1,0.2778,0,2.3333,2,1,1,0.1667,0.1667
4989803,1991,11358,1986,"LU","",381140,2,1,242,5,51,14,2,1,0,0.2551,7.5,9,0.25,0.0714,0,0
4989832,1991,11358,1989,"LU","",96430,3,12,251,5,53,7,0,0.5714,,0.625,,37.8571,0,0,,
4993691,1991,11372,1989,"LU","",35195,3,16,266,5,52,1,3,1,0,0,4,3,1,1,0.6667,0.6667
4998511,1991,11393,1988,"LU","",,1,4,123,5,53,12,1,1,0,0,7,14,,,,
5009398,1991,11435,1989,"LU","",431545,3,9,266,5,52,1,1,1,0,0,3,18,0,0,1,1
5011051,1991,11442,1989,"LU","",96490,3,15,222,1,19,4,0,1,,0,,8,0,0,,
5018923,1991,11470,1989,"LU","",431545,3,9,414,5,51,12,8,0.8333,0.5938,0.68,4.5,17.5833,0.625,0.4167,0.2857,0.25
5019447,1991,11470,1989,"LU","",381140,2,7,428,6,69,3,6,1,0.2778,0.6667,4.1667,8,0,0,0.5,0.5
5022361,1991,11484,1990,"LU","",219155,2,17,123,5,53,9,2,0.8889,0,0,4.5,11,0,0,0,0
5022806,1991,11484,1989,"LU","",431545,3,15,414,5,51,9,6,0.8889,0.6111,0.4063,6.5,12.1111,0.625,0.5556,0.6667,0.6667
5036896,1991,11540,1990,"LU","",228390,2,10,152,5,55,15,3,0.9333,0.4444,0.1327,3,10.5333,0.2143,0.2,1,1
5037063,1991,11540,1990,"LU","",96430,3,2,251,5,53,6,2,0.6667,0,0,3.5,19.3333,0,0,0,0
5037066,1991,11540,1990,"LU","",96430,3,3,251,5,53,11,10,0.3636,0.58,0.375,5.3,28,0,0,0,0
5037069,1991,11540,1990,"LU","",431545,3,3,266,5,52,1,1,1,0,0,2,1,1,1,1,1
5039068,1991,11547,1989,"LU","",431545,3,5,266,5,52,1,5,1,0.56,0,5.4,8,1,1,0.6667,0.4
5046908,1991,11575,1989,"LU","",431545,3,5,414,5,51,7,4,0.7143,0.625,0.32,6.5,18.2857,0.4,0.2857,0.75,0.75
5048554,1991,11582,1990,"LU","",96430,3,3,137,6,69,3,10,0.6667,0.42,0,5.6,22.6667,0,0,0,0
5050797,1991,11589,1990,"LU","",312880,3,4,238,5,55,7,0,0.4286,,0,,32.7143,0,0,,
5056968,1991,11610,1990,"LU","",,5,3,408,5,51,5,0,1,,0.32,,7.4,,,,
5063960,1991,11638,1991,"LU","",96430,3,7,137,6,69,3,1,1,0,0.4444,2,11.3333,0,0,0,0
5064295,1991,11638,1990,"LU","",35195,3,8,374,4,43,9,3,0.8889,0,0.4688,3,15.7778,0,0,0,0
5067520,1991,11652,1991,"LU","",96430,3,5,137,6,69,5,2,0.8,0.5,0.375,2.5,21.8,0,0,0,0
5071199,1991,11666,1990,"LU","",219155,2,4,303,5,53,4,6,1,0.5,0.375,2.6667,2.25,0.75,0.75,1,1
5076737,1991,11687,1990,"LU","",431545,3,7,406,5,59,4,0,0.5,,0,,23.25,0,0,,
5082711,1992,11708,1990,"LU","",595900,3,12,428,6,69,6,0,1,,0.5,,10.3333,0.1667,0.1667,,
5082901,1992,11708,1990,"LU","",228390,2,2,525,1,15,5,6,1,0.2778,0.48,5.3333,2.2,0.2,0.2,0.3333,0.3333
5085259,1992,11722,1990,"LU","",228390,2,13,152,5,55,4,1,0.75,0,0,4,12.75,0.3333,0.25,1,1
5091236,1992,11743,1991,"LU","",381140,2,20,428,6,69,9,26,1,0.142,0.3704,3.2692,9.1111,0.5556,0.5556,0.2308,0.2308
5095963,1992,11764,1990,"LU","",228390,2,7,152,5,55,4,3,0.5,0,0,5.3333,23.75,0,0,0,0
5097882,1992,11771,1989,"LU","",228390,2,16,152,5,55,9,2,0.5556,0,0,2.5,30.7778,0.4,0.2222,0.5,0.5
5098452,1992,11771,1990,"LU","",165265,2,5,264,5,51,6,0,0.6667,,0.75,,21.6667,0,0,,
5100046,1992,11778,1990,"LU","",312880,3,5,228,5,52,9,0,0.7778,,0.6122,,27.3333,0,0,,
5101853,1992,11785,1990,"LU","",431545,3,13,137,6,69,15,7,0.8667,0.5714,0.497,6.4286,19.7333,0,0,0,0
5108192,1992,11806,1991,"LU","",431545,3,6,374,4,43,5,1,1,0,0.48,3,15.8,0,0,0,0
5116635,1992,11834,1990,"LU","",682838,3,4,427,1,12,12,1,0.75,0,0.3704,5,21.75,0,0,0,0
5119743,1992,11848,1991,"LU","",431545,3,8,110,6,66,5,2,1,0.5,0.32,1,9.8,0.8,0.8,0.5,0.5
5123632,1992,11862,1990,"LU","",431545,3,7,266,5,52,4,0,1,,0.625,,13.25,0.5,0.25,,
5124102,1992,11862,1990,"LU","",165265,2,22,264,5,51,24,6,0.8333,0.6667,0.81,4.1667,15.0833,0.1765,0.125,0.5,0.5
5127633,1992,11876,1991,"LU","",431545,3,16,266,5,52,1,1,1,0,0,7,14,0,0,0,0
5134941,1992,11904,1991,"LU","",502160,3,19,104,5,55,5,0,0.6,,0.6667,,42.8,0,0,,
5135038,1992,11904,1990,"LU","",228390,2,13,152,5,55,1,7,1,0.2449,0,2.8571,18,0,0,0,0
5135692,1992,11904,1991,"LU","",165265,2,11,264,5,51,15,4,0.7333,0.625,0.7438,3.25,20.8667,0.375,0.2,0.75,0.75
5141139,1992,11925,1991,"LU","",96490,3,20,222,1,19,1,2,1,0,0,5.5,19,0,0,0,0
5144983,1992,11939,1990,"LU","",263135,3,6,137,6,69,0,4,,0.375,,3.25,,,,0.25,0.25
5146796,1992,11946,1991,"LU","",431545,3,12,73,4,43,5,2,0.6,0.5,0.4444,3.5,27,0.6667,0.4,0,0
5157821,1992,11988,1990,"LU","",165265,2,10,29,5,52,9,0,1,,0.6667,,18.4444,0,0,,
5166589,1992,12016,1991,"LU","",431545,3,8,318,4,45,17,1,1,0,0.7612,5,8.8235,0.0667,0.0588,0,0
5167904,1992,12023,1991,"LU","",431545,3,14,266,5,52,2,2,1,0.5,0,1.5,14.5,1,0.5,0.5,0.5
5173197,1992,12044,1991,"LU","",96490,3,20,222,1,19,8,1,1,0,0.5625,1,6.125,0,0,0,0
5173198,1992,12044,1991,"LU","",35195,3,9,222,1,19,0,0,,,,,,,,,
5176954,1993,12058,1991,"LU","",381140,2,14,428,6,69,11,8,1,0,0.1653,4,5.1818,0.6364,0.6364,0.125,0.125
5178358,1993,12065,1991,"LU","",263135,3,2,251,5,53,3,0,0.6667,,0.5,,15.6667,1,0.3333,,
