3612007,1971,4302,1969,"LU","",,1,,123,5,53,,1,,0,,4,,,,,
3662696,1972,4519,1970,"LU","",431545,3,,110,6,66,,9,,0.7654,,10.1111,,,,0.6667,0.6667
3664233,1972,4526,1969,"LU","",,1,,91,5,53,,0,,,,,,,,,
3668915,1972,4547,1969,"LU","",,1,,72,5,52,,0,,,,,,,,,
3669178,1972,4547,1969,"LU","",120470,2,,164,5,52,,3,,0.4444,,9,,,,0,0
3692427,1972,4645,1970,"LU","",111680,3,,416,1,19,,2,,0.5,,21,,,,0,0
3693689,1972,4652,1970,"LU","",228390,2,,152,5,55,,1,,0,,8,,,,1,1
3702257,1972,4694,1970,"LU","",,1,,106,1,12,,7,,0.7347,,17,,,,,
3704861,1972,4722,1971,"LU","",4320,3,,256,6,65,,17,,0.6021,,13.7059,,,,0.1111,0.0588
3711993,1973,4771,1971,"LU","",4320,3,,49,5,59,,7,,0.7347,,13.2857,,,,0,0
3753681,1973,4981,1970,"LU","",120470,2,,75,5,52,,8,,0.5313,,10.75,,,,0,0
3761321,1973,5016,1971,"LU","",,1,,148,5,52,,0,,,,,,,,,
3765663,1973,5037,1971,"LU","",431545,3,,266,5,52,,8,,0,,8.5,,,,0.7143,0.625
3766868,1973,5044,1972,"LU","",431545,3,,110,6,66,,12,,0.7222,,13.5833,,,,0.8333,0.8333
3768996,1973,5051,1971,"LU","",4320,3,,75,5,52,,3,,0.6667,,7,,,,0,0
3782921,1974,5114,1972,"LU","",4320,3,,75,5,52,,2,,0.5,,3.5,,,,0,0
3784167,1974,5121,1972,"LU","",4320,3,,256,6,65,,7,,0.2449,,9.8571,,,,0.2,0.1429
3788383,1974,5142,1971,"LU","",4320,3,,164,5,52,,6,,0.6667,,11.8333,,,,0,0
3794097,1974,5170,1972,"LU","",228390,2,,152,5,55,,8,,0,,12.125,,,,0.1667,0.125
3799369,1974,5198,1971,"LU","",521530,3,,414,5,51,,4,,0.625,,20,,,,0,0
3802139,1974,5212,1972,"LU","",633830,2,,52,6,69,,2,,0.5,,17,,,,0,0
3814403,1974,5268,1973,"LU","",431545,3,,414,5,51,,10,,0.6,,10.3,,,,0.8,0.8
3816202,1974,5275,1971,"LU","",228390,2,,156,1,19,,2,,0,,18,,,,0,0
3816218,1974,5275,1972,"LU","",228390,2,,156,1,19,,18,,0,,13.0556,,,,0.2941,0.2778
3816932,1974,5282,1972,"LU","",431545,3,,33,6,69,,4,,0.375,,14.75,,,,0,0
3817568,1974,5282,1972,"LU","",502120,3,,296,5,55,,0,,,,,,,,,
3819523,1974,5289,1972,"LU","",268535,3,,510,1,19,,4,,0.625,,14,,,,0,0
3820767,1974,5292,1972,"LU","",4320,3,,266,5,52,,5,,0,,8.8,,,,0,0
3832121,1974,5352,1973,"LU","",4320,3,,431,6,66,,4,,0.375,,10.5,,,,0,0
3833352,1974,5359,1969,"LU","",,1,,75,5,52,,7,,0.449,,10.5714,,,,,
3838473,1974,5387,1973,"LU","",,1,,15,6,69,,2,,0.5,,13,,,,,
3852530,1974,5450,1973,"LU","",,1,,381,4,49,,1,,0,,2,,,,,
3855472,1974,5464,1973,"LU","",184000,3,,378,4,44,,2,,0,,23,,,,0,0
3855615,1974,5464,1973,"LU","",,1,,386,4,49,,0,,,,,,,,,
3860444,1975,5492,1973,"LU","",109645,3,5,427,1,12,5,6,0.6,0.5,0.6667,11.3333,13.2,0,0,0,0
3864984,1975,5520,1973,"LU","",431545,3,13,74,5,59,6,4,0.6667,0.625,0.625,9,19.1667,0,0,0,0
3868106,1975,5534,1972,"LU","",4320,3,6,277,6,67,5,5,0.8,0.72,0.375,13.4,9.4,0,0,0,0
3880302,1975,5597,1973,"LU","",431545,3,7,414,5,51,2,5,0.5,0.56,0,7.8,24.5,1,0.5,1,1
3881697,1975,5604,1973,"LU","",4320,3,18,256,6,65,10,3,0.8,0.4444,0.5625,12,10,0.2857,0.2,0,0
3887172,1975,5632,1973,"LU","",4320,3,8,266,5,52,7,7,0.7143,0.6122,0.64,17,11.5714,0,0,0,0
3889791,1975,5646,1973,"LU","",431545,3,2,193,5,59,11,2,0.1818,0.5,0.5,13,43.5455,1,0.0909,1,0.5
3897943,1975,5695,1973,"LU","",228390,2,10,493,5,51,1,8,0,0.6875,,11.375,46,0,0,0.1429,0.125
3903014,1975,5723,1974,"LU","",4320,3,8,250,4,44,3,0,1,,0,,2.6667,0,0,,
3905239,1975,5737,1973,"LU","",431545,3,19,73,4,43,8,2,0.625,0.5,0.56,6.5,12.25,0,0,1,0.5
3905849,1975,5737,1973,"LU","",183855,3,11,156,1,19,9,16,0.7778,0.5,0.5714,7.6875,8,0,0,0.1875,0.1875
3906245,1975,5737,1973,"LU","",,1,8,377,4,49,6,2,0.8333,0.5,0.56,15.5,7.5,,,,
3907261,1975,5744,1974,"LU","",431545,3,10,266,5,52,1,0,0,,,,35,0,0,,
3908434,1975,5751,1974,"LU","",,1,3,72,5,52,4,4,0.75,0.375,0,9.75,29.25,,,,
3915070,1975,5779,1973,"LU","",431545,3,8,92,5,53,8,6,0.625,0.6667,0.64,14,20.375,0,0,0,0
3929240,1975,5842,1975,"LU","",431545,3,5,414,5,51,2,6,0.5,0.7778,0,8.5,25,1,0.5,0.5,0.5
3937606,1976,5884,1971,"LU","",228390,2,2,425,5,51,10,1,0.6,0,0.5,14,11.9,0.25,0.1,0,0
3945772,1976,5926,1974,"LU","",596140,3,4,417,5,53,6,7,0.5,0.2449,0.4444,13.5714,16.5,0,0,0,0
3955693,1976,5975,1974,"LU","",431545,3,17,414,5,51,3,3,1,0.4444,0.4444,4.6667,4.3333,0.3333,0.3333,0.6667,0.6667
3961470,1976,6003,1974,"LU","",595915,2,18,57,6,63,3,0,1,,0,,5.6667,0,0,,
3963218,1976,6010,1973,"LU","",4320,3,9,256,6,65,14,16,0.6429,0.4609,0.8642,14.8125,23.5,0.25,0.0714,0,0
3966173,1976,6024,1975,"LU","",4320,3,15,256,6,65,4,3,0.75,0,0,10.3333,15.75,0,0,0,0
3966457,1976,6024,1975,"LU","",4320,3,10,75,5,52,3,3,1,0.4444,0.6667,5.6667,7,0,0,0,0
3972515,1976,6059,1975,"LU","",4320,3,3,266,5,52,3,9,0.3333,0,0,5.4444,38.6667,0,0,0,0
3980286,1976,6101,1974,"LU","",431545,3,14,266,5,52,5,3,0.6,0.6667,0,10,42.6,0,0,0.3333,0.3333
3981136,1976,6108,1974,"LU","",,1,16,57,6,63,7,0,0,,,,44.2857,,,,
3986704,1976,6136,1974,"LU","",,1,2,366,1,19,6,1,0.3333,0,0,3,27,,,,
3990294,1976,6157,1974,"LU","",4320,3,6,75,5,52,5,0,0.4,,0.5,,11,0,0,,
3990930,1976,6157,1975,"LU","",228390,2,8,156,1,19,5,6,0.8,0,0,8.8333,16,0,0,0.1667,0.1667
3995419,1976,6185,1975,"LU","",595925,3,9,57,6,63,7,0,0,,,,44.2857,0,0,,
3997194,1976,6192,1975,"LU","",431545,3,9,285,6,67,9,12,0.4444,0.1528,0.625,13.8333,22.1111,0.5,0.2222,0,0
4017658,1977,6311,1974,"LU","",183855,3,20,428,6,69,8,17,0.875,0.6574,0.449,6.1176,4.75,0.1429,0.125,0.1176,0.1176
4022739,1977,6339,1975,"LU","",568850,3,20,523,1,15,5,11,0.6,0.562,0.6667,10.5455,10.8,0,0,0,0
4023832,1977,6346,1975,"LU","",431545,3,8,285,6,67,5,9,0.8,0.5185,0.625,13.2222,7.2,0.6667,0.4,0.2222,0.2222
4027605,1977,6367,1973,"LU","",431545,3,15,110,6,66,5,6,0.8,0.7222,0.5,15.1667,19.2,0.5,0.4,0.3333,0.3333
4040530,1977,6430,1976,"LU","",431545,3,11,414,5,51,2,4,0.5,0.75,0,9,12,0,0,0.3333,0.25
