4424843,1984,8775,1982,"LU","",228390,2,19,152,5,55,3,10,1,0,0,8.6,10.3333,0,0,0.6,0.6
4424844,1984,8775,1982,"LU","",228390,2,9,152,5,55,4,18,0.75,0,0,6.4444,13.5,0,0,0.6875,0.6111
4424845,1984,8775,1982,"LU","",228390,2,9,152,5,55,1,4,1,0,0,7.25,5,0,0,0.25,0.25
4428769,1984,8796,1981,"LU","",473935,3,10,75,5,52,4,2,0.5,0.5,0.5,14.5,28.75,0.5,0.25,0,0
4434005,1984,8824,1982,"LU","",35195,3,6,75,5,52,5,10,1,0.48,0,12.2,4.6,0,0,0.1,0.1
4434368,1984,8824,1981,"LU","",35195,3,3,250,4,44,5,0,1,,0.56,,5,0.2,0.2,,
4435643,1984,8831,1982,"LU","",35195,3,6,250,4,44,3,2,0.6667,0,0,6,13,0,0,0,0
4436763,1984,8838,1983,"LU","",35195,3,6,427,1,12,2,2,1,0.5,0.5,6,4,0,0,0,0
4437796,1984,8845,1980,"LU","",431545,3,21,406,5,59,5,5,1,0.64,0.64,10.4,15,0,0,0,0
4439234,1984,8852,1983,"LU","",35195,3,12,75,5,52,3,1,1,0,0,3,4.6667,0,0,0,0
4444245,1984,8880,1982,"LU","",35195,3,5,164,5,52,2,1,1,0,0,5,3.5,0,0,0,0
4449700,1984,8908,1982,"LU","",35195,3,8,266,5,52,3,1,1,0,0.4444,15,8,0,0,0,0
4456478,1984,8943,1983,"LU","",35195,3,3,75,5,52,2,1,1,0,0.5,3,11,0,0,0,0
4457002,1984,8943,1983,"LU","",35195,3,16,373,6,66,4,6,0.5,0.6667,0,8,19.5,0,0,0,0
4458475,1984,8957,1978,"LU","",228390,2,12,57,6,63,4,5,1,0.56,0.625,10.2,10.75,0,0,0,0
4462445,1984,8978,1982,"LU","",228390,2,7,152,5,55,4,2,0.25,0.5,0,9.5,27.75,1,0.25,0,0
4462446,1984,8978,1982,"LU","",228390,2,4,152,5,55,8,6,0.75,0.2778,0,6.1667,17,0,0,0,0
4463125,1984,8978,1982,"LU","",228390,2,11,524,1,15,4,5,1,0.56,0.375,7.4,7.25,0.25,0.25,0,0
4464055,1984,8985,1981,"LU","",363010,3,11,366,1,19,5,6,0.6,0.2778,0.4444,9.1667,21.8,0,0,0,0
4469510,1984,9013,1982,"LU","",35195,3,5,75,5,52,2,3,1,0,0,10.6667,4,0,0,0,0
4471664,1984,9027,1982,"LU","",431545,3,8,73,4,43,5,8,1,0.6875,0.48,6.125,10.2,0.25,0.2,0.4,0.25
4479525,1984,9069,1983,"LU","",228390,2,13,152,5,55,2,4,1,0,0,9.25,0.5,0.5,0.5,0.25,0.25
4480816,1984,9076,1982,"LU","",502160,3,16,254,5,59,9,2,0.3333,0.5,0.4444,8,44.8889,0,0,0,0
4483382,1984,9090,1983,"LU","",228390,2,3,152,5,55,0,2,,0.5,,11,,,,0,0
4492022,1985,9139,1982,"LU","",35195,3,11,29,5,52,1,0,1,,0,,8,0,0,,
4492342,1985,9139,1981,"LU","",,1,15,241,5,51,3,0,0.6667,,0,,16,,,,
4492606,1985,9139,1982,"LU","",183855,3,11,156,1,19,2,0,0.5,,0,,37,0,0,,
4493600,1985,9146,1982,"LU","",431545,3,19,414,5,51,2,3,1,0.4444,0,6,4,0.5,0.5,1,1
4497379,1985,9167,1981,"LU","",431545,3,31,173,5,51,6,1,1,0,0.6111,3,8.3333,0.6,0.5,0,0
4498281,1985,9174,1983,"LU","",228390,2,13,57,6,63,8,5,0.375,0,0,5.6,22.125,0,0,0.5,0.4
4498323,1985,9174,1982,"LU","",35195,3,5,72,5,52,2,1,0.5,0,0,14,21.5,0,0,0,0
4498514,1985,9174,1983,"LU","",228390,2,4,152,5,55,8,7,1,0.2449,0.375,6.5714,9.25,0,0,0.4286,0.4286
4503898,1985,9202,1983,"LU","",228390,2,8,152,5,55,2,3,0.5,0.4444,0,9.3333,26.5,1,0.5,0,0
4504311,1985,9202,1984,"LU","",35195,3,15,75,5,52,2,7,1,0.5714,0,5.1429,8,0.5,0.5,0,0
4508323,1985,9223,1983,"LU","",35195,3,7,266,5,52,0,3,,0,,7.6667,,,,0,0
4509317,1985,9230,1983,"LU","",228390,2,28,57,6,63,8,0,0.375,,0,,22.125,0,0,,
4511397,1985,9237,1983,"LU","",35195,3,7,75,5,52,3,0,0.6667,,0.5,,15.3333,0,0,,
4512702,1985,9244,1983,"LU","",431545,3,24,414,5,51,4,4,0.25,0.375,0,11.25,56.5,1,0.25,1,1
4514129,1985,9251,1982,"LU","",431545,3,21,414,5,51,8,13,0.75,0.6982,0.6667,7.4615,11.5,0.5,0.375,0.6667,0.6154
4518422,1985,9272,1983,"LU","",35195,3,41,75,5,52,5,4,1,0,0.32,7,12,0,0,0.3333,0.25
4519587,1985,9279,1983,"LU","",35195,3,24,266,5,52,4,1,1,0,0.625,4,5,0,0,0,0
4522243,1985,9293,1984,"LU","",228390,2,7,152,5,55,11,1,1,0,0,9,6.8182,0.1,0.0909,0,0
4522970,1985,9293,1984,"LU","",228390,2,11,524,1,15,14,5,1,0,0.7041,11.4,9.7857,0.1,0.0714,0.4,0.4
4524958,1985,9307,1983,"LU","",35195,3,16,266,5,52,6,0,1,,0.2778,,6.3333,0,0,,
4525120,1985,9307,1981,"LU","",431545,3,48,414,5,51,3,4,1,0.75,0,3.5,6.3333,0.6667,0.6667,0.75,0.75
4526267,1985,9314,1982,"LU","",228390,2,7,198,5,59,11,6,0.3636,0.5,0.625,6,28.6364,0.5,0.0909,0,0
4526353,1985,9314,1983,"LU","",,1,29,266,5,52,4,0,0.25,,0,,43.75,,,,
4526536,1985,9314,1983,"LU","",431545,3,20,432,6,66,3,2,1,0.5,0.6667,4.5,3,0.6667,0.6667,1,1
4533124,1985,9349,1983,"LU","",363005,3,15,266,5,52,12,8,0.8333,0.4688,0.58,10.875,13.5833,0,0,0,0
4533125,1985,9349,1983,"LU","",431545,3,37,266,5,52,6,1,0.8333,0,0,5,11.1667,0,0,1,1
4536430,1985,9363,1982,"LU","",,1,37,428,6,69,7,0,0.4286,,0.4444,,30,,,,
4540058,1985,9384,1984,"LU","",431545,3,15,177,6,69,3,2,1,0.5,0.4444,4,4.3333,0.3333,0.3333,0,0
4541337,1985,9391,1984,"LU","",207905,3,5,101,6,69,6,18,1,0.679,0.5,6.6667,11.8333,0,0,0,0
4546808,1985,9419,1984,"LU","",228390,2,8,152,5,55,6,6,1,0,0,3.8333,16.8333,0,0,0.3333,0.3333
4547116,1985,9419,1984,"LU","",431545,3,21,414,5,51,4,2,1,0,0,4.5,5.75,0.75,0.75,1,1
4548503,1985,9426,1983,"LU","",35195,3,6,356,4,43,5,6,0.8,0.6111,0.75,7,15.8,0,0,0,0
4550598,1985,9440,1983,"LU","",228390,2,24,73,4,43,25,1,0.92,0,0.8469,6,9.76,0,0,1,1
4552796,1985,9447,1984,"LU","",183855,3,2,428,6,69,2,0,0.5,,0,,37,0,0,,
4557468,1985,9475,1984,"LU","",431545,3,5,266,5,52,6,1,1,0,0,8,7.3333,0.4,0.3333,1,1
4559839,1985,9489,1983,"LU","",431545,3,18,74,5,59,9,3,0.5556,0.4444,0.32,4.3333,15.5556,0.2,0.1111,0.3333,0.3333
4561637,1985,9496,1983,"LU","",35195,3,23,266,5,52,7,1,1,0,0.5714,10,4.7143,0,0,0,0
4567929,1986,9531,1984,"LU","",228390,2,9,152,5,55,2,2,1,0,0,3,6.5,0,0,0,0
4570900,1986,9545,1984,"LU","",431545,3,7,251,5,53,7,6,0.7143,0.6111,0.72,5.8333,15.4286,0.75,0.4286,0.4,0.3333
4571913,1986,9552,1984,"LU","",35195,3,9,52,6,69,5,4,0.6,0.375,0,5.75,28,0.3333,0.2,0.25,0.25
4572261,1986,9552,1983,"LU","",228390,2,11,152,5,55,0,1,,0,,13,,,,0,0
4574494,1986,9566,1984,"LU","",431545,3,35,33,6,69,3,1,0.6667,0,0.5,7,16,0,0,1,1
4574856,1986,9566,1984,"LU","",228390,2,9,152,5,55,2,7,1,0,0,4.5714,5.5,0.5,0.5,0.5714,0.5714
4575790,1986,9566,1983,"LU","",431545,3,14,700,2,22,8,2,1,0,0.5625,7,7.625,0.8571,0.75,1,1
4580738,1986,9594,1983,"LU","",228390,2,9,242,5,51,7,3,0.7143,0.6667,0.32,12,20.5714,0.25,0.1429,0,0
4582302,1986,9601,1983,"LU","",431545,3,33,266,5,52,3,0,1,,0.4444,,10,0.3333,0.3333,,
4583307,1986,9608,1984,"LU","",,1,12,37,6,64,16,2,0.4375,0,0.5714,4.5,30.1875,,,,
4588168,1986,9629,1984,"LU","",431545,3,45,266,5,52,3,1,0.6667,0,0.5,1,24.3333,0,0,0,0
4593727,1986,9657,1984,"LU","",431545,3,17,141,5,51,7,2,0.8571,0.5,0.6667,5.5,12.1429,0,0,0.5,0.5
4594028,1986,9657,1982,"LU","",431545,3,10,406,5,59,1,0,1,,0,,6,0,0,,
4597694,1986,9678,1984,"LU","",431545,3,10,406,5,59,1,1,1,0,0,6,14,0,0,0,0
4599028,1986,9685,1981,"LU","",431545,3,12,414,5,51,3,3,1,0.4444,0,8,12,0,0,0.6667,0.6667
4601617,1986,9699,1985,"LU","",431545,3,6,406,5,59,2,0,0.5,,0,,44.5,0,0,,
4602770,1986,9706,1984,"LU","",431545,3,12,266,5,52,3,7,1,0,0.4444,7.4286,8.3333,0.5,0.3333,0.8571,0.8571
4603318,1986,9706,1983,"LU","",,1,23,340,2,21,8,11,1,0.314,0,8.6364,4.625,,,,
4603810,1986,9713,1984,"LU","",35195,3,16,239,5,59,5,5,0.4,0.72,0.5,5.2,37.6,0,0,0,0
4605342,1986,9720,1985,"LU","",431545,3,16,406,5,59,2,0,0.5,,0,,44.5,0,0,,
4605449,1986,9720,1985,"LU","",35195,3,5,148,5,52,4,1,1,0,0.375,12,8.75,0,0,0,0
4606390,1986,9727,1985,"LU","",228390,2,12,152,5,55,4,7,0.5,0.5714,0,9.1429,23.75,0.5,0.25,0,0
4606677,1986,9727,1983,"LU","",431545,3,16,406,5,59,4,1,0.5,0,0.5,9,20.75,0,0,0,0
4608294,1986,9734,1984,"LU","",183855,3,36,428,6,69,7,2,1,0,0.449,6,7.8571,0,0,0,0
4609556,1986,9741,1985,"LU","",,1,2,426,6,61,6,7,0.1667,0.2449,0,6.7143,36.6667,,,,
4616464,1986,9783,1984,"LU","",35195,3,19,52,6,69,7,0,0.1429,,0,,36,1,0.1429,,
4617222,1986,9783,1984,"LU","",183855,3,37,428,6,69,7,1,1,0,0.449,5,7.8571,0,0,0,0
4622235,1986,9811,1985,"LU","",595900,3,19,427,1,12,3,0,0.3333,,0,,32,0,0,,
4625684,1986,9832,1984,"LU","",,1,4,123,5,53,5,5,0.2,0,0,7.2,46,,,,
4630786,1986,9853,1986,"LU","",381140,2,2,242,5,51,11,4,1,0,0.314,2.25,5.0909,0,0,0.6667,0.5
4632166,1986,9860,1985,"LU","",228390,2,10,152,5,55,4,2,1,0,0,3.5,3.5,0.75,0.75,0.5,0.5
4641629,1987,9902,1986,"LU","",167710,3,2,126,6,66,6,0,0.3333,,0,,41.1667,0,0,,
4647020,1987,9923,1984,"LU","",35195,3,10,266,5,52,5,7,1,0,0,6.8571,4.8,0,0,0,0
4647713,1987,9923,1984,"LU","",,1,18,174,4,41,19,6,0.9474,0.2778,0.6975,9,12.3684,,,,
4654512,1987,9951,1985,"LU","",,1,9,235,5,59,3,21,1,0.6984,0.6667,4.3333,4.3333,,,,
4655014,1987,9958,1985,"LU","",,1,16,52,6,69,6,14,0.6667,0.2449,0.375,4.7857,31.6667,,,,
4655647,1987,9958,1985,"LU","",35195,3,14,406,5,59,2,0,1,,0.5,,13,0,0,,
4667574,1987,10007,1984,"LU","",228390,2,7,92,5,53,9,1,0.7778,0,0.6122,10,17.2222,0,0,0,0
4667717,1987,10007,1985,"LU","",228390,2,8,152,5,55,2,7,0.5,0,0,5.4286,18,0,0,0.5714,0.5714
4667718,1987,10007,1985,"LU","",228390,2,14,152,5,55,13,8,0.6923,0.2188,0,6.875,21.6154,0.125,0.0769,0.2857,0.25
4667722,1987,10007,1985,"LU","",228390,2,2,152,5,55,8,2,1,0.5,0,5.5,7.125,0,0,0.5,0.5
4668253,1987,10007,1986,"LU","",,1,16,96,1,13,8,4,1,0.75,0.6875,8,11.5,,,,
4671980,1987,10021,1986,"LU","",595900,3,3,428,6,69,2,0,1,,0,,13.5,0,0,,
4675049,1987,10035,1986,"LU","",35195,3,17,75,5,52,1,0,1,,0,,15,0,0,,
4684422,1987,10077,1985,"LU","",228390,2,12,156,1,19,0,3,,0,,7.6667,,,,0.6667,0.6667
4688773,1987,10098,1986,"LU","",431545,3,11,266,5,52,2,5,1,0.32,0.5,2.6,8,0,0,0.75,0.6
4696137,1987,10133,1986,"LU","",35195,3,8,52,6,69,0,0,,,,,,,,,
4702182,1987,10161,1986,"LU","",431545,3,29,110,6,66,4,1,0.75,0,0,4,16.5,0.3333,0.25,1,1
4702288,1987,10161,1986,"LU","",431545,3,11,141,5,51,3,1,1,0,0.4444,6,4.6667,0,0,1,1
4704166,1987,10168,1985,"LU","",95515,3,8,148,5,52,4,1,1,0,0.375,10,11.75,0.25,0.25,0,0
4705819,1987,10175,1985,"LU","",228390,2,5,523,1,15,6,1,0.8333,0,0.56,3,12.5,0,0,0,0
4708562,1987,10189,1986,"LU","",431545,3,18,414,5,51,1,6,1,0.2778,0,3,11,0,0,1,0.8333
4714396,1987,10217,1986,"LU","",,1,7,414,5,51,5,5,1,0.32,0.48,6.4,6.4,,,,
4719266,1988,10238,1986,"LU","",228390,2,5,525,1,15,3,3,1,0.4444,0.6667,4,7.6667,0,0,0.3333,0.3333
4720226,1988,10245,1986,"LU","",431545,3,20,414,5,51,1,6,1,0.2778,0,3,12,0,0,1,0.8333
4720989,1988,10252,1986,"LU","",35195,3,3,72,5,52,3,0,1,,0,,3.6667,0,0,,
4724664,1988,10273,1985,"LU","",595900,3,9,57,6,63,9,1,0.5556,0,0.32,5,27.4444,0,0,1,1
4724864,1988,10273,1986,"LU","",,1,7,137,6,69,4,4,0.75,0.625,0,3.75,19.5,,,,
4728240,1988,10287,1986,"LU","",431545,3,16,414,5,51,15,6,0.9333,0.6111,0.1327,6.6667,12.6667,0.3077,0.2667,0.5,0.5
4729549,1988,10294,1986,"LU","",431545,3,8,266,5,52,1,2,1,0,0,3,3,1,1,1,1
4730784,1988,10301,1987,"LU","",35195,3,10,239,5,59,4,1,0.5,0,0,2,32.5,0,0,1,1
4730813,1988,10301,1987,"LU","",35195,3,9,266,5,52,5,0,0.8,,0.5,,18.6,0.6667,0.4,,
4730814,1988,10301,1987,"LU","",35195,3,13,266,5,52,4,1,0.75,0,0.4444,2,13,0.6667,0.5,1,1
4733706,1988,10315,1986,"LU","",228390,2,7,152,5,55,5,3,0.6,0,0,6,29.6,0,0,0.3333,0.3333
4740300,1988,10343,1985,"LU","",35195,3,24,210,1,19,6,1,0.8333,0,0.32,9,29.3333,0,0,0,0
4747581,1988,10378,1986,"LU","",,1,18,266,5,52,5,4,1,0.5,0.64,7.5,8.6,,,,
4749026,1988,10385,1986,"LU","",,5,15,164,5,52,3,2,0.6667,0,0,2.5,18,,,,
4755095,1988,10413,1987,"LU","",431545,3,4,414,5,51,6,3,0.5,0.4444,0.6667,3.3333,22.8333,0.6667,0.3333,1,0.6667
4755684,1988,10413,1986,"LU","",48845,3,14,250,4,44,6,12,1,0.875,0.5,5.6667,9.1667,0,0,0,0
4758036,1988,10427,1986,"LU","",431545,3,20,294,5,59,6,4,0.8333,0,0.32,6,15.5,0,0,0.5,0.5
4760990,1988,10441,1987,"LU","",96430,3,17,251,5,53,7,8,0.4286,0.5313,0.4444,7.625,27.1429,0,0,0,0
4764411,1988,10455,1986,"LU","",,1,36,428,6,69,3,1,0.3333,0,0,9,24.3333,,,,
4765789,1988,10462,1987,"LU","",431540,3,26,414,5,51,7,3,1,0.4444,0.7755,3,14.1429,0,0,0,0
4767036,1988,10469,1983,"LU","",35195,3,15,222,1,19,5,2,0.8,0.5,0.375,6.5,12.2,0.3333,0.2,0,0
4767258,1988,10469,1986,"LU","",,1,6,414,5,51,3,4,0.6667,0.75,0.5,5.25,14.6667,,,,
4773929,1988,10497,1987,"LU","",35195,3,9,75,5,52,3,1,1,0,0,7,3.3333,1,0.3333,0,0
4774999,1988,10504,1987,"LU","",35195,3,12,164,5,52,0,5,,0.32,,5.8,,,,0,0
4779395,1988,10525,1986,"LU","",35195,3,20,52,6,69,15,0,0.1333,,0,,66.6,1,0.0667,,
4779656,1988,10525,1987,"LU","",228390,2,10,152,5,55,9,2,1,0,0,5,9.5556,0.5,0.4444,0.5,0.5
4786227,1988,10553,1987,"LU","",431545,3,16,414,5,51,4,4,1,0,0.625,4.75,4.25,0.75,0.75,0.75,0.75
4787796,1988,10560,1987,"LU","",431545,3,12,414,5,51,2,1,1,0,0,6,0.5,1,1,1,1
4791973,1988,10581,1988,"LU","",228390,2,11,152,5,55,10,3,0.8,0,0.2188,8,21.8,0,0,0,0
4796869,1989,10602,1987,"LU","",431545,3,6,266,5,52,4,0,0.5,,0,,39.5,0,0,,
4798146,1989,10609,1986,"LU","",107785,3,19,104,5,55,4,5,0.75,0,0,6.6,21.75,0,0,0,0
