4042130,1977,6437,1975,"LU","",431545,3,37,414,5,51,3,9,0.6667,0.716,0,5.7778,26,0.5,0.3333,0.6667,0.6667
4042284,1977,6437,1976,"LU","",529580,3,18,384,5,59,1,0,1,,0,,5,0,0,,
4044539,1977,6451,1976,"LU","",595925,3,33,57,6,63,10,0,0.3,,0,,33.7,0,0,,
4047701,1977,6465,1975,"LU","",35195,3,5,256,6,65,5,3,1,0.4444,0.32,17,5.6,0,0,0,0
4052044,1977,6486,1976,"LU","",35195,3,22,266,5,52,1,3,1,0.4444,0,4.6667,9,0,0,0,0
4052246,1977,6486,1976,"LU","",228390,2,11,156,1,19,9,15,0,0.24,,11,30.8889,0,0,0.2857,0.2667
4056987,1977,6521,1975,"LU","",,1,11,474,5,53,9,3,0.1111,0.4444,0,12,27.3333,,,,
4058300,1977,6528,1976,"LU","",431545,3,9,266,5,52,2,0,0.5,,0,,26.5,0,0,,
4061036,1977,6549,1976,"LU","",431545,3,10,73,4,43,2,4,1,0.375,0,14.75,2,0.5,0.5,0.25,0.25
4063063,1977,6556,1976,"LU","",4320,3,6,219,4,49,4,25,0.5,0.8448,0.5,10.24,25.75,0,0,0,0
4063722,1977,6563,1976,"LU","",431545,3,31,266,5,52,5,0,0.4,,0.5,,25.2,0,0,,
4069315,1978,6591,1976,"LU","",4320,3,9,423,1,19,3,3,0.6667,0.6667,0.5,12.3333,15.3333,0,0,0,0
4071166,1978,6605,1973,"LU","",431545,3,19,222,1,19,2,10,1,0.6,0.5,12.3,10,0,0,0.5,0.4
4074816,1978,6626,1973,"LU","",431545,3,12,414,5,51,7,6,0.8571,0.6667,0.2778,9.5,15.7143,0.2,0.1429,0.5,0.5
4074835,1978,6626,1973,"LU","",431545,3,9,222,1,19,6,3,0.3333,0,0.5,9.6667,33,1,0.1667,1,1
4087306,1978,6696,1976,"LU","",228390,2,38,156,1,19,10,16,0.9,0.3203,0,7.0625,8.5,0.2,0.1,0.1429,0.125
4087307,1978,6696,1976,"LU","",228390,2,3,156,1,19,10,5,0.7,0.72,0.2449,11.8,10.9,0,0,0.5,0.4
4089724,1978,6710,1976,"LU","",183855,3,5,156,1,19,2,1,1,0,0.5,11,2,1,1,0,0
4094494,1978,6738,1977,"LU","",431545,3,1,266,5,52,4,4,0.75,0.625,0.4444,5,22,0,0,0.5,0.5
4095464,1978,6745,1976,"LU","",228390,2,17,73,4,43,5,14,0.8,0.6327,0.75,15.4286,13.2,0,0,0,0
4095731,1978,6745,1977,"LU","",228390,2,10,226,5,51,11,8,0.5455,0.6875,0.5,9.125,17,0.5,0.0909,0,0
4097033,1978,6752,1977,"LU","",431545,3,23,266,5,52,3,5,1,0.32,0,2.2,8.6667,0.5,0.3333,1,0.8
4098128,1978,6759,1975,"LU","",4320,3,15,73,4,43,8,3,1,0.6667,0.2188,10.6667,6,0,0,0,0
4110617,1978,6815,1977,"LU","",431545,3,25,250,4,44,1,8,1,0.8438,0,7.875,7,0,0,0.1429,0.125
4115089,1978,6836,1976,"LU","",4320,3,3,65,5,51,5,10,0.6,0.54,0,7.6,26,0,0,0,0
4123247,1978,6878,1977,"LU","",4320,3,12,65,5,51,3,1,0.3333,0,0,2,26.3333,0,0,0,0
4130928,1978,6934,1976,"LU","",228390,2,5,29,5,52,7,1,0.5714,0,0.375,10,22.7143,0,0,0,0
4135705,1979,6962,1977,"LU","",431545,3,12,266,5,52,8,1,0.25,0,0.5,16,44.375,0,0,0,0
4144902,1979,7018,1976,"LU","",431545,3,35,137,6,69,11,4,0.6364,0.375,0.5714,10.75,22.0909,0,0,0.25,0.25
4149672,1979,7046,1977,"LU","",429035,3,10,236,6,69,3,0,0,,,,26.6667,0,0,,
4151047,1979,7053,1977,"LU","",431545,3,12,202,1,19,16,3,0.75,0.6667,0.4861,3.6667,12.375,0.3636,0.25,0.5,0.3333
4152243,1979,7060,1977,"LU","",431545,3,6,208,1,19,6,3,0.6667,0.4444,0.625,3.3333,13.6667,0.5,0.1667,0,0
4153140,1979,7067,1977,"LU","",431545,3,12,184,5,59,6,2,0.3333,0.5,0,9,31.3333,1,0.3333,0.5,0.5
4153440,1979,7067,1978,"LU","",431545,3,8,65,5,51,6,4,0.3333,0.375,0,8,33.3333,0,0,0,0
4155816,1979,7081,1978,"LU","",228390,2,7,205,1,19,8,3,0.625,0,0.56,10.6667,15.25,0,0,0,0
4156378,1979,7088,1977,"LU","",228390,2,5,83,5,51,3,3,1,0.6667,0,3.6667,6.6667,0,0,0,0
4157816,1979,7102,1977,"LU","",431545,3,8,266,5,52,8,0,0.375,,0,,42.375,0,0,,
4158367,1979,7109,1977,"LU","",431545,3,29,137,6,69,7,8,0,0.2188,,7.875,43,0,0,0.375,0.375
4160168,1979,7123,1977,"LU","",35195,3,8,250,4,44,4,13,0.5,0.5917,0,6.9231,17.25,0,0,0,0
4162784,1979,7151,1977,"LU","",431545,3,9,266,5,52,8,5,0.5,0.72,0.625,5.2,33.625,0.3333,0.125,0.25,0.2
4164469,1979,7165,1978,"LU","",35195,3,1,75,5,52,6,4,0.6667,0.625,0,11.5,20,0,0,0,0
4167938,1979,7200,1977,"LU","",,1,6,600,3,32,5,11,0.2,0.562,0,12.3636,38,,,,
4171965,1979,7235,1978,"LU","",35195,3,5,65,5,51,3,2,0.6667,0,0,11.5,21,0,0,0,0
4172401,1979,7242,1978,"LU","",228390,2,5,83,5,51,9,3,1,0,0,8,8.5556,0,0,0,0
4175612,1979,7270,1977,"LU","",35195,3,5,164,5,52,8,4,0.875,0.75,0.5714,12,9.375,0,0,0.25,0.25
4175985,1979,7270,1978,"LU","",95515,3,6,148,5,52,4,3,1,0,0,8,3.75,0.5,0.5,0,0
4179275,1979,7291,1978,"LU","",4320,3,2,65,5,51,2,1,0.5,0,0,12,23.5,0,0,0,0
4180060,1979,7298,1977,"LU","",70025,3,5,600,3,32,5,3,1,0,0.72,18,8.4,0,0,0,0
4190074,1980,7361,1977,"LU","",431545,3,12,137,6,69,10,16,0.5,0.4609,0.48,11.125,28.8,0,0,0.0667,0.0625
4195825,1980,7396,1978,"LU","",431545,3,5,266,5,52,4,4,1,0.375,0,7.5,8.5,0.6667,0.5,0.6667,0.5
4198806,1980,7417,1978,"LU","",228390,2,6,57,6,63,11,0,0.7273,,0,,14.6364,0,0,,
4201373,1980,7431,1978,"LU","",431545,3,11,266,5,52,3,4,1,0.375,0,4.25,6.3333,0.6667,0.6667,0.75,0.75
4205857,1980,7459,1977,"LU","",527420,3,7,277,6,67,3,1,0.6667,0,0,6,16.3333,0,0,0,0
4210042,1980,7487,1979,"LU","",228390,2,3,83,5,51,2,4,0.5,0.375,0,12,18,0,0,0.5,0.5
4210087,1980,7487,1978,"LU","",,1,5,110,6,66,5,5,1,0,0.48,6.8,6.2,,,,
4214608,1980,7515,1978,"LU","",431545,3,12,137,6,69,6,2,0.3333,0.5,0.5,16,25.5,0,0,0,0
4227682,1980,7592,1978,"LU","",,5,12,266,5,52,3,3,1,0.4444,0,8,6.3333,,,,
4239241,1980,7655,1979,"LU","",527420,3,3,277,6,67,4,4,0.5,0.375,0.5,7.25,11.75,0,0,0,0
4239579,1980,7655,1979,"LU","",228390,2,10,156,1,19,6,9,1,0,0,11.7778,5.3333,1,0.8333,0.125,0.1111
4240486,1980,7662,1978,"LU","",228390,2,9,152,5,55,14,11,0.9286,0.595,0.5207,8.7273,9.7857,0.0909,0.0714,0.5455,0.5455
4242380,1980,7669,1979,"LU","",,1,4,427,1,12,3,10,1,0.8,0,12.3,6.3333,,,,
4243351,1981,7676,1978,"LU","",431545,3,19,414,5,51,9,8,0.8889,0.2188,0,5.125,10.5556,0.625,0.5556,0.7143,0.625
4243451,1981,7676,1979,"LU","",228390,2,12,156,1,19,10,9,1,0.3704,0.18,7.3333,6.9,0.3333,0.3,0.2222,0.2222
4245982,1981,7690,1979,"LU","",431545,3,10,432,6,66,2,4,1,0.625,0.5,5,6.5,0,0,0,0
4246950,1981,7697,1979,"LU","",228390,2,26,152,5,55,5,8,0.4,0.2188,0.5,10.375,26.2,0,0,0.25,0.25
4247353,1981,7697,1979,"LU","",183855,3,10,156,1,19,2,2,1,0.5,0.5,8,5,1,1,0,0
4253485,1981,7732,1978,"LU","",431545,3,12,137,6,69,13,9,1,0.5926,0.5562,9,7.9231,0.125,0.0769,0.2857,0.2222
4254941,1981,7739,1979,"LU","",233455,3,10,254,5,59,5,7,1,0.449,0.32,10,5.4,0,0,0,0
4262726,1981,7781,1980,"LU","",228390,2,13,152,5,55,9,9,0.8889,0.1975,0.4063,7.5556,11.6667,0.1667,0.1111,0.1111,0.1111
4263757,1981,7788,1978,"LU","",222480,3,17,52,6,69,10,3,1,0,0.18,13,7,0,0,0,0
4266907,1981,7802,1978,"LU","",431545,3,23,414,5,51,13,2,0.6923,0.5,0.3457,4.5,17.4615,0.1667,0.0769,1,0.5
4269541,1981,7816,1978,"LU","",,1,7,405,6,64,7,0,0.5714,,0.375,,25.2857,,,,
4273492,1981,7837,1979,"LU","",431545,3,15,414,5,51,6,5,0.8333,0.32,0,8.2,14.1667,0.8,0.6667,1,1
4274863,1981,7844,1978,"LU","",35195,3,6,75,5,52,5,1,1,0,0.56,6,6.2,0,0,0,0
4276763,1981,7858,1979,"LU","",35195,3,9,72,5,52,5,1,0,0,,17,65.4,0,0,0,0
4277273,1981,7858,1979,"LU","",,1,17,65,5,51,9,5,0.6667,0.56,0.6111,7.8,23.6667,,,,
4279139,1981,7872,1979,"LU","",35195,3,8,72,5,52,2,3,0.5,0,0,12.6667,40,0,0,0,0
4279283,1981,7872,1979,"LU","",228390,2,6,152,5,55,3,1,0.3333,0,0,8,34.3333,0,0,0,0
4282915,1981,7893,1980,"LU","",228390,2,7,152,5,55,5,3,0.8,0,0,6,13.2,0,0,0,0
4285186,1981,7907,1979,"LU","",,1,7,53,6,68,3,6,1,0.6111,0.4444,11.6667,11,,,,
4287595,1981,7914,1979,"LU","",565415,3,12,375,2,21,4,3,1,0.4444,0.625,9.3333,6.75,0,0,0,0
4290067,1981,7928,1979,"LU","",431545,3,23,342,2,21,8,3,1,0.4444,0.75,7.3333,5.75,0.4286,0.375,0.5,0.3333
4290585,1981,7935,1979,"LU","",35195,3,7,256,6,65,9,11,0.8889,0.4463,0.2188,11,13,0,0,0,0
4300948,1981,7991,1980,"LU","",35195,3,8,75,5,52,1,2,1,0,0,16,8,0,0,0,0
4306507,1981,8026,1980,"LU","",35195,3,4,110,6,66,5,3,1,0.4444,0.48,1,10,0,0,0,0
4306828,1981,8026,1979,"LU","",431545,3,14,414,5,51,2,5,0.5,0.64,0,13.2,24.5,1,0.5,0,0
4307973,1981,8033,1980,"LU","",35195,3,10,404,6,69,9,13,1,0,0.3457,9.3846,10.1111,0,0,0,0
4307987,1981,8033,1979,"LU","",431545,3,28,414,5,51,4,3,0.25,0.4444,0,6.3333,34.5,0,0,0,0
4312168,1982,8061,1980,"LU","",,1,7,53,6,68,4,0,0,,,,31,,,,
4312395,1982,8061,1979,"LU","",228390,2,12,152,5,55,3,0,0.3333,,0,,35.3333,0,0,,
4314790,1982,8075,1979,"LU","",35195,3,15,414,5,51,4,3,0.75,0.6667,0,8,12,0,0,0,0
4320662,1982,8117,1978,"LU","",,1,6,73,4,43,6,8,1,0.875,0.6667,10.375,5.1667,,,,
4322197,1982,8124,1979,"LU","",431545,3,5,414,5,51,4,5,0.75,0.32,0.4444,8.4,9.25,0.3333,0.25,0.8,0.8
4323612,1982,8131,1980,"LU","",759416,2,5,428,6,69,5,3,0.6,0.4444,0.4444,10.3333,17.2,0,0,0.3333,0.3333
4325312,1982,8145,1980,"LU","",431545,3,10,110,6,66,3,0,1,,0.4444,,15.6667,0,0,,
4325730,1982,8145,1980,"LU","",35195,3,6,75,5,52,3,6,1,0.2778,0,5.6667,9,0,0,0.1667,0.1667
4329668,1982,8166,1979,"LU","",,1,8,335,4,41,4,0,1,,0.625,,11.5,,,,
4332374,1982,8187,1979,"LU","",431545,3,13,266,5,52,1,4,1,0.625,0,6.25,2,0,0,0,0
4333507,1982,8194,1980,"LU","",228390,2,9,152,5,55,4,5,1,0.56,0.375,9.6,7.25,0.5,0.5,0.4,0.4
4334922,1982,8201,1981,"LU","",35195,3,5,75,5,52,3,2,1,0,0,9.5,9,0,0,0,0
4335771,1982,8208,1981,"LU","",228390,2,10,152,5,55,1,3,1,0,0,6.6667,7,0,0,0.6667,0.6667
4341249,1982,8243,1981,"LU","",228390,2,8,152,5,55,7,4,1,0.625,0,10,7.5714,0,0,0.5,0.5
4341250,1982,8243,1981,"LU","",228390,2,18,152,5,55,3,1,0.6667,0,0,10,14.3333,0,0,0,0
4341584,1982,8243,1981,"LU","",228390,2,12,156,1,19,10,5,0.3,0.32,0,11.6,26.9,1,0.3,0,0
4343343,1982,8257,1981,"LU","",228390,2,6,152,5,55,8,7,0.75,0.6939,0.5,10.2857,13.125,0.2,0.125,0.4286,0.4286
4345746,1982,8271,1981,"LU","",35195,3,5,266,5,52,5,6,1,0.5,0,6.3333,7,0,0,0.1667,0.1667
4347019,1982,8278,1980,"LU","",35195,3,6,405,6,64,7,5,0.7143,0.72,0.56,10.6,13.4286,0,0,0,0
4347078,1982,8278,1979,"LU","",35195,3,5,75,5,52,3,0,1,,0,,6.3333,0,0,,
4349382,1982,8292,1980,"LU","",35195,3,11,75,5,52,6,3,1,0.4444,0,13,5.3333,0,0,0.3333,0.3333
4352764,1982,8313,1980,"LU","",35195,3,3,264,5,51,2,0,1,,0.5,,3.5,0,0,,
4354097,1982,8320,1979,"LU","",527420,3,5,235,5,59,5,8,0.8,0.5625,0,8.625,17.2,0,0,0,0
4354665,1982,8327,1980,"LU","",431545,3,5,251,5,53,8,1,0.875,0,0.4082,11,10.75,0.2,0.125,0,0
4358090,1982,8348,1980,"LU","",35195,3,16,256,6,65,9,10,1,0.72,0.5926,9.4,8.1111,0,0,0,0
4359211,1982,8355,1980,"LU","",35195,3,11,266,5,52,9,1,1,0,0.8395,12,7.5556,0,0,0,0
4366953,1983,8404,1981,"LU","",35195,3,12,266,5,52,3,3,1,0,0.4444,9,5.3333,0,0,0.6667,0.6667
4368678,1983,8418,1980,"LU","",431545,3,26,110,6,66,5,6,1,0.6111,0.64,4.6667,10.2,0,0,0,0
4368813,1983,8418,1981,"LU","",431545,3,10,193,5,59,7,7,1,0.7347,0.2449,7.2857,7.2857,0.8571,0.8571,0.8571,0.8571
4368877,1983,8418,1980,"LU","",35195,3,18,266,5,52,7,1,1,0,0.2449,3,7.4286,0,0,0,0
4369060,1983,8418,1981,"LU","",35195,3,10,75,5,52,4,5,1,0.32,0,2.4,4.25,0,0,0,0
4369066,1983,8418,1982,"LU","",35195,3,5,106,1,12,3,1,1,0,0.4444,13,7.3333,0,0,0,0
4373567,1983,8446,1980,"LU","",228390,2,13,152,5,55,3,8,0,0.2188,,12.375,72,0,0,0,0
4380416,1983,8509,1981,"LU","",527420,3,9,415,5,53,1,17,0,0.5606,,9.1176,35,0,0,0,0
4387761,1983,8565,1980,"LU","",35195,3,9,164,5,52,0,0,,,,,,,,,
4392176,1983,8586,1981,"LU","",228390,2,8,361,4,45,1,5,1,0.64,0,10.8,9,0,0,0,0
4392887,1983,8593,1981,"LU","",35195,3,6,75,5,52,6,1,1,0,0,4,7.3333,0,0,0,0
4395166,1983,8607,1981,"LU","",431545,3,20,406,5,59,3,5,1,0.56,0,3.2,6.6667,0,0,0,0
4397344,1983,8621,1982,"LU","",228390,2,10,152,5,55,2,0,1,,0,,7,0,0,,
4397962,1983,8621,1982,"LU","",35195,3,9,501,1,19,1,1,0,0,,3,25,0,0,0,0
4399983,1983,8635,1981,"LU","",35195,3,4,266,5,52,2,4,0.5,0,0,6.25,21.5,0,0,0,0
4400207,1983,8635,1982,"LU","",120115,3,6,75,5,52,2,2,1,0.5,0,12.5,7,0,0,0,0
4400906,1983,8642,1979,"LU","",443090,3,21,446,6,62,5,2,0.8,0.5,0,14.5,17.4,0,0,0,0
4402218,1983,8649,1981,"LU","",228390,2,22,73,4,43,5,9,0.8,0.3704,0.375,9.4444,15.4,0,0,0.3333,0.3333
4402275,1983,8649,1981,"LU","",35195,3,9,110,6,66,5,3,1,0.6667,0.32,9.6667,4.2,0,0,0,0
4403516,1983,8656,1982,"LU","",431545,3,10,73,4,43,5,2,1,0,0.48,6.5,14,0.5,0.2,0,0
4405007,1983,8663,1977,"LU","",228390,2,55,152,5,55,5,10,1,0.18,0,14.2,7.8,0,0,0.6667,0.6
4415358,1983,8719,1982,"LU","",35195,3,10,75,5,52,4,3,1,0,0.625,10.6667,12.5,0,0,0,0
4416673,1983,8726,1982,"LU","",431545,3,5,55,1,13,8,0,0.375,,0.6667,,38.375,0.3333,0.125,,
4418894,1983,8740,1981,"LU","",431545,3,6,266,5,52,10,5,0.5,0,0.72,7.2,24.2,1,0.2,0.75,0.6
4419127,1983,8740,1982,"LU","",120115,3,9,75,5,52,1,3,1,0,0,10.3333,5,0,0,0,0
4421541,1983,8754,1980,"LU","",489500,3,15,65,5,51,4,0,1,,0,,8.75,0,0,,
4421555,1983,8754,1982,"LU","",35195,3,7,75,5,52,3,0,1,,0.6667,,14,0,0,,
