5580404,1996,13486,1994,"LU","",228390,2,6,152,5,55,10,3,1,0,0,2.6667,4.5,0.3,0.3,0,0
5580919,1996,13486,1995,"LU","",228390,2,76,524,1,15,3,14,1,0.6735,0.6667,1.7143,16.6667,0,0,0.0714,0.0714
5593711,1997,13528,1995,"LU","",261620,3,23,425,5,51,11,2,1,0.5,0.7438,1.5,7.6364,0,0,0.5,0.5
5595617,1997,13535,1995,"LU","",228390,2,15,148,5,52,8,3,1,0.4444,0.2188,1.6667,12.25,0.1429,0.125,0.6667,0.6667
5611234,1997,13591,1995,"LU","",312880,3,9,72,5,52,9,0,0.3333,,0.4444,,51.6667,0,0,,
5616639,1997,13605,1995,"LU","",228390,2,12,524,1,15,4,0,1,,0.625,,2.75,1,1,,
5618056,1997,13612,1995,"LU","",729221,3,16,280,5,55,6,10,1,0.64,0.6111,2,5.8333,0,0,0,0
5620203,1997,13619,1995,"LU","",478430,3,19,280,5,55,5,1,1,0,0.56,3,10,0,0,0,0
5620723,1997,13619,1995,"LU","",261620,3,37,425,5,51,10,6,0.9,0.4444,0.3704,2.1667,17.1,0.1429,0.1,0.6667,0.6667
5624695,1997,13633,1995,"LU","",261620,3,17,425,5,51,10,1,0.9,0,0.3704,3,17.1,0.1429,0.1,1,1
5626947,1997,13640,1995,"LU","",165265,2,10,428,6,69,21,0,1,,0.6893,,12.1429,0.2667,0.1905,,
5632495,1997,13661,1996,"LU","",431545,3,9,277,6,67,9,0,0.7778,,0.449,,26.2222,0,0,,
5638777,1997,13682,1995,"LU","",,1,8,123,5,53,9,0,0.7778,,0.2449,,27.5556,,,,
5643524,1997,13696,1995,"LU","",165265,2,25,264,5,51,11,1,1,0,0.7438,2,22.0909,0.7778,0.6364,1,1
5645875,1997,13703,1995,"LU","",261620,3,15,425,5,51,10,1,0.9,0,0.3704,3,17.1,0.1429,0.1,1,1
5647926,1997,13710,1995,"LU","",228390,2,17,152,5,55,8,2,1,0.5,0,0.5,5.25,0.25,0.25,0,0
5671630,1997,13787,1995,"LU","",723222,3,11,72,5,52,1,0,1,,0,,16,0,0,,
5674932,1997,13794,1996,"LU","",228390,2,76,524,1,15,3,3,1,0,0.6667,1,17.6667,0,0,0.3333,0.3333
5676170,1997,13801,1993,"LU","",431545,3,23,137,6,69,7,0,1,,0.449,,19.2857,0,0,,
5676194,1997,13801,1996,"LU","",431545,3,16,164,5,52,2,0,1,,0,,11.5,0,0,,
5676503,1997,13801,1996,"LU","",,1,12,408,5,51,4,0,0.5,,0.5,,26.25,,,,
5681874,1997,13815,1996,"LU","",228390,2,33,523,1,15,1,0,1,,0,,3,1,1,,
5687915,1997,13836,1995,"LU","",693902,3,10,239,5,59,7,0,0.5714,,0.5,,31,0,0,,
5701932,1997,13878,1995,"LU","",693902,3,6,137,6,69,8,1,0.875,0,0.6531,2,22.625,0,0,0,0
5715272,1998,13913,1996,"LU","",431545,3,8,373,6,66,3,0,1,,0.4444,,12.3333,0,0,,
5715888,1998,13920,1996,"LU","",,5,32,164,5,52,2,0,1,,0,,12.5,,,,
5723529,1998,13941,1996,"LU","",228390,2,18,524,1,15,4,2,1,0,0.625,1,10.5,0,0,0,0
5723531,1998,13941,1997,"LU","",228390,2,84,524,1,15,3,0,1,,0.4444,,11.3333,0,0,,
5733394,1998,13969,1996,"LU","",228390,2,18,152,5,55,11,1,0.9091,0,0.18,1,16.0909,0.4444,0.3636,1,1
5738822,1998,13983,1996,"LU","",431545,3,13,266,5,52,8,0,1,,0.2188,,14.5,0.875,0.875,,
5749820,1998,14011,1996,"LU","",431545,3,23,384,5,59,2,0,1,,0.5,,16,0,0,,
5749981,1998,14011,1996,"LU","",228390,2,15,148,5,52,3,0,1,,0.4444,,4.3333,0.6667,0.6667,,
5760110,1998,14032,1997,"LU","",228390,2,11,524,1,15,2,0,1,,0.5,,7.5,0,0,,
5776402,1998,14067,1996,"LU","",261620,3,66,264,5,51,16,0,0.8125,,0.5799,,16.5625,0.0833,0.0625,,
5798405,1998,14116,1997,"LU","",228390,2,37,524,1,15,1,0,1,,0,,3,0,0,,
5799777,1998,14123,1996,"LU","",431545,3,11,198,5,59,13,0,0.9231,,0.7083,,18.1538,0.6667,0.4615,,
5802499,1998,14123,1995,"LU","",745002,3,10,705,2,22,4,0,1,,0,,3,0,0,,
5817403,1998,14158,1996,"LU","",165265,2,19,428,6,69,0,0,,,,,,,,,
5823221,1998,14172,1996,"LU","",431545,3,25,137,6,69,2,0,1,,0.5,,16.5,0,0,,
5824347,1998,14172,1996,"LU","",165265,2,17,425,5,51,9,0,1,,0.8148,,10.5556,0.5,0.4444,,
5829968,1998,14186,1996,"LU","",431545,3,14,432,6,66,9,0,0.8889,,0.4063,,19.5556,0.375,0.3333,,
5843248,1998,14214,1997,"LU","",228390,2,2,1,6,69,12,0,0.9167,,0.1653,,14.75,0.5,0.4167,,
5849121,1998,14228,1996,"LU","",228390,2,5,152,5,55,16,0,1,,0.5,,10.5,0.1429,0.125,,
5851026,1998,14235,1997,"LU","",729221,3,63,280,5,55,4,0,1,,0.625,,8.25,0,0,,
5855704,1999,14249,1996,"LU","",228390,2,,152,5,55,1,0,1,,0,,25,0,0,,
5868125,1999,14284,1996,"LU","",409000,2,,125,5,51,17,0,0.8824,,0.7378,,15.1176,0.2,0.1176,,
5868989,1999,14284,1997,"LU","",261620,3,,264,5,51,12,0,0.8333,,0.46,,19.4167,0.1429,0.0833,,
5873561,1999,14298,1994,"LU","",263135,3,,251,5,53,21,0,0.8571,,0.4444,,22.2381,0,0,,
5887813,1999,14333,1997,"LU","",562160,3,,242,5,51,5,0,1,,0.56,,11.4,0,0,,
5888448,1999,14333,1997,"LU","",431545,3,,266,5,52,3,0,1,,0,,19,0,0,,
5893256,1999,14347,1997,"LU","",752947,3,,53,6,68,19,0,1,,0.5873,,8.4737,0,0,,
5896890,1999,14361,1997,"LU","",263135,3,,137,6,69,1,0,1,,0,,4,1,1,,
5901870,1999,14375,1997,"LU","",345880,3,,220,6,68,11,0,1,,0.2975,,12.3636,0,0,,
5911561,1999,14410,1997,"LU","",754663,3,,417,5,53,6,0,1,,0.6111,,7.8333,0,0,,
5912374,1999,14410,1997,"LU","",228390,2,,556,1,14,4,0,1,,0.75,,10.5,0.25,0.25,,
5916973,1999,14424,1997,"LU","",228390,2,,525,1,15,5,0,1,,0.72,,19,0.2,0.2,,
5919539,1999,14431,1996,"LU","",165265,2,,428,6,69,5,1,1,0,0.64,0,14,0,0,0,0
5925432,1999,14445,1996,"LU","",48500,2,,428,6,69,6,0,1,,0.6111,,9.3333,0.5,0.5,,
5928603,1999,14452,1997,"LU","",431545,3,,266,5,52,7,0,0.8571,,0.5,,18.4286,0.2,0.1429,,
5928684,1999,14452,1997,"LU","",261620,3,,425,5,51,12,0,0.8333,,0.46,,19.4167,0.1429,0.0833,,
5947444,1999,14494,1998,"LU","",693902,3,,251,5,53,4,0,0.75,,0.4444,,35.75,0,0,,
5954024,1999,14508,1998,"LU","",247970,2,,123,5,53,5,0,1,,0.32,,9.6,0,0,,
5954138,1999,14508,1998,"LU","",758404,3,,169,6,69,6,0,1,,0,,18.6667,0,0,,
5964624,1999,14529,1998,"LU","",759319,3,,439,4,41,8,0,1,,0,,8.125,0,0,,
5966365,1999,14529,1997,"LU","",,1,,369,2,24,3,0,1,,0.4444,,3.6667,,,,
5989363,1999,14571,1998,"LU","",761514,3,,148,5,52,4,0,1,,0.625,,16.5,0,0,,
