5188155,1993,12107,1991,"LU","",689779,3,8,141,5,51,12,4,0.9167,0.375,0.8099,3,14.75,0,0,0,0
5192489,1993,12121,1990,"LU","",431545,3,5,266,5,52,6,4,0.8333,0,0.64,3,11.3333,0.3333,0.1667,1,1
5197847,1993,12142,1991,"LU","",431545,3,16,414,5,51,7,3,1,0,0.449,2.6667,5.4286,0.8333,0.7143,0.3333,0.3333
5203063,1993,12163,1991,"LU","",431545,3,20,29,5,52,2,1,0.5,0,0,1,35.5,0,0,0,0
5206981,1993,12177,1991,"LU","",165265,2,7,29,5,52,19,1,0.7895,0,0.8533,5,20.8947,0.2,0.1053,1,1
5209657,1993,12184,1991,"LU","",431545,3,12,432,6,66,6,1,1,0,0,3,10.5,1,1,1,1
5211196,1993,12191,1991,"LU","",263135,3,5,137,6,69,6,9,1,0.4444,0.5,4.5556,9,0.1667,0.1667,0,0
5211781,1993,12191,1991,"LU","",228390,2,8,152,5,55,2,0,1,,0,,5,0.5,0.5,,
5214335,1993,12198,1992,"LU","",219155,2,9,310,4,45,19,3,0.7368,0.4444,0.4592,4.6667,22.1053,0.0769,0.0526,0.3333,0.3333
5217674,1993,12212,1992,"LU","",431545,3,4,266,5,52,1,1,1,0,0,1,3,1,1,1,1
5221076,1993,12226,1991,"LU","",,1,20,256,6,65,5,4,0.8,0.5,0,4.5,33.2,,,,
5227118,1993,12247,1991,"LU","",35195,3,18,266,5,52,2,1,1,0,0,5,3.5,0.5,0.5,0,0
5229063,1993,12254,1992,"LU","",431545,3,14,266,5,52,3,0,1,,0,,17.3333,0.5,0.3333,,
5230911,1993,12261,1991,"LU","",261620,3,29,425,5,51,6,0,1,,0.2778,,6.3333,0.8333,0.8333,,
5232019,1993,12268,1992,"LU","",693902,3,6,137,6,69,4,3,1,0,0,4,7,0,0,0,0
5236015,1993,12282,1992,"LU","",263135,3,5,137,6,69,5,0,0.8,,0,,22.6,0,0,,
5246140,1993,12317,1992,"LU","",682680,3,11,222,1,19,25,0,0.56,,0.1327,,35.6,0,0,,
5246208,1993,12317,1992,"LU","",431545,3,7,266,5,52,4,2,0.75,0,0,1,20,0.6667,0.5,0.5,0.5
5246515,1993,12317,1991,"LU","",228390,2,44,156,1,19,9,0,0.7778,,0.6122,,24.7778,1,0.4444,,
5247730,1993,12324,1992,"LU","",165265,2,7,29,5,52,31,0,0.8387,,0.858,,16.2258,0.2381,0.1613,,
5248420,1993,12324,1992,"LU","",431545,3,16,210,1,19,4,0,0.5,,0.5,,44.25,0,0,,
5250925,1993,12331,1992,"LU","",219155,2,22,338,4,41,5,4,1,0,0.56,3.25,8.6,0,0,0.25,0.25
5252063,1993,12338,1992,"LU","",431545,3,19,432,6,66,5,1,1,0,0.56,1,7.8,0.25,0.2,1,1
5254033,1993,12345,1992,"LU","",219155,2,7,454,5,59,9,2,0.6667,0.5,0.5,3.5,20.6667,0,0,0,0
5256224,1993,12352,1991,"LU","",165265,2,9,156,1,19,20,8,1,0.5313,0.665,3.75,17.15,0.5714,0.4,0.2857,0.25
5273148,1993,12415,1992,"LU","",431545,3,16,193,5,59,9,0,0.6667,,0.6111,,24.6667,0,0,,
5275384,1994,12422,1992,"LU","",431545,3,7,266,5,52,2,0,1,,0,,2.5,1,1,,
5279351,1994,12436,1992,"LU","",,1,18,164,5,52,2,0,1,,0.5,,5,,,,
5282496,1994,12450,1992,"LU","",693902,3,9,141,5,51,8,10,0.75,0.42,0,4,27,0,0,0.125,0.1
5283097,1994,12450,1992,"LU","",165265,2,11,428,6,69,19,7,1,0,0.687,3.8571,18.0526,0.6154,0.4211,0.1667,0.1429
5284187,1994,12457,1992,"LU","",431545,3,19,141,5,51,5,0,1,,0.64,,13.8,0.4,0.4,,
5299900,1994,12513,1992,"LU","",431545,3,6,414,5,51,11,4,1,0.75,0.1653,3,11.5455,0.7273,0.7273,1,0.75
5301928,1994,12520,1993,"LU","",431545,3,9,266,5,52,2,0,1,,0,,11,0.5,0.5,,
5302099,1994,12520,1992,"LU","",165265,2,8,425,5,51,29,3,0.8276,0.4444,0.8194,4.6667,16.4138,0.2381,0.1724,0.3333,0.3333
5302109,1994,12520,1993,"LU","",261620,3,8,425,5,51,8,2,1,0,0.2188,4.5,9.25,0.7143,0.625,1,1
5303901,1994,12527,1992,"LU","",35195,3,21,266,5,52,2,2,1,0,0.5,4,10,0.5,0.5,0,0
5308047,1994,12541,1993,"LU","",431545,3,13,266,5,52,3,1,1,0,0.4444,1,5,0.3333,0.3333,1,1
5316861,1994,12569,1991,"LU","",531500,3,29,428,6,69,1,4,1,0.375,0,4.75,6,0,0,0,0
5332018,1994,12625,1989,"LU","",228390,2,1,152,5,55,6,1,1,0,0.2778,5,13.5,0.2,0.1667,1,1
5333839,1994,12632,1992,"LU","",431545,3,15,266,5,52,6,1,1,0,0,2,5.6667,0.6667,0.6667,1,1
5333842,1994,12632,1993,"LU","",431545,3,9,266,5,52,5,0,1,,0,,15.6,0.25,0.2,,
5337815,1994,12646,1992,"LU","",228390,2,6,152,5,55,0,11,,0,,3.0909,,,,0.2727,0.2727
5338013,1994,12646,1993,"LU","",431545,3,12,266,5,52,3,1,1,0,0,1,4,0.6667,0.6667,1,1
5343918,1994,12667,1992,"LU","",228390,2,1,152,5,55,4,2,1,0,0,3.5,7,0.25,0.25,0.5,0.5
5348430,1994,12681,1993,"LU","",431545,3,13,408,5,51,4,0,1,,0.5,,10.25,0.25,0.25,,
5351939,1994,12695,1993,"LU","",431545,3,18,266,5,52,4,1,0.75,0,0,1,11.75,0.6667,0.5,1,1
5361816,1994,12730,1993,"LU","",228390,2,16,152,5,55,3,7,1,0,0,1.8571,3.3333,0,0,0.7143,0.7143
5374671,1994,12772,1993,"LU","",228390,2,14,524,1,15,8,2,1,0,0.4063,2,11.25,0,0,1,1
5385437,1995,12814,1994,"LU","",431545,3,14,414,5,51,10,0,0.7,,0.2449,,23.7,0.4,0.2,,
5388042,1995,12821,1992,"LU","",,1,6,700,2,22,1,0,1,,0,,3,,,,
5393038,1995,12842,1994,"LU","",431545,3,11,266,5,52,2,1,1,0,0,3,10.5,1,1,0,0
5396920,1995,12856,1993,"LU","",709447,3,16,137,6,69,0,0,,,,,,,,,
5405470,1995,12884,1994,"LU","",,1,10,156,1,19,7,2,0.8571,0,0.5,1,23.7143,,,,
5407701,1995,12891,1993,"LU","",228390,2,2,427,1,12,6,3,1,0,0.6667,1.6667,13,0.4,0.3333,0,0
5411242,1995,12905,1994,"LU","",431545,3,8,266,5,52,2,0,1,,0,,22.5,0,0,,
5419669,1995,12933,1993,"LU","",431545,3,24,414,5,51,9,0,1,,0.1975,,6.1111,0.8889,0.8889,,
5429850,1995,12968,1994,"LU","",165265,2,15,428,6,69,7,1,0.5714,0,0.625,2,21.2857,0,0,0,0
5437321,1995,12996,1994,"LU","",228390,2,8,152,5,55,4,0,1,,0.375,,2.5,0.5,0.5,,
5440064,1995,13003,1994,"LU","",228390,2,10,556,1,14,4,3,1,0.4444,0.75,2,10.75,0,0,0.6667,0.6667
5443418,1995,13017,1993,"LU","",409000,2,8,451,5,51,18,4,1,0.625,0.5494,2.5,7.9444,0.2778,0.2778,0.3333,0.25
5445188,1995,13024,1994,"LU","",263135,3,24,137,6,69,7,1,0.8571,0,0.2778,3,18.4286,0.25,0.1429,1,1
5447174,1995,13031,1994,"LU","",263135,3,9,137,6,69,6,0,0.8333,,0,,23.5,0,0,,
5447971,1995,13031,1994,"LU","",228390,2,19,523,1,15,5,12,1,0.5139,0.64,2.25,9.6,0.5,0.4,0.6667,0.6667
5449198,1995,13038,1993,"LU","",478430,3,2,280,5,55,4,4,1,0.5,0.375,2.5,6.5,0,0,0.25,0.25
5450936,1995,13045,1993,"LU","",431545,3,10,193,5,59,1,0,1,,0,,2,1,1,,
5451034,1995,13045,1993,"LU","",431545,3,19,266,5,52,1,0,1,,0,,24,0,0,,
5454421,1995,13059,1994,"LU","",693902,3,14,141,5,51,5,1,1,0,0.48,3,7.2,0.25,0.2,0,0
5460197,1995,13080,1994,"LU","",715403,3,4,137,6,69,3,3,1,0,0.4444,2.6667,7.6667,0,0,0,0
5462260,1995,13087,1994,"LU","",431545,3,9,266,5,52,6,1,1,0,0.5,3,13.8333,0.2,0.1667,1,1
5462433,1995,13087,1994,"LU","",431545,3,9,432,6,66,4,0,1,,0.625,,15,1,1,,
5475588,1995,13129,1993,"LU","",703154,2,7,704,2,22,7,13,1,0.6272,0.5714,2.3846,5.2857,0,0,0,0
5476250,1995,13136,1994,"LU","",431545,3,9,266,5,52,6,0,1,,0,,1.6667,0.8333,0.8333,,
5485872,1996,13171,1994,"LU","",693902,3,14,141,5,51,3,0,0.3333,,0,,44,0,0,,
5487404,1996,13178,1994,"LU","",715403,3,6,137,6,69,5,4,1,0,0.32,2.75,11.6,0,0,0,0
5487532,1996,13178,1994,"LU","",431545,3,20,266,5,52,3,1,1,0,0.6667,2,13.6667,0.3333,0.3333,0,0
5489166,1996,13185,1994,"LU","",431545,3,22,406,5,59,8,1,0.75,0,0.7222,1,26.25,0,0,0,0
5497895,1996,13220,1994,"LU","",682838,3,19,220,6,68,5,2,0.6,0,0.6667,2.5,29.8,0,0,0,0
5511391,1996,13269,1994,"LU","",713055,3,4,63,6,69,11,2,0.2727,0.5,0.4444,3,53.3636,0,0,0,0
5511768,1996,13269,1995,"LU","",431545,3,13,266,5,52,2,0,1,,0,,3.5,0.5,0.5,,
5513581,1996,13276,1994,"LU","",431545,3,13,110,6,66,2,0,1,,0.5,,11.5,1,1,,
5513835,1996,13276,1994,"LU","",431545,3,20,266,5,52,2,0,1,,0,,15.5,0.5,0.5,,
5516356,1996,13283,1994,"LU","",431545,3,12,75,5,52,2,0,1,,0.5,,15,0,0,,
5520374,1996,13297,1995,"LU","",431545,3,25,266,5,52,2,0,1,,0,,6,0.5,0.5,,
5520487,1996,13297,1994,"LU","",35195,3,7,405,6,64,3,1,0.6667,0,0,3,40.6667,0,0,0,0
5538060,1996,13353,1994,"LU","",228390,2,9,152,5,55,8,1,1,0,0,1,6.375,0.25,0.25,1,1
5540895,1996,13360,1994,"LU","",431545,3,19,422,1,19,7,0,1,,0.6122,,13.5714,0.1667,0.1429,,
5545680,1996,13374,1994,"LU","",228390,2,17,524,1,15,12,0,0.9167,,0.562,,16.8333,0.1,0.0833,,
5547318,1996,13381,1994,"LU","",723222,3,14,405,6,64,6,0,0.8333,,0.56,,18.1667,0,0,,
