4426139,1984,8782,1982,"SG","",446615,3,6,351,3,39,1,3,1,0.4444,0,9.3333,2,0,0,0,0
4445418,1984,8887,1982,"SG","",99030,3,9,89,5,59,8,5,0.375,0.48,0.4444,9.6,45,0,0,0,0
4475437,1984,9048,1983,"SG","",99030,3,4,89,5,59,0,0,,,,,,,,,
4475438,1984,9048,1983,"SG","",99030,3,25,89,5,59,12,5,0.6667,0,0.2188,12.8,20.25,0,0,0,0
4499333,1985,9174,1983,"SG","",453390,2,19,174,4,41,3,5,1,0.72,0.4444,4.4,15,0,0,0,0
4502367,1985,9195,1984,"SG","",99030,3,24,89,5,59,5,4,0.6,0.5,0.4444,10,19.8,0,0,0,0
4505182,1985,9209,1984,"SG","",99030,3,3,89,5,59,3,0,0.6667,,0,,18,0,0,,
4508222,1985,9223,1984,"SG","",642390,3,12,383,6,68,4,3,0.5,0.4444,0,3.3333,20.75,0,0,0,0
4536641,1985,9363,1984,"SG","",67515,2,7,219,4,49,16,5,0.6875,0.48,0.6612,9.2,22.6875,0,0,0.2,0.2
4537097,1985,9370,1983,"SG","",103055,2,19,76,5,52,3,4,0.6667,0.375,0.5,7,23.6667,0,0,0,0
4542608,1985,9398,1983,"SG","",184660,3,4,47,6,61,5,1,0.4,0,0,8,33.6,0,0,0,0
4549309,1985,9426,1983,"SG","",,1,6,455,2,21,2,7,0.5,0.449,0,8.1429,18.5,,,,
4560392,1985,9489,1983,"SG","",,1,15,446,6,62,17,1,0.3529,0,0.7222,6,41.1765,,,,
4564198,1986,9510,1982,"SG","",,1,10,473,6,62,5,0,0.6,,0,,26.2,,,,
4580972,1986,9594,1984,"SG","",,1,9,432,6,66,5,6,0.8,0.2778,0.625,4.3333,21.4,,,,
4581791,1986,9601,1982,"SG","",,1,10,24,6,63,12,1,0.5833,0,0.7347,9,32.8333,,,,
4646240,1987,9916,1986,"SG","",,1,24,702,2,22,3,9,1,0.5185,0.6667,3.6667,4.3333,,,,
4651469,1987,9944,1985,"SG","",217890,3,10,49,5,59,8,12,0.75,0.4028,0,8.3333,18.375,0,0,0,0
4657148,1987,9965,1985,"SG","",370700,3,17,211,6,65,8,8,0.875,0.375,0.2449,6.875,14.375,0,0,0,0
4659736,1987,9972,1985,"SG","",55665,3,6,514,3,31,3,4,1,0.375,0,6,3.6667,0.3333,0.3333,0,0
4662786,1987,9986,1985,"SG","",,1,20,405,6,64,9,8,0.8889,0.4063,0.75,5.875,12.4444,,,,
4677937,1987,10049,1985,"SG","",551380,3,8,118,1,12,4,7,1,0.7755,0.625,3.1429,4.25,0,0,0.6667,0.5714
4687055,1987,10091,1986,"SG","",,1,17,166,6,64,15,4,0.9333,0.375,0.3673,3.75,7.6667,,,,
4696414,1987,10133,1985,"SG","",,1,12,222,1,19,4,5,0.25,0.48,0,7.6,27.25,,,,
4703811,1987,10168,1985,"SG","",,1,13,173,5,51,7,13,1,0.5562,0.8163,6.8462,12.7143,,,,
4711310,1987,10203,1985,"SG","",,1,15,175,6,64,11,3,0.7273,0.4444,0.5313,7,21.8182,,,,
4711350,1987,10203,1986,"SG","",,1,7,206,6,68,10,15,0.8,0.7289,0.6875,5.2,14.1,,,,
4736573,1988,10329,1985,"SG","",,1,14,56,6,61,7,7,0.7143,0.449,0.48,6.1429,20,,,,
4747532,1988,10378,1986,"SG","",551380,3,16,228,5,52,6,6,1,0.2778,0.7778,3.8333,6.3333,0.2,0.1667,0,0
4750717,1988,10392,1985,"SG","",205455,3,17,266,5,52,2,4,1,0.625,0,5.75,9.5,1,1,0,0
4761065,1988,10441,1986,"SG","",,1,7,359,5,54,2,2,0.5,0,0,6.5,39.5,,,,
4767081,1988,10469,1986,"SG","",,1,3,242,5,51,5,0,1,,0.32,,14,,,,
4785892,1988,10553,1988,"SG","",,1,28,173,5,51,10,4,1,0.375,0.48,2.75,14.7,,,,
4795598,1989,10595,1987,"SG","",530775,3,19,264,5,51,15,13,0.8667,0.6391,0.7337,5.1538,13.9333,0,0,0,0
4796158,1989,10595,1987,"SG","",551380,3,5,361,4,45,3,1,1,0,0.4444,5,2.3333,0.5,0.3333,0,0
4796821,1989,10602,1986,"SG","",,5,8,241,5,51,7,7,0.7143,0.6531,0.64,8.5714,36.4286,,,,
