4814782,1989,10672,1988,"SG","",386735,2,11,343,2,21,1,6,1,0.2778,0,4.6667,11,0,0,0.5,0.5
4828023,1989,10721,1988,"SG","",160730,3,8,166,6,64,19,5,0.9474,0,0.2963,7,10.4211,0,0,0,0
4833821,1989,10742,1987,"SG","",184650,3,3,47,6,61,5,1,1,0,0,7,6,0,0,0,0
4835479,1989,10742,1987,"SG","",,1,4,324,4,43,3,5,1,0,0,4.4,8,,,,
4846272,1989,10784,1988,"SG","",160730,3,19,166,6,64,9,4,1,0,0,7.5,11.1111,0,0,0,0
4851796,1989,10798,1988,"SG","",601715,2,3,333,2,21,4,3,0.75,0.4444,0.6667,5.3333,21.25,0.3333,0.25,0,0
4856455,1989,10819,1987,"SG","",551380,3,39,118,1,12,3,1,1,0,0.6667,6,2,0.5,0.3333,0,0
4860525,1989,10833,1988,"SG","",,1,8,56,6,61,5,1,0.2,0,0,7,33.2,,,,
4866430,1989,10847,1988,"SG","",386735,2,11,345,2,23,6,5,1,0.72,0.7778,6.2,11.6667,0.1667,0.1667,0,0
4866574,1989,10847,1988,"SG","",,1,22,361,4,45,6,4,1,0.375,0.2778,4.75,3.1667,,,,
4872574,1989,10875,1987,"SG","",,1,12,220,6,68,15,4,0.6667,0,0.58,5.5,23.2,,,,
4883119,1989,10924,1988,"SG","",160730,3,8,166,6,64,20,0,0.9,,0.2963,,11.3,0,0,,
4885878,1989,10938,1987,"SG","",,1,2,52,6,69,4,11,1,0.5455,0.625,7.4545,9.5,,,,
4886115,1989,10938,1988,"SG","",160730,3,23,166,6,64,8,4,0.875,0,0,4.25,12.25,0,0,0,0
4886397,1989,10938,1987,"SG","",,1,20,405,6,64,19,5,0.8421,0,0.7344,6,16.1053,,,,
4896418,1990,10987,1987,"SG","",570160,2,27,29,5,52,2,10,1,0.8,0,5.8,2,0,0,0.1,0.1
4897324,1990,10987,1988,"SG","",605340,3,10,429,4,45,5,0,0.8,,0.375,,16.6,0.25,0.2,,
4902047,1990,11008,1989,"SG","",609445,2,5,285,6,67,11,1,0.1818,0,0,1,62.5455,0,0,0,0
4904964,1990,11015,1988,"SG","",386735,2,8,332,4,41,5,2,1,0.5,0.48,6,4,0.8,0.8,0,0
4921015,1990,11078,1989,"SG","",295390,2,10,137,6,69,6,0,0.6667,,0,,17.3333,0,0,,
4928093,1990,11099,1989,"SG","",250060,2,14,345,2,23,6,10,0.8333,0.18,0.32,3.2,9.3333,0,0,0,0
4939479,1990,11141,1989,"SG","",507665,3,3,330,4,41,0,0,,,,,,,,,
4943244,1990,11162,1989,"SG","",382575,2,19,439,4,41,13,39,1,0.1446,0,4.2564,2.4615,0,0,0.1579,0.1538
4949383,1990,11183,1988,"SG","",76775,3,14,704,2,22,8,26,1,0.4438,0,5.8462,6.625,0,0,0,0
4955071,1990,11204,1989,"SG","",386735,2,10,455,2,21,5,3,1,0.4444,0.72,4,3.2,0.5,0.4,0.3333,0.3333
4956444,1990,11211,1987,"SG","",394300,3,25,528,1,15,2,0,1,,0,,11,0,0,,
4978969,1990,11309,1989,"SG","",250060,2,6,347,2,23,5,6,1,0.7778,0.56,5.6667,10.4,0,0,0,0
4987698,1991,11351,1988,"SG","",184655,3,8,47,6,61,6,0,1,,0,,8.8333,0,0,,
5002738,1991,11407,1990,"SG","",,1,20,422,1,19,4,8,1,0,0,3.125,9,,,,
5005997,1991,11421,1989,"SG","",,1,17,400,5,59,6,5,1,0,0.2778,4.2,8.6667,,,,
5006172,1991,11421,1989,"SG","",250060,2,28,106,1,12,10,5,1,0.48,0.68,6.2,7.2,0,0,0.25,0.2
5011435,1991,11442,1990,"SG","",382575,2,18,439,4,41,3,1,1,0,0,7,11,0,0,0,0
5013347,1991,11449,1989,"SG","",372810,2,2,65,5,51,9,1,0.7778,0,0.7755,5,29,0,0,0,0
5024607,1991,11491,1990,"SG","",382575,2,11,439,4,41,6,11,0.8333,0,0,5.0909,8.1667,0.2,0.1667,0.2,0.1818
5025742,1991,11498,1989,"SG","",409090,3,2,114,5,55,3,7,1,0.6939,0.6667,4.5714,3.3333,0,0,0.5,0.2857
5026295,1991,11498,1990,"SG","",382575,2,14,439,4,41,5,17,1,0.3945,0.32,3.8235,8,0,0,0.1875,0.1765
5029965,1991,11512,1989,"SG","",,1,9,385,2,21,4,9,1,0.3704,0,4.6667,2.25,,,,
5032850,1991,11519,1989,"SG","",578760,3,9,347,2,23,20,2,0.75,0,0.6578,6,23.75,0.0714,0.05,0,0
5035658,1991,11533,1990,"SG","",382575,2,11,439,4,41,4,3,1,0,0.375,3,7.75,0,0,0.5,0.3333
5042550,1991,11561,1989,"SG","",,1,6,160,6,69,6,8,1,0.375,0.5,5,3.3333,,,,
5054149,1991,11603,1989,"SG","",,1,2,15,6,69,4,5,1,0,0.5,4.6,6.5,,,,
5054695,1991,11603,1989,"SG","",,1,9,241,5,51,6,2,1,0,0.5,8.5,4.3333,,,,
5077950,1992,11694,1991,"SG","",,1,7,52,6,69,11,3,0.9091,0.4444,0.58,4,18.3636,,,,
5083666,1992,11715,1989,"SG","",,1,3,206,6,68,8,1,0.125,0,0,5,38.5,,,,
5083696,1992,11715,1991,"SG","",165265,2,11,228,5,52,10,3,0.9,0,0.3457,3.3333,20.5,0,0,0,0
5085321,1992,11722,1990,"SG","",372926,3,2,206,6,68,10,5,1,0.56,0.32,5,12.3,0,0,0,0
5085891,1992,11722,1990,"SG","",406855,2,12,427,1,12,3,6,1,0.7778,0,3.8333,6,0.6667,0.6667,0,0
5087333,1992,11729,1990,"SG","",551380,3,8,205,1,19,3,0,0.6667,,0.5,,21,0,0,,
5092794,1992,11750,1990,"SG","",382575,2,13,439,4,41,4,4,1,0.375,0,4,5,0,0,0,0
5096428,1992,11764,1991,"SG","",165265,2,6,439,4,41,12,10,1,0.18,0.1528,3.9,7.6667,0.0909,0.0833,0.1,0.1
5097142,1992,11764,1990,"SG","",386735,2,4,327,4,41,4,1,1,0,0.375,6,11.25,0,0,0,0
5097452,1992,11764,1991,"SG","",624205,2,2,367,2,21,4,3,1,0,0,3,4.25,0.75,0.75,0.3333,0.3333
5103313,1992,11785,1990,"SG","",573981,3,4,348,4,49,9,5,1,0.32,0.3704,1.2,8.7778,0,0,0.2,0.2
5106313,1992,11799,1991,"SG","",165265,2,2,439,4,41,13,7,1,0,0.142,3.2857,7.1538,0.0833,0.0769,0,0
5112017,1992,11820,1991,"SG","",,1,10,248,6,69,5,1,0.8,0,0.625,6,13.2,,,,
5114744,1992,11827,1990,"SG","",250060,2,6,427,1,12,18,4,1,0.75,0.7531,4.75,6.7778,0.3529,0.3333,0,0
5115027,1992,11827,1991,"SG","",550270,3,1,525,1,15,3,3,1,0.6667,0,3.6667,5.6667,1,1,0,0
5126723,1992,11869,1989,"SG","",250060,2,11,345,2,23,6,8,1,0.5313,0.4444,4.5,5,0,0,0,0
5131999,1992,11890,1990,"SG","",394300,3,20,204,1,19,10,9,1,0.5926,0.5,5,14.2,0,0,0,0
5146312,1992,11939,1991,"SG","",,1,4,257,4,46,2,6,1,0.5,0,2.5,3,,,,
5148350,1992,11946,1990,"SG","",386735,2,12,361,4,45,4,11,1,0.314,0.375,3.9091,10.25,0.25,0.25,0.0909,0.0909
5150481,1992,11960,1991,"SG","",,1,10,4,6,65,5,0,0.8,,0,,14.6,,,,
5152881,1992,11967,1991,"SG","",551380,3,15,204,1,19,7,1,0.8571,0,0.5,3,9.2857,0,0,0,0
5154644,1992,11974,1992,"SG","",382575,2,14,439,4,41,2,2,1,0.5,0,4.5,11,0,0,0,0
5155578,1992,11974,1991,"SG","",570160,2,3,257,4,46,6,6,1,0.7222,0.2778,1.8333,6.3333,0,0,0,0
5164725,1992,12009,1992,"SG","",687533,3,13,341,2,22,6,5,1,0,0.5,3.6,3.5,0,0,0,0
5164815,1992,12009,1991,"SG","",570160,2,7,257,4,46,2,11,1,0.6446,0,2.9091,8.5,0,0,0.1818,0.1818
5164830,1992,12009,1991,"SG","",573981,3,3,348,4,49,6,4,1,0.375,0,3.75,7.6667,0,0,0,0
5166695,1992,12016,1991,"SG","",386735,2,14,343,2,21,7,8,0.8571,0.4688,0.2778,3.625,7.5714,0.1667,0.1429,0,0
5169347,1992,12030,1991,"SG","",382575,2,11,439,4,41,5,10,1,0.58,0.56,3.2,10.2,0.3333,0.2,0.2,0.2
5171161,1992,12037,1992,"SG","",382575,2,7,439,4,41,17,18,0.9412,0.2963,0,2.4444,8.8824,0,0,0.1667,0.1667
5173437,1992,12044,1991,"SG","",688372,3,16,438,4,46,1,27,1,0.2524,0,4.3333,1,0,0,0.1481,0.1481
5175125,1992,12051,1991,"SG","",688372,3,13,438,4,46,7,9,1,0,0.449,4.3333,9.2857,0,0,0.1111,0.1111
5175455,1992,12051,1990,"SG","",670697,2,4,310,4,45,7,2,0.7143,0.5,0.64,4.5,20.1429,0,0,0,0
5178564,1993,12065,1991,"SG","",382575,2,9,439,4,41,6,3,1,0.4444,0.6111,4,11.3333,0,0,0.3333,0.3333
