5567271,1996,13444,1995,"SG","",688372,3,14,438,4,46,6,0,1,,0.5,,3.1667,0,0,,
5567595,1996,13444,1995,"SG","",725012,3,15,435,3,33,15,0,1,,0.5511,,12.6667,0,0,,
5568409,1996,13444,1994,"SG","",687533,3,14,713,2,22,6,5,1,0.56,0.4444,2.4,1.5,0,0,0.4,0.4
5569920,1996,13451,1995,"SG","",394300,3,17,250,4,44,6,0,1,,0.2778,,7.1667,0.1667,0.1667,,
5571443,1996,13458,1994,"SG","",79715,2,20,252,1,19,12,0,1,,0.5278,,12.1667,0.1818,0.1667,,
5571746,1996,13458,1995,"SG","",688372,3,11,438,4,46,4,4,1,0,0,2.25,4,0,0,0,0
5572095,1996,13458,1995,"SG","",32940,2,5,315,4,42,4,0,1,,0,,7,0,0,,
5572140,1996,13458,1993,"SG","",721560,3,9,324,4,43,10,6,1,0,0.76,3.1667,6.6,0,0,0.1667,0.1667
5572415,1996,13458,1994,"SG","",507665,3,10,363,4,45,12,3,1,0,0.2778,3,8.4167,0,0,0,0
5572669,1996,13458,1994,"SG","",725415,3,27,714,2,22,6,0,1,,0.7222,,6.6667,0,0,,
5575858,1996,13472,1994,"SG","",597550,2,9,134,6,69,5,3,1,0.4444,0,2.6667,17,0.5,0.4,0.6667,0.6667
5576919,1996,13472,1994,"SG","",601715,2,18,361,4,45,3,1,1,0,0.4444,1,19,0.3333,0.3333,0,0
5578907,1996,13479,1994,"SG","",,1,18,315,4,42,2,2,1,0,0.5,3,11.5,,,,
5580269,1996,13486,1994,"SG","",695811,2,11,439,4,41,6,2,1,0,0,2,4.5,0.1667,0.1667,0,0
5580606,1996,13486,1995,"SG","",704504,3,10,427,1,12,2,1,1,0,0.5,2,12,0,0,0,0
5582556,1996,13493,1995,"SG","",,1,16,475,5,53,4,1,0.75,0,0,3,29,,,,
5582679,1996,13493,1994,"SG","",688372,3,18,438,4,46,6,3,1,0,0.6111,3,5.6667,0,0,0,0
5583417,1996,13493,1994,"SG","",507665,3,17,320,4,45,6,3,1,0,0.2778,3,2.6667,0,0,0,0
5584079,1996,13500,1995,"SG","",,1,4,4,6,65,3,0,0.6667,,0,,33.3333,,,,
5584708,1996,13500,1994,"SG","",695811,2,7,439,4,41,4,0,1,,0.375,,6,0,0,,
5584709,1996,13500,1995,"SG","",382575,2,49,439,4,41,9,2,1,0,0.1975,1.5,6.2222,0,0,0.5,0.5
5587729,1996,13507,1993,"SG","",250060,2,10,347,2,23,9,8,1,0.2188,0.1975,2.75,4.8889,0.4444,0.4444,0.75,0.75
5587899,1996,13507,1994,"SG","",698684,2,59,700,2,22,8,2,1,0,0.4688,2,6.5,0.125,0.125,0,0
5592201,1997,13521,1994,"SG","",250060,2,19,347,2,23,15,2,1,0.5,0.6311,0.5,12.6,0.4615,0.4,0.5,0.5
5594399,1997,13528,1995,"SG","",718352,3,7,335,4,41,2,0,1,,0,,3.5,0,0,,
5595919,1997,13535,1996,"SG","",688372,3,28,438,4,46,8,11,1,0.1653,0,0.8182,3.25,0,0,0,0
5599726,1997,13549,1995,"SG","",688372,3,11,438,4,46,3,7,1,0.2449,0.4444,1.5714,2.6667,0,0,0.1429,0.1429
5600219,1997,13549,1994,"SG","",757172,2,9,318,4,45,7,0,1,,0,,6.2857,0,0,,
5602053,1997,13556,1996,"SG","",688372,3,8,438,4,46,16,13,1,0.4615,0.4297,0.7692,2.625,0,0,0.0833,0.0769
5605848,1997,13570,1995,"SG","",688372,3,14,438,4,46,4,6,1,0.2778,0,2,4,0,0,0,0
5608605,1997,13577,1995,"SG","",250060,2,12,361,4,45,2,5,1,0,0,1.6,10.5,0,0,0,0
5609654,1997,13584,1995,"SG","",381140,2,11,44,1,19,11,0,1,,0.7438,,15.1818,0.5,0.4545,,
5609775,1997,13584,1995,"SG","",688372,3,22,438,4,46,5,6,1,0.6111,0.32,1.3333,7.6,0,0,0,0
5611475,1997,13591,1991,"SG","",551380,3,9,228,5,52,9,0,1,,0.6173,,10.4444,0.2,0.1111,,
5615874,1997,13605,1995,"SG","",250060,2,15,271,5,51,9,2,1,0,0.1975,2.5,9.7778,0,0,0.5,0.5
5616519,1997,13605,1995,"SG","",688372,3,25,438,4,46,7,6,1,0.2778,0,1.8333,5.2857,0,0,0,0
5617090,1997,13605,1995,"SG","",242085,2,21,341,2,22,4,1,1,0,0.375,1,4,0.6667,0.5,0,0
5617125,1997,13605,1994,"SG","",250060,2,13,347,2,23,6,1,1,0,0.2778,3,10.5,0.5,0.5,1,1
5617145,1997,13605,1994,"SG","",358975,3,5,348,4,49,7,7,1,0.6939,0.6939,2,2.7143,0,0,0,0
5618384,1997,13612,1995,"SG","",688372,3,18,438,4,46,9,0,1,,0.3457,,4,0,0,,
5618756,1997,13612,1996,"SG","",688372,3,19,438,4,46,2,2,1,0.5,0,0,3.5,0,0,0,0
5619067,1997,13612,1994,"SG","",570160,2,26,257,4,46,9,3,1,0.4444,0.716,3.3333,5.8889,0.2222,0.2222,0.3333,0.3333
5620913,1997,13619,1996,"SG","",688372,3,16,438,4,46,4,1,1,0,0.625,0,7.5,0,0,0,0
5621464,1997,13619,1995,"SG","",358975,3,6,348,4,49,11,6,1,0.2778,0.1653,1.5,3.2727,0,0,0,0
5621632,1997,13619,1994,"SG","",573981,3,10,363,4,45,5,1,1,0,0.72,2,11,0.2,0.2,0,0
5621805,1997,13619,1994,"SG","",729511,3,8,381,4,49,4,2,1,0.5,0.75,2,3.25,0,0,0,0
5624691,1997,13633,1994,"SG","",570160,2,6,425,5,51,2,0,1,,0.5,,12.5,0,0,,
5624871,1997,13633,1996,"SG","",688372,3,19,438,4,46,1,5,1,0.56,0,0.6,1,0,0,0,0
5626482,1997,13640,1994,"SG","",382575,2,8,439,4,41,8,6,1,0,0,2,6.875,0.125,0.125,0.1667,0.1667
5627094,1997,13640,1995,"SG","",688372,3,21,438,4,46,11,5,1,0,0,1.8,4.6364,0,0,0,0
5627732,1997,13640,1995,"SG","",507670,3,38,363,4,45,6,0,1,,0.2778,,9,0,0,,
5627843,1997,13640,1995,"SG","",757172,2,18,714,2,22,5,0,1,,0,,13.4,0,0,,
5627947,1997,13640,1996,"SG","",250060,2,11,358,2,21,18,1,1,0,0.8272,0,9.1667,0.0588,0.0556,1,1
5629976,1997,13647,1995,"SG","",,1,7,370,2,21,3,3,1,0,0.4444,1,4.3333,,,,
5633911,1997,13661,1995,"SG","",386735,2,11,455,2,21,4,0,1,,0,,4,0.5,0.5,,
5634520,1997,13668,1996,"SG","",709516,2,11,166,6,64,19,0,0.9474,,0,,16.8947,0.0625,0.0526,,
5635982,1997,13668,1994,"SG","",,1,29,348,4,49,0,9,,0.7901,,2.3333,,,,,
5636324,1997,13668,1995,"SG","",358975,3,14,704,2,22,3,6,1,0.2778,0.6667,1.5,4.3333,0,0,0,0
5636984,1997,13675,1995,"SG","",719634,3,13,433,3,39,5,1,0.4,0,0,2,46.4,0,0,0,0
5637355,1997,13675,1996,"SG","",477950,2,11,427,1,12,9,5,1,0.64,0.7654,0.8,4.8889,0.2857,0.2222,0.6667,0.4
5638067,1997,13675,1994,"SG","",358975,3,10,341,2,22,4,1,1,0,0.375,4,7.75,0,0,1,1
5639692,1997,13682,1996,"SG","",688372,3,19,438,4,46,8,4,1,0.5,0.5313,1,6.375,0,0,0,0
5641949,1997,13689,1994,"SG","",731221,3,5,181,6,69,6,2,1,0,0.6667,3,10.1667,0,0,0,0
5642579,1997,13696,1996,"SG","",601715,2,16,38,6,63,3,1,1,0,0.4444,1,5.3333,0.6667,0.6667,1,1
5643571,1997,13696,1995,"SG","",394300,3,18,424,3,31,3,1,1,0,0,2,16,0,0,0,0
5644194,1997,13696,1995,"SG","",687533,3,7,315,4,42,3,0,1,,0.6667,,10,0,0,,
5644306,1997,13696,1995,"SG","",358975,3,9,341,2,22,2,2,1,0.5,0.5,1,7.5,0,0,0,0
5644484,1997,13696,1995,"SG","",507665,3,24,363,4,45,11,1,1,0,0.7769,1,5.4545,0,0,0,0
5645776,1997,13703,1996,"SG","",761525,3,7,264,5,51,7,0,1,,0.4082,,6.7143,0,0,,
5646106,1997,13703,1994,"SG","",731617,3,5,510,1,19,24,0,1,,0.6632,,6.9167,0,0,,
5647008,1997,13703,1995,"SG","",729511,3,22,381,4,49,3,5,1,0.64,0.4444,1,6,0,0,0,0
5647124,1997,13710,1995,"SG","",570160,2,6,29,5,52,9,0,1,,0.8395,,7.7778,0.3333,0.3333,,
5648704,1997,13710,1995,"SG","",32940,2,5,315,4,42,6,0,1,,0.2778,,9.3333,0,0,,
5649077,1997,13710,1996,"SG","",716765,3,2,345,2,23,0,0,,,,,,,,,
5650696,1997,13717,1995,"SG","",32940,2,11,315,4,42,2,1,1,0,0.5,2,5,0,0,0,0
5650824,1997,13717,1995,"SG","",358975,3,18,348,4,49,4,1,1,0,0,3,2,0,0,1,1
5651089,1997,13717,1993,"SG","",358975,3,3,704,2,22,1,1,1,0,0,3,3,1,1,0,0
5651709,1997,13724,1995,"SG","",732101,3,17,441,6,69,13,0,0.6923,,0.4938,,25.4615,0,0,,
5652152,1997,13724,1996,"SG","",688372,3,23,438,4,46,5,1,1,0,0.32,2,2.4,0,0,0,0
5652177,1997,13724,1996,"SG","",688372,3,31,438,4,46,6,1,1,0,0.2778,0,4.3333,0,0,0,0
5654216,1997,13731,1996,"SG","",688372,3,30,438,4,46,6,7,1,0.5714,0.2778,0.8571,4,0,0,0.2857,0.2857
5654529,1997,13731,1995,"SG","",250060,2,12,178,2,21,7,0,1,,0.6122,,7.2857,0,0,,
5654884,1997,13731,1995,"SG","",507665,3,41,363,4,45,10,2,1,0.5,0.18,2,7.1,0,0,0,0
5655918,1997,13738,1996,"SG","",701194,2,16,439,4,41,2,3,1,0,0,0.6667,3.5,0,0,0,0
5659371,1997,13745,1995,"SG","",32940,2,6,348,4,49,5,2,1,0.5,0.72,2,4.6,0,0,0,0
5659799,1997,13745,1995,"SG","",721579,3,14,710,2,22,20,0,1,,0.795,,5.25,0,0,,
5661071,1997,13752,1996,"SG","",688372,3,6,438,4,46,12,2,1,0,0.4028,0,4.3333,0,0,0.5,0.5
5661085,1997,13752,1996,"SG","",688372,3,12,438,4,46,8,1,1,0,0,1,9.75,0,0,0,0
5661465,1997,13752,1994,"SG","",703622,3,17,340,2,21,10,0,0.8,,0.4063,,17.2,0,0,,
5663105,1997,13759,1996,"SG","",570160,2,15,438,4,46,4,0,1,,0.625,,6,0.25,0.25,,
5664668,1997,13766,1996,"SG","",386735,2,8,200,4,41,8,1,0.75,0,0.5,1,21.625,0,0,0,0
5666694,1997,13773,1995,"SG","",250060,2,16,16,5,59,11,1,1,0,0.7107,2,6.7273,0.1,0.0909,0,0
5667424,1997,13773,1996,"SG","",688372,3,18,451,5,51,5,4,1,0,0.56,1.25,3,0,0,0,0
5667629,1997,13773,1996,"SG","",688372,3,2,438,4,46,7,2,1,0,0.5714,0,3.5714,0,0,0,0
5670391,1997,13780,1995,"SG","",722326,2,8,438,4,46,0,1,,0,,2,,,,0,0
5670395,1997,13780,1996,"SG","",688372,3,23,438,4,46,6,1,1,0,0.2778,2,3,0,0,0,0
5670410,1997,13780,1996,"SG","",688372,3,13,438,4,46,6,2,1,0,0.2778,0.5,3,0.1667,0.1667,0,0
5672525,1997,13787,1996,"SG","",688372,3,15,438,4,46,5,2,1,0.5,0,1,3.6,0.2,0.2,0.5,0.5
5672544,1997,13787,1996,"SG","",,1,20,438,4,46,5,2,1,0,0,1,2.8,,,,
5672940,1997,13787,1996,"SG","",573981,3,10,315,4,42,1,0,1,,0,,26,0,0,,
5677238,1997,13801,1996,"SG","",688372,3,12,438,4,46,3,5,1,0.56,0,0.8,3.3333,0,0,0.2,0.2
5678015,1997,13801,1995,"SG","",514145,2,18,345,2,23,14,2,1,0,0.2551,1,3.1429,0.0714,0.0714,0,0
5679217,1997,13808,1995,"SG","",724979,3,11,162,1,19,8,0,0.875,,0,,14,0,0,,
5680746,1997,13815,1996,"SG","",761525,3,10,53,6,68,9,2,0.7778,0.5,0.2449,1,15.2222,0,0,0,0
5684483,1997,13822,1996,"SG","",687533,3,13,341,2,22,6,0,1,,0.2778,,11,0,0,,
5685726,1997,13829,1995,"SG","",701194,2,7,439,4,41,6,0,1,,0,,15.6667,0,0,,
5687617,1997,13836,1995,"SG","",,1,7,74,5,59,10,0,0.8,,0.5938,,15.5,,,,
5689239,1997,13836,1994,"SG","",700685,3,13,340,2,21,7,3,1,0.6667,0.449,2.6667,11.7143,0,0,0,0
5691252,1997,13843,1997,"SG","",688372,3,14,438,4,46,3,4,1,0,0.4444,0,3.6667,0.3333,0.3333,0,0
5691981,1997,13843,1996,"SG","",386735,2,20,370,2,21,2,0,1,,0,,2,0,0,,
5692031,1997,13843,1994,"SG","",386735,2,4,379,2,21,7,1,1,0,0.4082,2,3,0.1429,0.1429,1,1
5692329,1997,13850,1995,"SG","",,1,6,40,6,69,9,0,0.7778,,0.6939,,25.2222,,,,
5693178,1997,13850,1996,"SG","",688372,3,15,216,1,19,2,0,1,,0.5,,5.5,0,0,,
5693563,1997,13850,1996,"SG","",688372,3,7,438,4,46,10,3,1,0.4444,0.18,0.3333,3.1,0.1,0.1,0,0
5694049,1997,13850,1995,"SG","",570160,2,8,324,4,43,2,0,1,,0.5,,9.5,0,0,,
5701466,1997,13871,1994,"SG","",700914,3,68,707,2,22,11,0,1,,0.562,,5.2727,0.1111,0.0909,,
5702987,1997,13878,1996,"SG","",688372,3,27,438,4,46,8,0,1,,0.375,,8.5,0,0,,
5705428,1998,13885,1995,"SG","",688372,3,24,438,4,46,16,2,1,0,0.2266,2.5,5.25,0,0,0,0
5705849,1998,13885,1996,"SG","",688372,3,13,257,4,46,20,3,1,0.4444,0.515,0.6667,3.95,0,0,0,0
5705933,1998,13885,1996,"SG","",721560,3,7,324,4,43,6,2,1,0.5,0.6667,1,4.1667,0.3333,0.3333,0,0
5705945,1998,13885,1996,"SG","",687533,3,18,327,4,41,3,1,1,0,0.6667,1,4.6667,0,0,0,0
5710677,1998,13899,1995,"SG","",757172,2,14,360,2,24,2,4,1,0,0.5,1.75,9,0,0,0.5,0.5
5710993,1998,13899,1995,"SG","",601715,2,4,455,2,21,5,0,1,,0.56,,10.6,0,0,,
5712144,1998,13906,1995,"SG","",394300,3,9,435,3,33,4,0,1,,0,,6.75,0,0,,
5712775,1998,13906,1996,"SG","",719699,3,3,363,4,45,0,0,,,,,,,,,
5712905,1998,13906,1995,"SG","",,1,2,379,2,21,2,0,1,,0.5,,5,,,,
5713752,1998,13913,1996,"SG","",695811,2,2,439,4,41,8,1,1,0,0,2,10.5,0.125,0.125,0,0
5714788,1998,13913,1996,"SG","",688372,3,5,257,4,46,6,1,1,0,0,1,4,0,0,0,0
5714842,1998,13913,1995,"SG","",32940,2,7,315,4,42,7,0,1,,0.5714,,10.8571,0,0,,
5716834,1998,13920,1994,"SG","",394300,3,12,435,3,33,2,0,1,,0,,11,0,0,,
5716880,1998,13920,1997,"SG","",688372,3,5,438,4,46,9,0,1,,0.5679,,5.4444,0,0,,
5717326,1998,13920,1996,"SG","",,1,7,324,4,43,13,0,1,,0,,11.0769,,,,
5721095,1998,13934,1995,"SG","",725012,3,6,435,3,33,5,0,1,,0.32,,11.4,0,0,,
5721174,1998,13934,1997,"SG","",688372,3,19,438,4,46,9,0,1,,0,,8.3333,0,0,,
5723719,1998,13941,1995,"SG","",245335,2,6,800,3,33,0,0,,,,,,,,,
5724131,1998,13941,1995,"SG","",394300,3,16,356,4,43,10,1,1,0,0.64,1,9.1,0.1,0.1,0,0
5725313,1998,13948,1995,"SG","",85650,2,27,384,5,59,11,1,1,0,0.2975,2,19,0.1111,0.0909,0,0
5726650,1998,13948,1995,"SG","",514190,2,20,341,2,22,6,1,1,0,0.6667,2,5.5,0,0,0,0
5726652,1998,13948,1996,"SG","",742806,2,11,341,2,22,2,1,1,0,0,1,14,0,0,0,0
5727266,1998,13955,1996,"SG","",,1,13,5,6,65,20,1,0.7,0,0.2551,1,23.6,,,,
5728493,1998,13955,1996,"SG","",688372,3,18,430,1,19,3,0,1,,0.6667,,3.6667,0,0,,
5728621,1998,13955,1997,"SG","",688372,3,21,438,4,46,7,7,1,0,0,0.2857,4.5714,0,0,0.1429,0.1429
5731239,1998,13962,1997,"SG","",688372,3,19,438,4,46,3,6,1,0,0,0.1667,3,0,0,0,0
5731739,1998,13962,1996,"SG","",687533,3,9,330,4,41,3,0,1,,0,,4,0,0,,
5734594,1998,13969,1996,"SG","",688372,3,6,700,2,22,6,0,1,,0.6111,,15.8333,0,0,,
5734792,1998,13969,1993,"SG","",358975,3,2,704,2,22,3,0,1,,0.4444,,5.3333,0,0,,
5736949,1998,13976,1997,"SG","",687533,3,9,341,2,22,4,1,1,0,0.375,0,2.25,0,0,0,0
5740592,1998,13990,1996,"SG","",739787,3,15,27,6,69,6,0,0.8333,,0.32,,13.8333,0,0,,
5742088,1998,13990,1997,"SG","",688372,3,3,257,4,46,3,3,1,0.4444,0.4444,0.6667,5.3333,0,0,0.3333,0.3333
5742898,1998,13990,1995,"SG","",601715,2,5,455,2,21,3,0,1,,0.4444,,6,0,0,,
5743138,1998,13997,1997,"SG","",688372,3,29,73,4,43,8,0,0.875,,0.7347,,18.125,0,0,,
5744083,1998,13997,1996,"SG","",570160,2,2,264,5,51,4,0,1,,0.625,,9.75,0,0,,
5744834,1998,13997,1997,"SG","",688372,3,20,257,4,46,5,0,1,,0.48,,3.2,0,0,,
5744853,1998,13997,1997,"SG","",688372,3,20,257,4,46,11,1,1,0,0.6446,1,4.9091,0.0909,0.0909,0,0
5747369,1998,14004,1997,"SG","",688372,3,30,438,4,46,5,2,1,0,0.48,0.5,3.4,0.2,0.2,0,0
5749079,1998,14004,1995,"SG","",700914,3,82,707,2,22,11,2,1,0,0.562,1.5,6.2727,0.1111,0.0909,0,0
5750435,1998,14011,1997,"SG","",688372,3,7,438,4,46,11,7,1,0,0.1653,0.1429,4.1818,0,0,0,0
5751580,1998,14011,1996,"SG","",688372,3,33,700,2,22,8,4,1,0.375,0.4063,0.5,3.25,0,0,0,0
5753563,1998,14018,1997,"SG","",688372,3,17,438,4,46,11,0,1,,0.8264,,4.8182,0,0,,
5754240,1998,14018,1996,"SG","",358975,3,19,348,4,49,11,0,1,,0.314,,4.8182,0,0,,
5757395,1998,14025,1995,"SG","",250060,2,19,347,2,23,14,3,1,0,0,1.6667,5.3571,0.6429,0.6429,0.6667,0.6667
5758073,1998,14025,1996,"SG","",687533,3,20,709,2,22,5,0,1,,0.56,,6.8,0,0,,
5758253,1998,14025,1996,"SG","",394300,3,6,419,5,52,14,1,1,0,0.6837,2,8.8571,0,0,0,0
5759581,1998,14032,1996,"SG","",397085,3,14,424,3,31,7,2,1,0,0.2449,1,4.7143,0,0,0.5,0.5
5760435,1998,14032,1996,"SG","",688372,3,31,257,4,46,6,2,1,0.5,0.4444,1.5,4.1667,0,0,0,0
5764461,1998,14039,1996,"SG","",719699,3,2,361,4,45,1,0,1,,0,,4,0,0,,
5767004,1998,14046,1996,"SG","",688372,3,22,438,4,46,11,2,1,0,0.1653,0.5,4.0909,0,0,0,0
5768468,1998,14046,1995,"SG","",719699,3,4,386,4,49,1,0,1,,0,,9,0,0,,
5771286,1998,14053,1995,"SG","",507665,3,52,379,2,21,7,0,1,,0,,10.8571,0,0,,
5771553,1998,14060,1996,"SG","",394300,3,16,29,5,52,1,0,1,,0,,2,0,0,,
5771974,1998,14060,1995,"SG","",497495,2,20,166,6,64,8,0,1,,0,,12.75,0.1429,0.125,,
5772297,1998,14060,1995,"SG","",721579,3,10,345,2,23,4,0,1,,0.375,,2.5,0,0,,
5773069,1998,14060,1996,"SG","",397085,3,19,426,6,61,11,0,1,,0,,11.8182,0.5,0.4545,,
5773415,1998,14060,1997,"SG","",394300,3,6,514,3,31,1,0,1,,0,,5,0,0,,
5773878,1998,14060,1996,"SG","",716765,3,14,257,4,46,2,0,1,,0,,1,0,0,,
5774703,1998,14060,1996,"SG","",386735,2,10,713,2,22,9,2,1,0,0.6173,1,6.3333,0.125,0.1111,0,0
5774831,1998,14060,1996,"SG","",,1,30,701,2,22,13,1,1,0,0.8166,0,8.1538,,,,
5776526,1998,14067,1995,"SG","",397085,3,15,426,6,61,4,0,1,,0,,3.5,0.5,0.5,,
5780358,1998,14074,1996,"SG","",688372,3,12,438,4,46,8,1,1,0,0.4063,2,3.5,0,0,1,1
5781045,1998,14074,1996,"SG","",250060,2,8,327,4,41,15,1,1,0,0.4444,1,7.4667,0.0667,0.0667,0,0
5781233,1998,14074,1996,"SG","",742806,3,22,348,4,49,12,1,1,0,0.625,0,5.8333,0,0,0,0
5781621,1998,14074,1996,"SG","",386735,2,9,379,2,21,5,2,1,0,0.56,0.5,5,0,0,0,0
5782644,1998,14081,1996,"SG","",382575,2,34,439,4,41,12,0,1,,0.1528,,7.1667,0,0,,
5785098,1998,14088,1996,"SG","",743466,3,16,141,5,51,6,1,0.5,0,0,1,40.5,0,0,0,0
5786018,1998,14088,1996,"SG","",397085,3,18,426,6,61,9,0,1,,0,,14.6667,0.375,0.3333,,
5788593,1998,14095,1996,"SG","",743800,3,23,474,5,53,9,0,1,,0.7407,,13,0,0,,
5789305,1998,14095,1997,"SG","",688372,3,19,438,4,46,7,4,1,0.375,0,0.5,3.8571,0,0,0,0
5792672,1998,14102,1996,"SG","",688372,3,42,438,4,46,1,1,1,0,0,1,10,0,0,0,0
5792692,1998,14102,1997,"SG","",688372,3,23,438,4,46,4,0,1,,0,,2.75,0,0,,
5792707,1998,14102,1997,"SG","",688372,3,17,438,4,46,14,2,1,0,0.1327,0.5,6.2857,0,0,0,0
5792708,1998,14102,1996,"SG","",688372,3,23,438,4,46,11,0,1,,0.1653,,4.5455,0,0,,
5793177,1998,14102,1995,"SG","",250060,2,17,318,4,45,14,0,1,,0.6837,,6.2143,0.7857,0.7857,,
5793305,1998,14102,1995,"SG","",,1,18,340,2,21,37,1,0.9459,0,0.4702,2,15.6757,,,,
5794555,1998,14109,1997,"SG","",744348,3,6,112,6,63,6,0,0.6667,,0.625,,36.6667,0,0,,
5795699,1998,14109,1996,"SG","",688372,3,26,430,1,19,4,2,1,0.5,0.75,1.5,7.25,0,0,0.5,0.5
5796246,1998,14109,1996,"SG","",570160,2,4,324,4,43,3,1,1,0,0.4444,2,5.6667,0,0,0,0
5796645,1998,14109,1996,"SG","",687533,3,20,708,2,22,3,1,1,0,0,1,5.3333,0,0,0,0
5798564,1998,14116,1996,"SG","",570160,2,6,257,4,46,4,0,1,,0,,3.5,0,0,,
5798660,1998,14116,1996,"SG","",687533,3,15,327,4,41,7,0,1,,0.2449,,7.2857,0,0,,
5801077,1998,14123,1996,"SG","",688372,3,33,438,4,46,5,1,1,0,0.32,1,7.8,0,0,1,1
5801083,1998,14123,1997,"SG","",688372,3,16,438,4,46,8,10,1,0,0.375,0.6,5.5,0,0,0.1,0.1
5804126,1998,14130,1997,"SG","",27895,2,26,264,5,51,22,1,0.9091,0,0.625,0,12.2727,0,0,0,0
5806315,1998,14137,1997,"SG","",,1,15,60,4,45,10,0,1,,0.48,,15.7,,,,
5808855,1998,14137,1996,"SG","",688372,3,6,361,4,45,9,1,1,0,0.1975,2,5.6667,0,0,0,0
5809296,1998,14137,1994,"SG","",745593,3,34,707,2,22,25,0,1,,0.6912,,3.92,0,0,,
5811673,1998,14144,1996,"SG","",745836,3,16,73,4,43,11,0,1,,0.5455,,17.3636,0,0,,
5811981,1998,14144,1996,"SG","",,1,8,324,4,43,6,0,1,,0.5,,6.8333,,,,
5812115,1998,14144,1997,"SG","",745862,2,3,345,2,23,2,0,1,,0,,5,0,0,,
5813664,1998,14151,1996,"SG","",688372,3,11,257,4,46,3,0,1,,0.4444,,5.6667,0,0,,
5814863,1998,14151,1997,"SG","",688372,3,15,257,4,46,8,0,1,,0.2188,,6.5,0.125,0.125,,
5817514,1998,14158,1995,"SG","",394300,3,12,435,3,33,1,0,1,,0,,3,0,0,,
5820559,1998,14165,1997,"SG","",,1,8,600,3,32,8,0,1,,0.5938,,3.375,,,,
5820623,1998,14165,1997,"SG","",,1,19,606,3,32,4,1,1,0,0.625,1,7.25,,,,
5821285,1998,14165,1997,"SG","",394300,3,10,524,1,15,3,0,1,,0.6667,,9.6667,0,0,,
5823799,1998,14172,1996,"SG","",573320,2,14,439,4,41,11,2,1,0,0.4298,0.5,11.4545,0,0,0.5,0.5
5824506,1998,14172,1994,"SG","",725012,3,7,435,3,33,0,0,,,,,,,,,
5825421,1998,14172,1996,"SG","",358975,3,12,348,4,49,11,0,1,,0.2975,,4.4545,0.1818,0.1818,,
5826658,1998,14179,1996,"SG","",860,2,14,166,6,64,9,0,1,,0.5679,,11.6667,0.1111,0.1111,,
5827574,1998,14179,1997,"SG","",477950,2,16,427,1,12,5,0,1,,0.72,,4,0.25,0.2,,
5830014,1998,14186,1996,"SG","",701194,2,14,439,4,41,3,0,1,,0,,17.3333,0,0,,
5830018,1998,14186,1995,"SG","",382575,2,10,439,4,41,12,0,1,,0,,7.5,0.1667,0.1667,,
5831319,1998,14186,1997,"SG","",688372,3,9,257,4,46,4,1,1,0,0.5,0,5.75,0,0,0,0
5832566,1998,14193,1995,"SG","",250060,2,26,16,5,59,7,0,0.8571,,0.6667,,21.5714,0,0,,
5832963,1998,14193,1996,"SG","",,1,20,140,5,52,4,0,0.5,,0,,43,,,,
5836520,1998,14200,1996,"SG","",739525,3,14,239,5,59,3,0,1,,0.6667,,14,0,0,,
5840860,1998,14207,1996,"SG","",113635,3,118,536,1,14,4,0,1,,0.375,,4.25,0,0,,
5842295,1998,14214,1997,"SG","",601715,2,14,38,6,63,6,0,1,,0.5,,8.3333,0.2,0.1667,,
5842420,1998,14214,1993,"SG","",,1,4,184,5,59,6,0,1,,0.6667,,15.8333,,,,
5843839,1998,14214,1996,"SG","",688372,3,26,438,4,46,6,0,1,,0.5,,4.8333,0,0,,
5844614,1998,14214,1996,"SG","",358975,3,6,348,4,49,8,0,1,,0.4063,,3.375,0.25,0.25,,
5845964,1998,14221,1997,"SG","",748884,3,12,297,6,65,0,0,,,,,,,,,
5847616,1998,14221,1996,"SG","",687533,3,24,331,4,41,6,1,1,0,0,1,3,0,0,0,0
5849613,1998,14228,1997,"SG","",688372,3,21,438,4,46,6,0,1,,0.2778,,5.5,0,0,,
5851278,1998,14235,1997,"SG","",477950,2,2,106,1,12,2,0,1,,0.5,,1,0.5,0.5,,
5851848,1998,14235,1996,"SG","",570160,2,5,438,4,46,4,0,1,,0.75,,1.25,0,0,,
5851925,1998,14235,1996,"SG","",,1,21,438,4,46,2,1,1,0,0.5,1,3.5,,,,
5854573,1998,14242,1996,"SG","",716765,3,11,330,4,41,3,0,1,,0,,7,0,0,,
5856225,1999,14249,1997,"SG","",688372,3,,438,4,46,12,4,1,0,0.2778,0.75,6,0,0,0,0
5856372,1999,14249,1996,"SG","",35691,2,,521,1,15,8,0,1,,0.8438,,10.375,0.2857,0.25,,
5858706,1999,14256,1996,"SG","",394300,3,,435,3,33,2,0,1,,0,,12,0,0,,
5858832,1999,14256,1996,"SG","",688372,3,,438,4,46,6,0,1,,0.5,,7.8333,0,0,,
5858847,1999,14256,1997,"SG","",688372,3,,438,4,46,6,0,1,,0,,4,0.1667,0.1667,,
5858870,1999,14256,1996,"SG","",688372,3,,438,4,46,10,0,1,,0.18,,3.4,0.1,0.1,,
5858876,1999,14256,1996,"SG","",688372,3,,438,4,46,5,1,1,0,0.32,0,7,0,0,0,0
5861076,1999,14263,1995,"SG","",429265,2,,156,1,19,31,0,0.871,,0.7709,,25.0968,0,0,,
5861643,1999,14263,1997,"SG","",688372,3,,257,4,46,2,0,1,,0,,5.5,0,0,,
5861899,1999,14263,1995,"SG","",250060,2,,347,2,23,8,0,1,,0,,8.75,0.625,0.625,,
5862146,1999,14263,1997,"SG","",570160,2,,714,2,22,4,1,1,0,0.625,1,5.25,0,0,0,0
5863307,1999,14270,1998,"SG","",688372,3,,51,5,59,4,0,1,,0,,4,0.25,0.25,,
5863590,1999,14270,1996,"SG","",699081,3,,426,6,61,18,0,1,,0.2778,,12.2222,0,0,,
5866448,1999,14277,1997,"SG","",688372,3,,438,4,46,11,0,1,,0.1653,,3.9091,0,0,,
5869396,1999,14284,1996,"SG","",688372,3,,438,4,46,8,0,1,,0,,4.25,0,0,,
5870388,1999,14284,1996,"SG","",394300,3,,370,2,21,2,0,1,,0.5,,5.5,0,0,,
5870693,1999,14284,1996,"SG","",751026,3,,702,2,22,8,0,1,,0.6563,,12.375,0,0,,
5872186,1999,14291,1996,"SG","",165265,2,,525,1,15,1,0,1,,0,,6,0,0,,
5875153,1999,14298,1998,"SG","",570160,2,,365,2,24,4,1,1,0,0.375,0,2.5,0,0,0,0
5876798,1999,14305,1997,"SG","",688372,3,,427,1,12,5,0,1,,0.48,,3.8,0,0,,
5877778,1999,14305,1995,"SG","",358975,3,,345,2,23,5,1,1,0,0.32,2,5.4,0,0,0,0
5877803,1999,14305,1997,"SG","",687533,3,,348,4,49,18,0,1,,0.8025,,5.8333,0,0,,
5879511,1999,14312,1997,"SG","",729261,3,,162,1,19,5,0,1,,0.56,,14.4,0,0,,
5879899,1999,14312,1996,"SG","",394300,3,,435,3,33,0,0,,,,,,,,,
5880183,1999,14312,1997,"SG","",,1,,524,1,15,1,0,1,,0,,8,,,,
5880717,1999,14312,1997,"SG","",687533,3,,345,2,23,5,0,1,,0.48,,4.4,0,0,,
5880844,1999,14312,1997,"SG","",250060,2,,356,4,43,3,0,1,,0.4444,,9.6667,0,0,,
5881064,1999,14312,1996,"SG","",,4,,370,2,21,1,0,1,,0,,3,,,,
5882225,1999,14319,1996,"SG","",701194,2,,439,4,41,9,0,1,,0.1975,,10.5556,0,0,,
5882850,1999,14319,1997,"SG","",394300,3,,435,3,33,4,0,1,,0.375,,13.75,0,0,,
5883622,1999,14319,1997,"SG","",687533,3,,345,2,23,10,0,1,,0.86,,7.8,0.1111,0.1,,
5883671,1999,14319,1997,"SG","",358975,3,,348,4,49,12,0,1,,0.1528,,5.25,0.0833,0.0833,,
5883843,1999,14319,1997,"SG","",570160,2,,365,2,24,11,1,1,0,0.562,1,2.3636,0.0909,0.0909,0,0
5884834,1999,14326,1996,"SG","",682322,2,,228,5,52,2,0,1,,0.5,,8,0.5,0.5,,
5888746,1999,14333,1997,"SG","",752604,3,,435,3,33,1,0,1,,0,,3,0,0,,
5888887,1999,14333,1997,"SG","",688372,3,,438,4,46,13,1,1,0,0.355,1,2.4615,0.0769,0.0769,0,0
5889511,1999,14333,1997,"SG","",687533,3,,345,2,23,7,0,1,,0.6122,,6.1429,0,0,,
5892290,1999,14340,1996,"SG","",739525,3,,257,4,46,3,0,1,,0.4444,,3.3333,0,0,,
5893724,1999,14347,1996,"SG","",739525,3,,438,4,46,4,0,1,,0.625,,5.5,0,0,,
5894059,1999,14347,1997,"SG","",688372,3,,430,1,19,9,0,1,,0,,5.1111,0,0,,
5895264,1999,14354,1997,"SG","",688372,3,,438,4,46,9,0,1,,0.1975,,8.5556,0,0,,
5897364,1999,14361,1996,"SG","",688372,3,,438,4,46,3,0,1,,0.4444,,4.6667,0,0,,
5897963,1999,14361,1998,"SG","",115615,2,,428,6,69,12,0,1,,0.75,,10.25,0.1667,0.1667,,
5900783,1999,14368,1997,"SG","",742806,3,,330,4,41,6,0,1,,0.2778,,5.3333,0,0,,
5901303,1999,14368,1996,"SG","",217840,3,,711,2,24,1,0,1,,0,,6,0,0,,
5903451,1999,14375,1997,"SG","",719699,3,,363,4,45,4,0,1,,0.625,,13.5,0,0,,
5904110,1999,14382,1997,"SG","",744348,3,,112,6,63,5,0,0.8,,0,,34.8,0,0,,
5904500,1999,14382,1996,"SG","",145370,2,,438,4,46,9,0,1,,0.8642,,8.6667,0,0,,
5906510,1999,14389,1996,"SG","",701194,2,,439,4,41,18,0,1,,0.4444,,7.9444,0,0,,
5908451,1999,14396,1997,"SG","",754390,2,,623,3,39,10,0,1,,0,,9.4,0,0,,
5909095,1999,14396,1997,"SG","",754436,3,,318,4,45,22,1,1,0,0.2438,1,7.9091,0,0,0,0
5909382,1999,14396,1996,"SG","",687533,3,,708,2,22,7,0,1,,0.4082,,4.2857,0.1429,0.1429,,
5913509,1999,14417,1998,"SG","",67515,2,,269,6,69,12,0,0.3333,,0.625,,37.9167,0,0,,
5914273,1999,14417,1995,"SG","",725012,3,,436,1,19,30,0,1,,0.7111,,14.6333,0,0,,
5914721,1999,14417,1994,"SG","",,1,,345,2,23,26,0,1,,0.074,,7.3846,,,,
5917493,1999,14424,1996,"SG","",250060,2,,345,2,23,11,0,1,,0.4959,,3.2727,0,0,,
5918152,1999,14424,1997,"SG","",688372,3,,438,4,46,5,0,1,,0,,2.4,0,0,,
5923599,1999,14438,1997,"SG","",570160,2,,365,2,24,11,0,1,,0.562,,2.5455,0,0,,
5924207,1999,14445,1997,"SG","",67515,2,,30,6,65,16,0,0.9375,,0.48,,14.6875,0.1111,0.0625,,
5925501,1999,14445,1997,"SG","",688372,3,,430,1,19,7,0,1,,0.5714,,5,0,0,,
5925604,1999,14445,1996,"SG","",474250,2,,510,1,19,14,0,1,,0.6429,,8,0,0,,
5925934,1999,14445,1996,"SG","",739525,3,,257,4,46,11,0,1,,0.7107,,3.7273,0,0,,
5925985,1999,14445,1997,"SG","",755950,3,,315,4,42,21,0,1,,0.254,,8.7619,0,0,,
5926449,1999,14445,1997,"SG","",721579,3,,369,2,24,6,0,1,,0,,5,0,0,,
5926983,1999,14452,1997,"SG","",601715,2,,38,6,63,7,0,0.5714,,0,,25.7143,0,0,,
5928029,1999,14452,1998,"SG","",573320,2,,439,4,41,19,0,1,,0,,7.8947,0,0,,
5929658,1999,14452,1997,"SG","",512710,3,,327,4,41,9,0,1,,0.3457,,5.3333,0,0,,
5929680,1999,14452,1997,"SG","",687533,3,,327,4,41,15,0,1,,0.3911,,6.7333,0,0,,
5929697,1999,14452,1997,"SG","",687533,3,,327,4,41,7,0,1,,0.6939,,8.8571,0,0,,
5930595,1999,14452,1997,"SG","",716765,3,,438,4,46,7,0,1,,0.5714,,4,0,0,,
5930627,1999,14452,1997,"SG","",688372,3,,438,4,46,9,0,1,,0.3457,,5.1111,0,0,,
5930677,1999,14452,1997,"SG","",688372,3,,438,4,46,12,0,1,,0.2917,,4.25,0.0833,0.0833,,
5930746,1999,14452,1996,"SG","",756320,7,,704,2,22,7,0,1,,0.4082,,4.4286,0,0,,
5933351,1999,14459,1997,"SG","",570160,2,,700,2,22,3,0,1,,0.6667,,5,0,0,,
5933641,1999,14459,1997,"SG","",687533,3,,395,2,22,4,0,1,,0.625,,4,0,0,,
5936900,1999,14466,1997,"SG","",570160,2,,365,2,24,12,0,1,,0.5694,,2.5833,0,0,,
5937297,1999,14466,1998,"SG","",688372,3,,438,4,46,12,0,1,,0.1528,,4.0833,0,0,,
5940020,1999,14473,1997,"SG","",742806,3,,341,2,22,5,0,1,,0,,5.6,0,0,,
5940566,1999,14473,1997,"SG","",250060,2,,385,2,21,4,0,1,,0.75,,5.25,0,0,,
5943598,1999,14480,1995,"SG","",744951,2,,438,4,46,6,0,1,,0.7778,,3.1667,0,0,,
5943799,1999,14487,1997,"SG","",601715,2,,38,6,63,4,0,1,,0.375,,10,0,0,,
5944536,1999,14487,1996,"SG","",573320,2,,439,4,41,26,0,1,,0.7071,,9.5,0.08,0.0769,,
5945877,1999,14487,1997,"SG","",507665,3,,330,4,41,5,0,1,,0.48,,12.4,0,0,,
5945938,1999,14487,1997,"SG","",394300,3,,342,2,21,7,0,1,,0.449,,13.5714,0,0,,
5946589,1999,14487,1997,"SG","",688372,3,,438,4,46,7,0,1,,0.449,,3.5714,0,0,,
5946650,1999,14487,1997,"SG","",742806,3,,704,2,22,6,0,1,,0,,5.1667,0,0,,
5947258,1999,14494,1997,"SG","",8075,2,,198,5,59,7,0,0.8571,,0.5,,16.8571,0,0,,
5948700,1999,14494,1996,"SG","",688372,3,,438,4,46,12,0,1,,0.4167,,5.75,0,0,,
5948701,1999,14494,1997,"SG","",688372,3,,438,4,46,10,0,1,,0.48,,3.5,0,0,,
5949408,1999,14494,1997,"SG","",250060,2,,345,2,23,26,0,0.9615,,0.7104,,8.1538,0.0417,0.0385,,
5951687,1999,14501,1997,"SG","",757172,2,,713,2,22,5,0,1,,0.32,,7.2,0.6,0.6,,
5952611,1999,14501,1997,"SG","",570160,2,,174,4,41,19,0,1,,0.5263,,14.5263,0,0,,
5952786,1999,14501,1998,"SG","",719699,3,,315,4,42,2,0,1,,0,,11,0,0,,
5952994,1999,14501,1997,"SG","",250060,2,,345,2,23,5,0,1,,0,,1.6,0,0,,
5956137,1999,14508,1998,"SG","",688372,3,,356,4,43,4,0,1,,0.5,,3.75,0,0,,
5956233,1999,14508,1997,"SG","",570160,2,,361,4,45,25,0,1,,0.5952,,11.28,0,0,,
5960201,1999,14515,1997,"SG","",742806,3,,395,2,22,7,0,1,,0.7347,,4.4286,0,0,,
5961860,1999,14522,1995,"SG","",394300,3,,219,4,49,11,0,1,,0.7934,,7.9091,0,0,,
5964027,1999,14529,1997,"SG","",211480,3,,29,5,52,13,0,0.9231,,0.6111,,12.0769,0,0,,
5966475,1999,14529,1997,"SG","",250060,2,,382,2,22,16,0,1,,0.6016,,7,0.0625,0.0625,,
5967577,1999,14536,1998,"SG","",739525,3,,294,5,59,7,0,1,,0.8571,,11.2857,0,0,,
5969374,1999,14536,1998,"SG","",250060,2,,250,4,44,3,0,1,,0.6667,,9.6667,0,0,,
5969448,1999,14536,1997,"SG","",759743,3,,310,4,45,2,0,1,,0,,1,0,0,,
5970374,1999,14536,1996,"SG","",688372,3,,438,4,46,12,0,1,,0,,3.3333,0,0,,
5971775,1999,14543,1997,"SG","",746615,2,,439,4,41,13,0,1,,0.3905,,10.0769,0,0,,
5973346,1999,14543,1997,"SG","",688372,3,,257,4,46,4,0,1,,0.375,,5.25,0.25,0.25,,
5977599,1999,14550,1998,"SG","",688372,3,,257,4,46,11,0,1,,0.562,,5.3636,0,0,,
5979081,1999,14557,1998,"SG","",,1,,36,6,63,9,0,0.7778,,0.449,,21.3333,,,,
5979198,1999,14557,1998,"SG","",760554,3,,70,6,65,12,0,0.8333,,0.48,,21.8333,0,0,,
5980099,1999,14557,1998,"SG","",746473,3,,366,1,19,6,0,0.5,,0.4444,,47.6667,0,0,,
5980186,1999,14557,1996,"SG","",688372,3,,414,5,51,9,0,0.7778,,0.449,,15,0,0,,
5980273,1999,14557,1997,"SG","",746615,2,,439,4,41,21,0,1,,0.5488,,8.7143,0,0,,
5982021,1999,14557,1997,"SG","",688372,3,,257,4,46,11,0,1,,0.5455,,8.3636,0,0,,
5982657,1999,14557,1997,"SG","",570160,2,,365,2,24,1,0,1,,0,,31,0,0,,
5985590,1999,14564,1997,"SG","",394300,3,,435,3,33,6,0,1,,0,,7.1667,0,0,,
5987011,1999,14564,1996,"SG","",,5,,370,2,21,12,0,1,,0.2917,,4.1667,,,,
5988309,1999,14571,1998,"SG","",92420,2,,180,5,55,6,0,1,,0.2778,,15.5,0.5,0.3333,,
5989471,1999,14571,1997,"SG","",761525,3,,264,5,51,4,0,1,,0,,7,0,0,,
5989978,1999,14571,1998,"SG","",688372,3,,438,4,46,4,0,1,,0,,2.75,0,0,,
5989979,1999,14571,1998,"SG","",688372,3,,438,4,46,10,0,1,,0.32,,6.2,0,0,,
5991044,1999,14571,1997,"SG","",739525,3,,356,4,43,5,0,1,,0,,7.6,0,0,,
5991945,1999,14578,1998,"SG","",,1,,5,6,65,26,0,0.6923,,0.2037,,25.3077,,,,
5992170,1999,14578,1998,"SG","",731221,3,,62,6,69,5,0,1,,0,,10.4,0,0,,
5992397,1999,14578,1997,"SG","",,1,,123,5,53,5,0,1,,0,,10.8,,,,
5992611,1999,14578,1998,"SG","",386735,2,,198,5,59,4,0,1,,0.375,,16.5,0,0,,
5994217,1999,14578,1996,"SG","",688372,3,,438,4,46,12,0,1,,0.1528,,2.1667,0.0833,0.0833,,
5995084,1999,14578,1997,"SG","",742806,3,,345,2,23,18,0,1,,0.8086,,6.5,0,0,,
5996831,1999,14585,1998,"SG","",760554,3,,220,6,68,11,0,0.9091,,0.72,,20,0,0,,
5997041,1999,14585,1999,"SG","",,1,,281,6,69,4,0,1,,0.625,,18,,,,
5998103,1999,14585,1998,"SG","",688372,3,,430,1,19,7,0,1,,0.449,,6.8571,0.1429,0.1429,,
5998860,1999,14585,1997,"SG","",570160,2,,257,4,46,20,0,1,,0.6,,13.05,0,0,,
5999352,1999,14585,1997,"SG","",757172,2,,360,2,24,4,0,1,,0,,9.25,0,0,,
6000779,1999,14592,1997,"SG","",250060,2,,347,2,23,15,0,1,,0,,3.8667,0.9333,0.9333,,
6001700,1999,14592,1998,"SG","",688372,3,,438,4,46,6,0,1,,0.2778,,6.1667,0,0,,
6001706,1999,14592,1997,"SG","",688372,3,,438,4,46,17,0,1,,0.3114,,1.5882,0.0588,0.0588,,
6004188,1999,14599,1998,"SG","",688372,3,,451,5,51,14,0,1,,0.6531,,6.5714,0,0,,
6004722,1999,14599,1998,"SG","",688372,3,,430,1,19,6,0,1,,0.2778,,6.3333,0,0,,
6005253,1999,14599,1998,"SG","",688372,3,,250,4,44,9,0,1,,0.5185,,11,0,0,,
6005674,1999,14599,1996,"SG","",,1,,358,2,21,7,0,1,,0.5714,,7.8571,,,,
6005947,1999,14599,1997,"SG","",,1,,381,4,49,4,0,1,,0,,12.25,,,,
6007728,1999,14606,1997,"SG","",739525,3,,216,1,19,5,0,1,,0.64,,8.4,0,0,,
6007988,1999,14606,1997,"SG","",364545,3,,435,3,33,1,0,1,,0,,3,0,0,,
6008640,1999,14606,1997,"SG","",757172,2,,324,4,43,3,0,1,,0.4444,,1.3333,0.3333,0.3333,,
6008676,1999,14606,1998,"SG","",742806,3,,327,4,41,3,0,1,,0.4444,,8.6667,0,0,,
