4054815,1977,6500,1976,"SG","",512710,3,7,315,4,42,3,0,1,,0.4444,,2.6667,0,0,,
4070601,1978,6598,1976,"SG","",246430,3,8,315,4,42,1,0,1,,0,,4,0,0,,
4099084,1978,6759,1976,"SG","",246300,3,4,313,4,42,6,2,0.5,0,0,6.5,19.8333,0,0,0.5,0.5
4205429,1980,7459,1979,"SG","",218550,2,28,29,5,52,10,2,0.7,0,0.2449,9,14.8,0.25,0.1,0,0
4215464,1980,7522,1977,"SG","",218550,2,18,29,5,52,3,9,1,0.4938,0,13.4444,9,1,0.6667,0.1111,0.1111
4225293,1980,7578,1978,"SG","",,1,5,418,5,53,9,1,0.3333,0,0,14,43.6667,,,,
4247110,1981,7697,1979,"SG","",,1,6,273,6,62,8,1,0.25,0,0,14,55.625,,,,
4248429,1981,7704,1979,"SG","",,1,1,273,6,62,6,1,0.5,0,0.4444,2,35,,,,
4255261,1981,7739,1979,"SG","",,1,8,210,1,19,5,2,0.6,0,0,3.5,19.4,,,,
4258108,1981,7753,1980,"SG","",605340,3,10,429,4,45,7,4,1,0,0,6,5.7143,0,0,0,0
4312371,1982,8061,1979,"SG","",,1,6,135,6,69,6,11,0.3333,0.5455,0,10.5455,32.6667,,,,
4314421,1982,8075,1980,"SG","",,1,5,43,6,61,3,0,0,,,,54.6667,,,,
4362368,1982,8376,1980,"SG","",,1,4,351,3,39,5,4,1,0,0,8,4,,,,
4384508,1983,8544,1981,"SG","",99030,3,27,89,5,59,4,13,0.25,0.6272,0,8.9231,29,0,0,0,0
4405654,1983,8663,1982,"SG","",561275,3,12,426,6,61,1,13,1,0.4734,0,6.3077,1,0,0,0.3846,0.3846
4408555,1983,8684,1981,"SG","",,1,8,114,5,55,3,3,1,0.6667,0.6667,7.6667,4.6667,,,,
4411506,1983,8698,1981,"SG","",238400,3,19,396,5,54,5,0,1,,0,,6.2,0,0,,
4416186,1983,8726,1981,"SG","",99030,3,8,89,5,59,3,1,0.6667,0,0,3,33.3333,0,0,0,0
