3623230,1971,4351,1969,"SG","",351895,3,,33,6,69,,0,,,,,,,,,
3633837,1972,4393,1969,"SG","",532110,3,,242,5,51,,4,,0.375,,10.5,,,,0.3333,0.25
3634324,1972,4393,1969,"SG","",474370,3,,528,1,15,,1,,0,,3,,,,0,0
3634414,1972,4393,1968,"SG","",455025,3,,548,1,14,,1,,0,,21,,,,0,0
3668314,1972,4540,1969,"SG","",114905,3,,178,2,21,,1,,0,,4,,,,0,0
3717523,1973,4799,1971,"SG","",512710,3,,156,1,19,,5,,0.32,,9.8,,,,0,0
3727473,1973,4855,1971,"SG","",,1,,475,5,53,,10,,0.58,,7.3,,,,,
3748449,1973,4953,1971,"SG","",340135,2,,708,2,22,,2,,0.5,,7.5,,,,0,0
3748666,1973,4960,1971,"SG","",,1,,5,6,65,,9,,0.2188,,11.375,,,,,
3752480,1973,4974,1972,"SG","",,1,,273,6,62,,0,,,,,,,,,
3775721,1973,5079,1972,"SG","",,1,,336,4,41,,0,,,,,,,,,
3779967,1973,5100,1970,"SG","",474370,3,,252,1,19,,2,,0.5,,10.5,,,,0.5,0.5
3788481,1974,5142,1971,"SG","",,1,,210,1,19,,5,,0,,9.4,,,,,
3801103,1974,5205,1972,"SG","",,1,,273,6,62,,2,,0,,14,,,,,
3801835,1974,5205,1973,"SG","",,1,,327,4,41,,4,,0.75,,2.5,,,,,
3815067,1974,5268,1972,"SG","",,1,,336,4,41,,4,,0.5,,18.75,,,,,
3826043,1974,5324,1972,"SG","",,1,,49,5,59,,1,,0,,4,,,,,
3847488,1974,5429,1972,"SG","",,1,,403,6,67,,5,,0.64,,15.8,,,,,
3887158,1975,5632,1973,"SG","",423140,2,11,251,5,53,4,5,0.5,0.48,0.5,13.2,13.25,0,0,0,0
3964218,1976,6017,1975,"SG","",594800,2,2,52,6,69,4,5,0.5,0.32,0,13,21.5,0,0,0,0
3982282,1976,6115,1975,"SG","",,1,4,4,6,65,5,3,1,0.4444,0,10.6667,4.4,,,,
3992053,1976,6164,1974,"SG","",,1,9,135,6,69,4,21,0.5,0.3311,0.5,15.2381,17.75,,,,
4005221,1977,6234,1975,"SG","",,1,8,514,3,31,0,0,,,,,,,,,
4037136,1977,6409,1975,"SG","",246300,3,2,315,4,42,8,3,1,0,0.2188,9.3333,5.5,0,0,0,0
