5184225,1993,12086,1991,"SG","",573981,3,2,348,4,49,5,8,1,0.5938,0.48,4.375,17.2,0,0,0,0
5184628,1993,12093,1991,"SG","",,1,8,600,3,32,6,2,1,0.5,0.5,1.5,6.3333,,,,
5188534,1993,12107,1992,"SG","",382575,2,5,439,4,41,6,3,1,0.4444,0,2.3333,7.5,0.2,0.1667,0,0
5188535,1993,12107,1992,"SG","",382575,2,19,439,4,41,11,12,1,0.4861,0,3.5833,6.5455,0.0909,0.0909,0,0
5189263,1993,12107,1992,"SG","",101491,2,2,181,6,69,12,0,0.9167,,0.1653,,17.4167,0,0,,
5192697,1993,12121,1992,"SG","",688372,3,23,438,4,46,2,9,1,0,0,3.7778,2,0,0,0,0
5194891,1993,12128,1991,"SG","",,1,15,355,5,54,6,1,1,0,0.2778,4,9.8333,,,,
5194953,1993,12128,1990,"SG","",573981,3,2,348,4,49,16,1,0.9375,0,0.24,3,9.5625,0.0714,0.0625,0,0
5198731,1993,12142,1992,"SG","",573981,3,15,315,4,42,5,2,1,0.5,0,4.5,10.4,0,0,0,0
5199034,1993,12142,1990,"SG","",570160,2,5,714,2,22,3,3,1,0.4444,0.4444,5.3333,2,0,0,0,0
5206536,1993,12170,1991,"SG","",570160,2,15,257,4,46,3,8,1,0.2188,0.4444,3.375,3,0,0,0.375,0.375
5206728,1993,12170,1991,"SG","",573981,3,6,348,4,49,5,3,1,0.4444,0.32,3.6667,12.6,0,0,0,0
5208181,1993,12177,1992,"SG","",688372,3,22,438,4,46,2,6,1,0,0,3.6667,7,0,0,0,0
5208789,1993,12177,1992,"SG","",332080,3,12,367,2,21,4,6,1,0.4444,0.375,3.8333,10.5,0,0,0,0
5211579,1993,12191,1992,"SG","",382575,2,12,439,4,41,7,13,0.4286,0.142,0.4444,3.4615,30.2857,0,0,0.1538,0.1538
5227232,1993,12247,1991,"SG","",,1,5,428,6,69,6,14,1,0.2551,0.5,4.5,3,,,,
5229329,1993,12254,1992,"SG","",570160,2,4,29,5,52,6,7,1,0.7755,0.5,3.2857,8.8333,0,0,0.2857,0.2857
5233109,1993,12268,1990,"SG","",394300,3,14,585,1,19,6,2,1,0,0.5,5.5,11.3333,0,0,0,0
5233350,1993,12268,1991,"SG","",694004,2,8,341,2,22,1,4,1,0.5,0,4,4,0,0,0,0
5233569,1993,12268,1991,"SG","",624205,2,5,367,2,21,2,3,1,0,0,3.3333,4.5,1,1,0.3333,0.3333
5236375,1993,12282,1992,"SG","",382575,2,7,439,4,41,9,8,1,0.4063,0.3704,3.375,3.1111,0,0,0,0
5237948,1993,12289,1992,"SG","",409090,3,11,114,5,55,30,2,1,0.5,0.5889,2.5,8.5667,0.0417,0.0333,0,0
5241325,1993,12296,1991,"SG","",250060,2,6,347,2,23,2,8,1,0.5313,0.5,2.875,4,0.5,0.5,0.625,0.625
5242311,1993,12303,1993,"SG","",382575,2,7,439,4,41,11,14,1,0.3673,0.6116,1.8571,7,0.25,0.1818,0.0714,0.0714
5245223,1993,12310,1992,"SG","",250060,2,15,327,4,41,6,14,1,0.6224,0.5,3.2143,5.1667,0,0,0.0714,0.0714
5247299,1993,12317,1992,"SG","",250060,2,10,341,2,22,4,1,1,0,0.375,4,9.5,0,0,0,0
5248289,1993,12324,1992,"SG","",491685,3,6,492,5,59,9,0,1,,0.716,,16.4444,0.2857,0.2222,,
5255094,1993,12345,1990,"SG","",573981,3,6,348,4,49,27,4,1,0.375,0.7599,3.75,8.2222,0,0,0,0
5256730,1993,12352,1992,"SG","",394300,3,8,524,1,15,10,1,1,0,0.76,4,2.9,0,0,0,0
5258039,1993,12359,1991,"SG","",394300,3,4,623,3,39,10,7,0.6,0,0,4.5714,28.5,0,0,0,0
5260782,1993,12366,1992,"SG","",358975,3,3,348,4,49,3,50,1,0.8256,0,3.24,2.6667,0,0,0.04,0.04
5264704,1993,12380,1992,"SG","",394300,3,15,250,4,44,1,5,1,0.56,0,3,3,0,0,0.6,0.6
5269769,1993,12401,1992,"SG","",697353,3,14,604,3,32,4,4,1,0.5,0,4,3.5,0,0,0,0
5270255,1993,12401,1993,"SG","",688372,3,12,438,4,46,9,13,1,0.2604,0.4444,3.3846,2.4444,0.1111,0.1111,0.0769,0.0769
5270823,1993,12401,1992,"SG","",573981,3,28,348,4,49,4,6,1,0.6667,0.625,4.3333,4,0.25,0.25,0,0
5273121,1993,12415,1992,"SG","",160730,3,24,175,6,64,10,5,0.9,0,0.5679,4.6,17.5,0,0,0,0
5274770,1993,12415,1992,"SG","",687533,3,5,712,2,22,6,1,1,0,0.6667,3,4.5,0,0,0,0
5281169,1994,12443,1993,"SG","",382575,2,11,439,4,41,11,18,1,0.2901,0,2.7222,2.9091,0.2,0.1818,0.3333,0.3333
5281854,1994,12443,1992,"SG","",688372,3,11,257,4,46,6,0,1,,0.2778,,5.8333,0,0,,
5282655,1994,12450,1993,"SG","",860,2,17,285,6,67,5,0,0.8,,0,,18.8,0,0,,
5283491,1994,12450,1993,"SG","",359990,2,25,310,4,45,3,4,1,0.375,0.4444,3,2.3333,0,0,0,0
5284272,1994,12457,1992,"SG","",698759,3,12,222,1,19,9,2,0.4444,0.5,0.375,4,31.8889,0,0,0,0
5285452,1994,12457,1992,"SG","",573981,3,10,714,2,22,4,3,1,0.4444,0.375,3,9,0,0,0,0
5286607,1994,12464,1991,"SG","",688372,3,18,430,1,19,4,6,1,0.6111,0.625,4.3333,4.5,0,0,0,0
5288253,1994,12471,1992,"SG","",409090,3,12,441,6,69,34,5,1,0.72,0.6228,4.8,10.0588,0.0357,0.0294,0,0
5291386,1994,12478,1992,"SG","",573981,3,11,363,4,45,3,7,1,0.2449,0,4.5714,8,0,0,0.1429,0.1429
5293065,1994,12485,1992,"SG","",570160,2,5,257,4,46,4,2,1,0,0,4,4.25,0,0,0,0
5299875,1994,12513,1992,"SG","",250060,2,24,400,5,59,3,12,1,0.5278,0.6667,3.75,4.6667,0.6667,0.6667,0.5833,0.5833
5303048,1994,12520,1993,"SG","",573981,3,2,348,4,49,4,0,1,,0,,10.75,0,0,,
5304070,1994,12527,1992,"SG","",382575,2,8,439,4,41,12,5,1,0,0,3.2,4.1667,0,0,0.2,0.2
5307499,1994,12534,1993,"SG","",700914,3,30,395,2,22,2,19,1,0.5208,0,1.7895,3.5,0,0,0,0
5308415,1994,12541,1992,"SG","",688372,3,15,438,4,46,9,3,1,0,0.1975,3.6667,5.8889,0,0,0,0
5312196,1994,12555,1992,"SG","",250060,2,61,400,5,59,5,4,1,0.625,0.56,3,9.2,0,0,0.25,0.25
5312590,1994,12555,1989,"SG","",394300,3,13,422,1,19,5,12,1,0.625,0.56,6.1667,9.2,0,0,0,0
5313102,1994,12555,1989,"SG","",570160,2,21,257,4,46,15,6,0.9333,0.5,0.1327,6.3333,8.7333,0.0714,0.0667,0,0
5319241,1994,12576,1993,"SG","",570160,2,13,257,4,46,1,6,1,0.4444,0,3.1667,2,0,0,0,0
5320436,1994,12583,1993,"SG","",250060,2,8,400,5,59,2,2,1,0.5,0.5,3,12.5,0,0,0.5,0.5
5324204,1994,12597,1992,"SG","",,1,20,439,4,41,7,37,1,0.4543,0.2449,3.6486,2.4286,,,,
5325022,1994,12597,1992,"SG","",670697,2,2,315,4,42,1,1,1,0,0,5,1,0,0,0,0
5325465,1994,12597,1992,"SG","",700914,3,9,706,2,22,7,15,1,0.3378,0.5714,2.3333,2.5714,0,0,0.1538,0.1333
5326090,1994,12604,1992,"SG","",250060,2,10,271,5,51,4,4,1,0.625,0.375,4.25,4,0,0,0.75,0.75
5327172,1994,12604,1992,"SG","",573981,3,7,348,4,49,11,7,1,0.7755,0.8264,4.2857,7.0909,0,0,0.1429,0.1429
5329243,1994,12611,1992,"SG","",386735,2,8,330,4,41,13,4,1,0.75,0.5917,4.25,14.2308,0.3077,0.3077,0,0
5330930,1994,12618,1992,"SG","",688372,3,18,438,4,46,7,6,1,0.2778,0.4082,4.6667,2.8571,0,0,0,0
5331200,1994,12618,1992,"SG","",570160,2,7,257,4,46,3,11,1,0.5124,0,4.6364,4.6667,0,0,0,0
5331347,1994,12618,1992,"SG","",573981,3,7,348,4,49,12,3,1,0,0.4861,2.3333,5.9167,0,0,0,0
5332543,1994,12625,1992,"SG","",703277,3,4,419,5,52,1,1,1,0,0,1,5,0,0,1,1
5333957,1994,12632,1993,"SG","",700676,3,5,384,5,59,7,3,1,0.6667,0.449,2.6667,10.7143,0,0,0,0
5336054,1994,12639,1992,"SG","",703622,3,8,417,5,53,6,2,1,0,0.6667,2,8.5,0,0,0,0
5336354,1994,12639,1989,"SG","",,1,5,156,1,19,4,2,0.5,0,0,5,34,,,,
5338215,1994,12646,1993,"SG","",382575,2,14,439,4,41,9,9,1,0,0.4938,3.1111,12.3333,0.125,0.1111,0.125,0.1111
5342632,1994,12660,1993,"SG","",397085,3,17,426,6,61,2,0,0.5,,0,,23.5,0,0,,
5345148,1994,12667,1993,"SG","",704504,3,12,315,4,42,21,4,1,0,0.3311,2.75,5.5238,0,0,0,0
5345366,1994,12667,1993,"SG","",386735,2,20,361,4,45,2,6,1,0.4444,0,2.5,12.5,0.5,0.5,0,0
5346320,1994,12674,1992,"SG","",250060,2,8,400,5,59,5,2,0.8,0,0.625,4.5,24.2,0,0,0.5,0.5
5347308,1994,12674,1992,"SG","",358975,3,36,348,4,49,15,20,1,0.625,0.2311,3.15,2.8667,0,0,0.05,0.05
5348407,1994,12681,1992,"SG","",250060,2,2,400,5,59,10,2,1,0.5,0.34,3.5,8.2,0,0,0,0
5351758,1994,12695,1993,"SG","",705160,3,19,166,6,64,8,1,0.875,0,0,3,17.625,0,0,0,0
5353468,1994,12702,1992,"SG","",601715,2,12,15,6,69,3,3,1,0.6667,0.6667,1.6667,6.3333,0.3333,0.3333,0.6667,0.6667
5354676,1994,12702,1991,"SG","",599405,3,2,435,3,33,0,0,,,,,,,,,
5354861,1994,12702,1992,"SG","",394300,3,10,544,1,14,2,6,1,0,0.5,3,12.5,0,0,0,0
5359156,1994,12716,1992,"SG","",687533,3,16,178,2,21,7,8,1,0.4688,0.449,3.875,5.1429,0,0,0,0
5359772,1994,12723,1993,"SG","",491685,3,5,29,5,52,10,1,1,0,0.74,2,15.9,0.375,0.3,0,0
5361964,1994,12730,1993,"SG","",551380,3,10,228,5,52,6,1,1,0,0.7222,2,13.3333,0,0,0,0
5371028,1994,12758,1993,"SG","",688372,3,8,438,4,46,4,9,1,0,0.375,3.7778,1.75,0,0,0.1111,0.1111
5372438,1994,12765,1993,"SG","",,1,18,400,5,59,8,1,1,0,0.5938,2,14.375,,,,
5372511,1994,12765,1992,"SG","",707182,3,17,434,6,69,5,1,1,0,0.56,5,5,0,0,0,0
5375371,1994,12779,1992,"SG","",,1,4,47,6,61,4,0,0.75,,0,,22.5,,,,
5380494,1995,12793,1992,"SG","",550270,3,11,422,1,19,3,2,1,0.5,0.6667,3,13.6667,0.5,0.3333,0,0
5381144,1995,12793,1993,"SG","",358975,3,7,341,2,22,5,8,1,0.4063,0.56,2,5.8,0,0,0,0
5383797,1995,12807,1993,"SG","",382575,2,7,439,4,41,7,2,1,0,0.6122,2.5,6.8571,0.1429,0.1429,0,0
5391948,1995,12835,1993,"SG","",581270,3,10,327,4,41,2,1,1,0,0,4,11,0,0,0,0
5393700,1995,12842,1994,"SG","",688372,3,26,438,4,46,4,0,1,,0.375,,5,0.25,0.25,,
5394465,1995,12842,1993,"SG","",507665,3,17,379,2,21,3,4,0.6667,0.375,0,2.75,15.6667,0,0,0,0
5395860,1995,12849,1993,"SG","",35691,2,32,521,1,15,9,0,1,,0,,15.2222,0,0,,
5397531,1995,12856,1993,"SG","",703277,3,15,419,5,52,14,4,1,0.375,0.8061,2.75,5.5714,0,0,0,0
5401176,1995,12870,1994,"SG","",701194,2,20,439,4,41,15,6,1,0.2778,0.32,2.1667,3.3333,0,0,0.5,0.5
5401425,1995,12870,1994,"SG","",569900,2,13,507,6,64,16,1,0.75,0,0.6806,1,22.375,0.5455,0.375,0,0
5401462,1995,12870,1993,"SG","",703277,3,6,419,5,52,1,0,1,,0,,1,1,1,,
5404289,1995,12877,1993,"SG","",394300,3,12,700,2,22,7,8,1,0.75,0.2449,2.375,6.1429,0,0,0,0
5406028,1995,12884,1994,"SG","",252865,3,9,174,4,41,3,4,1,0,0.4444,2.5,5.3333,0.3333,0.3333,0,0
5406520,1995,12884,1993,"SG","",570160,2,18,365,2,24,1,8,1,0,0,3.375,9,0,0,0,0
5406823,1995,12891,1992,"SG","",710394,3,4,72,5,52,10,0,0.7,,0.4082,,29.8,0,0,,
5411573,1995,12905,1993,"SG","",394300,3,23,75,5,52,6,0,1,,0.5,,10.1667,0,0,,
5412718,1995,12905,1993,"SG","",710916,3,14,705,2,22,8,22,1,0.8058,0.5938,2.9545,5.75,0,0,0,0
5415830,1995,12919,1993,"SG","",703277,3,6,419,5,52,1,3,1,0.4444,0,3.3333,6,0,0,0,0
5422892,1995,12940,1994,"SG","",570160,2,6,714,2,22,7,4,1,0.375,0.2449,2.75,13,0,0,0,0
5423704,1995,12947,1993,"SG","",703966,3,5,445,4,42,4,0,1,,0.375,,8.5,0,0,,
5426394,1995,12954,1993,"SG","",573981,3,3,330,4,41,3,1,1,0,0.6667,4,13.6667,0,0,0,0
5429115,1995,12968,1993,"SG","",712510,3,18,126,6,66,6,0,1,,0,,5.3333,0,0,,
5429267,1995,12968,1993,"SG","",,1,3,220,6,68,5,0,0.4,,0.5,,43.2,,,,
5429912,1995,12968,1993,"SG","",688372,3,8,430,1,19,6,5,1,0.32,0.7778,3.2,9.1667,0,0,0,0
5432887,1995,12975,1993,"SG","",700914,3,34,706,2,22,4,4,1,0.75,0.5,1.5,3.5,0,0,0,0
5434106,1995,12982,1994,"SG","",570160,2,6,29,5,52,5,6,1,0.7222,0.32,2.6667,5,0.2,0.2,0,0
5436570,1995,12989,1993,"SG","",,1,6,324,4,43,8,1,1,0,0.4688,3,10.25,,,,
5439048,1995,13003,1994,"SG","",,1,1,165,6,66,4,0,0.5,,0,,45.75,,,,
5441528,1995,13010,1992,"SG","",556180,3,15,607,3,32,18,1,0.8333,0,0.4444,4,23,0.25,0.1111,0,0
5441993,1995,13010,1992,"SG","",268215,3,9,521,1,15,6,3,1,0.4444,0,3,6.3333,0.1667,0.1667,0.3333,0.3333
5446116,1995,13024,1993,"SG","",550270,3,4,526,1,15,12,0,1,,0.625,,14.75,0.1111,0.0833,,
5447393,1995,13031,1993,"SG","",,1,24,405,6,64,4,0,0.5,,0,,43.75,,,,
5451172,1995,13045,1994,"SG","",695811,2,9,439,4,41,11,2,0.9091,0,0,2,10.7273,0,0,0,0
5451526,1995,13045,1994,"SG","",394300,3,14,436,1,19,2,0,1,,0.5,,18.5,0,0,,
5453403,1995,13052,1994,"SG","",688372,3,21,438,4,46,14,14,1,0.2449,0.1327,2.2143,4.1429,0,0,0,0
5453644,1995,13052,1992,"SG","",601715,2,29,307,4,49,20,4,0.65,0.75,0.8876,4,26.75,0.2222,0.1,0,0
5454648,1995,13059,1994,"SG","",250060,2,18,400,5,59,5,1,0.8,0,0.75,3,21,0,0,0,0
5454900,1995,13059,1994,"SG","",714941,3,15,156,1,19,4,1,1,0,0.75,3,4.5,0,0,0,0
5457609,1995,13066,1994,"SG","",386735,2,19,361,4,45,5,0,0.8,,0.375,,14.8,0,0,,
5457716,1995,13066,1994,"SG","",386735,2,19,375,2,21,8,3,1,0.4444,0.6563,2,4.75,0.375,0.375,0,0
5459139,1995,13073,1994,"SG","",394300,3,10,514,3,31,2,0,1,,0.5,,13.5,0,0,,
5459377,1995,13073,1993,"SG","",,5,7,315,4,42,3,0,1,,0,,17.3333,,,,
5459868,1995,13073,1993,"SG","",745593,3,12,395,2,22,5,6,1,0,0.48,2.8333,2,0,0,0,0
5461255,1995,13080,1994,"SG","",570160,2,7,257,4,46,11,18,1,0.4012,0.1653,2.7778,6.7273,0.1,0.0909,0.0556,0.0556
5462373,1995,13087,1994,"SG","",250060,2,18,400,5,59,9,1,1,0,0.5926,5,4.6667,0.5556,0.5556,1,1
5464294,1995,13094,1994,"SG","",715795,3,13,401,1,12,9,0,0.6667,,0.2778,,22.4444,0,0,,
5465794,1995,13101,1994,"SG","",860,2,7,166,6,64,8,3,1,0,0.5938,1,9.375,0,0,1,0.6667
5466888,1995,13101,1995,"SG","",252865,3,6,174,4,41,1,11,1,0.5455,0,1.6364,3,0,0,0,0
5468967,1995,13108,1994,"SG","",394300,3,14,250,4,44,3,1,1,0,0,3,9.3333,0.3333,0.3333,0,0
5469982,1995,13115,1994,"SG","",386735,2,8,220,6,68,7,1,0.7143,0,0,0,20.8571,0,0,1,1
5470604,1995,13115,1994,"SG","",688372,3,6,427,1,12,16,0,1,,0.5703,,10,0,0,,
5475336,1995,13129,1994,"SG","",716765,3,10,327,4,41,7,1,1,0,0.6939,2,3.1429,0,0,0,0
5475412,1995,13129,1994,"SG","",250060,2,15,347,2,23,7,1,0.8571,0,0.6667,0,11.5714,0,0,0,0
5485071,1996,13164,1995,"SG","",,1,7,318,4,45,11,1,1,0,0.314,3,9.0909,,,,
5486433,1996,13171,1994,"SG","",605340,3,19,429,4,45,5,0,1,,0,,17.4,0,0,,
5486769,1996,13171,1994,"SG","",394300,3,17,324,4,43,0,0,,,,,,,,,
5487132,1996,13171,1994,"SG","",,1,37,706,2,22,7,6,1,0.5,0.5714,1.8333,4.5714,,,,
5488244,1996,13178,1995,"SG","",688372,3,24,257,4,46,2,2,1,0.5,0.5,1.5,3.5,0,0,0,0
5488397,1996,13178,1991,"SG","",250060,2,15,347,2,23,13,9,1,0.716,0.3787,4.8889,8.6154,0.3077,0.3077,0.1111,0.1111
5488419,1996,13178,1993,"SG","",358975,3,16,348,4,49,7,17,1,0.6021,0.2449,2.4706,8.4286,0,0,0,0
5488759,1996,13185,1994,"SG","",386735,2,17,24,6,63,7,3,0.8571,0,0.7222,2,17.8571,0.6,0.4286,0.3333,0.3333
5489836,1996,13185,1994,"SG","",,1,15,320,4,45,9,9,1,0,0,1.3333,5,,,,
5490179,1996,13185,1994,"SG","",386735,2,8,375,2,21,3,3,1,0.4444,0.4444,2.3333,4.3333,1,1,0.3333,0.3333
5491794,1996,13192,1995,"SG","",573981,3,18,714,2,22,26,6,1,0.6667,0.6923,0.3333,8.6538,0.0769,0.0769,0,0
5493138,1996,13199,1994,"SG","",688372,3,4,257,4,46,2,3,1,0,0.5,3.6667,5,0,0,0,0
5494313,1996,13206,1994,"SG","",,1,20,280,5,55,3,0,1,,0,,16.6667,,,,
5496666,1996,13213,1994,"SG","",688372,3,20,430,1,19,1,0,1,,0,,2,0,0,,
5497025,1996,13213,1995,"SG","",688372,3,14,257,4,46,2,3,1,0.6667,0.5,2.3333,6.5,0,0,0,0
5497145,1996,13213,1994,"SG","",386735,2,16,340,2,21,10,7,1,0.6939,0.34,1.7143,5.8,0.5,0.5,0.2857,0.2857
5499298,1996,13220,1994,"SG","",394300,3,13,705,2,22,4,8,1,0.5313,0.625,2.625,6.25,0,0,0,0
5501704,1996,13234,1995,"SG","",556180,3,2,607,3,32,18,0,0.8333,,0.4444,,24,0.25,0.1111,,
5502792,1996,13234,1992,"SG","",250060,2,2,358,2,21,7,0,1,,0.6939,,5.4286,0.2857,0.2857,,
5504484,1996,13241,1993,"SG","",358975,3,9,341,2,22,12,2,1,0.5,0.7639,1,5,0,0,0,0
5506440,1996,13248,1994,"SG","",507660,2,5,257,4,46,3,1,1,0,0.4444,2,7,0.3333,0.3333,0,0
5508124,1996,13255,1994,"SG","",386735,2,9,429,4,45,7,7,1,0.7347,0.449,2.2857,5.7143,0.5714,0.5714,0.4286,0.4286
5508588,1996,13255,1992,"SG","",573981,3,1,315,4,42,2,4,1,0.4444,0.5,3.6667,14,0,0,0,0
5509052,1996,13255,1994,"SG","",386735,2,6,455,2,21,3,7,1,0,0,1.7143,4,0,0,0.1429,0.1429
5509053,1996,13255,1994,"SG","",386735,2,15,455,2,21,5,1,1,0,0.32,1,4.2,0.8,0.8,1,1
5509980,1996,13262,1994,"SG","",394300,3,16,148,5,52,3,4,1,0.375,0,2.25,5.3333,0,0,0,0
5510944,1996,13262,1995,"SG","",601715,2,11,361,4,45,2,1,1,0,0.5,3,14.5,0,0,0,0
5515087,1996,13276,1993,"SG","",250060,2,16,347,2,23,15,0,1,,0.8711,,7.2,0.2,0.2,,
5515919,1996,13283,1994,"SG","",709516,2,13,166,6,64,9,1,0.8889,0,0,2,14.3333,0,0,1,1
5517103,1996,13283,1993,"SG","",720570,3,34,323,4,45,7,3,1,0.4444,0.4898,4,9.7143,0,0,0,0
5517397,1996,13283,1994,"SG","",41815,3,9,363,4,45,6,2,1,0.5,0,3,4.5,0,0,0,0
5518427,1996,13290,1995,"SG","",165265,2,3,439,4,41,3,0,1,,0,,6.3333,0,0,,
5520617,1996,13297,1995,"SG","",698759,3,5,601,3,32,27,0,0.5556,,0.8178,,34.5926,0,0,,
5522713,1996,13304,1995,"SG","",761525,3,7,425,5,51,7,2,1,0,0.4082,1.5,5.7143,0,0,0,0
5523100,1996,13304,1994,"SG","",397085,3,20,426,6,61,11,4,1,0,0,2.25,9.7273,0.2,0.1818,0.5,0.5
5525204,1996,13311,1994,"SG","",386735,2,15,205,1,19,4,2,1,0,0.625,2.5,3.25,0.25,0.25,0,0
5528466,1996,13318,1994,"SG","",721560,3,21,361,4,45,27,3,1,0.4444,0.727,2.3333,8.3704,0,0,0,0
5528725,1996,13318,1993,"SG","",721579,3,7,704,2,22,7,4,1,0.375,0.449,3.5,6.4286,0,0,0,0
5529125,1996,13325,1994,"SG","",723189,2,42,166,6,64,16,1,0.9375,0,0.48,2,14.4375,0.0667,0.0625,0,0
5529346,1996,13325,1995,"SG","",721659,3,9,285,6,67,6,4,0.8333,0.375,0.72,1.75,24.3333,0,0,0,0
5529474,1996,13325,1995,"SG","",570160,2,11,425,5,51,8,1,1,0,0.75,0,12.75,0,0,0,0
5530234,1996,13325,1994,"SG","",250060,2,17,235,5,59,12,0,1,,0.8194,,11.0833,0,0,,
5530376,1996,13325,1994,"SG","",721560,3,16,324,4,43,7,11,1,0.6446,0.7755,2.2727,6.2857,0,0,0,0
5530621,1996,13325,1994,"SG","",386735,2,17,361,4,45,8,0,1,,0.375,,11.875,0.125,0.125,,
5530795,1996,13325,1994,"SG","",,1,9,345,2,23,5,8,1,0.5938,0.56,1.875,3.8,,,,
5532825,1996,13332,1993,"SG","",250060,2,20,358,2,21,29,7,1,0.6122,0.1926,2.5714,11.5517,0.037,0.0345,0.1429,0.1429
5533336,1996,13339,1994,"SG","",761525,3,8,60,4,45,9,0,0.7778,,0.6939,,19.5556,0,0,,
5533635,1996,13339,1994,"SG","",688372,3,16,216,1,19,8,6,1,0.5,0.4063,2.6667,11.125,0,0,0,0
5540618,1996,13360,1994,"SG","",394300,3,6,454,5,59,4,0,1,,0.375,,17.75,0,0,,
5543350,1996,13367,1995,"SG","",688372,3,42,438,4,46,3,2,1,0.5,0.4444,2,3,0,0,0,0
5543725,1996,13367,1993,"SG","",721560,3,13,324,4,43,7,13,1,0.5799,0.6939,3.3077,6.4286,0,0,0.0769,0.0769
5545040,1996,13374,1994,"SG","",723038,3,9,434,6,69,10,5,1,0.56,0.34,3,9.9,0,0,0,0
5545446,1996,13374,1994,"SG","",,1,9,428,6,69,5,1,0.6,0,0.4444,2,29.2,,,,
5546388,1996,13374,1994,"SG","",,1,32,370,2,21,13,5,1,0.72,0.8402,2.4,8.6154,,,,
5547024,1996,13381,1994,"SG","",723189,2,20,166,6,64,6,4,1,0.375,0.2778,3.5,3.3333,0,0,0,0
5551533,1996,13395,1994,"SG","",670697,2,26,187,5,55,10,0,1,,0.58,,8,0.25,0.2,,
5551808,1996,13395,1994,"SG","",723606,3,19,405,6,64,6,1,0.8333,0,0,3,18.3333,0,0,0,0
5552275,1996,13395,1994,"SG","",394300,3,21,435,3,33,1,0,1,,0,,10,0,0,,
5558037,1996,13416,1995,"SG","",,1,16,114,5,55,11,0,1,,0.314,,16.8182,,,,
5560873,1996,13423,1994,"SG","",,1,1,510,1,19,25,1,1,0,0.6464,3,5.48,,,,
5561693,1996,13423,1994,"SG","",386735,2,17,375,2,21,5,3,1,0.4444,0.48,2.3333,3.4,1,1,0.3333,0.3333
5562772,1996,13430,1995,"SG","",688372,3,11,118,1,12,5,1,1,0,0.32,1,7.6,0,0,0,0
5563443,1996,13430,1995,"SG","",570160,2,6,257,4,46,2,13,1,0.5444,0,2.3077,1.5,0,0,0.0769,0.0769
5563503,1996,13430,1994,"SG","",507665,3,5,323,4,45,6,2,1,0,0.6111,3,10.8333,0,0,0,0
5567064,1996,13444,1995,"SG","",724960,3,13,400,5,59,6,0,1,,0,,13,0,0,,
