4043455,1977,6444,1976,"MX","",281345,2,8,209,5,51,6,3,0.6667,0.6667,0,2,16.1667,0,0,0.3333,0.3333
4046238,1977,6458,1976,"MX","",,1,4,192,5,53,7,7,0.4286,0.2449,0,16.2857,24,,,,
4046250,1977,6458,1976,"MX","",,1,1,206,6,68,10,2,0.5,0.5,0.72,13.5,27.9,,,,
4046556,1977,6458,1976,"MX","",194395,3,11,75,5,52,8,4,0.75,0.375,0,3.75,9.875,0.6,0.375,0,0
4047995,1977,6465,1976,"MX","",,1,1,156,1,19,5,25,0.6,0.5696,0.4444,10.56,14.6,,,,
4048289,1977,6465,1975,"MX","",193080,3,5,423,1,19,7,16,0.7143,0.1172,0,5.75,11.8571,0,0,0,0
4051836,1977,6486,1976,"MX","",,1,1,126,6,66,1,2,0,0.5,,17,63,,,,
4059078,1977,6535,1976,"MX","",,1,1,123,5,53,10,12,0,0.1528,,6.6667,33.5,,,,
4059961,1977,6542,1976,"MX","",,1,10,60,4,45,2,2,1,0.5,0,6,10,,,,
4059995,1977,6542,1976,"MX","",,1,5,73,4,43,4,0,0,,,,38,,,,
4060952,1977,6549,1976,"MX","",,1,1,52,6,69,4,8,0.25,0.7813,0,9.625,63.5,,,,
4061072,1977,6549,1976,"MX","",,1,14,84,6,69,4,9,0.75,0,0,11,9.75,,,,
4062093,1977,6556,1976,"MX","",596750,2,3,26,6,63,10,2,0.2,0,0.5,15,41.1,0,0,0,0
4062526,1977,6556,1976,"MX","",,1,15,366,1,19,4,4,0.5,0.375,0.5,13.75,12,,,,
4067728,1978,6584,1975,"MX","",194395,3,21,75,5,52,7,4,1,0,0.2449,5.25,7.1429,0.8,0.5714,0,0
4069521,1978,6598,1975,"MX","",,1,4,4,6,65,11,3,0.8182,0,0,9,9,,,,
4070944,1978,6605,1976,"MX","",,1,7,84,6,69,6,1,0.3333,0,0,17,30.8333,,,,
4071241,1978,6605,1975,"MX","",,1,1,473,6,62,3,15,0.6667,0.4444,0.5,14.1333,19.6667,,,,
4074476,1978,6626,1975,"MX","",,1,10,52,6,69,8,4,0.625,0.625,0.32,14,17.375,,,,
4076805,1978,6633,1976,"MX","",421765,2,5,424,3,31,0,1,,0,,7,,,,0,0
4082514,1978,6668,1976,"MX","",,1,5,422,1,19,4,3,0.75,0,0.4444,8.6667,10.5,,,,
4083582,1978,6675,1977,"MX","",,1,1,281,6,69,6,6,0.3333,0.5,0,17,32.8333,,,,
4098912,1978,6759,1976,"MX","",52400,3,8,426,6,61,4,5,0.25,0,0,14,27.75,0,0,0,0
4099395,1978,6766,1977,"MX","",,1,6,70,6,65,1,8,0,0.2188,,9.875,19,,,,
4099962,1978,6766,1976,"MX","",234000,3,9,75,5,52,12,0,1,,0.4167,,8.4167,0,0,,
4099963,1978,6766,1976,"MX","",194395,3,27,75,5,52,2,5,1,0.32,0,6.2,3.5,1,1,0,0
4100900,1978,6773,1976,"MX","",,1,2,123,5,53,7,2,0.1429,0,0,7,32.2857,,,,
4102137,1978,6780,1976,"MX","",,5,7,405,6,64,8,10,1,0,0,11,6.75,,,,
4106761,1978,6801,1976,"MX","",,1,6,269,6,69,2,0,0.5,,0,,22.5,,,,
4108490,1978,6808,1977,"MX","",,1,7,297,6,65,5,4,0,0,,11.75,53.6,,,,
4108623,1978,6808,1977,"MX","",284155,3,15,65,5,51,4,19,1,0.1884,0,6.4211,3,0,0,0.1053,0.1053
4109438,1978,6815,1974,"MX","",,1,3,52,6,69,5,6,1,0,0,16,6.2,,,,
4116011,1978,6843,1977,"MX","",,1,6,405,6,64,5,6,0.4,0,0,15.3333,27.6,,,,
4119249,1978,6857,1977,"MX","",,1,30,224,6,68,7,23,0.2857,0.6503,0,11.7826,22.1429,,,,
4119497,1978,6857,1976,"MX","",276355,3,6,203,1,19,10,6,0.6,0.4444,0.4444,9.1667,16.2,0,0,0,0
4121922,1978,6871,1976,"MX","",194395,3,21,75,5,52,7,5,1,0.64,0.6122,8.2,9.2857,0.2,0.1429,0,0
4124036,1978,6885,1977,"MX","",,4,3,137,6,69,7,4,0.8571,0.5,0.2778,6.25,11.8571,,,,
4131434,1978,6934,1976,"MX","",,1,8,44,1,19,8,7,0.125,0,0,17.2857,50.75,,,,
4133989,1979,6948,1977,"MX","",,1,3,200,4,41,5,0,0.6,,0.4444,,18.2,,,,
4134043,1979,6948,1976,"MX","",180275,2,123,315,4,42,4,6,1,0.2778,0,5.8333,8,0.5,0.5,0.25,0.1667
4137093,1979,6969,1977,"MX","",276355,3,4,106,1,12,3,7,1,0.5714,0,10.2857,6,0.5,0.3333,0,0
4137875,1979,6976,1977,"MX","",,1,8,123,5,53,10,11,0.4,0.1653,0.375,11.2727,33,,,,
4138272,1979,6976,1977,"MX","",,1,11,127,1,11,4,3,1,0,0.625,15.6667,8.5,,,,
4142811,1979,7004,1977,"MX","",,1,8,403,6,67,9,5,0.6667,0.8,0.6667,11.6,19.2222,,,,
4146520,1979,7025,1977,"MX","",496855,3,5,523,1,15,13,11,1,0.8264,0.8402,10.9091,10.2308,0,0,0.2727,0.2727
4147147,1979,7032,1977,"MX","",,1,1,123,5,53,9,0,0.4444,,0,,18.8889,,,,
4147537,1979,7032,1978,"MX","",,1,2,420,5,52,2,0,1,,0.5,,10.5,,,,
4149370,1979,7046,1977,"MX","",,1,6,60,4,45,4,3,0.75,0.4444,0,9.6667,9.5,,,,
4150201,1979,7046,1978,"MX","",14025,3,10,429,4,45,3,2,1,0.5,0.4444,9.5,4.3333,0,0,0,0
4150972,1979,7053,1977,"MX","",194395,3,7,75,5,52,1,9,1,0,0,7.4444,5,0,0,0,0
4151963,1979,7060,1977,"MX","",,1,2,242,5,51,2,1,1,0,0,7,3,,,,
4152139,1979,7060,1978,"MX","",263805,3,12,75,5,52,2,1,1,0,0,3,1.5,0,0,1,1
4153450,1979,7067,1978,"MX","",234000,3,2,75,5,52,12,0,1,,0.4167,,9.4167,0,0,,
4154312,1979,7074,1977,"MX","",,1,9,175,6,64,8,7,0.375,0,0,6.5714,29,,,,
4154365,1979,7074,1977,"MX","",,1,16,221,5,51,8,2,0.75,0.5,0.5,15.5,24.75,,,,
4161259,1979,7137,1977,"MX","",453870,3,5,220,6,68,7,12,1,0.2917,0,14.6667,13.1429,0,0,0,0
4162166,1979,7144,1978,"MX","",,1,18,501,1,19,1,6,1,0.7778,0,7.5,3,,,,
4162289,1979,7144,1977,"MX","",279835,3,4,422,1,19,17,6,0.0588,0.2778,0,8.6667,42.2353,0,0,0,0
4162927,1979,7151,1977,"MX","",,1,6,127,1,11,10,3,0.8,0,0.5313,4.6667,14.4,,,,
4163409,1979,7158,1977,"MX","",,5,3,84,6,69,6,2,1,0,0.6667,10.5,4.5,,,,
4164086,1979,7165,1978,"MX","",,1,4,40,6,69,3,2,0.6667,0,0,9.5,15,,,,
4164166,1979,7165,1978,"MX","",530390,2,4,91,5,53,5,1,0.4,0,0.5,13,16.6,0,0,0,0
4164854,1979,7172,1977,"MX","",187225,3,3,62,6,69,5,2,0.4,0,0,11,22.4,0,0,0,0
4165799,1979,7179,1978,"MX","",,1,6,182,6,65,4,2,0.75,0,0.4444,11,17,,,,
4166092,1979,7179,1977,"MX","",,1,3,264,5,51,2,0,1,,0.5,,6,,,,
4166701,1979,7186,1977,"MX","",,1,8,356,4,43,1,7,1,0.7755,0,13.5714,7,,,,
4167478,1979,7193,1977,"MX","",,1,3,209,5,51,18,6,0.2778,0.5,0,11.1667,32.6111,,,,
4170730,1979,7221,1977,"MX","",,1,10,200,4,41,5,1,0.6,0,0.4444,5,12.6,,,,
4173598,1979,7249,1977,"MX","",,1,7,428,6,69,4,8,0.75,0.2188,0.4444,11.375,10.75,,,,
4173849,1979,7256,1977,"MX","",,1,6,451,5,51,8,5,0.25,0.32,0,15,42.875,,,,
4176790,1979,7277,1978,"MX","",,1,18,239,5,59,2,3,1,0.4444,0.5,9,4.5,,,,
4177090,1979,7277,1978,"MX","",,1,2,428,6,69,2,0,1,,0.5,,10.5,,,,
4177946,1979,7284,1978,"MX","",,1,11,239,5,59,3,21,1,0.5533,0.4444,11.7143,2.3333,,,,
4180076,1979,7298,1978,"MX","",,1,6,604,3,32,6,28,1,0.5306,0.6667,12.2143,4,,,,
4181496,1980,7305,1977,"MX","",,1,2,432,6,66,3,1,0.3333,0,0,4,21.3333,,,,
4181696,1980,7305,1978,"MX","",,1,38,264,5,51,4,2,0,0.5,,7,60.25,,,,
4183219,1980,7319,1977,"MX","",,1,10,60,4,45,3,0,0,,,,78,,,,
4183579,1980,7319,1978,"MX","",,1,4,297,6,65,9,11,0.4444,0.6612,0.625,11.7273,36.2222,,,,
4186126,1980,7333,1978,"MX","",,1,19,524,1,15,6,0,0.5,,0.6667,,17,,,,
4189127,1980,7354,1978,"MX","",195580,3,12,251,5,53,4,6,0.25,0,0,8.5,22.25,0,0,0.3333,0.1667
4189794,1980,7361,1978,"MX","",,1,3,4,6,65,5,1,0.2,0,0,1,33.4,,,,
4191885,1980,7368,1978,"MX","",263805,3,19,250,4,44,6,1,0.8333,0,0.72,9,13,0,0,0,0
4195501,1980,7396,1978,"MX","",,1,26,69,6,63,3,0,0,,,,67.6667,,,,
4196605,1980,7403,1978,"MX","",,1,7,70,6,65,4,2,0.5,0,0,12.5,21.25,,,,
4197099,1980,7403,1977,"MX","",,1,6,55,1,13,11,2,0.8182,0,0,6,15.7273,,,,
4197792,1980,7410,1978,"MX","",,1,4,99,6,61,11,18,0.6364,0.5185,0.5714,11.2222,21.3636,,,,
4199348,1980,7417,1978,"MX","",281345,2,8,75,5,52,4,5,1,0.56,0,7.2,5.5,0,0,0,0
4199399,1980,7417,1978,"MX","",454015,2,7,162,1,19,10,0,0.4,,0,,17.2,0.5,0.2,,
4200449,1980,7424,1978,"MX","",284155,3,20,65,5,51,17,3,0.4118,0,0,10.3333,39.1176,0,0,0,0
4201130,1980,7431,1979,"MX","",,4,3,100,5,59,5,2,0.4,0.5,0.5,17,23.6,,,,
4201201,1980,7431,1978,"MX","",,1,12,606,3,32,5,2,0.4,0.5,0.5,10.5,35.4,,,,
4202057,1980,7438,1978,"MX","",,1,5,4,6,65,4,4,0.5,0.625,0,5.25,14.25,,,,
4202518,1980,7438,1977,"MX","",,1,19,244,5,55,7,7,0.2857,0.4898,0,17.2857,28.4286,,,,
4205831,1980,7459,1979,"MX","",263805,3,5,266,5,52,8,1,0.875,0,0.6531,8,7.375,0,0,1,1
4207344,1980,7466,1978,"MX","",,1,18,426,6,61,5,3,0.6,0,0,10.6667,17.8,,,,
4209862,1980,7487,1979,"MX","",,1,9,4,6,65,3,6,1,0.8333,0.6667,11.3333,8.3333,,,,
4210133,1980,7487,1976,"MX","",118485,3,15,600,3,32,12,5,0.25,0.64,0,15.2,34.9167,0,0,0,0
4211541,1980,7494,1978,"MX","",,4,6,95,1,13,11,1,0.7273,0,0.75,2,17,,,,
4213281,1980,7508,1977,"MX","",,1,1,52,6,69,4,1,0,0,,10,44.75,,,,
4216011,1980,7522,1979,"MX","",263805,3,18,75,5,52,9,2,0.8889,0.5,0.2188,10,9.1111,0,0,0,0
4221217,1980,7557,1978,"MX","",,1,7,128,3,32,10,16,0.3,0.2266,0,13.9375,38,,,,
4221366,1980,7557,1979,"MX","",263805,3,18,266,5,52,9,1,0.6667,0,0.5,5,30.1111,0,0,0,0
4223858,1980,7571,1978,"MX","",,1,13,248,6,69,6,9,0.6667,0.3457,0.625,8.1111,22.8333,,,,
4224057,1980,7571,1979,"MX","",263805,3,16,148,5,52,10,6,0.9,0,0,8.6667,9.2,0,0,0.5,0.5
4224169,1980,7571,1978,"MX","",456370,3,9,252,1,19,0,16,,0.7031,,11.4375,,,,0,0
4225561,1980,7578,1978,"MX","",,1,10,422,1,19,11,16,0.8182,0.5,0.3457,9.375,11.0909,,,,
4226582,1980,7585,1978,"MX","",,1,7,431,6,66,9,0,0.1111,,0,,58.6667,,,,
4227866,1980,7592,1976,"MX","",530390,2,7,417,5,53,9,8,0.3333,0.6563,0.4444,13.875,44.4444,0,0,0,0
4228404,1980,7592,1979,"MX","",394010,2,6,330,4,41,0,7,,0.2449,,4.1429,,,,0,0
4228666,1980,7599,1979,"MX","",,1,4,70,6,65,2,1,0,0,,9,54,,,,
4231136,1980,7613,1978,"MX","",454015,2,8,19,1,11,10,3,0.4,0.6667,0.375,14,23.8,0.5,0.1,0,0
4231834,1980,7613,1979,"MX","",,1,22,156,1,19,11,11,0.7273,0.6446,0.8125,12.2727,15.2727,,,,
4233926,1980,7627,1978,"MX","",,4,8,116,6,69,27,3,0.7778,0.4444,0.6304,13.6667,16.1852,,,,
4236100,1980,7634,1978,"MX","",180275,2,47,315,4,42,5,6,1,0,0,5.6667,7.4,0.6,0.6,0.1667,0.1667
4237582,1980,7648,1978,"MX","",454015,2,5,19,1,11,5,0,1,,0.48,,8.8,0.5,0.4,,
4246024,1981,7690,1979,"MX","",234000,3,8,75,5,52,7,2,0.8571,0,0.2778,2.5,13.2857,0,0,0,0
4248592,1981,7704,1979,"MX","",,1,8,8,1,11,4,1,0.75,0,0.6667,9,28.5,,,,
4248624,1981,7704,1979,"MX","",263805,3,6,75,5,52,7,0,0.5714,,0,,22.1429,0,0,,
4249122,1981,7704,1978,"MX","",394010,2,8,323,4,45,7,25,1,0.4032,0.2449,8.84,4.8571,0.1429,0.1429,0.04,0.04
4251243,1981,7718,1980,"MX","",,1,6,96,1,13,2,6,1,0.7778,0.5,6.5,15.5,,,,
4251710,1981,7718,1979,"MX","",,1,5,219,4,49,8,3,0.625,0,0.32,13.3333,27.375,,,,
4253867,1981,7732,1979,"MX","",263805,3,8,75,5,52,4,6,0.75,0,0.4444,8.1667,12,0,0,0.5,0.5
4254838,1981,7739,1979,"MX","",,1,12,175,6,64,5,3,1,0,0.72,10,10.6,,,,
4254852,1981,7739,1978,"MX","",,1,9,192,5,53,7,5,0.1429,0.56,0,11,56.7143,,,,
4254876,1981,7739,1979,"MX","",263805,3,13,209,5,51,7,3,0.5714,0,0.375,8.6667,22,0,0,0,0
4255197,1981,7739,1979,"MX","",,1,8,501,1,19,8,9,0.75,0.716,0.7222,12.5556,14.375,,,,
4257702,1981,7753,1979,"MX","",,1,4,355,5,54,4,4,0.75,0,0.4444,8,13.75,,,,
4261734,1981,7774,1979,"MX","",263805,3,18,75,5,52,4,5,1,0,0,8,3.75,0,0,0.4,0.4
4262899,1981,7781,1978,"MX","",,1,1,482,5,59,2,2,0,0,,8.5,85,,,,
4266379,1981,7802,1979,"MX","",,1,7,52,6,69,3,11,1,0.595,0.4444,10.2727,9.3333,,,,
4266684,1981,7802,1979,"MX","",,1,3,220,6,68,8,1,0.25,0,0.5,10,41.25,,,,
4273035,1981,7837,1978,"MX","",,1,40,100,5,59,6,0,0.5,,0,,24,,,,
4273792,1981,7837,1980,"MX","",221495,2,5,426,6,61,2,3,0,0,,8,32,0,0,0,0
4276496,1981,7851,1979,"MX","",,1,6,315,4,42,9,7,1,0.4898,0.4938,6.4286,5.6667,,,,
4280623,1981,7879,1980,"MX","",,1,44,209,5,51,5,3,1,0.4444,0.64,7,6,,,,
4283802,1981,7900,1979,"MX","",391000,3,10,4,6,65,9,1,0.1111,0,0,11,31.3333,0,0,0,0
4284424,1981,7900,1979,"MX","",284155,3,2,65,5,51,1,0,1,,0,,4,0,0,,
4284711,1981,7900,1979,"MX","",,1,4,430,1,19,6,0,1,,0,,8.3333,,,,
4285088,1981,7907,1978,"MX","",,1,9,15,6,69,9,0,0.4444,,0.375,,21.4444,,,,
4289305,1981,7928,1979,"MX","",,1,7,269,6,69,3,1,0.3333,0,0,3,17.3333,,,,
4290497,1981,7935,1979,"MX","",,1,34,175,6,64,11,5,0.4545,0.32,0.64,10.4,19.3636,,,,
4290795,1981,7935,1980,"MX","",284155,3,1,65,5,51,2,0,1,,0.5,,4.5,0,0,,
4292890,1981,7949,1979,"MX","",,1,13,99,6,61,7,21,0.2857,0.6485,0.5,11.8571,72.1429,,,,
4295459,1981,7963,1979,"MX","",59570,2,2,126,6,66,3,0,0,,,,96.6667,0,0,,
4295643,1981,7963,1980,"MX","",,1,16,270,5,52,17,4,0.7647,0.625,0.4852,4.75,12.7647,,,,
4296102,1981,7963,1980,"MX","",,1,4,424,3,31,2,8,0.5,0.4063,0,13,21.5,,,,
4296103,1981,7963,1980,"MX","",,1,8,424,3,31,3,19,0.6667,0.4377,0.5,11.3158,20,,,,
4297757,1981,7977,1978,"MX","",,1,12,114,5,55,11,3,0.2727,0.6667,0.4444,12.6667,47.4545,,,,
4298015,1981,7977,1979,"MX","",,1,6,134,6,69,4,4,0.75,0.375,0.4444,9.5,16,,,,
4298190,1981,7977,1979,"MX","",194395,3,8,266,5,52,2,3,1,0.4444,0,5,9,1,1,0,0
4298507,1981,7977,1980,"MX","",,1,10,524,1,15,2,0,0.5,,0,,20,,,,
4300059,1981,7984,1979,"MX","",,1,4,327,4,41,3,0,1,,0.4444,,4.6667,,,,
4300544,1981,7991,1979,"MX","",146515,2,92,128,3,32,4,11,1,0.5289,0.375,9.8182,10.75,0,0,0,0
4303167,1981,8005,1980,"MX","",,1,7,215,6,68,5,10,1,0.18,0,8.6,11.2,,,,
4305003,1981,8012,1980,"MX","",,1,15,290,4,45,2,5,1,0.56,0.5,10,8,,,,
4305962,1981,8019,1980,"MX","",260540,3,7,426,6,61,5,19,0,0.0997,,14.7895,49,0,0,0,0
4308065,1981,8033,1979,"MX","",,1,16,501,1,19,8,3,0.75,0.6667,0.5,5.3333,15.75,,,,
4308236,1981,8033,1979,"MX","",,1,6,422,1,19,2,0,0.5,,0,,20,,,,
4309782,1982,8047,1980,"MX","",,1,11,4,6,65,9,12,0.7778,0.5417,0.449,13.5833,12.4444,,,,
4312334,1982,8061,1979,"MX","",,1,3,602,3,32,3,2,0.6667,0.5,0,15,34.3333,,,,
4312751,1982,8061,1979,"MX","",,1,8,210,1,19,6,11,0.6667,0.314,0,9.9091,24.3333,,,,
4314303,1982,8068,1979,"MX","",,1,16,361,4,45,3,0,1,,0.4444,,8.6667,,,,
4317543,1982,8096,1980,"MX","",,1,7,241,5,51,9,1,0.8889,0,0.2188,11,14.6667,,,,
4317814,1982,8096,1980,"MX","",,1,9,424,3,31,2,10,0.5,0.34,0,12,22.5,,,,
4326698,1982,8152,1979,"MX","",195580,3,6,251,5,53,5,1,0.6,0,0,8,16.2,0,0,0,0
4326733,1982,8152,1979,"MX","",,1,20,280,5,55,4,4,0.25,0,0,7,21,,,,
4326884,1982,8152,1980,"MX","",113060,3,8,75,5,52,4,2,0.75,0.5,0,4.5,18.25,0,0,0,0
4327083,1982,8152,1979,"MX","",585465,2,2,424,3,31,1,10,1,0.5,0,4.5,8,0,0,0.9,0.9
4328873,1982,8166,1980,"MX","",,1,18,175,6,64,6,0,1,,0.2778,,8.3333,,,,
4331293,1982,8180,1979,"MX","",,1,7,239,5,59,7,3,1,0.6667,0.2449,10,4,,,,
4334601,1982,8201,1980,"MX","",109560,2,11,224,6,68,5,22,0.8,0.6364,0.625,10.7727,19,0,0,0,0
4336051,1982,8208,1980,"MX","",,1,8,71,1,11,2,2,1,0,0,3,4.5,,,,
4336063,1982,8208,1980,"MX","",263805,3,10,75,5,52,4,3,1,0.4444,0.375,8,8.25,0,0,1,1
4338123,1982,8222,1981,"MX","",263805,3,27,75,5,52,3,0,1,,0.4444,,8,0,0,,
4339258,1982,8229,1979,"MX","",613035,3,1,65,5,51,4,3,0.5,0,0,15.6667,30,0,0,0,0
4339263,1982,8229,1981,"MX","",613035,3,5,65,5,51,2,2,0,0,,11,35.5,0,0,0,0
4343284,1982,8257,1980,"MX","",,1,4,123,5,53,11,0,0.7273,,0.2188,,20.7273,,,,
4347101,1982,8278,1980,"MX","",633980,2,12,162,1,19,7,6,0.7143,0,0,7.3333,11.1429,0,0,0.1667,0.1667
4348338,1982,8285,1981,"MX","",,1,9,261,1,19,16,4,0.6875,0.375,0.314,7.5,19.125,,,,
4350087,1982,8299,1981,"MX","",,1,4,99,6,61,4,7,1,0.2449,0,12.1429,17.25,,,,
4350477,1982,8299,1977,"MX","",,1,3,417,5,53,19,12,0.3684,0.75,0.6939,12.0833,30.7895,,,,
4351402,1982,8306,1980,"MX","",,1,22,175,6,64,10,5,0.4,0,0,11.8,32.2,,,,
4351483,1982,8306,1980,"MX","",104185,3,9,241,5,51,13,0,0.4615,,0.2778,,33.7692,0,0,,
4355473,1982,8334,1980,"MX","",,1,6,36,6,63,13,2,0.2308,0.5,0,3.5,25.5385,,,,
4357157,1982,8341,1981,"MX","",284155,3,19,65,5,51,4,13,1,0,0,8.4615,5.75,0.25,0.25,0,0
4357158,1982,8341,1981,"MX","",284155,3,10,65,5,51,9,10,1,0.18,0,10.4,12.1111,0,0,0,0
4357285,1982,8341,1981,"MX","",,1,9,261,1,19,7,3,0.8571,0.4444,0,4.3333,8.7143,,,,
4357864,1982,8348,1980,"MX","",,1,13,99,6,61,3,7,1,0.2449,0.6667,7.4286,3.6667,,,,
4358028,1982,8348,1980,"MX","",367395,2,5,222,1,19,5,8,0.4,0.6563,0.5,8.875,18.6,0,0,0,0
4358864,1982,8355,1981,"MX","",,1,21,4,6,65,8,8,0.75,0.5625,0.2778,8.375,15,,,,
4359065,1982,8355,1979,"MX","",,1,9,137,6,69,9,0,0.1111,,0,,51.6667,,,,
4359111,1982,8355,1980,"MX","",,1,18,175,6,64,7,5,0.8571,0.56,0.5,8.2,11.7143,,,,
4360119,1982,8362,1980,"MX","",,1,2,220,6,68,6,3,0.6667,0.4444,0.375,12,18.1667,,,,
4366929,1983,8404,1980,"MX","",,1,4,241,5,51,6,0,0.3333,,0,,24.6667,,,,
4367087,1983,8404,1980,"MX","",284155,3,12,65,5,51,3,15,1,0.3378,0,7.0667,4.3333,0.3333,0.3333,0,0
4367088,1983,8404,1981,"MX","",284155,3,2,65,5,51,3,0,0.6667,,0,,26.3333,0,0,,
4368173,1983,8411,1980,"MX","",276355,3,7,422,1,19,6,1,0.6667,0,0.625,2,18.3333,0,0,0,0
4369359,1983,8418,1980,"MX","",,1,5,235,5,59,3,0,0.3333,,0,,37,,,,
4370162,1983,8425,1981,"MX","",263805,3,5,75,5,52,5,2,1,0,0.32,4.5,8.6,0,0,0,0
4374508,1983,8453,1980,"MX","",,1,3,123,5,53,12,4,0.75,0.375,0.6173,13.5,13.0833,,,,
4374542,1983,8453,1977,"MX","",,1,7,165,6,66,16,15,0.875,0.4356,0.5816,12.8,15.9375,,,,
4375983,1983,8467,1981,"MX","",263805,3,7,75,5,52,11,2,0.9091,0.5,0,15,9.2727,0.1111,0.0909,1,1
4378285,1983,8488,1981,"MX","",353175,2,9,204,1,19,1,3,1,0.6667,0,8,4,0,0,0,0
4379715,1983,8502,1981,"MX","",284155,3,10,65,5,51,1,2,1,0,0,5.5,10,0,0,0,0
4384184,1983,8537,1981,"MX","",118480,7,5,200,4,41,7,14,0.8571,0.8061,0.6111,8.2857,14.8571,0,0,0,0
4384464,1983,8544,1980,"MX","",,1,7,69,6,63,5,1,0.6,0,0.4444,2,26,,,,
4384627,1983,8544,1981,"MX","",,1,7,175,6,64,6,0,0,,,,59.5,,,,
4388096,1983,8565,1981,"MX","",613035,3,2,65,5,51,2,2,0,0,,5,27,0,0,0,0
4388100,1983,8565,1981,"MX","",613035,3,3,65,5,51,7,6,0.7143,0,0.48,6.8333,13.4286,0,0,0,0
4388116,1983,8565,1981,"MX","",263805,3,18,106,1,12,3,3,1,0,0.6667,4.3333,4.3333,0,0,0.5,0.3333
4391273,1983,8586,1981,"MX","",367395,2,9,604,3,32,5,10,1,0,0,9.9,9.4,0,0,0,0
4394838,1983,8607,1981,"MX","",,1,11,110,6,66,4,0,0.75,,0.4444,,14.75,,,,
4399926,1983,8635,1982,"MX","",,1,7,220,6,68,4,12,1,0.5139,0.375,8.9167,13.5,,,,
4401638,1983,8642,1981,"MX","",358200,3,8,423,1,19,5,5,0.2,0.56,0,9.8,32.4,0,0,0,0
4401654,1983,8642,1981,"MX","",585465,2,6,424,3,31,7,1,0.5714,0,0.625,5,23,0,0,1,1
4401655,1983,8642,1982,"MX","",585465,2,19,424,3,31,3,0,0.6667,,0,,18.3333,0,0,,
4405087,1983,8663,1981,"MX","",,1,11,239,5,59,2,3,0.5,0.6667,0,9,17.5,,,,
4405588,1983,8663,1981,"MX","",358200,3,8,423,1,19,2,5,0,0.32,,10.2,50,0,0,0,0
4409013,1983,8684,1981,"MX","",613035,3,4,65,5,51,3,12,1,0.2778,0,8.3333,3.3333,0,0,0.1667,0.1667
4412858,1983,8705,1982,"MX","",263805,3,8,75,5,52,4,9,0.75,0.3457,0.4444,4,9.75,0,0,0.1111,0.1111
4416113,1983,8726,1980,"MX","",,1,4,60,4,45,5,2,0.2,0.5,0,8,43.6,,,,
4417988,1983,8733,1981,"MX","",,1,7,210,1,19,2,2,1,0,0.5,13.5,6.5,,,,
4418056,1983,8733,1982,"MX","",130340,3,4,424,3,31,7,4,0.5714,0.375,0.625,7.25,23.7143,0,0,0,0
4421433,1983,8754,1980,"MX","",,1,10,401,1,12,10,7,0.1,0.6122,0,11.1429,49.2,,,,
4421743,1983,8754,1982,"MX","",585465,2,4,424,3,31,1,2,1,0.5,0,3.5,1,1,1,0,0
4423588,1984,8768,1981,"MX","",586975,3,16,57,6,63,4,4,0.25,0.375,0,6.25,35.25,0,0,0,0
