5181954,1993,12079,1991,"MX","",263805,3,7,75,5,52,10,1,0.9,0,0.716,6,14.9,0.3333,0.3,1,1
5183873,1993,12086,1991,"MX","",616110,2,16,528,1,15,4,1,1,0,0.375,5,7.25,0,0,0,0
5184765,1993,12093,1992,"MX","",,1,4,227,5,59,3,1,1,0,0.4444,4,9.6667,,,,
5189282,1993,12107,1991,"MX","",,1,2,219,4,49,5,1,0,0,,6,73.4,,,,
5193042,1993,12121,1990,"MX","",690277,3,6,361,4,45,7,0,1,,0.449,,7.7143,0,0,,
5193873,1993,12128,1992,"MX","",690388,3,4,294,5,59,17,0,0.5882,,0.48,,32.4706,0,0,,
5197333,1993,12142,1991,"MX","",,1,3,73,4,43,4,0,0.5,,0,,30,,,,
5198074,1993,12142,1991,"MX","",690796,3,16,162,1,19,22,7,0.9091,0.7755,0.69,4.2857,14.1364,0,0,0,0
5198107,1993,12142,1991,"MX","",,1,14,210,1,19,8,1,0.875,0,0.2449,4,22,,,,
5200135,1993,12149,1992,"MX","",,1,3,266,5,52,2,0,1,,0.5,,16,,,,
5205412,1993,12170,1992,"MX","",691468,3,6,206,6,68,10,4,0.5,0,0.48,2,36.9,0,0,0,0
5205724,1993,12170,1991,"MX","",,1,9,417,5,53,6,0,0.3333,,0.5,,55.5,,,,
5206521,1993,12170,1991,"MX","",691556,3,22,250,4,44,14,1,1,0,0.8673,2,13.0714,0,0,1,1
5209158,1993,12184,1992,"MX","",,1,8,99,6,61,15,3,0.3333,0,0.32,3,69.5333,,,,
5209507,1993,12184,1992,"MX","",,1,18,280,5,55,8,5,0.25,0,0.5,3.4,68.25,,,,
5213611,1993,12198,1990,"MX","",263805,3,14,75,5,52,2,1,0.5,0,0,7,30,0,0,0,0
5213907,1993,12198,1990,"MX","",687507,2,18,428,6,69,14,5,0.7857,0.8,0.7438,5.4,19.8571,0,0,0,0
5215938,1993,12205,1990,"MX","",712221,3,3,117,1,19,0,1,,0,,5,,,,0,0
5218617,1993,12212,1990,"MX","",263805,3,8,75,5,52,18,3,0.2778,0.4444,0.48,4.3333,53.4444,0,0,0.3333,0.3333
5223151,1993,12233,1992,"MX","",,1,17,210,1,19,2,1,1,0,0.5,2,4,,,,
5223923,1993,12233,1991,"MX","",591676,2,8,348,4,49,12,11,1,0.7107,0.75,4.5455,6.5833,0.1,0.0833,0,0
5227144,1993,12247,1992,"MX","",,1,1,423,1,19,6,3,1,0.4444,0.2778,3,9.6667,,,,
5227194,1993,12247,1991,"MX","",,1,3,427,1,12,2,4,0.5,0.75,0,6,62.5,,,,
5229119,1993,12254,1991,"MX","",,5,9,424,3,31,2,1,1,0,0.5,2,11,,,,
5234112,1993,12275,1991,"MX","",694082,3,21,209,5,51,22,6,0.6364,0.2778,0.5408,3.3333,21.5455,0,0,0,0
5234320,1993,12275,1992,"MX","",,1,20,417,5,53,12,0,0.25,,0.4444,,65.25,,,,
5236180,1993,12282,1991,"MX","",276350,3,5,266,5,52,1,0,1,,0,,23,0,0,,
5236606,1993,12282,1991,"MX","",,1,15,508,5,59,5,0,1,,0.32,,9.4,,,,
5236677,1993,12282,1992,"MX","",694319,3,14,423,1,19,6,12,0.8333,0.5694,0.56,3.1667,17,0,0,0,0
5237067,1993,12282,1992,"MX","",,1,5,546,1,14,2,3,1,0.6667,0.5,3.6667,15,,,,
5240668,1993,12296,1990,"MX","",694690,3,20,264,5,51,14,1,1,0,0.8061,5,8.7857,0,0,0,0
5250172,1993,12331,1992,"MX","",,1,5,205,1,19,0,1,,0,,5,,,,,
5254234,1993,12345,1992,"MX","",,1,4,204,1,19,9,2,0.5556,0.5,0.56,4,34.6667,,,,
5255936,1993,12352,1992,"MX","",696055,3,14,280,5,55,7,0,0.5714,,0,,25.4286,0,0,,
5257099,1993,12352,1991,"MX","",591676,2,4,348,4,49,10,10,1,0.5679,0.7,3.7778,9.9,0.125,0.1,0,0
5257464,1993,12359,1992,"MX","",,1,23,34,1,19,4,1,0.75,0,0.4444,4,30.75,,,,
5258557,1993,12359,1992,"MX","",,1,11,562,1,14,4,0,0,,,,54.25,,,,
5259964,1993,12366,1992,"MX","",110775,2,11,510,1,19,9,5,1,0,0.6173,3.2,13.2222,0.375,0.3333,0.4,0.4
5264121,1993,12380,1991,"MX","",,1,3,210,1,19,25,4,0.88,0,0.2438,5.25,14.84,,,,
5265689,1993,12387,1992,"MX","",,1,23,180,5,55,3,8,1,0.8125,0.4444,2.875,9.6667,,,,
5266240,1993,12387,1992,"MX","",694082,3,12,261,1,19,37,0,0.6757,,0.5696,,24.3784,0,0,,
5268183,1993,12394,1990,"MX","",694690,3,26,425,5,51,72,6,0.8889,0.6111,0.875,4.5,14.7083,0,0,0,0
5269425,1993,12401,1993,"MX","",,1,8,215,6,68,8,4,0.875,0.5,0.449,1,12.625,,,,
5269828,1993,12401,1992,"MX","",697360,3,1,65,5,51,4,1,0.5,0,0.5,1,38.75,0,0,0,0
5275794,1994,12422,1991,"MX","",,1,34,423,1,19,8,4,0.75,0.375,0,4.5,23.375,,,,
5277221,1994,12429,1992,"MX","",698072,3,7,137,6,69,7,0,0.7143,,0.48,,28.8571,0,0,,
5277940,1994,12429,1992,"MX","",687507,2,15,427,1,12,18,1,1,0,0.8642,3,14.7222,0.0769,0.0556,0,0
5279032,1994,12436,1992,"MX","",698249,3,7,29,5,52,7,1,0.7143,0,0.56,6,28.8571,0,0,0,0
5283880,1994,12450,1991,"MX","",755619,2,7,711,2,24,7,10,1,0.48,0.2449,3.3,6.4286,0,0,0,0
5285856,1994,12464,1990,"MX","",690388,3,5,172,6,64,6,0,0.5,,0.4444,,30.3333,0,0,,
5287643,1994,12471,1993,"MX","",,1,2,42,5,59,7,4,0.7143,0,0.32,3.25,17.7143,,,,
5288472,1994,12471,1993,"MX","",,1,21,423,1,19,25,1,0.72,0,0.2037,3,26.08,,,,
5289649,1994,12478,1992,"MX","",,1,6,40,6,69,6,1,0,0,,5,57.1667,,,,
5290145,1994,12478,1992,"MX","",,1,11,415,5,53,16,1,0.9375,0,0.7022,3,19,,,,
5290584,1994,12478,1992,"MX","",398865,2,15,426,6,61,13,5,1,0.56,0,2.8,13.2308,0,0,0,0
5294251,1994,12492,1992,"MX","",699670,2,18,106,1,12,14,0,0.5714,,0.4063,,25.4286,0,0,,
5296015,1994,12499,1990,"MX","",263805,3,40,75,5,52,35,3,0.8857,0.4444,0.7222,4.3333,16.4,0.1786,0.1429,0.6667,0.6667
5297884,1994,12506,1992,"MX","",,1,4,401,1,12,4,1,0.75,0,0,5,33.5,,,,
5301956,1994,12520,1992,"MX","",,1,4,273,6,62,5,0,1,,0,,7.6,,,,
5303884,1994,12527,1993,"MX","",,1,3,246,5,55,7,1,0,0,,0,77.2857,,,,
5304333,1994,12527,1992,"MX","",,1,19,264,5,51,15,1,0.4667,0,0.5714,4,38,,,,
5310544,1994,12548,1992,"MX","",,1,3,424,3,31,2,0,1,,0.5,,8.5,,,,
5312728,1994,12555,1992,"MX","",457960,2,23,435,3,33,4,6,1,0.2778,0,4.3333,7.25,0,0,0,0
5314608,1994,12562,1993,"MX","",687507,2,14,205,1,19,26,20,0.8077,0.18,0.7256,2.3,20.7692,0,0,0,0
5315564,1994,12562,1992,"MX","",202675,2,16,367,2,21,11,3,1,0.4444,0.8595,4.6667,3.8182,0.2222,0.1818,0,0
5322543,1994,12590,1993,"MX","",,1,8,75,5,52,3,0,1,,0.6667,,14.6667,,,,
5324140,1994,12597,1992,"MX","",,1,31,405,6,64,8,4,1,0.375,0,3.25,19,,,,
5325680,1994,12604,1993,"MX","",,1,17,62,6,69,2,4,1,0,0,2.5,4,,,,
5329027,1994,12611,1992,"MX","",694319,3,13,552,1,14,14,0,0.7143,,0.34,,20.2143,0,0,,
5332255,1994,12625,1992,"MX","",703250,3,18,280,5,55,6,0,0.6667,,0,,19,0,0,,
5334364,1994,12632,1993,"MX","",703464,3,2,423,1,19,4,0,1,,0,,14.5,0,0,,
5335448,1994,12639,1991,"MX","",703569,3,10,47,6,61,15,1,0.8667,0,0.7692,6,24,0,0,0,0
5335853,1994,12639,1992,"MX","",,1,9,239,5,59,8,9,0.75,0.4444,0.2778,4.2222,22.875,,,,
5338709,1994,12646,1993,"MX","",702524,3,16,501,1,19,4,2,1,0.5,0.5,2,15.75,0,0,0,0
5341168,1994,12653,1992,"MX","",,1,6,348,4,49,4,3,1,0.4444,0.625,2.6667,10,,,,
5341529,1994,12660,1992,"MX","",,1,9,4,6,65,2,2,1,0,0.5,3.5,3,,,,
5341938,1994,12660,1993,"MX","",694082,3,9,209,5,51,27,0,0.6667,,0.5247,,23.4815,0,0,,
5344381,1994,12667,1992,"MX","",,1,9,494,1,19,16,0,0.3125,,0,,49.0625,,,,
5349726,1994,12688,1993,"MX","",,1,5,24,6,63,5,0,0.2,,0,,68.8,,,,
5352264,1994,12695,1991,"MX","",,1,12,71,1,11,5,4,0.8,0.625,0.625,4.5,21.6,,,,
5356331,1994,12709,1993,"MX","",94070,3,21,452,6,61,21,1,1,0,0.771,1,13.9524,0,0,0,0
5356601,1994,12709,1992,"MX","",705660,3,12,423,1,19,2,0,1,,0.5,,11.5,0,0,,
5356645,1994,12709,1993,"MX","",705668,3,15,426,6,61,10,0,0.5,,0,,27,0,0,,
5358571,1994,12716,1993,"MX","",,1,12,127,1,11,13,1,0.6154,0,0.5625,2,40,,,,
5360616,1994,12723,1991,"MX","",706043,3,5,424,3,31,13,5,1,0.48,0.4852,4.8,10.0769,0,0,0.2,0.2
5368315,1994,12751,1992,"MX","",616110,2,6,277,6,67,13,4,1,0.375,0.7811,4.25,12.6923,0,0,0,0
5368755,1994,12751,1992,"MX","",110775,2,9,510,1,19,11,3,1,0.4444,0.5455,3.3333,10.5455,0.3636,0.3636,0,0
5376000,1994,12779,1993,"MX","",705660,3,11,432,6,66,5,0,1,,0.72,,10.6,0,0,,
5393019,1995,12842,1994,"MX","",,1,11,246,5,55,8,2,0.375,0,0,3,46.875,,,,
5393377,1995,12842,1994,"MX","",,1,18,216,1,19,2,0,0.5,,0,,53.5,,,,
5395509,1995,12849,1993,"MX","",709334,3,10,210,1,19,3,2,0.6667,0.5,0,3.5,19.3333,0,0,0,0
5400485,1995,12870,1993,"MX","",709821,3,12,28,6,63,9,1,0.8889,0,0.75,2,24.1111,0,0,0,0
5400735,1995,12870,1993,"MX","",,1,33,114,5,55,4,2,1,0,0.375,3,14.75,,,,
5403005,1995,12877,1993,"MX","",,1,8,273,6,62,10,2,0.4,0,0.625,3.5,57,,,,
5405121,1995,12884,1994,"MX","",712221,3,4,266,5,52,6,0,1,,0.2778,,13.8333,0,0,,
5405754,1995,12884,1991,"MX","",598925,3,13,435,3,33,2,0,1,,0,,14,0,0,,
5409022,1995,12898,1993,"MX","",,1,10,132,6,65,9,1,0.1111,0,0,3,79.6667,,,,
5413748,1995,12912,1993,"MX","",694690,3,14,264,5,51,43,2,0.9767,0,0.8311,1.5,12.2326,0,0,0,0
5415390,1995,12919,1994,"MX","",250060,2,6,271,5,51,4,1,0.75,0,0.4444,4,13.25,0,0,0,0
5421038,1995,12940,1994,"MX","",711698,3,6,4,6,65,5,0,0.8,,0.375,,26,0,0,,
5421856,1995,12940,1994,"MX","",,1,6,75,5,52,2,2,1,0.5,0.5,2.5,3.5,,,,
5425146,1995,12954,1994,"MX","",,1,6,4,6,65,4,1,1,0,0.5,3,12,,,,
5426024,1995,12954,1992,"MX","",712221,3,9,435,3,33,16,2,1,0,0.3281,3,15.5,0,0,1,1
5426145,1995,12954,1993,"MX","",,1,10,524,1,15,5,0,1,,0.72,,14.4,,,,
5428448,1995,12961,1993,"MX","",712443,2,25,356,4,43,7,1,1,0,0.6939,4,6,0,0,0,0
5431804,1995,12975,1994,"MX","",687507,2,11,205,1,19,19,1,0.8947,0,0.7474,1,21.0526,0,0,0,0
5436393,1995,12989,1992,"MX","",713194,3,7,800,3,33,0,5,,0,,3.2,,,,0,0
5437507,1995,12996,1993,"MX","",,1,12,383,6,68,8,0,0.75,,0.2778,,15.5,,,,
5443980,1995,13017,1994,"MX","",598925,3,8,435,3,33,2,0,1,,0,,18,0,0,,
5445363,1995,13024,1993,"MX","",263805,3,9,266,5,52,4,1,0.5,0,0.5,3,26.5,0.5,0.25,0,0
5447550,1995,13031,1994,"MX","",263805,3,18,75,5,52,9,1,0.8889,0,0.625,0,16.2222,0.5714,0.4444,0,0
5447742,1995,13031,1994,"MX","",,1,16,426,6,61,8,2,0.875,0,0.2449,2,19.875,,,,
5451120,1995,13045,1991,"MX","",714592,3,1,405,6,64,6,5,1,0,0.2778,5.8,7,0,0,0,0
5451620,1995,13045,1994,"MX","",,1,14,523,1,15,1,0,1,,0,,2,,,,
5456430,1995,13066,1994,"MX","",,1,10,246,5,55,8,2,0,0,,2,89.25,,,,
5457571,1995,13066,1994,"MX","",715144,3,3,359,5,54,9,0,0.8889,,0.5625,,22.1111,0,0,,
5458238,1995,13073,1994,"MX","",,1,13,206,6,68,5,5,1,0.48,0.64,1.8,4.6,,,,
5458641,1995,13073,1993,"MX","",,1,9,623,3,39,7,7,1,0,0.4082,3.5714,9.4286,,,,
5459042,1995,13073,1993,"MX","",,1,16,435,3,33,0,1,,0,,2,,,,,
5463125,1995,13087,1993,"MX","",,1,1,564,1,14,1,0,0,,,,39,,,,
5463856,1995,13094,1994,"MX","",690388,3,20,56,6,61,10,0,1,,0,,8.5,0,0,,
5466214,1995,13101,1994,"MX","",,1,3,602,3,32,8,0,0.5,,0,,47,,,,
5467073,1995,13101,1993,"MX","",,1,21,340,2,21,7,0,1,,0.2449,,10.2857,,,,
5472002,1995,13122,1993,"MX","",,1,10,131,6,61,6,0,0.5,,0,,32.8333,,,,
5472788,1995,13122,1994,"MX","",,1,37,428,6,69,6,2,1,0.5,0.4444,2.5,16,,,,
5474046,1995,13129,1995,"MX","",,1,20,123,5,53,9,1,1,0,0,1,7.4444,,,,
5474584,1995,13129,1994,"MX","",690388,3,5,96,1,13,7,1,0.2857,0,0.5,1,42.5714,0,0,0,0
5475532,1995,13129,1994,"MX","",,1,14,359,5,54,5,2,1,0.5,0,1.5,7,,,,
5479748,1996,13150,1992,"MX","",,1,14,52,6,69,9,1,0.6667,0,0.2778,2,28.4444,,,,
5479835,1996,13150,1994,"MX","",717205,3,6,74,5,59,2,8,1,0,0,2.5,6.5,0,0,0,0
5482731,1996,13157,1994,"MX","",712221,3,12,427,1,12,14,0,1,,0.602,,9.2857,0,0,,
5493836,1996,13206,1993,"MX","",,1,8,52,6,69,19,1,0.7895,0,0.4356,4,27,,,,
5494263,1996,13206,1994,"MX","",690388,3,7,266,5,52,24,0,1,,0.4653,,16.1667,0,0,,
5495984,1996,13213,1993,"MX","",691556,3,21,236,6,69,16,0,1,,0.8516,,14.5,0.1667,0.0625,,
5498337,1996,13220,1995,"MX","",718825,3,7,210,1,19,7,0,1,,0.7347,,10.1429,0,0,,
5499743,1996,13227,1994,"MX","",,1,21,222,1,19,11,2,1,0.5,0.6612,2.5,11,,,,
5500377,1996,13227,1994,"MX","",386735,2,8,438,4,46,9,1,1,0,0.3457,2,5.6667,0.1111,0.1111,1,1
5501140,1996,13234,1995,"MX","",719080,3,16,99,6,61,16,2,0.9375,0,0.24,1,10.25,0,0,0,0
5511253,1996,13269,1994,"MX","",711698,3,1,4,6,65,5,1,1,0,0,1,10.4,0,0,0,0
5511938,1996,13269,1994,"MX","",,4,4,415,5,53,6,0,0.8333,,0.56,,30.5,,,,
5512303,1996,13269,1994,"MX","",706043,3,8,424,3,31,3,0,1,,0.4444,,11.3333,0,0,,
5513774,1996,13276,1994,"MX","",720258,3,1,221,5,51,2,0,0.5,,0,,34.5,0,0,,
5513808,1996,13276,1994,"MX","",,1,5,241,5,51,4,0,1,,0.375,,8,,,,
5523494,1996,13304,1994,"MX","",721124,3,30,568,1,14,8,7,1,0.7755,0.6875,2.4286,21.5,0,0,0.2857,0.2857
5525576,1996,13311,1994,"MX","",,1,16,504,1,11,7,2,0.8571,0.5,0.6667,3,19.1429,,,,
5532013,1996,13332,1994,"MX","",712221,3,6,426,6,61,14,2,0.8571,0,0,2,19.2857,0,0,0,0
5532877,1996,13332,1994,"MX","",,1,12,359,5,54,5,0,0.8,,0.375,,32,,,,
5534475,1996,13339,1994,"MX","",276355,3,17,502,1,19,7,1,1,0,0.449,3,10.8571,0,0,0,0
5535941,1996,13346,1995,"MX","",722202,3,15,229,6,68,9,5,1,0,0,1.6,13.8889,0,0,0,0
5543089,1996,13367,1994,"MX","",,1,6,261,1,19,3,1,0,0,,3,88.6667,,,,
5549326,1996,13388,1995,"MX","",589445,2,14,280,5,55,5,5,1,0,0,1.4,3.2,0.2,0.2,0.2,0.2
5553532,1996,13402,1995,"MX","",712221,3,5,99,6,61,4,0,1,,0.375,,5.25,0,0,,
5555782,1996,13409,1994,"MX","",723962,3,10,82,5,51,4,0,1,,0.375,,7.75,0,0,,
5558886,1996,13416,1995,"MX","",712221,3,10,425,5,51,15,1,0.8667,0,0.142,2,18.4667,0,0,0,0
5562411,1996,13430,1995,"MX","",90590,2,5,415,5,53,25,1,0.92,0,0.1626,0,12.92,0.0476,0.04,0,0
5565751,1996,13437,1994,"MX","",587275,2,16,318,4,45,10,0,1,,0.58,,8.7,0,0,,
5566550,1996,13444,1994,"MX","",,5,13,62,6,69,3,0,1,,0,,5.6667,,,,
