3609890,1971,4295,1969,"MX","",,1,,38,6,63,,2,,0.5,,8,,,,,
3612051,1971,4302,1968,"MX","",,1,,604,3,32,,12,,0.4861,,15.8333,,,,,
3614465,1971,4309,1968,"MX","",597195,6,,307,4,49,,0,,,,,,,,,
3614932,1971,4316,1968,"MX","",,1,,105,5,55,,1,,0,,13,,,,,
3615363,1971,4316,1968,"MX","",,1,,75,5,52,,2,,0,,16,,,,,
3616624,1971,4323,1969,"MX","",57585,2,,55,1,13,,18,,0.5802,,14.3333,,,,0,0
3619922,1971,4337,1969,"MX","",,1,,40,6,69,,1,,0,,7,,,,,
3620120,1971,4337,1969,"MX","",,1,,411,5,59,,4,,0.375,,14.5,,,,,
3629418,1971,4372,1969,"MX","",375830,2,,514,3,31,,0,,,,,,,,,
3630692,1971,4379,1968,"MX","",311265,2,,23,1,19,,3,,0.4444,,23,,,,0,0
3633781,1972,4393,1970,"MX","",639005,2,,215,6,68,,13,,0.5444,,11.2308,,,,0,0
3633800,1972,4393,1970,"MX","",,1,,223,6,63,,4,,0.625,,17.5,,,,,
3634409,1972,4393,1966,"MX","",556740,3,,540,1,14,,1,,0,,22,,,,0,0
3635479,1972,4400,1969,"MX","",104175,3,,369,2,24,,1,,0,,16,,,,0,0
3636072,1972,4400,1967,"MX","",556740,3,,560,1,14,,1,,0,,19,,,,0,0
3637671,1972,4407,1966,"MX","",556740,2,,540,1,14,,0,,,,,,,,,
3642969,1972,4428,1970,"MX","",,1,,264,5,51,,5,,0.72,,17.4,,,,,
3642994,1972,4428,1970,"MX","",,1,,514,3,31,,1,,0,,16,,,,,
3644367,1972,4435,1968,"MX","",556740,3,,546,1,14,,0,,,,,,,,,
3644421,1972,4435,1968,"MX","",556740,3,,549,1,14,,5,,0.32,,29,,,,0,0
3645071,1972,4442,1970,"MX","",,1,,96,1,13,,0,,,,,,,,,
3645868,1972,4442,1970,"MX","",282560,2,,204,1,19,,0,,,,,,,,,
3647806,1972,4449,1969,"MX","",556740,3,,546,1,14,,5,,0.32,,4.8,,,,0,0
3647831,1972,4449,1970,"MX","",556740,3,,552,1,14,,0,,,,,,,,,
3648435,1972,4456,1970,"MX","",,1,,95,1,13,,1,,0,,11,,,,,
3648441,1972,4456,1970,"MX","",,1,,96,1,13,,1,,0,,19,,,,,
3651977,1972,4470,1970,"MX","",612460,2,,206,6,68,,6,,0.2778,,16.1667,,,,0,0
3655005,1972,4484,1969,"MX","",,1,,180,5,55,,4,,0.375,,10.75,,,,,
3656201,1972,4491,1969,"MX","",,1,,15,6,69,,1,,0,,15,,,,,
3658856,1972,4498,1969,"MX","",556740,2,,552,1,14,,0,,,,,,,,,
3660928,1972,4512,1970,"MX","",,1,,446,6,62,,0,,,,,,,,,
3662121,1972,4512,1969,"MX","",,1,,360,2,24,,16,,0.6484,,11.375,,,,,
3664226,1972,4526,1970,"MX","",,1,,411,5,59,,2,,0,,13.5,,,,,
3665150,1972,4526,1970,"MX","",271230,3,,219,4,49,,3,,0.4444,,12.6667,,,,0,0
3667400,1972,4540,1970,"MX","",,1,,105,5,55,,1,,0,,11,,,,,
3667657,1972,4540,1969,"MX","",,1,,222,1,19,,13,,0.3787,,16.4615,,,,,
3669401,1972,4547,1970,"MX","",1310,2,,249,6,69,,3,,0.6667,,10.3333,,,,0,0
3670546,1972,4554,1969,"MX","",,1,,72,5,52,,3,,0,,11,,,,,
3678598,1972,4589,1970,"MX","",438920,2,,34,1,19,,5,,0.72,,13.2,,,,0.25,0.2
3678678,1972,4589,1970,"MX","",,1,,368,6,69,,2,,0.5,,7,,,,,
3681049,1972,4596,1969,"MX","",194395,3,,75,5,52,,5,,0.64,,16.4,,,,0,0
3681410,1972,4596,1970,"MX","",556740,3,,552,1,14,,1,,0,,26,,,,0,0
3681411,1972,4596,1970,"MX","",,1,,552,1,14,,0,,,,,,,,,
3682883,1972,4603,1970,"MX","",216125,2,,536,1,14,,1,,0,,10,,,,0,0
3682984,1972,4603,1970,"MX","",556740,3,,552,1,14,,0,,,,,,,,,
3686965,1972,4624,1970,"MX","",481135,2,,74,5,59,,0,,,,,,,,,
3687685,1972,4624,1970,"MX","",,5,,426,6,61,,6,,0,,18.6667,,,,,
3688406,1972,4631,1970,"MX","",,4,,433,3,39,,17,,0.5536,,21.1765,,,,,
3692332,1972,4645,1970,"MX","",,1,,280,5,55,,2,,0,,18,,,,,
3693723,1972,4652,1971,"MX","",,1,,172,6,64,,0,,,,,,,,,
3702384,1972,4694,1971,"MX","",,1,,200,4,41,,1,,0,,5,,,,,
3703787,1972,4715,1971,"MX","",,1,,49,5,59,,1,,0,,22,,,,,
3705473,1972,4729,1970,"MX","",586670,2,,52,6,69,,7,,0.449,,15.5714,,,,0,0
3709085,1973,4757,1971,"MX","",,1,,84,6,69,,6,,0,,6.3333,,,,,
3710808,1973,4764,1970,"MX","",194395,3,,137,6,69,,6,,0.6667,,16,,,,0,0
3711045,1973,4764,1970,"MX","",,1,,244,5,55,,2,,0,,27.5,,,,,
3715970,1973,4792,1971,"MX","",,1,,454,5,59,,1,,0,,10,,,,,
3718042,1973,4806,1970,"MX","",,1,,73,4,43,,0,,,,,,,,,
3719097,1973,4813,1970,"MX","",481135,2,,74,5,59,,1,,0,,18,,,,0,0
3724662,1973,4841,1971,"MX","",,1,,405,6,64,,13,,0.4615,,14.5385,,,,,
3726979,1973,4848,1971,"MX","",,1,,514,3,31,,1,,0,,13,,,,,
3728364,1973,4855,1971,"MX","",556740,3,,552,1,14,,2,,0.5,,13,,,,0,0
3728838,1973,4862,1971,"MX","",,1,,52,6,69,,1,,0,,19,,,,,
3729142,1973,4862,1970,"MX","",,1,,239,5,59,,21,,0.3356,,10.4762,,,,,
3730752,1973,4869,1971,"MX","",,1,,427,1,12,,9,,0.642,,10.6667,,,,,
3730860,1973,4869,1972,"MX","",274705,2,,205,1,19,,3,,0.4444,,3.3333,,,,0.3333,0.3333
3732715,1973,4883,1970,"MX","",,1,,72,5,52,,1,,0,,5,,,,,
3735386,1973,4890,1971,"MX","",,1,,340,2,21,,0,,,,,,,,,
3737540,1973,4904,1972,"MX","",375830,2,,514,3,31,,1,,0,,7,,,,0,0
3738090,1973,4911,1970,"MX","",,1,,406,5,59,,0,,,,,,,,,
3742432,1973,4925,1972,"MX","",28145,2,,439,4,41,,5,,0.56,,12.6,,,,0.25,0.2
3743391,1973,4932,1971,"MX","",,1,,352,5,54,,3,,0,,21.3333,,,,,
3743732,1973,4932,1972,"MX","",375830,2,,514,3,31,,0,,,,,,,,,
3743758,1973,4932,1971,"MX","",,1,,84,6,69,,5,,0.32,,6.6,,,,,
3744366,1973,4939,1972,"MX","",,1,,84,6,69,,5,,0,,8.6,,,,,
3746205,1973,4946,1971,"MX","",,1,,220,6,68,,8,,0.4063,,20,,,,,
3746305,1973,4946,1970,"MX","",,1,,251,5,53,,5,,0.56,,13.2,,,,,
3748625,1973,4953,1972,"MX","",574890,2,,338,4,41,,8,,0.5938,,13.5,,,,0,0
3752817,1973,4974,1971,"MX","",165265,2,,546,1,14,,5,,0.64,,16.2,,,,0,0
3755670,1973,4988,1971,"MX","",,1,,246,5,55,,3,,0,,22.6667,,,,,
3756270,1973,4995,1972,"MX","",383450,3,,137,6,69,,4,,0,,4.5,,,,0,0
3761027,1973,5016,1971,"MX","",,1,,241,5,51,,6,,0.2778,,14.5,,,,,
3765294,1973,5037,1972,"MX","",,1,,84,6,69,,1,,0,,2,,,,,
3765574,1973,5037,1973,"MX","",,1,,222,1,19,,30,,0.8044,,16.1,,,,,
3765872,1973,5037,1970,"MX","",194395,3,,75,5,52,,11,,0.4463,,13.0909,,,,0.1818,0.1818
3770421,1973,5058,1971,"MX","",194395,3,,75,5,52,,7,,0.449,,3.7143,,,,0.2857,0.2857
3773024,1973,5072,1971,"MX","",,1,,123,5,53,,2,,0,,5,,,,,
3773070,1973,5072,1971,"MX","",,1,,137,6,69,,0,,,,,,,,,
3773123,1973,5072,1972,"MX","",,1,,177,6,69,,2,,0,,15,,,,,
3773206,1973,5072,1971,"MX","",,1,,220,6,68,,2,,0,,22,,,,,
3773861,1973,5072,1971,"MX","",55665,3,,558,1,14,,1,,0,,8,,,,0,0
3773881,1973,5072,1972,"MX","",,1,,264,5,51,,1,,0,,3,,,,,
3773951,1973,5072,1972,"MX","",375830,2,,514,3,31,,5,,0,,9.8,,,,0,0
3776085,1973,5086,1972,"MX","",,1,,83,5,51,,0,,,,,,,,,
3779741,1973,5100,1971,"MX","",194395,3,,75,5,52,,4,,0,,6.5,,,,0.25,0.25
3786212,1974,5128,1972,"MX","",,1,,200,4,41,,2,,0,,5.5,,,,,
3786930,1974,5135,1972,"MX","",,1,,414,5,51,,3,,0,,19.6667,,,,,
3790674,1974,5149,1972,"MX","",375830,2,,514,3,31,,2,,0,,3.5,,,,0,0
3793350,1974,5163,1971,"MX","",556740,2,,552,1,14,,4,,0.625,,11.5,,,,0,0
3793368,1974,5163,1971,"MX","",556740,2,,560,1,14,,0,,,,,,,,,
3795314,1974,5177,1972,"MX","",,1,,210,1,19,,0,,,,,,,,,
3798157,1974,5191,1973,"MX","",276355,3,,208,1,19,,14,,0,,10.8571,,,,0,0
3798181,1974,5191,1970,"MX","",110775,2,,510,1,19,,18,,0.5185,,14.1111,,,,0.1429,0.1111
3798324,1974,5191,1972,"MX","",375830,2,,514,3,31,,0,,,,,,,,,
3799521,1974,5198,1973,"MX","",194395,3,,266,5,52,,4,,0.625,,3.5,,,,0.25,0.25
3802957,1974,5212,1972,"MX","",,1,,162,1,19,,4,,0.375,,10.25,,,,,
3803971,1974,5219,1973,"MX","",,1,,84,6,69,,7,,0.6939,,8.4286,,,,,
3805563,1974,5226,1972,"MX","",,1,,68,6,63,,0,,,,,,,,,
3808805,1974,5240,1972,"MX","",,1,,60,4,45,,5,,0.72,,17,,,,,
3810253,1974,5240,1972,"MX","",,1,,318,4,45,,2,,0,,8,,,,,
3813277,1974,5261,1972,"MX","",,1,,428,6,69,,6,,0.2778,,13.1667,,,,,
3815606,1974,5275,1972,"MX","",,1,,128,3,32,,5,,0,,18.4,,,,,
3816102,1974,5275,1971,"MX","",194395,3,,75,5,52,,5,,0,,4.8,,,,0.2,0.2
3817275,1974,5282,1971,"MX","",,1,,137,6,69,,0,,,,,,,,,
3819098,1974,5289,1972,"MX","",,1,,226,5,51,,0,,,,,,,,,
3819686,1974,5289,1971,"MX","",556775,2,,560,1,14,,0,,,,,,,,,
3820385,1974,5292,1973,"MX","",,1,,73,4,43,,11,,0,,16.6364,,,,,
3821288,1974,5292,1971,"MX","",556775,2,,560,1,14,,3,,0.6667,,21.6667,,,,0,0
3822529,1974,5303,1973,"MX","",,1,,95,1,13,,0,,,,,,,,,
3823184,1974,5303,1971,"MX","",556775,2,,560,1,14,,0,,,,,,,,,
3823517,1974,5310,1973,"MX","",,1,,52,6,69,,1,,0,,13,,,,,
3826035,1974,5324,1972,"MX","",,1,,43,6,61,,4,,0.75,,14,,,,,
3827566,1974,5331,1972,"MX","",,1,,210,1,19,,8,,0.2188,,19.375,,,,,
3827879,1974,5331,1973,"MX","",194395,3,,75,5,52,,5,,0,,5,,,,0.2,0.2
3828408,1974,5338,1973,"MX","",,1,,29,5,52,,1,,0,,7,,,,,
3828626,1974,5338,1971,"MX","",260720,3,,475,5,53,,0,,,,,,,,,
3828843,1974,5338,1973,"MX","",,1,,165,6,66,,1,,0,,1,,,,,
3829177,1974,5338,1972,"MX","",,1,,303,5,53,,0,,,,,,,,,
3829292,1974,5338,1973,"MX","",,1,,422,1,19,,2,,0.5,,8,,,,,
3830155,1974,5345,1973,"MX","",,1,,101,6,69,,6,,0.2778,,10,,,,,
3831593,1974,5352,1973,"MX","",,1,,601,3,32,,10,,0.74,,19.7,,,,,
3831716,1974,5352,1973,"MX","",,1,,188,5,53,,1,,0,,8,,,,,
3833644,1974,5359,1971,"MX","",556740,3,,560,1,14,,0,,,,,,,,,
3837381,1974,5380,1972,"MX","",454415,2,,141,5,51,,29,,0.5945,,20.6897,,,,0,0
3839420,1974,5387,1971,"MX","",556775,2,,560,1,14,,1,,0,,15,,,,0,0
3840017,1974,5394,1972,"MX","",,1,,606,3,32,,26,,0,,20.4615,,,,,
3842856,1974,5408,1973,"MX","",,1,,137,6,69,,2,,0.5,,13,,,,,
3842920,1974,5408,1973,"MX","",,1,,175,6,64,,0,,,,,,,,,
3843085,1974,5408,1973,"MX","",,1,,248,6,69,,3,,0.4444,,15.3333,,,,,
3843101,1974,5408,1972,"MX","",,1,,366,1,19,,8,,0.6875,,11.375,,,,,
3844325,1974,5415,1973,"MX","",,1,,152,5,55,,4,,0,,11.5,,,,,
3844590,1974,5415,1973,"MX","",444150,3,,285,6,67,,6,,0,,6.8333,,,,0,0
3846475,1974,5422,1971,"MX","",556775,2,,560,1,14,,14,,0.8163,,5.8571,,,,0.0714,0.0714
3847926,1974,5429,1972,"MX","",216125,2,,546,1,14,,1,,0,,4,,,,1,1
3854864,1974,5464,1973,"MX","",,1,,432,6,66,,2,,0,,21.5,,,,,
3855999,1974,5471,1973,"MX","",38595,3,,600,3,32,,1,,0,,3,,,,0,0
3859452,1975,5485,1974,"MX","",,1,5,426,6,61,4,3,0.75,0.4444,0,16.6667,21.75,,,,
3860717,1975,5492,1972,"MX","",375830,2,8,514,3,31,0,0,,,,,,,,,
3861715,1975,5499,1973,"MX","",,1,11,280,5,55,1,11,0,0.4298,,15.3636,72,,,,
3863046,1975,5506,1972,"MX","",,1,3,219,4,49,7,1,0.1429,0,0,5,20,,,,
3863661,1975,5513,1973,"MX","",,1,9,135,6,69,1,3,0,0.4444,,11,29,,,,
3863804,1975,5513,1974,"MX","",,1,6,221,5,51,6,6,0.3333,0.4444,0.5,13.6667,26.5,,,,
3865430,1975,5520,1973,"MX","",,1,5,297,6,65,4,22,0.5,0.7975,0.5,17.8636,15,,,,
3866879,1975,5527,1972,"MX","",,1,1,251,5,53,8,3,0.5,0.4444,0.625,9.6667,30.875,,,,
3867972,1975,5534,1973,"MX","",,1,4,411,5,59,8,1,0.125,0,0,21,50.125,,,,
3869154,1975,5541,1973,"MX","",,1,3,285,6,67,4,0,0,,,,59.75,,,,
3870230,1975,5548,1974,"MX","",,1,2,238,5,55,5,1,0,0,,1,39.6,,,,
3870236,1975,5548,1973,"MX","",,1,2,239,5,59,9,34,0.7778,0.5104,0.2449,10.7647,12.7778,,,,
3870364,1975,5548,1973,"MX","",,1,22,297,6,65,6,2,0,0,,14,33.8333,,,,
3871858,1975,5555,1973,"MX","",187225,3,3,65,5,51,2,1,0.5,0,0,8,24,0,0,0,0
3872107,1975,5555,1974,"MX","",556775,2,4,549,1,14,0,8,,0.6563,,2.5,,,,0,0
3872745,1975,5562,1974,"MX","",610875,3,2,81,5,59,1,4,0,0.375,,15,43,0,0,0,0
3873030,1975,5562,1974,"MX","",,1,1,239,5,59,3,15,1,0.5956,0,7.5333,3,,,,
3875013,1975,5569,1973,"MX","",22715,2,10,435,3,33,1,6,1,0.6667,0,12.6667,3,0,0,0.2,0.1667
3876360,1975,5576,1973,"MX","",,1,10,425,5,51,6,2,0.5,0.5,0.4444,18,16.6667,,,,
3877753,1975,5583,1973,"MX","",,1,5,300,6,69,3,0,0.6667,,0.5,,12,,,,
3878104,1975,5583,1973,"MX","",113070,3,9,210,1,19,7,8,1,0.6563,0.2449,8.75,5.8571,0,0,0,0
3879158,1975,5590,1973,"MX","",,1,6,425,5,51,3,6,0.6667,0.2778,0.5,12,8.3333,,,,
3880297,1975,5597,1974,"MX","",187225,3,5,414,5,51,7,8,0.7143,0.5938,0.32,8.875,8,0,0,0.3333,0.25
3881635,1975,5604,1974,"MX","",,1,15,222,1,19,4,0,0.25,,0,,30.25,,,,
3882016,1975,5604,1974,"MX","",,1,14,209,5,51,7,10,0,0.74,,9.8,28.2857,,,,
3885296,1975,5625,1974,"MX","",,1,17,29,5,52,4,8,0.25,0.375,0,4.125,21.5,,,,
3885464,1975,5625,1973,"MX","",,1,3,99,6,61,6,2,0.1667,0,0,23,47.5,,,,
3885561,1975,5625,1974,"MX","",,1,3,604,3,32,7,56,0.7143,0.4318,0.48,13.9643,8,,,,
3886206,1975,5625,1972,"MX","",556775,2,5,562,1,14,1,1,1,0,0,2,2,0,0,0,0
3886751,1975,5632,1973,"MX","",,1,6,405,6,64,8,19,0.75,0.1939,0.2778,14.4211,17.375,,,,
3886839,1975,5632,1972,"MX","",,1,2,84,6,69,3,2,0,0.5,,6,60,,,,
3889864,1975,5646,1973,"MX","",194395,3,4,266,5,52,8,1,0.625,0,0.56,7,12.625,0.5,0.25,0,0
3890142,1975,5646,1973,"MX","",194395,3,9,75,5,52,11,6,0.8182,0.2778,0.1975,4.3333,8.9091,1,0.3636,0.5,0.5
3891031,1975,5653,1974,"MX","",,1,7,166,6,64,7,7,0.2857,0.2449,0.5,13.7143,27.1429,,,,
3891084,1975,5653,1973,"MX","",,1,3,206,6,68,5,8,0.4,0.6563,0,17.875,21.4,,,,
3894613,1975,5674,1974,"MX","",,1,35,182,6,65,15,2,0.0667,0,0,10.5,78.9333,,,,
3896005,1975,5681,1973,"MX","",,1,4,202,1,19,9,0,0.8889,,0,,8.3333,,,,
3896999,1975,5688,1974,"MX","",,1,10,239,5,59,4,33,1,0.5748,0.625,11.7576,5.25,,,,
3897009,1975,5688,1973,"MX","",,1,2,239,5,59,4,6,1,0.5,0,7,3.25,,,,
3897583,1975,5688,1973,"MX","",595940,3,7,442,1,11,6,19,1,0.6925,0.7778,10.3684,3.5,0,0,0,0
3898405,1975,5695,1974,"MX","",,1,20,200,4,41,4,10,1,0.48,0.375,9.7,7,,,,
3903158,1975,5723,1973,"MX","",234755,3,6,564,1,14,1,11,1,0.4298,0,12.1818,11,0,0,0,0
3903240,1975,5723,1972,"MX","",,1,11,423,1,19,5,0,0,,,,51.2,,,,
3903331,1975,5723,1973,"MX","",596750,2,1,427,1,12,11,12,0.2727,0.6389,0.4444,8.5833,27.3636,0,0,0,0
3904397,1975,5730,1972,"MX","",194395,3,16,75,5,52,3,4,0.6667,0.375,0.5,6.5,13.3333,0,0,0.5,0.5
3905826,1975,5737,1974,"MX","",276355,3,3,106,1,12,3,3,0.3333,0.4444,0,8,17.6667,0,0,0.5,0.3333
3906833,1975,5744,1974,"MX","",,1,3,89,5,59,4,5,0.25,0.48,0,8.8,31.5,,,,
3907507,1975,5744,1973,"MX","",,1,2,422,1,19,8,1,0.5,0,0.375,20,24.625,,,,
3908323,1975,5751,1974,"MX","",,1,25,52,6,69,7,9,0.4286,0.1975,0.4444,6.6667,24.2857,,,,
3908324,1975,5751,1973,"MX","",,1,5,52,6,69,10,6,0.3,0,0.6667,9,30.2,,,,
3910445,1975,5758,1974,"MX","",610875,3,1,215,6,68,1,0,1,,0,,10,0,0,,
3910918,1975,5758,1973,"MX","",,1,3,546,1,14,2,1,0,0,,16,31.5,,,,
3916159,1975,5779,1974,"MX","",,1,6,235,5,59,5,4,0.8,0,0.625,11,9.2,,,,
3916453,1975,5786,1973,"MX","",,1,14,4,6,65,7,5,0.4286,0,0,14.4,32.1429,,,,
3917153,1975,5786,1974,"MX","",,1,2,229,6,68,7,4,0.4286,0.75,0.4444,12.75,24.4286,,,,
3917340,1975,5786,1974,"MX","",,1,9,296,5,55,3,2,0.6667,0.5,0,10,12,,,,
3918200,1975,5793,1974,"MX","",496870,2,4,47,6,61,3,0,0.3333,,0,,64.6667,0,0,,
3918646,1975,5793,1974,"MX","",,1,6,239,5,59,7,4,0.7143,0,0.32,2.5,5,,,,
3919089,1975,5793,1973,"MX","",468615,3,3,210,1,19,4,4,0.25,0.625,0,10.25,41.5,0,0,0,0
3919425,1975,5793,1973,"MX","",375830,2,23,514,3,31,1,1,1,0,0,19,9,0,0,0,0
3921362,1975,5807,1974,"MX","",,1,7,52,6,69,6,10,0.8333,0,0,15,12,,,,
3922156,1975,5807,1974,"MX","",187225,3,9,65,5,51,4,2,0.25,0,0,20,27,0,0,0,0
3923300,1975,5814,1974,"MX","",,1,6,472,6,62,7,15,0.4286,0.8,0.6667,19.4,17.5714,,,,
3924899,1975,5821,1973,"MX","",,1,16,406,5,59,6,2,0.1667,0.5,0,10,30,,,,
3925031,1975,5821,1970,"MX","",,1,5,44,1,19,7,4,0,0,,19.75,53.5714,,,,
3928121,1975,5835,1974,"MX","",,1,,162,1,19,0,8,,0.375,,9.75,,,,,
3928835,1975,5835,1974,"MX","",,1,,337,4,41,0,0,,,,,,,,,
3930819,1976,5849,1975,"MX","",187225,3,6,65,5,51,6,6,0.8333,0.4444,0.32,18.1667,16.6667,0,0,0,0
3930878,1976,5849,1974,"MX","",,1,8,127,1,11,10,3,0.2,0.4444,0,13.3333,34,,,,
3931282,1976,5849,1974,"MX","",556775,2,15,560,1,14,1,2,1,0.5,0,0.5,2,0,0,0,0
3931297,1976,5849,1972,"MX","",556775,2,3,562,1,14,1,7,1,0.7347,0,4.1429,2,1,1,0,0
3933449,1976,5863,1974,"MX","",,1,8,96,1,13,6,5,0.1667,0.8,0,16,32,,,,
3933791,1976,5863,1974,"MX","",556775,2,9,536,1,14,2,0,0.5,,0,,12,0,0,,
3935241,1976,5870,1974,"MX","",556775,2,7,560,1,14,1,1,1,0,0,1,2,0,0,0,0
3935318,1976,5870,1974,"MX","",,1,16,426,6,61,6,20,0.3333,0.565,0.5,12.5,29.1667,,,,
3935808,1976,5877,1974,"MX","",,1,7,99,6,61,3,2,0,0.5,,12.5,29.3333,,,,
3939812,1976,5898,1974,"MX","",383450,3,6,123,5,53,2,0,1,,0,,3.5,0,0,,
3939909,1976,5898,1974,"MX","",,1,3,166,6,64,5,0,0.2,,0,,34.4,,,,
3940451,1976,5898,1974,"MX","",,1,8,568,1,14,5,1,0,0,,3,26.2,,,,
3941370,1976,5905,1975,"MX","",187225,3,4,271,5,51,2,3,1,0.6667,0,8.6667,4,0.5,0.5,0,0
3941371,1976,5905,1975,"MX","",187225,3,4,271,5,51,3,1,1,0,0.4444,19,3,0.5,0.3333,0,0
3942404,1976,5912,1974,"MX","",,1,5,84,6,69,7,2,0.1429,0.5,0,6,37,,,,
3943352,1976,5912,1974,"MX","",,1,7,362,4,42,3,1,0.3333,0,0,16,31.3333,,,,
3943587,1976,5919,1975,"MX","",,1,5,470,5,59,7,5,0.1429,0.56,0,16.4,34.2857,,,,
3943926,1976,5919,1974,"MX","",,1,2,604,3,32,7,3,0.5714,0,0.625,16.6667,16.4286,,,,
3944085,1976,5919,1974,"MX","",,1,18,414,5,51,3,3,1,0,0,13.6667,7.3333,,,,
3945094,1976,5926,1974,"MX","",,1,9,27,6,69,10,4,0.6,0.5,0.6667,13.5,32.3,,,,
3945289,1976,5926,1975,"MX","",,5,9,83,5,51,1,8,0,0.5313,,16.75,90,,,,
3945292,1976,5926,1975,"MX","",,1,4,84,6,69,4,1,0.5,0,0,1,16.75,,,,
3948283,1976,5940,1973,"MX","",,1,10,137,6,69,7,11,0,0.6116,,11.5455,35.4286,,,,
3948477,1976,5940,1973,"MX","",597410,2,4,251,5,53,4,5,0.25,0.72,0,15.8,15.25,0,0,0,0
3950902,1976,5954,1975,"MX","",,1,9,52,6,69,5,13,0.2,0,0,14.8462,27.6,,,,
3951146,1976,5954,1974,"MX","",,1,6,604,3,32,8,28,0.25,0.0689,0.5,12.5714,16.875,,,,
3953470,1976,5961,1974,"MX","",556775,2,14,549,1,14,2,1,1,0,0.5,9,2.5,0,0,0,0
3953939,1976,5968,1974,"MX","",,1,8,49,5,59,4,10,0.25,0.54,0,8.6,28.5,,,,
3954023,1976,5968,1974,"MX","",,1,2,74,5,59,2,4,1,0.625,0,17.75,8.5,,,,
3954037,1976,5968,1975,"MX","",480435,3,13,83,5,51,4,7,0.75,0.449,0,11.5714,11,0,0,0,0
3954103,1976,5968,1974,"MX","",,1,4,128,3,32,3,7,1,0,0,13.2857,3.6667,,,,
3954453,1976,5968,1974,"MX","",,1,7,75,5,52,2,0,1,,0,,11,,,,
3959199,1976,5989,1973,"MX","",,1,1,524,1,15,4,0,0.75,,0.6667,,7.5,,,,
3960068,1976,5996,1975,"MX","",,1,8,99,6,61,3,16,0,0.375,,15.625,47.6667,,,,
3961115,1976,5996,1972,"MX","",596750,2,6,428,6,69,7,2,0.1429,0.5,0,19.5,39.5714,0,0,0,0
3961116,1976,5996,1975,"MX","",596750,2,2,428,6,69,4,2,0.75,0.5,0.4444,11.5,8.75,0,0,0,0
3964927,1976,6017,1974,"MX","",,1,4,429,4,45,6,3,0.3333,0.4444,0,19.6667,35.3333,,,,
3966183,1976,6024,1974,"MX","",,4,9,267,5,59,4,7,1,0.8163,0.625,16.5714,9.75,,,,
3966216,1976,6024,1975,"MX","",284150,3,1,369,2,24,5,1,1,0,0,3,7.2,0,0,0,0
3966558,1976,6024,1975,"MX","",,1,5,600,3,32,3,12,0.6667,0.6111,0,13,7.3333,,,,
3967386,1976,6031,1974,"MX","",,1,15,34,1,19,4,2,0.25,0.5,0,4,23,,,,
3968011,1976,6031,1975,"MX","",22715,2,17,435,3,33,2,7,1,0.6939,0,9.1429,2.5,1,0.5,0,0
3969022,1976,6038,1971,"MX","",,1,1,352,5,54,4,0,0.5,,0.5,,17.75,,,,
3970087,1976,6045,1974,"MX","",110775,2,5,604,3,32,4,7,1,0.449,0,17.5714,4.25,0,0,0,0
3970279,1976,6045,1975,"MX","",14025,3,8,249,6,69,8,0,0.625,,0.48,,12.625,0,0,,
3971292,1976,6052,1974,"MX","",,1,8,89,5,59,2,15,1,0.6667,0.5,13.9333,5,,,,
3972672,1976,6059,1974,"MX","",,4,6,425,5,51,9,4,0.7778,0.375,0.7347,18,10.5556,,,,
3972974,1976,6059,1970,"MX","",,1,12,264,5,51,8,12,0.625,0.7639,0.8,14.9167,17.625,,,,
3974618,1976,6073,1975,"MX","",,1,5,52,6,69,7,8,0.2857,0.6875,0.5,12.25,18.4286,,,,
3974968,1976,6073,1974,"MX","",,1,2,241,5,51,7,1,0.1429,0,0,17,43.4286,,,,
3975139,1976,6073,1974,"MX","",,1,5,431,6,66,3,1,0.6667,0,0.5,5,12.3333,,,,
3975267,1976,6073,1975,"MX","",,5,13,210,1,19,4,0,0.75,,0.4444,,7.25,,,,
3975713,1976,6073,1975,"MX","",,1,13,235,5,59,1,0,1,,0,,9,,,,
3977050,1976,6087,1975,"MX","",383020,2,12,206,6,68,6,9,0.8333,0.6173,0.8,15.7778,9.1667,0,0,0.125,0.1111
3977297,1976,6087,1975,"MX","",,1,2,89,5,59,1,1,0,0,,10,22,,,,
3977501,1976,6087,1974,"MX","",490985,2,7,190,6,69,6,11,1,0,0,13.0909,7.3333,0.5,0.1667,0.125,0.0909
3982432,1976,6115,1975,"MX","",,1,25,73,4,43,4,10,0.75,0.64,0.4444,9.9,8.75,,,,
3983261,1976,6115,1975,"MX","",,1,3,426,6,61,3,4,0.6667,0.375,0.5,11,18,,,,
3986661,1976,6136,1975,"MX","",221495,2,4,383,6,68,8,3,0.875,0.4444,0.4898,13,5.875,0,0,0,0
3987571,1976,6143,1975,"MX","",,1,1,42,5,59,2,1,0,0,,22,39,,,,
3988792,1976,6150,1975,"MX","",,1,3,40,6,69,3,2,0.3333,0,0,12,29.3333,,,,
3989485,1976,6150,1975,"MX","",278460,3,6,95,1,13,6,8,0.3333,0.6563,0,15.625,33,0,0,0,0
3989839,1976,6150,1975,"MX","",556775,2,21,514,3,31,2,2,1,0.5,0,2,2.5,0,0,1,1
3991753,1976,6164,1975,"MX","",,1,6,128,3,32,5,18,0.2,0.4938,0,15,27.8,,,,
3993178,1976,6171,1975,"MX","",,1,1,192,5,53,3,4,0,0,,16.75,47.3333,,,,
3993531,1976,6171,1975,"MX","",566545,3,15,156,1,19,8,3,0.5,0,0,17,17.25,0,0,0,0
3994263,1976,6178,1975,"MX","",,1,9,119,6,61,4,1,0.25,0,0,8,30,,,,
3994461,1976,6178,1975,"MX","",,1,10,248,6,69,7,1,0.7143,0,0,12,18.2857,,,,
3995784,1976,6185,1975,"MX","",118485,3,4,241,5,51,6,7,0.3333,0,0,10.2857,14.6667,0,0,0,0
3996132,1976,6185,1974,"MX","",421765,2,16,210,1,19,0,9,,0.6173,,4.8889,,,,0.75,0.6667
3996833,1976,6192,1975,"MX","",,1,17,84,6,69,4,3,1,0,0,3.3333,2,,,,
3996960,1976,6192,1975,"MX","",,1,3,137,6,69,4,4,0.25,0.375,0,17.5,25.75,,,,
3997290,1976,6192,1975,"MX","",,1,9,8,1,11,3,1,0.6667,0,0.5,3,13.3333,,,,
3997587,1976,6192,1975,"MX","",556775,2,41,560,1,14,0,1,,0,,2,,,,0,0
3998224,1976,6199,1976,"MX","",,1,5,604,3,32,9,13,0.3333,0,0.4444,12.3846,15,,,,
3999341,1976,6206,1975,"MX","",,1,9,52,6,69,10,2,0.7,0,0.2449,6,16.4,,,,
4000288,1976,6206,1975,"MX","",556775,2,26,514,3,31,1,3,1,0,0,4.3333,0,0,0,0.3333,0.3333
4000308,1976,6206,1975,"MX","",556775,2,12,514,3,31,1,2,1,0,0,4.5,0,0,0,0.5,0.5
4002309,1977,6220,1975,"MX","",,1,3,242,5,51,5,5,0.6,0.56,0,12.6,14.8,,,,
4003177,1977,6227,1975,"MX","",,1,1,52,6,69,8,0,0.625,,0.32,,18.125,,,,
4006227,1977,6241,1974,"MX","",,1,17,424,3,31,0,6,,0.5,,7.3333,,,,,
4007259,1977,6248,1975,"MX","",110775,2,10,424,3,31,3,13,1,0,0,16.1538,4.6667,1,1,0.4167,0.3846
4008415,1977,6255,1974,"MX","",169335,3,5,315,4,42,7,15,0.7143,0.7111,0.32,10.6667,15.5714,0,0,0,0
4009561,1977,6269,1975,"MX","",85855,3,7,57,6,63,10,6,0.6,0.6111,0.6667,10.1667,26.7,0,0,0,0
4011553,1977,6276,1976,"MX","",,1,1,340,2,21,6,4,0.3333,0.75,0,9,19,,,,
4012047,1977,6283,1975,"MX","",284150,3,11,369,2,24,8,0,0.625,,0,,13,0,0,,
4014315,1977,6297,1975,"MX","",,1,3,126,6,66,7,4,0.2857,0.625,0.5,14.25,25.1429,,,,
4014344,1977,6297,1975,"MX","",,1,8,606,3,32,4,11,0.5,0.7934,0,19.8182,11.75,,,,
4016238,1977,6304,1975,"MX","",,1,11,423,1,19,1,1,0,0,,5,45,,,,
4016746,1977,6311,1975,"MX","",,1,4,73,4,43,2,2,0,0.5,,13,19,,,,
4021262,1977,6332,1975,"MX","",276340,3,4,106,1,12,3,4,0.3333,0.75,0,16,21,0,0,0,0
4022024,1977,6339,1975,"MX","",,1,13,60,4,45,8,4,0.25,0,0.5,5.75,28.25,,,,
4022462,1977,6339,1975,"MX","",,1,2,482,5,59,5,3,0.6,0,0,12.3333,31.4,,,,
4023245,1977,6346,1975,"MX","",,1,16,28,6,63,6,1,0.1667,0,0,15,32.1667,,,,
4023768,1977,6346,1975,"MX","",,1,5,249,6,69,5,6,0.2,0.2778,0,14.3333,28.2,,,,
4025021,1977,6353,1976,"MX","",,1,7,249,6,69,7,0,0.4286,,0.6667,,36,,,,
4027819,1977,6367,1976,"MX","",,1,6,383,6,68,8,7,0.125,0.4082,0,13,35.875,,,,
4029261,1977,6374,1976,"MX","",,1,6,239,5,59,1,5,1,0,0,10,11,,,,
4030144,1977,6381,1975,"MX","",,1,2,4,6,65,7,7,0.4286,0.2449,0,11.2857,24.1429,,,,
4030400,1977,6381,1975,"MX","",,1,6,84,6,69,6,5,0.5,0,0,13.6,15.6667,,,,
4030669,1977,6381,1975,"MX","",,1,3,239,5,59,6,1,0.1667,0,0,17,51.8333,,,,
4031833,1977,6388,1975,"MX","",564640,3,4,111,6,61,11,0,0.2727,,0.4444,,30.7273,0,0,,
4031897,1977,6388,1976,"MX","",,1,13,604,3,32,5,12,0.4,0.4861,0,15.5833,33.4,,,,
4037435,1977,6416,1968,"MX","",536325,2,3,66,6,63,15,0,0.2,,0.4444,,38.8,0,0,,
4037511,1977,6416,1975,"MX","",,1,17,84,6,69,6,8,0.6667,0,0,12.875,9.1667,,,,
4038300,1977,6416,1974,"MX","",,1,9,556,1,14,1,0,1,,0,,3,,,,
