4424925,1984,8775,1981,"MX","",127695,3,15,225,5,51,8,2,0.375,0,0,14,32.875,0,0,0,0
4426218,1984,8782,1982,"MX","",613035,3,9,65,5,51,4,5,0.5,0,0.5,4.6,27.75,0,0,0.2,0.2
4427135,1984,8789,1980,"MX","",263805,3,9,222,1,19,8,6,0.25,0.7222,0.5,11.5,30.25,0,0,0.5,0.3333
4427136,1984,8789,1981,"MX","",263805,3,8,222,1,19,13,6,0.2308,0.7222,0.4444,11,36.5385,0,0,0.4,0.3333
4428389,1984,8796,1980,"MX","",,1,1,132,6,65,12,8,0.25,0.6875,0.4444,12,49.4167,,,,
4428772,1984,8796,1981,"MX","",263805,3,12,75,5,52,2,3,1,0.6667,0,10.3333,8,0,0,0.6667,0.6667
4430559,1984,8803,1983,"MX","",,1,11,219,4,49,9,12,0.7778,0.375,0.4898,10.6667,14.3333,,,,
4434457,1984,8824,1981,"MX","",,1,6,363,4,45,2,0,0.5,,0,,14.5,,,,
4441116,1984,8859,1981,"MX","",394010,2,2,257,4,46,4,1,1,0,0,9,8.25,0,0,0,0
4444578,1984,8880,1982,"MX","",613035,3,5,65,5,51,6,3,0.5,0,0,12.3333,32.6667,0,0,0,0
4444791,1984,8880,1982,"MX","",,1,5,514,3,31,0,1,,0,,4,,,,,
4446888,1984,8894,1981,"MX","",613035,3,3,137,6,69,7,0,1,,0.2449,,7.8571,0,0,,
4447226,1984,8894,1982,"MX","",,1,7,604,3,32,8,9,0.875,0.3704,0.2449,5.2222,7.75,,,,
4447997,1984,8901,1982,"MX","",269950,3,7,52,6,69,6,1,0.5,0,0.6667,3,20.1667,0,0,0,0
4449671,1984,8908,1981,"MX","",263805,3,26,241,5,51,5,5,0.8,0.56,0.625,12.2,17.4,0,0,0.3333,0.2
4450966,1984,8915,1982,"MX","",,1,1,206,6,68,15,2,0.3333,0.5,0.72,11.5,38.1333,,,,
4451094,1984,8915,1981,"MX","",,1,7,303,5,53,5,3,0.4,0.4444,0,5.3333,30.6,,,,
4451925,1984,8915,1982,"MX","",263805,3,18,373,6,66,15,5,0.8,0.72,0.4861,10.6,15.4667,0,0,0,0
4452516,1984,8922,1982,"MX","",,1,10,351,3,39,1,3,0,0,,6.3333,43,,,,
4455270,1984,8936,1981,"MX","",425185,3,7,264,5,51,1,1,1,0,0,9,17,0,0,0,0
4457192,1984,8950,1982,"MX","",,1,6,82,5,51,4,0,0.5,,0,,23,,,,
4460834,1984,8964,1983,"MX","",449580,2,20,307,4,49,8,29,0.875,0.7348,0.6122,10.931,13.5,0,0,0.0357,0.0345
4460862,1984,8964,1981,"MX","",,1,2,318,4,45,5,1,1,0,0,11,12.4,,,,
4462879,1984,8978,1982,"MX","",353175,2,5,205,1,19,4,2,0.75,0,0.4444,4.5,13.25,0,0,0,0
4462988,1984,8978,1983,"MX","",585465,2,4,424,3,31,1,1,1,0,0,4,2,1,1,0,0
4463220,1984,8978,1981,"MX","",,1,4,175,6,64,4,5,0.5,0,0.5,12.2,18.25,,,,
4463934,1984,8985,1982,"MX","",,1,15,256,6,65,6,4,0.6667,0.625,0.625,9.5,25.5,,,,
4464357,1984,8985,1983,"MX","",585465,2,5,424,3,31,1,1,1,0,0,4,2,1,1,0,0
4468123,1984,9006,1982,"MX","",,1,12,356,4,43,2,3,1,0.4444,0.5,10.3333,7,,,,
4468995,1984,9013,1982,"MX","",130345,3,3,83,5,51,10,4,0.6,0.375,0.2778,8.25,27.5,0,0,0,0
4470836,1984,9020,1982,"MX","",613035,3,3,65,5,51,2,1,0,0,,15,46.5,0,0,0,0
4472626,1984,9027,1982,"MX","",,1,15,235,5,59,5,16,1,0.375,0.72,7.4375,5,,,,
4474303,1984,9041,1982,"MX","",,1,12,220,6,68,9,11,0.5556,0.7603,0.64,9.6364,24.6667,,,,
4474666,1984,9041,1982,"MX","",276355,3,8,507,6,64,5,0,1,,0.48,,6.8,0,0,,
4476843,1984,9055,1983,"MX","",,1,11,123,5,53,9,1,0.4444,0,0,14,34.8889,,,,
4477557,1984,9055,1981,"MX","",,1,15,430,1,19,3,5,0.3333,0.72,0,9.2,48,,,,
4478241,1984,9062,1981,"MX","",613035,3,8,137,6,69,5,3,0.8,0,0.375,13.3333,14.2,0,0,0,0
4480741,1984,9076,1981,"MX","",613035,3,1,198,5,59,4,2,0.75,0,0,13,13.5,0,0,0.5,0.5
4481025,1984,9076,1982,"MX","",613035,3,1,65,5,51,4,0,0.25,,0,,31.75,0,0,,
4483324,1984,9090,1983,"MX","",,4,19,126,6,66,10,3,1,0.4444,0.18,8.6667,3.9,,,,
4483375,1984,9090,1982,"MX","",,1,7,141,5,51,5,2,0,0,,13,36.4,,,,
4491593,1985,9132,1983,"MX","",,1,25,514,3,31,12,2,1,0.5,0.5139,6,7.6667,,,,
4492474,1985,9139,1982,"MX","",,1,11,356,4,43,1,4,1,0.75,0,10,12,,,,
4495165,1985,9153,1983,"MX","",,1,24,423,1,19,10,2,0.8,0,0.4063,3,15.6,,,,
4497033,1985,9160,1982,"MX","",454095,2,1,702,2,22,7,7,1,0.7755,0.6939,9.2857,4.2857,0,0,0,0
4497415,1985,9167,1984,"MX","",187225,3,10,215,6,68,6,3,0.8333,0.4444,0,7.6667,8.5,0,0,0,0
4497646,1985,9167,1982,"MX","",461555,3,9,504,1,11,0,3,,0.4444,,11,,,,0,0
4498015,1985,9167,1982,"MX","",,1,9,290,4,45,15,3,0.6,0.6667,0.8395,9.3333,19.8,,,,
4498498,1985,9174,1981,"MX","",263805,3,6,137,6,69,4,3,0.5,0.4444,0.5,9,38.25,0,0,0.6667,0.6667
4500826,1985,9181,1983,"MX","",,1,2,318,4,45,3,0,1,,0.4444,,8.3333,,,,
4505545,1985,9209,1983,"MX","",,1,3,359,5,54,4,7,0.25,0.2449,0,8,50,,,,
4506601,1985,9216,1983,"MX","",,1,12,99,6,61,4,17,0.5,0.2145,0,10.4118,23.5,,,,
4513935,1985,9251,1983,"MX","",,1,3,248,6,69,10,3,0.1,0,0,6,38.3,,,,
4514941,1985,9258,1981,"MX","",,1,4,52,6,69,3,2,0.3333,0.5,0,9,34.3333,,,,
4516418,1985,9265,1982,"MX","",187250,3,7,70,6,65,7,3,0.7143,0.6667,0.72,12.6667,27,0,0,0,0
4519414,1985,9279,1983,"MX","",270185,3,3,137,6,69,7,6,0.8571,0.5,0.4444,8.5,18.8571,0,0,0,0
4526660,1985,9314,1984,"MX","",,1,8,205,1,19,2,1,0,0,,12,40,,,,
4528030,1985,9321,1983,"MX","",263805,3,23,75,5,52,11,8,0.8182,0,0,6.75,13.4545,0.375,0.2727,0.5,0.5
4531710,1985,9342,1984,"MX","",195580,3,7,251,5,53,7,8,0.2857,0.2188,0.5,7.625,27.2857,1,0.1429,0,0
4531718,1985,9342,1984,"MX","",,1,1,266,5,52,4,0,0.75,,0.4444,,12.25,,,,
4532131,1985,9342,1984,"MX","",585465,2,7,424,3,31,1,1,1,0,0,3,3,1,1,0,0
4532956,1985,9349,1984,"MX","",613035,3,7,137,6,69,7,1,0.8571,0,0.2778,12,16,0,0,0,0
4534446,1985,9356,1983,"MX","",,1,9,182,6,65,5,3,0.6,0.4444,0,9,35.4,,,,
4535983,1985,9363,1983,"MX","",208350,2,13,472,6,62,5,2,0.6,0,0.6667,5.5,38.2,0,0,1,0.5
4537629,1985,9370,1984,"MX","",276350,3,11,420,5,52,5,12,0.8,0.1528,0,6,27.6,0,0,0,0
4544429,1985,9405,1982,"MX","",,1,4,156,1,19,4,0,0.75,,0.4444,,21,,,,
4553703,1985,9454,1984,"MX","",,1,6,241,5,51,8,2,0.375,0.5,0.4444,3.5,29.75,,,,
4555258,1985,9461,1984,"MX","",613035,3,15,65,5,51,9,5,0.6667,0,0,8.4,24,1,0.1111,0,0
4556405,1985,9468,1984,"MX","",613035,3,7,65,5,51,4,1,0.75,0,0,2,20.5,0,0,0,0
4556417,1985,9468,1983,"MX","",263805,3,20,75,5,52,18,6,0.9444,0.7222,0.2076,10.5,9.8333,0.1333,0.1111,0.3333,0.3333
4557747,1985,9475,1983,"MX","",613035,3,5,65,5,51,5,1,0.4,0,0,12,33.2,0,0,0,0
4558403,1985,9475,1984,"MX","",,1,6,315,4,42,8,1,1,0,0.5938,6,3.5,,,,
4559228,1985,9482,1985,"MX","",,1,6,424,3,31,0,3,,0.4444,,1.6667,,,,,
4563340,1986,9503,1983,"MX","",269945,3,8,423,1,19,5,1,0.2,0,0,10,46.8,0,0,0,0
4568546,1986,9531,1983,"MX","",,1,6,424,3,31,0,1,,0,,8,,,,,
4569524,1986,9538,1984,"MX","",,1,13,473,6,62,1,7,1,0,0,11.8571,6,,,,
4571539,1986,9545,1981,"MX","",601230,2,14,324,4,43,10,4,0.9,0,0.4938,8,11.2,0,0,0,0
4572068,1986,9552,1984,"MX","",613035,3,3,101,6,69,5,1,0.2,0,0,8,34.8,0,0,0,0
4572732,1986,9552,1984,"MX","",613000,3,6,65,5,51,2,3,0.5,0,0,8.3333,36.5,0,0,0.3333,0.3333
4572775,1986,9552,1982,"MX","",,1,6,204,1,19,11,11,0.5455,0.6942,0.7778,9.4545,41.3636,,,,
4573021,1986,9552,1984,"MX","",,1,29,330,4,41,3,5,0.6667,0.64,0,9.2,16,,,,
4576325,1986,9573,1985,"MX","",19715,2,5,228,5,52,7,1,0.4286,0,0.6667,2,23.8571,0,0,0,0
4577771,1986,9580,1985,"MX","",,1,7,215,6,68,5,5,1,0.32,0.32,6.2,9.8,,,,
4577943,1986,9580,1983,"MX","",,1,3,351,3,39,5,1,0.6,0,0.4444,3,30.6,,,,
4578110,1986,9580,1984,"MX","",263805,3,19,75,5,52,19,3,0.3158,0,0.6111,5.6667,32.6316,0,0,0.3333,0.3333
4581027,1986,9594,1985,"MX","",,1,4,604,3,32,4,5,0.75,0.32,0,5.2,19.75,,,,
4583455,1986,9608,1984,"MX","",,1,12,99,6,61,2,21,0.5,0.6531,0,6.8095,38.5,,,,
4584016,1986,9608,1984,"MX","",263805,3,6,75,5,52,4,2,1,0,0.375,2.5,7.25,0.5,0.5,0.5,0.5
4585476,1986,9615,1984,"MX","",276350,7,6,75,5,52,7,0,0.8571,,0,,11.8571,0,0,,
4587494,1986,9622,1985,"MX","",394010,2,4,330,4,41,0,1,,0,,8,,,,0,0
4587773,1986,9629,1985,"MX","",,1,13,52,6,69,5,7,1,0,0,6,16.4,,,,
4589445,1986,9636,1984,"MX","",,1,8,137,6,69,9,2,0.1111,0,0,8,67.1111,,,,
4590966,1986,9643,1984,"MX","",613035,3,2,137,6,69,5,3,0.6,0.6667,0.6667,9.3333,14.8,0,0,0,0
4591906,1986,9643,1985,"MX","",,1,8,348,4,49,9,54,1,0.5027,0.716,7.0556,7.3333,,,,
4594260,1986,9657,1984,"MX","",267750,3,13,426,6,61,2,3,1,0.4444,0,10.3333,12.5,0,0,0,0
4596222,1986,9671,1985,"MX","",110265,2,7,123,5,53,6,0,0.6667,,0,,16,0,0,,
4596382,1986,9671,1984,"MX","",276350,3,2,266,5,52,3,2,0.6667,0.5,0.5,5.5,19,0,0,0,0
4599805,1986,9692,1984,"MX","",,1,4,33,6,69,3,5,0,0,,8.6,59.6667,,,,
4605762,1986,9720,1983,"MX","",94070,3,25,562,1,14,4,31,0.75,0.7825,0,10.9677,20.5,0,0,0,0
4606321,1986,9727,1985,"MX","",,1,2,123,5,53,4,0,1,,0,,5,,,,
4606531,1986,9727,1984,"MX","",276350,3,1,266,5,52,5,1,1,0,0.32,1,4.2,0,0,0,0
4606924,1986,9727,1984,"MX","",,1,9,426,6,61,2,0,0,,,,48.5,,,,
4608240,1986,9734,1983,"MX","",263805,3,20,423,1,19,35,1,0.4857,0,0.5675,3,25.8857,0,0,0,0
4609152,1986,9741,1985,"MX","",,1,14,239,5,59,1,0,1,,0,,10,,,,
4610235,1986,9748,1983,"MX","",,1,5,123,5,53,7,5,0.5714,0.72,0.375,10,24.7143,,,,
4615062,1986,9776,1985,"MX","",,1,3,8,1,11,2,0,1,,0,,1.5,,,,
4615671,1986,9776,1985,"MX","",,1,12,425,5,51,16,6,0.8125,0.6667,0.8521,8.6667,16.1875,,,,
4615723,1986,9776,1985,"MX","",613035,3,1,65,5,51,4,7,1,0.4898,0,5.1429,5.25,0,0,0.2857,0.2857
4623375,1986,9818,1984,"MX","",613035,3,8,65,5,51,5,5,1,0.56,0,6.4,5.6,0,0,0.2,0.2
4632126,1986,9860,1984,"MX","",,4,20,600,3,32,8,18,1,0.537,0.375,8,7.25,,,,
4634002,1987,9867,1985,"MX","",187225,3,2,206,6,68,6,2,1,0,0.4444,8.5,9.6667,0,0,0,0
4635322,1987,9874,1984,"MX","",454015,2,7,19,1,11,25,1,0.44,0,0.843,7,32.12,0.1111,0.04,0,0
4636176,1987,9874,1985,"MX","",,1,1,441,6,69,5,3,1,0.4444,0.32,7,10.6,,,,
4637034,1987,9874,1984,"MX","",263805,3,24,373,6,66,2,6,1,0.4444,0.5,9.8333,6.5,0,0,0,0
4641792,1987,9902,1984,"MX","",454015,2,7,241,5,51,3,3,0.6667,0,0,9,20,0,0,0,0
4651468,1987,9944,1984,"MX","",557300,2,5,47,6,61,11,12,0.8182,0.6667,0.7407,9.0833,21.9091,0,0,0,0
4653128,1987,9951,1985,"MX","",,1,8,4,6,65,8,2,0.625,0,0,11.5,22.25,,,,
4654066,1987,9951,1985,"MX","",613035,3,1,65,5,51,4,0,1,,0,,9.25,0,0,,
4654078,1987,9951,1985,"MX","",,1,11,75,5,52,3,10,1,0.46,0,8.6,6.3333,,,,
4654360,1987,9951,1984,"MX","",556775,2,26,514,3,31,5,8,1,0,0.56,6.5,13,0,0,0,0
4655987,1987,9958,1982,"MX","",,1,4,264,5,51,28,8,0.8929,0.375,0.4224,10.375,16.8214,,,,
4656496,1987,9958,1985,"MX","",394010,2,7,257,4,46,3,10,1,0.18,0.4444,6.6,6,0.3333,0.3333,0,0
4657764,1987,9965,1984,"MX","",585465,2,6,424,3,31,0,1,,0,,3,,,,0,0
4660711,1987,9979,1984,"MX","",613035,3,5,198,5,59,15,5,0.8,0.32,0.6389,5.6,18.8667,0,0,0.25,0.2
4663182,1987,9986,1985,"MX","",,1,15,427,1,12,3,2,0.6667,0.5,0.5,8,20,,,,
4668269,1987,10007,1986,"MX","",610875,3,12,65,5,51,5,1,1,0,0,6,2.6,0,0,0,0
4668284,1987,10007,1985,"MX","",263805,3,16,75,5,52,1,5,1,0,0,5.2,2,1,1,0.2,0.2
4669026,1987,10007,1985,"MX","",394010,2,6,361,4,45,3,6,1,0.6111,0.4444,6.6667,15,1,0.6667,0,0
4670465,1987,10014,1986,"MX","",556775,2,33,514,3,31,7,4,1,0.375,0.2449,4.5,11.2857,0,0,0,0
4672704,1987,10028,1985,"MX","",,1,7,449,6,61,4,1,0.5,0,0,12,29,,,,
4674534,1987,10035,1986,"MX","",263805,3,9,137,6,69,18,0,0.5,,0.716,,35,0,0,,
4675042,1987,10035,1986,"MX","",613035,3,4,65,5,51,8,5,1,0.56,0.2188,8.6,4.875,0,0,0,0
4675313,1987,10035,1985,"MX","",585465,2,11,514,3,31,1,0,1,,0,,9,0,0,,
4676779,1987,10042,1986,"MX","",,1,6,604,3,32,4,3,1,0,0,6.6667,13.75,,,,
4682140,1987,10063,1986,"MX","",,1,3,337,4,41,1,0,1,,0,,5,,,,
4682998,1987,10070,1986,"MX","",613035,3,6,65,5,51,7,3,0.8571,0,0.2778,9.3333,15.1429,0,0,0,0
4685779,1987,10084,1986,"MX","",306875,2,16,359,5,54,19,4,0.3684,0,0,6,31.1579,0,0,0,0
4686375,1987,10084,1986,"MX","",449580,2,16,290,4,45,13,21,0.9231,0.6893,0.7917,7.4762,10.6154,0.1111,0.0769,0,0
4687503,1987,10091,1986,"MX","",613000,3,10,65,5,51,4,0,0.5,,0,,27.75,1,0.25,,
4689117,1987,10098,1985,"MX","",454015,2,8,162,1,19,10,4,0.7,0.375,0,4,22.4,0,0,0.5,0.5
4689223,1987,10098,1986,"MX","",585465,2,13,424,3,31,5,3,1,0.4444,0.48,8.3333,11,1,0.4,0,0
4690331,1987,10105,1986,"MX","",,1,6,239,5,59,27,2,0.1852,0,0.64,7.5,42.1852,,,,
4693274,1987,10119,1986,"MX","",276350,3,4,137,6,69,6,0,0.3333,,0.5,,36.5,0,0,,
4696430,1987,10133,1986,"MX","",,1,1,239,5,59,3,0,0.3333,,0,,38.6667,,,,
4699691,1987,10147,1985,"MX","",633980,2,10,162,1,19,12,2,0.8333,0,0,8.5,18.9167,0.2,0.0833,0,0
4700068,1987,10147,1986,"MX","",260265,2,45,250,4,44,6,8,1,0.5313,0.5,3.25,8.1667,0,0,0,0
4701446,1987,10154,1984,"MX","",585465,2,15,514,3,31,1,0,1,,0,,9,0,0,,
4702419,1987,10161,1986,"MX","",,1,3,239,5,59,18,3,0.1667,0,0.4444,6.3333,44.6111,,,,
4702760,1987,10161,1985,"MX","",613035,3,3,65,5,51,3,2,1,0.5,0.6667,9,8,0,0,0,0
4703188,1987,10161,1987,"MX","",449580,2,18,290,4,45,6,1,0.1667,0,0,7,39,0,0,0,0
4705550,1987,10175,1986,"MX","",613035,3,8,65,5,51,4,0,1,,0,,15.5,0,0,,
4708183,1987,10189,1987,"MX","",,1,9,108,6,69,14,19,0.2857,0.8698,0.625,5.5789,42.5,,,,
4708727,1987,10189,1986,"MX","",613035,3,3,65,5,51,6,4,1,0.625,0,5,3.8333,0.3333,0.3333,0,0
4708729,1987,10189,1986,"MX","",613035,3,6,65,5,51,7,5,1,0,0.2449,8.8,5.4286,0,0,0,0
4710218,1987,10196,1985,"MX","",610875,3,3,65,5,51,3,1,0.3333,0,0,8,41,0,0,0,0
4711164,1987,10203,1986,"MX","",,1,5,99,6,61,3,4,0.6667,0,0.5,9,20.6667,,,,
4714597,1987,10217,1986,"MX","",263805,3,8,423,1,19,8,2,0.75,0.5,0.6667,5,17.5,0.2,0.125,0,0
4715272,1987,10224,1986,"MX","",,1,10,99,6,61,7,4,0.7143,0.5,0.72,6,19.8571,,,,
4715880,1987,10224,1985,"MX","",613035,3,4,65,5,51,4,0,0.5,,0.5,,29,0,0,,
4721128,1988,10252,1986,"MX","",,1,11,137,6,69,1,2,0,0,,4,40,,,,
4721588,1988,10252,1986,"MX","",177775,3,21,264,5,51,2,4,1,0.625,0,6.75,14.5,0,0,0,0
4722205,1988,10259,1982,"MX","",,1,1,70,6,65,6,2,0.3333,0,0,11.5,48.8333,,,,
4725236,1988,10273,1985,"MX","",,1,4,434,6,69,6,3,0.6667,0.4444,0.375,7,24.6667,,,,
4725309,1988,10273,1986,"MX","",263805,3,20,75,5,52,20,0,0.35,,0.2449,,41.9,0,0,,
4725625,1988,10273,1985,"MX","",,1,2,514,3,31,0,0,,,,,,,,,
4726033,1988,10273,1986,"MX","",,1,6,373,6,66,2,2,0.5,0,0,5,32,,,,
4727087,1988,10280,1985,"MX","",,1,5,514,3,31,0,0,,,,,,,,,
4727872,1988,10287,1986,"MX","",,1,8,128,3,32,8,4,0.875,0.625,0.6939,5.75,13.5,,,,
4728511,1988,10287,1986,"MX","",,1,7,424,3,31,0,0,,,,,,,,,
4733837,1988,10315,1986,"MX","",,1,16,248,6,69,9,3,0.2222,0.4444,0.5,8,42.1111,,,,
4734128,1988,10315,1985,"MX","",263805,3,9,75,5,52,6,2,1,0,0.6667,5,12.8333,0.25,0.1667,0.5,0.5
4736543,1988,10329,1985,"MX","",,1,2,47,6,61,9,2,0.7778,0,0.2449,8,23.2222,,,,
4737181,1988,10329,1987,"MX","",613035,3,8,65,5,51,7,0,1,,0,,10.5714,0,0,,
4740157,1988,10343,1986,"MX","",,1,7,432,6,66,7,2,0.8571,0.5,0,8,16.2857,,,,
4742832,1988,10357,1987,"MX","",,1,10,600,3,32,5,10,0.8,0.34,0.375,6.9,16.8,,,,
4743007,1988,10357,1985,"MX","",208350,2,9,472,6,62,8,1,0.625,0,0.56,7,43,1,0.125,0,0
4745897,1988,10371,1986,"MX","",,1,1,123,5,53,2,8,1,0.5,0.5,4.75,12,,,,
4747872,1988,10378,1985,"MX","",263805,3,17,75,5,52,8,0,0.25,,0.5,,38.5,0,0,,
4749272,1988,10385,1986,"MX","",,1,6,351,3,39,1,0,1,,0,,4,,,,
4750556,1988,10392,1986,"MX","",,5,11,165,6,66,12,0,0.5833,,0.6122,,24.6667,,,,
4754954,1988,10413,1987,"MX","",,1,11,266,5,52,3,1,1,0,0,5,5.3333,,,,
4755871,1988,10413,1986,"MX","",349175,3,15,348,4,49,7,13,1,0.6391,0.6939,7.6154,5.2857,0,0,0,0
4756336,1988,10420,1987,"MX","",,1,14,137,6,69,5,0,0.4,,0.5,,50.4,,,,
4756745,1988,10420,1987,"MX","",358195,3,10,423,1,19,3,0,0,,,,63.3333,0,0,,
4756894,1988,10420,1987,"MX","",358195,3,13,423,1,19,3,0,0,,,,63.3333,0,0,,
4757828,1988,10427,1986,"MX","",,1,11,131,6,61,2,0,0.5,,0,,59.5,,,,
4759857,1988,10434,1986,"MX","",,1,2,210,1,19,17,2,0.4118,0,0.6939,2.5,46.1176,,,,
4760689,1988,10441,1986,"MX","",,1,1,57,6,63,8,1,0.875,0,0,10,11.625,,,,
4762554,1988,10448,1986,"MX","",,1,12,75,5,52,3,3,1,0,0,7.3333,9.6667,,,,
4762900,1988,10448,1986,"MX","",393900,3,7,528,1,15,8,1,1,0,0.5625,9,10.5,0,0,0,0
4768714,1988,10476,1986,"MX","",,1,16,239,5,59,20,4,0.2,0.375,0.625,7.5,51.7,,,,
4772439,1988,10490,1982,"MX","",,1,1,264,5,51,11,51,0.8182,0.6667,0.7654,11.9216,16,,,,
4773308,1988,10497,1988,"MX","",,1,11,454,5,59,10,1,0.3,0,0,2,38.1,,,,
4774108,1988,10497,1986,"MX","",,1,16,427,1,12,9,1,0.7778,0,0.6939,10,19,,,,
4780133,1988,10525,1986,"MX","",,1,4,75,5,52,3,0,1,,0,,14,,,,
4781962,1988,10532,1986,"MX","",313200,2,7,428,6,69,22,52,1,0.7175,0.6074,7.5,8.5909,0.2381,0.2273,0.1373,0.1346
4782077,1988,10532,1987,"MX","",383465,2,14,514,3,31,0,3,,0.4444,,7,,,,0,0
4783746,1988,10539,1986,"MX","",613035,3,6,700,2,22,7,4,1,0.375,0,8.25,5,0.4286,0.4286,0,0
4787364,1988,10560,1987,"MX","",,4,19,126,6,66,4,6,0.75,0.5,0.4444,8.1667,24.25,,,,
4787887,1988,10560,1987,"MX","",65415,3,4,604,3,32,5,4,1,0.375,0.32,7.5,12.6,0,0,0.25,0.25
4789486,1988,10567,1987,"MX","",362060,2,4,210,1,19,1,2,1,0.5,0,6.5,10,0,0,0,0
4790297,1988,10574,1987,"MX","",66235,2,7,606,3,32,7,19,0.7143,0.349,0,6.2632,15.7143,0,0,0,0
4793856,1988,10588,1987,"MX","",263805,3,11,75,5,52,1,1,1,0,0,10,8,1,1,1,1
4797629,1989,10602,1988,"MX","",394010,2,11,330,4,41,2,3,1,0,0,5.6667,5,1,0.5,0.3333,0.3333
4798333,1989,10609,1987,"MX","",,1,20,239,5,59,45,5,0.2444,0.32,0.7934,5.6,47.4,,,,
4799651,1989,10616,1985,"MX","",,1,5,266,5,52,7,1,1,0,0,6,7.8571,,,,
4800963,1989,10623,1987,"MX","",271180,3,3,172,6,64,5,11,0.2,0,0,3.9091,58,0,0,0.3333,0.0909
4801321,1989,10623,1987,"MX","",694690,3,5,65,5,51,3,1,1,0,0.4444,3,20.6667,0,0,0,0
