5567459,1996,13444,1994,"MX","",712221,3,5,426,6,61,6,7,1,0,0.2778,1.7143,6.1667,0,0,0,0
5568800,1996,13451,1995,"MX","",,1,20,123,5,53,18,0,0.9444,,0.2145,,12.8333,,,,
5574167,1996,13465,1995,"MX","",,1,4,548,1,14,5,0,1,,0.48,,19.2,,,,
5574377,1996,13465,1994,"MX","",,1,15,324,4,43,9,0,1,,0.6173,,7,,,,
5575631,1996,13472,1996,"MX","",,4,20,417,5,53,2,2,1,0,0,0.5,17.5,,,,
5576326,1996,13472,1994,"MX","",598925,3,11,514,3,31,2,0,1,,0.5,,17,1,0.5,,
5578646,1996,13479,1991,"MX","",725956,3,1,514,3,31,2,0,1,,0,,12,0,0,,
5583096,1996,13493,1995,"MX","",,1,4,505,4,46,2,0,1,,0,,6,,,,
5587113,1996,13507,1995,"MX","",,1,2,261,1,19,6,0,0.1667,,0,,62,,,,
5589210,1996,13514,1995,"MX","",712221,3,10,426,6,61,1,1,1,0,0,2,3,0,0,0,0
5593713,1997,13528,1994,"MX","",,1,6,426,6,61,8,2,1,0.5,0.5313,2.5,5.625,,,,
5593890,1997,13528,1995,"MX","",712221,3,6,435,3,33,21,2,1,0,0.4762,2.5,16.4762,0.0476,0.0476,0,0
5604208,1997,13563,1995,"MX","",728092,3,25,514,3,31,1,0,1,,0,,27,0,0,,
5605055,1997,13570,1995,"MX","",90590,2,6,62,6,69,22,0,1,,0.0868,,11.1818,0.05,0.0455,,
5612903,1997,13591,1995,"MX","",,1,3,355,5,54,7,1,1,0,0.8163,1,12.1429,,,,
5614481,1997,13598,1993,"MX","",,1,11,508,5,59,8,2,1,0.5,0.2188,4.5,13.5,,,,
5617667,1997,13612,1995,"MX","",,1,13,43,6,61,10,0,1,,0,,7.4,,,,
5620293,1997,13619,1995,"MX","",694690,3,7,414,5,51,3,0,1,,0,,23,0,0,,
5622218,1997,13626,1995,"MX","",263805,3,11,164,5,52,1,0,1,,0,,3,0,0,,
5626044,1997,13640,1995,"MX","",,1,2,72,5,52,4,0,0.75,,0,,23,,,,
5633014,1997,13661,1996,"MX","",706043,3,1,424,3,31,13,0,1,,0.4852,,13.0769,0,0,,
5634186,1997,13661,1996,"MX","",635240,2,10,399,5,54,2,1,1,0,0,1,5,0,0,1,1
5637128,1997,13675,1996,"MX","",610875,3,4,65,5,51,5,0,1,,0,,9.8,0,0,,
5639149,1997,13682,1993,"MX","",261695,2,50,312,6,65,12,1,0.8333,0,0.58,4,15.8333,0,0,0,0
5642033,1997,13689,1995,"MX","",,1,11,322,4,45,6,1,1,0,0.2778,2,10.1667,,,,
5643604,1997,13696,1993,"MX","",706043,3,21,424,3,31,25,2,1,0.5,0.5632,4.5,13.2,0.0455,0.04,0,0
5645716,1997,13703,1995,"MX","",,1,5,210,1,19,3,0,1,,0.4444,,17,,,,
5652107,1997,13724,1996,"MX","",457960,2,35,435,3,33,1,2,1,0,0,0.5,6,0,0,0,0
5655724,1997,13738,1996,"MX","",204110,2,8,242,5,51,23,0,1,,0.5066,,11.087,0,0,,
5656051,1997,13738,1996,"MX","",610875,3,11,65,5,51,8,0,0.875,,0,,22.25,0,0,,
5658012,1997,13745,1995,"MX","",589445,2,16,280,5,55,7,2,1,0,0.6531,2,15.5714,0,0,0.5,0.5
5660620,1997,13752,1996,"MX","",,1,4,106,1,12,3,0,0.3333,,0,,43,,,,
5660977,1997,13752,1995,"MX","",712221,7,17,435,3,33,23,0,1,,0.5028,,16.1739,0.0435,0.0435,,
5661010,1997,13752,1990,"MX","",712221,3,4,435,3,33,1,0,1,,0,,9,0,0,,
5666818,1997,13773,1995,"MX","",733393,3,12,62,6,69,18,1,1,0,0.1049,2,11.5,0,0,0,0
5666937,1997,13773,1995,"MX","",,1,5,124,5,59,7,1,0,0,,2,65.8571,,,,
5667549,1997,13773,1996,"MX","",694690,3,5,65,5,51,5,0,0.6,,0.6667,,28.2,0,0,,
5667552,1997,13773,1995,"MX","",724346,3,15,65,5,51,1,0,1,,0,,11,0,0,,
5671572,1997,13787,1995,"MX","",,1,22,52,6,69,11,0,0.6364,,0.6122,,28.3636,,,,
5672087,1997,13787,1996,"MX","",733832,3,4,446,6,62,20,2,0.9,0,0.6481,1.5,19.1,0,0,0,0
5672151,1997,13787,1997,"MX","",,1,4,602,3,32,3,1,1,0,0.4444,0,2.3333,,,,
5673454,1997,13794,1995,"MX","",700744,3,14,15,6,69,28,1,0.7857,0,0.8099,1,19.8214,0.1,0.0357,0,0
5673848,1997,13794,1996,"MX","",,1,15,229,6,68,10,0,1,,0,,13.5,,,,
5676732,1997,13801,1995,"MX","",263805,3,11,75,5,52,5,4,1,0,0,2,13.2,0.5,0.4,0,0
5678691,1997,13808,1995,"MX","",694690,3,10,206,6,68,11,0,0.7273,,0.5313,,29.7273,0,0,,
5681085,1997,13815,1996,"MX","",734628,3,5,297,6,65,4,0,0.75,,0,,20.75,0,0,,
5682717,1997,13822,1995,"MX","",,1,5,52,6,69,4,0,1,,0.375,,17.25,,,,
5685888,1997,13829,1994,"MX","",697360,3,13,65,5,51,10,0,0.5,,0,,43.2,0,0,,
5688024,1997,13836,1996,"MX","",,1,3,297,6,65,13,0,0.7692,,0.74,,21,,,,
5689224,1997,13836,1995,"MX","",,1,7,335,4,41,2,0,0,,,,61,,,,
5692747,1997,13850,1995,"MX","",250060,2,7,271,5,51,9,0,1,,0,,16.8889,0,0,,
5695173,1997,13857,1996,"MX","",,1,3,254,5,59,15,1,0.9333,0,0.8265,3,11.8667,,,,
5697602,1997,13864,1994,"MX","",709334,3,17,220,6,68,7,0,0.2857,,0.5,,46.5714,0,0,,
5699627,1997,13871,1994,"MX","",,1,21,36,6,63,13,0,0.6154,,0,,26.5385,,,,
5702137,1997,13878,1996,"MX","",,1,2,294,5,59,6,0,1,,0,,15.1667,,,,
5706616,1998,13892,1995,"MX","",,1,3,52,6,69,23,1,0.8696,0,0.7,3,17.3043,,,,
5706851,1998,13892,1995,"MX","",263805,3,5,137,6,69,10,0,0.6,,0.2778,,33.6,0.25,0.1,,
5712010,1998,13906,1996,"MX","",737294,3,7,428,6,69,36,1,0.9167,0,0.8742,1,18.4722,0,0,0,0
5721017,1998,13934,1996,"MX","",248680,3,10,427,1,12,14,0,1,,0.7551,,8.3571,0.3077,0.2857,,
5722382,1998,13941,1996,"MX","",,1,5,124,5,59,1,0,0,,,,90,,,,
5723757,1998,13941,1995,"MX","",720540,3,25,800,3,33,2,0,1,,0,,5.5,0,0,,
5723972,1998,13941,1996,"MX","",,1,30,322,4,45,11,0,1,,0.6777,,12.0909,,,,
5727263,1998,13955,1997,"MX","",,1,14,4,6,65,25,0,0.52,,0.2604,,36.2,,,,
5727489,1998,13955,1996,"MX","",,1,20,112,6,63,6,0,0.8333,,0.72,,15.5,,,,
5727907,1998,13955,1995,"MX","",,1,2,405,6,64,25,0,0.96,,0.4236,,16,,,,
5728691,1998,13955,1996,"MX","",738817,3,22,514,3,31,1,0,1,,0,,15,0,0,,
5735685,1998,13976,1994,"MX","",739396,3,10,431,6,66,4,0,1,,0.625,,23,0,0,,
5743220,1998,13997,1996,"MX","",,1,10,123,5,53,8,0,0.375,,0,,45.75,,,,
5743338,1998,13997,1996,"MX","",271180,3,21,172,6,64,13,0,0.5385,,0.449,,40.8462,0,0,,
5744206,1998,13997,1996,"MX","",737294,3,27,428,6,69,36,0,0.9167,,0.8742,,18.4722,0,0,,
5744941,1998,13997,1996,"MX","",,1,14,322,4,45,6,0,1,,0.2778,,14.6667,,,,
5752911,1998,14018,1995,"MX","",,1,5,600,3,32,2,0,1,,0,,4,,,,
5756454,1998,14025,1994,"MX","",496855,3,30,514,3,31,1,0,1,,0,,3,0,0,,
5756577,1998,14025,1996,"MX","",694319,3,19,525,1,15,16,0,1,,0.7266,,12.375,0,0,,
5765785,1998,14046,1997,"MX","",,1,11,246,5,55,7,0,0.2857,,0,,67,,,,
5766420,1998,14046,1996,"MX","",722202,3,24,162,1,19,27,0,0.8889,,0,,21.6296,0,0,,
5766542,1998,14046,1997,"MX","",263805,3,22,266,5,52,16,0,0.9375,,0.5867,,22.4375,0.5,0.4375,,
5771979,1998,14060,1996,"MX","",271180,3,15,172,6,64,17,0,0.9412,,0,,9.8235,0.5,0.1176,,
5772719,1998,14060,1995,"MX","",694690,3,11,65,5,51,11,0,0.8182,,0.5185,,25.8182,0,0,,
5773395,1998,14060,1996,"MX","",110775,2,8,510,1,19,4,1,1,0,0,2,2.75,0.75,0.75,1,1
5777157,1998,14067,1996,"MX","",742831,3,18,560,1,14,10,0,0.6,,0.6111,,30.7,0,0,,
5778860,1998,14074,1997,"MX","",,1,13,123,5,53,23,0,1,,0.0832,,5.8696,,,,
5778962,1998,14074,1996,"MX","",742962,3,2,164,5,52,7,0,1,,0.2449,,18,0,0,,
5782856,1998,14081,1996,"MX","",,1,5,606,3,32,3,0,0.6667,,0,,30.3333,,,,
5787594,1998,14095,1997,"MX","",,1,7,30,6,65,16,0,0.4375,,0,,40.9375,,,,
5788533,1998,14095,1996,"MX","",,1,4,439,4,41,5,0,0.8,,0.375,,16.6,,,,
5788947,1998,14095,1996,"MX","",,1,12,423,1,19,10,0,1,,0.34,,15.8,,,,
5797227,1998,14116,1996,"MX","",,1,30,52,6,69,29,0,0.931,,0.642,,22.5862,,,,
5799394,1998,14123,1996,"MX","",,1,8,29,5,52,2,0,1,,0,,5.5,,,,
5803129,1998,14130,1996,"MX","",,1,27,138,6,67,23,0,0.8261,,0.7036,,22.6087,,,,
5806630,1998,14137,1996,"MX","",745404,3,15,184,5,59,8,0,1,,0.4063,,7.875,0,0,,
5806717,1998,14137,1996,"MX","",,5,3,222,1,19,6,0,1,,0,,10.3333,,,,
5807232,1998,14137,1996,"MX","",,1,20,600,3,32,6,0,1,,0,,7.1667,,,,
5807419,1998,14137,1995,"MX","",610875,3,4,65,5,51,12,0,1,,0,,15.0833,0,0,,
5810474,1998,14144,1992,"MX","",,1,8,366,1,19,64,0,0.7813,,0.856,,24.7969,,,,
5810761,1998,14144,1997,"MX","",65415,3,10,604,3,32,5,0,1,,0.56,,13.6,0.25,0.2,,
5810815,1998,14144,1996,"MX","",,1,7,606,3,32,3,0,1,,0,,9.6667,,,,
5811069,1998,14144,1997,"MX","",745794,3,12,423,1,19,13,0,1,,0.8284,,13.6923,0,0,,
5816262,1998,14158,1997,"MX","",,1,15,131,6,61,1,0,0,,,,95,,,,
5818186,1998,14158,1996,"MX","",250060,2,12,318,4,45,3,0,1,,0.4444,,7.6667,0,0,,
5820735,1998,14165,1996,"MX","",722202,3,21,162,1,19,17,0,0.8235,,0,,26.2941,0,0,,
5822711,1998,14165,1995,"MX","",,1,3,701,2,22,10,0,1,,0.32,,15.7,,,,
5826347,1998,14179,1997,"MX","",,1,6,34,1,19,4,0,1,,0.625,,10.75,,,,
5829941,1998,14186,1996,"MX","",,1,14,414,5,51,7,1,0.8571,0,0,1,21.8571,,,,
5830322,1998,14186,1996,"MX","",706037,2,38,162,1,19,25,0,1,,0,,13.24,0,0,,
5830536,1998,14186,1997,"MX","",747552,2,18,427,1,12,13,0,0.4615,,0.5,,66.1538,0,0,,
5836034,1998,14200,1997,"MX","",,1,6,15,6,69,6,0,0.6667,,0.375,,23.5,,,,
5840962,1998,14207,1995,"MX","",742831,3,28,560,1,14,12,0,0.9167,,0.7273,,19.4167,0,0,,
5846333,1998,14221,1996,"MX","",,1,16,127,1,11,20,0,0.85,,0.3806,,17.6,,,,
5849002,1998,14228,1995,"MX","",749143,3,18,604,3,32,11,0,0.9091,,0.32,,12.0909,0,0,,
5850662,1998,14235,1996,"MX","",,1,2,15,6,69,4,0,1,,0.375,,12.5,,,,
5854033,1998,14242,1995,"MX","",635905,2,11,435,3,33,5,0,1,,0.32,,5.2,0,0,,
5858057,1999,14256,1996,"MX","",263805,3,,75,5,52,1,0,1,,0,,4,0,0,,
5860441,1999,14263,1995,"MX","",763838,3,,137,6,69,33,0,0.9394,,0.7222,,15,0,0,,
5860915,1999,14263,1996,"MX","",,1,,600,3,32,11,0,1,,0.1653,,6.1818,,,,
5861263,1999,14263,1995,"MX","",750198,3,,435,3,33,6,0,1,,0,,11.3333,0,0,,
5862227,1999,14263,1997,"MX","",738630,3,,381,4,49,3,0,1,,0,,2.6667,0.5,0.3333,,
5866534,1999,14277,1996,"MX","",110775,2,,510,1,19,3,0,1,,0.4444,,10.3333,0.3333,0.3333,,
5867947,1999,14284,1997,"MX","",,1,,52,6,69,5,0,1,,0.72,,15.2,,,,
5868495,1999,14284,1993,"MX","",,1,,366,1,19,62,0,0.8065,,0.856,,25.0323,,,,
5869014,1999,14284,1995,"MX","",,1,,423,1,19,6,0,0.6667,,0.375,,30.3333,,,,
5869415,1999,14284,1996,"MX","",549420,3,,502,1,19,17,0,0.7059,,0.6944,,23.8235,0.0833,0.0588,,
5870789,1999,14291,1997,"MX","",,1,,14,6,69,8,0,1,,0.5313,,11.375,,,,
5871551,1999,14291,1996,"MX","",751140,3,,23,1,19,8,0,0.375,,0.6667,,60,0,0,,
5871794,1999,14291,1996,"MX","",,1,,426,6,61,7,0,1,,0,,12.4286,,,,
5880843,1999,14312,1997,"MX","",751914,3,,356,4,43,12,0,1,,0,,12.75,0,0,,
5882152,1999,14319,1997,"MX","",,1,,408,5,51,13,0,0.4615,,0.7222,,49.9231,,,,
5882368,1999,14319,1997,"MX","",694690,3,,65,5,51,16,0,0.9375,,0.6933,,14.8125,0,0,,
5882579,1999,14319,1997,"MX","",263805,3,,266,5,52,1,0,1,,0,,6,0,0,,
5884254,1999,14319,1996,"MX","",505201,2,,704,2,22,11,0,1,,0.4463,,9.2727,0,0,,
5884810,1999,14326,1997,"MX","",,1,,222,1,19,9,0,0.7778,,0,,25,,,,
5886140,1999,14326,1997,"MX","",752367,3,,528,1,15,2,0,1,,0.5,,13,0,0,,
5886322,1999,14326,1996,"MX","",67515,2,,219,4,49,13,0,0.7692,,0.7,,25.2308,0,0,,
5887405,1999,14333,1997,"MX","",,1,,52,6,69,11,0,0.7273,,0,,27.9091,,,,
5895045,1999,14354,1997,"MX","",506110,2,,273,6,62,21,0,0.6667,,0.4694,,30.4286,0,0,,
5899236,1999,14368,1997,"MX","",,1,,138,6,67,18,0,0.7778,,0.6531,,23.5556,,,,
5899809,1999,14368,1997,"MX","",,1,,463,6,62,4,0,1,,0.375,,7.75,,,,
5907605,1999,14389,1997,"MX","",754278,3,,379,2,21,12,0,1,,0.2917,,4.5,0,0,,
5908801,1999,14396,1997,"MX","",745794,3,,501,1,19,9,0,1,,0.7901,,11,0,0,,
5912436,1999,14410,1997,"MX","",754278,3,,174,4,41,7,0,1,,0.6122,,14.8571,0,0,,
5917104,1999,14424,1997,"MX","",694690,3,,65,5,51,12,0,0.8333,,0.48,,26.4167,0,0,,
5918661,1999,14431,1997,"MX","",755301,3,,164,5,52,1,1,1,0,0,1,24,0,0,1,1
5922147,1999,14438,1997,"MX","",742962,3,,148,5,52,3,0,0.3333,,0,,49.6667,0,0,,
5922603,1999,14438,1997,"MX","",,1,,435,3,33,2,0,1,,0.5,,4.5,,,,
5923771,1999,14438,1997,"MX","",755746,3,,382,2,22,8,0,1,,0.6563,,7.5,0,0,,
5924470,1999,14445,1996,"MX","",742962,3,,164,5,52,7,0,0.5714,,0,,43.7143,0,0,,
5928158,1999,14452,1997,"MX","",,1,,600,3,32,8,0,0.875,,0,,10.25,,,,
5929022,1999,14452,1998,"MX","",454215,2,,510,1,19,1,0,1,,0,,3,1,1,,
5942751,1999,14480,1994,"MX","",,1,,250,4,44,6,0,1,,0.7222,,12.5,,,,
5944465,1999,14487,1997,"MX","",,1,,411,5,59,15,0,0.8667,,0.3787,,25,,,,
5947293,1999,14494,1997,"MX","",,1,,206,6,68,8,0,0.75,,0.7778,,27.625,,,,
5947299,1999,14494,1997,"MX","",757811,3,,209,5,51,12,1,0.75,0,0.6914,0,29.5,0,0,0,0
5948148,1999,14494,1998,"MX","",,5,,106,1,12,11,0,1,,0.7934,,18.5455,,,,
5948934,1999,14494,1998,"MX","",757955,3,,560,1,14,1,0,1,,0,,6,0,0,,
5950348,1999,14501,1997,"MX","",,1,,43,6,61,35,0,0.5714,,0,,29.2571,,,,
5951823,1999,14501,1998,"MX","",706037,2,,162,1,19,4,0,1,,0,,11.75,0,0,,
5953939,1999,14508,1996,"MX","",,1,,68,6,63,3,0,1,,0,,10,,,,
5955525,1999,14508,1997,"MX","",754278,3,,524,1,15,8,0,1,,0.2188,,10.125,0,0,,
5957533,1999,14515,1997,"MX","",,1,,297,6,65,7,0,1,,0,,10.7143,,,,
5958551,1999,14515,1995,"MX","",,1,,428,6,69,10,0,1,,0.34,,13.6,,,,
5959138,1999,14515,1997,"MX","",721124,3,,560,1,14,3,0,1,,0.6667,,9.3333,0.3333,0.3333,,
5959945,1999,14515,1997,"MX","",758897,3,,369,2,24,41,0,1,,0.9018,,6.1463,0,0,,
5960503,1999,14522,1997,"MX","",,1,,15,6,69,10,0,0.7,,0,,34.9,,,,
5960664,1999,14522,1998,"MX","",758975,3,,72,5,52,4,0,0.75,,0,,35.75,0,0,,
5962394,1999,14522,1998,"MX","",110775,2,,510,1,19,0,0,,,,,,,,,
5964087,1999,14529,1997,"MX","",,1,,60,4,45,9,0,0.4444,,0,,49.8889,,,,
5967309,1999,14536,1998,"MX","",,1,,206,6,68,8,0,1,,0.375,,10.75,,,,
5970766,1999,14543,1998,"MX","",758975,3,,72,5,52,3,0,1,,0.4444,,8.3333,0,0,,
5971505,1999,14543,1998,"MX","",90590,2,,312,6,65,5,0,1,,0.56,,6.4,0.2,0.2,,
5973211,1999,14543,1997,"MX","",760073,3,,568,1,14,10,0,1,,0.64,,16.3,0,0,,
5975135,1999,14550,1997,"MX","",739396,3,,137,6,69,4,0,0.25,,0,,41.5,0,0,,
5979867,1999,14557,1996,"MX","",760641,3,,251,5,53,5,0,0.8,,0.375,,14.6,0,0,,
5984101,1999,14564,1998,"MX","",90590,2,,206,6,68,4,0,1,,0,,11.25,0,0,,
5985240,1999,14564,1996,"MX","",474266,2,,424,3,31,36,0,1,,0.642,,7.0278,0.1143,0.1111,,
5985369,1999,14564,1997,"MX","",248680,3,,427,1,12,14,0,1,,0.6122,,11.2143,0.0714,0.0714,,
5987792,1999,14571,1997,"MX","",,1,,40,6,69,1,0,0,,,,65,,,,
5988231,1999,14571,1996,"MX","",451315,2,,141,5,51,4,0,1,,0.625,,31.25,0,0,,
5989645,1999,14571,1998,"MX","",761542,3,,427,1,12,4,0,1,,0.75,,14.5,0,0,,
5992633,1999,14578,1998,"MX","",,1,,206,6,68,12,0,0.75,,0.7654,,27.9167,,,,
5994407,1999,14578,1999,"MX","",,1,,514,3,31,3,0,1,,0.4444,,4.6667,,,,
5996266,1999,14585,1998,"MX","",,1,,42,5,59,4,0,0.5,,0,,37,,,,
5996538,1999,14585,1998,"MX","",,1,,123,5,53,14,0,0.8571,,0.5139,,25.1429,,,,
5996850,1999,14585,1998,"MX","",101385,2,,222,1,19,6,0,0.8333,,0.32,,32.6667,0,0,,
5997922,1999,14585,1997,"MX","",721124,3,,426,6,61,9,0,1,,0.7901,,15.8889,0.1429,0.1111,,
5999677,1999,14585,1997,"MX","",754278,3,,385,2,21,4,0,1,,0,,9.75,0,0,,
6001795,1999,14592,1998,"MX","",110775,2,,510,1,19,4,0,1,,0,,2,1,1,,
6004488,1999,14599,1994,"MX","",94070,3,,264,5,51,11,0,0.9091,,0.58,,26.9091,0,0,,
6006439,1999,14606,1998,"MX","",755301,3,,34,1,19,4,0,1,,0.75,,2.5,0.3333,0.25,,
