4803284,1989,10630,1987,"MX","",712221,7,10,548,1,14,4,1,1,0,0.625,2,9.25,0,0,0,0
4804524,1989,10637,1988,"MX","",358195,3,7,423,1,19,7,0,0.8571,,0.4444,,18.1429,0,0,,
4805285,1989,10644,1987,"MX","",,4,4,29,5,52,8,5,1,0,0.2188,7,4.75,,,,
4805369,1989,10644,1983,"MX","",,1,6,52,6,69,6,0,0.8333,,0.56,,14.6667,,,,
4807539,1989,10651,1988,"MX","",,1,2,108,6,69,8,1,0.625,0,0.56,1,18.875,,,,
4811948,1989,10665,1988,"MX","",,1,4,273,6,62,10,5,0.9,0,0.1975,6,23.2,,,,
4813613,1989,10672,1988,"MX","",,1,14,241,5,51,5,10,0.6,0.68,0.4444,3.6,31.6,,,,
4819666,1989,10693,1987,"MX","",,1,4,131,6,61,16,2,0.375,0,0.5,8.5,36.3125,,,,
4820552,1989,10693,1987,"MX","",,1,15,427,1,12,2,2,1,0.5,0.5,4,12,,,,
4824461,1989,10707,1988,"MX","",,1,4,65,5,51,3,3,1,0,0,4,14.3333,,,,
4828832,1989,10721,1987,"MX","",325825,3,13,424,3,31,3,0,1,,0.4444,,14.6667,0,0,,
4830653,1989,10728,1988,"MX","",613000,3,3,65,5,51,5,4,0.2,0.375,0,6,48.2,0,0,0,0
4831748,1989,10735,1987,"MX","",,5,13,34,1,19,10,0,0.8,,0.7813,,20.5,,,,
4832972,1989,10735,1988,"MX","",123370,2,21,426,6,61,4,7,0.5,0.7347,0,5.8571,22.75,0,0,0,0
4834792,1989,10742,1986,"MX","",263805,3,20,75,5,52,10,4,1,0.375,0.46,9,6.9,0.1,0.1,1,0.75
4842696,1989,10770,1987,"MX","",461520,3,18,203,1,19,8,3,0.875,0.4444,0.6939,4.3333,16.125,0,0,0,0
4846717,1989,10784,1988,"MX","",27095,3,22,432,6,66,7,2,0.8571,0.5,0.5,5,15.2857,0,0,0,0
4850739,1989,10798,1988,"MX","",,1,1,404,6,69,8,7,0.5,0.7347,0.75,3.4286,33.75,,,,
4853942,1989,10805,1987,"MX","",263805,3,19,373,6,66,1,1,1,0,0,10,4,0,0,0,0
4854063,1989,10812,1987,"MX","",,1,12,40,6,69,6,4,0.6667,0,0,4,23.1667,,,,
4854847,1989,10812,1988,"MX","",,1,11,425,5,51,5,3,0.4,0.4444,0.5,3,37.4,,,,
4857145,1989,10819,1987,"MX","",454015,2,9,162,1,19,4,4,0.5,0.625,0,7.25,47.5,1,0.25,0,0
4860507,1989,10833,1988,"MX","",,1,34,52,6,69,20,3,0.9,0.4444,0.6975,6.6667,15.85,,,,
4862560,1989,10840,1989,"MX","",143370,2,18,24,6,63,10,7,0.9,0.7347,0.3704,5.1429,12.4,0,0,0,0
4862561,1989,10840,1988,"MX","",143370,2,25,24,6,63,8,4,0.875,0.375,0.2449,4,13,0,0,0,0
4863300,1989,10840,1988,"MX","",187225,3,2,401,1,12,6,1,0.3333,0,0,6,52.5,0,0,0,0
4865320,1989,10847,1988,"MX","",,1,14,473,6,62,6,4,1,0,0.2778,5.75,14.3333,,,,
4880458,1989,10910,1988,"MX","",263805,3,20,75,5,52,1,5,1,0,0,2.8,2,1,1,0.2,0.2
4883663,1989,10924,1987,"MX","",,1,10,424,3,31,0,1,,0,,2,,,,,
4886097,1989,10938,1988,"MX","",263815,3,17,141,5,51,12,1,0.6667,0,0.5625,2,31.9167,0,0,0,0
4886224,1989,10938,1988,"MX","",,1,21,244,5,55,8,2,0.75,0,0.2778,8.5,18.5,,,,
4886229,1989,10938,1988,"MX","",,1,7,248,6,69,7,7,0.5714,0.6122,0.75,6.4286,19.7143,,,,
4888358,1989,10945,1988,"MX","",556775,2,28,514,3,31,5,0,1,,0.56,,12.2,0.2,0.2,,
4889591,1989,10952,1988,"MX","",454015,2,20,162,1,19,5,1,1,0,0.32,3,12.2,0.3333,0.2,0,0
4892167,1990,10966,1988,"MX","",,1,1,180,5,55,2,4,1,0.625,0.5,3.5,4,,,,
4892574,1990,10966,1988,"MX","",613020,3,6,65,5,51,12,4,0.9167,0,0,5.75,8.25,0,0,0,0
4894122,1990,10973,1989,"MX","",276350,3,3,201,1,19,6,0,0.8333,,0.48,,19,0,0,,
4897113,1990,10987,1988,"MX","",263805,3,17,75,5,52,18,0,1,,0.7037,,9.8333,0.2353,0.2222,,
4907796,1990,11029,1988,"MX","",,1,1,482,5,59,6,7,1,0,0.2778,5.4286,9.3333,,,,
4911613,1990,11043,1988,"MX","",,4,7,417,5,53,7,2,0,0,,3.5,79,,,,
4913134,1990,11050,1988,"MX","",66235,2,4,606,3,32,5,32,0.4,0.3652,0,4.6563,30.8,0,0,0,0
4914032,1990,11050,1985,"MX","",712221,3,30,435,3,33,0,1,,0,,10,,,,0,0
4915667,1990,11057,1988,"MX","",,1,1,439,4,41,7,0,0,,,,64.1429,,,,
4919309,1990,11071,1989,"MX","",187225,3,8,222,1,19,8,1,1,0,0.4063,8,9.875,0,0,0,0
4922032,1990,11078,1989,"MX","",712221,3,10,568,1,14,2,0,1,,0.5,,3.5,0,0,,
4928465,1990,11106,1989,"MX","",,1,1,52,6,69,2,4,1,0.375,0,5.75,14,,,,
4929718,1990,11106,1987,"MX","",598925,3,3,530,1,15,1,6,1,0.6111,0,6.8333,5,0,0,0,0
4930688,1990,11113,1989,"MX","",187225,3,11,222,1,19,8,15,1,0,0.4063,6,9.875,0,0,0,0
4932680,1990,11120,1989,"MX","",598495,2,1,281,6,69,1,4,0,0.375,,2.75,74,0,0,0,0
4932719,1990,11120,1989,"MX","",,1,14,297,6,65,7,2,1,0,0.5714,8,8.1429,,,,
4940480,1990,11148,1989,"MX","",613035,3,8,65,5,51,3,1,1,0,0.4444,7,18.3333,0,0,0,0
4942928,1990,11162,1988,"MX","",271180,3,13,172,6,64,15,6,0.6,0,0,3.6667,35.6,0,0,0.5,0.1667
4956069,1990,11211,1989,"MX","",,1,2,204,1,19,7,0,1,,0,,10,,,,
4956234,1990,11211,1988,"MX","",271225,3,4,428,6,69,21,0,0.619,,0.3905,,23.9048,0,0,,
4957269,1990,11218,1988,"MX","",,1,5,249,6,69,11,0,0.0909,,0,,54.4545,,,,
4957546,1990,11218,1989,"MX","",276350,3,8,75,5,52,2,3,1,0,0,7,7.5,0,0,0,0
4961851,1990,11239,1990,"MX","",,1,4,210,1,19,2,1,1,0,0,4,6,,,,
4962792,1990,11246,1989,"MX","",,1,4,138,6,67,5,2,0.8,0,0.625,5,27.2,,,,
4967854,1990,11267,1989,"MX","",,1,23,175,6,64,9,4,0.2222,0,0.5,6.5,43.4444,,,,
4968385,1990,11267,1989,"MX","",305005,3,17,162,1,19,5,4,0.6,0.375,0,5.25,23,0,0,0,0
4971951,1990,11281,1987,"MX","",,1,19,514,3,31,1,4,0,0.375,,6,51,,,,
4976970,1990,11302,1989,"MX","",,1,11,424,3,31,1,0,1,,0,,10,,,,
4978351,1990,11309,1989,"MX","",,1,19,606,3,32,8,17,0.75,0.4983,0,5.7647,17.875,,,,
4979438,1990,11316,1989,"MX","",,1,3,99,6,61,8,0,0.625,,0.64,,20.875,,,,
4979439,1990,11316,1989,"MX","",,1,9,99,6,61,10,5,0.7,0.32,0.449,6.4,19.3,,,,
4980612,1990,11316,1988,"MX","",345090,3,20,315,4,42,3,2,1,0,0,4,5.6667,0,0,0,0
4982516,1991,11330,1989,"MX","",104180,3,5,38,6,63,12,1,0.5833,0,0.6939,6,24.9167,0,0,0,0
4983131,1991,11330,1990,"MX","",632915,2,9,439,4,41,4,2,0.5,0,0,2,29,0,0,0,0
4984318,1991,11337,1989,"MX","",,1,10,8,1,11,6,6,0.8333,0.5,0.32,6.8333,15,,,,
4985006,1991,11337,1989,"MX","",,1,9,441,6,69,4,3,0.5,0.4444,0.5,4,38,,,,
4986907,1991,11344,1989,"MX","",,1,7,210,1,19,5,12,1,0.4028,0.56,6.0833,12,,,,
4996310,1991,11379,1989,"MX","",446055,3,12,568,1,14,8,1,0.875,0,0.4082,5,18.125,0,0,0,0
4996722,1991,11386,1989,"MX","",55570,2,2,2,6,63,19,9,0.4737,0.1975,0.5185,5.7778,35.2632,0,0,0,0
4999038,1991,11393,1989,"MX","",,1,20,55,1,13,1,3,0,0.4444,,4,30,,,,
5001316,1991,11400,1990,"MX","",304755,2,5,200,4,41,8,7,1,0.4082,0,4.5714,10.875,0,0,0,0
5006264,1991,11421,1988,"MX","",,1,3,210,1,19,20,4,0.45,0.375,0.6173,4.25,47.45,,,,
5009902,1991,11435,1988,"MX","",,1,6,426,6,61,3,1,1,0,0.4444,10,13.3333,,,,
5010666,1991,11442,1987,"MX","",443600,3,5,40,6,69,9,1,0.6667,0,0.6111,9,41,0,0,0,0
5020802,1991,11477,1990,"MX","",,1,25,473,6,62,4,2,0.75,0,0,3.5,33,,,,
5022438,1991,11484,1990,"MX","",,1,5,138,6,67,6,6,0.8333,0.2778,0.72,4.8333,23.6667,,,,
5024838,1991,11491,1988,"MX","",,1,7,424,3,31,8,3,0.5,0.4444,0.625,9,21.25,,,,
5030105,1991,11512,1989,"MX","",712221,7,2,435,3,33,0,5,,0,,5.4,,,,0,0
5032449,1991,11519,1990,"MX","",,1,19,428,6,69,7,4,0.8571,0.625,0.5,4.25,22,,,,
5035532,1991,11533,1989,"MX","",,1,8,404,6,69,12,2,0.5,0,0.7222,4.5,33.25,,,,
5035909,1991,11533,1990,"MX","",267750,3,13,426,6,61,7,2,1,0.5,0.2449,5,16.5714,0,0,0,0
5036389,1991,11533,1989,"MX","",349175,3,14,348,4,49,7,19,1,0.7701,0.6122,4.8947,7.2857,0,0,0,0
5039668,1991,11547,1989,"MX","",,1,3,514,3,31,2,1,1,0,0,6,14.5,,,,
5040670,1991,11554,1990,"MX","",,1,1,198,5,59,9,2,0.4444,0,0,2,32,,,,
5041442,1991,11554,1990,"MX","",556775,2,33,514,3,31,2,0,1,,0,,6.5,0,0,,
5043137,1991,11561,1991,"MX","",276350,3,4,419,5,52,5,1,1,0,0.32,4,9.8,0,0,0,0
5047226,1991,11575,1989,"MX","",202440,3,4,423,1,19,3,1,1,0,0,4,15.3333,0,0,0,0
5048407,1991,11582,1990,"MX","",,1,17,99,6,61,11,3,1,0,0.314,4.3333,8.3636,,,,
5048728,1991,11582,1989,"MX","",,1,9,222,1,19,14,0,0.4286,,0.6667,,35.8571,,,,
5059944,1991,11617,1989,"MX","",,1,26,473,6,62,16,6,1,0.5,0.4219,5.6667,10.0625,,,,
5077460,1991,11687,1990,"MX","",,1,20,219,4,49,10,2,0.4,0.5,0,4.5,35.9,,,,
5078787,1992,11694,1990,"MX","",263805,3,8,75,5,52,6,1,0,0,,7,34,0,0,1,1
5079824,1992,11701,1989,"MX","",,1,15,29,5,52,4,3,0.75,0.4444,0.6667,6.6667,15.5,,,,
5088460,1992,11736,1989,"MX","",,1,46,123,5,53,7,8,0.5714,0,0,5.875,31.5714,,,,
5089114,1992,11736,1989,"MX","",276355,3,10,208,1,19,14,3,0.8571,0,0.2917,4.6667,15.3571,0,0,0,0
5098258,1992,11771,1991,"MX","",,1,7,415,5,53,16,1,0.8125,0,0.7456,1,24.5625,,,,
5098772,1992,11771,1991,"MX","",,1,14,428,6,69,19,6,0.4211,0.7222,0.2188,4.1667,36.6316,,,,
5101267,1992,11778,1989,"MX","",591676,2,52,348,4,49,7,21,1,0.6939,0.6122,5.4762,7.7143,0,0,0.15,0.1429
5107005,1992,11799,1990,"MX","",598925,3,5,556,1,14,2,1,1,0,0,4,1.5,0,0,1,1
5109784,1992,11813,1990,"MX","",,1,15,112,6,63,10,7,1,0.449,0.74,5,12.2,,,,
5110350,1992,11813,1989,"MX","",263805,3,21,75,5,52,3,0,1,,0,,4.3333,0.6667,0.6667,,
5111035,1992,11813,1990,"MX","",682217,3,3,250,4,44,4,4,1,0.625,0.375,4.75,4.5,0,0,0,0
5112029,1992,11820,1991,"MX","",682327,3,10,266,5,52,2,0,1,,0.5,,7,0,0,,
5112188,1992,11820,1991,"MX","",,1,11,415,5,53,13,1,0.9231,0,0.7361,1,20.0769,,,,
5112387,1992,11820,1991,"MX","",276350,3,6,75,5,52,6,1,1,0,0,6,13.5,0,0,0,0
5113890,1992,11827,1990,"MX","",263805,3,10,137,6,69,6,2,1,0,0.2778,5,12.3333,0,0,0,0
5114593,1992,11827,1991,"MX","",,5,6,210,1,19,4,3,1,0.6667,0.375,3.3333,11.75,,,,
5118515,1992,11841,1990,"MX","",683050,3,12,426,6,61,39,2,0.7692,0.5,0.7756,5,20,0,0,0,0
5118801,1992,11841,1988,"MX","",730471,2,65,536,1,14,4,11,1,0.3967,0,7.4545,5.25,0,0,0,0
5119767,1992,11848,1990,"MX","",,1,1,119,6,61,6,7,0.8333,0.7347,0.72,5,15.1667,,,,
5121510,1992,11855,1990,"MX","",,1,30,4,6,65,17,2,0.6471,0,0,5,26.1176,,,,
5125496,1992,11869,1991,"MX","",613035,3,4,198,5,59,4,2,1,0,0.375,6,11.75,0.5,0.5,0,0
5132440,1992,11890,1991,"MX","",496855,3,4,552,1,14,2,0,1,,0,,4.5,0,0,,
5133112,1992,11897,1991,"MX","",,1,12,24,6,63,11,1,1,0,0,5,18.1818,,,,
5139503,1992,11918,1990,"MX","",,1,11,606,3,32,9,2,0.3333,0,0,3.5,58.2222,,,,
5139801,1992,11918,1991,"MX","",683050,3,22,426,6,61,5,2,0.8,0,0.625,4.5,22.8,0,0,0,0
5145458,1992,11939,1990,"MX","",,1,16,454,5,59,4,0,0.75,,0.6667,,34.75,,,,
5147299,1992,11946,1990,"MX","",,1,7,604,3,32,6,1,1,0,0.5,4,10.6667,,,,
5148773,1992,11953,1991,"MX","",,1,7,119,6,61,5,1,0.8,0,0,5,20.2,,,,
5150552,1992,11960,1992,"MX","",,1,6,52,6,69,20,1,0.7,0,0.2551,3,22.8,,,,
5152110,1992,11967,1991,"MX","",,1,11,52,6,69,7,4,1,0.375,0.5714,5,14.4286,,,,
5153895,1992,11967,1991,"MX","",,1,5,373,6,66,11,0,1,,0.2975,,12.2727,,,,
5155096,1992,11974,1990,"MX","",,1,31,514,3,31,1,2,1,0,0,4.5,2,,,,
5158515,1992,11988,1991,"MX","",,1,4,482,5,59,7,1,0.8571,0,0.2778,4,15.7143,,,,
5160368,1992,11995,1992,"MX","",,1,9,106,1,12,3,45,0.3333,0.6736,0,2.7778,72,,,,
5160377,1992,11995,1991,"MX","",683050,3,16,118,1,12,7,2,0.8571,0,0.7222,5,18.5714,0,0,0,0
5163931,1992,12009,1991,"MX","",,1,3,604,3,32,10,4,1,0.5,0.54,4.75,11.9,,,,
5164220,1992,12009,1990,"MX","",687507,2,7,427,1,12,17,6,1,0.7222,0.8651,4.3333,13.4706,0,0,0.2,0.1667
5167688,1992,12023,1989,"MX","",,1,1,65,5,51,2,1,1,0,0,6,5,,,,
5168640,1992,12030,1991,"MX","",690388,3,6,34,1,19,2,0,1,,0,,11.5,0,0,,
5177917,1993,12065,1991,"MX","",,1,10,52,6,69,7,9,0.8571,0,0,4.4444,17.7143,,,,
