4462167,1984,8978,1981,"MY","",,1,6,33,6,69,5,0,0.4,,0,,37,,,,
4474243,1984,9041,1982,"MY","",186585,2,18,166,6,64,10,7,0.6,0.6939,0.6111,8,31.1,0,0,0,0
4549897,1985,9433,1982,"MY","",437180,3,9,504,1,11,3,6,0.6667,0.6667,0.5,11.6667,18.6667,0,0,0,0
4557071,1985,9475,1984,"MY","",,1,3,47,6,61,4,13,1,0.497,0.625,6.8462,14.5,,,,
4557307,1985,9475,1984,"MY","",228390,2,2,152,5,55,13,5,0.5385,0.48,0,6.6,26.8462,0,0,0.2,0.2
4569814,1986,9538,1984,"MY","",386735,2,2,264,5,51,3,11,1,0.4298,0.4444,9,7.3333,0,0,0,0
4601612,1986,9699,1985,"MY","",508865,2,7,405,6,64,5,4,0.6,0,0,4.5,27.2,0,0,0,0
4606097,1986,9727,1985,"MY","",,1,5,24,6,63,9,3,0.3333,0.4444,0,4,55.6667,,,,
4620366,1986,9804,1985,"MY","",466175,2,6,29,5,52,6,1,1,0,0.2778,8,7.1667,0,0,0,0
4662961,1987,9986,1986,"MY","",228390,2,3,156,1,19,11,2,0.6364,0.5,0,6,25.9091,0,0,0,0
4680876,1987,10063,1984,"MY","",,1,17,36,6,63,8,15,0.5,0.24,0,8.6,23.5,,,,
4738524,1988,10336,1987,"MY","",,1,15,396,5,54,1,2,1,0,0,10.5,1,,,,
4784615,1988,10546,1987,"MY","",386735,2,8,439,4,41,7,13,1,0.4852,0,7.2308,9.8571,0.1429,0.1429,0.1667,0.1538
4797037,1989,10602,1987,"MY","",441025,3,10,405,6,64,7,2,0.5714,0,0,7.5,22.2857,0,0,0,0
