5578327,1996,13479,1994,"MY","",,1,12,425,5,51,6,0,0.5,,0,,67.8333,,,,
5578334,1996,13479,1995,"MY","",73700,2,29,426,6,61,5,3,1,0,0,1.3333,5.8,0.4,0.4,0.6667,0.6667
5579701,1996,13486,1994,"MY","",,1,24,108,6,69,8,3,0.875,0.4444,0,3.6667,12.875,,,,
5595157,1997,13535,1995,"MY","",,1,20,123,5,53,8,1,0.875,0,0.2449,2,17.5,,,,
5602947,1997,13556,1996,"MY","",714822,2,16,385,2,21,10,1,1,0,0.66,0,6.1,0,0,0,0
5604492,1997,13563,1995,"MY","",386735,2,11,340,2,21,8,6,1,0.6111,0.5938,1.1667,7.375,0,0,0.2,0.1667
5607156,1997,13577,1994,"MY","",,1,21,273,6,62,10,0,0.5,,0.32,,36.2,,,,
5645912,1997,13703,1995,"MY","",,1,10,428,6,69,23,0,1,,0.6578,,8.3043,,,,
5649933,1997,13717,1995,"MY","",,1,3,606,3,32,5,0,0.8,,0,,27.8,,,,
5652547,1997,13724,1995,"MY","",386735,2,15,330,4,41,7,2,1,0.5,0,2,14.1429,0.4286,0.4286,0,0
5652894,1997,13724,1995,"MY","",278220,2,6,713,2,22,7,1,1,0,0.7347,1,4.5714,0.1429,0.1429,0,0
5655851,1997,13738,1995,"MY","",,1,10,405,6,64,13,0,0.8462,,0.1653,,19.9231,,,,
5663527,1997,13759,1995,"MY","",733097,3,4,174,4,41,7,0,0.7143,,0.64,,31.5714,0,0,,
5668903,1997,13773,1995,"MY","",714822,2,14,385,2,21,4,2,1,0.5,0,2.5,8.75,0,0,0.5,0.5
5669826,1997,13780,1996,"MY","",733644,3,7,473,6,62,5,0,1,,0,,6.4,0,0,,
5674133,1997,13794,1996,"MY","",733644,3,7,473,6,62,5,0,0.8,,0,,15,0,0,,
5675468,1997,13794,1995,"MY","",,1,18,361,4,45,3,0,1,,0,,4.3333,,,,
5675678,1997,13794,1995,"MY","",714822,2,17,385,2,21,7,0,1,,0.8163,,15.1429,0,0,,
5692581,1997,13850,1995,"MY","",,1,13,182,6,65,30,1,0.9333,0,0.574,4,9.8333,,,,
5695988,1997,13857,1995,"MY","",,1,22,435,3,33,8,0,1,,0,,18.25,,,,
5711329,1998,13906,1996,"MY","",,1,17,134,6,69,11,0,0.5455,,0.7222,,42.6364,,,,
5713276,1998,13913,1996,"MY","",386735,2,15,101,6,69,5,0,1,,0.48,,11.8,0,0,,
5724889,1998,13948,1996,"MY","",386735,2,5,101,6,69,6,0,1,,0.2778,,11.5,0.25,0.1667,,
5726648,1998,13948,1996,"MY","",,1,25,340,2,21,8,1,0.75,0,0,1,26.5,,,,
5730223,1998,13962,1996,"MY","",696774,2,31,166,6,64,12,1,0.25,0,0,1,59.9167,0,0,1,1
5731358,1998,13962,1996,"MY","",,1,17,521,1,15,3,0,1,,0.4444,,12.3333,,,,
5732450,1998,13969,1997,"MY","",386735,2,10,24,6,63,11,0,1,,0.5455,,11.0909,0,0,,
5765968,1998,14046,1995,"MY","",741848,3,17,405,6,64,8,0,0.125,,0,,69.375,0,0,,
5770632,1998,14053,1995,"MY","",,1,13,521,1,15,6,0,0.6667,,0.625,,31,,,,
5771325,1998,14053,1996,"MY","",714822,2,19,385,2,21,2,0,1,,0.5,,4,0,0,,
5777258,1998,14067,1996,"MY","",,1,9,102,1,19,10,0,0.7,,0.5714,,29.8,,,,
5782333,1998,14081,1996,"MY","",670697,2,7,198,5,59,2,0,1,,0,,14,0.5,0.5,,
5782385,1998,14081,1997,"MY","",,1,19,222,1,19,5,0,1,,0.32,,8.8,,,,
5791818,1998,14102,1996,"MY","",744101,3,20,405,6,64,7,0,0.4286,,0.4444,,50.4286,0,0,,
5795243,1998,14109,1997,"MY","",733644,3,1,473,6,62,1,0,0,,,,66,0,0,,
5795245,1998,14109,1996,"MY","",733644,3,2,473,6,62,9,0,0.8889,,0,,11.2222,0,0,,
5803310,1998,14130,1996,"MY","",,1,18,222,1,19,5,1,1,0,0.32,2,13.4,,,,
5805364,1998,14130,1997,"MY","",386735,2,11,359,5,54,3,0,1,,0.4444,,5.6667,0,0,,
5813331,1998,14151,1997,"MY","",386735,2,2,101,6,69,6,2,1,0.5,0.7778,0.5,9.6667,0,0,0,0
5822595,1998,14165,1995,"MY","",278220,2,11,710,2,22,5,1,1,0,0.32,2,5.4,0,0,0,0
5828310,1998,14179,1997,"MY","",386735,2,15,340,2,21,2,0,1,,0.5,,11,0,0,,
5840790,1998,14207,1996,"MY","",748447,3,22,524,1,15,3,0,1,,0.4444,,17.6667,0,0,,
5843497,1998,14214,1996,"MY","",73700,2,16,426,6,61,6,0,1,,0,,6.8333,0.5,0.5,,
5862540,1999,14270,1997,"MY","",,1,,4,6,65,3,0,1,,0.4444,,14.6667,,,,
5863218,1999,14270,1997,"MY","",386735,2,,439,4,41,2,2,1,0.5,0.5,0,8,0.5,0.5,0,0
5874117,1999,14298,1996,"MY","",73700,2,,426,6,61,15,0,1,,0.1244,,8.7333,0.2,0.2,,
5881782,1999,14319,1997,"MY","",386735,2,,141,5,51,4,0,1,,0.375,,8.5,0,0,,
5887265,1999,14326,1997,"MY","",386735,2,,455,2,21,2,0,1,,0,,4,1,1,,
5898574,1999,14361,1997,"MY","",,1,,361,4,45,6,0,1,,0.7778,,18.5,,,,
5898580,1999,14361,1997,"MY","",719699,3,,363,4,45,8,0,1,,0.2188,,9.25,0,0,,
5899528,1999,14368,1997,"MY","",46250,3,,297,6,65,13,0,1,,0.2604,,2.2308,0,0,,
5900763,1999,14368,1994,"MY","",386735,2,,327,4,41,2,0,1,,0.5,,10.5,0,0,,
5901206,1999,14368,1998,"MY","",,1,,379,2,21,5,0,1,,0.48,,11,,,,
5909715,1999,14403,1996,"MY","",,1,,114,5,55,4,0,1,,0.375,,13.5,,,,
5918704,1999,14431,1996,"MY","",670697,2,,187,5,55,6,0,0.8333,,0,,14.6667,0.4,0.3333,,
5920113,1999,14431,1997,"MY","",386735,2,,257,4,46,2,0,1,,0,,7.5,0,0,,
5921377,1999,14438,1997,"MY","",386735,2,,198,5,59,5,0,1,,0.32,,2.8,0.2,0.2,,
5932261,1999,14459,1996,"MY","",756504,3,,426,6,61,11,0,1,,0.6446,,11.7273,0,0,,
5936480,1999,14466,1998,"MY","",386735,2,,331,4,41,1,0,1,,0,,13,0,0,,
5941582,1999,14480,1998,"MY","",,1,,293,5,55,14,0,0.9286,,0.568,,19.7143,,,,
5943308,1999,14480,1997,"MY","",757424,3,,369,2,24,4,0,1,,0.375,,8.25,0,0,,
5947267,1999,14494,1997,"MY","",386735,2,,200,4,41,10,0,1,,0,,13.3,0,0,,
5965216,1999,14529,1997,"MY","",714822,2,,427,1,12,6,0,1,,0.5,,5.8333,0,0,,
5968193,1999,14536,1997,"MY","",277930,2,,714,2,22,1,0,1,,0,,7,0,0,,
5971246,1999,14543,1997,"MY","",386735,2,,228,5,52,4,0,1,,0.375,,8.75,0,0,,
5973388,1999,14543,1999,"MY","",386735,2,,257,4,46,0,0,,,,,,,,,
5979007,1999,14557,1997,"MY","",,1,,15,6,69,15,0,0.2667,,0.375,,55.4667,,,,
5987617,1999,14564,1997,"MY","",278220,2,,713,2,22,5,0,1,,0.56,,6.4,0.2,0.2,,
5987809,1999,14571,1998,"MY","",,1,,43,6,61,21,0,0.619,,0,,32.0952,,,,
5993717,1999,14578,1997,"MY","",761891,3,,264,5,51,7,0,0.7143,,0.72,,27.1429,0,0,,
5996184,1999,14585,1999,"MY","",386735,2,,24,6,63,6,0,1,,0.6111,,3.6667,0,0,,
6003527,1999,14599,1997,"MY","",738548,3,,134,6,69,9,0,1,,0.716,,9,0,0,,
6005717,1999,14599,1998,"MY","",714822,2,,359,5,54,7,0,1,,0.6939,,2.2857,0.2857,0.2857,,
