5186192,1993,12100,1991,"MY","",510070,3,7,134,6,69,6,12,1,0.4167,0.2778,5.4167,6.1667,0,0,0,0
5199298,1993,12149,1991,"MY","",357270,2,8,73,4,43,4,8,1,0.5313,0.625,5.25,3.5,0.3333,0.25,0.25,0.25
5203477,1993,12163,1991,"MY","",,5,7,222,1,19,7,1,1,0,0.7347,3,13.2857,,,,
5213433,1993,12198,1991,"MY","",,1,14,402,5,59,7,2,0.8571,0,0.2778,5.5,12.5714,,,,
5214568,1993,12198,1990,"MY","",,1,7,361,4,45,5,3,1,0.4444,0.72,4.6667,11.2,,,,
5220678,1993,12219,1991,"MY","",386735,2,20,455,2,21,3,17,1,0.4152,0,4,5.6667,0.3333,0.3333,0.0588,0.0588
5225792,1993,12240,1991,"MY","",386735,2,3,331,4,41,2,3,1,0.4444,0,5.6667,6,0.5,0.5,0.6667,0.6667
5230458,1993,12261,1992,"MY","",394010,2,7,228,5,52,8,3,1,0.4444,0.4063,4.3333,6.75,0,0,0,0
5235347,1993,12275,1991,"MY","",250060,2,19,347,2,23,3,5,1,0.8,0,4.2,3.3333,0.3333,0.3333,0.2,0.2
5242166,1993,12303,1992,"MY","",,1,11,273,6,62,42,0,1,,0.1791,,9.9762,,,,
5255147,1993,12345,1992,"MY","",573981,3,30,361,4,45,12,1,1,0,0.1528,5,12.8333,0.0909,0.0833,0,0
5255996,1993,12352,1991,"MY","",,1,7,404,6,69,7,1,0.2857,0,0.5,4,69.1429,,,,
5267610,1993,12394,1992,"MY","",90590,2,4,165,6,66,3,6,1,0.6667,0.4444,3.1667,15.3333,0.3333,0.3333,0.8,0.6667
5308941,1994,12541,1993,"MY","",386735,2,7,200,4,41,6,0,0.5,,0,,42.6667,0,0,,
5319759,1994,12576,1991,"MY","",4155,3,1,711,2,24,1,20,1,0.42,0,4.7,2,0,0,0,0
5328140,1994,12611,1992,"MY","",,1,6,248,6,69,11,2,0.7273,0,0.2188,3.5,27.9091,,,,
5333332,1994,12632,1992,"MY","",703354,3,6,4,6,65,4,3,0.75,0,0,4.3333,28.25,0,0,0,0
5349330,1994,12681,1993,"MY","",,1,18,340,2,21,5,14,1,0.6122,0.56,2.3571,3.2,,,,
5350248,1994,12688,1993,"MY","",,1,3,401,1,12,6,1,0.6667,0,0.625,2,21,,,,
5358039,1994,12716,1993,"MY","",497495,2,24,166,6,64,5,1,1,0,0.32,4,17.2,0.75,0.6,0,0
5360042,1994,12723,1993,"MY","",,1,8,144,5,51,6,0,0.3333,,0,,52.3333,,,,
5369311,1994,12751,1992,"MY","",278220,2,28,327,4,41,9,9,1,0.716,0.3457,3.4444,3,0,0,0,0
5377325,1994,12779,1992,"MY","",4155,3,12,710,2,22,2,4,1,0.375,0.5,3,4.5,0,0,0,0
5407054,1995,12891,1993,"MY","",358975,3,10,198,5,59,5,2,1,0.5,0.32,2.5,5.8,0,0,1,1
5408753,1995,12898,1994,"MY","",,1,9,33,6,69,7,1,0,0,,1,65.7143,,,,
5409770,1995,12898,1993,"MY","",510070,3,12,428,6,69,2,5,1,0.72,0.5,2.8,17.5,0,0,0,0
5419447,1995,12933,1994,"MY","",,1,6,215,6,68,8,0,1,,0.2188,,7.5,,,,
5438703,1995,12996,1993,"MY","",386735,2,14,455,2,21,8,3,1,0.4444,0.6563,3,5.375,0.5,0.5,0.3333,0.3333
5452667,1995,13052,1993,"MY","",,1,11,108,6,69,14,0,0.7857,,0,,19.0714,,,,
5469348,1995,13108,1994,"MY","",,1,5,362,4,42,7,2,0.4286,0,0.4444,2,31.4286,,,,
5480022,1996,13150,1994,"MY","",358975,3,11,198,5,59,9,2,1,0.5,0.5185,1.5,7.7778,0,0,1,1
5489891,1996,13185,1993,"MY","",718066,3,13,340,2,21,13,8,1,0.7813,0.6746,2.75,5.6923,0,0,0,0
5494207,1996,13206,1994,"MY","",394010,2,19,228,5,52,3,5,1,0,0,2,8.6667,0,0,0.2,0.2
5497706,1996,13220,1994,"MY","",,1,5,108,6,69,10,2,0.6,0,0.6111,3,38.6,,,,
5516355,1996,13283,1994,"MY","",,1,8,75,5,52,2,0,1,,0.5,,2,,,,
5522109,1996,13304,1994,"MY","",,1,18,15,6,69,15,1,0.4667,0,0,3,40.9333,,,,
5528995,1996,13325,1994,"MY","",,1,9,108,6,69,15,0,0.6667,,0.64,,22.0667,,,,
5538465,1996,13353,1995,"MY","",510070,3,17,451,5,51,3,2,1,0.5,0.4444,1,13.6667,0.5,0.3333,0.5,0.5
5549234,1996,13388,1995,"MY","",,1,3,227,5,59,6,0,0.8333,,0.32,,22.5,,,,
