4838179,1989,10756,1988,"MY","",,1,7,108,6,69,6,1,0,0,,4,53.5,,,,
4904213,1990,11015,1989,"MY","",386735,2,10,439,4,41,3,12,0.6667,0.6944,0.5,3.0833,20,0,0,0.2222,0.1667
4948709,1990,11183,1989,"MY","",111630,3,2,430,1,19,1,0,1,,0,,19,0,0,,
4959095,1990,11225,1988,"MY","",165265,2,4,504,1,11,1,0,1,,0,,7,1,1,,
4987388,1991,11344,1990,"MY","",386735,2,14,331,4,41,3,1,1,0,0,1,2,0,0,1,1
4989677,1991,11358,1987,"MY","",450535,3,29,173,5,51,5,3,0.8,0.4444,0.5,6.3333,21.2,0,0,0,0
4997392,1991,11386,1989,"MY","",386735,2,9,439,4,41,4,0,0.5,,0.5,,34.25,0,0,,
5014582,1991,11456,1989,"MY","",318835,3,13,83,5,51,14,6,0.9286,0.6667,0.568,4,17.1429,0,0,0,0
5019668,1991,11470,1989,"MY","",427460,3,26,585,1,19,5,7,0.8,0.7347,0.625,5.2857,11.4,0,0,0,0
5026212,1991,11498,1989,"MY","",266065,3,3,405,6,64,7,2,0.1429,0,0,6.5,65.4286,0,0,0,0
5040923,1991,11554,1990,"MY","",266065,3,5,405,6,64,8,1,0.25,0,0.5,7,48.5,0,0,0,0
5044560,1991,11568,1989,"MY","",,1,1,239,5,59,4,1,0.25,0,0,6,59.5,,,,
5048911,1991,11582,1989,"MY","",599195,3,7,385,2,21,17,7,1,0.6939,0.7197,5.5714,5.4706,0,0,0,0
5060293,1991,11617,1989,"MY","",386735,2,3,455,2,21,9,9,0.8889,0.4938,0.5625,4.7778,12.6667,0.875,0.7778,0.3333,0.3333
5075759,1991,11680,1990,"MY","",386735,2,14,257,4,46,12,9,1,0.5926,0.6111,5.1111,8.75,0,0,0.125,0.1111
5075824,1991,11680,1990,"MY","",386735,2,7,362,4,42,8,7,1,0.5714,0.6875,4.7143,7.75,0.125,0.125,0.7143,0.7143
5096194,1992,11764,1991,"MY","",485566,3,8,473,6,62,9,2,0.8889,0,0,3,8.5556,0,0,0,0
5109957,1992,11813,1991,"MY","",266065,3,6,182,6,65,3,0,0.6667,,0.5,,19.3333,0,0,,
5144264,1992,11932,1991,"MY","",386735,2,12,331,4,41,7,6,1,0,0.4898,5.1667,7.1429,0.4286,0.4286,0.1667,0.1667
5157925,1992,11988,1991,"MY","",186585,2,49,62,6,69,11,7,0.9091,0,0,4.4286,18,0.1429,0.0909,0.2857,0.2857
5165135,1992,12016,1991,"MY","",,1,8,15,6,69,13,4,0.3077,0,0,4,56.1538,,,,
