3612608,1971,4302,1969,"TR","",413590,2,,299,6,64,,2,,0.5,,9.5,,,,0,0
3632656,1972,4386,1967,"TR","",43545,2,,568,1,14,,4,,0.625,,13.25,,,,0,0
3638607,1972,4414,1969,"TR","",595890,3,,118,1,12,,0,,,,,,,,,
3693600,1972,4652,1970,"TR","",,1,,123,5,53,,2,,0,,8.5,,,,,
3721531,1973,4827,1971,"TR","",,1,,422,1,19,,1,,0,,17,,,,,
3722590,1973,4834,1971,"TR","",27915,2,,166,6,64,,2,,0,,8,,,,0,0
3739754,1973,4918,1970,"TR","",,1,,123,5,53,,6,,0.4444,,11.8333,,,,,
3752354,1973,4974,1971,"TR","",,1,,220,6,68,,3,,0.4444,,11.6667,,,,,
3780704,1973,5107,1973,"TR","",,1,,122,6,66,,0,,,,,,,,,
3798897,1974,5198,1970,"TR","",,1,,60,4,45,,3,,0.4444,,13.3333,,,,,
3909162,1975,5751,1973,"TR","",,1,35,418,5,53,6,1,0.3333,0,0.5,12,52.6667,,,,
4025711,1977,6353,1976,"TR","",447285,3,5,528,1,15,1,3,1,0.6667,0,9,3,0,0,0,0
