5601098,1997,13556,1995,"TR","",727834,2,9,131,6,61,6,0,1,,0.7222,,5.5,0,0,,
5617828,1997,13612,1996,"TR","",478430,3,9,123,5,53,6,3,1,0,0.6111,1,11.1667,0,0,0,0
5663196,1997,13759,1993,"TR","",72120,2,6,514,3,31,0,2,,0,,4,,,,0,0
5664682,1997,13766,1996,"TR","",,5,9,206,6,68,12,0,0.5,,0.4444,,41.75,,,,
5674799,1997,13794,1995,"TR","",685451,3,3,502,1,19,5,0,1,,0.32,,5.8,0,0,,
5713113,1998,13913,1996,"TR","",245840,3,15,28,6,63,12,3,0.9167,0,0.314,1.6667,18.5,0.0909,0.0833,0,0
5744558,1998,13997,1997,"TR","",685451,3,5,526,1,15,5,0,1,,0.32,,6.8,0,0,,
5906314,1999,14389,1998,"TR","",,1,,232,6,68,19,0,0.4211,,0.2188,,35.4737,,,,
5908981,1999,14396,1996,"TR","",540885,2,,73,4,43,8,0,1,,0.7813,,6,0.125,0.125,,
5981600,1999,14557,1997,"TR","",,1,,514,3,31,4,0,1,,0.625,,14.25,,,,
5985319,1999,14564,1996,"TR","",711062,3,,424,3,31,4,0,1,,0.375,,10.5,0,0,,
