4444633,1984,8880,1982,"TR","",591260,3,17,205,1,19,2,1,0,0,,7,35.5,0,0,0,0
4480592,1984,9076,1982,"TR","",,1,18,122,6,66,4,8,1,0.5938,0.375,9.875,1.75,,,,
4510618,1985,9230,1982,"TR","",395475,3,10,382,2,22,1,25,1,0.32,0,7.84,4,0,0,0,0
4563893,1986,9510,1983,"TR","",,5,24,73,4,43,5,6,0.6,0.2778,0.4444,6.1667,15.8,,,,
4592347,1986,9650,1984,"TR","",,1,16,606,3,32,13,7,0.3846,0,0.32,8.7143,34.5385,,,,
4592740,1986,9650,1984,"TR","",,1,14,604,3,32,2,1,0,0,,7,51.5,,,,
4603310,1986,9706,1985,"TR","",597180,6,8,333,2,21,5,1,1,0,0.56,4,11.6,0,0,0,0
4603585,1986,9713,1985,"TR","",179245,3,18,73,4,43,2,3,1,0,0,4.3333,1.5,0,0,0,0
4604593,1986,9713,1985,"TR","",597180,6,8,333,2,21,6,1,1,0,0.2778,4,13.1667,0,0,0,0
4613986,1986,9762,1984,"TR","",395475,3,3,382,2,22,8,21,1,0.5261,0.5625,5.0476,5.125,0.1429,0.125,0,0
4614921,1986,9769,1985,"TR","",597180,6,8,333,2,21,7,2,1,0.5,0.449,4,13.4286,0,0,0,0
4623532,1986,9818,1983,"TR","",599925,2,7,423,1,19,3,0,0.6667,,0,,32.6667,0,0,,
4630010,1986,9846,1985,"TR","",597180,6,2,333,2,21,6,1,0.6667,0,0.375,6,18.6667,0,0,0,0
4645937,1987,9916,1984,"TR","",179245,3,8,250,4,44,1,0,1,,0,,5,0,0,,
4663745,1987,9986,1985,"TR","",179245,3,17,367,2,21,5,0,1,,0.56,,11.6,0,0,,
4706048,1987,10175,1985,"TR","",179245,3,5,333,2,21,8,3,0.75,0.6667,0.6667,8.6667,17.5,0,0,0,0
4768529,1988,10476,1986,"TR","",,1,15,132,6,65,9,0,0.3333,,0,,25.7778,,,,
4779241,1988,10518,1986,"TR","",179245,3,21,367,2,21,6,1,0.6667,0,0.5,4,20.5,0,0,0,0
4796240,1989,10595,1987,"TR","",,1,17,368,6,69,3,4,0.6667,0,0,7.75,34.3333,,,,
