3684596,1972,4610,1970,"PE","",,1,,149,1,19,,2,,0.5,,5.5,,,,,
3684790,1972,4610,1970,"PE","",,1,,530,1,15,,0,,,,,,,,,
3687821,1972,4624,1970,"PE","",636625,3,,203,1,19,,4,,0.75,,12.75,,,,0,0
3688345,1972,4631,1970,"PE","",454015,2,,19,1,11,,4,,0.375,,8.5,,,,1,0.75
3737369,1973,4904,1972,"PE","",454015,2,,162,1,19,,0,,,,,,,,,
3738908,1973,4911,1971,"PE","",454015,2,,162,1,19,,5,,0.32,,9.6,,,,0.5,0.4
3746268,1973,4946,1971,"PE","",352730,2,,241,5,51,,3,,0.6667,,21.3333,,,,0,0
3845492,1974,5415,1973,"PE","",497495,2,,346,4,49,,2,,0.5,,5.5,,,,0,0
3890800,1975,5653,1973,"PE","",,1,10,63,6,69,6,5,0.3333,0.72,0.5,8.6,35.8333,,,,
3897029,1975,5688,1973,"PE","",,1,8,244,5,55,6,3,0.8333,0,0,18,7.6667,,,,
3917192,1975,5786,1973,"PE","",,1,6,244,5,55,6,3,0.8333,0,0,18,13.5,,,,
3918551,1975,5793,1974,"PE","",,1,10,181,6,69,3,6,0.6667,0.6111,0,15.3333,18,,,,
3939728,1976,5898,1974,"PE","",564735,3,9,74,5,59,7,2,0.4286,0.5,0,10,29.5714,0,0,0,0
3949616,1976,5947,1974,"PE","",,1,20,74,5,59,5,2,0.2,0.5,0,3,38.2,,,,
3949956,1976,5947,1974,"PE","",,1,7,244,5,55,6,1,1,0,0,18,7.6667,,,,
3957110,1976,5982,1975,"PE","",,1,8,165,6,66,1,0,1,,0,,11,,,,
3969882,1976,6045,1974,"PE","",,1,5,57,6,63,3,2,0.3333,0,0,17,22.3333,,,,
4013205,1977,6290,1975,"PE","",275750,3,8,226,5,51,4,2,0.25,0.5,0,9.5,20.75,1,0.25,0,0
4034033,1977,6395,1976,"PE","",,4,17,264,5,51,7,3,0.1429,0.4444,0,6.3333,35.1429,,,,
4034749,1977,6402,1975,"PE","",496855,3,24,128,3,32,5,10,1,0.5,0,8.3,6.4,0,0,0.1667,0.1
