4837989,1989,10756,1988,"PE","",,1,6,52,6,69,5,2,0.8,0,0.5,4.5,28,,,,
4853764,1989,10805,1988,"PE","",432860,2,37,348,4,49,21,24,0.8571,0.75,0.2037,5.5,12.0952,0,0,0,0
4858251,1989,10826,1987,"PE","",,1,4,4,6,65,17,1,0.2941,0,0.32,4,53.2353,,,,
4879183,1989,10903,1987,"PE","",,1,6,428,6,69,2,2,1,0,0,7.5,20.5,,,,
4891105,1990,10959,1987,"PE","",,1,5,205,1,19,4,3,1,0.4444,0.5,8.6667,11.5,,,,
4899723,1990,11001,1989,"PE","",271165,3,4,126,6,66,6,3,0.5,0,0,3.6667,33.8333,0,0,0,0
4899830,1990,11001,1989,"PE","",,1,5,172,6,64,9,2,0.3333,0,0,3.5,57.4444,,,,
4918827,1990,11071,1988,"PE","",,1,4,33,6,69,15,0,0.5333,,0.2188,,31.4,,,,
4936466,1990,11134,1988,"PE","",,1,5,211,6,65,10,3,0.6,0.6667,0.6667,5,32.4,,,,
4984832,1991,11337,1990,"PE","",,1,2,292,6,69,5,3,0.6,0.4444,0,4.6667,37.8,,,,
5027535,1991,11505,1990,"PE","",,1,33,37,6,64,12,3,0.6667,0.4444,0.375,1.6667,19,,,,
5083844,1992,11715,1990,"PE","",595251,3,15,312,6,65,10,0,0.6,,0.2778,,34.5,0,0,,
5123665,1992,11862,1991,"PE","",,1,23,280,5,55,13,3,0.5385,0.4444,0.6122,6,31.6923,,,,
5147673,1992,11946,1989,"PE","",,1,25,426,6,61,17,0,0.8824,,0.7111,,19.5882,,,,
5148616,1992,11953,1990,"PE","",685978,2,8,37,6,64,9,0,0.8889,,0.5625,,13.2222,0,0,,
5152087,1992,11967,1990,"PE","",686296,2,18,37,6,64,11,1,0.7273,0,0.2188,4,30.5455,0,0,0,0
