3611908,1971,4302,1970,"ZA","",,1,,454,5,59,,14,,0.449,,9.4286,,,,,
3615035,1971,4316,1969,"ZA","",,4,,220,6,68,,5,,0.72,,17.4,,,,,
3615349,1971,4316,1969,"ZA","",,1,,75,5,52,,6,,0.6111,,8.8333,,,,,
3615751,1971,4316,1968,"ZA","",490545,3,,106,1,12,,2,,0.5,,10.5,,,,0,0
3616910,1971,4323,1969,"ZA","",595265,2,,210,1,19,,3,,0,,13.3333,,,,0,0
3618857,1971,4330,1969,"ZA","",48620,3,,239,5,59,,5,,0,,12.6,,,,0,0
3619945,1971,4337,1970,"ZA","",,1,,49,5,59,,0,,,,,,,,,
3620194,1971,4337,1969,"ZA","",,1,,119,6,61,,0,,,,,,,,,
3620573,1971,4337,1969,"ZA","",,1,,299,6,64,,1,,0,,20,,,,,
3621492,1971,4344,1970,"ZA","",435740,3,,2,6,63,,0,,,,,,,,,
3623395,1971,4351,1969,"ZA","",10615,3,,86,5,59,,1,,0,,4,,,,0,0
3624748,1971,4351,1968,"ZA","",,1,,131,6,61,,3,,0.4444,,11,,,,,
3625666,1971,4358,1969,"ZA","",270235,3,,51,5,59,,7,,0.2449,,22.1429,,,,0,0
3626047,1971,4358,1969,"ZA","",101455,3,,264,5,51,,0,,,,,,,,,
3626667,1971,4365,1970,"ZA","",,4,,95,1,13,,1,,0,,5,,,,,
3627421,1971,4365,1969,"ZA","",,1,,356,4,43,,4,,0.375,,14.5,,,,,
3629880,1971,4379,1969,"ZA","",,1,,5,6,65,,27,,0.7435,,18.4074,,,,,
3631237,1971,4379,1970,"ZA","",30435,3,,250,4,44,,1,,0,,15,,,,0,0
3631821,1972,4386,1969,"ZA","",,1,,108,6,69,,14,,0.7755,,16.2143,,,,,
3631961,1972,4386,1969,"ZA","",,1,,198,5,59,,2,,0.5,,14.5,,,,,
3634748,1972,4393,1970,"ZA","",,1,,363,4,45,,1,,0,,9,,,,,
3639554,1972,4414,1969,"ZA","",,1,,264,5,51,,4,,0.375,,8.5,,,,,
3640100,1972,4421,1970,"ZA","",,1,,68,6,63,,2,,0.5,,12.5,,,,,
3640809,1972,4421,1968,"ZA","",532955,3,,210,1,19,,5,,0.72,,13.4,,,,0,0
3641685,1972,4428,1969,"ZA","",41530,2,,434,6,69,,6,,0.5,,24.1667,,,,0,0
3642412,1972,4428,1969,"ZA","",5850,3,,425,5,51,,1,,0,,10,,,,0,0
3643485,1972,4435,1969,"ZA","",483360,3,,72,5,52,,5,,0.64,,20.6,,,,0,0
3645579,1972,4442,1969,"ZA","",483360,3,,299,6,64,,2,,0,,7.5,,,,0,0
3646339,1972,4442,1969,"ZA","",,1,,362,4,42,,2,,0,,13.5,,,,,
3648442,1972,4456,1970,"ZA","",39565,3,,55,1,13,,12,,0.5139,,14.9167,,,,0,0
3649498,1972,4456,1967,"ZA","",,1,,210,1,19,,13,,0.6509,,14,,,,,
3651971,1972,4470,1969,"ZA","",347425,3,,414,5,51,,1,,0,,9,,,,0,0
3656332,1972,4491,1969,"ZA","",483360,3,,72,5,52,,2,,0.5,,10,,,,0,0
3656811,1972,4491,1969,"ZA","",,1,,406,5,59,,0,,,,,,,,,
3657065,1972,4491,1969,"ZA","",532970,3,,162,1,19,,9,,0.1975,,21.2222,,,,0,0
3657156,1972,4491,1970,"ZA","",10615,3,,502,1,19,,0,,,,,,,,,
3658984,1972,4498,1967,"ZA","",,1,,424,3,31,,5,,0.56,,18.4,,,,,
3659296,1972,4505,1970,"ZA","",,1,,4,6,65,,10,,0,,14.2,,,,,
3659392,1972,4505,1970,"ZA","",383655,3,,52,6,69,,2,,0,,13.5,,,,0,0
3659518,1972,4505,1970,"ZA","",,5,,99,6,61,,3,,0.4444,,17.3333,,,,,
3660225,1972,4505,1969,"ZA","",532970,3,,162,1,19,,35,,0.1094,,17.2286,,,,0,0
3662322,1972,4512,1970,"ZA","",155295,3,,439,4,41,,10,,0.34,,14.6,,,,0,0
3662658,1972,4519,1970,"ZA","",532955,3,,404,6,69,,0,,,,,,,,,
3663977,1972,4526,1969,"ZA","",483360,3,,470,5,59,,0,,,,,,,,,
3664221,1972,4526,1970,"ZA","",279745,3,,83,5,51,,1,,0,,12,,,,0,0
3665273,1972,4526,1969,"ZA","",,1,,318,4,45,,9,,0.3457,,15.3333,,,,,
3665621,1972,4533,1970,"ZA","",,5,,36,6,63,,1,,0,,26,,,,,
3665935,1972,4533,1970,"ZA","",313990,3,,132,6,65,,0,,,,,,,,,
3668928,1972,4547,1970,"ZA","",577470,3,,73,4,43,,8,,0,,14,,,,0.1429,0.125
3672225,1972,4561,1970,"ZA","",10615,3,,73,4,43,,2,,0,,26,,,,0,0
3672869,1972,4561,1970,"ZA","",,1,,75,5,52,,2,,0.5,,3.5,,,,,
3675349,1972,4575,1970,"ZA","",420725,3,,37,6,64,,4,,0.625,,5.5,,,,0,0
3675465,1972,4575,1969,"ZA","",,1,,374,4,43,,9,,0.3704,,17,,,,,
3676893,1972,4582,1970,"ZA","",471400,3,,15,6,69,,8,,0.2188,,9.375,,,,0,0
3677426,1972,4582,1969,"ZA","",,1,,414,5,51,,2,,0.5,,15,,,,,
3678814,1972,4589,1971,"ZA","",117870,3,,493,5,51,,0,,,,,,,,,
3681800,1972,4603,1970,"ZA","",,1,,441,6,69,,0,,,,,,,,,
3681962,1972,4603,1969,"ZA","",483360,3,,72,5,52,,3,,0.4444,,21,,,,0,0
3683722,1972,4610,1970,"ZA","",,1,,76,5,52,,1,,0,,13,,,,,
3688080,1972,4624,1970,"ZA","",,1,,219,4,49,,4,,0.625,,12,,,,,
3688369,1972,4631,1970,"ZA","",260555,3,,403,6,67,,1,,0,,13,,,,0,0
3688507,1972,4631,1970,"ZA","",,1,,405,6,64,,6,,0.2778,,16.1667,,,,,
3694335,1972,4652,1970,"ZA","",,1,,205,1,19,,6,,0.6667,,17,,,,,
3695724,1972,4659,1970,"ZA","",30490,3,,299,6,64,,2,,0.5,,9,,,,0,0
3696872,1972,4666,1971,"ZA","",43555,3,,173,5,51,,9,,0.6914,,8.2222,,,,0.1111,0.1111
3697068,1972,4666,1969,"ZA","",583880,3,,473,6,62,,9,,0.4938,,14.1111,,,,0,0
3697741,1972,4666,1970,"ZA","",,1,,362,4,42,,2,,0,,5,,,,,
3701927,1972,4687,1971,"ZA","",430575,3,,361,4,45,,2,,0,,12.5,,,,0,0
3703798,1972,4715,1967,"ZA","",,1,,95,1,13,,1,,0,,28,,,,,
3705612,1972,4729,1970,"ZA","",,1,,411,5,59,,1,,0,,13,,,,,
3706441,1972,4736,1971,"ZA","",,1,,254,5,59,,0,,,,,,,,,
3707381,1972,4743,1970,"ZA","",,1,,426,6,61,,7,,0.2449,,4.5714,,,,,
3708167,1973,4750,1970,"ZA","",,1,,482,5,59,,33,,0,,14.2121,,,,,
3708771,1973,4750,1970,"ZA","",210395,3,,335,4,41,,5,,0.56,,10,,,,0,0
3710447,1973,4764,1970,"ZA","",,1,,33,6,69,,0,,,,,,,,,
3710468,1973,4764,1971,"ZA","",,1,,407,5,51,,2,,0,,13.5,,,,,
3712578,1973,4771,1970,"ZA","",,1,,251,5,53,,9,,0.6667,,14.1111,,,,,
3712703,1973,4771,1971,"ZA","",,5,,359,5,54,,6,,0.5,,12,,,,,
3712838,1973,4771,1971,"ZA","",153420,2,,216,1,19,,4,,0.75,,12.75,,,,0,0
3713677,1973,4778,1971,"ZA","",,1,,403,6,67,,8,,0.2188,,10.25,,,,,
3714558,1973,4778,1970,"ZA","",30435,3,,324,4,43,,7,,0.2449,,14.7143,,,,0,0
3715327,1973,4785,1971,"ZA","",,1,,524,1,15,,0,,,,,,,,,
3715892,1973,4792,1971,"ZA","",532955,3,,62,6,69,,1,,0,,7,,,,0,0
3716046,1973,4792,1971,"ZA","",583345,2,,600,3,32,,1,,0,,16,,,,0,0
3716069,1973,4792,1970,"ZA","",10620,3,,137,6,69,,6,,0.4444,,19.3333,,,,0,0
3719381,1973,4813,1971,"ZA","",,1,,292,6,69,,0,,,,,,,,,
3722377,1973,4834,1970,"ZA","",431875,3,,493,5,51,,9,,0.6667,,21.4444,,,,0,0
3722507,1973,4834,1971,"ZA","",,1,,606,3,32,,5,,0.56,,16.8,,,,,
3722566,1973,4834,1971,"ZA","",151370,3,,152,5,55,,1,,0,,6,,,,1,1
3722739,1973,4834,1971,"ZA","",,1,,221,5,51,,16,,0.5625,,17.3125,,,,,
3722935,1973,4834,1971,"ZA","",,1,,292,6,69,,5,,0.32,,11.4,,,,,
3723179,1973,4834,1971,"ZA","",532975,3,,127,1,11,,0,,,,,,,,,
3724498,1973,4841,1972,"ZA","",,1,,137,6,69,,1,,0,,14,,,,,
3724601,1973,4841,1970,"ZA","",,1,,184,5,59,,4,,0.375,,7,,,,,
3724731,1973,4841,1971,"ZA","",626210,3,,224,6,68,,1,,0,,5,,,,0,0
3724988,1973,4841,1971,"ZA","",,1,,425,5,51,,3,,0,,16.6667,,,,,
3725194,1973,4841,1971,"ZA","",532970,3,,162,1,19,,4,,0.375,,13.5,,,,0,0
3725232,1973,4841,1971,"ZA","",,1,,210,1,19,,3,,0.4444,,16,,,,,
3727500,1973,4855,1971,"ZA","",279745,3,,83,5,51,,4,,0.5,,13.75,,,,0,0
3728580,1973,4855,1971,"ZA","",166830,3,,361,4,45,,1,,0,,2,,,,0,0
3729195,1973,4862,1971,"ZA","",555485,3,,473,6,62,,6,,0.2778,,9.5,,,,0,0
3730801,1973,4869,1971,"ZA","",471420,3,,156,1,19,,9,,0.4938,,12.7778,,,,0.25,0.1111
3732032,1973,4876,1971,"ZA","",50790,3,,416,1,19,,4,,0.5,,14.25,,,,0,0
3732706,1973,4883,1971,"ZA","",,1,,464,5,53,,7,,0.449,,20.5714,,,,,
3732799,1973,4883,1971,"ZA","",30815,3,,454,5,59,,4,,0.375,,10.25,,,,0,0
3734075,1973,4890,1971,"ZA","",,1,,124,5,59,,7,,0,,10.5714,,,,,
3734079,1973,4890,1971,"ZA","",,1,,600,3,32,,16,,0.7813,,11.4375,,,,,
3734533,1973,4890,1971,"ZA","",,1,,280,5,55,,1,,0,,26,,,,,
3734693,1973,4890,1971,"ZA","",532505,2,,422,1,19,,3,,0.6667,,7.3333,,,,0,0
3735143,1973,4890,1972,"ZA","",506310,2,,250,4,44,,6,,0.6111,,7.8333,,,,0,0
3735835,1973,4897,1971,"ZA","",,1,,180,5,55,,2,,0,,23.5,,,,,
3737156,1973,4904,1971,"ZA","",532950,3,,267,5,59,,3,,0.4444,,14.6667,,,,0,0
3737491,1973,4904,1970,"ZA","",10615,3,,264,5,51,,5,,0.64,,12.6,,,,0,0
3737492,1973,4904,1970,"ZA","",10615,3,,264,5,51,,2,,0.5,,16.5,,,,0,0
3737726,1973,4904,1972,"ZA","",246375,3,,361,4,45,,5,,0.32,,2.8,,,,0,0
3737946,1973,4911,1972,"ZA","",,1,,16,5,59,,17,,0.3806,,8.2353,,,,,
3740310,1973,4918,1970,"ZA","",532970,3,,162,1,19,,12,,0,,19.5833,,,,0,0
3741437,1973,4925,1971,"ZA","",532950,3,,221,5,51,,2,,0.5,,16.5,,,,0,0
3742306,1973,4925,1972,"ZA","",210395,3,,361,4,45,,1,,0,,5,,,,0,0
3742735,1973,4932,1972,"ZA","",532970,3,,68,6,63,,8,,0.5938,,17.875,,,,0,0
3742892,1973,4932,1971,"ZA","",,1,,114,5,55,,1,,0,,5,,,,,
3743033,1973,4932,1971,"ZA","",30490,3,,173,5,51,,2,,0.5,,10,,,,0,0
3744700,1973,4939,1971,"ZA","",,1,,229,6,68,,5,,0.72,,14.6,,,,,
3744774,1973,4939,1971,"ZA","",532955,3,,261,1,19,,6,,0.6667,,11.6667,,,,0,0
3745636,1973,4946,1971,"ZA","",,1,,269,6,69,,1,,0,,5,,,,,
3745745,1973,4946,1972,"ZA","",,1,,95,1,13,,3,,0.6667,,13.3333,,,,,
3748662,1973,4960,1972,"ZA","",,1,,623,3,39,,19,,0,,13.7895,,,,,
3749448,1973,4960,1971,"ZA","",30490,3,,299,6,64,,1,,0,,10,,,,0,0
3749510,1973,4960,1972,"ZA","",465870,2,,415,5,53,,1,,0,,20,,,,0,0
3750241,1973,4967,1971,"ZA","",,1,,24,6,63,,1,,0,,7,,,,,
3750772,1973,4967,1971,"ZA","",426665,3,,175,6,64,,7,,0,,6.5714,,,,0,0
3751186,1973,4967,1971,"ZA","",54760,3,,417,5,53,,0,,,,,,,,,
3753659,1973,4981,1971,"ZA","",,1,,422,1,19,,1,,0,,16,,,,,
3753917,1973,4981,1971,"ZA","",153420,2,,525,1,15,,4,,0.625,,8.75,,,,0,0
3754108,1973,4981,1971,"ZA","",166830,3,,200,4,41,,3,,0.4444,,12.6667,,,,0,0
3755842,1973,4995,1971,"ZA","",,1,,15,6,69,,0,,,,,,,,,
3756055,1973,4995,1971,"ZA","",483360,3,,72,5,52,,1,,0,,13,,,,0,0
3757621,1973,5002,1971,"ZA","",279745,3,,83,5,51,,4,,0.375,,10,,,,0,0
3758107,1973,5002,1970,"ZA","",,1,,482,5,59,,4,,0,,14.75,,,,,
3758246,1973,5002,1971,"ZA","",101455,3,,425,5,51,,0,,,,,,,,,
3759816,1973,5009,1971,"ZA","",,1,,210,1,19,,6,,0.7222,,8.1667,,,,,
3760064,1973,5009,1971,"ZA","",315965,3,,423,1,19,,9,,0.1975,,12.3333,,,,0.2222,0.2222
3765682,1973,5037,1972,"ZA","",,1,,273,6,62,,10,,0,,11.2,,,,,
3765725,1973,5037,1971,"ZA","",30490,3,,299,6,64,,1,,0,,4,,,,0,0
3769121,1973,5051,1971,"ZA","",471420,3,,156,1,19,,13,,0,,11.1538,,,,0,0
3769709,1973,5058,1971,"ZA","",455395,2,,33,6,69,,2,,0.5,,12.5,,,,0,0
3771386,1973,5065,1971,"ZA","",,1,,74,5,59,,0,,,,,,,,,
3772642,1973,5065,1971,"ZA","",,1,,340,2,21,,4,,0.375,,3.5,,,,,
3774289,1973,5079,1970,"ZA","",31830,3,,29,5,52,,6,,0.6111,,9.3333,,,,0,0
3776524,1973,5086,1971,"ZA","",,1,,366,1,19,,0,,,,,,,,,
3777316,1973,5093,1971,"ZA","",,1,,4,6,65,,10,,0.18,,9.3,,,,,
3777454,1973,5093,1972,"ZA","",117870,3,,53,6,68,,1,,0,,3,,,,0,0
3777456,1973,5093,1971,"ZA","",,1,,95,1,13,,1,,0,,2,,,,,
3777982,1973,5093,1972,"ZA","",,1,,239,5,59,,4,,0,,17,,,,,
3778106,1973,5093,1972,"ZA","",30490,3,,299,6,64,,2,,0.5,,4,,,,0,0
3778113,1973,5093,1972,"ZA","",30490,3,,299,6,64,,0,,,,,,,,,
3778288,1973,5093,1971,"ZA","",532945,3,,106,1,12,,11,,0.6446,,12.5455,,,,0,0
3779873,1973,5100,1972,"ZA","",138535,3,,205,1,19,,5,,0.72,,12.8,,,,0,0
3782047,1974,5114,1971,"ZA","",385510,3,,52,6,69,,5,,0.32,,12,,,,0,0
3782486,1974,5114,1971,"ZA","",532955,3,,177,6,69,,13,,0.7456,,10.6923,,,,0,0
3782534,1974,5114,1972,"ZA","",,1,,198,5,59,,8,,0.2188,,11.375,,,,,
3782821,1974,5114,1972,"ZA","",465870,2,,355,5,54,,5,,0,,14.6,,,,0,0
3783246,1974,5114,1971,"ZA","",,1,,235,5,59,,4,,0,,7.25,,,,,
3783789,1974,5121,1972,"ZA","",,1,,102,1,19,,2,,0,,15.5,,,,,
3783923,1974,5121,1972,"ZA","",,1,,152,5,55,,4,,0,,7.25,,,,,
3784450,1974,5121,1971,"ZA","",260555,3,,202,1,19,,0,,,,,,,,,
3785003,1974,5128,1971,"ZA","",,1,,16,5,59,,5,,0.72,,17.4,,,,,
3785127,1974,5128,1971,"ZA","",249525,2,,96,1,13,,10,,0.7654,,17,,,,0,0
3785847,1974,5128,1971,"ZA","",,1,,427,1,12,,0,,,,,,,,,
3787805,1974,5135,1972,"ZA","",,1,,307,4,49,,0,,,,,,,,,
3788114,1974,5142,1971,"ZA","",483360,3,,72,5,52,,0,,,,,,,,,
3788757,1974,5142,1971,"ZA","",532955,3,,404,6,69,,1,,0,,9,,,,0,0
3789531,1974,5149,1972,"ZA","",,1,,42,5,59,,2,,0.5,,6.5,,,,,
3790008,1974,5149,1972,"ZA","",483325,3,,414,5,51,,10,,0.54,,8.5,,,,0.5,0.4
3791486,1974,5156,1972,"ZA","",,1,,182,6,65,,1,,0,,19,,,,,
3791625,1974,5156,1972,"ZA","",353235,2,,254,5,59,,6,,0.6111,,11.6667,,,,1,0.3333
3793547,1974,5163,1972,"ZA","",183315,3,,310,4,45,,2,,0,,4.5,,,,0,0
3793811,1974,5170,1972,"ZA","",39565,3,,55,1,13,,5,,0.72,,9.2,,,,0,0
3796065,1974,5184,1971,"ZA","",297100,3,,63,6,69,,8,,0.4063,,20.625,,,,0,0
3796657,1974,5184,1970,"ZA","",,1,,210,1,19,,40,,0.86,,16.15,,,,,
3797515,1974,5191,1972,"ZA","",92065,3,,137,6,69,,1,,0,,23,,,,0,0
3797682,1974,5191,1972,"ZA","",54760,3,,414,5,51,,3,,0.4444,,19.3333,,,,0,0
3798320,1974,5191,1971,"ZA","",532955,3,,424,3,31,,5,,0.32,,14.2,,,,0,0
3799542,1974,5198,1971,"ZA","",,1,,482,5,59,,6,,0.5,,16,,,,,
3800918,1974,5205,1972,"ZA","",30435,3,,187,5,55,,0,,,,,,,,,
3801214,1974,5205,1972,"ZA","",,1,,415,5,53,,1,,0,,14,,,,,
3801990,1974,5212,1973,"ZA","",,1,,623,3,39,,3,,0.6667,,16.3333,,,,,
3802130,1974,5212,1972,"ZA","",163080,3,,451,5,51,,8,,0.2188,,17.75,,,,0,0
3802215,1974,5212,1972,"ZA","",,1,,62,6,69,,11,,0.6116,,18.5455,,,,,
3803658,1974,5219,1972,"ZA","",,1,,15,6,69,,16,,0.2266,,16.9375,,,,,
3805557,1974,5226,1973,"ZA","",,1,,66,6,63,,2,,0.5,,8.5,,,,,
3808863,1974,5240,1971,"ZA","",,1,,72,5,52,,7,,0.2449,,17,,,,,
3809478,1974,5240,1971,"ZA","",,1,,356,4,43,,19,,0.7424,,13.3684,,,,,
3810146,1974,5240,1972,"ZA","",,5,,340,2,21,,30,,0.4,,15.4333,,,,,
3810576,1974,5247,1970,"ZA","",532955,3,,494,1,19,,5,,0.56,,9.6,,,,0,0
3811308,1974,5254,1972,"ZA","",483360,3,,72,5,52,,0,,,,,,,,,
3812875,1974,5261,1972,"ZA","",92065,3,,137,6,69,,7,,0,,7.8571,,,,0,0
3813947,1974,5268,1973,"ZA","",97960,2,,73,4,43,,4,,0.375,,5.75,,,,0,0
3815831,1974,5275,1973,"ZA","",,1,,239,5,59,,13,,0.4615,,11.4615,,,,,
3816808,1974,5275,1972,"ZA","",575930,3,,363,4,45,,3,,0.4444,,5.3333,,,,0,0
3819059,1974,5289,1972,"ZA","",351670,2,,212,5,59,,2,,0.5,,16.5,,,,0,0
3820178,1974,5292,1971,"ZA","",,1,,441,6,69,,0,,,,,,,,,
3820846,1974,5292,1972,"ZA","",30490,3,,299,6,64,,0,,,,,,,,,
3823732,1974,5310,1972,"ZA","",,1,,137,6,69,,2,,0,,10.5,,,,,
3824422,1974,5310,1973,"ZA","",30435,3,,313,4,42,,1,,0,,1,,,,0,0
3824664,1974,5317,1973,"ZA","",,1,,428,6,69,,13,,0.7456,,9.3846,,,,,
3826392,1974,5324,1973,"ZA","",,1,,414,5,51,,8,,0.4063,,11.75,,,,,
3826630,1974,5324,1972,"ZA","",138530,3,,428,6,69,,10,,0.8,,13.9,,,,0,0
3826849,1974,5324,1973,"ZA","",577470,3,,426,6,61,,1,,0,,16,,,,0,0
3827216,1974,5331,1973,"ZA","",,1,,95,1,13,,3,,0.4444,,13,,,,,
3827845,1974,5331,1973,"ZA","",8965,3,,425,5,51,,0,,,,,,,,,
3828848,1974,5338,1972,"ZA","",138535,3,,165,6,66,,12,,0.7361,,18.1667,,,,0,0
3829054,1974,5338,1972,"ZA","",,1,,248,6,69,,0,,,,,,,,,
3829093,1974,5338,1972,"ZA","",219575,3,,473,6,62,,8,,0,,9.75,,,,0,0
3831819,1974,5352,1972,"ZA","",,1,,222,1,19,,3,,0.4444,,16.3333,,,,,
3835295,1974,5366,1972,"ZA","",,1,,392,4,41,,4,,0.625,,9.75,,,,,
3835364,1974,5366,1973,"ZA","",,1,,363,4,45,,5,,0.32,,6.8,,,,,
3835630,1974,5373,1972,"ZA","",,1,,56,6,61,,8,,0,,9.375,,,,,
3835944,1974,5373,1973,"ZA","",241315,3,,175,6,64,,10,,0.34,,6,,,,0,0
3836002,1974,5373,1973,"ZA","",194740,3,,210,1,19,,1,,0,,3,,,,0,0
3836884,1974,5373,1973,"ZA","",185685,3,,337,4,41,,1,,0,,17,,,,0,0
3837440,1974,5380,1972,"ZA","",,1,,188,5,53,,1,,0,,23,,,,,
3837487,1974,5380,1973,"ZA","",73410,3,,209,5,51,,0,,,,,,,,,
3838186,1974,5380,1972,"ZA","",454105,3,,264,5,51,,0,,,,,,,,,
3840209,1974,5394,1972,"ZA","",30435,3,,251,5,53,,8,,0.75,,11.125,,,,0,0
3840850,1974,5394,1972,"ZA","",,1,,340,2,21,,5,,0.56,,6.2,,,,,
3841101,1974,5401,1973,"ZA","",158175,3,,405,6,64,,5,,0.48,,15,,,,0,0
3841183,1974,5401,1972,"ZA","",279745,3,,83,5,51,,3,,0.4444,,8.3333,,,,0,0
3841526,1974,5401,1972,"ZA","",623215,3,,222,1,19,,5,,0.48,,23.4,,,,0,0
3841618,1974,5401,1973,"ZA","",230035,3,,267,5,59,,0,,,,,,,,,
3842436,1974,5408,1971,"ZA","",,1,,2,6,63,,2,,0,,24,,,,,
3842512,1974,5408,1973,"ZA","",383655,3,,33,6,69,,6,,0.2778,,11.1667,,,,0,0
3842699,1974,5408,1972,"ZA","",279745,3,,83,5,51,,4,,0.625,,12,,,,0,0
3843296,1974,5408,1974,"ZA","",615355,3,,425,5,51,,2,,0.5,,18.5,,,,0,0
3844447,1974,5415,1972,"ZA","",506650,3,,222,1,19,,0,,,,,,,,,
3844517,1974,5415,1973,"ZA","",,1,,248,6,69,,0,,,,,,,,,
3846952,1974,5429,1972,"ZA","",,1,,52,6,69,,1,,0,,23,,,,,
3852477,1974,5450,1973,"ZA","",,1,,426,6,61,,1,,0,,6,,,,,
3853046,1974,5457,1973,"ZA","",552335,3,,99,6,61,,2,,0,,22.5,,,,0,0
3853110,1974,5457,1973,"ZA","",,1,,123,5,53,,6,,0.2778,,4,,,,,
3854133,1974,5457,1973,"ZA","",532955,3,,342,2,21,,6,,0.6667,,12.3333,,,,0,0
3855644,1974,5471,1973,"ZA","",,1,,4,6,65,,1,,0,,14,,,,,
3857117,1974,5478,1973,"ZA","",,1,,2,6,63,,2,,0.5,,17,,,,,
3857362,1974,5478,1972,"ZA","",,1,,118,1,12,,1,,0,,6,,,,,
3859410,1975,5485,1969,"ZA","",615355,3,6,264,5,51,4,1,0.25,0,0,28,14.25,0,0,0,0
3859680,1975,5492,1973,"ZA","",,1,6,441,6,69,6,1,0.1667,0,0,14,18.3333,,,,
3860089,1975,5492,1973,"ZA","",,1,5,182,6,65,7,15,0.1429,0.5778,0,15.3333,37.7143,,,,
3860179,1975,5492,1972,"ZA","",,1,11,239,5,59,4,8,0.5,0.6563,0,13.375,10.25,,,,
3860184,1975,5492,1972,"ZA","",,1,7,241,5,51,12,6,0.8333,0,0,11.1667,10.3333,,,,
3861903,1975,5499,1972,"ZA","",30435,3,11,423,1,19,8,2,0.625,0.5,0.32,5,27,0,0,0,0
3862562,1975,5506,1973,"ZA","",,1,11,72,5,52,1,2,0,0,,2,53,,,,
3862744,1975,5506,1973,"ZA","",,1,2,254,5,59,3,1,0.6667,0,0.5,2,29,,,,
3864057,1975,5513,1973,"ZA","",,1,8,415,5,53,9,0,0.3333,,0.4444,,30.3333,,,,
3865155,1975,5520,1973,"ZA","",534525,3,7,140,5,52,7,1,0,0,,13,36.2857,0,0,0,0
3871431,1975,5555,1972,"ZA","",151370,3,1,152,5,55,1,2,0,0,,8.5,48,0,0,0,0
3872327,1975,5555,1973,"ZA","",274325,3,6,327,4,41,8,6,1,0.2778,0.5625,3.5,9.75,0,0,0,0
3874293,1975,5569,1973,"ZA","",8965,3,8,102,1,19,8,1,0.375,0,0,5,18,0,0,0,0
3875031,1975,5569,1973,"ZA","",8965,3,7,205,1,19,4,0,0,,,,34.25,0,0,,
3875788,1975,5576,1973,"ZA","",8965,3,1,73,4,43,6,3,0.6667,0.4444,0.5,9.3333,8.8333,0,0,0,0
3876747,1975,5576,1973,"ZA","",554885,3,6,423,1,19,2,5,0,0.48,,7.6,16.5,0,0,0,0
3878071,1975,5583,1973,"ZA","",,1,19,205,1,19,3,1,0,0,,11,66.3333,,,,
3879175,1975,5590,1973,"ZA","",138535,3,10,428,6,69,7,1,0.5714,0,0.75,1,13.7143,0,0,0,0
3879215,1975,5590,1973,"ZA","",263675,3,10,127,1,11,5,4,0.6,0,0.4444,13.75,14.6,0,0,0,0
3879901,1975,5597,1973,"ZA","",138535,3,5,51,5,59,7,26,1,0.5444,0.2449,11.8462,7.1429,0,0,0.05,0.0385
3881279,1975,5604,1973,"ZA","",,1,5,49,5,59,4,3,0.25,0.4444,0,16.3333,38.25,,,,
3881652,1975,5604,1973,"ZA","",,1,10,238,5,55,3,4,0.3333,0,0,10.5,17,,,,
3885108,1975,5618,1973,"ZA","",,1,10,379,2,21,6,32,1,0.4238,0.2778,9.5,7.1667,,,,
3885936,1975,5625,1973,"ZA","",345220,2,13,62,6,69,4,11,0.5,0.1653,0,10.6364,27.25,0,0,0,0
3886603,1975,5632,1973,"ZA","",,1,4,4,6,65,11,1,0.0909,0,0,22,42.1818,,,,
3887123,1975,5632,1973,"ZA","",51430,3,10,206,6,68,7,0,0.5714,,0.5,,23.5714,0,0,,
3887948,1975,5639,1973,"ZA","",,1,1,4,6,65,10,10,0.6,0,0,14,27.4,,,,
3888792,1975,5639,1973,"ZA","",10615,3,11,502,1,19,3,9,0,0.6667,,7.5556,41.6667,0,0,0,0
3889571,1975,5646,1973,"ZA","",8965,3,10,86,5,59,9,0,0.6667,,0.6111,,11.7778,0,0,,
3890660,1975,5653,1974,"ZA","",,1,3,5,6,65,5,6,0.4,0.6111,0,11.6667,16.6,,,,
3892024,1975,5660,1973,"ZA","",538190,3,3,30,6,65,7,2,0.2857,0.5,0.5,15,24.4286,0,0,0,0
3893277,1975,5667,1973,"ZA","",,1,2,52,6,69,7,4,0.7143,0.625,0,19,12.8571,,,,
3893773,1975,5667,1973,"ZA","",,1,6,401,1,12,9,1,0.6667,0,0.2778,6,27.7778,,,,
3894405,1975,5674,1974,"ZA","",,1,8,62,6,69,4,1,0,0,,18,28,,,,
3894687,1975,5674,1974,"ZA","",,1,3,238,5,55,8,6,0.375,0.5,0,9.3333,24.375,,,,
3894830,1975,5674,1973,"ZA","",,1,2,425,5,51,7,5,0,0.72,,9.8,47,,,,
3895141,1975,5674,1973,"ZA","",543195,3,7,428,6,69,7,0,0.4286,,0,,12,0,0,,
3897012,1975,5688,1973,"ZA","",577470,3,8,241,5,51,2,1,0,0,,7,51.5,0,0,0,0
3898706,1975,5702,1973,"ZA","",602340,3,6,470,5,59,7,2,0.2857,0,0,23,35.1429,0,0,0,0
3899132,1975,5702,1974,"ZA","",,1,10,239,5,59,2,4,0.5,0.625,0,11.5,42,,,,
3900420,1975,5709,1972,"ZA","",,1,12,516,1,19,3,14,0.3333,0.7959,0,14.3571,31,,,,
3901832,1975,5716,1972,"ZA","",110775,2,9,510,1,19,5,9,0,0,,15.3333,24.2,0,0,0,0
3902260,1975,5723,1974,"ZA","",,1,11,36,6,63,3,3,0,0,,12,47.6667,,,,
3902873,1975,5723,1970,"ZA","",270235,3,7,51,5,59,5,12,1,0.4167,0.32,14.4167,8,0,0,0,0
3903468,1975,5723,1974,"ZA","",274325,3,9,363,4,45,4,0,1,,0.375,,4.5,0,0,,
3909849,1975,5758,1973,"ZA","",465870,2,4,2,6,63,4,2,0,0,,10,36.25,0,0,0,0
3910055,1975,5758,1974,"ZA","",93225,3,2,52,6,69,2,0,0,,,,39.5,0,0,,
3910456,1975,5758,1974,"ZA","",145430,3,7,221,5,51,3,0,1,,0.4444,,5.3333,0,0,,
3911549,1975,5765,1973,"ZA","",374635,3,3,29,5,52,7,3,0.1429,0.4444,0,9,26.5714,0,0,0,0
3912086,1975,5765,1974,"ZA","",518175,3,13,211,6,65,10,9,0,0.3704,,13.2222,50.7,0,0,0,0
3913334,1975,5772,1973,"ZA","",202165,3,5,405,6,64,4,0,0,,,,57.5,0,0,,
3914123,1975,5772,1971,"ZA","",401910,3,4,75,5,52,9,1,0.4444,0,0.375,8,24.3333,0,0,0,0
3917818,1975,5786,1972,"ZA","",11515,3,10,424,3,31,1,13,1,0.4852,0,18.3846,10,0,0,0,0
3920191,1975,5800,1974,"ZA","",585785,3,2,241,5,51,5,2,0.4,0.5,0,12.5,15.8,0,0,0,0
3920789,1975,5800,1975,"ZA","",554885,3,7,75,5,52,4,5,0.25,0,0,6.8,21.75,0,0,0,0
3920790,1975,5800,1973,"ZA","",554885,3,16,423,1,19,1,3,0,0.4444,,12.6667,16,0,0,0,0
3921158,1975,5800,1973,"ZA","",,1,2,340,2,21,8,1,0.75,0,0.7222,24,15.25,,,,
3921637,1975,5807,1974,"ZA","",61810,3,8,128,3,32,6,17,0.8333,0.2907,0.32,20.7059,7.1667,0,0,0,0
3921935,1975,5807,1974,"ZA","",,1,4,242,5,51,6,2,0.8333,0.5,0,15,8.5,,,,
3922330,1975,5807,1973,"ZA","",554885,3,14,423,1,19,3,4,0.3333,0.75,0,10,12,0,0,0,0
3923255,1975,5814,1974,"ZA","",,1,7,241,5,51,4,1,0.25,0,0,14,32.75,,,,
3923476,1975,5814,1974,"ZA","",,1,8,51,5,59,7,7,1,0,0,8.7143,3.7143,,,,
3924102,1975,5814,1974,"ZA","",,1,2,219,4,49,4,11,0.75,0.562,0,8.0909,6.5,,,,
3924855,1975,5821,1974,"ZA","",293040,3,10,473,6,62,10,13,0.5,0.142,0.32,16.5385,19.2,0,0,0,0
3926211,1975,5828,1974,"ZA","",439300,3,10,137,6,69,5,5,0.2,0.48,0,17.8,40.2,0,0,0,0
3927467,1975,5835,1974,"ZA","",,1,2,144,5,51,7,4,0,0.625,,12,56,,,,
3928202,1975,5835,1974,"ZA","",432485,3,,210,1,19,0,13,,0.6272,,13.7692,,,,0.25,0.0769
3928941,1975,5842,1974,"ZA","",,1,11,53,6,68,6,6,0.8333,0,0.56,14,9,,,,
3928954,1975,5842,1974,"ZA","",,1,9,52,6,69,1,2,1,0,0,14,5,,,,
3929147,1975,5842,1974,"ZA","",,1,11,135,6,69,4,1,0.75,0,0,12,10,,,,
3929280,1975,5842,1974,"ZA","",87770,3,16,236,6,69,4,0,1,,0.375,,5,0,0,,
3929432,1975,5842,1973,"ZA","",138535,3,11,51,5,59,8,37,1,0.6706,0.2188,16.6486,3.625,0.1667,0.125,0,0
3929469,1975,5842,1974,"ZA","",554885,3,6,75,5,52,3,1,0,0,,4,16.3333,0,0,0,0
3930224,1975,5842,1973,"ZA","",,1,6,340,2,21,8,5,0.75,0.56,0.2778,7.4,10.5,,,,
3930674,1976,5849,1974,"ZA","",,1,9,285,6,67,11,7,0.4545,0.2449,0.32,10.7143,20.9091,,,,
3930845,1976,5849,1973,"ZA","",30435,3,5,75,5,52,4,1,0.5,0,0,15,37,0,0,0,0
3931258,1976,5849,1974,"ZA","",100190,3,10,554,1,14,4,1,0,0,,15,27,0,0,0,0
3933789,1976,5863,1973,"ZA","",,5,5,536,1,14,1,5,0,0.72,,7.6,26,,,,
3935054,1976,5870,1974,"ZA","",,1,4,156,1,19,3,1,0,0,,1,38.3333,,,,
3935260,1976,5870,1973,"ZA","",10615,3,19,564,1,14,4,4,0,0.375,,11,28.5,0,0,0,0
3936553,1976,5877,1973,"ZA","",482470,3,9,428,6,69,8,19,0.625,0.3601,0.56,12.8421,13.25,0,0,0,0
3939067,1976,5891,1973,"ZA","",236585,3,12,210,1,19,9,1,0.7778,0,0.2449,4,16.1111,0,0,0,0
3941502,1976,5905,1974,"ZA","",,1,9,416,1,19,5,0,0.2,,0,,36.6,,,,
3941704,1976,5905,1974,"ZA","",,1,15,210,1,19,16,0,0.75,,0.1528,,9.875,,,,
3944398,1976,5919,1974,"ZA","",,1,11,51,5,59,5,23,0.6,0.6692,0,10.6522,9.4,,,,
3945748,1976,5926,1974,"ZA","",114045,3,4,404,6,69,10,1,0.4,0,0,13,21.7,0,0,0,0
3945892,1976,5926,1974,"ZA","",429065,3,14,205,1,19,3,24,1,0.5729,0.4444,4.5833,9,0,0,0.087,0.0833
3946359,1976,5926,1974,"ZA","",,1,11,340,2,21,3,8,0.3333,0.75,0,11.25,12.3333,,,,
3947198,1976,5933,1974,"ZA","",,1,12,425,5,51,8,4,0.75,0.375,0.7778,8.5,11.25,,,,
3950110,1976,5947,1975,"ZA","",532955,3,10,404,6,69,7,5,0.8571,0.32,0.7222,10,9.1429,0,0,0.5,0.2
3950715,1976,5947,1974,"ZA","",210395,3,9,335,4,41,5,10,0.6,0.46,0,17.7,14.4,0,0,0,0
3952977,1976,5961,1974,"ZA","",624490,3,5,246,5,55,3,1,1,0,0,16,5.6667,0,0,0,0
3953547,1976,5961,1973,"ZA","",,1,4,261,1,19,16,4,0.3125,0.5,0,6,31.9375,,,,
3953560,1976,5961,1974,"ZA","",446625,3,3,264,5,51,9,8,0.7778,0.6563,0.2449,6.75,9,0,0,0,0
3954371,1976,5968,1974,"ZA","",,1,23,425,5,51,8,5,0.5,0.72,0.75,12.8,14.625,,,,
3954507,1976,5968,1974,"ZA","",,1,5,136,4,45,7,2,0.7143,0,0.56,16,14.7143,,,,
3955332,1976,5975,1973,"ZA","",,1,2,52,6,69,11,3,0.8182,0.4444,0.5679,12.3333,14.3636,,,,
3955406,1976,5975,1974,"ZA","",577470,3,2,73,4,43,7,3,0.4286,0,0,10,18.7143,1,0.1429,0,0
3955785,1976,5975,1974,"ZA","",,1,5,246,5,55,2,2,0.5,0,0,17,9.5,,,,
3955821,1976,5975,1974,"ZA","",,1,9,473,6,62,4,11,0.5,0.1653,0,12.5455,16.5,,,,
3957357,1976,5982,1974,"ZA","",,1,1,359,5,54,7,4,0.5714,0.375,0,11.75,11.4286,,,,
3957635,1976,5982,1974,"ZA","",393355,3,7,134,6,69,2,2,0.5,0,0,12.5,37,0,0,0,0
3959900,1976,5996,1975,"ZA","",,1,2,37,6,64,4,5,0.5,0.72,0,7.4,9.75,,,,
3960351,1976,5996,1974,"ZA","",,1,4,248,6,69,8,3,0.875,0.4444,0.2449,15.3333,9.125,,,,
3961195,1976,5996,1974,"ZA","",,1,2,250,4,44,4,1,0.5,0,0.5,5,22.75,,,,
3961506,1976,6003,1974,"ZA","",,1,5,70,6,65,8,2,0.125,0,0,12,50.75,,,,
3961512,1976,6003,1975,"ZA","",,1,15,72,5,52,5,4,0.6,0.625,0.6667,12.5,10,,,,
3962978,1976,6010,1975,"ZA","",532945,3,21,110,6,66,4,2,0.25,0.5,0,9.5,30.25,0,0,0,0
3964141,1976,6017,1974,"ZA","",268215,3,3,28,6,63,3,1,1,0,0,6,6.3333,1,0.6667,0,0
3964998,1976,6017,1975,"ZA","",532955,3,18,210,1,19,11,45,0.6364,0.0435,0,11.8222,12.5455,0.1429,0.0909,0,0
3966021,1976,6024,1974,"ZA","",625470,3,2,184,5,59,9,0,0.1111,,0,,19.1111,0,0,,
3966339,1976,6024,1975,"ZA","",,1,8,403,6,67,5,16,0.6,0.7344,0.6667,13.1875,13.2,,,,
3966346,1976,6024,1973,"ZA","",532955,3,13,404,6,69,6,6,0.3333,0.2778,0.5,13,18.1667,0,0,0.3333,0.1667
3969448,1976,6038,1974,"ZA","",,4,10,261,1,19,3,1,0.6667,0,0.5,19,18.3333,,,,
3970153,1976,6045,1975,"ZA","",,1,5,173,5,51,3,7,0,0.2449,,7.5714,73,,,,
3970436,1976,6045,1975,"ZA","",,1,2,48,1,13,2,1,0,0,,16,44.5,,,,
3970737,1976,6045,1974,"ZA","",,1,11,423,1,19,1,8,0,0.5625,,8,16,,,,
3971104,1976,6052,1974,"ZA","",532955,3,19,19,1,11,2,4,0.5,0.375,0,14.25,42,0,0,0.25,0.25
3971692,1976,6052,1974,"ZA","",,1,30,156,1,19,8,16,0.5,0.6953,0.625,16.375,14,,,,
3971722,1976,6052,1975,"ZA","",,1,9,210,1,19,7,7,1,0,0,11.4286,5.8571,,,,
3973297,1976,6066,1974,"ZA","",587515,3,5,24,6,63,11,1,0.7273,0,0.75,7,9.3636,0,0,0,0
3974049,1976,6066,1974,"ZA","",429065,3,16,205,1,19,2,18,1,0.5,0,9,4.5,0,0,0.125,0.1111
3974849,1976,6073,1974,"ZA","",,1,10,137,6,69,12,7,0.5833,0.7347,0.4898,10.2857,18.6667,,,,
3975605,1976,6073,1975,"ZA","",532945,3,9,200,4,41,5,2,0.4,0,0,12,16.2,0,0,0,0
3975890,1976,6080,1975,"ZA","",518030,3,7,56,6,61,2,8,1,0.375,0.5,8.375,6.5,0,0,0,0
3976143,1976,6080,1975,"ZA","",518030,3,1,171,6,64,3,2,0.6667,0,0,3,11.6667,0,0,0,0
3977800,1976,6087,1974,"ZA","",,1,5,403,6,67,3,18,0.3333,0.6605,0,13.7222,28.6667,,,,
3978418,1976,6087,1975,"ZA","",600150,2,25,330,4,41,3,3,1,0.6667,0.4444,9.6667,8,0,0,0,0
3980555,1976,6101,1974,"ZA","",500745,3,4,209,5,51,10,25,0.5,0.3488,0.56,12.4,14.4,0,0,0.05,0.04
3980928,1976,6101,1974,"ZA","",,1,1,361,4,45,3,1,1,0,0.4444,2,4,,,,
3981370,1976,6108,1973,"ZA","",241315,3,6,175,6,64,7,8,0.5714,0.2188,0,19.125,25.4286,0,0,0,0
3981398,1976,6108,1975,"ZA","",,5,9,206,6,68,6,6,0.5,0.7222,0.4444,10.6667,20,,,,
3981787,1976,6108,1975,"ZA","",429065,3,14,204,1,19,4,12,1,0.6389,0.375,5.4167,4,0,0,0.1818,0.1667
3982828,1976,6115,1975,"ZA","",532955,3,12,351,3,39,3,5,0.6667,0,0,5,8.6667,0,0,0,0
3983212,1976,6115,1974,"ZA","",,1,6,423,1,19,5,4,0,0,,8.75,41.8,,,,
3983606,1976,6122,1974,"ZA","",587515,3,4,24,6,63,0,1,,0,,2,,,,1,1
3985552,1976,6129,1975,"ZA","",393355,3,21,75,5,52,7,7,1,0.5714,0.6531,10.5714,4.4286,0,0,0,0
3987289,1976,6136,1975,"ZA","",532955,3,23,702,2,22,3,1,1,0,0.6667,13,4,0,0,0,0
3989818,1976,6150,1974,"ZA","",532955,3,6,424,3,31,1,3,1,0.4444,0,5.3333,5,0,0,0.3333,0.3333
3990684,1976,6157,1974,"ZA","",,1,17,366,1,19,10,0,0.6,,0.6667,,22.2,,,,
3990759,1976,6157,1975,"ZA","",,5,6,439,4,41,5,7,1,0.2449,0.32,11.7143,4.8,,,,
3991003,1976,6157,1975,"ZA","",456130,3,11,523,1,15,6,2,1,0,0.5,5,5.5,0,0,0,0
3991718,1976,6164,1975,"ZA","",,1,10,119,6,61,4,1,0.75,0,0.6667,6,9.25,,,,
3991983,1976,6164,1974,"ZA","",,1,6,366,1,19,5,0,0,,,,63.8,,,,
3992008,1976,6164,1975,"ZA","",,1,2,473,6,62,7,4,0.7143,0.375,0.56,13.25,12.2857,,,,
3992281,1976,6164,1975,"ZA","",532945,3,5,208,1,19,2,10,0,0.34,,5.4,34.5,0,0,0,0
3992503,1976,6164,1975,"ZA","",158175,3,14,264,5,51,8,10,0.375,0.54,0.4444,13.7,38.375,0,0,0,0
3993245,1976,6171,1976,"ZA","",508865,2,4,239,5,59,6,11,0.3333,0.5455,0.5,16,18,0,0,0,0
3993498,1976,6171,1975,"ZA","",130045,3,27,106,1,12,6,8,0,0.75,,15.875,19,0,0,0,0
3994050,1976,6178,1975,"ZA","",,1,2,24,6,63,9,2,0.1111,0.5,0,12,23.7778,,,,
3994681,1976,6178,1975,"ZA","",532980,3,5,8,1,11,1,2,1,0,0,6,5,0,0,0,0
3995379,1976,6185,1975,"ZA","",,1,3,434,6,69,4,2,0.25,0.5,0,18,30.75,,,,
3996953,1976,6192,1975,"ZA","",,1,15,137,6,69,7,3,0.4286,0.6667,0.6667,12,25.5714,,,,
3997130,1976,6192,1975,"ZA","",,1,6,242,5,51,0,1,,0,,2,,,,,
3997152,1976,6192,1975,"ZA","",586650,3,2,269,6,69,3,5,0.3333,0.72,0,13,27.3333,0,0,0,0
3997337,1976,6192,1975,"ZA","",554885,3,9,423,1,19,1,4,1,0.375,0,5.75,8,0,0,0,0
3998608,1976,6199,1975,"ZA","",734405,2,3,48,1,13,7,6,0.5714,0,0.625,12.6667,12.7143,0,0,0,0
4000747,1977,6213,1975,"ZA","",518030,3,3,460,6,61,5,2,0,0,,16,48.4,0,0,0,0
4000873,1977,6213,1976,"ZA","",543210,3,2,248,6,69,5,3,0.8,0.4444,0.625,5.3333,11.6,0,0,0,0
4002469,1977,6220,1975,"ZA","",359220,3,10,75,5,52,3,2,0,0,,8.5,62.3333,0,0,0,0
4002706,1977,6220,1975,"ZA","",,1,30,264,5,51,3,11,0.6667,0.843,0.5,11.8182,16,,,,
4004374,1977,6234,1975,"ZA","",,1,11,451,5,51,6,1,0.5,0,0,1,16,,,,
4004645,1977,6234,1975,"ZA","",,1,4,175,6,64,5,4,0.4,0.375,0,14.25,27,,,,
4005041,1977,6234,1975,"ZA","",456130,3,15,528,1,15,4,4,1,0.75,0.625,11,6.75,0,0,0,0
4005795,1977,6241,1975,"ZA","",444000,3,15,220,6,68,5,15,1,0.3467,0.56,14.4667,7,0,0,0,0
4006893,1977,6248,1976,"ZA","",,1,4,267,5,59,3,1,0.3333,0,0,1,17.6667,,,,
4008055,1977,6255,1975,"ZA","",,1,1,51,5,59,5,3,0.8,0.4444,0.375,11.3333,8.6,,,,
4009619,1977,6269,1975,"ZA","",,1,7,73,4,43,5,0,0.6,,0.6667,,12.2,,,,
4009913,1977,6269,1975,"ZA","",12080,3,1,406,5,59,5,1,0,0,,6,68.6,0,0,0,0
4010101,1977,6269,1976,"ZA","",,1,9,210,1,19,3,9,1,0.1975,0,8,5.6667,,,,
4010762,1977,6276,1976,"ZA","",577470,3,6,131,6,61,3,2,0,0.5,,9,29.3333,0,0,0,0
4012300,1977,6283,1975,"ZA","",,1,5,204,1,19,1,0,0,,,,17,,,,
4012670,1977,6283,1975,"ZA","",282630,2,3,361,4,45,9,2,0.7778,0.5,0,17,13.1111,0,0,0,0
4015720,1977,6304,1975,"ZA","",,5,13,213,5,55,5,2,0.8,0.5,0.625,12,6.8,,,,
4016730,1977,6311,1975,"ZA","",,1,12,62,6,69,7,2,0.7143,0,0.64,22.5,24.8571,,,,
4019825,1977,6325,1975,"ZA","",,1,1,404,6,69,5,0,0.8,,0,,7.8,,,,
4020717,1977,6332,1975,"ZA","",81845,3,6,475,5,53,5,15,1,0.5867,0.56,8.2667,5,0,0,0,0
4022380,1977,6339,1974,"ZA","",,1,6,239,5,59,4,3,0,0.4444,,7.3333,40.75,,,,
4022612,1977,6339,1975,"ZA","",167565,3,10,75,5,52,2,2,1,0,0.5,11,5,0,0,0,0
4023227,1977,6346,1976,"ZA","",,1,22,15,6,69,2,38,0,0.3255,,14.5263,35,,,,
4023370,1977,6346,1975,"ZA","",,1,8,405,6,64,10,4,0.7,0,0.2449,7.25,22.6,,,,
4025051,1977,6353,1975,"ZA","",,1,8,251,5,53,7,1,0.2857,0,0.5,4,24.8571,,,,
4030989,1977,6381,1976,"ZA","",30475,3,17,205,1,19,1,6,0,0.6111,,8.1667,20,0,0,0,0
4031352,1977,6381,1975,"ZA","",129520,3,14,219,4,49,4,7,1,0,0,7.8571,5.25,0,0,0,0
4034200,1977,6395,1975,"ZA","",,1,11,219,4,49,6,6,0.1667,0.2778,0,12,33.8333,,,,
4034481,1977,6402,1975,"ZA","",,1,6,33,6,69,6,3,0.1667,0.4444,0,6,28.1667,,,,
4035683,1977,6402,1976,"ZA","",532955,3,10,313,4,42,5,2,1,0,0.48,14,9.2,0,0,0,0
4036307,1977,6409,1976,"ZA","",,1,7,172,6,64,7,1,0,0,,18,42,,,,
4036730,1977,6409,1975,"ZA","",532945,3,30,208,1,19,10,3,0.6,0,0,3,14.4,0,0,0,0
4036937,1977,6409,1974,"ZA","",,1,11,423,1,19,3,7,0.3333,0.6939,0,15.8571,14,,,,
4037382,1977,6416,1976,"ZA","",204730,3,9,52,6,69,4,2,0.75,0,0,5,20.75,0,0,0,0
4037814,1977,6416,1974,"ZA","",,1,10,248,6,69,7,5,0.2857,0.64,0.5,15,32.5714,,,,
4038001,1977,6416,1975,"ZA","",,1,5,425,5,51,5,4,0.6,0.375,0.4444,8.5,10.6,,,,
4038823,1977,6423,1975,"ZA","",473060,3,12,60,4,45,9,8,0.1111,0.5313,0,13.25,29.6667,0,0,0,0
4039624,1977,6423,1975,"ZA","",393760,7,5,423,1,19,6,0,0.3333,,0,,29,0,0,,
4039658,1977,6423,1975,"ZA","",,1,13,424,3,31,2,0,1,,0.5,,4.5,,,,
