5182971,1993,12086,1992,"ZA","",69490,3,8,76,5,52,5,0,0.8,,0,,16.8,0,0,,
5185057,1993,12093,1991,"ZA","",689501,3,21,216,1,19,3,5,0.6667,0.56,0.5,5,28,0,0,0,0
5186132,1993,12100,1991,"ZA","",,1,13,123,5,53,11,4,0.8182,0,0.3704,6,17.8182,,,,
5186254,1993,12100,1990,"ZA","",,1,16,166,6,64,5,3,0,0,,6.6667,45.6,,,,
5186725,1993,12100,1990,"ZA","",,1,6,51,5,59,15,0,1,,0.3467,,12.2667,,,,
5187029,1993,12100,1991,"ZA","",689683,3,34,429,4,45,16,5,0.9375,0,0.1244,5,9.5,0,0,0,0
5188460,1993,12107,1990,"ZA","",689823,3,5,383,6,68,13,5,0.9231,0.72,0.8472,5.4,14.4615,0,0,0,0
5188771,1993,12107,1990,"ZA","",689855,3,5,261,1,19,24,0,0.2083,,0.72,,53.5417,0,0,,
5189246,1993,12107,1990,"ZA","",129455,3,21,102,1,19,4,3,0.75,0,0.4444,6,19.25,0,0,0.5,0.3333
5189361,1993,12107,1991,"ZA","",,1,9,322,4,45,10,2,1,0.5,0.68,3,12.9,,,,
5189855,1993,12114,1992,"ZA","",129455,3,12,52,6,69,4,0,1,,0.625,,8.75,0,0,,
5190530,1993,12114,1990,"ZA","",690045,2,5,604,3,32,8,2,1,0,0.5938,2,12.125,0,0,0,0
5191761,1993,12121,1991,"ZA","",,1,13,60,4,45,5,2,1,0,0.56,5,15.8,,,,
5192686,1993,12121,1990,"ZA","",,1,2,424,3,31,0,0,,,,,,,,,
5193477,1993,12128,1990,"ZA","",,1,4,114,5,55,4,0,0.75,,0.4444,,28.25,,,,
5194264,1993,12128,1990,"ZA","",690434,3,9,424,3,31,7,4,1,0.375,0.5714,5.75,4.5714,0,0,0,0
5195563,1993,12135,1992,"ZA","",690560,3,11,138,6,67,9,0,0.8889,,0.6875,,14.2222,0,0,,
5198765,1993,12142,1991,"ZA","",,1,8,324,4,43,5,2,1,0,0,3.5,11.2,,,,
5199428,1993,12149,1991,"ZA","",365520,2,32,607,3,32,2,13,1,0.142,0,5.3077,13,0,0,0.5,0.4615
5199915,1993,12149,1991,"ZA","",,1,22,441,6,69,4,0,0.75,,0.4444,,28.25,,,,
5201339,1993,12156,1991,"ZA","",120905,3,13,137,6,69,15,1,0.8,0,0.6528,2,19.8667,0.1667,0.0667,0,0
5204260,1993,12163,1990,"ZA","",,1,1,424,3,31,0,2,,0.5,,6,,,,,
5204368,1993,12163,1991,"ZA","",393095,7,9,514,3,31,0,0,,,,,,,,,
5208030,1993,12177,1990,"ZA","",268215,3,9,424,3,31,5,3,1,0.4444,0.64,4,11.6,0,0,0,0
5209886,1993,12184,1992,"ZA","",691847,3,23,264,5,51,3,2,1,0,0.6667,2,12,0,0,0,0
5210642,1993,12184,1991,"ZA","",,5,6,359,5,54,14,1,0.6429,0,0.1975,2,33.2857,,,,
5212973,1993,12198,1991,"ZA","",,1,7,70,6,65,13,4,0.6154,0,0,3,33.4615,,,,
5213288,1993,12198,1991,"ZA","",692178,3,22,244,5,55,8,1,1,0,0,3,11.75,0,0,0,0
5214236,1993,12198,1989,"ZA","",444665,3,24,102,1,19,7,4,1,0.375,0.2449,4.75,6.8571,0,0,0,0
5214410,1993,12198,1990,"ZA","",129455,3,17,340,2,21,7,20,1,0.75,0,5.75,8.8571,0,0,0,0
5218949,1993,12219,1992,"ZA","",,1,12,125,5,51,10,1,1,0,0.62,1,14.6,,,,
5221157,1993,12226,1991,"ZA","",,1,12,405,6,64,2,1,1,0,0,3,16,,,,
5221542,1993,12226,1991,"ZA","",689683,3,8,425,5,51,5,1,1,0,0.48,2,16.2,0,0,0,0
5222425,1993,12233,1992,"ZA","",693003,3,6,91,5,53,8,3,0.5,0.6667,0.375,4,30.625,0,0,0,0
5223439,1993,12233,1992,"ZA","",693111,3,10,436,1,19,16,5,1,0.32,0.4609,2.2,10.375,0,0,0,0
5224226,1993,12240,1992,"ZA","",,1,4,5,6,65,7,6,0.8571,0.2778,0.2778,3.5,19.7143,,,,
5224725,1993,12240,1991,"ZA","",,1,12,280,5,55,4,3,1,0,0,2.3333,3.5,,,,
5224986,1993,12240,1991,"ZA","",,1,28,75,5,52,4,0,1,,0.375,,18.5,,,,
5226205,1993,12247,1991,"ZA","",693353,3,21,15,6,69,10,2,1,0,0.46,6,17.3,0,0,0,0
5226254,1993,12247,1992,"ZA","",,1,2,43,6,61,6,2,0.6667,0,0,1,27.6667,,,,
5228904,1993,12254,1992,"ZA","",693618,3,19,75,5,52,3,0,1,,0.4444,,13.3333,0,0,,
5230484,1993,12261,1991,"ZA","",,1,13,242,5,51,11,0,0.2727,,0.4444,,34.6364,,,,
5232320,1993,12268,1991,"ZA","",,1,9,408,5,51,6,4,0.8333,0.75,0.72,3.25,14.6667,,,,
5232426,1993,12268,1991,"ZA","",693941,3,20,482,5,59,22,8,0.8636,0,0,5.5,18.4091,0,0,0,0
5232429,1993,12268,1992,"ZA","",129455,3,2,493,5,51,9,2,0.7778,0,0.6122,3.5,19.7778,0,0,0,0
5232581,1993,12268,1992,"ZA","",24425,2,6,209,5,51,13,1,1,0,0.5444,4,10.5385,0.5455,0.4615,0,0
5234182,1993,12275,1992,"ZA","",,1,7,244,5,55,7,3,0.5714,0,0.625,4,23.8571,,,,
5234291,1993,12275,1992,"ZA","",694102,3,6,405,6,64,10,2,0.6,0.5,0.6111,2,42,0,0,0,0
5235361,1993,12275,1991,"ZA","",,1,10,351,3,39,1,2,0,0.5,,4.5,49,,,,
5235769,1993,12282,1991,"ZA","",,1,9,42,5,59,3,0,0.3333,,0,,58.3333,,,,
5236101,1993,12282,1991,"ZA","",,1,9,220,6,68,17,3,1,0.6667,0.692,4.6667,8.5882,,,,
5238117,1993,12289,1991,"ZA","",694449,3,14,209,5,51,6,0,0.6667,,0.625,,25.8333,0,0,,
5240794,1993,12296,1991,"ZA","",684020,3,27,429,4,45,7,18,1,0.5123,0,4.3889,3.5714,0,0,0.0556,0.0556
5242596,1993,12303,1992,"ZA","",55665,3,3,210,1,19,2,1,1,0,0.5,3,12.5,0,0,1,1
5244024,1993,12310,1991,"ZA","",,1,1,150,6,69,14,0,0.1429,,0,,47.7857,,,,
5245996,1993,12317,1991,"ZA","",,1,10,128,3,32,15,1,1,0,0.1244,5,10.8,,,,
5246110,1993,12317,1991,"ZA","",,1,14,206,6,68,18,4,0.9444,0.5,0.7543,4.75,11.6111,,,,
5246585,1993,12317,1992,"ZA","",695240,3,14,75,5,52,6,4,1,0,0,3.25,7.6667,0,0,0,0
5248147,1993,12324,1992,"ZA","",,1,3,273,6,62,4,4,0.75,0,0,3,17,,,,
5248317,1993,12324,1991,"ZA","",,1,9,51,5,59,10,7,1,0.6939,0.34,4.2857,7.3,,,,
5248327,1993,12324,1992,"ZA","",393095,3,6,71,1,11,3,1,1,0,0.4444,4,14.6667,0.5,0.3333,0,0
5248442,1993,12324,1991,"ZA","",378065,3,43,210,1,19,6,0,1,,0.7222,,12.8333,0.2,0.1667,,
5248865,1993,12324,1992,"ZA","",,1,5,219,4,49,11,0,0.9091,,0.48,,19.7273,,,,
5253964,1993,12345,1992,"ZA","",694102,3,6,411,5,59,8,1,0.75,0,0.7222,3,29,0,0,0,0
5254520,1993,12345,1991,"ZA","",129455,3,18,502,1,19,6,6,1,0.2778,0.5,3,11.3333,0,0,0,0
5254572,1993,12345,1990,"ZA","",695919,3,8,514,3,31,0,4,,0.375,,5.25,,,,0,0
5255874,1993,12352,1992,"ZA","",,1,12,244,5,55,10,1,0.9,0,0.4938,1,11.3,,,,
5258087,1993,12359,1992,"ZA","",691847,3,9,156,1,19,10,5,0.9,0.32,0.5926,2.4,20.1,0,0,0,0
5259082,1993,12366,1992,"ZA","",,1,2,15,6,69,6,3,1,0,0,3.6667,15.1667,,,,
5259258,1993,12366,1992,"ZA","",,1,2,74,5,59,3,0,0.3333,,0,,49,,,,
5259683,1993,12366,1992,"ZA","",,1,7,402,5,59,5,1,0.4,0,0.5,5,36.6,,,,
5259841,1993,12366,1992,"ZA","",696400,3,13,604,3,32,8,6,1,0.2778,0,2.8333,3.875,0,0,0,0
5261287,1993,12373,1992,"ZA","",,1,6,74,5,59,15,0,0.2667,,0.625,,68.7333,,,,
5263970,1993,12380,1991,"ZA","",,1,7,606,3,32,3,4,0.6667,0.625,0,4.5,18.3333,,,,
5265968,1993,12387,1992,"ZA","",,5,3,402,5,59,3,1,1,0,0.4444,4,12.6667,,,,
5267738,1993,12394,1992,"ZA","",272755,2,9,277,6,67,9,0,0.5556,,0.56,,24.2222,0,0,,
5267809,1993,12394,1993,"ZA","",697166,3,11,404,6,69,5,1,0.4,0,0,4,35.6,0,0,0,0
5268049,1993,12394,1991,"ZA","",694297,3,16,156,1,19,0,3,,0.6667,,5.3333,,,,0,0
5268809,1993,12394,1992,"ZA","",,1,7,360,2,24,12,4,1,0.5,0.2778,3.75,3.75,,,,
5269913,1993,12401,1991,"ZA","",639056,3,1,210,1,19,26,4,0.3846,0.375,0.18,4,41.7308,0,0,0,0
5269936,1993,12401,1992,"ZA","",295060,3,10,210,1,19,5,3,0.6,0,0.4444,4.6667,25,0,0,0,0
5269988,1993,12401,1993,"ZA","",689683,3,7,264,5,51,11,1,1,0,0.7438,4,13.0909,0,0,0,0
5271124,1993,12408,1991,"ZA","",,1,3,16,5,59,2,1,0.5,0,0,5,29,,,,
5271233,1993,12408,1992,"ZA","",697485,3,12,62,6,69,13,1,1,0,0.142,3,9.6154,0,0,0,0
5271375,1993,12408,1991,"ZA","",,1,10,126,6,66,10,0,0.9,,0.642,,14.6,,,,
5271421,1993,12408,1992,"ZA","",697505,3,4,132,6,65,11,3,0.0909,0,0,4,74.9091,0,0,0,0
5273178,1993,12415,1993,"ZA","",697681,3,13,220,6,68,7,0,0.2857,,0.5,,61.7143,0,0,,
5274868,1994,12422,1992,"ZA","",,1,3,15,6,69,6,0,1,,0.5,,7.6667,,,,
5277008,1994,12429,1992,"ZA","",,5,10,52,6,69,8,1,0.75,0,0,3,20.875,,,,
5277525,1994,12429,1993,"ZA","",,1,8,408,5,51,5,0,0.4,,0,,38,,,,
5277629,1994,12429,1993,"ZA","",,1,3,439,4,41,6,0,0.5,,0,,30.5,,,,
5278132,1994,12429,1991,"ZA","",720333,3,9,504,1,11,5,0,0.8,,0.75,,24.4,0,0,,
5279015,1994,12436,1992,"ZA","",,1,13,15,6,69,22,2,0.6364,0,0.5816,4,39.7273,,,,
5282421,1994,12450,1992,"ZA","",129455,3,14,102,1,19,8,4,0.875,0.625,0.6122,4,14.75,0,0,0,0
5282538,1994,12450,1992,"ZA","",698603,3,7,209,5,51,25,4,0.64,0.375,0.5547,3.25,27.44,0,0,0,0
5282679,1994,12450,1992,"ZA","",,1,6,312,6,65,2,0,0,,,,72,,,,
5285547,1994,12464,1992,"ZA","",,1,4,15,6,69,6,2,0.5,0.5,0.4444,4,38.1667,,,,
5285866,1994,12464,1991,"ZA","",698902,3,7,180,5,55,7,1,0.5714,0,0,8,29.1429,0,0,0,0
5286029,1994,12464,1993,"ZA","",,1,7,473,6,62,9,2,0.4444,0,0,1,29.5556,,,,
5287682,1994,12471,1992,"ZA","",,1,12,56,6,61,4,0,1,,0,,4.75,,,,
5288178,1994,12471,1992,"ZA","",253535,3,6,405,6,64,5,3,0.8,0.4444,0,2,34,0.3333,0.2,1,1
5288302,1994,12471,1992,"ZA","",697485,3,14,75,5,52,1,0,1,,0,,3,0,0,,
5289259,1994,12471,1992,"ZA","",699190,3,11,356,4,43,0,0,,,,,,,,,
5289992,1994,12478,1992,"ZA","",,1,6,242,5,51,11,1,0.0909,0,0,3,47.8182,,,,
5292204,1994,12485,1993,"ZA","",563840,3,10,402,5,59,5,0,0,,,,71.4,0,0,,
5293986,1994,12492,1992,"ZA","",699635,3,10,198,5,59,5,1,0.8,0,0,2,23,0,0,1,1
5295438,1994,12499,1992,"ZA","",699782,3,26,102,1,19,8,4,1,0,0.2188,4.25,7,0,0,0,0
5296800,1994,12499,1992,"ZA","",105190,3,3,323,4,45,6,1,0.8333,0,0.32,5,13.3333,0,0,0,0
5298738,1994,12506,1992,"ZA","",,1,9,250,4,44,3,3,0.6667,0.6667,0.5,3,22,,,,
5299471,1994,12513,1993,"ZA","",,1,4,76,5,52,3,1,1,0,0.6667,2,12,,,,
5300090,1994,12513,1992,"ZA","",700245,3,10,601,3,32,11,0,0.5455,,0.6111,,23.0909,0,0,,
5301380,1994,12520,1992,"ZA","",700339,3,26,15,6,69,5,2,1,0.5,0,5,9.2,0,0,0,0
5301447,1994,12520,1991,"ZA","",,1,4,40,6,69,5,4,0.8,0,0.625,4.25,12.2,,,,
5302524,1994,12520,1990,"ZA","",393095,3,11,504,1,11,4,0,1,,0.625,,11.5,0.25,0.25,,
5303444,1994,12527,1992,"ZA","",,1,4,15,6,69,6,1,0.5,0,0,1,24.1667,,,,
5305502,1994,12534,1992,"ZA","",700748,3,11,24,6,63,10,1,0.3,0,0.4444,4,59,0,0,0,0
5305506,1994,12534,1992,"ZA","",700749,3,17,29,5,52,11,2,0.7273,0.5,0.5313,2.5,25,0,0,0,0
5306018,1994,12534,1992,"ZA","",,1,8,273,6,62,6,0,0.6667,,0.625,,25.8333,,,,
5306210,1994,12534,1992,"ZA","",,1,14,454,5,59,16,4,0.625,0.5,0.78,3.75,30.3125,,,,
5308081,1994,12541,1991,"ZA","",,1,2,273,6,62,8,28,1,0.2449,0,4.8214,12.75,,,,
5308380,1994,12541,1992,"ZA","",697485,3,19,75,5,52,1,0,1,,0,,3,0,0,,
5309690,1994,12548,1993,"ZA","",691847,3,12,52,6,69,2,7,1,0.6122,0.5,2.1429,22,0,0,0,0
5310413,1994,12548,1992,"ZA","",697485,3,16,75,5,52,1,1,1,0,0,4,3,0,0,0,0
5311861,1994,12555,1992,"ZA","",,1,9,128,3,32,5,2,1,0,0,3.5,16.2,,,,
5315728,1994,12569,1993,"ZA","",639056,3,11,15,6,69,15,4,0.6667,0.625,0.72,2.75,30.9333,0,0,0.3333,0.25
5316877,1994,12569,1993,"ZA","",684020,3,14,429,4,45,4,20,1,0.445,0.375,2.9,1.75,0.25,0.25,0,0
5317592,1994,12569,1992,"ZA","",378065,3,19,373,6,66,9,4,0.6667,0.375,0.5,3.5,32,0,0,0,0
5317777,1994,12576,1993,"ZA","",,1,18,15,6,69,3,1,1,0,0,4,10.6667,,,,
5318042,1994,12576,1992,"ZA","",701884,3,7,128,3,32,4,1,0.75,0,0.6667,4,24.25,0,0,0,0
5318387,1994,12576,1992,"ZA","",253535,3,22,405,6,64,12,0,0.3333,,0.375,,52.5,0.5,0.0833,,
5318537,1994,12576,1992,"ZA","",701937,2,7,604,3,32,10,1,1,0,0.34,4,5.6,0,0,0,0
5320252,1994,12583,1992,"ZA","",,1,17,222,1,19,6,2,0.6667,0.5,0.625,5,29.3333,,,,
5320370,1994,12583,1992,"ZA","",697681,3,11,280,5,55,2,0,0.5,,0,,31.5,0,0,,
5323501,1994,12597,1992,"ZA","",,1,3,5,6,65,13,2,0.5385,0,0.2449,3,27.8462,,,,
5324496,1994,12597,1992,"ZA","",,1,5,423,1,19,9,0,0.7778,,0.7755,,19.2222,,,,
5325564,1994,12604,1993,"ZA","",,1,16,15,6,69,17,0,0.8824,,0.1244,,20.1176,,,,
5330494,1994,12618,1993,"ZA","",,5,10,606,3,32,7,10,1,0.18,0,2.2,13.4286,,,,
5330671,1994,12618,1992,"ZA","",,1,21,252,1,19,11,5,0.8182,0.32,0.5185,3.8,19.0909,,,,
5332107,1994,12625,1992,"ZA","",703232,3,11,211,6,65,10,1,0.6,0,0.56,5,31.9,0,0,0,0
5332174,1994,12625,1992,"ZA","",703240,3,8,242,5,51,5,1,1,0,0.48,2,13.4,0,0,0,0
5334971,1994,12632,1992,"ZA","",703503,3,10,340,2,21,17,0,0.2941,,0,,56.2353,0,0,,
5335612,1994,12639,1993,"ZA","",703582,3,21,112,6,63,5,2,1,0,0.32,2.5,14.4,0,0,0,0
5335739,1994,12639,1992,"ZA","",,1,8,180,5,55,7,2,0.8571,0.5,0,2.5,14.2857,,,,
5340511,1994,12653,1993,"ZA","",704091,3,23,264,5,51,5,0,1,,0.72,,16.2,0,0,,
5341847,1994,12660,1993,"ZA","",,1,7,137,6,69,5,0,1,,0.56,,10.6,,,,
5341933,1994,12660,1993,"ZA","",,5,8,206,6,68,8,6,0.625,0.5,0.64,3,24.25,,,,
5342063,1994,12660,1993,"ZA","",,1,5,273,6,62,4,3,0.5,0.4444,0,2.3333,33.5,,,,
5342259,1994,12660,1993,"ZA","",,1,5,482,5,59,5,0,1,,0,,12.8,,,,
5343178,1994,12660,1993,"ZA","",105190,3,8,335,4,41,5,1,0.6,0,0.4444,1,22.4,0,0,1,1
5343681,1994,12667,1993,"ZA","",704380,3,24,56,6,61,2,0,1,,0,,27,0,0,,
5344219,1994,12667,1992,"ZA","",129455,3,10,301,5,55,7,4,0.7143,0.375,0,4.25,31,0,0,0,0
5346532,1994,12674,1993,"ZA","",,1,20,75,5,52,1,4,1,0.625,0,3.5,5,,,,
5346573,1994,12674,1993,"ZA","",563840,3,9,156,1,19,10,0,0,,,,80.4,0,0,,
5348051,1994,12681,1993,"ZA","",,1,9,138,6,67,23,7,0.6957,0.6939,0.6563,2.5714,29.1739,,,,
5350508,1994,12688,1993,"ZA","",,1,6,210,1,19,16,9,0.9375,0,0.6667,3.3333,11.375,,,,
5351709,1994,12695,1993,"ZA","",705145,3,17,137,6,69,5,6,0.8,0.7222,0,3,18.6,0,0,0,0
5353009,1994,12695,1993,"ZA","",129455,3,14,340,2,21,8,5,1,0.8,0.5625,2.6,7.375,0,0,0,0
5355898,1994,12709,1992,"ZA","",705575,3,12,128,3,32,0,0,,,,,,,,,
5357100,1994,12709,1993,"ZA","",129455,3,12,250,4,44,5,0,1,,0.56,,14,0,0,,
5357738,1994,12716,1993,"ZA","",705760,3,8,56,6,61,5,1,1,0,0,2,6.6,0,0,0,0
5357865,1994,12716,1992,"ZA","",619845,3,20,102,1,19,15,0,1,,0.6044,,19.2,0,0,,
5359948,1994,12723,1993,"ZA","",,1,17,111,6,61,14,1,0.6429,0,0.3457,1,39.2143,,,,
5360337,1994,12723,1993,"ZA","",,1,15,433,3,39,11,6,1,0.2778,0,3.6667,7.3636,,,,
5360399,1994,12723,1992,"ZA","",,1,8,604,3,32,21,4,0.9524,0.625,0.185,4.5,10.8571,,,,
5360898,1994,12723,1993,"ZA","",505475,3,13,534,1,14,2,1,1,0,0.5,3,2.5,0,0,0,0
5363878,1994,12737,1993,"ZA","",639056,3,5,137,6,69,9,0,0.2222,,0,,43.2222,0,0,,
5363970,1994,12737,1993,"ZA","",,1,9,209,5,51,4,1,1,0,0.375,1,10.5,,,,
5364192,1994,12737,1993,"ZA","",,1,17,384,5,59,9,2,1,0.5,0.5679,3,7.2222,,,,
5365046,1994,12737,1993,"ZA","",,1,18,235,5,59,7,5,1,0.64,0.449,2.4,17,,,,
5366638,1994,12744,1992,"ZA","",,1,18,210,1,19,11,2,0.9091,0,0.18,2.5,15.7273,,,,
5367810,1994,12751,1993,"ZA","",706721,3,8,42,5,59,9,1,0.1111,0,0,4,74.7778,0,0,0,0
5368398,1994,12751,1993,"ZA","",129455,3,16,384,5,59,9,0,1,,0.5679,,7.2222,0,0,,
5368751,1994,12751,1992,"ZA","",51205,2,5,210,1,19,9,0,1,,0,,9.5556,0,0,,
5370256,1994,12758,1990,"ZA","",,5,10,220,6,68,6,2,0.8333,0.5,0.56,5.5,17.6667,,,,
5370656,1994,12758,1993,"ZA","",368030,2,20,606,3,32,12,6,0.75,0.5,0.5185,4,17.3333,0,0,0,0
5370717,1994,12758,1993,"ZA","",,1,8,51,5,59,14,8,1,0,0.6122,3.375,5.2143,,,,
5371910,1994,12765,1992,"ZA","",,1,6,15,6,69,7,1,0.4286,0,0,2,37.2857,,,,
5372170,1994,12765,1991,"ZA","",,5,22,152,5,55,5,0,0,,,,75.2,,,,
5372376,1994,12765,1993,"ZA","",,1,5,280,5,55,4,2,0.75,0,0.4444,3,13.25,,,,
5372752,1994,12765,1993,"ZA","",707215,3,34,261,1,19,31,2,0.6452,0,0.27,1,30.4839,0,0,0.5,0.5
5373887,1994,12772,1993,"ZA","",,1,19,160,6,69,10,1,0.3,0,0,4,45.1,,,,
5374299,1994,12772,1993,"ZA","",295060,3,14,75,5,52,5,1,1,0,0,3,17.4,0,0,0,0
5375844,1994,12779,1993,"ZA","",,1,1,473,6,62,4,1,0.75,0,0,4,27.75,,,,
5375947,1994,12779,1993,"ZA","",707532,3,21,405,6,64,3,1,1,0,0.6667,2,9.6667,0,0,0,0
5376343,1994,12779,1993,"ZA","",707561,3,19,423,1,19,6,4,1,0.375,0,3.75,11.8333,0,0,0,0
5376444,1994,12779,1994,"ZA","",,1,8,428,6,69,2,8,1,0.8125,0.5,1.75,11,,,,
5376757,1994,12779,1992,"ZA","",129455,3,11,174,4,41,9,2,0.7778,0,0.2449,3,13.8889,0,0,0,0
5377296,1994,12779,1991,"ZA","",,1,19,388,4,45,7,1,1,0,0.6122,6,11.7143,,,,
5377659,1995,12786,1993,"ZA","",,1,8,125,5,51,5,2,0.6,0,0,2.5,22.8,,,,
5377767,1995,12786,1993,"ZA","",,1,14,173,5,51,13,1,0.7692,0,0.48,3,24.7692,,,,
5377772,1995,12786,1994,"ZA","",,1,10,175,6,64,4,0,0.5,,0.5,,31.25,,,,
5377787,1995,12786,1993,"ZA","",,1,6,187,5,55,11,0,0.4545,,0.56,,50.7273,,,,
5378369,1995,12786,1994,"ZA","",707727,3,7,210,1,19,8,6,1,0.6111,0.8438,2.3333,4.75,0,0,0,0
5380297,1995,12793,1993,"ZA","",707890,3,21,604,3,32,19,3,1,0,0.0997,2.6667,6.4211,0,0,0,0
5380417,1995,12793,1993,"ZA","",,1,11,204,1,19,21,1,0.9524,0,0.61,2,17.6667,,,,
5380440,1995,12793,1993,"ZA","",707912,3,1,210,1,19,5,3,1,0,0.32,3,7.8,0,0,0,0
5381898,1995,12800,1993,"ZA","",,1,10,206,6,68,11,0,0.9091,,0.34,,19.7273,,,,
5381930,1995,12800,1993,"ZA","",,1,7,222,1,19,10,2,0.6,0.5,0.2778,3.5,29.2,,,,
5383443,1995,12807,1993,"ZA","",,1,8,125,5,51,2,1,0.5,0,0,3,35,,,,
5384928,1995,12814,1994,"ZA","",708339,3,2,15,6,69,2,4,1,0.625,0,2,7,0,0,0,0
5385242,1995,12814,1994,"ZA","",,1,2,209,5,51,12,1,1,0,0.4167,1,7.25,,,,
5385596,1995,12814,1993,"ZA","",,1,5,71,1,11,3,0,0.6667,,0.5,,27,,,,
5385668,1995,12814,1992,"ZA","",708428,3,9,210,1,19,5,0,0.8,,0.5,,21.4,0,0,,
5385671,1995,12814,1993,"ZA","",708429,3,10,210,1,19,4,0,1,,0.375,,10.25,0,0,,
5385715,1995,12814,1988,"ZA","",,1,1,423,1,19,9,0,0.8889,,0.7188,,16.8889,,,,
5385762,1995,12814,1993,"ZA","",,1,13,427,1,12,1,5,1,0.72,0,2.8,5,,,,
5386607,1995,12821,1993,"ZA","",,1,8,15,6,69,14,0,0.7857,,0,,21.0714,,,,
5387184,1995,12821,1993,"ZA","",684020,3,4,602,3,32,7,1,0.4286,0,0.6667,5,30.5714,0,0,0,0
5388979,1995,12828,1993,"ZA","",11540,3,9,425,5,51,9,1,0.7778,0,0,4,20.1111,0,0,0,0
5389345,1995,12828,1993,"ZA","",,1,25,422,1,19,20,2,0.9,0.5,0.679,3,17.85,,,,
5390453,1995,12835,1992,"ZA","",,1,9,52,6,69,17,1,0.6471,0,0.4298,4,33.3529,,,,
5390523,1995,12835,1993,"ZA","",,1,7,72,5,52,4,0,0.25,,0,,62.75,,,,
5390780,1995,12835,1993,"ZA","",708876,3,9,198,5,59,1,0,0,,,,43,0,0,,
5390806,1995,12835,1993,"ZA","",708881,3,4,220,6,68,6,3,1,0,0,3.3333,13,0,0,0,0
5392471,1995,12842,1993,"ZA","",705145,3,15,4,6,65,10,3,0.9,0.6667,0.3704,2,18.6,0,0,0,0
5393270,1995,12842,1993,"ZA","",709095,3,24,474,5,53,15,1,1,0,0.6311,3,14,0,0,0,0
5395302,1995,12849,1993,"ZA","",709310,3,6,602,3,32,19,3,0.8947,0.4444,0.3045,3,18.6316,0,0,0,0
5395355,1995,12849,1992,"ZA","",709316,3,15,604,3,32,8,0,0.875,,0.449,,15.625,0,0,,
5395571,1995,12849,1992,"ZA","",691847,3,15,264,5,51,9,1,1,0,0.7901,4,15,0,0,0,0
5395583,1995,12849,1993,"ZA","",378065,3,9,420,5,52,1,0,1,,0,,19,0,0,,
5396447,1995,12849,1993,"ZA","",709385,3,18,708,2,22,11,0,1,,0.5455,,15.8182,0,0,,
5396677,1995,12856,1993,"ZA","",,1,6,15,6,69,9,1,1,0,0.1975,4,9.2222,,,,
5399190,1995,12863,1993,"ZA","",508890,3,10,106,1,12,8,1,0.75,0,0.7222,4,16.375,0,0,0,0
5400752,1995,12870,1993,"ZA","",709861,3,8,123,5,53,4,0,1,,0.625,,15.25,0,0,,
5401283,1995,12870,1993,"ZA","",,1,12,51,5,59,8,1,1,0,0.2188,1,11.625,,,,
5401719,1995,12870,1994,"ZA","",709938,3,10,507,6,64,5,2,0.4,0.5,0.5,1.5,33.6,0,0,0,0
5402092,1995,12870,1993,"ZA","",105190,3,13,335,4,41,3,1,0,0,,1,52,0,0,1,1
5402266,1995,12870,1993,"ZA","",,5,6,359,5,54,15,1,0.6667,0,0.18,3,33.0667,,,,
5402941,1995,12877,1993,"ZA","",,1,15,238,5,55,7,1,0.1429,0,0,4,60,,,,
5403367,1995,12877,1993,"ZA","",693111,3,10,55,1,13,16,0,1,,0.4141,,13.125,0,0,,
5403676,1995,12877,1993,"ZA","",685531,3,19,429,4,45,13,5,1,0,0.2722,3,6.6923,0.1538,0.1538,0,0
5404387,1995,12877,1993,"ZA","",,1,21,378,4,44,7,4,1,0.375,0,2.5,8.7143,,,,
5404607,1995,12884,1992,"ZA","",,1,21,15,6,69,12,6,0.8333,0,0.18,3.6667,14.75,,,,
5404623,1995,12884,1993,"ZA","",710198,3,5,24,6,63,13,0,0.2308,,0.6667,,66.8462,0,0,,
5405256,1995,12884,1993,"ZA","",710264,3,2,425,5,51,7,0,0.8571,,0.6111,,16.4286,0,0,,
5406890,1995,12891,1993,"ZA","",129455,3,8,102,1,19,13,1,0.9231,0,0.6111,3,11.3846,0.1,0.0769,0,0
5407980,1995,12891,1992,"ZA","",710505,3,6,524,1,15,5,0,1,,0.72,,14.8,0,0,,
5408164,1995,12891,1992,"ZA","",697681,3,10,318,4,45,10,0,0.8,,0,,23,0,0,,
5409336,1995,12898,1993,"ZA","",,1,7,411,5,59,11,3,0.9091,0,0.7,2.6667,26.5455,,,,
5411570,1995,12905,1994,"ZA","",285735,3,20,75,5,52,1,0,1,,0,,18,0,0,,
5412826,1995,12912,1994,"ZA","",,1,26,15,6,69,4,1,1,0,0.625,1,12.5,,,,
5413433,1995,12912,1993,"ZA","",,1,7,405,6,64,4,1,1,0,0.625,4,10.25,,,,
5413579,1995,12912,1993,"ZA","",684020,3,12,606,3,32,16,3,0.875,0,0.5306,4,11.0625,0,0,0,0
5414396,1995,12912,1993,"ZA","",105190,3,12,335,4,41,4,1,1,0,0,2,9.75,0.25,0.25,0,0
5415101,1995,12919,1993,"ZA","",711175,3,12,102,1,19,24,2,1,0,0.4236,2.5,10.375,0,0,0,0
5415563,1995,12919,1994,"ZA","",382575,2,8,439,4,41,9,1,0.7778,0,0,2,24.3333,0,0,0,0
5417519,1995,12926,1993,"ZA","",,1,12,405,6,64,7,1,0.2857,0,0.5,2,63.8571,,,,
5418227,1995,12926,1993,"ZA","",496855,3,4,514,3,31,4,0,1,,0.625,,12.25,0.5,0.5,,
5418994,1995,12933,1993,"ZA","",,1,5,15,6,69,7,1,0.8571,0,0,2,18.5714,,,,
5419366,1995,12933,1993,"ZA","",,1,6,137,6,69,7,5,1,0.56,0.449,4.2,8.4286,,,,
5419499,1995,12933,1994,"ZA","",,1,26,241,5,51,13,1,0.7692,0,0,2,25,,,,
5419590,1995,12933,1993,"ZA","",384500,2,30,283,6,69,8,4,0.75,0.625,0.2778,4,30.625,0,0,0,0
5423617,1995,12947,1994,"ZA","",129455,3,30,400,5,59,2,5,1,0.72,0.5,0.8,5,0,0,0,0
5423719,1995,12947,1993,"ZA","",,1,10,451,5,51,12,2,0.5,0.5,0.2778,4,28.0833,,,,
5423756,1995,12947,1993,"ZA","",,1,13,604,3,32,12,9,1,0.1975,0.5139,2.7778,6.3333,,,,
5423831,1995,12947,1993,"ZA","",,1,3,606,3,32,7,7,1,0.6939,0.2449,3.2857,14.2857,,,,
5424187,1995,12947,1992,"ZA","",600100,2,3,435,3,33,1,4,1,0,0,3.5,4,1,1,0,0
5425648,1995,12954,1993,"ZA","",,1,9,439,4,41,3,2,0.6667,0.5,0,2,30.3333,,,,
5427416,1995,12961,1993,"ZA","",712367,3,36,283,6,69,13,7,0.7692,0.8163,0.7,2.7143,16.6923,0,0,0,0
5427476,1995,12961,1993,"ZA","",253535,3,15,405,6,64,10,0,0.7,,0.4898,,26.7,0.25,0.1,,
5429942,1995,12968,1992,"ZA","",712588,3,9,435,3,33,9,0,1,,0.5185,,5.1111,0,0,,
5430549,1995,12968,1993,"ZA","",,1,12,356,4,43,3,0,1,,0.4444,,7.6667,,,,
5430980,1995,12975,1993,"ZA","",712687,3,2,52,6,69,3,3,1,0.6667,0,2,12,0,0,0,0
5433451,1995,12982,1993,"ZA","",,1,16,273,6,62,5,3,0.8,0.4444,0.375,2,21.4,,,,
5433862,1995,12982,1993,"ZA","",684020,3,6,210,1,19,11,3,0.7273,0,0.375,3.3333,28.1818,0,0,0,0
5433985,1995,12982,1994,"ZA","",639056,3,7,428,6,69,25,1,0.76,0,0.3657,2,22.12,0,0,0,0
5435100,1995,12989,1994,"ZA","",,1,10,49,5,59,6,0,0.6667,,0,,31.3333,,,,
5435254,1995,12989,1993,"ZA","",692296,3,13,108,6,69,9,6,1,0,0.1975,3.6667,7,0,0,0,0
5435439,1995,12989,1993,"ZA","",577470,3,8,206,6,68,7,0,0.7143,,0.56,,18.8571,0,0,,
5435670,1995,12989,1993,"ZA","",253535,3,8,405,6,64,3,1,0.6667,0,0.5,2,25.3333,0.5,0.3333,0,0
5438321,1995,12996,1993,"ZA","",,1,16,340,2,21,8,5,1,0.32,0.5625,3.6,9.25,,,,
5440768,1995,13010,1994,"ZA","",,1,4,5,6,65,4,0,0.75,,0,,38.75,,,,
5441633,1995,13010,1993,"ZA","",,1,9,210,1,19,30,1,0.6667,0,0.095,4,21.4333,,,,
5443531,1995,13017,1992,"ZA","",705575,3,4,600,3,32,11,0,1,,0.7107,,7.6364,0,0,,
5444251,1995,13017,1994,"ZA","",,1,19,250,4,44,9,0,1,,0.1975,,8.7778,,,,
5444769,1995,13017,1994,"ZA","",,5,5,379,2,21,6,0,1,,0.6111,,4.8333,,,,
5444944,1995,13024,1993,"ZA","",,1,7,52,6,69,11,2,0.6364,0,0.449,2.5,24.5455,,,,
5445000,1995,13024,1993,"ZA","",,1,10,72,5,52,19,1,0.6842,0,0.5917,4,23.8947,,,,
5445396,1995,13024,1993,"ZA","",213510,2,16,280,5,55,4,4,0.5,0.375,0.5,3.25,26,0,0,0,0
5447083,1995,13031,1993,"ZA","",,1,14,74,5,59,5,1,0.8,0,0.75,4,27.8,,,,
5448467,1995,13031,1993,"ZA","",,1,11,363,4,45,1,3,1,0,0,3,18,,,,
5448954,1995,13038,1993,"ZA","",483325,3,12,105,5,55,17,0,0.5882,,0.48,,37.5294,0.6667,0.3529,,
5450645,1995,13045,1994,"ZA","",639056,3,16,15,6,69,18,4,0.7222,0.625,0.6391,2,27.9444,0.1667,0.0556,0,0
5450982,1995,13045,1994,"ZA","",,1,14,221,5,51,5,0,0.6,,0.6667,,26.2,,,,
5451743,1995,13045,1992,"ZA","",714644,3,3,219,4,49,4,4,0.5,0.375,0.5,3,33.75,0,0,0,0
5454866,1995,13059,1995,"ZA","",253535,3,26,106,1,12,12,1,1,0,0.6111,0,11.75,0.1818,0.1667,0,0
5456355,1995,13066,1994,"ZA","",,5,14,206,6,68,10,0,0.3,,0.4444,,48.4,,,,
5458707,1995,13073,1994,"ZA","",707727,3,23,149,1,19,2,0,1,,0,,5,0,0,,
5460755,1995,13080,1994,"ZA","",707215,3,20,261,1,19,34,0,0.6765,,0.2382,,28.8529,0.0625,0.0294,,
5461936,1995,13087,1994,"ZA","",,1,8,74,5,59,14,0,0.7857,,0.6446,,24.7857,,,,
5463671,1995,13087,1993,"ZA","",129455,3,10,379,2,21,10,9,1,0.6173,0.46,2.4444,6.7,0,0,0,0
5463828,1995,13094,1994,"ZA","",715746,3,28,42,5,59,3,0,0,,,,67,0,0,,
5464101,1995,13094,1994,"ZA","",,1,8,209,5,51,8,2,1,0,0.5625,2,6.25,,,,
5464543,1995,13094,1993,"ZA","",,1,14,210,1,19,20,1,0.65,0,0.142,4,33.85,,,,
5467909,1995,13108,1994,"ZA","",,1,15,224,6,68,26,7,0.8462,0.2449,0.0868,2,19.3462,,,,
5468212,1995,13108,1994,"ZA","",,1,3,600,3,32,8,1,0.875,0,0.2449,3,20.25,,,,
5468268,1995,13108,1994,"ZA","",,1,11,51,5,59,12,2,1,0,0.4028,2,15.3333,,,,
5469923,1995,13115,1993,"ZA","",,5,6,172,6,64,40,1,0.875,0,0.7347,3,17.875,,,,
5470335,1995,13115,1995,"ZA","",684020,3,8,606,3,32,4,3,1,0,0,2,6.75,0,0,0,0
5471904,1995,13122,1993,"ZA","",716463,3,5,89,5,59,13,1,0.3846,0,0.48,4,35.3077,0,0,0,0
5472096,1995,13122,1994,"ZA","",698603,3,5,209,5,51,3,0,1,,0,,9.6667,0,0,,
5472262,1995,13122,1994,"ZA","",,1,14,299,6,64,4,0,0.75,,0,,30,,,,
5472300,1995,13122,1993,"ZA","",,1,16,410,5,55,12,0,0.8333,,0.58,,17.9167,,,,
5472376,1995,13122,1993,"ZA","",,1,9,451,5,51,8,11,1,0.4298,0.75,3.5455,7,,,,
5472806,1995,13122,1994,"ZA","",689683,3,6,429,4,45,5,3,1,0,0,3,5.2,0.2,0.2,0,0
5473830,1995,13129,1994,"ZA","",,1,8,40,6,69,4,0,1,,0.375,,22,,,,
5473987,1995,13129,1995,"ZA","",268215,3,9,102,1,19,19,0,0.6316,,0.5139,,25.5789,0,0,,
5476635,1995,13136,1994,"ZA","",716887,3,18,422,1,19,5,0,1,,0.48,,10.8,0,0,,
5476732,1995,13136,1994,"ZA","",689683,3,8,429,4,45,5,3,1,0,0,3,6,0,0,0,0
5476733,1995,13136,1994,"ZA","",689683,3,12,429,4,45,7,4,1,0,0,2.5,10.2857,0,0,0,0
5477879,1995,13143,1994,"ZA","",705145,3,12,137,6,69,15,0,0.8667,,0.6509,,15.6,0,0,,
5480464,1996,13150,1994,"ZA","",693111,3,10,55,1,13,16,0,1,,0.4141,,14.125,0,0,,
5482391,1996,13157,1994,"ZA","",717424,3,12,400,5,59,5,1,1,0,0.64,4,12.8,0,0,0,0
5482490,1996,13157,1993,"ZA","",,1,3,446,6,62,9,1,0.3333,0,0.4444,4,44.1111,,,,
5483172,1996,13157,1993,"ZA","",,1,6,324,4,43,9,0,1,,0.7654,,8.4444,,,,
5484096,1996,13164,1994,"ZA","",,1,14,228,5,52,9,3,1,0.4444,0.642,2,15.3333,,,,
5485650,1996,13171,1993,"ZA","",717689,3,10,15,6,69,17,0,0.8824,,0,,22.1176,0,0,,
5486165,1996,13171,1994,"ZA","",,1,13,604,3,32,12,3,1,0,0.2917,1.6667,8.8333,,,,
5486510,1996,13171,1993,"ZA","",482365,3,12,514,3,31,5,0,1,,0,,10.8,0,0,,
5487747,1996,13178,1994,"ZA","",232595,3,23,606,3,32,8,3,1,0,0.5938,1.3333,5.875,0,0,0.6667,0.6667
5488303,1996,13178,1995,"ZA","",105190,3,11,324,4,43,7,1,1,0,0.6122,2,19.2857,0,0,0,0
5490923,1996,13192,1994,"ZA","",,1,6,210,1,19,12,2,0.9167,0,0.1653,2.5,18.8333,,,,
5491137,1996,13192,1993,"ZA","",496855,3,6,514,3,31,1,0,1,,0,,8,1,1,,
5492453,1996,13199,1994,"ZA","",699635,3,7,414,5,51,9,0,0.8889,,0.75,,20.2222,0.1667,0.1111,,
5494089,1996,13206,1995,"ZA","",,1,5,144,5,51,7,1,0.8571,0,0.2778,3,14.4286,,,,
5494382,1996,13206,1994,"ZA","",718463,3,12,408,5,51,16,2,0.25,0.5,0.625,1,41.4375,0,0,0,0
5495531,1996,13206,1995,"ZA","",718542,3,17,705,2,22,8,7,1,0.2449,0.6875,0.8571,4.875,0,0,0,0
5495806,1996,13213,1994,"ZA","",718587,3,20,102,1,19,26,4,1,0.375,0.145,2,8.2308,0,0,0,0
5496093,1996,13213,1994,"ZA","",129455,3,18,299,6,64,2,0,1,,0.5,,24,0,0,,
5498480,1996,13220,1994,"ZA","",,1,7,428,6,69,11,1,1,0,0.7107,2,11.0909,,,,
5499524,1996,13227,1994,"ZA","",,1,9,72,5,52,9,1,0.2222,0,0,2,45.6667,,,,
5501046,1996,13234,1993,"ZA","",719069,3,24,52,6,69,13,0,0.7692,,0,,21.6923,0,0,,
5502841,1996,13241,1994,"ZA","",,1,17,2,6,63,4,1,0.5,0,0.5,2,50.75,,,,
5503691,1996,13241,1994,"ZA","",378065,3,11,148,5,52,1,0,1,,0,,32,0,0,,
5503818,1996,13241,1994,"ZA","",129455,3,23,423,1,19,4,0,1,,0.5,,8.75,0,0,,
5505748,1996,13248,1994,"ZA","",,1,12,51,5,59,14,0,1,,0.5306,,15,,,,
5505927,1996,13248,1993,"ZA","",693111,3,14,423,1,19,6,0,1,,0.2778,,21.3333,0,0,,
5506406,1996,13248,1994,"ZA","",693111,3,13,250,4,44,2,0,1,,0.5,,16,0,0,,
5506556,1996,13248,1994,"ZA","",105190,3,7,335,4,41,2,0,1,,0,,15,0,0,,
5509660,1996,13262,1994,"ZA","",,1,21,473,6,62,11,9,1,0,0,2.6667,10.2727,,,,
5511577,1996,13269,1994,"ZA","",720053,3,7,137,6,69,1,0,0,,,,38,0,0,,
5511825,1996,13269,1994,"ZA","",,1,9,281,6,69,10,0,0.7,,0.4082,,28.2,,,,
5512171,1996,13269,1995,"ZA","",,1,1,210,1,19,6,1,1,0,0.4444,0,22.1667,,,,
5513460,1996,13276,1994,"ZA","",716463,3,11,42,5,59,2,1,0.5,0,0,2,38.5,0,0,0,0
5513743,1996,13276,1994,"ZA","",720253,3,5,198,5,59,8,0,1,,0.2188,,9.75,0,0,,
5513784,1996,13276,1994,"ZA","",,1,11,224,6,68,5,1,1,0,0.64,2,14.6,,,,
5514639,1996,13276,1993,"ZA","",720333,3,20,504,1,11,6,0,0.6667,,0.75,,28.6667,0,0,,
5517187,1996,13283,1993,"ZA","",720579,3,40,340,2,21,11,3,1,0.4444,0.4298,2,8.2727,0,0,0,0
5518525,1996,13290,1994,"ZA","",,1,6,95,1,13,7,0,0.7143,,0.64,,17.2857,,,,
5519381,1996,13290,1993,"ZA","",687212,3,41,340,2,21,15,14,1,0.4694,0.3378,3.4286,5.8667,0,0,0,0
5519784,1996,13290,1995,"ZA","",,1,20,382,2,22,20,2,1,0.5,0.74,1.5,10.6,,,,
5522397,1996,13304,1994,"ZA","",,1,13,600,3,32,6,3,1,0.4444,0,1.6667,12,,,,
5522496,1996,13304,1994,"ZA","",721045,3,6,206,6,68,5,0,0.8,,0,,33.2,0,0,,
5523269,1996,13304,1994,"ZA","",704091,3,7,501,1,19,5,0,1,,0.72,,10.2,0,0,,
5524523,1996,13311,1994,"ZA","",8965,3,6,86,5,59,9,3,1,0,0.5679,1.6667,15.4444,0,0,0,0
5527228,1996,13318,1994,"ZA","",693111,3,17,475,5,53,13,0,0.9231,,0.625,,15.0769,0,0,,
5527482,1996,13318,1994,"ZA","",,1,14,252,1,19,7,4,1,0.375,0.6939,2.25,8.1429,,,,
5527565,1996,13318,1994,"ZA","",,1,17,427,1,12,11,2,1,0.5,0.314,1.5,7.9091,,,,
5530414,1996,13325,1994,"ZA","",721742,2,31,335,4,41,20,0,1,,0.785,,14.2,0,0,,
5530588,1996,13325,1992,"ZA","",,1,8,359,5,54,7,1,0.2857,0,0,5,54.1429,,,,
5531217,1996,13332,1994,"ZA","",,1,6,126,6,66,2,0,1,,0,,15.5,,,,
5535623,1996,13346,1994,"ZA","",,1,11,73,4,43,6,0,0.3333,,0,,46.1667,,,,
5535803,1996,13346,1994,"ZA","",,1,12,160,6,69,4,0,0.5,,0.5,,47.25,,,,
5536288,1996,13346,1995,"ZA","",,1,6,55,1,13,6,0,0.3333,,0,,51.3333,,,,
5536397,1996,13346,1995,"ZA","",,1,7,210,1,19,6,4,1,0,0,2.25,3.5,,,,
5537105,1996,13346,1992,"ZA","",687212,3,47,340,2,21,5,6,1,0.2778,0.56,4.3333,10.6,0,0,0,0
5538508,1996,13353,1994,"ZA","",,1,20,604,3,32,11,3,0.9091,0,0,2,7.8182,,,,
5539636,1996,13353,1993,"ZA","",129455,3,20,702,2,22,5,0,1,,0,,4.2,0,0,,
5540155,1996,13360,1995,"ZA","",,1,10,102,1,19,5,0,0.6,,0,,26.6,,,,
5540417,1996,13360,1994,"ZA","",,1,10,267,5,59,13,0,0.2308,,0.6667,,41.2308,,,,
5540793,1996,13360,1994,"ZA","",707727,3,38,149,1,19,1,0,1,,0,,7,0,0,,
5542384,1996,13367,1994,"ZA","",722772,3,20,123,5,53,17,0,0.6471,,0.7769,,34.5294,0,0,,
5542586,1996,13367,1994,"ZA","",726215,2,5,222,1,19,6,2,0.8333,0,0.32,2,18.1667,0,0,0,0
5542661,1996,13367,1994,"ZA","",722800,3,4,473,6,62,4,0,1,,0.375,,12.5,0,0,,
5543766,1996,13367,1994,"ZA","",105190,3,17,335,4,41,3,0,1,,0,,9.6667,0.6667,0.6667,,
5544568,1996,13374,1995,"ZA","",,1,10,99,6,61,13,0,0.6923,,0.716,,30.6154,,,,
5544722,1996,13374,1994,"ZA","",120110,3,19,187,5,55,4,1,0.75,0,0,2,29.25,0,0,0,0
5545670,1996,13374,1994,"ZA","",,1,6,514,3,31,7,5,1,0.56,0.4898,3,7,,,,
5547317,1996,13381,1993,"ZA","",253535,3,8,405,6,64,15,0,0.8,,0.375,,21.4667,0.3333,0.1333,,
5547333,1996,13381,1995,"ZA","",,1,22,414,5,51,7,1,0.5714,0,0.5,2,31.1429,,,,
5549411,1996,13388,1994,"ZA","",129540,3,7,404,6,69,1,2,1,0.5,0,3,16,0,0,0,0
5549827,1996,13388,1995,"ZA","",684020,3,6,210,1,19,16,1,0.5625,0,0.3457,4,36.25,0,0,0,0
5549863,1996,13388,1994,"ZA","",691847,3,15,264,5,51,10,0,1,,0.76,,11.6,0,0,,
5553421,1996,13402,1994,"ZA","",,1,4,52,6,69,2,1,1,0,0.5,2,12,,,,
5556205,1996,13409,1994,"ZA","",724006,3,11,383,6,68,11,2,0.8182,0.5,0.3704,2.5,15.9091,0,0,0,0
5556233,1996,13409,1994,"ZA","",724012,3,10,405,6,64,14,2,0.8571,0,0.5,3.5,17,0,0,0,0
5557082,1996,13409,1994,"ZA","",105190,3,3,200,4,41,4,0,1,,0.625,,16.5,0,0,,
5557280,1996,13409,1993,"ZA","",687212,3,32,342,2,21,19,4,1,0.625,0.482,3.75,11.1579,0,0,0.3333,0.25
5558274,1996,13416,1995,"ZA","",296355,2,18,236,6,69,2,1,1,0,0.5,2,4,0,0,0,0
5558794,1996,13416,1994,"ZA","",,1,10,219,4,49,27,3,0.8148,0.4444,0.7438,2.3333,24.4815,,,,
5559036,1996,13416,1994,"ZA","",129455,3,7,436,1,19,4,0,1,,0.375,,13.75,0,0,,
5559872,1996,13416,1994,"ZA","",724330,3,9,379,2,21,5,2,1,0,0.56,3,3.4,0,0,0,0
5560134,1996,13423,1996,"ZA","",716463,3,10,42,5,59,3,0,0,,,,58,0,0,,
5560211,1996,13423,1995,"ZA","",724374,3,22,62,6,69,9,3,0.8889,0,0.2188,2,20.2222,0,0,0,0
5560451,1996,13423,1994,"ZA","",724390,2,25,187,5,55,8,0,0.875,,0.5714,,25.25,0,0,,
5560716,1996,13423,1995,"ZA","",,1,4,384,5,59,11,0,1,,0.7769,,9,,,,
5561944,1996,13430,1993,"ZA","",697485,3,13,47,6,61,1,2,0,0.5,,2.5,63,0,0,0,0
5562075,1996,13430,1995,"ZA","",,1,2,123,5,53,6,0,0.6667,,0,,27.5,,,,
5562561,1996,13430,1994,"ZA","",724574,3,7,475,5,53,8,0,0.625,,0.56,,32.5,0,0,,
5565833,1996,13437,1994,"ZA","",105190,3,15,335,4,41,1,0,1,,0,,5,0,0,,
5566441,1996,13444,1994,"ZA","",687212,3,44,29,5,52,10,6,1,0.6667,0.86,2.8333,5.7,0,0,0,0
5566643,1996,13444,1994,"ZA","",724925,3,24,119,6,61,8,0,0.875,,0.6531,,22.25,0,0,,
