5569057,1996,13451,1995,"ZA","",,5,10,441,6,69,12,0,0.6667,,0,,28.75,,,,
5570567,1996,13458,1994,"ZA","",725241,3,17,53,6,68,13,3,0.8462,0,0.595,1.6667,20.8462,0,0,0.3333,0.3333
5570713,1996,13458,1994,"ZA","",723185,2,13,137,6,69,31,1,0.6452,0,0.81,3,35.7742,0,0,0,0
5570820,1996,13458,1993,"ZA","",725274,3,7,222,1,19,2,2,1,0.5,0,4,15.5,0,0,0,0
5572217,1996,13458,1994,"ZA","",,1,14,342,2,21,2,0,1,,0,,3.5,,,,
5575022,1996,13472,1994,"ZA","",544635,2,4,4,6,65,10,1,0.8,0,0.5938,3,23.2,0,0,1,1
5575092,1996,13472,1995,"ZA","",725648,3,12,37,6,64,9,2,0.4444,0.5,0.375,1.5,35.1111,0,0,0,0
5575119,1996,13472,1994,"ZA","",,1,9,52,6,69,4,0,1,,0,,18.75,,,,
5575303,1996,13472,1994,"ZA","",378065,3,9,137,6,69,2,1,1,0,0.5,3,15.5,0,0,0,0
5575365,1996,13472,1994,"ZA","",,1,4,192,5,53,10,0,0.4,,0.375,,39.9,,,,
5579334,1996,13479,1995,"ZA","",,1,25,373,6,66,11,1,0.6364,0,0.5714,3,23.1818,,,,
5579888,1996,13486,1995,"ZA","",,1,5,194,5,59,7,2,0.7143,0.5,0.56,1,23.8571,,,,
5581218,1996,13486,1994,"ZA","",105190,3,8,335,4,41,4,1,1,0,0.625,2,8.5,0,0,0,0
5587187,1996,13507,1995,"ZA","",,1,9,425,5,51,7,1,0.4286,0,0,2,39,,,,
5587496,1996,13507,1994,"ZA","",496855,3,13,552,1,14,2,1,1,0,0,1,19.5,0,0,1,1
5587575,1996,13507,1995,"ZA","",726744,3,20,235,5,59,13,2,1,0.5,0.5917,1,5.3077,0,0,0,0
5588367,1996,13514,1994,"ZA","",,1,13,105,5,55,10,4,1,0,0,2.5,14,,,,
5588497,1996,13514,1995,"ZA","",726829,3,16,175,6,64,9,0,0.6667,,0,,27.5556,0,0,,
5588711,1996,13514,1995,"ZA","",726850,3,16,298,5,55,9,0,0.5556,,0,,37.7778,0,0,,
5589500,1996,13514,1995,"ZA","",687212,3,13,514,3,31,0,0,,,,,,,,,
5590556,1997,13521,1994,"ZA","",,1,9,72,5,52,9,1,0.7778,0,0.5714,3,23.5556,,,,
5590727,1997,13521,1995,"ZA","",,1,12,175,6,64,6,1,1,0,0.7222,2,6.8333,,,,
5591327,1997,13521,1994,"ZA","",,1,2,209,5,51,10,0,0.6,,0.6111,,31.8,,,,
5593049,1997,13528,1993,"ZA","",,1,8,211,6,65,7,0,0.8571,,0.7222,,17,,,,
5594203,1997,13528,1995,"ZA","",,1,4,174,4,41,4,1,1,0,0.5,2,4.75,,,,
5595587,1997,13535,1996,"ZA","",,1,7,96,1,13,7,0,0.7143,,0.64,,18.2857,,,,
5595662,1997,13535,1995,"ZA","",619845,3,9,202,1,19,9,1,1,0,0.4938,2,9.7778,0,0,0,0
5597089,1997,13542,1994,"ZA","",,1,17,220,6,68,3,3,1,0.4444,0.4444,3.3333,7,,,,
5598471,1997,13542,1994,"ZA","",727624,3,25,380,2,22,7,0,1,,0.2449,,12.7143,0,0,,
5599849,1997,13549,1994,"ZA","",707727,3,6,518,1,19,6,2,0.6667,0,0.375,2.5,21.8333,0,0,0.5,0.5
5601919,1997,13556,1993,"ZA","",727917,3,14,428,6,69,6,1,1,0,0.6667,3,13,0,0,0,0
5603783,1997,13563,1994,"ZA","",728058,3,11,148,5,52,2,1,1,0,0.5,2,5.5,0,0,0,0
5604053,1997,13563,1995,"ZA","",728084,3,7,429,4,45,11,1,1,0,0.1653,2,10.5455,0,0,1,1
5606750,1997,13577,1995,"ZA","",705145,3,9,4,6,65,3,0,1,,0.4444,,15,0,0,,
5607047,1997,13577,1996,"ZA","",105190,3,28,200,4,41,6,0,0.6667,,0.625,,23,0,0,,
5607787,1997,13577,1994,"ZA","",689683,3,16,429,4,45,11,0,1,,0.314,,13.4545,0,0,,
5609214,1997,13584,1995,"ZA","",,1,5,172,6,64,12,0,1,,0.2917,,14.75,,,,
5609874,1997,13584,1995,"ZA","",728551,3,25,424,3,31,0,0,,,,,,,,,
5609926,1997,13584,1995,"ZA","",,1,6,427,1,12,7,1,1,0,0.7347,2,6.2857,,,,
5611453,1997,13591,1994,"ZA","",,1,11,220,6,68,7,0,1,,0.449,,16.5714,,,,
5611896,1997,13591,1994,"ZA","",693111,3,24,204,1,19,11,0,0.5455,,0.7222,,28.2727,0,0,,
5615625,1997,13605,1994,"ZA","",729025,3,14,109,6,69,16,0,1,,0.8516,,9.4375,0,0,,
5615979,1997,13605,1995,"ZA","",,1,8,405,6,64,8,0,0.875,,0.6939,,21.75,,,,
5619187,1997,13612,1995,"ZA","",,1,3,340,2,21,3,4,1,0,0.4444,2.75,16.3333,,,,
5620730,1997,13619,1994,"ZA","",,1,8,426,6,61,17,1,0.9412,0,0.6719,4,14.1176,,,,
5621248,1997,13619,1994,"ZA","",729471,3,19,290,4,45,12,1,0.8333,0,0.8,4,17.8333,0,0,0,0
5621661,1997,13619,1994,"ZA","",167845,3,4,340,2,21,3,0,1,,0,,12.6667,0,0,,
5623989,1997,13633,1996,"ZA","",216206,3,16,165,6,66,2,0,0.5,,0,,41.5,0,0,,
5626068,1997,13640,1995,"ZA","",729849,3,8,91,5,53,6,1,0.8333,0,0,1,25.6667,0,0,0,0
5627295,1997,13640,1994,"ZA","",729962,3,9,556,1,14,1,0,1,,0,,4,0,0,,
5628420,1997,13647,1996,"ZA","",,1,6,220,6,68,6,0,0.6667,,0.75,,23.6667,,,,
5628768,1997,13647,1994,"ZA","",730099,3,7,607,3,32,21,0,1,,0.2585,,10.3333,0,0,,
5630944,1997,13654,1995,"ZA","",,1,9,210,1,19,12,0,0.9167,,0.1653,,23.6667,,,,
5631271,1997,13654,1993,"ZA","",,1,43,514,3,31,1,0,1,,0,,4,,,,
5631535,1997,13654,1995,"ZA","",207230,2,27,320,4,45,19,0,1,,0.687,,11.4737,0,0,,
5632423,1997,13661,1995,"ZA","",,1,17,223,6,63,4,0,1,,0,,7.75,,,,
5633284,1997,13661,1995,"ZA","",730475,3,13,514,3,31,0,0,,,,,,,,,
5634229,1997,13668,1995,"ZA","",,1,13,15,6,69,9,3,0.7778,0.4444,0.449,2.3333,21.7778,,,,
5634721,1997,13668,1995,"ZA","",724006,3,86,383,6,68,8,0,1,,0.375,,25.375,0,0,,
5634799,1997,13668,1995,"ZA","",730599,3,15,434,6,69,9,0,0.4444,,0,,39.4444,0,0,,
5635907,1997,13668,1995,"ZA","",,1,13,340,2,21,8,1,1,0,0.5625,1,9.5,,,,
5641234,1997,13689,1994,"ZA","",452160,3,9,402,5,59,7,0,0.7143,,0.32,,35.1429,0,0,,
5643589,1997,13696,1993,"ZA","",,1,15,424,3,31,8,0,1,,0.5313,,11.625,,,,
5645119,1997,13703,1995,"ZA","",731520,3,6,160,6,69,12,0,0.75,,0.3457,,18.25,0,0,,
5645315,1997,13703,1996,"ZA","",,5,10,297,6,65,6,0,0.6667,,0,,40,,,,
5647423,1997,13710,1995,"ZA","",,1,8,160,6,69,8,0,0.75,,0.2778,,22,,,,
5647532,1997,13710,1996,"ZA","",731736,3,8,236,6,69,4,0,1,,0,,11,0,0,,
5649678,1997,13717,1995,"ZA","",716463,3,8,244,5,55,12,0,0.75,,0.1975,,16.6667,0,0,,
5649943,1997,13717,1995,"ZA","",,1,32,606,3,32,8,1,0.875,0,0.6122,2,13.125,,,,
5649984,1997,13717,1995,"ZA","",,1,16,51,5,59,12,0,1,,0.7361,,13.75,,,,
5651236,1997,13724,1994,"ZA","",725241,3,13,53,6,68,8,1,1,0,0.4063,3,9.875,0.1667,0.125,0,0
5656622,1997,13738,1995,"ZA","",496855,3,15,514,3,31,5,0,0.8,,0.375,,23.4,0.5,0.4,,
5656771,1997,13738,1996,"ZA","",732518,3,18,73,4,43,7,0,0.7143,,0.56,,22.2857,0,0,,
5656918,1997,13738,1995,"ZA","",,5,14,290,4,45,3,0,1,,0.6667,,10.6667,,,,
5658099,1997,13745,1994,"ZA","",253535,3,13,405,6,64,12,0,0.6667,,0.4688,,31.5,0.4,0.1667,,
5658693,1997,13745,1995,"ZA","",684020,3,9,429,4,45,4,1,1,0,0.625,2,14.5,0,0,0,0
5662865,1997,13759,1995,"ZA","",139480,3,43,422,1,19,9,2,0.8889,0,0.7188,1,16.4444,0.1429,0.1111,0,0
5663519,1997,13759,1996,"ZA","",716463,3,9,89,5,59,3,0,1,,0,,16.6667,0,0,,
5663705,1997,13759,1995,"ZA","",,1,14,340,2,21,4,2,1,0,0,2,3.5,,,,
5663862,1997,13759,1995,"ZA","",733117,3,7,361,4,45,3,0,0.6667,,0.5,,40.3333,0,0,,
5664685,1997,13766,1995,"ZA","",,5,8,209,5,51,4,0,1,,0,,5.25,,,,
5664796,1997,13766,1996,"ZA","",,1,8,280,5,55,9,0,1,,0.3704,,15.3333,,,,
5665236,1997,13766,1996,"ZA","",733252,3,13,210,1,19,5,1,1,0,0.32,1,23.2,0,0,0,0
5665668,1997,13766,1995,"ZA","",,1,17,502,1,19,22,1,1,0,0.3843,2,12.6364,,,,
5665932,1997,13766,1993,"ZA","",733310,3,1,102,1,19,3,1,0.6667,0,0,3,35.6667,0,0,0,0
5667837,1997,13773,1996,"ZA","",604180,2,9,426,6,61,17,1,1,0,0,1,14.7647,0,0,0,0
5669739,1997,13780,1996,"ZA","",253535,3,21,405,6,64,4,0,0.75,,0.4444,,28,0,0,,
5670737,1997,13780,1994,"ZA","",716463,3,2,102,1,19,20,0,0.75,,0.4978,,22.65,0,0,,
5672267,1997,13787,1996,"ZA","",698603,3,4,209,5,51,4,0,0.75,,0,,23.75,0,0,,
5672932,1997,13787,1995,"ZA","",,1,7,313,4,42,9,1,1,0,0.1975,3,14.1111,,,,
5674829,1997,13794,1996,"ZA","",,5,8,510,1,19,19,0,0.9474,,0.642,,14.2632,,,,
5674854,1997,13794,1994,"ZA","",729596,3,9,514,3,31,1,1,1,0,0,2,3,0,0,0,0
5677657,1997,13801,1996,"ZA","",105190,3,7,335,4,41,2,0,1,,0,,23,0,0,,
5679660,1997,13808,1994,"ZA","",729596,3,13,514,3,31,1,1,1,0,0,2,6,0,0,0,0
5680929,1997,13815,1996,"ZA","",,1,12,206,6,68,7,0,0.8571,,0.5,,13.5714,,,,
5681020,1997,13815,1995,"ZA","",185311,3,3,248,6,69,3,0,0.6667,,0.5,,17.6667,0,0,,
5682643,1997,13822,1994,"ZA","",,1,9,16,5,59,11,0,0.6364,,0.4082,,36.3636,,,,
5683128,1997,13822,1996,"ZA","",734782,3,7,293,5,55,11,0,0.6364,,0,,28,0,0,,
5683182,1997,13822,1996,"ZA","",724006,3,60,383,6,68,8,0,1,,0.375,,25.375,0,0,,
5684190,1997,13822,1996,"ZA","",8965,3,12,562,1,14,3,0,0.6667,,0.5,,19.3333,0,0,,
5685381,1997,13829,1995,"ZA","",734961,3,12,175,6,64,22,0,0.8636,,0.7036,,22.0455,0,0,,
5685769,1997,13829,1994,"ZA","",,1,12,451,5,51,8,0,1,,0.75,,7.875,,,,
5686904,1997,13829,1994,"ZA","",372575,2,24,340,2,21,31,3,1,0,0.4807,3,8.6774,0,0,0,0
5688077,1997,13836,1994,"ZA","",735197,3,11,405,6,64,9,0,1,,0.5185,,11.4444,0,0,,
5688477,1997,13836,1995,"ZA","",693111,3,24,423,1,19,9,1,0.6667,0,0.5,2,31.2222,0,0,1,1
5689853,1997,13843,1995,"ZA","",735327,3,21,16,5,59,7,0,0.4286,,0.4444,,47.5714,0,0,,
5690706,1997,13843,1995,"ZA","",,1,6,51,5,59,11,0,1,,0.562,,16,,,,
5693062,1997,13850,1995,"ZA","",232595,3,28,606,3,32,3,0,1,,0.4444,,7.3333,0.3333,0.3333,,
5693303,1997,13850,1995,"ZA","",735624,3,17,423,1,19,10,0,1,,0.48,,14,0,0,,
5694953,1997,13857,1996,"ZA","",,1,5,132,6,65,6,0,0.5,,0,,31.1667,,,,
5694997,1997,13857,1994,"ZA","",,1,7,160,6,69,6,1,1,0,0.2778,3,15.3333,,,,
5695195,1997,13857,1996,"ZA","",,5,11,273,6,62,5,2,1,0,0.32,1.5,4.2,,,,
5697807,1997,13864,1995,"ZA","",718587,3,8,439,4,41,19,0,1,,0.1939,,13.6842,0,0,,
5697873,1997,13864,1995,"ZA","",,1,8,482,5,59,6,1,0.6667,0,0,3,42.6667,,,,
5697945,1997,13864,1995,"ZA","",736050,2,21,606,3,32,18,1,1,0,0.1975,2,7.5556,0,0,0,0
5699066,1997,13864,1996,"ZA","",687212,3,45,342,2,21,9,0,1,,0.6173,,9,0.125,0.1111,,
5699939,1997,13871,1996,"ZA","",736211,3,12,222,1,19,5,0,0.8,,0.625,,25,0,0,,
5700232,1997,13871,1996,"ZA","",,5,14,482,5,59,7,3,1,0.4444,0,1.3333,10.2857,,,,
5700377,1997,13871,1996,"ZA","",,1,18,210,1,19,4,0,1,,0,,3,,,,
5702200,1997,13878,1996,"ZA","",129540,3,4,404,6,69,3,0,1,,0,,10.6667,0,0,,
5702328,1997,13878,1995,"ZA","",,1,2,482,5,59,2,0,0.5,,0,,59,,,,
5704438,1998,13885,1996,"ZA","",310235,2,10,175,6,64,4,0,1,,0,,9.25,0.5,0.5,,
5704843,1998,13885,1996,"ZA","",,1,25,473,6,62,6,0,0.6667,,0,,30,,,,
5705056,1998,13885,1995,"ZA","",,1,7,210,1,19,5,0,1,,0.56,,18.8,,,,
5707194,1998,13892,1995,"ZA","",452160,3,17,412,6,69,14,0,0.5,,0.8163,,36.2857,0,0,,
5712771,1998,13906,1994,"ZA","",,5,15,363,4,45,2,1,1,0,0.5,3,12.5,,,,
5713715,1998,13913,1995,"ZA","",483325,3,8,414,5,51,10,0,0.6,,0.7222,,36.3,0.2,0.1,,
5715850,1998,13920,1996,"ZA","",737644,3,16,132,6,65,6,2,1,0,0.5,1.5,13.6667,0,0,0,0
5716731,1998,13920,1997,"ZA","",728084,3,11,429,4,45,17,1,0.9412,0,0.2266,1,16.1176,0,0,1,1
5718085,1998,13927,1996,"ZA","",,1,8,52,6,69,3,0,0.6667,,0,,18.6667,,,,
5718479,1998,13927,1996,"ZA","",737890,3,15,297,6,65,14,0,0.6429,,0.3457,,34.0714,0,0,,
5718659,1998,13927,1996,"ZA","",,1,6,482,5,59,7,0,0.8571,,0,,20.1429,,,,
5720581,1998,13934,1996,"ZA","",738098,3,16,405,6,64,5,2,0.8,0,0.625,1.5,16.2,0,0,0,0
5721493,1998,13934,1996,"ZA","",718587,3,1,324,4,43,4,0,0.75,,0,,12.25,0,0,,
5722733,1998,13941,1996,"ZA","",,1,7,299,6,64,3,0,1,,0.4444,,18.3333,,,,
5725921,1998,13948,1996,"ZA","",738568,3,13,428,6,69,6,0,1,,0.4444,,6.1667,0,0,,
5726384,1998,13948,1996,"ZA","",,1,7,174,4,41,3,1,0.6667,0,0.5,1,32.3333,,,,
5726630,1998,13948,1995,"ZA","",687212,3,140,340,2,21,26,4,1,0.375,0.4763,2,9.3846,0,0,0,0
5730260,1998,13962,1997,"ZA","",738931,3,15,188,5,53,9,0,0.4444,,0.375,,43.2222,0,0,,
5730304,1998,13962,1996,"ZA","",,1,19,212,5,59,21,0,0.7619,,0.6016,,27.1429,,,,
5731898,1998,13962,1995,"ZA","",,5,2,359,5,54,7,0,0.8571,,0.6667,,17,,,,
5732812,1998,13969,1995,"ZA","",739168,3,14,194,5,59,4,0,1,,0.75,,12.25,0,0,,
5733613,1998,13969,1996,"ZA","",,1,13,428,6,69,15,0,1,,0.8178,,7.5333,,,,
5733839,1998,13969,1996,"ZA","",739247,3,17,502,1,19,18,0,1,,0.2901,,14.2778,0,0,,
5735069,1998,13976,1995,"ZA","",729156,3,14,40,6,69,18,0,0.8333,,0.24,,20.5,0,0,,
5737791,1998,13983,1996,"ZA","",,1,13,15,6,69,2,0,1,,0,,10,,,,
5740826,1998,13990,1995,"ZA","",739816,3,18,135,6,69,7,0,0.5714,,0.375,,23.8571,0,0,,
5740935,1998,13990,1996,"ZA","",739825,2,3,217,6,68,11,0,0.2727,,0.6667,,51.4545,0,0,,
5742672,1998,13990,1995,"ZA","",,1,13,379,2,21,11,0,1,,0.6446,,4.4545,,,,
5744257,1998,13997,1995,"ZA","",693111,3,7,428,6,69,16,0,1,,0.7813,,15.375,0,0,,
5746134,1998,14004,1996,"ZA","",,1,15,105,5,55,12,0,1,,0,,13.6667,,,,
5746718,1998,14004,1996,"ZA","",,1,37,604,3,32,12,0,0.9167,,0,,9.1667,,,,
5750764,1998,14011,1996,"ZA","",8965,3,15,560,1,14,22,1,1,0,0.7769,1,13.9545,0,0,0,0
5752215,1998,14011,1996,"ZA","",740763,3,22,701,2,22,31,0,0.9355,,0.8086,,9.5806,0,0,,
5752967,1998,14018,1996,"ZA","",,1,14,606,3,32,16,1,1,0,0.2188,2,9.3125,,,,
5753865,1998,14018,1996,"ZA","",740907,3,20,177,6,69,2,0,1,,0,,8,0,0,,
5754223,1998,14018,1994,"ZA","",,1,21,348,4,49,8,0,1,,0.5625,,15,,,,
5755200,1998,14025,1997,"ZA","",,1,12,123,5,53,9,0,0.8889,,0.4063,,15,,,,
5755326,1998,14025,1997,"ZA","",725241,3,11,206,6,68,6,0,0.5,,0.4444,,37.1667,0,0,,
5755692,1998,14025,1996,"ZA","",,1,7,604,3,32,7,0,1,,0.6122,,15.5714,,,,
5755700,1998,14025,1995,"ZA","",,5,15,604,3,32,23,0,0.9565,,0.4835,,11.913,,,,
5757282,1998,14025,1996,"ZA","",17020,3,19,340,2,21,7,0,1,,0.6122,,6,0,0,,
5758603,1998,14032,1994,"ZA","",,1,21,119,6,61,3,1,1,0,0,4,11.3333,,,,
5758760,1998,14032,1995,"ZA","",682550,3,9,198,5,59,13,0,0.6154,,0,,26.0769,0,0,,
5759390,1998,14032,1995,"ZA","",,1,13,210,1,19,32,0,0.9375,,0.5044,,21.0313,,,,
5759613,1998,14032,1997,"ZA","",129455,3,9,427,1,12,5,0,1,,0.64,,18,0,0,,
5759949,1998,14032,1995,"ZA","",,1,6,502,1,19,13,0,1,,0.142,,13.6923,,,,
5762099,1998,14039,1997,"ZA","",285735,3,10,137,6,69,7,0,1,,0.2449,,18.2857,0,0,,
5763442,1998,14039,1996,"ZA","",761974,3,6,514,3,31,7,0,0.4286,,0.4444,,33,0,0,,
5763443,1998,14039,1996,"ZA","",761974,3,19,514,3,31,7,0,0.4286,,0.4444,,31,0,0,,
5764472,1998,14039,1995,"ZA","",741714,3,18,361,4,45,6,0,0.6667,,0.5,,22.6667,0,0,,
5765450,1998,14046,1997,"ZA","",,1,2,74,5,59,13,0,1,,0.142,,5.6154,,,,
5766275,1998,14046,1997,"ZA","",118425,3,7,44,1,19,8,0,0.75,,0.2778,,33.125,0,0,,
5766477,1998,14046,1997,"ZA","",697485,3,10,210,1,19,6,0,1,,0.5,,10,0,0,,
5768780,1998,14053,1995,"ZA","",,1,10,29,5,52,11,1,1,0,0.6446,3,11.3636,,,,
5769564,1998,14053,1996,"ZA","",129540,3,10,404,6,69,5,0,1,,0.48,,15.4,0,0,,
5769591,1998,14053,1994,"ZA","",742162,2,7,414,5,51,50,0,0.6,,0.6533,,32.14,0,0,,
5769729,1998,14053,1997,"ZA","",742176,3,5,473,6,62,3,0,0.6667,,0.5,,39.6667,0,0,,
5769895,1998,14053,1994,"ZA","",705575,3,13,128,3,32,12,0,1,,0.75,,10.25,0,0,,
5772756,1998,14060,1996,"ZA","",,1,16,117,1,19,10,0,1,,0.34,,17.8,,,,
5776143,1998,14067,1996,"ZA","",742762,3,8,606,3,32,3,0,1,,0,,15.3333,0,0,,
5777893,1998,14067,1996,"ZA","",167845,3,12,702,2,22,6,0,1,,0.2778,,11.3333,0,0,,
5778795,1998,14074,1996,"ZA","",742942,3,1,104,5,55,2,1,0.5,0,0,3,25,0,0,0,0
5779711,1998,14074,1995,"ZA","",,5,15,606,3,32,7,0,1,,0.449,,12.4286,,,,
5780452,1998,14074,1995,"ZA","",14230,3,2,514,3,31,1,0,1,,0,,2,1,1,,
5782493,1998,14081,1995,"ZA","",743257,3,10,280,5,55,3,0,0,,,,69.3333,0,0,,
5787538,1998,14095,1996,"ZA","",723185,2,8,15,6,69,4,0,1,,0.75,,15.75,0,0,,
5789257,1998,14095,1996,"ZA","",78505,3,22,436,1,19,0,1,,0,,1,,,,0,0
5789694,1998,14095,1997,"ZA","",716463,3,2,86,5,59,21,0,0.7619,,0.4766,,22.5714,0,0,,
5791112,1998,14102,1996,"ZA","",,1,5,52,6,69,8,1,0.25,0,0,2,48.625,,,,
5791175,1998,14102,1996,"ZA","",,1,4,70,6,65,17,0,0.4706,,0.5313,,43.6471,,,,
5792528,1998,14102,1996,"ZA","",693111,3,13,428,6,69,23,0,1,,0.8393,,13.9565,0,0,,
5792996,1998,14102,1996,"ZA","",167035,2,3,174,4,41,8,0,0.75,,0.2778,,25.875,0,0,,
5793028,1998,14102,1996,"ZA","",,4,7,235,5,59,4,2,1,0,0.625,0,6.25,,,,
5796326,1998,14109,1996,"ZA","",,1,7,337,4,41,2,0,1,,0.5,,18,,,,
5798346,1998,14116,1994,"ZA","",720333,3,14,514,3,31,7,1,1,0,0.449,0,19.7143,0,0,1,1
5799089,1998,14116,1996,"ZA","",744713,3,12,380,2,22,7,1,1,0,0.449,2,4,0,0,0,0
5800406,1998,14123,1996,"ZA","",,1,18,604,3,32,21,0,0.9524,,0.335,,10.5238,,,,
5800703,1998,14123,1995,"ZA","",744897,3,10,210,1,19,11,0,1,,0.6281,,14.3636,0,0,,
5800715,1998,14123,1997,"ZA","",51205,2,12,210,1,19,12,0,0.5,,0,,41.5,0,0,,
5806223,1998,14137,1995,"ZA","",745366,3,12,40,6,69,5,1,0.8,0,0.625,3,28.4,0,0,0,0
5812055,1998,14144,1997,"ZA","",745859,3,23,340,2,21,1,0,1,,0,,3,0,0,,
5813931,1998,14151,1997,"ZA","",746014,3,8,473,6,62,8,0,1,,0.2188,,18.125,0,0,,
5815972,1998,14158,1996,"ZA","",,1,6,42,5,59,14,0,0.6429,,0.3457,,37.6429,,,,
5817162,1998,14158,1995,"ZA","",,1,19,65,5,51,3,0,0.6667,,0,,29.6667,,,,
5817369,1998,14158,1996,"ZA","",746353,3,13,427,1,12,18,0,1,,0.8272,,16.0556,0,0,,
5820017,1998,14165,1996,"ZA","",746572,3,13,229,6,68,7,0,0.7143,,0,,27,0,0,,
5823718,1998,14172,1997,"ZA","",746915,3,13,405,6,64,4,0,1,,0.375,,14.75,0,0,,
5824957,1998,14172,1995,"ZA","",684020,3,11,174,4,41,5,1,1,0,0.8,4,7.2,0,0,0,0
5826482,1998,14179,1996,"ZA","",747173,3,19,91,5,53,4,0,1,,0.75,,11.75,0,0,,
5826700,1998,14179,1997,"ZA","",720253,3,10,198,5,59,4,0,1,,0,,6.5,0,0,,
5827014,1998,14179,1997,"ZA","",747221,3,9,405,6,64,5,0,1,,0.32,,8.2,0,0,,
5829999,1998,14186,1996,"ZA","",,5,24,439,4,41,8,0,0.625,,0.32,,24,,,,
5830072,1998,14186,1996,"ZA","",747519,3,5,473,6,62,6,0,0.8333,,0,,29.1667,0,0,,
5830256,1998,14186,1996,"ZA","",,1,4,75,5,52,6,0,1,,0.4444,,14,,,,
5830874,1998,14186,1995,"ZA","",600100,2,5,514,3,31,3,0,1,,0.6667,,5.3333,0.3333,0.3333,,
5833896,1998,14193,1996,"ZA","",619845,3,13,264,5,51,9,0,1,,0.5185,,10,0,0,,
5836751,1998,14200,1996,"ZA","",729471,3,15,417,5,53,6,0,0.8333,,0,,12.5,0,0,,
5837092,1998,14200,1993,"ZA","",450380,3,1,156,1,19,6,0,0.6667,,0.75,,32.5,0,0,,
5837341,1998,14200,1996,"ZA","",,5,17,428,6,69,2,0,1,,0,,19.5,,,,
5839228,1998,14207,1997,"ZA","",544635,2,5,49,5,59,4,1,1,0,0.375,0,9.25,0.25,0.25,0,0
5839233,1998,14207,1996,"ZA","",,1,9,52,6,69,6,0,0.8333,,0.72,,16.1667,,,,
5841118,1998,14207,1997,"ZA","",748469,3,16,235,5,59,1,0,1,,0,,0,0,0,,
5841866,1998,14207,1995,"ZA","",372575,2,50,705,2,22,37,0,1,,0.6267,,9.1081,0,0,,
5842611,1998,14214,1997,"ZA","",,1,8,222,1,19,7,0,0.7143,,0.72,,39,,,,
5842815,1998,14214,1996,"ZA","",,5,9,404,6,69,4,0,1,,0.625,,14,,,,
5843030,1998,14214,1996,"ZA","",748649,3,8,604,3,32,5,0,1,,0.72,,5.2,0,0,,
5844006,1998,14214,1996,"ZA","",707727,3,16,518,1,19,9,0,0.7778,,0.449,,15.8889,0.1429,0.1111,,
5846146,1998,14221,1997,"ZA","",,1,13,473,6,62,4,0,1,,0.375,,12.25,,,,
5848497,1998,14228,1997,"ZA","",,1,11,52,6,69,13,0,1,,0.4615,,10.0769,,,,
5848715,1998,14228,1996,"ZA","",,1,13,212,5,59,22,0,0.7727,,0.6159,,26,,,,
5849421,1998,14228,1996,"ZA","",749175,3,4,428,6,69,8,0,0.875,,0.5714,,15.375,0,0,,
5851351,1998,14235,1996,"ZA","",749344,3,13,162,1,19,3,0,1,,0.4444,,5,0,0,,
5852841,1998,14242,1998,"ZA","",749464,3,7,15,6,69,3,0,0.6667,,0.5,,19,0,0,,
5852981,1998,14242,1997,"ZA","",,1,16,108,6,69,9,0,0.7778,,0.4082,,23.1111,,,,
5854226,1998,14242,1997,"ZA","",729596,3,12,514,3,31,11,0,1,,0.1653,,6.7273,0,0,,
5855386,1999,14249,1996,"ZA","",749689,3,,280,5,55,7,0,0.4286,,0.6667,,45.2857,0,0,,
5855948,1999,14249,1996,"ZA","",749751,3,,426,6,61,5,1,1,0,0,2,20,0,0,0,0
5857802,1999,14256,1996,"ZA","",,1,,404,6,69,29,0,1,,0.2497,,12.931,,,,
5862550,1999,14270,1997,"ZA","",,1,,5,6,65,9,0,0.7778,,0.4898,,18,,,,
5862579,1999,14270,1997,"ZA","",452160,3,,29,5,52,18,0,0.6667,,0.625,,38.5,0.1,0.0556,,
5865660,1999,14277,1997,"ZA","",,1,,446,6,62,6,0,0.5,,0,,40.5,,,,
5866356,1999,14277,1997,"ZA","",377880,2,,435,3,33,39,0,1,,0.7403,,11.8205,0.3784,0.359,,
5867949,1999,14284,1996,"ZA","",,1,,52,6,69,23,0,0.7391,,0.3045,,29.7391,,,,
5868260,1999,14284,1996,"ZA","",698603,3,,209,5,51,3,0,1,,0.6667,,10.3333,0,0,,
5868527,1999,14284,1997,"ZA","",253535,3,,405,6,64,3,0,0.6667,,0.5,,35.3333,0,0,,
5874688,1999,14298,1996,"ZA","",733310,3,,86,5,59,7,0,0.8571,,0.4444,,25.4286,0,0,,
5875672,1999,14305,1997,"ZA","",,1,,72,5,52,14,0,0.7857,,0.5455,,27.6429,,,,
5875857,1999,14305,1996,"ZA","",,1,,173,5,51,6,0,1,,0.5,,9.5,,,,
5875881,1999,14305,1998,"ZA","",751502,3,,198,5,59,5,0,0.8,,0.375,,22.6,0,0,,
5876622,1999,14305,1997,"ZA","",,1,,252,1,19,3,0,1,,0.4444,,5.3333,,,,
5879600,1999,14312,1997,"ZA","",727917,3,,264,5,51,4,0,0.75,,0.6667,,19.5,0,0,,
5883302,1999,14319,1997,"ZA","",752129,3,,73,4,43,5,0,1,,0.32,,14.4,0,0,,
5885359,1999,14326,1997,"ZA","",,1,,127,1,11,0,0,,,,,,,,,
5887409,1999,14333,1997,"ZA","",752485,3,,53,6,68,10,0,0.9,,0,,19.6,0,0,,
5887626,1999,14333,1997,"ZA","",752497,3,,138,6,67,21,1,0.619,0,0.6627,1,31.0952,0,0,0,0
5895194,1999,14354,1997,"ZA","",707695,3,,414,5,51,7,0,0.8571,,0.5,,24.5714,0,0,,
5895772,1999,14354,1997,"ZA","",,1,,502,1,19,8,0,1,,0,,7.125,,,,
5896082,1999,14354,1996,"ZA","",742308,3,,340,2,21,9,0,1,,0,,7.6667,0,0,,
5897141,1999,14361,1997,"ZA","",753310,2,,281,6,69,5,0,1,,0.48,,6.6,0,0,,
5900321,1999,14368,1996,"ZA","",753608,3,,428,6,69,21,0,1,,0.8209,,15.4286,0,0,,
5902175,1999,14375,1997,"ZA","",753799,3,,451,5,51,6,0,1,,0.5,,16.5,0,0,,
5902556,1999,14375,1996,"ZA","",753840,3,,422,1,19,3,0,1,,0.6667,,7.6667,0,0,,
5904171,1999,14382,1997,"ZA","",754004,3,,137,6,69,4,0,1,,0.5,,7.25,0,0,,
5905225,1999,14382,1996,"ZA","",716463,3,,89,5,59,9,0,1,,0.6173,,13.5556,0,0,,
5906227,1999,14389,1997,"ZA","",682289,3,,141,5,51,13,0,0.3077,,0,,43.2308,0,0,,
5909730,1999,14403,1997,"ZA","",708881,3,,126,6,66,4,0,0.75,,0.4444,,35.75,0,0,,
5909891,1999,14403,1997,"ZA","",754514,2,,280,5,55,12,0,0.75,,0.5185,,30.9167,0,0,,
5911304,1999,14410,1997,"ZA","",754641,3,,198,5,59,4,0,0.25,,0,,46,0,0,,
5911493,1999,14410,1997,"ZA","",,1,,362,4,42,6,0,1,,0.4444,,5.1667,,,,
5915483,1999,14424,1996,"ZA","",,1,,173,5,51,10,0,1,,0.32,,10.2,,,,
5919497,1999,14431,1997,"ZA","",755387,3,,425,5,51,11,0,0.3636,,0.375,,59.3636,0,0,,
5919674,1999,14431,1998,"ZA","",755400,3,,435,3,33,2,0,1,,0.5,,16,0,0,,
5921341,1999,14438,1996,"ZA","",749689,3,,180,5,55,16,0,0.5625,,0.5926,,37.25,0,0,,
5921647,1999,14438,1997,"ZA","",755577,3,,312,6,65,7,0,1,,0.449,,18.2857,0,0,,
5922337,1999,14438,1996,"ZA","",8965,3,,424,3,31,6,0,1,,0.6667,,15.1667,0,0,,
5922698,1999,14438,1994,"ZA","",720333,3,,514,3,31,8,0,1,,0.4063,,18.25,0.1429,0.125,,
5925258,1999,14445,1996,"ZA","",619845,3,,210,1,19,3,0,0.6667,,0,,39.3333,0,0,,
5928046,1999,14452,1998,"ZA","",756126,3,,441,6,69,3,0,1,,0,,25.6667,0,0,,
5928576,1999,14452,1997,"ZA","",135115,3,,264,5,51,9,0,1,,0.1975,,21,0,0,,
5930856,1999,14459,1997,"ZA","",723185,2,,15,6,69,23,0,0.8261,,0.5706,,23.3478,0.2,0.087,,
5933544,1999,14459,1997,"ZA","",,1,,382,2,22,6,0,1,,0.7222,,13.3333,,,,
5934136,1999,14466,1998,"ZA","",288265,3,,72,5,52,3,0,1,,0,,23.3333,0,0,,
5934285,1999,14466,1995,"ZA","",,5,,128,3,32,18,0,1,,0.1975,,9.5556,,,,
5934499,1999,14466,1997,"ZA","",,1,,220,6,68,3,0,0.6667,,0.5,,40.6667,,,,
5935597,1999,14466,1997,"ZA","",756759,3,,424,3,31,3,0,1,,0.6667,,5,0,0,,
5938042,1999,14473,1997,"ZA","",,1,,209,5,51,4,0,0.5,,0,,44.5,,,,
5938376,1999,14473,1997,"ZA","",,1,,405,6,64,5,0,1,,0.48,,14.2,,,,
5938436,1999,14473,1997,"ZA","",757018,3,,433,3,39,13,0,1,,0.6036,,18.5385,0,0,,
5938824,1999,14473,1996,"ZA","",129455,3,,106,1,12,22,0,0.9545,,0.8435,,17.5455,0,0,,
5942653,1999,14480,1996,"ZA","",757380,3,,585,1,19,4,0,1,,0,,11.75,0,0,,
5944167,1999,14487,1998,"ZA","",751502,3,,198,5,59,3,0,1,,0,,5.3333,0,0,,
5944620,1999,14487,1997,"ZA","",,1,,473,6,62,7,0,0.8571,,0,,14.2857,,,,
5945002,1999,14487,1996,"ZA","",619845,3,,210,1,19,8,0,1,,0.5938,,8.5,0,0,,
5945236,1999,14487,1998,"ZA","",,1,,429,4,45,4,0,0.75,,0,,31,,,,
5948375,1999,14494,1998,"ZA","",755400,3,,423,1,19,9,0,1,,0.6173,,7.2222,0,0,,
5950143,1999,14494,1997,"ZA","",745859,3,,702,2,22,1,0,1,,0,,4,0,0,,
5950701,1999,14501,1998,"ZA","",185311,3,,160,6,69,19,0,1,,0.277,,13.3684,0,0,,
5952318,1999,14501,1998,"ZA","",482365,3,,514,3,31,0,0,,,,,,,,,
5952358,1999,14501,1997,"ZA","",727589,3,,514,3,31,1,0,1,,0,,6,0,0,,
5953851,1999,14508,1996,"ZA","",,1,,43,6,61,16,0,0.25,,0,,48.3125,,,,
5957079,1999,14515,1998,"ZA","",,1,,114,5,55,5,0,1,,0.48,,17,,,,
5958355,1999,14515,1997,"ZA","",693111,3,,423,1,19,7,0,0.8571,,0.5,,28.8571,0.25,0.1429,,
5958657,1999,14515,1999,"ZA","",758822,3,,430,1,19,3,0,1,,0.4444,,18.3333,0,0,,
5959549,1999,14515,1996,"ZA","",758879,3,,340,2,21,7,0,1,,0.7755,,9.7143,0,0,,
5960801,1999,14522,1997,"ZA","",758987,3,,132,6,65,10,0,0.5,,0.32,,47.2,0,0,,
5961090,1999,14522,1998,"ZA","",,1,,248,6,69,5,0,1,,0,,9.6,,,,
5961277,1999,14522,1997,"ZA","",745859,3,,415,5,53,4,0,1,,0.75,,14.25,0,0,,
5961341,1999,14522,1997,"ZA","",382575,2,,439,4,41,14,0,0.9286,,0.142,,18.1429,0.0833,0.0714,,
5961404,1999,14522,1998,"ZA","",746014,3,,473,6,62,6,0,1,,0.2778,,17.5,0,0,,
5962363,1999,14522,1997,"ZA","",757380,3,,502,1,19,4,0,1,,0.5,,15.25,0,0,,
5963886,1999,14522,1997,"ZA","",745859,3,,702,2,22,6,0,1,,0.6111,,10.1667,0,0,,
5966083,1999,14529,1997,"ZA","",749018,3,,340,2,21,11,0,1,,0.5289,,14.5455,0,0,,
5967645,1999,14536,1997,"ZA","",,1,,362,4,42,5,0,1,,0.72,,4.8,,,,
5967702,1999,14536,1998,"ZA","",,1,,405,6,64,13,0,0.9231,,0.8056,,14.3077,,,,
5968053,1999,14536,1997,"ZA","",759623,2,,606,3,32,8,0,1,,0.5938,,4.25,0,0,,
5970557,1999,14543,1997,"ZA","",,1,,15,6,69,6,0,1,,0,,15,,,,
5972137,1999,14543,1996,"ZA","",733310,3,,149,1,19,10,0,1,,0,,12.5,0,0,,
5972375,1999,14543,1997,"ZA","",742762,3,,424,3,31,4,0,1,,0.375,,5.25,0,0,,
5972533,1999,14543,1997,"ZA","",728084,3,,429,4,45,75,0,1,,0.1031,,12.4533,0.0135,0.0133,,
5975529,1999,14550,1995,"ZA","",,1,,273,6,62,9,0,1,,0,,3.8889,,,,
5978717,1999,14550,1997,"ZA","",760494,2,,701,2,22,3,0,1,,0,,1,0,0,,
5979073,1999,14557,1998,"ZA","",742762,3,,34,1,19,4,0,1,,0.375,,5,0,0,,
5980288,1999,14557,1997,"ZA","",,1,,439,4,41,4,0,1,,0.375,,19.25,,,,
5980852,1999,14557,1994,"ZA","",,1,,423,1,19,3,0,1,,0,,9.3333,,,,
5984913,1999,14564,1996,"ZA","",,5,,604,3,32,24,0,0.9167,,0.4339,,12.625,,,,
5987787,1999,14571,1998,"ZA","",761328,3,,37,6,64,5,0,0.6,,0,,28.6,0,0,,
5988001,1999,14571,1997,"ZA","",,1,,73,4,43,3,0,1,,0.6667,,12.6667,,,,
5989254,1999,14571,1998,"ZA","",,1,,606,3,32,5,0,1,,0,,1.8,,,,
5992063,1999,14578,1999,"ZA","",751053,3,,37,6,64,22,0,0.6364,,0.7449,,34.9091,0,0,,
5992476,1999,14578,1998,"ZA","",682289,3,,141,5,51,13,0,0.3077,,0,,43.2308,0,0,,
5993737,1999,14578,1997,"ZA","",742762,3,,422,1,19,7,0,1,,0,,12.8571,0,0,,
5994208,1999,14578,1997,"ZA","",,1,,438,4,46,13,0,1,,0.6982,,6.3077,,,,
5994720,1999,14578,1997,"ZA","",761974,3,,257,4,46,3,0,1,,0,,6.6667,0,0,,
5995017,1999,14578,1997,"ZA","",749018,3,,340,2,21,31,0,1,,0.4932,,10.0968,0,0,,
5996136,1999,14585,1998,"ZA","",762082,2,,4,6,65,3,0,1,,0.4444,,21.6667,0,0,,
5996832,1999,14585,1997,"ZA","",762163,3,,220,6,68,25,0,0.8,,0.585,,21.12,0,0,,
5996854,1999,14585,1998,"ZA","",,1,,222,1,19,7,0,1,,0.6939,,10.4286,,,,
5997606,1999,14585,1998,"ZA","",755400,3,,75,5,52,5,0,1,,0,,6,0,0,,
6001081,1999,14592,1998,"ZA","",148395,2,,604,3,32,5,0,1,,0,,4.8,0,0,,
6001355,1999,14592,1992,"ZA","",,1,,424,3,31,9,0,1,,0.4938,,10.2222,,,,
6003952,1999,14599,1998,"ZA","",,1,,299,6,64,6,0,1,,0.2778,,21.6667,,,,
6004076,1999,14599,1997,"ZA","",724558,3,,405,6,64,13,0,0.8462,,0.7769,,19.9231,0,0,,
6007861,1999,14606,1997,"ZA","",,1,,426,6,61,2,0,1,,0,,8.5,,,,
6007943,1999,14606,1998,"ZA","",728084,3,,429,4,45,77,0,1,,0.1005,,12.7403,0.0132,0.013,,
6008416,1999,14606,1998,"ZA","",741130,2,,568,1,14,7,0,1,,0.449,,14.5714,0,0,,
