4802895,1989,10630,1987,"ZA","",,1,5,51,5,59,7,9,1,0.3704,0.449,4.5556,5.4286,,,,
4804065,1989,10637,1987,"ZA","",,1,7,184,5,59,5,5,0.6,0,0,6.2,29.2,,,,
4804353,1989,10637,1987,"ZA","",221195,3,3,474,5,53,2,2,0.5,0,0,7.5,45,0,0,0,0
4804402,1989,10637,1987,"ZA","",,1,6,71,1,11,3,2,1,0.5,0.6667,5,13.3333,,,,
4804460,1989,10637,1988,"ZA","",685893,3,27,209,5,51,6,6,1,0.6667,0.7222,6.3333,14.3333,0,0,0,0
4805371,1989,10644,1986,"ZA","",335450,3,3,52,6,69,14,0,0.4286,,0.6667,,48.1429,0,0,,
4805415,1989,10644,1987,"ZA","",219130,3,9,62,6,69,0,0,,,,,,,,,
4805664,1989,10644,1988,"ZA","",,1,6,137,6,69,6,4,0.8333,0.625,0.72,2.75,20.1667,,,,
4807246,1989,10644,1987,"ZA","",88455,3,6,373,6,66,2,2,0.5,0,0,10,29.5,0,0,0,0
4807318,1989,10651,1987,"ZA","",125445,3,13,15,6,69,5,10,0.6,0.6,0,6.7,25.4,1,0.2,0,0
4809367,1989,10658,1987,"ZA","",430030,3,6,4,6,65,3,1,1,0,0,3,18,0,0,0,0
4809373,1989,10658,1987,"ZA","",,5,7,5,6,65,6,1,0.1667,0,0,3,37.3333,,,,
4810159,1989,10658,1986,"ZA","",,1,6,414,5,51,8,0,0.75,,0.5,,19.875,,,,
4810219,1989,10658,1987,"ZA","",,1,3,441,6,69,1,3,1,0,0,8.3333,4,,,,
4812282,1989,10665,1987,"ZA","",540815,3,20,264,5,51,3,2,1,0.5,0.4444,2.5,9.6667,0,0,0,0
4813567,1989,10672,1987,"ZA","",118435,3,10,220,6,68,6,1,1,0,0,2,8.3333,0,0,0,0
4815623,1989,10679,1987,"ZA","",187930,3,11,220,6,68,2,4,0.5,0.75,0,7.25,30.5,0,0,0,0
4816076,1989,10679,1987,"ZA","",580010,3,4,127,1,11,4,1,0.75,0,0,4,20.25,0,0,0,0
4816650,1989,10679,1987,"ZA","",,1,6,235,5,59,3,0,1,,0.4444,,18,,,,
4816682,1989,10679,1987,"ZA","",,1,21,250,4,44,5,0,1,,0.72,,7,,,,
4817060,1989,10679,1987,"ZA","",529520,3,24,367,2,21,5,2,1,0,0,7.5,3.2,0,0,0,0
4817225,1989,10686,1988,"ZA","",46580,3,10,15,6,69,4,6,0.75,0.2778,0,6.3333,16,0,0,0,0
4817892,1989,10686,1987,"ZA","",,1,10,244,5,55,8,9,0.625,0.3457,0.64,3.7778,25.625,,,,
4819338,1989,10693,1987,"ZA","",104285,3,12,33,6,69,4,2,0.25,0,0,8,44,0,0,0,0
4819560,1989,10693,1987,"ZA","",143900,3,16,102,1,19,5,25,1,0.3424,0,6.4,7,0,0,0,0
4819846,1989,10693,1987,"ZA","",,1,3,224,6,68,17,21,0.5294,0.7664,0.4938,6.2381,33.1765,,,,
4819904,1989,10693,1987,"ZA","",,1,7,248,6,69,11,5,0.2727,0.72,0.4444,7.2,37.0909,,,,
4819950,1989,10693,1987,"ZA","",,1,5,277,6,67,4,0,0.75,,0,,13.75,,,,
4821465,1989,10700,1986,"ZA","",,1,3,451,5,51,13,2,0.8462,0.5,0.314,8,15.7692,,,,
4821886,1989,10700,1988,"ZA","",,1,4,209,5,51,16,2,0.3125,0,0.64,5,49.5,,,,
4821893,1989,10700,1987,"ZA","",589290,3,5,211,6,65,7,1,0.5714,0,0.625,3,25.7143,0,0,0,0
4821917,1989,10700,1987,"ZA","",123275,3,14,221,5,51,9,2,0.5556,0.5,0.72,6.5,37.6667,0,0,0,0
4822280,1989,10700,1987,"ZA","",,1,8,433,3,39,2,7,0,0.449,,7.7143,46.5,,,,
4824115,1989,10707,1987,"ZA","",,1,12,473,6,62,7,8,0.5714,0.2188,0,6,36,,,,
4825702,1989,10714,1987,"ZA","",532955,3,19,73,4,43,10,5,0.8,0,0.2188,5.6,18.8,0,0,0,0
4825771,1989,10714,1987,"ZA","",143885,3,1,104,5,55,9,2,0.3333,0,0.4444,6.5,56.5556,0,0,0,0
4826017,1989,10714,1986,"ZA","",607315,3,23,209,5,51,18,3,0.6111,0.4444,0.6116,9.3333,27.8889,0,0,0,0
4827215,1989,10714,1987,"ZA","",128770,3,5,324,4,43,15,8,0.6667,0,0.18,6.875,23.8,0,0,0,0
4827648,1989,10721,1987,"ZA","",,1,3,40,6,69,3,2,1,0,0,3.5,2.6667,,,,
4827848,1989,10721,1986,"ZA","",464705,3,7,104,5,55,3,1,0.3333,0,0,4,40,0,0,0,0
4828140,1989,10721,1987,"ZA","",,1,10,220,6,68,11,5,0.2727,0.56,0.4444,7.8,47.7273,,,,
4828155,1989,10721,1987,"ZA","",,1,8,223,6,63,7,12,0.5714,0,0,4.3333,23.5714,,,,
4829900,1989,10728,1987,"ZA","",72370,3,6,102,1,19,5,3,0.4,0.4444,0.5,7.6667,30.8,0,0,0,0
4830160,1989,10728,1987,"ZA","",452560,3,3,192,5,53,3,1,0,0,,4,54,0,0,0,0
4830237,1989,10728,1987,"ZA","",,1,2,223,6,63,9,2,0.4444,0,0.375,6,36.3333,,,,
4830543,1989,10728,1986,"ZA","",,1,7,405,6,64,13,2,0.6923,0.5,0.3704,9.5,27.6923,,,,
4832309,1989,10735,1987,"ZA","",,1,8,249,6,69,6,2,0.5,0.5,0.4444,6.5,48.3333,,,,
4832316,1989,10735,1987,"ZA","",,1,15,256,6,65,10,2,0.6,0.5,0.5,3.5,41.7,,,,
4833328,1989,10735,1987,"ZA","",,1,20,250,4,44,3,9,1,0.4938,0.6667,4.4444,13.6667,,,,
4833738,1989,10742,1987,"ZA","",430030,3,7,4,6,65,6,3,0.8333,0,0.48,5.6667,21.1667,0,0,0,0
4836079,1989,10749,1988,"ZA","",129865,3,17,86,5,59,8,5,0.875,0,0.5714,6,18.25,0,0,0,0
4836178,1989,10749,1987,"ZA","",,1,7,125,5,51,9,2,0.5556,0,0.72,4,22.5556,,,,
4836926,1989,10749,1987,"ZA","",377105,3,8,210,1,19,4,1,0.5,0,0,5,31.25,1,0.25,0,0
4836936,1989,10749,1987,"ZA","",17720,3,3,210,1,19,7,2,0.5714,0,0,7.5,21.7143,0,0,0,0
4838336,1989,10756,1988,"ZA","",205440,3,13,164,5,52,4,2,1,0,0,4.5,12.25,0,0,0,0
4839052,1989,10756,1988,"ZA","",124835,3,12,210,1,19,23,11,0.913,0.1653,0.254,5.0909,13.1304,0,0,0,0
4839063,1989,10756,1986,"ZA","",537600,3,22,210,1,19,25,5,0.92,0.48,0.6692,8.8,13.8,0,0,0,0
4841850,1989,10770,1987,"ZA","",409270,3,7,99,6,61,7,3,0.4286,0,0.6667,7,27.7143,0,0,0,0
4842063,1989,10770,1987,"ZA","",,1,18,166,6,64,6,2,1,0,0,9,5.5,,,,
4842729,1989,10770,1986,"ZA","",120905,3,18,210,1,19,11,6,0.7273,0.6111,0.5938,7.1667,19.4545,0,0,0.3333,0.1667
4844364,1989,10777,1988,"ZA","",,1,4,241,5,51,2,1,0.5,0,0,8,26.5,,,,
4844365,1989,10777,1988,"ZA","",,1,15,241,5,51,4,2,1,0,0,8,14.25,,,,
4844457,1989,10777,1988,"ZA","",,1,2,473,6,62,9,0,0.8889,,0.5313,,25.6667,,,,
4845042,1989,10777,1985,"ZA","",532955,3,37,436,1,19,9,8,1,0,0.5679,10.125,7.6667,0,0,0,0
4846288,1989,10784,1987,"ZA","",543210,3,6,173,5,51,3,0,0.6667,,0.5,,29.6667,1,0.3333,,
4846634,1989,10784,1987,"ZA","",272755,2,14,417,5,53,6,1,0.6667,0,0.375,10,40.6667,0,0,0,0
4846943,1989,10784,1987,"ZA","",337585,3,8,205,1,19,5,6,1,0.5,0.56,7.8333,15.6,0,0,0,0
4846973,1989,10784,1988,"ZA","",64300,3,7,210,1,19,6,2,1,0,0,4.5,7.1667,0,0,0,0
4848394,1989,10791,1987,"ZA","",395375,3,7,137,6,69,3,2,0.6667,0,0.5,8,46.3333,0,0,0,0
4848438,1989,10791,1988,"ZA","",205440,3,15,164,5,52,6,2,1,0,0.5,4.5,17,0,0,0,0
4848889,1989,10791,1986,"ZA","",494490,3,7,351,3,39,0,2,,0,,9,,,,0,0
4849024,1989,10791,1988,"ZA","",336380,3,10,134,6,69,4,13,1,0.3787,0.625,5.6923,14.75,0,0,0,0
4850916,1989,10798,1987,"ZA","",,1,3,441,6,69,10,4,0.5,0.625,0.64,5.25,42.2,,,,
4851005,1989,10798,1988,"ZA","",532955,3,6,623,3,39,9,14,0.8889,0.3367,0.5313,5.9286,16.4444,0.2,0.1111,0,0
4852663,1989,10805,1987,"ZA","",543210,3,4,173,5,51,1,3,1,0.4444,0,8.6667,17,0,0,0,0
4853157,1989,10805,1984,"ZA","",8965,3,4,558,1,14,6,3,1,0.4444,0.6111,6,16.1667,0,0,0,0
4853557,1989,10805,1988,"ZA","",,1,11,307,4,49,8,4,1,0.75,0.5313,3.5,11.5,,,,
4854129,1989,10812,1988,"ZA","",,1,11,62,6,69,13,6,0.7692,0.5,0.18,6.1667,20.3846,,,,
4854402,1989,10812,1987,"ZA","",140190,3,8,175,6,64,3,0,0.6667,,0.5,,13.3333,0,0,,
4856552,1989,10819,1987,"ZA","",514245,3,12,137,6,69,15,2,0.8,0,0.7778,6.5,12.8667,0,0,0,0
4856894,1989,10819,1987,"ZA","",10545,3,18,356,4,43,8,0,0.25,,0.5,,47.375,0,0,,
4857047,1989,10819,1988,"ZA","",,1,10,604,3,32,3,9,1,0.5679,0,6.2222,10.6667,,,,
4857172,1989,10819,1987,"ZA","",,1,10,209,5,51,4,2,0.5,0,0.5,3.5,17.25,,,,
4857828,1989,10819,1987,"ZA","",121135,3,10,340,2,21,7,4,1,0.625,0.7347,4.75,8,0,0,0,0
4859534,1989,10826,1988,"ZA","",100225,3,4,428,6,69,9,2,0.6667,0,0.5,8.5,22.5556,0,0,0,0
4859833,1989,10826,1987,"ZA","",,1,1,219,4,49,14,1,0.3571,0,0,11,42.7143,,,,
4860517,1989,10833,1988,"ZA","",260550,3,25,52,6,69,6,4,0.5,0,0,5,41.5,0,0,0,0
4860562,1989,10833,1986,"ZA","",,1,13,70,6,65,5,2,0.6,0,0,4,41.2,,,,
4861350,1989,10833,1988,"ZA","",,1,9,51,5,59,11,22,0.9091,0.6901,0.78,6.3636,11.5455,,,,
4861392,1989,10833,1988,"ZA","",,5,13,148,5,52,5,2,0.4,0.5,0.5,4,37.6,,,,
4861446,1989,10833,1989,"ZA","",595580,3,12,204,1,19,2,1,0.5,0,0,9,28.5,1,0.5,0,0
4862774,1989,10840,1988,"ZA","",,1,11,81,5,59,8,1,0.75,0,0,7,21.75,,,,
4865333,1989,10847,1987,"ZA","",,1,4,277,6,67,14,1,0.5714,0,0,5,19.6429,,,,
4865861,1989,10847,1988,"ZA","",409270,3,4,426,6,61,2,2,1,0,0.5,5.5,9,0,0,0,0
4867338,1989,10854,1985,"ZA","",69490,3,8,220,6,68,21,1,0.5238,0,0.7438,6,32,0,0,0,0
4868480,1989,10854,1987,"ZA","",,1,2,322,4,45,4,5,1,0.72,0.375,5.4,16.5,,,,
4868998,1989,10861,1988,"ZA","",,1,7,34,1,19,1,5,1,0,0,5,25,,,,
4869379,1989,10861,1987,"ZA","",,1,15,211,6,65,5,3,0.4,0.4444,0,7.3333,35.8,,,,
4869380,1989,10861,1987,"ZA","",614280,3,2,211,6,65,4,6,1,0.6111,0.625,5.3333,12.25,0,0,0,0
4869514,1989,10861,1987,"ZA","",242885,3,6,277,6,67,7,3,0.7143,0.4444,0.32,8.3333,15.8571,0,0,0,0
4870766,1989,10868,1987,"ZA","",,1,14,40,6,69,4,4,0.5,0,0,7,41.75,,,,
4872333,1989,10875,1986,"ZA","",,1,4,72,5,52,15,6,0.9333,0.5,0.6327,8.6667,12.4,,,,
4874344,1989,10882,1988,"ZA","",,1,3,446,6,62,9,3,0.5556,0.4444,0.72,4.6667,28.8889,,,,
4875940,1989,10889,1988,"ZA","",580010,3,1,127,1,11,7,0,1,,0.449,,6.4286,0,0,,
4876001,1989,10889,1987,"ZA","",336380,3,12,210,1,19,11,0,0.8182,,0.3704,,17.0909,0,0,,
4877192,1989,10896,1988,"ZA","",,1,8,241,5,51,2,0,1,,0,,17.5,,,,
4878729,1989,10903,1985,"ZA","",538695,2,5,385,2,21,23,3,1,0.4444,0.4197,6.3333,7.9565,0,0,0.6667,0.6667
4879845,1989,10910,1989,"ZA","",,1,13,451,5,51,3,0,0.3333,,0,,33.3333,,,,
4880154,1989,10910,1987,"ZA","",,1,4,228,5,52,5,0,1,,0.72,,10.6,,,,
4880278,1989,10910,1987,"ZA","",,1,4,299,6,64,5,1,1,0,0,9,7,,,,
4881331,1989,10917,1987,"ZA","",214045,3,22,37,6,64,12,2,0.75,0,0.6173,6,20.1667,0,0,0,0
4881971,1989,10917,1988,"ZA","",,1,6,75,5,52,5,1,0.4,0,0,1,32.2,,,,
4881991,1989,10917,1987,"ZA","",,1,16,148,5,52,0,1,,0,,4,,,,,
4882947,1989,10924,1989,"ZA","",,1,21,475,5,53,16,4,0.125,0.375,0,4,44.125,,,,
4883276,1989,10924,1988,"ZA","",,1,5,473,6,62,1,3,1,0,0,4,2,,,,
4883648,1989,10924,1987,"ZA","",,1,3,117,1,19,3,4,1,0.375,0.4444,5,10,,,,
4884654,1989,10931,1987,"ZA","",,1,8,180,5,55,5,4,0.4,0.625,0,5.75,38.4,,,,
4884765,1989,10931,1988,"ZA","",,1,18,244,5,55,11,2,0.5455,0,0.5,8,32.0909,,,,
4884954,1989,10931,1982,"ZA","",,1,9,417,5,53,22,7,0.5909,0.5714,0.4852,11.1429,31.9545,,,,
4886399,1989,10938,1988,"ZA","",,1,14,405,6,64,1,4,1,0.5,0,7,11,,,,
4888483,1989,10945,1988,"ZA","",,1,11,250,4,44,7,1,1,0,0.2449,6,10.5714,,,,
4888871,1989,10952,1989,"ZA","",94880,3,3,30,6,65,5,0,1,,0.32,,2.2,0,0,,
4888956,1989,10952,1988,"ZA","",,1,19,62,6,69,9,4,1,0.375,0.4444,5.25,9,,,,
4889622,1989,10952,1988,"ZA","",,5,1,210,1,19,5,17,1,0.1107,0.56,5.5882,14.8,,,,
4890736,1990,10959,1989,"ZA","",,1,4,206,6,68,5,10,1,0.82,0.32,5.1,11.8,,,,
4891060,1990,10959,1988,"ZA","",569700,3,8,75,5,52,2,0,1,,0,,6,0,0,,
4892289,1990,10966,1982,"ZA","",128770,3,4,251,5,53,8,2,0.75,0,0.7222,9,19.5,0,0,0,0
4892305,1990,10966,1987,"ZA","",,1,7,482,5,59,15,1,0.6667,0,0.58,7,29.1333,,,,
4893705,1990,10973,1988,"ZA","",,1,8,194,5,59,2,3,1,0.6667,0.5,6.6667,9,,,,
4894229,1990,10973,1986,"ZA","",532955,3,43,424,3,31,5,26,1,0.784,0.56,8.2308,14.4,0,0,0,0
4896416,1990,10987,1988,"ZA","",,1,8,29,5,52,11,2,0.7273,0.5,0.5938,6,26.1818,,,,
4897626,1990,10987,1988,"ZA","",,1,8,336,4,41,10,1,0.6,0,0.2778,3,24.1,,,,
4897949,1990,10994,1988,"ZA","",,1,12,42,5,59,9,1,0.1111,0,0,7,56.3333,,,,
4898390,1990,10994,1988,"ZA","",,1,4,273,6,62,5,1,0.4,0,0.5,8,26,,,,
4899972,1990,11001,1987,"ZA","",,1,10,248,6,69,9,0,0.5556,,0.64,,30.8889,,,,
4900092,1990,11001,1988,"ZA","",72370,3,3,299,6,64,3,6,0.6667,0,0.5,5.8333,19.6667,0,0,0,0
4902073,1990,11008,1988,"ZA","",,1,6,299,6,64,4,11,1,0.4463,0.375,5.7273,4.5,,,,
4902623,1990,11008,1986,"ZA","",532955,3,14,435,3,33,2,1,1,0,0,10,10,0,0,0,0
4903712,1990,11015,1989,"ZA","",577470,3,3,131,6,61,8,1,0.75,0,0.2778,3,27.125,0,0,0,0
4904374,1990,11015,1988,"ZA","",505475,3,11,209,5,51,6,1,0.5,0,0.4444,3,29.6667,0,0,0,0
4904432,1990,11015,1988,"ZA","",11540,3,12,264,5,51,2,0,0.5,,0,,36,0,0,,
4904969,1990,11015,1988,"ZA","",105190,3,19,335,4,41,2,0,0.5,,0,,26,0,0,,
4908125,1990,11029,1988,"ZA","",247990,3,16,209,5,51,12,4,0.5833,0.625,0.2449,3.5,26,0.1667,0.0833,0.25,0.25
4909972,1990,11036,1986,"ZA","",,1,12,264,5,51,38,14,0.6316,0.7143,0.7986,8.2143,32.0789,,,,
4911076,1990,11043,1988,"ZA","",8965,3,4,102,1,19,12,5,0.8333,0.32,0,4.8,14.0833,0,0,0,0
4911438,1990,11043,1989,"ZA","",608465,3,8,482,5,59,8,16,0.75,0,0,5.125,22.375,0,0,0,0
4912256,1990,11043,1988,"ZA","",393095,3,13,562,1,14,1,3,1,0.4444,0,6.6667,2,0,0,0.3333,0.3333
4912877,1990,11050,1989,"ZA","",,1,7,49,5,59,6,5,0.3333,0.56,0.5,6,42.6667,,,,
4912952,1990,11050,1987,"ZA","",123685,3,5,70,6,65,3,2,1,0,0.4444,7,6,0,0,0,0
4914356,1990,11050,1988,"ZA","",5605,3,15,315,4,42,15,21,1,0.3946,0.1244,4.3333,7.4667,0,0,0,0
4914409,1990,11050,1988,"ZA","",105190,3,13,335,4,41,2,0,0.5,,0,,27,0,0,,
4915211,1990,11057,1988,"ZA","",,5,18,198,5,59,5,4,0.6,0.375,0,4.5,18.4,,,,
4915312,1990,11057,1988,"ZA","",514245,3,9,239,5,59,23,2,0.3043,0.5,0,7,42.913,0,0,0,0
4915339,1990,11057,1983,"ZA","",253535,3,7,248,6,69,3,1,1,0,0,9,11,0,0,1,1
4915359,1990,11057,1989,"ZA","",109615,3,13,256,6,65,3,1,1,0,0.4444,2,3.3333,0,0,0,0
4915423,1990,11057,1989,"ZA","",,1,10,285,6,67,6,1,0,0,,8,53,,,,
4915646,1990,11057,1988,"ZA","",295065,3,9,439,4,41,3,0,0.6667,,0.5,,17,0,0,,
4916433,1990,11057,1988,"ZA","",,1,31,340,2,21,5,2,0.8,0,0.375,2,19,,,,
4917135,1990,11064,1989,"ZA","",348890,2,22,137,6,69,17,5,0.8235,0.48,0.551,3.6,16.4118,0,0,0,0
4920331,1990,11071,1988,"ZA","",503755,3,17,340,2,21,4,3,1,0.4444,0.375,4.3333,8.25,0,0,0,0
4921601,1990,11078,1988,"ZA","",,1,8,210,1,19,6,0,0.8333,,0.32,,16.3333,,,,
4921682,1990,11078,1988,"ZA","",494300,3,10,423,1,19,8,1,1,0,0,6,7,0,0,0,0
4923131,1990,11085,1988,"ZA","",,1,9,241,5,51,3,2,0.6667,0,0,8,24,,,,
4923403,1990,11085,1985,"ZA","",532955,3,8,435,3,33,5,0,1,,0.32,,10,0,0,,
4923615,1990,11085,1989,"ZA","",124830,3,13,210,1,19,4,0,0.75,,0.6667,,17.75,0,0,,
4925315,1990,11092,1988,"ZA","",,1,5,374,4,43,2,2,0.5,0.5,0,7,49.5,,,,
4926656,1990,11099,1989,"ZA","",49900,2,16,62,6,69,14,1,0.7143,0,0.48,3,23.5714,0,0,0,0
4927022,1990,11099,1989,"ZA","",123935,3,28,206,6,68,3,0,0.3333,,0,,56.6667,0,0,,
4927270,1990,11099,1988,"ZA","",,1,9,374,4,43,9,4,0.8889,0.625,0.6563,7.75,21.5556,,,,
4928333,1990,11106,1989,"ZA","",,5,7,5,6,65,6,0,0.5,,0,,43.6667,,,,
4929603,1990,11106,1988,"ZA","",482365,3,1,514,3,31,0,1,,0,,5,,,,0,0
4929897,1990,11106,1988,"ZA","",128770,3,9,324,4,43,19,4,0.6842,0,0.142,5,23.8421,0,0,0,0
4931758,1990,11113,1988,"ZA","",105190,3,8,335,4,41,5,6,1,0.2778,0,6.1667,9,0,0,0.1667,0.1667
4931804,1990,11113,1988,"ZA","",330165,3,9,346,4,49,3,0,0.6667,,0.5,,18.3333,0,0,,
4933075,1990,11120,1988,"ZA","",,1,4,209,5,51,3,3,1,0.4444,0.4444,3,12.6667,,,,
4934082,1990,11127,1988,"ZA","",,4,11,42,5,59,11,1,0.3636,0,0,5,54.4545,,,,
4934270,1990,11127,1988,"ZA","",8965,3,13,102,1,19,6,0,0.1667,,0,,54.5,0,0,,
4936989,1990,11134,1989,"ZA","",304600,3,2,210,1,19,4,1,1,0,0,8,10.5,0,0,0,0
4937262,1990,11134,1987,"ZA","",164335,3,10,514,3,31,2,1,1,0,0.5,7,4,0,0,0,0
4939806,1990,11148,1989,"ZA","",336380,3,8,15,6,69,7,8,1,0.2188,0.7347,5.125,10.2857,0,0,0,0
4939993,1990,11148,1989,"ZA","",8965,3,3,102,1,19,5,8,0.4,0.2188,0.5,6.25,37.4,0,0,0,0
4940180,1990,11148,1989,"ZA","",,1,10,228,5,52,3,7,1,0.7755,0.4444,3.2857,4.6667,,,,
4940261,1990,11148,1988,"ZA","",152310,3,5,285,6,67,5,0,1,,0.32,,8,0,0,,
4940349,1990,11148,1989,"ZA","",,1,7,401,1,12,11,4,0.7273,0.625,0.375,5.75,28.8182,,,,
4941843,1990,11155,1989,"ZA","",295065,3,20,439,4,41,3,1,0.6667,0,0.5,7,17,0,0,0,0
4941891,1990,11155,1988,"ZA","",,1,15,51,5,59,5,2,1,0.5,0.32,2,4.4,,,,
4941892,1990,11155,1988,"ZA","",,1,9,51,5,59,5,0,1,,0.32,,4.4,,,,
4944913,1990,11169,1989,"ZA","",,1,10,419,5,52,5,1,1,0,0.64,4,4.2,,,,
4945656,1990,11176,1989,"ZA","",393095,3,11,34,1,19,7,0,1,,0.7755,,7.7143,0,0,,
4945748,1990,11176,1989,"ZA","",354590,3,2,72,5,52,8,0,0,,,,100.375,0,0,,
4946515,1990,11176,1988,"ZA","",285735,3,5,148,5,52,0,0,,,,,,,,,
4946664,1990,11176,1989,"ZA","",337585,3,8,423,1,19,11,11,1,0.7107,0.7438,5.5455,11.1818,0.0909,0.0909,0.0909,0.0909
4947756,1990,11183,1989,"ZA","",,5,2,104,5,55,3,1,0.6667,0,0,4,40.6667,,,,
4947906,1990,11183,1989,"ZA","",253535,3,7,144,5,51,6,5,0.8333,0.48,0,3.6,9.5,0,0,0,0
4947944,1990,11183,1989,"ZA","",452605,3,18,175,6,64,12,10,0.6667,0,0,4.1,21,0,0,0,0
4948023,1990,11183,1988,"ZA","",,1,19,224,6,68,7,15,1,0.6578,0.4082,6,8.4286,,,,
4948275,1990,11183,1989,"ZA","",563235,3,11,400,5,59,2,5,1,0,0.5,3,10,0,0,0,0
4949419,1990,11190,1989,"ZA","",73100,3,8,15,6,69,4,7,0.75,0.2449,0,5.2857,18,0,0,0,0
4949622,1990,11190,1988,"ZA","",,1,20,91,5,53,10,0,0.6,,0.5,,21.1,,,,
4950097,1990,11190,1988,"ZA","",563840,3,7,402,5,59,20,5,0.15,0.56,0,7.6,54.5,0,0,0,0
4951484,1990,11197,1989,"ZA","",409570,3,9,70,6,65,4,7,0.75,0.2449,0.4444,3.8571,23,0,0,0,0
4953393,1990,11204,1987,"ZA","",,5,26,73,4,43,6,3,0.8333,0.4444,0.56,5.6667,10.8333,,,,
4954840,1990,11204,1990,"ZA","",330165,3,13,346,4,49,3,0,0.6667,,0.5,,18.3333,0,0,,
4955099,1990,11211,1989,"ZA","",336380,3,4,15,6,69,5,0,1,,0.64,,15.2,0,0,,
4955219,1990,11211,1989,"ZA","",610840,3,6,72,5,52,8,0,0.625,,0.32,,26,0,0,,
4955387,1990,11211,1985,"ZA","",,1,13,600,3,32,7,0,1,,0.449,,13.7143,,,,
4955626,1990,11211,1989,"ZA","",,1,15,280,5,55,6,8,0.8333,0,0,6.125,17.1667,,,,
4956386,1990,11211,1985,"ZA","",224590,3,28,514,3,31,2,3,1,0.4444,0.5,8.3333,14,0,0,0,0
4956502,1990,11211,1989,"ZA","",482365,3,1,568,1,14,1,2,1,0.5,0,5,3,1,1,0,0
4959160,1990,11225,1988,"ZA","",285735,3,18,516,1,19,10,2,0.5,0.5,0.72,4,27.2,0,0,0,0
4959929,1990,11232,1987,"ZA","",,1,14,51,5,59,11,14,1,0.7959,0.7769,4.9286,4.9091,,,,
4961531,1990,11239,1988,"ZA","",,1,9,239,5,59,14,1,0.7857,0,0,8,20.0714,,,,
4962548,1990,11246,1988,"ZA","",224175,3,8,4,6,65,11,3,0.3636,0.4444,0.375,4.6667,46.7273,0,0,0,0
4962560,1990,11246,1988,"ZA","",,1,5,15,6,69,4,2,1,0,0,8.5,8,,,,
4962571,1990,11246,1989,"ZA","",,1,11,24,6,63,8,2,0.25,0.5,0,1,51.5,,,,
4964234,1990,11253,1989,"ZA","",,1,12,43,6,61,5,1,0.8,0,0,1,15.2,,,,
4965971,1990,11260,1987,"ZA","",,5,10,52,6,69,11,0,0.5455,,0.6667,,37.2727,,,,
4966077,1990,11260,1989,"ZA","",8965,3,7,102,1,19,4,6,1,0.2778,0.75,5.6667,5.75,0,0,0,0
4966515,1990,11260,1988,"ZA","",,1,12,414,5,51,10,1,0.8,0,0.6563,7,19,,,,
4967324,1990,11260,1988,"ZA","",329470,3,16,362,4,42,12,2,0.75,0,0.1975,7,28.3333,0,0,0,0
4970421,1990,11274,1988,"ZA","",,1,4,310,4,45,2,3,1,0.4444,0,4,2.5,,,,
4971029,1990,11281,1989,"ZA","",,1,13,126,6,66,5,0,1,,0,,7.6,,,,
4971253,1990,11281,1988,"ZA","",,1,6,239,5,59,6,2,1,0.5,0.2778,4,9.5,,,,
4971564,1990,11281,1989,"ZA","",,1,10,439,4,41,7,3,1,0.4444,0.4898,5,16.4286,,,,
4971603,1990,11281,1989,"ZA","",131910,3,12,95,1,13,6,2,1,0,0.2778,4.5,11.8333,0,0,0,0
4971622,1990,11281,1989,"ZA","",374425,3,8,75,5,52,6,2,0.8333,0,0,6,14.6667,0,0,0,0
4972521,1990,11288,1989,"ZA","",396085,3,7,2,6,63,24,4,0.5833,0,0.2449,5,26.0417,0,0,0,0
4972637,1990,11288,1988,"ZA","",,1,8,51,5,59,7,26,1,0.8195,0.6122,5.8077,4.8571,,,,
4973534,1990,11288,1989,"ZA","",337585,3,11,429,4,45,6,11,1,0.1653,0,4.5455,4.1667,0.8333,0.8333,0,0
4975123,1990,11295,1990,"ZA","",205440,3,10,136,4,45,7,1,1,0,0.6122,3,10.8571,0,0,0,0
4975298,1990,11295,1988,"ZA","",532955,3,12,426,6,61,1,1,1,0,0,10,20,0,0,0,0
4975343,1990,11295,1989,"ZA","",337585,3,10,429,4,45,14,7,1,0,0.2551,4.8571,5.1429,0.7143,0.7143,0.1429,0.1429
4975344,1990,11295,1989,"ZA","",337585,3,2,429,4,45,12,6,1,0,0.1528,5.6667,4.8333,0.6667,0.6667,0.2,0.1667
4975345,1990,11295,1990,"ZA","",337585,3,15,429,4,45,7,2,1,0,0.2449,3,11.2857,0.3333,0.2857,0,0
4976199,1990,11302,1989,"ZA","",186080,3,5,102,1,19,15,5,0.7333,0,0.4298,3,18.6667,0,0,0,0
4976748,1990,11302,1989,"ZA","",131910,3,8,95,1,13,11,2,0.8182,0,0.5185,4.5,23.5455,0,0,0,0
4976793,1990,11302,1990,"ZA","",135115,3,8,149,1,19,3,1,1,0,0.4444,3,7,0,0,0,0
4980251,1990,11316,1989,"ZA","",129455,3,12,429,4,45,1,21,1,0.5578,0,5.9524,4,0,0,0.05,0.0476
4982662,1991,11330,1990,"ZA","",268215,3,8,102,1,19,13,0,0.5385,,0.2449,,47.3077,0,0,,
4982754,1991,11330,1989,"ZA","",73100,3,3,134,6,69,6,0,0.6667,,0.75,,22.3333,0,0,,
4983560,1991,11330,1988,"ZA","",450380,3,8,502,1,19,1,3,1,0.6667,0,3,23,0,0,0,0
4985058,1991,11337,1989,"ZA","",131910,3,12,55,1,13,23,4,0.8261,0.375,0.2825,4.25,22.7826,0,0,0,0
4985145,1991,11337,1989,"ZA","",619845,3,4,210,1,19,2,0,1,,0,,18,0,0,,
4985150,1991,11337,1989,"ZA","",393095,3,12,210,1,19,32,2,0.5625,0.5,0.5926,6,29.8125,0,0,0,0
4985806,1991,11337,1989,"ZA","",389295,3,20,361,4,45,5,11,0.8,0.7438,0.375,4.4545,12.6,0,0,0,0
4986693,1991,11344,1989,"ZA","",490000,3,11,404,6,69,5,2,0.6,0,0.4444,6.5,26.4,0,0,0,0
4986857,1991,11344,1989,"ZA","",374425,3,24,148,5,52,0,0,,,,,,,,,
4987836,1991,11351,1989,"ZA","",,1,7,109,6,69,5,7,1,0.7347,0,5.1429,11.8,,,,
4987993,1991,11351,1990,"ZA","",,5,18,198,5,59,4,3,0.75,0.6667,0,2.6667,16,,,,
4990890,1991,11358,1989,"ZA","",,1,3,340,2,21,4,24,1,0.6285,0.625,5.5833,13.25,,,,
4992320,1991,11365,1988,"ZA","",125035,3,2,428,6,69,6,7,0.8333,0.8163,0.56,6,18.1667,0,0,0,0
4992345,1991,11365,1989,"ZA","",337585,3,24,429,4,45,8,9,1,0.1975,0,4.7778,5.875,0.75,0.75,0,0
4992687,1991,11365,1989,"ZA","",562700,3,5,310,4,45,6,4,0.8333,0.625,0.48,5,15.5,0,0,0,0
4993715,1991,11372,1989,"ZA","",,1,12,273,6,62,6,2,1,0.5,0,4,6.3333,,,,
4993861,1991,11372,1989,"ZA","",563840,3,8,402,5,59,20,6,0.15,0.5,0,5.8333,55.5,0,0,0,0
4994178,1991,11372,1989,"ZA","",413100,3,21,210,1,19,9,12,0.7778,0.2917,0.6939,4.5,15.7778,0,0,0,0
4994667,1991,11372,1989,"ZA","",,1,9,250,4,44,2,1,1,0,0,6,7.5,,,,
4995994,1991,11379,1989,"ZA","",515705,3,13,508,5,59,3,1,0.6667,0,0.5,5,22,0,0,0,0
4997049,1991,11386,1989,"ZA","",,1,12,175,6,64,7,27,1,0.5734,0.6531,5.1852,10.2857,,,,
4997636,1991,11386,1990,"ZA","",,1,8,423,1,19,6,15,1,0.5244,0.4444,2.0667,2.1667,,,,
4998483,1991,11393,1989,"ZA","",227675,3,8,105,5,55,3,0,0,,,,54.3333,0,0,,
4998631,1991,11393,1989,"ZA","",,1,8,211,6,65,8,3,0.5,0,0.375,5,32,,,,
4999202,1991,11393,1989,"ZA","",393095,7,9,424,3,31,1,3,1,0.6667,0,6.3333,24,0,0,0,0
4999324,1991,11393,1988,"ZA","",430860,3,9,501,1,19,3,0,1,,0,,8.3333,0,0,,
5002140,1991,11407,1990,"ZA","",,1,5,177,6,69,4,4,0.75,0.375,0.4444,3.25,21.75,,,,
5002671,1991,11407,1989,"ZA","",131910,3,11,210,1,19,4,7,0.5,0.6939,0.5,3.5714,29,0,0,0,0
5004831,1991,11414,1989,"ZA","",393095,7,5,562,1,14,0,3,,0.4444,,5,,,,0.3333,0.3333
5004960,1991,11414,1989,"ZA","",5605,3,8,315,4,42,4,10,1,0,0,6.5,7.75,0,0,0,0
5007589,1991,11428,1990,"ZA","",370375,3,10,241,5,51,3,1,1,0,0.4444,2,13,0,0,0,0
5007758,1991,11428,1990,"ZA","",452160,3,12,402,5,59,24,3,0.2083,0.4444,0.32,6,53.2917,0,0,1,0.6667
5008471,1991,11428,1989,"ZA","",482370,3,1,568,1,14,1,0,1,,0,,4,0,0,,
5008513,1991,11428,1989,"ZA","",,1,7,219,4,49,5,2,1,0.5,0.72,6,12.2,,,,
5008666,1991,11428,1989,"ZA","",,1,19,340,2,21,5,19,1,0.4377,0.72,4.3158,9.2,,,,
5009612,1991,11435,1990,"ZA","",382575,2,8,439,4,41,10,7,1,0.2449,0,4.4286,11.6,0,0,0.1667,0.1429
5009622,1991,11435,1990,"ZA","",,1,8,440,5,55,10,1,0.5,0,0.48,3,35.4,,,,
5009710,1991,11435,1989,"ZA","",242975,3,6,106,1,12,6,5,0.3333,0.8,0.5,5.6,34.1667,0,0,0,0
5011164,1991,11442,1989,"ZA","",568990,3,6,277,6,67,9,0,0.8889,,0.4063,,16.6667,0,0,,
5012108,1991,11442,1989,"ZA","",,1,10,250,4,44,2,2,1,0,0,4.5,5,,,,
5014382,1991,11456,1989,"ZA","",73100,3,10,15,6,69,4,18,1,0.2963,0,5.7778,11.5,0,0,0,0
5014565,1991,11456,1989,"ZA","",,5,15,477,5,53,0,2,,0,,5,,,,,
5014912,1991,11456,1988,"ZA","",413100,3,17,239,5,59,10,0,1,,0.74,,14,0,0,,
5017532,1991,11463,1989,"ZA","",129455,3,35,501,1,19,1,9,1,0.716,0,3.8889,4,0,0,0,0
5017748,1991,11463,1989,"ZA","",,1,7,200,4,41,12,1,1,0,0.6111,9,14.4167,,,,
5019258,1991,11470,1990,"ZA","",138150,3,18,210,1,19,5,4,1,0.625,0,4.5,13,0,0,0.3333,0.25
5019466,1991,11470,1989,"ZA","",337585,3,22,429,4,45,2,6,1,0,0,6.3333,10,0.5,0.5,0,0
5019803,1991,11470,1988,"ZA","",,1,16,340,2,21,10,6,1,0,0.18,7.3333,10.7,,,,
5020255,1991,11477,1989,"ZA","",,1,14,40,6,69,12,5,0.25,0.32,0.6667,4.2,48.8333,,,,
5020266,1991,11477,1989,"ZA","",,1,5,43,6,61,8,1,0.5,0,0,5,35.625,,,,
5020612,1991,11477,1990,"ZA","",69490,3,2,175,6,64,12,7,0.9167,0,0.2975,5.5714,19,0,0,0,0
5020769,1991,11477,1989,"ZA","",,1,7,249,6,69,12,1,0.9167,0,0.1653,4,19.25,,,,
5022175,1991,11484,1990,"ZA","",,1,6,42,5,59,13,14,1,0.1327,0.3787,4.7143,8.4615,,,,
5023012,1991,11484,1989,"ZA","",,5,4,252,1,19,8,5,1,0.48,0.4063,3.4,17.5,,,,
5023060,1991,11484,1989,"ZA","",124805,3,10,423,1,19,4,0,1,,0.625,,5,0,0,,
5024333,1991,11491,1989,"ZA","",382640,3,25,209,5,51,9,2,1,0.5,0.6173,4.5,7.3333,0.125,0.1111,0,0
5025227,1991,11491,1989,"ZA","",,5,5,331,4,41,2,2,1,0.5,0.5,5,3,,,,
5025871,1991,11498,1990,"ZA","",,1,7,175,6,64,7,1,1,0,0.2449,6,9.5714,,,,
5027774,1991,11505,1990,"ZA","",175055,3,7,123,5,53,11,3,1,0.4444,0.4959,3,7.8182,0,0,0,0
5029850,1991,11512,1989,"ZA","",608465,3,12,482,5,59,5,8,0.4,0,0,5.5,43,0,0,0,0
5030162,1991,11512,1990,"ZA","",,1,11,446,6,62,5,4,0,0,,5.5,53.8,,,,
5030250,1991,11512,1989,"ZA","",,1,9,51,5,59,5,3,1,0,0.56,5,15,,,,
5033169,1991,11526,1990,"ZA","",547365,2,8,24,6,63,15,2,0.4,0,0.7222,5.5,43.4,0,0,0,0
5033334,1991,11526,1990,"ZA","",,1,18,76,5,52,3,3,0.6667,0.6667,0.5,4.6667,28.3333,,,,
5033504,1991,11526,1990,"ZA","",73100,3,5,137,6,69,7,3,0.7143,0.4444,0,3.6667,27.7143,0,0,0,0
5035807,1991,11533,1990,"ZA","",129455,3,13,210,1,19,9,1,0.6667,0,0.6111,5,29,0,0,0,0
5036277,1991,11533,1988,"ZA","",128770,3,11,324,4,43,18,6,0.6667,0,0.1528,6.3333,26.3889,0,0,0,0
5036987,1991,11540,1990,"ZA","",429205,3,11,211,6,65,4,3,0.75,0,0,4,26.5,0,0,0,0
5037451,1991,11540,1989,"ZA","",,1,11,51,5,59,5,17,1,0.6574,0.56,5.5882,15,,,,
5038682,1991,11547,1989,"ZA","",444665,3,20,102,1,19,4,1,1,0,0.375,8,13.5,0,0,0,0
5041317,1991,11554,1989,"ZA","",,1,18,428,6,69,7,11,1,0.876,0.5714,4.4545,10.4286,,,,
5044550,1991,11568,1990,"ZA","",577470,3,6,229,6,68,5,8,0.4,0.2188,0.5,4.25,25.4,0,0,0,0
5045184,1991,11568,1989,"ZA","",,1,7,209,5,51,2,2,1,0,0.5,5.5,23.5,,,,
5045280,1991,11568,1990,"ZA","",378065,3,9,420,5,52,1,0,1,,0,,12,0,0,,
5046366,1991,11575,1990,"ZA","",129455,3,10,73,4,43,6,1,1,0,0.6111,5,15.6667,0,0,0,0
5046726,1991,11575,1990,"ZA","",608460,3,4,482,5,59,8,4,0.875,0,0,3,19.5,0,0,0,0
5046892,1991,11575,1989,"ZA","",,1,4,405,6,64,9,3,0.8889,0.6667,0.5313,5.3333,15.8889,,,,
5047135,1991,11575,1989,"ZA","",,1,52,204,1,19,2,9,1,0.5185,0.5,5.8889,9,,,,
5048579,1991,11582,1990,"ZA","",,1,22,144,5,51,3,1,1,0,0,4,5.3333,,,,
5049088,1991,11582,1990,"ZA","",382575,2,8,439,4,41,3,5,1,0,0,3.2,2.6667,0,0,0,0
5050318,1991,11589,1990,"ZA","",609535,3,9,34,1,19,5,5,0.4,0.8,0.5,3.2,43.2,0,0,0,0
5051019,1991,11589,1989,"ZA","",,1,6,403,6,67,12,6,0.9167,0.2778,0.4959,6.5,11.25,,,,
5052136,1991,11596,1989,"ZA","",,1,6,40,6,69,5,3,0.6,0,0.4444,6.3333,34.2,,,,
5052853,1991,11596,1990,"ZA","",357885,3,9,404,6,69,7,0,0.2857,,0.5,,52.8571,0,0,,
5054246,1991,11603,1989,"ZA","",,1,15,451,5,51,7,20,1,0.545,0.6122,6.1,3.8571,,,,
5054368,1991,11603,1990,"ZA","",,1,8,89,5,59,3,1,0.3333,0,0,1,26.6667,,,,
5055183,1991,11603,1990,"ZA","",120905,3,20,210,1,19,3,3,1,0.4444,0.4444,3.6667,5,0,0,0,0
5059316,1991,11617,1989,"ZA","",,1,21,210,1,19,8,1,0.875,0,0.5714,4,13.625,,,,
5059970,1991,11617,1990,"ZA","",283920,3,11,342,2,21,4,8,1,0.5625,0.625,5,5.25,0,0,0,0
5060337,1991,11624,1990,"ZA","",108005,3,6,15,6,69,11,5,0.0909,0.32,0,5.2,72.0909,0,0,0,0
5061580,1991,11624,1989,"ZA","",337585,3,28,429,4,45,14,4,1,0.375,0.2551,6.75,6.2857,0.5714,0.5714,0,0
5062612,1991,11631,1990,"ZA","",,1,3,256,6,65,6,0,0.5,,0,,46.8333,,,,
5063076,1991,11631,1990,"ZA","",604180,2,7,426,6,61,13,4,0.9231,0,0.1528,4.5,17,0,0,0,0
5064406,1991,11638,1990,"ZA","",,1,15,474,5,53,3,2,0.6667,0.5,0.5,3,20.3333,,,,
5064995,1991,11638,1989,"ZA","",,1,8,219,4,49,13,1,0.3846,0,0.72,9,50.9231,,,,
5065823,1991,11645,1991,"ZA","",,1,21,173,5,51,3,2,0.6667,0.5,0.5,1,41,,,,
5067842,1991,11652,1989,"ZA","",324025,3,5,403,6,67,14,0,0.8571,,0.8194,,24.2857,0,0,,
5067972,1991,11652,1990,"ZA","",8965,3,8,95,1,13,19,1,1,0,0.6094,7,9.3684,0,0,0,0
5069198,1991,11659,1990,"ZA","",,1,18,126,6,66,7,5,1,0.32,0.5714,3.4,9.1429,,,,
5069246,1991,11659,1989,"ZA","",,1,9,137,6,69,2,1,0.5,0,0,8,40,,,,
5069660,1991,11659,1989,"ZA","",,1,14,600,3,32,7,1,1,0,0.5714,3,5.4286,,,,
5070871,1991,11666,1989,"ZA","",,1,9,128,3,32,14,3,1,0.4444,0.1327,4,9.4286,,,,
5071633,1991,11666,1989,"ZA","",338005,3,23,423,1,19,6,1,0.6667,0,0.625,3,21.6667,0.25,0.1667,0,0
5072479,1991,11673,1990,"ZA","",108005,3,7,15,6,69,6,2,0.3333,0,0.5,6,40,0,0,0,0
5072951,1991,11673,1990,"ZA","",568990,3,4,277,6,67,9,1,0.8889,0,0.2188,2,18.3333,0,0,0,0
5077868,1992,11694,1990,"ZA","",519960,3,3,24,6,63,1,2,1,0,0,3,2,0,0,0,0
5078214,1992,11694,1990,"ZA","",255386,3,3,172,6,64,11,1,0.5455,0,0.7778,5,35.8182,0,0,0,0
5078742,1992,11694,1990,"ZA","",,1,5,623,3,39,5,3,1,0.4444,0,6.3333,5.8,,,,
5078863,1992,11694,1989,"ZA","",,1,5,210,1,19,8,5,1,0.32,0.5313,5,11,,,,
5080086,1992,11701,1989,"ZA","",,1,5,125,5,51,4,3,1,0,0.625,6.3333,13,,,,
5080179,1992,11701,1990,"ZA","",437826,3,20,173,5,51,6,1,0.8333,0,0.32,8,10.8333,0,0,0,0
5081809,1992,11708,1990,"ZA","",176806,3,16,52,6,69,1,9,1,0.1975,0,5.1111,14,0,0,0,0
5082028,1992,11708,1989,"ZA","",,1,3,138,6,67,10,9,0.8,0.7901,0.7813,4.8889,18.3,,,,
5083508,1992,11715,1990,"ZA","",,1,3,99,6,61,10,0,0.3,,0.4444,,39.8,,,,
5084117,1992,11715,1991,"ZA","",8965,3,16,149,1,19,3,0,1,,0,,4.3333,0,0,,
5084186,1992,11715,1990,"ZA","",,1,11,210,1,19,4,1,1,0,0,1,6,,,,
5085061,1992,11722,1990,"ZA","",,1,15,70,6,65,12,4,0.75,0,0.6914,6,22.5833,,,,
5089457,1992,11736,1991,"ZA","",,1,5,502,1,19,8,7,0.25,0.2449,0,3.5714,48.875,,,,
5091088,1992,11743,1990,"ZA","",,1,3,210,1,19,3,2,1,0.5,0.4444,4,14.3333,,,,
5092069,1992,11750,1991,"ZA","",254566,3,11,42,5,59,5,1,0.4,0,0,7,42.8,0,0,0,0
5092107,1992,11750,1991,"ZA","",577470,3,1,53,6,68,4,4,0.5,0.625,0,3.25,34.25,0,0,0,0
5092503,1992,11750,1990,"ZA","",,1,3,224,6,68,8,11,0.625,0.4463,0.32,5.0909,24.75,,,,
5095966,1992,11764,1991,"ZA","",185311,3,6,160,6,69,10,3,1,0,0,4.3333,8.1,0,0,0,0
5096393,1992,11764,1990,"ZA","",129455,3,12,417,5,53,6,11,0.6667,0.5455,0,5.1818,18.3333,0,0,0,0
5097133,1992,11764,1988,"ZA","",568350,3,15,250,4,44,7,6,1,0.6667,0,5.3333,13.2857,0,0,0,0
5097980,1992,11771,1991,"ZA","",565695,3,17,220,6,68,18,4,0.6667,0.375,0.5139,2.25,26.7778,0,0,0,0
5098313,1992,11771,1991,"ZA","",129455,3,17,439,4,41,7,0,1,,0,,8,0,0,,
5099528,1992,11778,1990,"ZA","",48461,3,14,5,6,65,9,0,0.5556,,0,,25.3333,0,0,,
5100541,1992,11778,1990,"ZA","",639056,3,5,210,1,19,14,7,0.8571,0.2449,0.7083,4.8571,16.6429,0,0,0,0
5104396,1992,11792,1989,"ZA","",,1,4,604,3,32,11,6,0.6364,0,0.2449,6.6667,27.2727,,,,
5104457,1992,11792,1989,"ZA","",124911,3,2,473,6,62,0,9,,0.3704,,5.5556,,,,0,0
5105848,1992,11799,1991,"ZA","",639056,3,11,137,6,69,7,1,0.7143,0,0,4,28.7143,0,0,0,0
5105990,1992,11799,1990,"ZA","",,1,21,222,1,19,4,2,0.75,0,0.4444,3,35.75,,,,
5106391,1992,11799,1990,"ZA","",,1,6,51,5,59,8,3,1,0.6667,0.2188,3,5.125,,,,
5106596,1992,11799,1989,"ZA","",,1,10,422,1,19,8,0,0.875,,0.6939,,11.875,,,,
5108202,1992,11806,1990,"ZA","",,1,12,297,6,65,15,4,0.8667,0.625,0.497,4,17.5333,,,,
5109590,1992,11813,1989,"ZA","",382575,2,7,29,5,52,4,1,1,0,0,4,13.25,0,0,0,0
5109884,1992,11813,1990,"ZA","",,5,5,137,6,69,8,2,0.625,0,0.32,4.5,36.75,,,,
5111559,1992,11820,1991,"ZA","",682279,3,10,27,6,69,4,8,1,0.5313,0,4.5,6.5,0,0,0,0
5112160,1992,11820,1989,"ZA","",140240,3,15,405,6,64,7,1,0.7143,0,0.64,6,26.8571,0,0,0,0
5114050,1992,11827,1991,"ZA","",682531,3,11,222,1,19,10,1,0.8,0,0.6563,5,18.1,0,0,0,0
5114213,1992,11827,1991,"ZA","",682550,3,12,299,6,64,1,1,1,0,0,3,15,0,0,0,0
5114700,1992,11827,1990,"ZA","",378065,3,17,423,1,19,4,1,0.75,0,0.6667,8,23.75,0,0,0,0
5115579,1992,11834,1991,"ZA","",,1,4,34,1,19,5,1,1,0,0.48,3,8.8,,,,
5115688,1992,11834,1990,"ZA","",295060,3,4,73,4,43,8,1,1,0,0,3,7,0,0,0,0
5116290,1992,11834,1990,"ZA","",,1,8,229,6,68,7,12,1,0.2917,0.449,4,11.8571,,,,
5116325,1992,11834,1991,"ZA","",,1,7,604,3,32,6,22,1,0.1694,0.2778,3.9091,3.3333,,,,
5119234,1992,11841,1990,"ZA","",,1,3,359,5,54,4,3,0.75,0.6667,0.4444,6.3333,19.25,,,,
5120430,1992,11848,1990,"ZA","",393095,7,13,208,1,19,9,2,1,0.5,0.1975,2,10.3333,0,0,0,0
5122028,1992,11855,1991,"ZA","",483325,3,17,414,5,51,7,1,0,0,,4,39,0,0,1,1
5122289,1992,11855,1990,"ZA","",247990,3,15,252,1,19,18,2,0.7222,0.5,0.142,4,19.5,0.1667,0.1111,0,0
5123266,1992,11862,1990,"ZA","",,1,9,68,6,63,11,1,0.9091,0,0.82,5,18.4545,,,,
5123840,1992,11862,1991,"ZA","",,1,19,433,3,39,12,8,0.9167,0.625,0.2975,3.625,12.4167,,,,
5124662,1992,11862,1990,"ZA","",,1,12,324,4,43,3,1,1,0,0,3,9.3333,,,,
5125675,1992,11869,1990,"ZA","",,1,16,280,5,55,5,4,1,0.625,0,4.5,23.4,,,,
5126162,1992,11869,1990,"ZA","",,1,14,426,6,61,15,2,0.7333,0,0.314,5.5,13.6667,,,,
5127992,1992,11876,1989,"ZA","",493480,3,25,162,1,19,6,4,1,0.375,0.6111,4.5,14.3333,0,0,0,0
5128164,1992,11876,1991,"ZA","",532955,3,26,426,6,61,1,1,1,0,0,7,22,0,0,0,0
5128482,1992,11876,1991,"ZA","",684020,3,9,548,1,14,1,1,1,0,0,7,25,0,0,0,0
5128546,1992,11876,1989,"ZA","",,1,9,250,4,44,4,5,0.75,0.56,0.4444,5.6,19.75,,,,
5128649,1992,11876,1991,"ZA","",684032,3,4,340,2,21,3,15,1,0.3911,0.4444,2.8,2.3333,0,0,0,0
5129622,1992,11883,1991,"ZA","",684135,3,5,251,5,53,3,1,0.6667,0,0,4,28.6667,0,0,0,0
5130135,1992,11883,1990,"ZA","",684178,3,8,424,3,31,9,3,1,0.6667,0.1975,5,5.4444,0,0,0,0
5130549,1992,11883,1990,"ZA","",,1,6,250,4,44,4,1,1,0,0.625,2,10.75,,,,
5132024,1992,11890,1990,"ZA","",378065,3,7,210,1,19,6,1,1,0,0.7222,1,9.5,0,0,1,1
5133441,1992,11897,1989,"ZA","",684251,2,1,194,5,59,2,4,1,0.375,0.5,6,11,0,0,0,0
5133448,1992,11897,1990,"ZA","",684499,3,8,198,5,59,5,0,1,,0.32,,20.4,0,0,,
5133626,1992,11897,1991,"ZA","",128770,3,1,405,6,64,8,0,1,,0,,18.125,0,0,,
5134169,1992,11897,1989,"ZA","",378065,3,6,521,1,15,3,2,1,0,0,5,9.3333,0,0,0,0
5134801,1992,11904,1990,"ZA","",,1,19,43,6,61,12,0,1,,0,,6.3333,,,,
5137908,1992,11911,1990,"ZA","",684952,3,12,514,3,31,0,1,,0,,7,,,,0,0
5139234,1992,11918,1991,"ZA","",685080,3,8,256,6,65,4,1,0.75,0,0,5,17,0,0,0,0
5139897,1992,11918,1991,"ZA","",337585,3,12,429,4,45,3,0,1,,0,,2.6667,1,1,,
5141028,1992,11925,1991,"ZA","",,1,16,137,6,69,5,0,0.2,,0,,64,,,,
5141340,1992,11925,1990,"ZA","",,1,18,384,5,59,5,1,1,0,0.32,3,11.2,,,,
5143340,1992,11932,1992,"ZA","",205505,3,10,248,6,69,2,2,0.5,0,0,3,38.5,0,0,0,0
5145095,1992,11939,1989,"ZA","",,1,9,222,1,19,9,4,0.7778,0.375,0.5714,5.25,15.7778,,,,
5145181,1992,11939,1989,"ZA","",,1,8,273,6,62,5,0,0.8,,0,,24.8,,,,
5145700,1992,11939,1991,"ZA","",,1,17,426,6,61,3,2,1,0,0,4,11.6667,,,,
5147053,1992,11946,1991,"ZA","",685835,3,11,215,6,68,16,4,0.9375,0,0.1244,5,14.375,0,0,0,0
5147476,1992,11946,1991,"ZA","",268215,3,13,149,1,19,3,1,1,0,0,4,7,0.3333,0.3333,0,0
5147612,1992,11946,1990,"ZA","",,1,8,422,1,19,4,3,1,0.4444,0.625,5.6667,14.75,,,,
5147790,1992,11946,1988,"ZA","",685906,2,8,435,3,33,0,8,,0,,6.5,,,,0,0
5148725,1992,11953,1991,"ZA","",,1,5,81,5,59,16,1,0.1875,0,0,7,53.375,,,,
5149228,1992,11953,1991,"ZA","",253535,3,11,405,6,64,6,6,1,0.2778,0.4444,2.5,10.8333,0,0,0.8333,0.8333
5149354,1992,11953,1991,"ZA","",,1,27,504,1,11,4,6,0.75,0.6667,0.4444,4.1667,22.25,,,,
5149434,1992,11953,1991,"ZA","",,1,3,210,1,19,6,0,0.3333,,0,,67.5,,,,
5151138,1992,11960,1991,"ZA","",377490,2,12,149,1,19,2,2,1,0,0,2,5.5,0,0,0,0
5151301,1992,11960,1991,"ZA","",362215,2,22,427,1,12,0,2,,0.5,,4.5,,,,0,0
5152306,1992,11967,1990,"ZA","",,1,6,132,6,65,12,1,0.4167,0,0,6,34.6667,,,,
5153081,1992,11967,1990,"ZA","",129455,3,10,429,4,45,7,16,0.8571,0.5547,0.5,5.875,10.5714,0.1667,0.1429,0,0
5156746,1992,11981,1991,"ZA","",129455,3,11,210,1,19,8,9,0.75,0.642,0.5,5,26.25,0,0,0,0
5159149,1992,11988,1991,"ZA","",444665,3,12,102,1,19,8,1,1,0,0,2,12.75,0,0,0,0
5160712,1992,11995,1991,"ZA","",684020,3,22,423,1,19,6,5,1,0.48,0.2778,4.2,3,0,0,0,0
5161335,1992,12002,1990,"ZA","",138535,3,17,451,5,51,18,2,0.9444,0,0.7197,7,13.3333,0,0,0,0
5161695,1992,12002,1992,"ZA","",,1,10,209,5,51,11,2,0.9091,0,0,2,21.5455,,,,
5163611,1992,12009,1991,"ZA","",,1,8,229,6,68,5,6,0.8,0.5,0.5,4.3333,23.6,,,,
5166012,1992,12016,1991,"ZA","",684020,3,16,429,4,45,5,13,0.8,0.4734,0.375,4.7692,13.2,0,0,0,0
5173921,1992,12044,1991,"ZA","",,1,1,373,6,66,11,5,0.2727,0.32,0.4444,3.6,46.3636,,,,
5174818,1992,12051,1991,"ZA","",688525,3,15,106,1,12,5,1,0.6,0,0.4444,3,18.8,0,0,0,0
5174953,1992,12051,1991,"ZA","",688541,3,12,419,5,52,4,0,1,,0.5,,8,0,0,,
5175416,1992,12051,1991,"ZA","",,1,12,235,5,59,5,53,1,0.6764,0.64,4,7.4,,,,
5176720,1993,12058,1990,"ZA","",,1,10,51,5,59,20,3,1,0.4444,0.42,4.3333,10,,,,
5178073,1993,12065,1990,"ZA","",688831,3,23,105,5,55,9,1,0.5556,0,0.32,5,34.1111,0,0,0,0
5178661,1993,12065,1990,"ZA","",393095,7,10,71,1,11,4,0,0.75,,0.4444,,21,0,0,,
5179233,1993,12065,1991,"ZA","",,1,7,42,5,59,7,2,0.1429,0,0,3.5,56.2857,,,,
5179859,1993,12072,1991,"ZA","",689001,3,13,73,4,43,4,0,0.25,,0,,64.75,0,0,,
5181018,1993,12072,1991,"ZA","",689091,3,16,340,2,21,6,2,0.8333,0,0.56,3.5,16.5,0,0,0,0
