4425057,1984,8775,1980,"ZA","",284785,3,15,405,6,64,5,2,0.6,0.5,0,9.5,30,0,0,0,0
4425095,1984,8775,1981,"ZA","",,1,4,434,6,69,4,0,0.5,,0,,29,,,,
4425675,1984,8782,1981,"ZA","",,1,6,5,6,65,9,5,0.5556,0,0.32,10.2,23,,,,
4426223,1984,8782,1982,"ZA","",124805,3,17,420,5,52,6,0,0.3333,,0,,36.1667,0,0,,
4426802,1984,8789,1981,"ZA","",271075,3,16,42,5,59,5,5,0.6,0.32,0.4444,9.2,30.4,0,0,0,0
4427041,1984,8789,1981,"ZA","",,1,17,141,5,51,6,3,0.5,0,0.6667,9,22.3333,,,,
4428711,1984,8796,1981,"ZA","",,5,23,415,5,53,7,8,0.8571,0.2188,0.5,6.5,13.7143,,,,
4428990,1984,8796,1982,"ZA","",583595,3,3,428,6,69,3,0,0.6667,,0.5,,23.3333,0,0,,
4430211,1984,8803,1981,"ZA","",134300,3,4,209,5,51,0,3,,0,,11.3333,,,,0,0
4430555,1984,8803,1980,"ZA","",354670,3,12,392,4,41,3,6,0.3333,0.5,0,8.8333,38.6667,0,0,0,0
4430926,1984,8810,1979,"ZA","",543210,3,1,91,5,53,7,8,1,0.625,0.6939,8.75,10.1429,0,0,0.1429,0.125
4431197,1984,8810,1981,"ZA","",194030,3,4,277,6,67,6,3,0.5,0.6667,0.4444,6.3333,32.1667,0,0,0,0
4431613,1984,8810,1982,"ZA","",393355,3,10,423,1,19,5,2,1,0,0.56,4.5,6,0,0,0,0
4432422,1984,8817,1981,"ZA","",69490,3,18,175,6,64,8,0,0.5,,0.625,,25.375,0,0,,
4434365,1984,8824,1980,"ZA","",219130,3,15,250,4,44,7,1,1,0,0.4082,4,4.8571,0,0,0,0
4434519,1984,8831,1981,"ZA","",432485,3,8,15,6,69,1,5,1,0.72,0,3.8,10,0,0,0.4,0.4
4434876,1984,8831,1983,"ZA","",602630,3,23,187,5,55,8,4,0.375,0.625,0.6667,7.75,39.75,0,0,0,0
4440295,1984,8859,1980,"ZA","",9590,3,10,198,5,59,7,15,1,0.88,0.6939,11.5333,6.8571,0,0,0,0
4441921,1984,8866,1982,"ZA","",124805,3,15,420,5,52,9,1,1,0,0.5185,10,10.6667,0,0,0,0
4443913,1984,8880,1981,"ZA","",226500,3,13,19,1,11,7,5,0.8571,0.56,0.2778,9.2,13.4286,0,0,0,0
4445615,1984,8887,1980,"ZA","",219130,3,5,209,5,51,11,1,1,0,0.6612,12,10,0,0,0,0
4445955,1984,8887,1981,"ZA","",235620,3,14,156,1,19,4,3,1,0.4444,0,9.3333,5,0.3333,0.25,0,0
4447185,1984,8894,1980,"ZA","",371775,3,17,414,5,51,3,2,1,0,0,17.5,9,0,0,0,0
4447321,1984,8894,1982,"ZA","",,1,6,210,1,19,5,3,0.8,0,0,12.3333,15.2,,,,
4448278,1984,8901,1982,"ZA","",,1,10,180,5,55,3,3,0,0,,8.3333,30.6667,,,,
4448330,1984,8901,1982,"ZA","",,1,4,222,1,19,4,3,0.25,0,0,13.3333,30.25,,,,
4450712,1984,8915,1981,"ZA","",,5,6,73,4,43,4,1,0.75,0,0,3,23,,,,
4451290,1984,8915,1982,"ZA","",359220,3,11,75,5,52,1,0,1,,0,,5,0,0,,
4451367,1984,8915,1981,"ZA","",,5,2,210,1,19,12,0,0.9167,,0,,13.3333,,,,
4452706,1984,8922,1983,"ZA","",282610,3,16,210,1,19,2,2,1,0.5,0.5,7.5,3.5,0,0,0,0
4453073,1984,8922,1981,"ZA","",128770,3,2,219,4,49,7,0,1,,0.6122,,7,0,0,,
4453850,1984,8929,1982,"ZA","",156560,3,29,402,5,59,4,4,1,0.625,0,8.5,9,0,0,0,0
4453851,1984,8929,1980,"ZA","",,1,40,402,5,59,11,5,0.5455,0.32,0.2778,13,23.1818,,,,
4456455,1984,8943,1982,"ZA","",202235,3,3,48,1,13,3,4,0.6667,0,0.5,9.75,18.3333,0,0,0,0
4457765,1984,8950,1983,"ZA","",,1,15,51,5,59,3,24,1,0.7049,0.4444,6.5,12.3333,,,,
4457989,1984,8950,1981,"ZA","",532955,3,17,429,4,45,3,3,1,0.4444,0,11.6667,5,0.6667,0.6667,0,0
4458802,1984,8957,1982,"ZA","",315075,3,26,194,5,59,9,34,0.8889,0.7301,0.5,7.5294,11.1111,0,0,0,0
4458856,1984,8957,1982,"ZA","",147505,3,6,242,5,51,12,2,0.6667,0,0.5313,9.5,17.9167,0,0,0,0
4458947,1984,8957,1981,"ZA","",69490,3,10,299,6,64,3,0,1,,0,,11.3333,0,0,,
4459217,1984,8957,1981,"ZA","",467180,3,23,510,1,19,0,13,,0.8047,,10.8462,,,,0,0
4459583,1984,8957,1981,"ZA","",,1,12,340,2,21,6,20,1,0.42,0.6111,8.4,9.6667,,,,
4460377,1984,8964,1982,"ZA","",,5,9,44,1,19,5,8,0,0.2188,,6,63.2,,,,
4463259,1984,8978,1982,"ZA","",,1,12,250,4,44,2,0,1,,0.5,,12,,,,
4463468,1984,8985,1983,"ZA","",,1,6,15,6,69,3,1,0.3333,0,0,10,26.6667,,,,
4466547,1984,8999,1982,"ZA","",,1,9,215,6,68,14,4,0.5714,0.375,0,9.75,19.1429,,,,
4467895,1984,9006,1982,"ZA","",128770,3,8,187,5,55,6,1,0.5,0,0,15,38,0,0,0,0
4468702,1984,9006,1982,"ZA","",132375,3,,348,4,49,4,29,1,0.7872,0.625,8.6897,4.25,0,0,0,0
4469299,1984,9013,1981,"ZA","",,1,4,246,5,55,10,2,0.2,0,0,10,58.7,,,,
4470422,1984,9020,1981,"ZA","",381795,3,14,131,6,61,2,2,1,0.5,0.5,8,9,0,0,1,0.5
4471617,1984,9027,1982,"ZA","",232800,3,15,60,4,45,3,3,1,0.4444,0.4444,11,6.6667,0,0,0,0
4471700,1984,9027,1981,"ZA","",,1,7,105,5,55,5,0,0.6,,0,,27.6,,,,
4471798,1984,9027,1982,"ZA","",354170,3,3,137,6,69,7,5,0.2857,0.48,0.5,8.6,55.5714,0,0,0,0
4471800,1984,9027,1982,"ZA","",179005,3,6,137,6,69,4,0,0.25,,0,,64.5,0,0,,
4471937,1984,9027,1983,"ZA","",,1,4,251,5,53,10,1,0.5,0,0.64,5,29.6,,,,
4471939,1984,9027,1983,"ZA","",,1,10,251,5,53,11,0,0.6364,,0.5714,,16.1818,,,,
4472915,1984,9034,1982,"ZA","",579500,3,9,52,6,69,6,2,0.8333,0.5,0.72,6.5,14.5,0,0,0,0
4474131,1984,9041,1983,"ZA","",92350,2,4,114,5,55,12,2,0.75,0.5,0.4938,3.5,19.1667,0,0,0,0
4474384,1984,9041,1982,"ZA","",624470,3,2,280,5,55,1,0,0,,,,31,0,0,,
4475307,1984,9048,1982,"ZA","",,1,11,47,6,61,8,0,0.75,,0.4444,,21,,,,
4477938,1984,9062,1982,"ZA","",,1,7,15,6,69,4,10,1,0.76,0.375,12.9,6.5,,,,
4478659,1984,9062,1982,"ZA","",,1,17,156,1,19,4,11,1,0.5124,0.375,10.5455,10.25,,,,
4478726,1984,9062,1982,"ZA","",68770,3,8,210,1,19,5,6,0.6,0,0,7.8333,14.2,0,0,0,0
4478946,1984,9062,1982,"ZA","",532955,3,50,435,3,33,11,17,1,0.699,0.7273,8.2353,5.5455,0,0,0,0
4479338,1984,9069,1981,"ZA","",,1,5,52,6,69,11,0,0.0909,,0,,52,,,,
4479968,1984,9069,1981,"ZA","",622580,3,7,514,3,31,4,3,1,0,0,3,8,0,0,0,0
4480553,1984,9076,1982,"ZA","",532955,3,5,105,5,55,5,9,0.4,0,0,8.7778,45.2,0.5,0.2,0,0
4481016,1984,9076,1981,"ZA","",,1,2,51,5,59,10,9,0.8,0.6173,0.5625,8,13.1,,,,
4481636,1984,9076,1983,"ZA","",124805,3,5,373,6,66,1,10,1,0.58,0,7.9,10,0,0,0,0
4482077,1984,9083,1983,"ZA","",,1,14,220,6,68,2,4,0,0.625,,9.5,31.5,,,,
4482538,1984,9083,1982,"ZA","",,1,6,424,3,31,6,7,1,0.6939,0.5,7,6.1667,,,,
4482858,1984,9083,1982,"ZA","",8965,3,31,324,4,43,4,3,0.75,0,0.4444,9.6667,13.5,0,0,0,0
4484071,1984,9090,1982,"ZA","",,1,12,250,4,44,3,0,1,,0.4444,,6,,,,
4484131,1984,9090,1982,"ZA","",430575,3,7,324,4,43,1,5,1,0,0,10.2,18,0,0,0,0
4484728,1984,9097,1982,"ZA","",68770,3,17,251,5,53,14,5,0.3571,0.56,0.72,9.8,45.2143,0,0,0,0
4486038,1984,9104,1982,"ZA","",128770,3,8,290,4,45,3,2,1,0.5,0,7.5,5.3333,0,0,0,0
4487212,1984,9111,1981,"ZA","",,1,26,135,6,69,9,6,0.2222,0.2778,0.5,7.5,48.3333,,,,
4487241,1984,9111,1982,"ZA","",,1,10,152,5,55,12,1,0.5,0,0.6667,9,25.8333,,,,
4488593,1984,9118,1982,"ZA","",150425,3,4,165,6,66,7,2,0.2857,0.5,0.5,9,46.1429,0.5,0.1429,0.5,0.5
4488694,1984,9118,1983,"ZA","",428830,3,13,244,5,55,7,1,0.1429,0,0,9,39.8571,0,0,0,0
4489655,1984,9125,1983,"ZA","",51430,3,4,102,1,19,3,8,0.3333,0,0,6.125,20,0,0,0,0
4490086,1984,9125,1982,"ZA","",219130,3,9,414,5,51,14,0,0.7857,,0.7603,,21.0714,0,0,,
4490260,1984,9125,1984,"ZA","",68770,3,12,210,1,19,11,0,0.2727,,0,,33.2727,0,0,,
4491457,1985,9132,1983,"ZA","",69490,3,3,51,5,59,5,1,1,0,0.64,14,7.6,0,0,0,0
4491489,1985,9132,1983,"ZA","",8965,3,17,149,1,19,3,9,1,0.3704,0.4444,3.2222,6.3333,0,0,0.1111,0.1111
4492587,1985,9139,1982,"ZA","",595200,2,9,23,1,19,10,1,0.7,0,0.6939,7,18.5,0,0,0,0
4493983,1985,9146,1983,"ZA","",,1,12,219,4,49,3,1,0.6667,0,0,4,17.6667,,,,
4494106,1985,9146,1982,"ZA","",231045,3,6,340,2,21,4,18,0.75,0.6235,0,10,19.5,0,0,0,0
4494163,1985,9146,1982,"ZA","",636895,3,20,361,4,45,4,2,0.75,0,0.6667,6,17.25,0,0,0,0
4495804,1985,9160,1982,"ZA","",231045,3,7,340,2,21,11,2,0.8182,0.5,0.642,10,17.5455,0,0,0,0
4495875,1985,9160,1982,"ZA","",,1,5,111,6,61,8,1,0.875,0,0.6531,11,17.5,,,,
4495956,1985,9160,1982,"ZA","",,1,11,132,6,65,5,3,0.2,0,0,9.6667,42.2,,,,
4498255,1985,9174,1983,"ZA","",,1,14,40,6,69,9,10,0.7778,0.66,0.2449,9.5,15.6667,,,,
4498856,1985,9174,1983,"ZA","",486220,3,6,425,5,51,6,2,0.8333,0.5,0.32,9.5,18.3333,0,0,0,0
4499686,1985,9181,1982,"ZA","",452935,3,1,47,6,61,6,1,0.5,0,0,15,23.8333,0,0,0,0
4500506,1985,9181,1983,"ZA","",315965,3,5,423,1,19,9,0,0.6667,,0,,19.6667,0.1667,0.1111,,
4501449,1985,9188,1982,"ZA","",109070,3,16,299,6,64,3,2,1,0,0.4444,1.5,8,1,0.6667,1,1
4503256,1985,9195,1982,"ZA","",407035,3,7,568,1,14,1,1,1,0,0,3,7,0,0,0,0
4503815,1985,9202,1982,"ZA","",,1,8,123,5,53,3,0,0,,,,51.3333,,,,
4504983,1985,9209,1984,"ZA","",,1,12,4,6,65,8,4,0.5,0.375,0,8.5,44,,,,
4506681,1985,9216,1982,"ZA","",532955,3,13,606,3,32,4,14,1,0.6735,0.625,9.9286,5.5,0,0,0,0
4506885,1985,9216,1983,"ZA","",,1,4,482,5,59,4,2,0.75,0,0.4444,6,27.25,,,,
4507371,1985,9216,1983,"ZA","",532955,3,23,429,4,45,4,20,1,0.465,0.5,11.65,4.75,0.25,0.25,0,0
4507653,1985,9216,1984,"ZA","",,1,28,340,2,21,5,26,1,0.3964,0.32,8.4231,8.2,,,,
4508358,1985,9223,1982,"ZA","",,1,29,280,5,55,5,15,0.6,0.5244,0.4444,9.8667,36.6,,,,
4508621,1985,9223,1983,"ZA","",,1,19,210,1,19,6,4,0.6667,0,0.375,8.75,19.3333,,,,
4509609,1985,9230,1983,"ZA","",577470,3,14,177,6,69,4,5,1,0,0.5,6.6,11.5,0,0,0.2,0.2
4511823,1985,9237,1983,"ZA","",,1,21,315,4,42,9,17,0.8889,0.4913,0.2188,9.1176,13.2222,,,,
4513102,1985,9244,1984,"ZA","",55975,3,5,502,1,19,2,3,1,0.4444,0.5,8.3333,11,0,0,0,0
4513745,1985,9251,1980,"ZA","",,1,8,606,3,32,6,17,1,0.5398,0.6111,9.8824,12,,,,
4514303,1985,9251,1983,"ZA","",,1,17,210,1,19,7,20,0.7143,0.095,0,10.1,17,,,,
4514349,1985,9251,1983,"ZA","",,1,3,264,5,51,8,1,1,0,0.6563,8,10.25,,,,
4515309,1985,9258,1982,"ZA","",79435,3,13,238,5,55,1,0,0,,,,23,0,0,,
4515377,1985,9258,1983,"ZA","",,1,5,277,6,67,9,2,0.4444,0,0,1,31,,,,
4515689,1985,9258,1983,"ZA","",106720,3,25,209,5,51,3,2,1,0,0.4444,10.5,8.3333,0,0,0,0
4516807,1985,9265,1982,"ZA","",109070,3,5,299,6,64,5,4,1,0,0,3.25,5.4,0.8,0.8,0.25,0.25
4517441,1985,9265,1983,"ZA","",392370,3,16,219,4,49,9,2,0.6667,0,0.2778,9.5,17.3333,0,0,0,0
4517770,1985,9272,1984,"ZA","",,1,18,451,5,51,15,6,0.4,0,0,7.8333,40.8667,,,,
4518013,1985,9272,1982,"ZA","",,1,11,137,6,69,3,0,1,,0,,16,,,,
4519318,1985,9279,1983,"ZA","",,1,6,108,6,69,7,7,0.5714,0.6122,0.75,10,23.4286,,,,
4520255,1985,9279,1983,"ZA","",128770,3,4,219,4,49,16,12,1,0.5694,0.5859,4.6667,9.625,0,0,0,0
4520809,1985,9286,1983,"ZA","",,1,4,128,3,32,10,12,0.4,0.2917,0.375,9.8333,40,,,,
4520881,1985,9286,1983,"ZA","",,1,16,175,6,64,4,7,1,0.5714,0,3.1429,5,,,,
4520980,1985,9286,1980,"ZA","",377275,3,5,248,6,69,7,1,0.2857,0,0.5,3,39.4286,0,0,0,0
4521058,1985,9286,1982,"ZA","",109070,7,9,299,6,64,3,2,1,0,0,1.5,10,1,1,1,1
4521933,1985,9293,1984,"ZA","",295145,3,3,15,6,69,3,11,1,0.1653,0.4444,8.4545,8.6667,0,0,0,0
4522633,1985,9293,1983,"ZA","",,1,10,51,5,59,4,13,1,0.7456,0.375,8.1538,4.25,,,,
4525701,1985,9307,1982,"ZA","",,1,7,340,2,21,5,8,0.8,0.5313,0.625,6.25,24.6,,,,
4527569,1985,9321,1983,"ZA","",532955,3,7,600,3,32,3,18,0.6667,0.2037,0,8.9444,13.6667,0,0,0,0
4528094,1985,9321,1982,"ZA","",,1,18,210,1,19,11,2,0.5455,0.5,0.2778,14,26.0909,,,,
4528166,1985,9321,1983,"ZA","",505475,3,5,423,1,19,6,11,1,0.7107,0.6111,6.3636,5.8333,0,0,0,0
4528167,1985,9321,1983,"ZA","",124805,3,8,423,1,19,4,6,1,0.5,0,6,9.5,0,0,0,0
4528785,1985,9328,1982,"ZA","",,1,11,52,6,69,8,1,0.75,0,0.2778,4,22.125,,,,
4528792,1985,9328,1980,"ZA","",,1,4,52,6,69,5,11,1,0.6446,0.72,10.1818,8.4,,,,
4529513,1985,9328,1983,"ZA","",139655,2,6,210,1,19,7,0,0.4286,,0.4444,,35.5714,0,0,,
4529578,1985,9328,1983,"ZA","",315965,3,4,423,1,19,6,0,0.6667,,0,,19.1667,0.25,0.1667,,
4529676,1985,9328,1984,"ZA","",532955,3,14,429,4,45,2,21,1,0.0907,0,7.0476,2.5,0.5,0.5,0,0
4530849,1985,9335,1984,"ZA","",628815,3,2,426,6,61,7,8,0.4286,0.5625,0.6667,4.25,29.4286,0,0,0,0
4531454,1985,9342,1984,"ZA","",,1,2,454,5,59,3,7,0.6667,0.7347,0.5,4.5714,19.6667,,,,
4532438,1985,9342,1982,"ZA","",512710,3,2,327,4,41,4,11,1,0.6446,0.375,9.2727,6.25,0,0,0,0
4533057,1985,9349,1982,"ZA","",,1,8,215,6,68,14,5,0.5714,0,0,8.8,20.1429,,,,
4533145,1985,9349,1984,"ZA","",,1,6,273,6,62,5,2,0.8,0.5,0.625,9.5,17.6,,,,
4533173,1985,9349,1983,"ZA","",91325,3,9,296,5,55,3,3,0.6667,0.4444,0,7,24,0,0,0,0
4534169,1985,9356,1982,"ZA","",532955,3,10,60,4,45,16,2,0.875,0,0.6735,12,16.5,0,0,0,0
4534210,1985,9356,1983,"ZA","",,1,15,73,4,43,5,2,0.6,0,0,8.5,20.4,,,,
4534531,1985,9356,1981,"ZA","",,1,6,248,6,69,8,3,0.25,0.4444,0.5,8,42,,,,
4534773,1985,9356,1983,"ZA","",,1,9,51,5,59,3,24,1,0.5069,0.6667,6,6,,,,
4535768,1985,9363,1982,"ZA","",532955,3,15,606,3,32,3,44,0.6667,0.407,0.5,9.75,11.6667,0,0,0.037,0.0227
4536908,1985,9370,1983,"ZA","",432485,3,6,15,6,69,1,12,1,0,0,9.8333,11,0,0,0,0
4537535,1985,9370,1982,"ZA","",,1,20,405,6,64,6,2,0.8333,0.5,0.32,6,13.8333,,,,
4539065,1985,9377,1984,"ZA","",,1,8,156,1,19,1,2,1,0,0,10,8,,,,
4539066,1985,9377,1984,"ZA","",,1,13,156,1,19,6,1,0.6667,0,0,1,14.6667,,,,
4539167,1985,9377,1983,"ZA","",,1,6,264,5,51,10,5,0.8,0.72,0.5938,7,17.7,,,,
4539337,1985,9377,1984,"ZA","",,1,11,521,1,15,2,0,1,,0.5,,5.5,,,,
4540232,1985,9384,1984,"ZA","",555740,3,4,439,4,41,1,3,1,0.4444,0,10.3333,6,0,0,0,0
4540287,1985,9384,1983,"ZA","",532955,3,8,366,1,19,5,7,1,0.6122,0,8.8571,5.2,0,0,0,0
4540433,1985,9384,1983,"ZA","",124805,3,15,75,5,52,3,0,1,,0.6667,,14.6667,0,0,,
4541523,1985,9391,1983,"ZA","",,1,8,198,5,59,5,6,1,0,0,7.6667,8.4,,,,
4541662,1985,9391,1983,"ZA","",,1,19,294,5,59,4,1,1,0,0.375,4,9.25,,,,
4541837,1985,9391,1980,"ZA","",8965,3,2,44,1,19,10,4,0.3,0,0.4444,13.25,27,0,0,0,0
4543122,1985,9398,1984,"ZA","",295060,3,12,75,5,52,1,6,1,0.2778,0,4.3333,5,0,0,0,0
4543759,1985,9405,1983,"ZA","",385880,3,8,52,6,69,2,6,1,0.6111,0.5,10.5,12.5,0,0,0,0
4544004,1985,9405,1984,"ZA","",,5,9,141,5,51,3,1,0.6667,0,0,4,34.6667,,,,
4544589,1985,9405,1985,"ZA","",319660,3,12,428,6,69,0,0,,,,,,,,,
4546055,1985,9412,1982,"ZA","",337585,3,30,429,4,45,5,31,1,0.0624,0,9,5.8,0,0,0.4,0.3871
4547720,1985,9419,1983,"ZA","",398170,3,14,318,4,45,5,0,1,,0.64,,8.6,0,0,,
4548718,1985,9426,1983,"ZA","",295060,3,2,210,1,19,4,6,0.75,0.2778,0,9.6667,19.25,0,0,0,0
4550019,1985,9433,1982,"ZA","",532955,3,59,424,3,31,4,18,0.75,0.4568,0.6667,10.9444,12.75,0.5,0.25,0,0
4550463,1985,9440,1984,"ZA","",432485,3,3,15,6,69,4,0,1,,0.375,,10.25,1,0.25,,
4550665,1985,9440,1984,"ZA","",483325,3,8,105,5,55,12,1,0.3333,0,0.625,9,49.8333,0.3333,0.0833,1,1
4553740,1985,9454,1984,"ZA","",87815,3,8,256,6,65,4,2,0.5,0,0.5,6,33,0,0,0,0
4555879,1985,9468,1984,"ZA","",,1,6,52,6,69,8,1,1,0,0.2188,1,7.25,,,,
4557858,1985,9475,1983,"ZA","",337585,3,16,252,1,19,2,5,1,0.64,0.5,9,5,0,0,0,0
4558574,1985,9482,1983,"ZA","",423090,3,2,68,6,63,9,0,0.5556,,0.32,,22.4444,0,0,,
4559146,1985,9482,1984,"ZA","",514555,3,18,210,1,19,7,9,1,0,0.2449,8.5556,10.1429,0,0,0,0
4559209,1985,9482,1983,"ZA","",295060,3,3,423,1,19,6,1,0.3333,0,0,5,51.3333,0,0,0,0
4559732,1985,9489,1983,"ZA","",315930,3,7,40,6,69,3,4,0.6667,0.625,0.5,7.5,35.6667,0,0,0,0
4559956,1985,9489,1983,"ZA","",381795,3,5,131,6,61,6,1,0.6667,0,0.5,13,21.3333,0.3333,0.1667,0,0
4560418,1985,9489,1983,"ZA","",432485,3,8,134,6,69,3,9,1,0.3704,0.4444,7,7.3333,1,0.6667,0,0
4562883,1986,9503,1984,"ZA","",,1,3,165,6,66,10,1,0.9,0,0.716,5,18,,,,
4563233,1986,9503,1984,"ZA","",,5,17,156,1,19,11,3,0.6364,0,0,8.3333,20.5455,,,,
4564049,1986,9510,1984,"ZA","",160055,3,12,139,6,63,4,0,0.75,,0.4444,,19,0,0,,
4564330,1986,9510,1984,"ZA","",,1,9,414,5,51,2,2,0,0,,7.5,43.5,,,,
4564644,1986,9510,1983,"ZA","",153420,2,20,521,1,15,3,19,1,0.6925,0.6667,8.6842,4.6667,0.3333,0.3333,0.7368,0.7368
4564780,1986,9510,1984,"ZA","",161020,3,8,310,4,45,11,6,0.6364,0.2778,0.2449,5.8333,24.9091,0,0,0,0
4569304,1986,9538,1984,"ZA","",8965,3,11,118,1,12,6,0,0.3333,,0,,32.3333,0,0,,
4570660,1986,9545,1984,"ZA","",,1,9,137,6,69,4,3,0.25,0,0,9.6667,28.5,,,,
4571447,1986,9545,1984,"ZA","",,1,11,136,4,45,1,12,1,0.2778,0,7.0833,5,,,,
4571596,1986,9545,1982,"ZA","",641210,3,4,343,2,21,7,0,0.2857,,0,,26.7143,0,0,,
4571880,1986,9552,1984,"ZA","",,1,10,43,6,61,6,4,0.1667,0.375,0,7.5,53.3333,,,,
4572722,1986,9552,1984,"ZA","",,1,10,51,5,59,7,1,1,0,0.4082,6,14.1429,,,,
4573564,1986,9559,1984,"ZA","",583695,3,9,194,5,59,2,5,0.5,0.32,0,3,45,0,0,0,0
4574957,1986,9566,1985,"ZA","",182890,2,4,206,6,68,6,30,1,0.3444,0,6.9667,4,0.6667,0.6667,0.2069,0.2
4577150,1986,9573,1983,"ZA","",444665,3,10,324,4,43,10,3,0.8,0,0.5625,5.3333,19.3,0,0,0,0
4578520,1986,9580,1984,"ZA","",407035,3,18,568,1,14,11,0,0.7273,,0.6875,,15.9091,0,0,,
4578992,1986,9587,1984,"ZA","",,5,9,73,4,43,3,23,1,0.7335,0.4444,8.5652,5.6667,,,,
4580684,1986,9594,1983,"ZA","",219130,3,9,209,5,51,13,1,0.7692,0,0.46,6,14.8462,0.2857,0.1538,0,0
4583310,1986,9608,1984,"ZA","",,1,7,40,6,69,9,5,0.7778,0.72,0.7755,9.6,13.3333,,,,
4583777,1986,9608,1984,"ZA","",,1,10,296,5,55,6,2,1,0,0,4.5,9.5,,,,
4585712,1986,9615,1985,"ZA","",337585,3,4,429,4,45,8,3,0.875,0,0.449,8,12.375,0,0,0.3333,0.3333
4586435,1986,9622,1984,"ZA","",295065,3,56,102,1,19,5,6,0.6,0.2778,0.4444,10.1667,20.2,0,0,0,0
4587108,1986,9622,1983,"ZA","",19460,3,12,423,1,19,3,5,1,0.56,0.4444,5.6,7.3333,0,0,0,0
4587787,1986,9629,1983,"ZA","",,1,3,52,6,69,3,2,0.3333,0.5,0,6.5,28,,,,
4587827,1986,9629,1985,"ZA","",,1,6,72,5,52,13,2,0.3846,0,0,8,39,,,,
4590675,1986,9643,1984,"ZA","",,1,1,30,6,65,8,4,0.375,0,0,4.5,31,,,,
4590928,1986,9643,1981,"ZA","",532955,3,13,606,3,32,11,60,0.9091,0.2667,0.46,12.15,14,0,0,0.0938,0.05
4591004,1986,9643,1984,"ZA","",,1,12,173,5,51,7,3,0.7143,0.4444,0,6.6667,14.8571,,,,
4591364,1986,9643,1980,"ZA","",,1,29,51,5,59,7,5,0.8571,0.32,0.2778,10.8,14.4286,,,,
4592969,1986,9650,1985,"ZA","",337585,3,15,429,4,45,5,25,1,0.0768,0.32,6.28,7.4,0,0,0.4167,0.4
4593769,1986,9657,1984,"ZA","",69490,3,8,173,5,51,5,0,0.8,,0.75,,18.8,0,0,,
4593919,1986,9657,1984,"ZA","",,1,1,279,6,69,5,0,0.8,,0,,17.2,,,,
4594543,1986,9657,1983,"ZA","",532955,3,9,324,4,43,3,5,1,0.72,0.6667,6.8,11.6667,0,0,0,0
4597222,1986,9678,1984,"ZA","",,1,5,47,6,61,3,1,1,0,0.4444,12,15.6667,,,,
4597508,1986,9678,1984,"ZA","",604560,3,7,222,1,19,8,2,0.5,0,0.375,8.5,25.625,0,0,0,0
4599010,1986,9685,1984,"ZA","",590505,3,9,403,6,67,3,6,0.6667,0.4444,0.5,5.6667,25,0,0,0,0
4600105,1986,9692,1984,"ZA","",536805,3,4,209,5,51,4,6,1,0.4444,0.375,10.6667,9.75,0.3333,0.25,0,0
4601423,1986,9699,1983,"ZA","",,1,11,228,5,52,5,9,0.8,0.6667,0.625,9.6667,11,,,,
4603571,1986,9713,1985,"ZA","",,1,10,72,5,52,15,6,0.4,0.5,0,8.1667,36.9333,,,,
4603662,1986,9713,1980,"ZA","",8965,3,2,123,5,53,19,6,0.2105,0.7778,0,12.8333,50.8421,0,0,0,0
4604971,1986,9720,1984,"ZA","",8965,3,6,119,6,61,5,0,0.6,,0.6667,,22.4,0,0,,
4605350,1986,9720,1983,"ZA","",,1,6,411,5,59,9,5,0.2222,0.64,0,8.2,55,,,,
4605416,1986,9720,1984,"ZA","",38435,3,4,623,3,39,3,1,1,0,0,2,9,0,0,0,0
4606219,1986,9727,1984,"ZA","",128770,3,10,73,4,43,8,4,0.625,0.5,0.32,11.75,18.125,0,0,0,0
4606291,1986,9727,1983,"ZA","",599095,3,20,114,5,55,5,18,0.8,0.1975,0,7.4444,18.2,0,0,0,0
4606669,1986,9727,1984,"ZA","",158800,3,6,403,6,67,5,7,1,0,0.64,7.5714,6.4,0,0,0,0
4606761,1986,9727,1984,"ZA","",595580,3,13,75,5,52,1,1,1,0,0,5,22,0,0,1,1
4608167,1986,9734,1985,"ZA","",188215,3,2,210,1,19,9,2,1,0,0.5679,8.5,12.4444,0,0,0,0
4608168,1986,9734,1982,"ZA","",68770,3,10,210,1,19,4,6,0.5,0,0,10.1667,34.25,0,0,0,0
4608176,1986,9734,1984,"ZA","",124805,3,12,210,1,19,2,1,1,0,0.5,7,5.5,0,0,0,0
4608454,1986,9734,1984,"ZA","",,1,14,174,4,41,5,4,0.6,0.375,0.4444,7,27,,,,
4609405,1986,9741,1983,"ZA","",260560,3,2,127,1,11,3,2,0.3333,0.5,0,8,33,0,0,0,0
4610121,1986,9748,1983,"ZA","",,1,3,52,6,69,7,2,0.7143,0,0,8,30,,,,
4610203,1986,9748,1984,"ZA","",295065,3,32,102,1,19,7,6,1,0,0.5714,8,10,0,0,0.1667,0.1667
4610314,1986,9748,1985,"ZA","",,1,5,175,6,64,7,1,0.4286,0,0.4444,10,31,,,,
4611676,1986,9755,1985,"ZA","",577470,3,3,177,6,69,7,6,1,0,0.4082,6.6667,10.7143,0.1667,0.1429,0,0
4611924,1986,9755,1984,"ZA","",,1,3,368,6,69,5,3,1,0.4444,0.56,9.6667,4.2,,,,
4614277,1986,9769,1985,"ZA","",532955,3,10,217,6,68,6,3,0.8333,0.4444,0.72,6.3333,14.5,0,0,0,0
4614325,1986,9769,1981,"ZA","",,5,6,249,6,69,8,3,0.75,0.6667,0.6111,11,18.5,,,,
4615055,1986,9776,1985,"ZA","",,1,9,4,6,65,6,1,0.6667,0,0,8,24.8333,,,,
4615056,1986,9776,1985,"ZA","",,5,10,4,6,65,8,5,0.5,0.48,0.375,9.6,44.25,,,,
4615161,1986,9776,1984,"ZA","",9245,3,5,52,6,69,5,3,1,0.6667,0.32,7.3333,8.6,0,0,0,0
4615713,1986,9776,1984,"ZA","",494300,3,4,48,1,13,7,1,0.7143,0,0,8,16.4286,0,0,0,0
4615751,1986,9776,1984,"ZA","",8965,3,20,149,1,19,8,22,1,0.3802,0,5.5909,3.75,0.2,0.125,0,0
4616938,1986,9783,1984,"ZA","",331980,2,9,374,4,43,10,2,0.8,0,0.75,6.5,18.7,0.1429,0.1,1,0.5
4617549,1986,9783,1985,"ZA","",512710,3,3,341,2,22,2,7,1,0.2449,0,7.2857,2.5,0,0,0,0
4619072,1986,9797,1984,"ZA","",,1,8,47,6,61,10,2,0.6,0.5,0.2778,8.5,24.9,,,,
4619377,1986,9797,1984,"ZA","",,1,6,222,1,19,10,4,0.8,0,0.2188,7,22.1,,,,
4619443,1986,9797,1984,"ZA","",464520,3,6,266,5,52,6,4,0.6667,0.625,0.5,6.5,13.5,0,0,0,0
4619453,1986,9797,1984,"ZA","",,1,11,482,5,59,8,9,0.125,0.1975,0,7.2222,60.875,,,,
4620405,1986,9804,1983,"ZA","",,5,10,52,6,69,7,2,0.7143,0,0,10.5,28,,,,
4622430,1986,9811,1982,"ZA","",407035,3,33,564,1,14,7,4,1,0,0.4082,9.25,15.7143,0,0,0,0
4623176,1986,9818,1983,"ZA","",,1,18,292,6,69,4,1,0.25,0,0,15,37.75,,,,
4623370,1986,9818,1985,"ZA","",8965,3,12,62,6,69,14,0,0.8571,,0.2917,,11,0,0,,
4623702,1986,9818,1984,"ZA","",450375,3,14,525,1,15,1,9,1,0.7654,0,7.4444,3,0,0,0,0
4623792,1986,9818,1985,"ZA","",219130,3,2,250,4,44,5,3,0.8,0.4444,0.75,4.3333,10.2,0,0,0,0
4624076,1986,9825,1985,"ZA","",,1,13,49,5,59,3,0,0.6667,,0,,22,,,,
4626129,1986,9832,1984,"ZA","",,5,3,405,6,64,8,3,0.375,0.6667,0,8.3333,33.5,,,,
4627170,1986,9839,1985,"ZA","",602630,3,9,33,6,69,5,3,1,0.6667,0.32,9,6.2,0,0,0,0
4628654,1986,9846,1983,"ZA","",623810,3,10,52,6,69,13,2,0.4615,0,0,14,44.4615,0,0,0,0
4628658,1986,9846,1985,"ZA","",253535,3,19,52,6,69,7,1,0.1429,0,0,8,60.5714,0,0,1,1
4629825,1986,9846,1984,"ZA","",625580,3,4,174,4,41,3,6,1,0,0.6667,7.1667,8,0,0,0.1667,0.1667
4630537,1986,9853,1985,"ZA","",393965,3,11,101,6,69,3,2,0,0.5,,3,37,0,0,0,0
4630732,1986,9853,1985,"ZA","",,1,6,206,6,68,7,15,0.1429,0.56,0,6.6,49.7143,,,,
4630999,1986,9853,1984,"ZA","",289565,3,8,416,1,19,4,1,0,0,,6,40.5,0,0,0,0
4631497,1986,9853,1985,"ZA","",444665,3,9,331,4,41,6,1,0.8333,0,0.32,1,14.1667,0,0,0,0
4632511,1986,9860,1985,"ZA","",,1,5,359,5,54,2,1,1,0,0.5,11,3.5,,,,
4632529,1986,9860,1985,"ZA","",,1,4,353,5,54,11,11,0.8182,0.562,0.4444,6.1818,23.1818,,,,
4633712,1987,9867,1984,"ZA","",599430,3,10,73,4,43,7,3,0.7143,0,0.32,5.6667,18.8571,0,0,0,0
4633785,1987,9867,1984,"ZA","",483325,3,9,105,5,55,9,1,0.7778,0,0.6531,9,20.3333,0.6,0.3333,1,1
4634342,1987,9867,1984,"ZA","",,1,4,415,5,53,5,3,0.8,0.6667,0.625,9.3333,14.2,,,,
4634999,1987,9867,1985,"ZA","",444665,3,10,331,4,41,5,0,0.8,,0,,11.2,0,0,,
4635348,1987,9874,1984,"ZA","",,1,13,29,5,52,4,0,0.75,,0.4444,,15.25,,,,
4635616,1987,9874,1985,"ZA","",293145,3,6,126,6,66,3,0,0.3333,,0,,40.3333,0,0,,
4638874,1987,9888,1983,"ZA","",109060,3,3,175,6,64,6,0,0.5,,0.4444,,23.6667,0,0,,
4639345,1987,9888,1983,"ZA","",,1,14,264,5,51,8,5,0.875,0.72,0.6939,11.6,21.75,,,,
4639689,1987,9888,1985,"ZA","",173205,3,16,331,4,41,2,2,1,0.5,0.5,6,4,0,0,0,0
4640523,1987,9895,1985,"ZA","",,1,20,280,5,55,11,4,0.5455,0,0.2778,7.25,29.1818,,,,
4640624,1987,9895,1984,"ZA","",,1,6,368,6,69,2,5,1,0,0.5,6.4,5.5,,,,
4641852,1987,9902,1985,"ZA","",74605,3,3,280,5,55,2,2,1,0,0,6,7,0,0,0.5,0.5
4642039,1987,9902,1985,"ZA","",249095,3,3,425,5,51,16,8,1,0.2188,0.2266,3.75,7.6875,0.1667,0.125,0.1429,0.125
4642833,1987,9909,1985,"ZA","",125445,3,28,15,6,69,6,28,1,0.5612,0.7778,7.5,11,0,0,0.1111,0.0714
4642918,1987,9909,1985,"ZA","",,1,10,37,6,64,11,1,0.3636,0,0.625,4,44.9091,,,,
4643109,1987,9909,1985,"ZA","",494300,3,14,110,6,66,3,2,1,0.5,0.4444,3.5,6.6667,0,0,0.5,0.5
4643214,1987,9909,1985,"ZA","",,1,15,137,6,69,2,1,1,0,0,4,9.5,,,,
4644085,1987,9909,1985,"ZA","",482365,3,14,568,1,14,6,3,1,0.4444,0.7222,5.6667,8,0,0,0.3333,0.3333
4644312,1987,9909,1985,"ZA","",246375,3,11,335,4,41,3,0,1,,0,,10.6667,0,0,,
4644317,1987,9909,1985,"ZA","",,1,9,340,2,21,3,6,1,0.4444,0.4444,6.6667,7.6667,,,,
4645090,1987,9916,1985,"ZA","",,1,10,220,6,68,5,1,0.8,0,0.625,11,17.2,,,,
4646092,1987,9916,1983,"ZA","",444665,3,10,342,2,21,2,7,1,0.4082,0,6.1429,13,0,0,0,0
4646805,1987,9923,1984,"ZA","",,1,15,152,5,55,8,1,0.75,0,0.5,8,20,,,,
4647490,1987,9923,1985,"ZA","",296210,2,3,428,6,69,10,10,0.9,0.68,0.7654,8.2,17.3,0.6,0.3,0,0
4649673,1987,9937,1984,"ZA","",,1,15,451,5,51,2,2,0.5,0,0,9.5,28,,,,
4651635,1987,9944,1984,"ZA","",,1,3,99,6,61,9,6,1,0.6111,0.6914,6.5,8.6667,,,,
4651820,1987,9944,1984,"ZA","",,1,9,165,6,66,8,2,0.5,0,0.375,9,27.625,,,,
4651895,1987,9944,1984,"ZA","",,5,9,221,5,51,4,10,1,0.34,0.625,6,9.25,,,,
4652366,1987,9944,1985,"ZA","",420305,3,8,210,1,19,13,5,1,0.32,0.6982,5.6,11.2308,0,0,0,0
4652636,1987,9944,1985,"ZA","",480475,3,1,536,1,14,0,2,,0.5,,10.5,,,,0,0
4653536,1987,9951,1985,"ZA","",20040,3,8,137,6,69,5,1,0.2,0,0,2,46.8,0,0,0,0
4654131,1987,9951,1986,"ZA","",,1,13,423,1,19,2,2,0.5,0.5,0,9.5,24,,,,
4655508,1987,9958,1984,"ZA","",,1,5,299,6,64,4,4,1,0.375,0.375,4.5,9,,,,
4656683,1987,9965,1985,"ZA","",188215,3,3,15,6,69,6,3,0.8333,0.4444,0,6.3333,9,0,0,0,0
4657072,1987,9965,1985,"ZA","",150425,3,4,165,6,66,11,0,0.2727,,0.4444,,43,0.6667,0.1818,,
4657669,1987,9965,1985,"ZA","",505475,3,7,209,5,51,3,0,1,,0,,5,0,0,,
4658761,1987,9972,1984,"ZA","",,1,14,122,6,66,10,4,0.9,0.625,0.642,5.75,13.7,,,,
4659275,1987,9972,1985,"ZA","",563465,3,4,414,5,51,4,1,0.75,0,0,3,20.75,0,0,0,0
4660286,1987,9979,1985,"ZA","",412875,3,15,30,6,65,6,21,1,0,0,6.381,5.3333,0,0,0,0
4660447,1987,9979,1985,"ZA","",,1,12,81,5,59,8,0,0.25,,0,,31.625,,,,
4660476,1987,9979,1985,"ZA","",,1,7,105,5,55,13,7,0.5385,0,0.2449,5.8571,45.4615,,,,
4660655,1987,9979,1984,"ZA","",,1,1,173,5,51,5,2,0.8,0,0.5,3.5,15.8,,,,
4660947,1987,9979,1984,"ZA","",,1,5,351,3,39,1,8,1,0,0,4.75,10,,,,
4661799,1987,9979,1985,"ZA","",167845,3,5,340,2,21,2,2,1,0,0,5.5,11.5,0,0,0,0
4662097,1987,9986,1986,"ZA","",39965,3,4,42,5,59,5,1,0,0,,10,85.2,0,0,0,0
4662272,1987,9986,1986,"ZA","",,1,9,99,6,61,9,1,0.8889,0,0.5938,9,19.5556,,,,
4662671,1987,9986,1986,"ZA","",91325,3,7,296,5,55,4,6,0.75,0.6667,0.6667,5.8333,21.5,0,0,0,0
4663960,1987,9993,1985,"ZA","",,1,11,73,4,43,3,5,0.6667,0.32,0.5,5.2,19,,,,
4666212,1987,10000,1985,"ZA","",128770,3,2,299,6,64,5,1,1,0,0.48,5,5.6,0,0,0,0
4666700,1987,10000,1985,"ZA","",,1,9,424,3,31,6,2,1,0.5,0,6,6,,,,
4667696,1987,10007,1986,"ZA","",,1,6,137,6,69,6,0,0.6667,,0,,33.5,,,,
4669392,1987,10014,1984,"ZA","",483325,3,2,105,5,55,3,1,0.6667,0,0.5,9,28,0.5,0.3333,1,1
4670025,1987,10014,1985,"ZA","",,1,14,51,5,59,8,8,1,0.6563,0.4063,8.5,6.25,,,,
4671110,1987,10021,1985,"ZA","",,1,4,73,4,43,5,2,0.8,0.5,0.75,2.5,16.8,,,,
4671178,1987,10021,1985,"ZA","",8965,3,17,102,1,19,13,1,0.6923,0,0.3457,2,17.0769,0,0,0,0
4671462,1987,10021,1985,"ZA","",,5,18,239,5,59,8,2,0.625,0,0.56,5.5,29.75,,,,
4671576,1987,10021,1986,"ZA","",616015,3,18,303,5,53,5,15,0.8,0.3378,0,6.6667,18.8,0,0,0,0
4671957,1987,10021,1985,"ZA","",183800,3,15,424,3,31,2,8,1,0,0,9.25,6,0,0,0,0
4672908,1987,10028,1985,"ZA","",,1,8,114,5,55,10,1,0.7,0,0.6122,10,23.9,,,,
4672957,1987,10028,1984,"ZA","",532955,3,7,606,3,32,10,34,0.8,0.2578,0,9.1765,12.1,0,0,0,0
4673380,1987,10028,1985,"ZA","",257635,3,11,474,5,53,5,6,0,0.7778,,7,52.2,0,0,0,0
4673408,1987,10028,1984,"ZA","",38435,3,4,623,3,39,1,10,1,0,0,6.7,15,0,0,0,0
4674348,1987,10035,1985,"ZA","",136785,3,4,74,5,59,8,0,0.125,,0,,38.375,0,0,,
4674628,1987,10035,1985,"ZA","",88655,3,10,206,6,68,14,9,0.7143,0.7654,0.82,5.2222,22.1429,0,0,0,0
4675921,1987,10042,1986,"ZA","",,1,12,4,6,65,12,3,1,0.6667,0.7361,4.6667,14.8333,,,,
4676239,1987,10042,1986,"ZA","",,1,1,128,3,32,10,12,0.9,0.1528,0.1975,6.6667,14.5,,,,
4676739,1987,10042,1986,"ZA","",,1,10,432,6,66,7,2,1,0,0.7755,9.5,11.1429,,,,
4677747,1987,10049,1986,"ZA","",,1,11,30,6,65,6,0,0.6667,,0,,25.5,,,,
4677816,1987,10049,1985,"ZA","",508190,3,2,57,6,63,6,0,0.8333,,0,,10.6667,0,0,,
4678125,1987,10049,1985,"ZA","",234210,3,11,239,5,59,6,2,0.5,0,0.6667,5,33.6667,0,0,0,0
4678237,1987,10049,1983,"ZA","",259965,3,15,299,6,64,11,4,1,0.375,0.4628,5,7.8182,0,0,0,0
4679372,1987,10056,1985,"ZA","",,1,4,52,6,69,1,2,1,0,0,5,16,,,,
4679577,1987,10056,1985,"ZA","",,1,5,132,6,65,12,1,0.4167,0,0,10,37.25,,,,
4679858,1987,10056,1985,"ZA","",138535,3,7,299,6,64,14,1,0.7857,0,0.7603,2,14.8571,0,0,0,0
4681036,1987,10063,1986,"ZA","",64300,3,5,102,1,19,9,0,0.6667,,0.2778,,17.5556,0,0,,
4681113,1987,10063,1985,"ZA","",506910,3,17,450,6,63,4,4,0.75,0.5,0.4444,8.5,23.75,0,0,0,0
4682752,1987,10070,1985,"ZA","",351245,3,11,248,6,69,1,2,1,0.5,0,4,10,0,0,0,0
4683599,1987,10077,1985,"ZA","",188215,3,3,4,6,65,4,3,0.75,0.4444,0.4444,8,22.25,0,0,0,0
4683735,1987,10077,1986,"ZA","",,5,4,70,6,65,4,4,0.25,0.625,0,7.25,53,,,,
4683784,1987,10077,1986,"ZA","",93220,3,1,81,5,59,3,6,0.6667,0.2778,0.5,8.3333,23.3333,0,0,0,0
4683978,1987,10077,1985,"ZA","",590610,3,6,181,6,69,25,3,0.32,0.4444,0.2188,10.3333,43.92,0,0,0,0
4684879,1987,10077,1986,"ZA","",128770,3,5,323,4,45,1,1,1,0,0,3,17,0,0,0,0
4691069,1987,10105,1986,"ZA","",532955,3,26,585,1,19,1,1,1,0,0,5,18,0,0,0,0
4692240,1987,10112,1985,"ZA","",140240,3,13,209,5,51,3,8,0.6667,0.5938,0.5,6.5,37,0,0,0,0
4692563,1987,10112,1986,"ZA","",625580,3,10,174,4,41,4,6,0.75,0.5,0.6667,5.5,13.75,1,0.25,0,0
4694710,1987,10126,1986,"ZA","",,1,6,76,5,52,1,0,1,,0,,7,,,,
4695219,1987,10126,1985,"ZA","",602630,3,7,414,5,51,4,1,1,0,0.625,10,10.5,0,0,0,0
4699338,1987,10147,1986,"ZA","",141480,3,10,244,5,55,8,2,1,0,0,3.5,14.875,0,0,0,0
4699653,1987,10147,1986,"ZA","",124805,3,8,75,5,52,3,5,0.6667,0,0.5,4.8,16,0,0,0,0
4700049,1987,10147,1985,"ZA","",427635,3,9,392,4,41,9,6,0.6667,0.7222,0.6667,7.1667,23.2222,0,0,0,0
4702263,1987,10161,1986,"ZA","",577470,3,3,131,6,61,3,1,1,0,0,2,1.3333,0,0,0,0
4702417,1987,10161,1986,"ZA","",,5,8,239,5,59,10,0,0.8,,0,,26.2,,,,
4702894,1987,10161,1987,"ZA","",,1,7,422,1,19,5,5,0.8,0.72,0.625,5.2,25.8,,,,
4703077,1987,10161,1986,"ZA","",,1,7,524,1,15,6,3,0.6667,0.6667,0.625,5,20.1667,,,,
4703878,1987,10168,1986,"ZA","",,1,8,223,6,63,4,6,0.5,0.2778,0.5,4.8333,33.5,,,,
4703955,1987,10168,1986,"ZA","",420305,3,6,285,6,67,5,1,0.8,0,0.75,11,12.8,0,0,0,0
4704795,1987,10175,1986,"ZA","",,1,6,30,6,65,2,3,0,0.6667,,6,76,,,,
4704955,1987,10175,1986,"ZA","",,1,20,99,6,61,11,0,0.7273,,0.2188,,24.2727,,,,
4707015,1987,10182,1986,"ZA","",,5,20,296,5,55,3,4,1,0,0.4444,5.25,5,,,,
4707420,1987,10182,1986,"ZA","",532955,3,19,429,4,45,6,0,0.5,,0.4444,,28.1667,0,0,,
4709497,1987,10196,1987,"ZA","",,1,6,42,5,59,14,2,0.5714,0.5,0.4688,7,23.7857,,,,
4709736,1987,10196,1986,"ZA","",,1,11,144,5,51,4,11,1,0.314,0.75,9.1818,12.25,,,,
4711849,1987,10203,1984,"ZA","",219130,3,6,435,3,33,1,1,1,0,0,5,5,0,0,0,0
4712265,1987,10210,1986,"ZA","",,1,10,15,6,69,5,2,0.8,0.5,0.625,7.5,16.4,,,,
4712743,1987,10210,1985,"ZA","",,1,6,241,5,51,1,7,1,0.2449,0,6.8571,6,,,,
4712947,1987,10210,1981,"ZA","",261270,3,4,405,6,64,3,2,0.6667,0,0.5,14,24.3333,0,0,0,0
4715424,1987,10224,1986,"ZA","",,5,13,164,5,52,1,2,1,0.5,0,7,9,,,,
4716648,1988,10231,1985,"ZA","",161020,3,4,29,5,52,12,7,0.6667,0.6122,0.2188,7.2857,26.75,0,0,0,0
4716694,1988,10231,1986,"ZA","",500745,3,2,52,6,69,6,2,0.6667,0.5,0.375,8.5,18.5,0,0,0,0
4717348,1988,10231,1986,"ZA","",,5,15,439,4,41,2,1,0.5,0,0,1,16,,,,
4719737,1988,10245,1987,"ZA","",556020,3,10,52,6,69,3,2,0.6667,0,0.5,4.5,29,0,0,0,0
4722148,1988,10259,1986,"ZA","",39965,3,9,42,5,59,9,1,0.8889,0,0,4,14.6667,0,0,0,0
4722485,1988,10259,1986,"ZA","",128770,3,4,241,5,51,4,0,0.25,,0,,31,0,0,,
4724023,1988,10266,1986,"ZA","",172735,3,4,156,1,19,3,9,0.6667,0.5679,0.5,5.6667,26,0,0,0,0
4724728,1988,10273,1986,"ZA","",,1,6,76,5,52,0,0,,,,,,,,,
4727372,1988,10280,1984,"ZA","",167845,3,5,340,2,21,6,3,0.8333,0,0.32,10.3333,20.6667,0,0,0,0
4727669,1988,10287,1984,"ZA","",,1,9,42,5,59,8,0,0.75,,0.4444,,17.5,,,,
4727690,1988,10287,1986,"ZA","",,1,11,52,6,69,3,1,0.6667,0,0,6,21.6667,,,,
4727995,1988,10287,1986,"ZA","",,5,6,212,5,59,5,1,0.6,0,0.4444,8,20.2,,,,
4728419,1988,10287,1985,"ZA","",,1,5,209,5,51,10,1,0.4,0,0.375,11,34.9,,,,
4729827,1988,10294,1986,"ZA","",124805,3,8,209,5,51,7,0,0.8571,,0,,12.2857,0,0,,
4730568,1988,10301,1987,"ZA","",,1,9,114,5,55,12,6,0.75,0.2778,0.5185,4.6667,22.5833,,,,
4730765,1988,10301,1985,"ZA","",,1,11,228,5,52,8,1,0.875,0,0.7347,8,14.5,,,,
4732329,1988,10308,1986,"ZA","",,1,2,239,5,59,5,3,0.8,0.4444,0,4,21.4,,,,
4732404,1988,10308,1986,"ZA","",,1,6,280,5,55,17,9,0.2353,0.1975,0.375,7,53.1765,,,,
4732666,1988,10308,1986,"ZA","",505475,3,12,209,5,51,4,1,0.75,0,0.4444,5,15.75,0,0,0,0
4732676,1988,10308,1985,"ZA","",51430,3,5,210,1,19,8,0,1,,0.2188,,12.375,0,0,,
4733987,1988,10315,1987,"ZA","",,1,2,403,6,67,2,9,0.5,0.6667,0,4.4444,30,,,,
4734314,1988,10315,1986,"ZA","",121575,3,4,428,6,69,7,1,0.7143,0,0,10,15,0,0,0,0
4735149,1988,10322,1986,"ZA","",532955,3,13,105,5,55,11,6,0.6364,0,0,7.3333,18.4545,0,0,0,0
4736072,1988,10322,1986,"ZA","",,1,9,174,4,41,10,5,0.7,0.56,0.5714,6.8,26.1,,,,
4736935,1988,10329,1987,"ZA","",,1,11,269,6,69,10,6,0.4,0,0,6.1667,37.4,,,,
4736951,1988,10329,1986,"ZA","",,1,7,473,6,62,3,13,0.6667,0.2604,0,9,23.6667,,,,
4737320,1988,10329,1986,"ZA","",,1,5,261,1,19,10,1,0.3,0,0.4444,6,33.4,,,,
4740130,1988,10343,1986,"ZA","",436575,3,8,414,5,51,2,3,1,0,0,5,12,0,0,0,0
4740178,1988,10343,1987,"ZA","",605675,3,6,439,4,41,4,3,0.75,0,0.4444,8.3333,14,0,0,0,0
4741718,1988,10350,1987,"ZA","",,1,4,446,6,62,1,1,1,0,0,2,15,,,,
4741797,1988,10350,1985,"ZA","",246485,3,8,156,1,19,11,3,0.9091,0.4444,0.18,9.6667,7.2727,0,0,0,0
4742593,1988,10357,1986,"ZA","",125445,3,12,15,6,69,16,15,1,0.6044,0.6875,8.4667,13.5,0.1111,0.0625,0,0
4744708,1988,10364,1986,"ZA","",109615,3,9,410,5,55,11,1,0.8182,0,0.716,10,16.8182,0,0,0,0
4744735,1988,10364,1986,"ZA","",,1,21,417,5,53,3,1,0.6667,0,0,9,31,,,,
4745698,1988,10371,1984,"ZA","",68250,3,3,42,5,59,7,3,0.4286,0,0.4444,10.3333,26.1429,0,0,0,0
4747196,1988,10378,1986,"ZA","",177150,3,22,29,5,52,7,4,0.8571,0.375,0,5.5,15.2857,0,0,0,0
4748118,1988,10378,1984,"ZA","",219130,3,14,435,3,33,1,5,1,0.32,0,5,6,0,0,0,0
4748544,1988,10378,1986,"ZA","",,1,13,362,4,42,7,1,0.4286,0,0,2,29.2857,,,,
4748759,1988,10385,1987,"ZA","",,1,7,42,5,59,10,0,0.6,,0.4444,,28.2,,,,
4748978,1988,10385,1985,"ZA","",,1,4,424,3,31,5,6,0.8,0.48,0.625,7,16.2,,,,
4749477,1988,10385,1987,"ZA","",,1,7,210,1,19,16,2,0.75,0,0.4861,9,14.8125,,,,
4749478,1988,10385,1986,"ZA","",537600,3,30,210,1,19,23,4,0.8696,0,0.635,7,13.1304,0,0,0,0
4752105,1988,10399,1987,"ZA","",,1,9,305,5,55,14,4,0.2857,0.375,0,2,35.2857,,,,
4752363,1988,10399,1987,"ZA","",619845,3,21,205,1,19,2,8,0,0.5313,,5,57,0,0,0,0
4752606,1988,10399,1984,"ZA","",407035,3,12,514,3,31,11,1,0.9091,0,0.58,8,13.5455,0,0,0,0
4753302,1988,10406,1986,"ZA","",,1,16,175,6,64,2,3,1,0.4444,0,3.3333,4,,,,
4754140,1988,10406,1986,"ZA","",,1,10,250,4,44,4,3,1,0,0.375,5.3333,11.75,,,,
4754892,1988,10413,1987,"ZA","",,1,7,215,6,68,6,10,0.8333,0.18,0.48,7.4,14,,,,
4756148,1988,10420,1986,"ZA","",412875,3,11,56,6,61,6,7,0.8333,0.6122,0.56,7.2857,16.6667,0,0,0,0
4756776,1988,10420,1987,"ZA","",8965,3,12,149,1,19,7,3,1,0,0,3.3333,3.1429,0.1429,0.1429,0,0
4757664,1988,10427,1987,"ZA","",500745,3,1,52,6,69,14,16,0.7143,0.8203,0.84,4.9375,21.6429,0,0,0,0
4758131,1988,10427,1987,"ZA","",,1,14,417,5,53,7,1,0.5714,0,0.375,2,29,,,,
4759690,1988,10434,1986,"ZA","",,1,17,416,1,19,12,0,0.5,,0.6111,,24.0833,,,,
4760791,1988,10441,1987,"ZA","",295065,3,33,102,1,19,5,4,1,0.375,0,6.25,8.8,0.25,0.2,0,0
4760794,1988,10441,1982,"ZA","",,1,7,102,1,19,7,5,0.8571,0.32,0,12.4,15.8571,,,,
4760993,1988,10441,1987,"ZA","",143885,3,7,254,5,59,15,0,0.1333,,0,,57.4667,0,0,,
4761589,1988,10441,1986,"ZA","",128770,3,4,318,4,45,2,0,1,,0,,15,0,0,,
4762458,1988,10448,1987,"ZA","",,1,8,414,5,51,2,0,1,,0,,13.5,,,,
4762610,1988,10448,1986,"ZA","",500745,3,1,209,5,51,9,7,0.3333,0.4082,0.6667,6.4286,31.7778,0.5,0.1111,0,0
4762650,1988,10448,1987,"ZA","",631825,3,7,261,1,19,25,5,0.6,0,0.3467,7,26.08,0,0,0,0
4764184,1988,10455,1987,"ZA","",494300,3,8,48,1,13,14,2,0.4286,0,0.5,8.5,42.4286,0.1667,0.0714,0,0
4764756,1988,10455,1986,"ZA","",503750,3,21,340,2,21,5,3,1,0.4444,0.32,3.6667,11.8,0,0,0,0
4766931,1988,10469,1987,"ZA","",,1,5,137,6,69,22,2,0.5909,0.5,0.7219,10,23.6364,,,,
4767074,1988,10469,1985,"ZA","",,1,1,242,5,51,6,1,0.5,0,0.4444,6,25.1667,,,,
4767253,1988,10469,1982,"ZA","",219130,3,4,414,5,51,14,0,0.7857,,0.7603,,25.0714,0,0,,
4767370,1988,10469,1987,"ZA","",,1,13,441,6,69,7,1,0.7143,0,0.56,1,33.7143,,,,
4768743,1988,10476,1987,"ZA","",,1,3,248,6,69,7,0,0.2857,,0.5,,33.7143,,,,
4769119,1988,10476,1987,"ZA","",619620,3,4,210,1,19,1,12,1,0.6944,0,4.25,25,0,0,0,0
4769324,1988,10476,1985,"ZA","",505475,3,2,435,3,33,2,0,0.5,,0,,34.5,0,0,,
4769434,1988,10476,1986,"ZA","",532955,3,24,527,1,15,6,5,0.1667,0.72,0,8.4,41.3333,0,0,0,0
4769867,1988,10483,1987,"ZA","",,1,9,15,6,69,2,11,1,0.2975,0,7.5455,3.5,,,,
4769889,1988,10483,1986,"ZA","",,5,6,29,5,52,8,11,0.875,0.7273,0.2449,5.3636,14.25,,,,
4770097,1988,10483,1987,"ZA","",219130,3,7,102,1,19,6,6,0.8333,0.2778,0.56,5.6667,12.1667,0,0,0,0
4770564,1988,10483,1987,"ZA","",,1,14,405,6,64,6,3,1,0,0,3,5.8333,,,,
4770741,1988,10483,1986,"ZA","",137650,3,9,156,1,19,8,0,0.75,,0.7222,,24.75,0,0,,
4770793,1988,10483,1987,"ZA","",619845,7,14,210,1,19,3,1,0.6667,0,0,1,18.3333,0,0,0,0
4773554,1988,10497,1987,"ZA","",565695,3,13,220,6,68,10,18,0.8,0.537,0.4688,6.2222,16.4,0,0,0,0
4776954,1988,10511,1986,"ZA","",537600,3,4,210,1,19,27,5,0.8519,0.56,0.6994,9,17.2593,0,0,0,0
4777552,1988,10511,1987,"ZA","",513545,3,14,360,2,24,6,0,1,,0,,4.6667,0,0,,
4778408,1988,10518,1987,"ZA","",,1,5,439,4,41,10,13,0.4,0.6746,0,6.2308,30.4,,,,
4778468,1988,10518,1985,"ZA","",532955,3,12,623,3,39,2,30,1,0.3467,0.5,9.4333,10,0.5,0.5,0,0
4778599,1988,10518,1986,"ZA","",537600,3,21,210,1,19,25,6,0.96,0.5,0.684,7.8333,11.44,0,0,0,0
4779869,1988,10525,1986,"ZA","",,1,6,473,6,62,6,0,0.8333,,0.72,,31,,,,
4781125,1988,10532,1986,"ZA","",540775,3,8,105,5,55,12,0,0.5,,0.5,,36.25,0,0,,
4781916,1988,10532,1987,"ZA","",,5,15,510,1,19,9,13,0.7778,0.7692,0.7347,5.1538,22.8889,,,,
4782630,1988,10539,1987,"ZA","",,1,7,49,5,59,2,10,0.5,0.5,0,6.4,48,,,,
4784126,1988,10546,1987,"ZA","",532955,3,10,606,3,32,4,27,1,0.5405,0.5,6.6296,2.75,1,0.5,0,0
4784297,1988,10546,1987,"ZA","",,1,17,222,1,19,17,4,0.7059,0.375,0.625,4.5,21.3529,,,,
4785840,1988,10553,1987,"ZA","",,1,5,137,6,69,5,0,0.4,,0.5,,46,,,,
4785976,1988,10553,1987,"ZA","",,1,7,222,1,19,5,5,0.4,0.8,0.5,6.2,35.8,,,,
4786253,1988,10553,1987,"ZA","",248075,3,9,433,3,39,3,8,1,0.5,0,9.125,8.3333,0,0,0,0
4787375,1988,10560,1986,"ZA","",,1,3,128,3,32,20,5,0.85,0.32,0.7128,5.2,14.85,,,,
4787466,1988,10560,1987,"ZA","",,1,2,175,6,64,5,0,1,,0.32,,3.8,,,,
4787660,1988,10560,1987,"ZA","",,1,5,294,5,59,16,3,0.5625,0.4444,0.6173,8.3333,36.5625,,,,
4789364,1988,10567,1987,"ZA","",,1,7,440,5,55,3,1,0.3333,0,0,2,47,,,,
4789385,1988,10567,1987,"ZA","",,1,13,51,5,59,18,15,1,0.3467,0.3827,3.8,9.7222,,,,
4789671,1988,10567,1987,"ZA","",496855,3,27,514,3,31,0,6,,0,,5.1667,,,,1,1
4790344,1988,10574,1987,"ZA","",,1,18,137,6,69,5,6,0.6,0.6111,0.4444,4.8333,22.8,,,,
4790891,1988,10574,1987,"ZA","",8965,3,6,149,1,19,4,34,1,0.5484,0,6.9706,2.5,0,0,0,0
4791908,1988,10581,1987,"ZA","",456065,2,6,124,5,59,15,16,0.9333,0,0.1327,6.875,8.3333,0,0,0,0
4792154,1988,10581,1986,"ZA","",74605,3,9,280,5,55,3,0,1,,0,,5.6667,0.5,0.3333,,
4793427,1988,10588,1987,"ZA","",69490,3,3,175,6,64,6,5,1,0.32,0,7,16,0,0,0,0
4793828,1988,10588,1986,"ZA","",568350,3,34,51,5,59,11,7,1,0.449,0.4463,7,11.4545,0,0,0,0
4795024,1989,10595,1986,"ZA","",331055,3,10,198,5,59,11,5,0.9091,0.56,0,9,15.0909,0,0,0,0
4796531,1989,10602,1987,"ZA","",219130,3,7,102,1,19,14,4,0.9286,0,0.6627,5.75,14.2857,0,0,0,0
4797333,1989,10602,1987,"ZA","",337585,3,30,429,4,45,8,20,0.875,0,0.2449,5,17.625,0.6667,0.5,0.3684,0.35
4798796,1989,10609,1986,"ZA","",65880,2,10,435,3,33,3,5,1,0,0.4444,3.2,7.6667,0,0,0,0
4799504,1989,10616,1987,"ZA","",,1,7,137,6,69,8,1,0.5,0,0.625,8,29.375,,,,
4799928,1989,10616,1986,"ZA","",192015,3,7,604,3,32,7,3,1,0.4444,0.2449,6.3333,16.4286,0,0,0,0
4800606,1989,10623,1987,"ZA","",,1,13,15,6,69,4,9,0.5,0.4444,0,5.2222,22.5,,,,
4802559,1989,10630,1988,"ZA","",26610,2,6,188,5,53,11,3,0.9091,0.4444,0,7.3333,13.6364,0.1111,0.0909,0,0
4802592,1989,10630,1988,"ZA","",188215,3,6,210,1,19,7,9,0.5714,0.1975,0.375,4,28.5714,0,0,0,0
4802643,1989,10630,1987,"ZA","",,1,1,248,6,69,8,9,0.75,0,0.7222,7.7778,18.75,,,,
