4045187,1977,6451,1975,"ZA","",532945,3,20,44,1,19,8,4,0.125,0.375,0,4.25,35.625,0,0,0,0
4045260,1977,6451,1975,"ZA","",8965,3,15,149,1,19,3,0,1,,0,,5.6667,0,0,,
4045674,1977,6451,1975,"ZA","",,1,11,250,4,44,3,10,0,0.6,,10.2,21.3333,,,,
4045676,1977,6451,1975,"ZA","",421625,2,26,378,4,44,3,5,0,0.72,,12.4,22,0,0,0,0
4047497,1977,6465,1976,"ZA","",,1,1,118,1,12,8,5,0.5,0.56,0.625,14.8,20.875,,,,
4048829,1977,6472,1974,"ZA","",,1,12,72,5,52,9,2,0.3333,0.5,0.4444,16,37.2222,,,,
4049549,1977,6472,1973,"ZA","",,1,7,210,1,19,5,2,0.8,0,0.375,12.5,11.2,,,,
4050444,1977,6479,1975,"ZA","",,1,11,126,6,66,10,9,0.8,0.7407,0.6875,6.8889,8.3,,,,
4051630,1977,6486,1975,"ZA","",473070,3,5,504,1,11,10,3,0.4,0.6667,0.375,13.6667,15.4,0,0,0,0
4052029,1977,6486,1975,"ZA","",377275,3,2,248,6,69,2,4,0.5,0.375,0,11.5,27.5,0,0,0,0
4052488,1977,6486,1975,"ZA","",,1,13,261,1,19,17,5,0.1765,0.32,0.4444,10.4,40.2941,,,,
4052872,1977,6493,1975,"ZA","",538255,3,6,72,5,52,0,4,,0.625,,7.25,,,,0,0
4053243,1977,6493,1975,"ZA","",,1,9,401,1,12,7,6,0.4286,0.2778,0.4444,12.3333,20.5714,,,,
4053569,1977,6493,1976,"ZA","",,1,12,44,1,19,3,3,0.6667,0.4444,0.5,5.3333,13,,,,
4054392,1977,6500,1976,"ZA","",,1,5,403,6,67,5,5,0.6,0.64,0.6667,6.8,18.4,,,,
4056341,1977,6514,1976,"ZA","",,1,5,425,5,51,11,4,0.6364,0,0.449,13.25,16.2727,,,,
4056984,1977,6521,1974,"ZA","",,1,7,74,5,59,5,0,0.2,,0,,18.4,,,,
4057858,1977,6528,1976,"ZA","",,1,8,623,3,39,4,12,1,0.1528,0,6.75,3.25,,,,
4057882,1977,6528,1976,"ZA","",639455,3,7,29,5,52,8,4,0.5,0.625,0.375,9,18,0,0,0,0
4058395,1977,6528,1976,"ZA","",,1,4,75,5,52,3,1,1,0,0.4444,4,3.6667,,,,
4059111,1977,6535,1976,"ZA","",519235,3,14,604,3,32,4,3,0,0,,18.3333,66.5,0,0,0,0
4059490,1977,6535,1976,"ZA","",99765,3,15,205,1,19,2,1,1,0,0,6,2,0,0,0,0
4061359,1977,6549,1976,"ZA","",357345,3,9,280,5,55,4,3,0.75,0.4444,0.4444,14,8.75,0,0,0,0
4062322,1977,6556,1976,"ZA","",,1,3,119,6,61,9,0,0.6667,,0.8333,,16.3333,,,,
4062514,1977,6556,1976,"ZA","",,5,2,249,6,69,6,5,0.5,0.72,0,18.2,21.6667,,,,
4063224,1977,6556,1976,"ZA","",512710,3,7,365,2,24,1,7,1,0.2449,0,10.4286,0,0,0,0,0
4063909,1977,6563,1975,"ZA","",,1,14,51,5,59,12,63,0.9167,0.5971,0.4463,10.7937,6.9167,,,,
4064284,1977,6563,1975,"ZA","",125555,2,34,426,6,61,2,0,1,,0,,7,0,0,,
4064785,1977,6570,1975,"ZA","",,1,3,411,5,59,3,0,0.6667,,0.5,,12.3333,,,,
4066135,1978,6577,1976,"ZA","",543210,3,13,173,5,51,7,3,0.2857,0,0.5,6.3333,33,0,0,0,0
4066537,1978,6577,1976,"ZA","",,1,15,209,5,51,8,3,0.75,0.4444,0.5,8.3333,12.625,,,,
4067232,1978,6584,1976,"ZA","",121135,3,8,73,4,43,4,5,1,0.48,0.625,6.2,2.5,0,0,0,0
4067261,1978,6584,1976,"ZA","",532955,3,14,105,5,55,14,32,0.2857,0.1191,0,7.25,41.5714,0,0,0.1429,0.125
4067262,1978,6584,1975,"ZA","",532955,3,17,105,5,55,16,25,0.1875,0.0768,0,7.56,68.125,0,0,0.1429,0.12
4067952,1978,6584,1975,"ZA","",30490,3,8,423,1,19,10,4,0.3,0.5,0.6667,3.25,38.4,0,0,0,0
4067953,1978,6584,1975,"ZA","",,1,22,423,1,19,9,9,0.4444,0.5185,0,11.8889,25,,,,
4068794,1978,6591,1976,"ZA","",138810,3,11,229,6,68,8,11,1,0.3967,0.375,14.1818,5.375,0,0,0,0
4071095,1978,6605,1976,"ZA","",43555,3,14,173,5,51,9,2,0.6667,0,0.7222,19,15.2222,0,0,0,0
4072020,1978,6612,1976,"ZA","",473070,3,1,405,6,64,4,7,0.75,0.7347,0.4444,12.1429,12.25,0,0,0,0
4072164,1978,6612,1976,"ZA","",,1,3,137,6,69,7,8,0.2857,0.5313,0.5,13.875,25.5714,,,,
4073326,1978,6619,1976,"ZA","",339010,3,10,144,5,51,5,13,0.8,0,0,10.7692,10.8,0,0,0,0
4073709,1978,6619,1975,"ZA","",30490,3,9,205,1,19,3,3,0.3333,0,0,9.3333,29.3333,0,0,0,0
4075839,1978,6633,1976,"ZA","",430650,3,13,60,4,45,4,0,0.5,,0.5,,12.75,0,0,,
4075880,1978,6633,1976,"ZA","",469680,3,9,72,5,52,3,4,0,0.75,,10.75,42.6667,0,0,0,0
4078047,1978,6640,1976,"ZA","",55665,3,2,423,1,19,5,2,0.6,0,0,5.5,20,0,0,0,0
4079935,1978,6654,1976,"ZA","",640565,3,5,473,6,62,6,11,0.3333,0.1653,0,9.7273,27,0,0,0,0
4079977,1978,6654,1976,"ZA","",,1,8,294,5,59,10,1,0.3,0,0.6667,3,36.6,,,,
4080130,1978,6654,1975,"ZA","",120200,3,2,425,5,51,5,0,0.8,,0.375,,9.6,0,0,,
4080921,1978,6661,1976,"ZA","",495530,2,9,114,5,55,5,6,0.4,0.5,0,11,14.4,0,0,0,0
4082470,1978,6668,1977,"ZA","",505965,3,1,403,6,67,6,9,0.6667,0.3704,0.375,6.7778,23.6667,0,0,0,0
4086084,1978,6689,1975,"ZA","",359220,3,11,423,1,19,4,6,0,0.5,,13.3333,36.75,0,0,0,0
4086140,1978,6689,1977,"ZA","",,1,6,435,3,33,2,0,1,,0.5,,5.5,,,,
4086165,1978,6689,1976,"ZA","",,1,8,210,1,19,8,2,0.625,0,0,13,22.75,,,,
4089715,1978,6710,1976,"ZA","",369730,3,1,149,1,19,9,7,0.7778,0.5714,0.2449,9.2857,14.7778,0,0,0.1429,0.1429
4090073,1978,6710,1976,"ZA","",393355,3,11,378,4,44,4,1,1,0,0,21,2.75,0,0,0,0
4090277,1978,6717,1976,"ZA","",532955,3,7,19,1,11,4,0,0.5,,0,,38.75,1,0.25,,
4091254,1978,6717,1976,"ZA","",235625,3,10,219,4,49,10,31,0.7,0.3809,0.5714,19.4194,15.7,0,0,0,0
4092084,1978,6724,1976,"ZA","",532955,3,13,416,1,19,7,7,0.2857,0.4898,0.5,14.4286,22.5714,0,0,0,0
4093076,1978,6731,1975,"ZA","",399250,3,9,211,6,65,0,19,,0.6759,,14.2105,,,,0,0
4093939,1978,6731,1977,"ZA","",584910,3,7,340,2,21,2,20,0.5,0.83,0,9.4,15,0,0,0,0
4094366,1978,6738,1976,"ZA","",,1,5,173,5,51,5,2,0.8,0,0,7.5,10,,,,
4094933,1978,6738,1976,"ZA","",,1,13,261,1,19,11,1,0.3636,0,0,2,38.8182,,,,
4094950,1978,6738,1977,"ZA","",,5,7,264,5,51,3,1,0,0,,9,48.6667,,,,
4096235,1978,6745,1976,"ZA","",369345,3,5,423,1,19,1,1,1,0,0,4,7,1,1,0,0
4098052,1978,6759,1976,"ZA","",,1,14,53,6,68,4,1,0.75,0,0,12,11.75,,,,
4099357,1978,6766,1976,"ZA","",,1,9,52,6,69,7,7,0.4286,0,0,16.4286,29.7143,,,,
4099467,1978,6766,1976,"ZA","",444660,3,23,102,1,19,6,13,1,0,0.5,11.3077,6,0,0,0,0
4100682,1978,6773,1976,"ZA","",,1,12,34,1,19,10,2,0.3,0.5,0.4444,13.5,36.8,,,,
4100784,1978,6773,1977,"ZA","",245565,3,47,72,5,52,2,3,1,0,0,7.3333,5.5,0,0,0.5,0.3333
4101869,1978,6773,1976,"ZA","",17555,3,30,340,2,21,33,6,0.6364,0.6667,0.7755,9.1667,13.3939,0,0,0,0
4102986,1978,6780,1976,"ZA","",532955,3,16,423,1,19,2,0,1,,0,,8,0,0,,
4103137,1978,6780,1976,"ZA","",,1,19,219,4,49,4,10,0.25,0.68,0,6.8,17.75,,,,
4103142,1978,6780,1975,"ZA","",,1,5,219,4,49,13,2,0.6154,0,0.375,13.5,22.4615,,,,
4105442,1978,6794,1977,"ZA","",393355,3,14,75,5,52,2,4,0.5,0.375,0,12.25,10,0,0,0,0
4105742,1978,6794,1977,"ZA","",393355,3,9,423,1,19,4,2,1,0,0.5,4,3.5,0,0,0,0
4106542,1978,6801,1977,"ZA","",151370,3,9,152,5,55,6,4,0.5,0,0.4444,9,24.6667,0,0,0,0
4107899,1978,6808,1977,"ZA","",,1,1,52,6,69,3,0,0.3333,,0,,36.6667,,,,
4108171,1978,6808,1976,"ZA","",,1,12,128,3,32,9,5,0.8889,0,0.6563,13,8.8889,,,,
4108524,1978,6808,1977,"ZA","",8965,3,11,439,4,41,0,1,,0,,20,,,,0,0
4108614,1978,6808,1977,"ZA","",,1,5,51,5,59,13,17,0.9231,0.6782,0.5278,7.8824,7.6154,,,,
4108960,1978,6808,1976,"ZA","",69785,3,2,423,1,19,5,3,1,0.4444,0.32,11.6667,5.8,0,0,0,0
4110214,1978,6815,1976,"ZA","",487720,3,10,210,1,19,4,14,0.75,0.2551,0.4444,16.2857,20.5,0,0,0,0
4110428,1978,6815,1976,"ZA","",726215,2,1,424,3,31,8,5,0.75,0,0.5,10,10.125,0,0,0,0
4111296,1978,6822,1977,"ZA","",,1,19,198,5,59,19,1,0.2632,0,0.64,1,27.0526,,,,
4112593,1978,6829,1977,"ZA","",,1,15,434,6,69,3,3,1,0.4444,0.4444,6.3333,11.3333,,,,
4113176,1978,6829,1976,"ZA","",,1,8,236,6,69,3,1,1,0,0,10,7.6667,,,,
4113195,1978,6829,1976,"ZA","",,5,6,242,5,51,5,6,0.4,0.2778,0.5,15.5,31.6,,,,
4113448,1978,6829,1977,"ZA","",44045,3,24,95,1,13,8,3,0.75,0.4444,0.6111,2.6667,11.125,0,0,0,0
4114113,1978,6829,1976,"ZA","",532955,3,24,372,4,42,4,8,1,0.375,0,6,3.5,0,0,0,0
4117701,1978,6850,1977,"ZA","",,1,14,70,6,65,5,0,0.4,,0.5,,27.2,,,,
4117990,1978,6850,1977,"ZA","",,1,6,242,5,51,5,1,0.4,0,0,17,22,,,,
4118090,1978,6850,1977,"ZA","",,1,12,439,4,41,2,9,1,0,0,13.3333,7,,,,
4118333,1978,6850,1976,"ZA","",110775,2,11,510,1,19,4,5,1,0.72,0.375,14.4,7.75,0,0,0.6,0.6
4121325,1978,6871,1976,"ZA","",587515,3,5,24,6,63,9,4,0.5556,0.375,0.56,11,19.6667,0.2,0.1111,0,0
4122636,1978,6878,1977,"ZA","",,1,5,51,5,59,5,7,0.8,0.7755,0.75,14.8571,13.2,,,,
4123109,1978,6878,1976,"ZA","",163080,3,1,299,6,64,6,1,0.6667,0,0,7,14.6667,0,0,0,0
4126192,1978,6899,1977,"ZA","",543210,3,3,173,5,51,4,2,1,0,0,8.5,5,0,0,0,0
4127044,1978,6906,1975,"ZA","",,1,20,83,5,51,5,8,0.4,0.5313,0.5,9.625,37.2,,,,
4127160,1978,6906,1976,"ZA","",634845,2,6,165,6,66,6,18,0.3333,0.7531,0.5,14.0556,22,0,0,0.8333,0.2778
4127270,1978,6906,1977,"ZA","",333670,3,7,273,6,62,8,1,0.25,0,0,14,35,0,0,0,0
4128096,1978,6913,1976,"ZA","",,1,40,126,6,66,3,4,0.6667,0.375,0,3,19.3333,,,,
4128275,1978,6913,1977,"ZA","",413020,3,8,298,5,55,1,0,0,,,,30,0,0,,
4128336,1978,6913,1976,"ZA","",532955,3,15,356,4,43,2,4,1,0.625,0.5,10,7,0,0,0,0
4128442,1978,6913,1978,"ZA","",8965,3,7,149,1,19,1,7,1,0,0,5.7143,9,0,0,0,0
4128446,1978,6913,1977,"ZA","",151370,3,6,156,1,19,10,1,0.6,0,0.2778,2,17.2,0.2,0.1,0,0
4129474,1978,6920,1977,"ZA","",471420,3,14,156,1,19,10,5,0.9,0.48,0.3704,7.4,8.6,0.5,0.1,0,0
4129927,1978,6927,1977,"ZA","",,1,13,24,6,63,7,5,0.1429,0.72,0,10,49.1429,,,,
4130625,1978,6927,1977,"ZA","",393355,3,9,423,1,19,2,1,1,0,0,4,2,0,0,0,0
4131380,1978,6934,1977,"ZA","",,1,10,403,6,67,8,4,1,0,0.4688,6.5,4.125,,,,
4131806,1978,6934,1976,"ZA","",512710,3,3,326,4,46,8,3,1,0.4444,0.5313,11,4.75,0,0,0,0
4133068,1979,6948,1977,"ZA","",,1,6,15,6,69,1,24,1,0.2986,0,14.2083,2,,,,
4133161,1979,6948,1977,"ZA","",,1,13,52,6,69,10,13,0.6,0,0,13.8462,23.6,,,,
4133817,1979,6948,1976,"ZA","",99765,3,10,549,1,14,0,3,,0,,21,,,,0,0
4133948,1979,6948,1976,"ZA","",99765,3,17,536,1,14,3,2,1,0,0.4444,21,9,0,0,0,0
4135521,1979,6962,1977,"ZA","",577470,3,8,131,6,61,2,10,0,0,,8.5,55,0,0,0,0
4135532,1979,6962,1977,"ZA","",,1,3,134,6,69,5,2,0.4,0,0,13.5,28.2,,,,
4136620,1979,6969,1976,"ZA","",532955,3,7,105,5,55,17,9,0.7647,0,0.5207,8.3333,17.7059,0.2,0.1176,0,0
4137173,1979,6969,1976,"ZA","",,1,12,210,1,19,14,2,0.5,0,0,13,22.5714,,,,
4137932,1979,6976,1977,"ZA","",,1,6,137,6,69,2,0,1,,0,,9,,,,
4138312,1979,6976,1977,"ZA","",493480,3,9,162,1,19,7,4,0.5714,0.375,0.375,15.25,19.7143,0,0,0,0
4139777,1979,6983,1976,"ZA","",,1,28,376,4,44,3,3,1,0.6667,0,21,5.6667,,,,
4140536,1979,6990,1978,"ZA","",236585,3,14,106,1,12,6,2,0.3333,0,0.5,18,20.8333,0,0,0,0
4140628,1979,6990,1977,"ZA","",,1,2,209,5,51,3,13,0,0.6391,,13.5385,22.6667,,,,
4142872,1979,7004,1978,"ZA","",,1,8,51,5,59,8,13,0.875,0.142,0.6939,11.0769,8.75,,,,
4143099,1979,7004,1976,"ZA","",595920,3,18,524,1,15,1,8,1,0.7813,0,10.375,5,0,0,0,0
4144672,1979,7018,1977,"ZA","",,5,4,47,6,61,5,3,0.6,0,0,14.3333,14.2,,,,
4145187,1979,7018,1976,"ZA","",359220,3,9,422,1,19,14,3,0.9286,0.6667,0.7337,12.3333,7.5,0.1,0.0714,0,0
4146023,1979,7025,1977,"ZA","",,1,2,128,3,32,4,0,1,,0,,5,,,,
4146426,1979,7025,1977,"ZA","",,1,7,162,1,19,4,2,0.5,0.5,0,10.5,24.75,,,,
4146980,1979,7032,1977,"ZA","",,1,1,36,6,63,4,1,0.5,0,0,3,30,,,,
4147318,1979,7032,1977,"ZA","",,5,11,180,5,55,7,2,0,0.5,,14.5,58,,,,
4147448,1979,7032,1978,"ZA","",532955,3,33,404,6,69,5,5,0.4,0.56,0,8.8,23.4,1,0.4,0,0
4148310,1979,7039,1977,"ZA","",,1,7,128,3,32,2,1,1,0,0.5,2,2,,,,
4149347,1979,7046,1978,"ZA","",502445,3,9,52,6,69,1,1,1,0,0,19,12,0,0,0,0
4150111,1979,7046,1977,"ZA","",,1,6,424,3,31,11,4,0.6364,0.75,0.449,12.25,22.2727,,,,
4151246,1979,7053,1977,"ZA","",609780,3,4,264,5,51,3,5,0,0.48,,9.2,42.3333,0,0,0,0
4151801,1979,7060,1976,"ZA","",532955,3,11,105,5,55,14,12,0.5,0.2917,0.2449,8.3333,32.5,0.5,0.1429,0.0909,0.0833
4152802,1979,7067,1978,"ZA","",,5,4,15,6,69,3,10,1,0.34,0,14.4,8.6667,,,,
4153116,1979,7067,1977,"ZA","",,1,5,172,6,64,3,1,0.6667,0,0,20,9,,,,
4153209,1979,7067,1977,"ZA","",50065,3,1,241,5,51,4,0,0,,,,53.5,0,0,,
4153685,1979,7067,1973,"ZA","",496870,2,25,424,3,31,2,6,0.5,0.5,0,18.5,26,0,0,0,0
4153953,1979,7074,1978,"ZA","",,1,12,623,3,39,5,13,1,0.2604,0,9.7692,4,,,,
4154802,1979,7074,1977,"ZA","",,1,6,423,1,19,4,2,1,0,0,9,8.5,,,,
4155423,1979,7081,1977,"ZA","",,1,10,182,6,65,3,3,0.6667,0.6667,0,9.6667,17,,,,
4155750,1979,7081,1978,"ZA","",393355,3,13,75,5,52,4,1,1,0,0.375,13,2.75,0,0,0,0
4155983,1979,7081,1977,"ZA","",,1,2,423,1,19,4,3,0.5,0.6667,0.5,6.6667,32.25,,,,
4156948,1979,7095,1977,"ZA","",,5,6,15,6,69,3,13,1,0.3905,0,15.9231,8.6667,,,,
4160860,1979,7130,1977,"ZA","",480475,3,16,536,1,14,1,3,1,0.4444,0,15,3,0,0,0,0
4163293,1979,7158,1977,"ZA","",,1,3,4,6,65,8,2,0.5,0,0,12,23.125,,,,
4163340,1979,7158,1977,"ZA","",,1,12,43,6,61,7,3,0,0.4444,,9.6667,65.7143,,,,
4163716,1979,7158,1977,"ZA","",191955,3,7,210,1,19,8,14,0.875,0.5,0.449,11.1429,9.25,0,0,0,0
4164608,1979,7165,1978,"ZA","",532955,3,39,429,4,45,6,8,1,0,0,3.75,7.3333,0,0,0.7143,0.625
4164654,1979,7165,1978,"ZA","",532955,3,32,250,4,44,7,1,0.5714,0,0.375,10,15.5714,0,0,0,0
4164909,1979,7172,1978,"ZA","",,1,5,114,5,55,10,6,0.6,0,0,8.6667,14.4,,,,
4169722,1979,7214,1977,"ZA","",44045,3,11,420,5,52,1,6,1,0.5,0,7.5,8,0,0,0,0
4169786,1979,7214,1977,"ZA","",,1,1,209,5,51,4,4,0,0.5,,14.5,25.5,,,,
4169790,1979,7214,1978,"ZA","",532955,3,36,210,1,19,7,11,0.5714,0.562,0.75,14.6364,17.1429,0,0,0,0
4170223,1979,7221,1977,"ZA","",,1,16,126,6,66,4,3,1,0,0.375,4.3333,2.75,,,,
4170827,1979,7228,1977,"ZA","",,1,7,33,6,69,3,0,0,,,,62.3333,,,,
4170924,1979,7228,1977,"ZA","",115160,3,8,91,5,53,5,0,0.6,,0,,21.6,0,0,,
4170988,1979,7228,1977,"ZA","",,1,15,601,3,32,6,9,0.5,0.5185,0.6667,8.1111,20.6667,,,,
4172541,1979,7242,1977,"ZA","",,1,8,222,1,19,6,1,0,0,,16,41.8333,,,,
4174499,1979,7256,1977,"ZA","",,1,8,324,4,43,0,4,,0.375,,15.5,,,,,
4174765,1979,7263,1976,"ZA","",,1,9,180,5,55,6,1,0.6667,0,0.625,21,12.5,,,,
4174767,1979,7263,1976,"ZA","",625470,3,5,184,5,59,9,5,0.2222,0.32,0,12.6,29.2222,0,0,0,0
4175700,1979,7270,1977,"ZA","",,1,5,238,5,55,12,6,0.5833,0,0,8.3333,25.9167,,,,
4175943,1979,7270,1978,"ZA","",587395,3,10,71,1,11,7,7,0.4286,0.449,0,11.4286,27,0,0,0,0
4176058,1979,7270,1976,"ZA","",,1,22,210,1,19,7,6,0.8571,0.2778,0.6667,9.1667,14.7143,,,,
4176708,1979,7277,1978,"ZA","",634845,2,10,165,6,66,6,21,0.3333,0.8027,0.5,11.6667,23,0,0,0.8,0.381
4177774,1979,7284,1976,"ZA","",121135,3,4,123,5,53,5,0,0.8,,0.625,,12.6,0,0,,
4177829,1979,7284,1977,"ZA","",,1,3,137,6,69,10,1,0,0,,10,58.7,,,,
4178840,1979,7291,1978,"ZA","",,1,2,454,5,59,1,5,1,0.56,0,7.2,1,,,,
4179983,1979,7298,1977,"ZA","",543210,3,4,92,5,53,7,10,0.7143,0.58,0.48,14,22.8571,0,0,0,0
4180106,1979,7298,1978,"ZA","",,1,16,141,5,51,2,2,0.5,0.5,0,2.5,20.5,,,,
4182355,1980,7312,1977,"ZA","",,1,8,137,6,69,3,4,0.3333,0.375,0,13.75,19.3333,,,,
4182632,1980,7312,1977,"ZA","",,1,1,127,1,11,5,1,0.8,0,0.5,12,11.6,,,,
4183775,1980,7319,1978,"ZA","",8965,3,7,149,1,19,2,0,1,,0,,12,0,0,,
4186092,1980,7333,1978,"ZA","",140240,3,19,210,1,19,6,2,0.8333,0,0.72,2.5,12.8333,0,0,1,0.5
4186838,1980,7340,1977,"ZA","",,1,11,209,5,51,14,10,0.6429,0.66,0.7407,10.8,17.0714,,,,
4187083,1980,7340,1978,"ZA","",,1,12,51,5,59,6,2,0.6667,0.5,0.625,16,18.8333,,,,
4188165,1980,7347,1977,"ZA","",219125,3,9,414,5,51,4,4,0,0.375,,5.25,45.5,0,0,0,0
4188362,1980,7347,1978,"ZA","",393355,3,14,423,1,19,6,10,0.5,0.58,0.4444,7.2,23.3333,0,0,0,0
4188379,1980,7347,1977,"ZA","",480475,3,54,514,3,31,3,7,1,0.4082,0.4444,8.4286,3.6667,0,0,0.1429,0.1429
4189668,1980,7354,1978,"ZA","",625085,3,7,318,4,45,6,2,1,0.5,0,6,9.3333,0,0,0,0
4190127,1980,7361,1978,"ZA","",,1,11,175,6,64,7,9,0.2857,0.5926,0.5,8.1111,23.2857,,,,
4191227,1980,7368,1978,"ZA","",316705,3,14,81,5,59,4,0,0.25,,0,,48,0,0,,
4191267,1980,7368,1978,"ZA","",,1,6,175,6,64,9,0,0.7778,,0.7347,,14.3333,,,,
4191521,1980,7368,1978,"ZA","",,1,12,425,5,51,5,5,0.8,0.56,0.75,8.6,14.4,,,,
4192257,1980,7375,1978,"ZA","",131070,3,13,119,6,61,3,6,0.6667,0.2778,0,8.8333,16.3333,0,0,0,0
4192287,1980,7375,1977,"ZA","",,1,5,126,6,66,5,2,1,0,0,3,3,,,,
4192675,1980,7375,1978,"ZA","",490660,3,14,75,5,52,5,0,1,,0.32,,7,0,0,,
4192763,1980,7375,1978,"ZA","",,1,13,252,1,19,11,6,0.6364,0.7778,0.6122,8,20,,,,
4193156,1980,7382,1978,"ZA","",,5,1,15,6,69,3,13,0.6667,0.3905,0,13.8462,17,,,,
4193705,1980,7382,1977,"ZA","",,1,4,402,5,59,6,0,0.1667,,0,,52.3333,,,,
4194525,1980,7389,1978,"ZA","",,1,2,137,6,69,5,1,0.2,0,0,14,49.6,,,,
4195083,1980,7389,1978,"ZA","",,1,8,514,3,31,2,1,0,0,,9,23,,,,
4195111,1980,7389,1977,"ZA","",206260,3,34,428,6,69,13,5,0.6923,0.56,0.5185,14.2,19.5385,0,0,0,0
4195711,1980,7396,1978,"ZA","",92170,3,11,184,5,59,7,0,0.2857,,0,,24.1429,0,0,,
4195861,1980,7396,1977,"ZA","",,1,1,280,5,55,4,4,0.5,0.5,0.5,8.5,23,,,,
4197855,1980,7410,1978,"ZA","",512710,3,18,600,3,32,3,47,1,0.8212,0.6667,8.8298,9,0,0,0.1,0.0851
4197917,1980,7410,1978,"ZA","",,1,12,172,6,64,9,0,0.2222,,0,,47.7778,,,,
4198401,1980,7410,1979,"ZA","",,1,13,424,3,31,1,3,1,0.4444,0,10.6667,4,,,,
4199252,1980,7417,1978,"ZA","",,1,7,355,5,54,4,3,0.5,0.6667,0.5,6.6667,16.25,,,,
4202944,1980,7438,1978,"ZA","",393355,3,7,521,1,15,3,6,1,0.6111,0.4444,6.1667,4,0,0,0.1667,0.1667
4203350,1980,7445,1978,"ZA","",543210,3,5,91,5,53,4,0,1,,0.5,,4.75,0,0,,
4203732,1980,7445,1975,"ZA","",,1,5,51,5,59,8,7,0.75,0.6122,0,10.4286,15.375,,,,
4203857,1980,7445,1978,"ZA","",110775,2,22,15,6,69,4,22,1,0.7438,0.625,11.8636,14,0,0,0.3125,0.2273
4204557,1980,7452,1978,"ZA","",,1,11,137,6,69,7,3,0.5714,0.4444,0.5,5,19.1429,,,,
4206947,1980,7466,1978,"ZA","",69485,3,1,299,6,64,1,1,0,0,,12,34,0,0,0,0
4208284,1980,7473,1978,"ZA","",,1,18,210,1,19,8,14,1,0.5408,0.5625,13.7857,11.625,,,,
4208752,1980,7480,1978,"ZA","",,1,5,15,6,69,2,15,1,0.4444,0,14.2667,2,,,,
4211179,1980,7494,1978,"ZA","",,1,10,114,5,55,7,11,0.4286,0.5124,0.4444,8,35.2857,,,,
4211644,1980,7494,1977,"ZA","",170101,2,26,209,5,51,30,16,0.1667,0.2188,0,6.25,33.1333,0,0,0.0625,0.0625
4211653,1980,7494,1979,"ZA","",316065,3,4,210,1,19,0,3,,0.6667,,8,,,,0.5,0.3333
4211738,1980,7494,1977,"ZA","",,1,6,264,5,51,4,3,0.5,0.4444,0.5,10.3333,11.75,,,,
4212184,1980,7501,1978,"ZA","",,1,18,72,5,52,3,1,1,0,0.4444,13,11,,,,
4212373,1980,7501,1978,"ZA","",,1,15,184,5,59,11,5,0.7273,0.48,0.7813,10.4,16.3636,,,,
4212397,1980,7501,1976,"ZA","",,1,7,378,4,44,7,14,0.7143,0.551,0.72,14.2143,12,,,,
4215999,1980,7522,1978,"ZA","",,1,14,51,5,59,7,12,0.8571,0.4028,0.5,8.4167,8.8571,,,,
4216568,1980,7529,1978,"ZA","",,1,1,24,6,63,7,11,0.1429,0.7934,0,13.3636,51.1429,,,,
4217141,1980,7529,1978,"ZA","",515930,3,11,75,5,52,2,12,1,0.7778,0,11.0833,3,0,0,0,0
4218836,1980,7543,1979,"ZA","",,1,2,434,6,69,3,5,0.3333,0.56,0,9.6,42.6667,,,,
4219092,1980,7543,1977,"ZA","",,1,9,378,4,44,11,10,0.5455,0.84,0.7222,11.6,18.1818,,,,
4219161,1980,7543,1978,"ZA","",500745,3,1,239,5,59,7,7,0.7143,0.6122,0.72,8.8571,18.1429,0,0,0,0
4219339,1980,7543,1978,"ZA","",,1,22,51,5,59,11,24,0.4545,0.4722,0.32,5.8333,25.1818,,,,
4220267,1980,7550,1979,"ZA","",,5,15,222,1,19,3,1,0.3333,0,0,8,36.6667,,,,
4221070,1980,7557,1977,"ZA","",,1,2,43,6,61,4,5,0.5,0,0,10.6,37,,,,
4221980,1980,7557,1978,"ZA","",532955,3,16,327,4,41,4,3,1,0.4444,0.375,4,10.25,0,0,0,0
4223506,1980,7571,1978,"ZA","",,1,10,52,6,69,10,4,0.4,0,0.375,13,25.8,,,,
4224612,1980,7571,1978,"ZA","",,1,11,340,2,21,3,1,0.3333,0,0,10,38,,,,
4224651,1980,7571,1978,"ZA","",,1,18,361,4,45,5,5,1,0.32,0,9.8,7.2,,,,
4224750,1980,7578,1976,"ZA","",,1,13,36,6,63,7,7,0.5714,0.449,0,9.4286,20.4286,,,,
4225006,1980,7578,1979,"ZA","",,1,3,180,5,55,6,1,0.6667,0,0.625,5,13.5,,,,
4225430,1980,7578,1978,"ZA","",8965,3,14,210,1,19,5,9,0.8,0.1975,0.375,8.6667,17.2,0,0,0,0
4226725,1980,7585,1979,"ZA","",140240,3,10,210,1,19,4,0,0.75,,0,,10.25,0.3333,0.25,,
4227030,1980,7585,1979,"ZA","",393355,3,9,373,6,66,4,1,0.25,0,0,17,27.75,0,0,0,0
4228942,1980,7599,1978,"ZA","",,1,16,228,5,52,2,13,0,0.7574,,10.6154,32.5,,,,
4229186,1980,7599,1978,"ZA","",,1,21,51,5,59,6,19,1,0.7756,0.5,9.7895,9.8333,,,,
4229893,1980,7606,1978,"ZA","",419480,3,8,40,6,69,5,2,0,0.5,,6.5,46.4,0,0,0,0
4230307,1980,7606,1978,"ZA","",419165,3,5,266,5,52,15,1,0.8,0,0.5833,15,10.4,0,0,0,0
4232729,1980,7620,1978,"ZA","",532945,3,20,165,6,66,11,3,0.3636,0.4444,0,4.3333,32.6364,0,0,0,0
4233741,1980,7627,1979,"ZA","",243735,3,4,33,6,69,8,1,0.375,0,0.6667,14,29.75,0,0,0,0
4233892,1980,7627,1979,"ZA","",,5,15,99,6,61,11,0,0.5455,,0.6111,,24.4545,,,,
4234049,1980,7627,1978,"ZA","",,1,4,177,6,69,4,2,1,0.5,0.625,11,9,,,,
4236474,1980,7641,1978,"ZA","",92350,2,15,114,5,55,8,5,0.75,0.48,0.2778,12.8,12.5,0,0,0,0
4239272,1980,7655,1979,"ZA","",,1,9,294,5,59,10,2,0.2,0.5,0.5,7,40.8,,,,
4241003,1980,7662,1978,"ZA","",567930,3,10,264,5,51,13,0,0.7692,,0.76,,14.9231,0,0,,
4241730,1980,7669,1977,"ZA","",,1,13,602,3,32,8,13,0.625,0.2722,0.56,11.4615,12.625,,,,
4242887,1981,7676,1979,"ZA","",383600,3,21,418,5,53,8,0,0.25,,0,,31.125,0,0,,
4242910,1981,7676,1979,"ZA","",131505,3,10,73,4,43,5,2,1,0.5,0.64,8,7.4,0,0,0,0
4243225,1981,7676,1978,"ZA","",,1,3,273,6,62,6,2,0.5,0,0,8.5,39.3333,,,,
4243640,1981,7676,1978,"ZA","",,1,10,423,1,19,6,2,0.6667,0,0,7,23.1667,,,,
4243832,1981,7676,1979,"ZA","",272415,3,5,373,6,66,4,0,0.5,,0,,22.5,0,0,,
4244147,1981,7683,1978,"ZA","",,1,3,327,4,41,10,7,0.5,0.2449,0,14.2857,28.6,,,,
4246004,1981,7690,1975,"ZA","",,1,3,51,5,59,9,11,0.7778,0.1653,0.5714,15.0909,14.5556,,,,
4246006,1981,7690,1978,"ZA","",,1,30,51,5,59,5,8,0.8,0.2188,0,7.375,12.4,,,,
4247391,1981,7697,1979,"ZA","",,1,5,209,5,51,8,11,0.25,0.6446,0,9.9091,36,,,,
4248221,1981,7704,1978,"ZA","",330135,3,7,128,3,32,9,12,0.6667,0.2917,0.6667,10.0833,17.8889,0,0,0,0
4248644,1981,7704,1979,"ZA","",8965,3,17,149,1,19,2,26,1,0.3284,0,8.2308,2.5,0,0,0.0417,0.0385
4248821,1981,7704,1979,"ZA","",,1,9,264,5,51,10,9,0.7,0.7901,0.8163,7.6667,16.2,,,,
4248843,1981,7704,1978,"ZA","",587395,3,11,423,1,19,4,7,0.75,0.4082,0,5.4286,18.75,0,0,0,0
4250485,1981,7711,1978,"ZA","",313100,3,10,340,2,21,12,1,0.5833,0,0.7347,2,13.1667,0,0,0,0
4250907,1981,7718,1978,"ZA","",,1,7,137,6,69,7,0,0.2857,,0.5,,41.4286,,,,
4251346,1981,7718,1978,"ZA","",494295,3,31,208,1,19,7,13,1,0.2722,0.2449,6,7.2857,0,0,0.0769,0.0769
4252102,1981,7725,1979,"ZA","",103055,2,6,125,5,51,5,12,0.4,0.7778,0.5,8.5833,30.2,0,0,0,0
4252323,1981,7725,1978,"ZA","",,1,2,273,6,62,3,3,0.3333,0,0,13.3333,27.6667,,,,
4252474,1981,7725,1979,"ZA","",,1,8,405,6,64,6,6,0.5,0.7222,0.4444,7.5,22.1667,,,,
4253032,1981,7725,1978,"ZA","",,1,4,290,4,45,6,3,0.8333,0.4444,0.32,14.3333,12.1667,,,,
4253313,1981,7732,1978,"ZA","",,1,10,62,6,69,12,1,0.75,0,0.3704,12,18.3333,,,,
4253971,1981,7732,1979,"ZA","",,1,9,504,1,11,11,8,0.8182,0.5,0.642,14.125,20.9091,,,,
4254111,1981,7732,1979,"ZA","",480475,3,18,514,3,31,5,6,1,0.2778,0.72,8,4.4,0,0,0.1667,0.1667
4254617,1981,7739,1978,"ZA","",138410,3,15,60,4,45,5,1,0.2,0,0,19,40.4,0,0,0,0
4254863,1981,7739,1979,"ZA","",80840,3,17,206,6,68,4,11,1,0.562,0,8.3636,11.75,0,0,0,0
4256267,1981,7746,1978,"ZA","",205485,3,48,241,5,51,5,1,0.2,0,0,12,18,0,0,0,0
4256521,1981,7746,1979,"ZA","",369730,3,9,149,1,19,3,3,1,0.4444,0,4.6667,5.6667,0.3333,0.3333,0,0
4256998,1981,7746,1979,"ZA","",,1,7,388,4,45,6,5,1,0.8,0.6667,8.2,8.3333,,,,
4257902,1981,7753,1977,"ZA","",515705,3,27,508,5,59,21,44,1,0.6591,0.1769,9.4773,6.7143,0,0,0,0
4259792,1981,7767,1979,"ZA","",,1,3,36,6,63,3,25,1,0,0,10.84,8.3333,,,,
4260139,1981,7767,1979,"ZA","",359220,3,8,266,5,52,4,2,0.5,0,0,6,22.75,0,0,0,0
4260477,1981,7767,1979,"ZA","",393355,3,13,209,5,51,4,2,0.75,0.5,0,7,10.5,0,0,0,0
4260603,1981,7767,1979,"ZA","",,1,31,514,3,31,3,12,1,0.375,0,12.6667,3.6667,,,,
4261064,1981,7774,1979,"ZA","",,1,8,623,3,39,4,6,1,0.2778,0,15.3333,7.5,,,,
4261123,1981,7774,1979,"ZA","",206745,3,2,40,6,69,11,2,1,0,0,8.5,7.0909,0,0,0,0
4261503,1981,7774,1979,"ZA","",426290,3,7,206,6,68,9,2,0.6667,0.5,0.7778,7,16.3333,0,0,0,0
4263084,1981,7781,1980,"ZA","",268140,3,5,156,1,19,3,15,1,0.48,0.4444,9.7333,6.3333,0,0,0,0
4263909,1981,7788,1979,"ZA","",442185,2,17,604,3,32,7,3,0.8571,0,0.6111,15,9.5714,0,0,0,0
4265358,1981,7795,1979,"ZA","",,1,7,198,5,59,1,8,1,0.4063,0,8.25,5,,,,
4265742,1981,7795,1979,"ZA","",249245,3,19,209,5,51,7,12,0.7143,0.1528,0,10.5,21.8571,0,0,0,0
4265886,1981,7795,1979,"ZA","",480475,3,11,514,3,31,1,9,0,0.1975,,11.6667,35,0,0,0.1111,0.1111
4266756,1981,7802,1978,"ZA","",,1,6,256,6,65,10,1,0.3,0,0.6667,13,51,,,,
4267069,1981,7802,1979,"ZA","",,1,17,502,1,19,6,5,1,0.56,0.5,8.8,3.6667,,,,
4267242,1981,7802,1979,"ZA","",532955,3,25,429,4,45,6,3,0.8333,0.4444,0.32,13.3333,7.5,0.2,0.1667,0,0
4267728,1981,7809,1979,"ZA","",,1,10,73,4,43,3,33,1,0.8118,0.4444,12.6061,3,,,,
4269180,1981,7816,1979,"ZA","",,1,12,606,3,32,6,17,0.6667,0.1107,0.375,10.8235,22,,,,
4269523,1981,7816,1979,"ZA","",,1,9,401,1,12,14,3,0.2857,0.4444,0,12.3333,31.5,,,,
4269795,1981,7816,1979,"ZA","",631825,3,20,261,1,19,9,1,0.5556,0,0.32,3,22.2222,0,0,0,0
4269905,1981,7816,1979,"ZA","",532955,3,26,429,4,45,3,8,1,0,0,15.875,1.6667,0.3333,0.3333,0,0
4270187,1981,7816,1979,"ZA","",,1,22,365,2,24,1,1,1,0,0,2,17,,,,
4270676,1981,7823,1979,"ZA","",207700,3,5,222,1,19,6,3,0,0,,15,51,0,0,0,0
4271985,1981,7837,1978,"ZA","",,1,6,222,1,19,8,1,0.375,0,0,3,34,,,,
4271988,1981,7837,1978,"ZA","",442185,2,23,222,1,19,12,4,0.75,0.625,0.716,10.25,10.8333,0,0,0,0
4272900,1981,7837,1979,"ZA","",456285,3,7,40,6,69,10,5,0.7,0.72,0.6122,10.6,22.3,0,0,0,0
4273254,1981,7837,1979,"ZA","",,1,7,221,5,51,3,4,0.6667,0.375,0,10.75,12.6667,,,,
4273260,1981,7837,1979,"ZA","",,1,6,222,1,19,8,9,0.75,0.7654,0.6111,12.6667,11.125,,,,
4274409,1981,7844,1979,"ZA","",,1,13,604,3,32,8,7,0.75,0.6531,0.6111,9.2857,11.125,,,,
4274558,1981,7844,1978,"ZA","",,1,8,222,1,19,7,3,0.7143,0.4444,0.72,6.6667,11.8571,,,,
4274617,1981,7844,1980,"ZA","",243185,3,10,249,6,69,9,3,0.3333,0.4444,0.4444,12.3333,29.8889,0,0,0,0
4274931,1981,7844,1980,"ZA","",393355,3,13,205,1,19,6,4,0.6667,0.375,0.375,9,12.3333,0,0,0.25,0.25
4274951,1981,7844,1978,"ZA","",588190,3,9,209,5,51,6,2,0.6667,0,0.5,4.5,15.8333,0,0,0,0
4275378,1981,7844,1978,"ZA","",313100,3,20,340,2,21,7,7,0.8571,0.4082,0.6667,11.4286,8.7143,0,0,0,0
4275714,1981,7851,1979,"ZA","",,1,5,606,3,32,10,3,0.7,0.4444,0.6531,9,16.9,,,,
4275824,1981,7851,1978,"ZA","",,5,2,222,1,19,5,1,0.4,0,0,11,15.4,,,,
4276767,1981,7858,1979,"ZA","",,1,8,73,4,43,3,2,0.3333,0.5,0,9,21,,,,
4277050,1981,7858,1979,"ZA","",,1,17,254,5,59,11,2,0,0.5,,5.5,46.6364,,,,
4277114,1981,7858,1979,"ZA","",,1,16,384,5,59,3,17,0.3333,0.8304,0,10.2941,20,,,,
4277856,1981,7865,1979,"ZA","",,1,4,5,6,65,6,1,0.5,0,0.4444,15,44.8333,,,,
4277862,1981,7865,1979,"ZA","",614535,3,2,15,6,69,3,3,0,0.6667,,14.6667,43.3333,0,0,0,0
4280358,1981,7879,1979,"ZA","",313100,3,9,73,4,43,11,5,0.7273,0.48,0.5625,8.8,10.4545,0,0,0,0
4280625,1981,7879,1979,"ZA","",,1,15,209,5,51,5,8,1,0.6875,0.32,10,9.6,,,,
4280680,1981,7879,1978,"ZA","",,5,24,251,5,53,7,11,0.5714,0.7107,0.5,13.1818,21,,,,
4280769,1981,7879,1979,"ZA","",598245,3,16,403,6,67,3,5,0.6667,0.32,0,8.8,12.6667,0,0,0,0
4281652,1981,7886,1979,"ZA","",,1,6,128,3,32,7,17,0.8571,0.1107,0.2778,9.4118,8.1429,,,,
4282867,1981,7893,1979,"ZA","",,5,3,601,3,32,3,18,1,0.7531,0.4444,14.8889,7.3333,,,,
4284136,1981,7900,1979,"ZA","",69490,3,5,166,6,64,5,1,0.2,0,0,3,22.4,0,0,1,1
4287268,1981,7914,1979,"ZA","",532955,3,35,429,4,45,17,8,0.9412,0.2188,0,6.375,7.8824,0.0714,0.0588,0.125,0.125
4287269,1981,7914,1979,"ZA","",532955,3,19,429,4,45,10,5,1,0.32,0,5.8,8.2,0.1429,0.1,0.2,0.2
4287271,1981,7914,1980,"ZA","",532955,3,23,429,4,45,5,8,1,0,0,5,4.2,0,0,0,0
4288506,1981,7921,1979,"ZA","",532955,3,25,429,4,45,7,8,1,0,0.449,10.125,6.4286,0,0,0,0
4288963,1981,7928,1979,"ZA","",,1,2,52,6,69,12,0,0.6667,,0.4063,,17.4167,,,,
4288986,1981,7928,1979,"ZA","",,1,11,60,4,45,3,3,0.3333,0,0,11,44.3333,,,,
4289037,1981,7928,1980,"ZA","",532955,3,14,73,4,43,1,1,1,0,0,15,16,0,0,0,0
4289422,1981,7928,1979,"ZA","",206260,3,6,404,6,69,9,1,0.5556,0,0,9,21.3333,0,0,0,0
4290021,1981,7928,1979,"ZA","",,1,8,324,4,43,4,3,1,0.4444,0.5,3.3333,6.5,,,,
4290365,1981,7935,1979,"ZA","",,1,11,102,1,19,4,7,0.5,0.449,0,12.4286,22.75,,,,
4290403,1981,7935,1979,"ZA","",,1,6,123,5,53,7,2,0.7143,0,0,3.5,12.8571,,,,
4292962,1981,7949,1979,"ZA","",,1,24,606,3,32,11,18,0.5455,0.4568,0.6111,10.1667,27.2727,,,,
4293072,1981,7949,1979,"ZA","",460240,3,27,206,6,68,9,8,0.6667,0.75,0.6111,8.5,26.5556,0,0,0,0
4293134,1981,7949,1979,"ZA","",,1,11,473,6,62,8,1,0.375,0,0,15,37.375,,,,
4293530,1981,7949,1978,"ZA","",,5,1,423,1,19,8,1,0.375,0,0,9,20.25,,,,
4294341,1981,7956,1979,"ZA","",,1,14,477,5,53,9,32,0.7778,0.6406,0.2449,5.3438,9.3333,,,,
4294430,1981,7956,1980,"ZA","",,1,3,256,6,65,6,1,0,0,,11,87,,,,
4294482,1981,7956,1979,"ZA","",532955,3,19,295,5,55,6,5,0.1667,0.56,0,14.2,54,0,0,0,0
4295510,1981,7963,1979,"ZA","",,5,10,152,5,55,6,0,0,,,,44.8333,,,,
4295751,1981,7963,1979,"ZA","",69490,3,20,403,6,67,5,14,1,0.7959,0.32,9.3571,6.2,0,0,0,0
4295917,1981,7963,1978,"ZA","",,1,8,156,1,19,4,2,0.75,0,0.4444,9,20.5,,,,
4296269,1981,7963,1978,"ZA","",393355,3,21,373,6,66,2,5,1,0.56,0,9.8,8.5,0,0,0,0
4296932,1981,7970,1979,"ZA","",,1,4,138,6,67,4,3,1,0.6667,0.625,6.3333,10.25,,,,
4299106,1981,7984,1979,"ZA","",245565,3,26,72,5,52,11,0,0.7273,,0.2188,,15.5455,0.1667,0.0909,,
4300454,1981,7991,1978,"ZA","",532955,3,8,105,5,55,17,10,0.2941,0.18,0,13.7,49.2941,0.6,0.1765,0,0
4303077,1981,8005,1979,"ZA","",512710,3,15,600,3,32,4,29,1,0.7348,0.625,8.5517,7.75,0.3333,0.25,0.1667,0.1379
4303230,1981,8005,1979,"ZA","",,1,3,266,5,52,6,3,1,0.4444,0.6667,8,8.6667,,,,
4303906,1981,8005,1979,"ZA","",445045,3,4,340,2,21,2,3,1,0.4444,0,11,7,0,0,0,0
4304499,1981,8012,1980,"ZA","",,1,16,402,5,59,5,6,0.6,0.4444,0,6,25.2,,,,
4305239,1981,8019,1979,"ZA","",,1,2,52,6,69,13,1,0.3846,0,0.48,5,50.3077,,,,
4305462,1981,8019,1979,"ZA","",69490,3,2,166,6,64,4,4,0,0.375,,11.75,32.5,0,0,0.25,0.25
4306452,1981,8026,1979,"ZA","",,1,9,374,4,43,2,0,1,,0,,7.5,,,,
4307397,1981,8026,1978,"ZA","",532955,3,29,342,2,21,10,3,0.9,0,0,7.6667,12.9,0,0,0,0
4307714,1981,8033,1980,"ZA","",,5,10,601,3,32,3,0,1,,0.4444,,8.3333,,,,
4308452,1981,8033,1979,"ZA","",,1,8,377,4,49,8,3,0.875,0.6667,0.6122,10.3333,9.25,,,,
4308664,1982,8040,1980,"ZA","",,1,7,33,6,69,6,1,0.1667,0,0,2,70.1667,,,,
4309150,1982,8040,1979,"ZA","",,1,4,417,5,53,7,4,0.5714,0.625,0.75,5.25,35.8571,,,,
4309663,1982,8040,1979,"ZA","",,1,3,327,4,41,4,3,1,0.6667,0.625,6.6667,6,,,,
4311585,1982,8054,1980,"ZA","",164695,3,11,494,1,19,6,2,0.1667,0.5,0,6.5,48.8333,0,0,0,0
4314417,1982,8075,1979,"ZA","",294725,3,4,40,6,69,15,6,0.2667,0.5,0,7.3333,32.8667,0,0,0,0
4314507,1982,8075,1979,"ZA","",8965,3,8,102,1,19,3,5,1,0,0.6667,9.4,13,0,0,0,0
4314871,1982,8075,1979,"ZA","",,5,11,156,1,19,9,8,0.5556,0.6875,0.32,14.875,17.7778,,,,
4316315,1982,8089,1980,"ZA","",,1,10,29,5,52,3,7,0.6667,0.6939,0.5,9.7143,17,,,,
4316766,1982,8089,1980,"ZA","",,1,9,216,1,19,2,10,0,0.78,,7.2,44.5,,,,
4317242,1982,8096,1979,"ZA","",,1,6,4,6,65,19,14,0.3684,0.1327,0.2449,11.7143,30.6842,,,,
4317243,1982,8096,1980,"ZA","",,1,7,4,6,65,5,4,0.6,0.375,0.4444,11,21.4,,,,
4317534,1982,8096,1980,"ZA","",,1,2,224,6,68,6,0,0.5,,0,,20.5,,,,
4317579,1982,8096,1979,"ZA","",380975,3,3,280,5,55,10,3,0.3,0.4444,0.4444,9,23.1,0,0,0,0
4318797,1982,8103,1980,"ZA","",494295,3,41,208,1,19,5,5,1,0,0.32,2.8,2.4,0,0,0,0
4319699,1982,8110,1980,"ZA","",135585,3,3,222,1,19,10,3,0.2,0.6667,0,9,64.1,0,0,0,0
4320100,1982,8110,1980,"ZA","",8965,3,11,423,1,19,4,4,1,0.375,0.5,9,6,0,0,0,0
4320841,1982,8117,1978,"ZA","",536805,3,20,209,5,51,3,5,0.3333,0.32,0,4,22,0,0,0,0
4320972,1982,8117,1980,"ZA","",532955,3,21,356,4,43,6,2,0.8333,0,0,6.5,12.8333,0,0,0,0
4321227,1982,8117,1980,"ZA","",8965,3,4,264,5,51,2,3,0.5,0.4444,0,14.6667,13.5,0,0,0,0
4321834,1982,8124,1980,"ZA","",,1,17,73,4,43,2,2,1,0.5,0,11,15,,,,
4322070,1982,8124,1980,"ZA","",,1,3,482,5,59,4,2,0.5,0.5,0,3.5,27,,,,
4323159,1982,8131,1979,"ZA","",235700,3,12,209,5,51,6,6,1,0.2778,0.6111,6.6667,8.6667,0,0,0,0
4324302,1982,8138,1980,"ZA","",163945,3,8,180,5,55,3,4,1,0.625,0,9.25,7,0,0,0,0
4324339,1982,8138,1980,"ZA","",,1,3,215,6,68,1,0,0,,,,20,,,,
4325175,1982,8145,1979,"ZA","",,1,10,29,5,52,5,0,0.4,,0.5,,41.8,,,,
4325648,1982,8145,1980,"ZA","",143360,3,5,403,6,67,3,2,1,0,0.4444,10,6.6667,0,0,0,0
4325716,1982,8145,1980,"ZA","",,1,4,96,1,13,8,2,0.5,0.5,0.75,16.5,33.125,,,,
4326094,1982,8145,1979,"ZA","",532955,3,17,174,4,41,8,5,0.625,0.72,0,11.8,26,0,0,0,0
4327082,1982,8152,1980,"ZA","",6220,3,3,424,3,31,1,8,1,0.4063,0,9.875,2,0,0,0,0
4328118,1982,8159,1979,"ZA","",162265,3,8,516,1,19,5,0,0,,,,38.2,0,0,,
4330379,1982,8173,1981,"ZA","",393355,3,13,205,1,19,7,2,0.7143,0.5,0.32,15.5,11.5714,0.25,0.1429,0,0
4330667,1982,8173,1979,"ZA","",392830,3,35,528,1,15,5,2,1,0.5,0.72,9.5,11,0,0,0,0
4332291,1982,8187,1979,"ZA","",150425,3,8,165,6,66,5,3,0,0,,7.3333,48.4,0,0,0.6667,0.6667
4334799,1982,8201,1980,"ZA","",,1,11,404,6,69,10,2,0.2,0,0.5,10,39.7,,,,
4334868,1982,8201,1981,"ZA","",,1,11,434,6,69,5,11,0.6,0.562,0,12.0909,23.8,,,,
4334892,1982,8201,1980,"ZA","",734405,2,6,48,1,13,2,2,0.5,0,0,8,13.5,1,0.5,0,0
4335462,1982,8201,1980,"ZA","",532955,3,38,372,4,42,6,3,1,0.6667,0.5,12,4.6667,0,0,0,0
4336660,1982,8215,1980,"ZA","",577470,3,4,34,1,19,3,6,1,0.7222,0.4444,7.5,4.6667,0,0,0,0
4336931,1982,8215,1979,"ZA","",,5,9,472,6,62,13,4,0.3846,0.625,0.72,8.75,35,,,,
4337012,1982,8215,1980,"ZA","",,1,6,411,5,59,3,3,0,0,,6.3333,24.3333,,,,
4337221,1982,8215,1979,"ZA","",,1,9,264,5,51,10,1,0.7,0,0.449,11,18,,,,
4337373,1982,8215,1980,"ZA","",595200,2,15,373,6,66,5,1,0.6,0,0.4444,10,11.6,0,0,0,0
4337707,1982,8222,1980,"ZA","",483325,3,18,105,5,55,7,3,0,0,,7.3333,77.1429,0,0,1,0.6667
4337879,1982,8222,1980,"ZA","",,1,6,222,1,19,2,1,1,0,0,11,13.5,,,,
4338601,1982,8222,1980,"ZA","",,1,10,340,2,21,3,17,1,0.8028,0,6.3529,5,,,,
4341487,1982,8243,1978,"ZA","",,1,3,403,6,67,11,1,0.2727,0,0.4444,10,30,,,,
4342459,1982,8250,1980,"ZA","",,5,13,473,6,62,4,9,0.25,0,0,11.6667,68.5,,,,
4342497,1982,8250,1980,"ZA","",393585,2,10,439,4,41,9,5,0.5556,0,0.32,9.4,20.3333,0,0,0,0
4344389,1982,8264,1980,"ZA","",47600,3,13,123,5,53,5,0,1,,0.32,,4.8,0,0,,
4346842,1982,8278,1980,"ZA","",,1,9,239,5,59,24,3,0.5417,0,0.142,9.3333,21.1667,,,,
4347067,1982,8278,1981,"ZA","",354495,3,10,96,1,13,6,1,0.6667,0,0.5,6,14.3333,0,0,0,0
4347880,1982,8285,1980,"ZA","",,1,3,144,5,51,1,3,1,0,0,5.3333,9,,,,
4349117,1982,8292,1980,"ZA","",354590,3,7,220,6,68,11,2,0.3636,0.5,0.375,6,33.8182,0,0,0,0
4351077,1982,8306,1980,"ZA","",,1,5,15,6,69,2,26,1,0.3964,0,13.0385,4,,,,
4351243,1982,8306,1980,"ZA","",483325,3,5,105,5,55,3,1,0.6667,0,0,5,23,0.5,0.3333,0,0
4352693,1982,8313,1981,"ZA","",,1,19,106,1,12,2,7,1,0.449,0.5,5,6,,,,
4353190,1982,8320,1980,"ZA","",,1,9,52,6,69,5,5,0.2,0.48,0,8.8,30.4,,,,
4353312,1982,8320,1980,"ZA","",483325,3,14,105,5,55,3,4,0.3333,0.375,0,7.25,37.3333,0,0,0.75,0.75
4353460,1982,8320,1980,"ZA","",303935,3,16,206,6,68,8,4,0.5,0.625,0.375,5.25,21.75,0,0,0,0
4355918,1982,8334,1980,"ZA","",143360,3,8,403,6,67,7,19,1,0.4986,0.6122,9.0526,9.2857,0,0,0,0
4356005,1982,8334,1981,"ZA","",44045,7,20,95,1,13,11,2,0.8182,0.5,0.6173,5,11,0,0,0,0
4356702,1982,8341,1980,"ZA","",584365,2,21,62,6,69,4,3,1,0.6667,0.625,13,13.25,0,0,0.3333,0.3333
4357272,1982,8341,1979,"ZA","",532955,3,13,530,1,15,7,16,1,0.4141,0.5714,12.75,7,0.2,0.1429,0.0667,0.0625
4358250,1982,8348,1980,"ZA","",,1,1,417,5,53,5,3,0.8,0.6667,0.75,7.3333,11,,,,
4358503,1982,8348,1980,"ZA","",,1,10,428,6,69,7,5,1,0.72,0.2449,5.4,7.8571,,,,
4362093,1982,8376,1980,"ZA","",,1,2,99,6,61,7,14,0.5714,0.3367,0.5,11.5,19.1429,,,,
4363378,1982,8383,1980,"ZA","",,1,8,182,6,65,11,3,0.7273,0,0,6.3333,15.5455,,,,
4363713,1982,8383,1981,"ZA","",480475,3,5,204,1,19,6,15,0.6667,0.6844,0,11.6,28.8333,0,0,0,0
4364242,1982,8390,1981,"ZA","",175000,3,18,62,6,69,2,1,1,0,0,10,5.5,0,0,0,0
4364382,1982,8390,1980,"ZA","",,1,3,606,3,32,9,12,0.8889,0.1528,0.2188,7.8333,13.6667,,,,
4364979,1982,8390,1980,"ZA","",,1,24,428,6,69,13,3,0.8462,0.6667,0.5455,9.3333,9.3846,,,,
4366215,1982,8397,1980,"ZA","",532955,3,19,429,4,45,3,21,1,0.5125,0.4444,13.5238,4,0,0,0.0476,0.0476
4366485,1982,8397,1980,"ZA","",641210,3,6,343,2,21,0,4,,0,,10.5,,,,0,0
4366630,1983,8404,1980,"ZA","",8965,3,10,36,6,63,5,11,0.4,0.6446,0,13.5455,24.2,0,0,0,0
4367984,1983,8411,1980,"ZA","",,1,5,405,6,64,13,3,0.4615,0,0.7222,8.6667,29.3846,,,,
4368751,1983,8418,1981,"ZA","",,1,13,137,6,69,17,4,0.5882,0,0.82,13.5,29,,,,
4369859,1983,8425,1981,"ZA","",507540,3,10,182,6,65,5,12,0.6,0.6528,0,7.9167,16,0.5,0.2,0,0
4369945,1983,8425,1980,"ZA","",,1,7,248,6,69,1,1,1,0,0,12,12,,,,
4370020,1983,8425,1980,"ZA","",,1,5,385,2,21,4,6,1,0.6111,0.75,10.3333,4,,,,
4370185,1983,8425,1981,"ZA","",553820,3,5,156,1,19,4,0,0,,,,81.25,0,0,,
4371289,1983,8432,1980,"ZA","",227680,3,4,405,6,64,2,0,0.5,,0,,27.5,0,0,,
4373563,1983,8446,1981,"ZA","",,1,8,144,5,51,12,19,0.75,0.4598,0.5679,9.9474,23.75,,,,
4373593,1983,8446,1980,"ZA","",103055,2,12,175,6,64,6,24,0.6667,0.5625,0.625,9.1667,22.3333,0.3333,0.1667,0.0526,0.0417
4375868,1983,8467,1981,"ZA","",,1,10,229,6,68,7,10,0.7143,0.48,0.32,10.4,19.2857,,,,
4376320,1983,8474,1981,"ZA","",447805,3,5,15,6,69,2,2,1,0,0,10.5,15,0,0,0,0
4376873,1983,8474,1981,"ZA","",,1,14,174,4,41,3,3,0.6667,0.6667,0,11,22,,,,
4377062,1983,8481,1981,"ZA","",,1,8,56,6,61,6,0,0,,,,61.8333,,,,
4377429,1983,8481,1981,"ZA","",235620,3,15,156,1,19,5,2,0.2,0.5,0,7,26.4,0,0,0.5,0.5
4377556,1983,8481,1982,"ZA","",509290,3,9,423,1,19,5,2,1,0.5,0.72,8.5,5,0.4,0.4,0,0
4378254,1983,8488,1981,"ZA","",,1,6,134,6,69,17,11,0.5882,0.7438,0.84,9.7273,29.1765,,,,
4378412,1983,8488,1981,"ZA","",,1,1,428,6,69,7,1,0.1429,0,0,7,31.7143,,,,
4378975,1983,8495,1981,"ZA","",,1,10,51,5,59,7,16,1,0.5781,0.7347,9.8125,12.1429,,,,
4379513,1983,8502,1981,"ZA","",101210,3,5,220,6,68,1,2,0,0.5,,8.5,43,0,0,0,0
4384675,1983,8544,1981,"ZA","",88280,3,6,239,5,59,4,2,0.25,0.5,0,7.5,32.25,0,0,0,0
4386342,1983,8551,1981,"ZA","",,1,5,340,2,21,4,6,1,0.6111,0,10.1667,10,,,,
4386405,1983,8551,1980,"ZA","",512710,3,12,600,3,32,6,12,1,0.5694,0.6111,5.8333,6.5,0.5,0.3333,0.1111,0.0833
4386476,1983,8558,1981,"ZA","",,1,7,40,6,69,7,12,0.2857,0.6667,0.5,9.25,24,,,,
4389222,1983,8572,1980,"ZA","",,1,8,48,1,13,3,1,0,0,,11,58.3333,,,,
4389859,1983,8579,1980,"ZA","",111705,3,5,66,6,63,4,0,0,,,,39.5,0,0,,
4389990,1983,8579,1981,"ZA","",121135,3,14,123,5,53,7,7,1,0.6939,0.7347,7.2857,6.5714,0,0,0,0
4391659,1983,8586,1982,"ZA","",8965,3,19,149,1,19,11,20,1,0.335,0,5.35,3.1818,0,0,0.0526,0.05
4394215,1983,8600,1981,"ZA","",494295,3,12,196,1,19,7,4,1,0.625,0.2449,11.5,3,0.1667,0.1429,0,0
4394754,1983,8600,1980,"ZA","",118225,2,6,367,2,21,4,15,0.75,0.4444,0.4444,6.0667,16.5,0,0,0.0667,0.0667
4394796,1983,8607,1981,"ZA","",,1,8,30,6,65,1,3,0,0,,9,31,,,,
4394907,1983,8607,1980,"ZA","",219130,3,8,209,5,51,11,2,1,0.5,0.6612,3.5,9,0,0,0.5,0.5
4395634,1983,8607,1980,"ZA","",219130,3,10,250,4,44,5,2,1,0,0.32,13,6.4,0,0,0,0
4397420,1983,8621,1982,"ZA","",88280,3,9,239,5,59,3,2,0.3333,0,0,13,49,0,0,0,0
4397909,1983,8621,1981,"ZA","",8965,3,11,442,1,11,7,5,0.8571,0.72,0.6111,10.2,12.4286,0,0,0,0
4397983,1983,8621,1981,"ZA","",9590,3,26,524,1,15,4,3,1,0.6667,0.375,4.3333,12,0,0,0,0
4398763,1983,8628,1981,"ZA","",,1,10,296,5,55,6,21,0.6667,0.3991,0.375,11.4286,14.3333,,,,
4398821,1983,8628,1980,"ZA","",,1,5,356,4,43,6,2,0.6667,0.5,0.625,6,25.1667,,,,
4399167,1983,8628,1981,"ZA","",,1,8,427,1,12,10,32,0.7,0.5723,0.5714,9.5,15.7,,,,
4400122,1983,8635,1981,"ZA","",109060,3,7,411,5,59,3,4,1,0.75,0,6.5,6.6667,0,0,0,0
4401629,1983,8642,1981,"ZA","",393355,3,18,423,1,19,7,5,1,0.8,0.8163,7.8,6.7143,0.1429,0.1429,0,0
4402370,1983,8649,1981,"ZA","",,1,14,173,5,51,8,7,0.375,0.5714,0.4444,7.1429,34.25,,,,
4403569,1983,8656,1981,"ZA","",,1,6,119,6,61,3,2,1,0,0,10.5,11,,,,
4403857,1983,8656,1980,"ZA","",532955,3,15,356,4,43,2,19,1,0.5152,0.5,9.4211,13,0,0,0,0
4404708,1983,8663,1982,"ZA","",381515,3,18,16,5,59,13,9,0.5385,0.642,0.6939,12.2222,20.6154,0,0,0,0
4407415,1983,8677,1980,"ZA","",219130,3,5,209,5,51,6,6,0.6667,0.2778,0,6.6667,16.1667,0,0,0,0
4408645,1983,8684,1982,"ZA","",,1,6,152,5,55,8,1,0.375,0,0,4,21.625,,,,
4410088,1983,8691,1981,"ZA","",,1,8,206,6,68,1,1,0,0,,11,75,,,,
4410327,1983,8691,1981,"ZA","",325735,3,14,604,3,32,7,43,0.7143,0.4943,0.32,10.3953,18.8571,0,0,0,0
4411372,1983,8698,1981,"ZA","",101210,3,3,220,6,68,2,5,0.5,0.32,0,10.6,22,0,0,0,0
4416663,1983,8726,1981,"ZA","",544445,2,6,604,3,32,5,15,0.4,0.24,0,9.8667,30.2,0,0,0,0
4417817,1983,8733,1981,"ZA","",219130,3,9,356,4,43,7,10,1,0.76,0.4898,10.3,6.5714,0,0,0,0
4419207,1983,8740,1982,"ZA","",,1,6,204,1,19,10,14,0.8,0.6531,0.4063,11.7857,23.1,,,,
4419979,1983,8747,1981,"ZA","",69490,3,6,125,5,51,9,1,0.3333,0,0.6667,10,23.2222,0,0,0,0
4422301,1983,8761,1980,"ZA","",,5,8,62,6,69,6,1,0.6667,0,0.625,11,16.1667,,,,
4422304,1983,8761,1982,"ZA","",584365,2,8,62,6,69,5,1,1,0,0.64,13,15.4,0,0,0,0
4422378,1983,8761,1981,"ZA","",268215,3,9,102,1,19,8,3,0.875,0.4444,0.6122,10,13,0.5,0.25,0,0
4422412,1983,8761,1982,"ZA","",8965,3,2,123,5,53,9,4,0.7778,0.375,0.8163,12,11.2222,0,0,0,0
4422795,1983,8761,1980,"ZA","",,1,14,404,6,69,20,1,0.3,0,0.5,17,42.05,,,,
4423411,1983,8761,1981,"ZA","",128770,3,7,340,2,21,4,2,0.75,0,0.4444,10,12.5,0,0,0,0
