3612605,1971,4302,1969,"BO","",,1,,297,6,65,,13,,0.568,,21.2308,,,,,
3632437,1972,4386,1968,"BO","",,1,,427,1,12,,0,,,,,,,,,
3640793,1972,4421,1969,"BO","",424125,2,,65,5,51,,1,,0,,21,,,,0,0
3640798,1972,4421,1969,"BO","",,1,,428,6,69,,4,,0.625,,15.25,,,,,
3646825,1972,4449,1970,"BO","",,1,,74,5,59,,0,,,,,,,,,
3680738,1972,4596,1970,"BO","",500090,2,,222,1,19,,8,,0.4063,,14.5,,,,0,0
3704230,1972,4715,1971,"BO","",88550,2,,149,1,19,,13,,0.7456,,14.0769,,,,0,0
3730020,1973,4869,1971,"BO","",,1,,74,5,59,,7,,0.7347,,19.8571,,,,,
3731639,1973,4876,1971,"BO","",,1,,108,6,69,,6,,0.5,,15.5,,,,,
3762399,1973,5023,1972,"BO","",,1,,600,3,32,,7,,0.6939,,14.2857,,,,,
3767369,1973,5044,1971,"BO","",28105,2,,428,6,69,,13,,0.7574,,13.7692,,,,0.1818,0.1538
3769821,1973,5058,1972,"BO","",,1,,70,6,65,,14,,0.1327,,15.6429,,,,,
3797373,1974,5191,1972,"BO","",410375,2,,454,5,59,,2,,0.5,,23,,,,0,0
3832288,1974,5352,1973,"BO","",,1,,435,3,33,,8,,0.2188,,3.5,,,,,
3838059,1974,5380,1972,"BO","",260265,2,,252,1,19,,27,,0.4307,,4.2963,,,,0.037,0.037
3842812,1974,5408,1972,"BO","",,1,,123,5,53,,2,,0,,16,,,,,
3846020,1974,5422,1973,"BO","",635240,2,,399,5,54,,1,,0,,2,,,,1,1
3966535,1976,6024,1975,"BO","",,1,3,156,1,19,5,8,1,0.5938,0,10.875,3.4,,,,
