3622914,1971,4344,1969,"KR","",319990,3,,332,4,41,,3,,0.6667,,13.3333,,,,0,0
3631956,1972,4386,1969,"KR","",,1,,400,5,59,,4,,0.375,,12.5,,,,,
3645276,1972,4442,1971,"KR","",265485,2,,132,6,65,,2,,0,,21,,,,0,0
3649613,1972,4456,1967,"KR","",597315,6,,534,1,14,,3,,0,,7.3333,,,,0,0
3654257,1972,4477,1970,"KR","",,1,,534,1,14,,0,,,,,,,,,
3681806,1972,4603,1970,"KR","",,1,,15,6,69,,5,,0.8,,16,,,,,
3692030,1972,4645,1970,"KR","",,1,,131,6,61,,2,,0,,8,,,,,
3704055,1972,4715,1971,"KR","",,1,,359,5,54,,10,,0.76,,17.1,,,,,
3728780,1973,4862,1971,"KR","",319990,3,,228,5,52,,4,,0.375,,8.75,,,,0,0
3747607,1973,4953,1971,"KR","",,1,,131,6,61,,2,,0,,14.5,,,,,
3752479,1973,4974,1971,"KR","",,1,,473,6,62,,3,,0,,11,,,,,
3768045,1973,5044,1971,"KR","",319990,3,,333,2,21,,7,,0,,10.7143,,,,0,0
3780229,1973,5100,1972,"KR","",536615,3,,710,2,22,,0,,,,,,,,,
3782340,1974,5114,1972,"KR","",,1,,123,5,53,,7,,0.6939,,8.4286,,,,,
3785793,1974,5128,1972,"KR","",393325,3,,65,5,51,,9,,0.1975,,5.3333,,,,0,0
3787929,1974,5142,1972,"KR","",319990,3,,19,1,11,,0,,,,,,,,,
3788942,1974,5142,1970,"KR","",319990,3,,376,4,44,,1,,0,,7,,,,0,0
3804309,1974,5219,1972,"KR","",,1,,294,5,59,,4,,0.375,,21.5,,,,,
3846645,1974,5422,1973,"KR","",625115,2,,327,4,41,,5,,0.72,,6.2,,,,0,0
3854534,1974,5464,1973,"KR","",,1,,169,6,69,,0,,,,,,,,,
3861991,1975,5499,1974,"KR","",,1,1,428,6,69,5,3,0,0.6667,,15.3333,29.4,,,,
3863760,1975,5513,1973,"KR","",,1,3,206,6,68,3,1,0,0,,4,37.3333,,,,
3868959,1975,5541,1972,"KR","",,1,1,132,6,65,8,3,0.375,0,0,10.6667,22.25,,,,
3875147,1975,5569,1972,"KR","",101491,2,8,540,1,14,3,3,1,0.6667,0.4444,11,6.3333,0,0,0,0
3883136,1975,5611,1973,"KR","",,1,1,472,6,62,4,5,0,0.64,,15,42.25,,,,
3886574,1975,5625,1973,"KR","",,1,3,396,5,54,6,0,0.1667,,0,,39.1667,,,,
3896624,1975,5688,1974,"KR","",,1,5,405,6,64,7,0,0.8571,,0.6667,,7.4286,,,,
3901875,1975,5716,1973,"KR","",425550,3,12,536,1,14,1,8,1,0.75,0,15.25,5,0,0,0,0
3910291,1975,5758,1973,"KR","",,1,2,132,6,65,2,11,0,0.6281,,20.5455,59,,,,
3914350,1975,5772,1974,"KR","",711029,3,8,261,1,19,5,1,0.6,0,0,5,13.8,0,0,0,0
3915260,1975,5779,1974,"KR","",,1,3,188,5,53,4,3,0,0.6667,,11,45.5,,,,
3918096,1975,5793,1974,"KR","",587500,2,7,2,6,63,3,11,0.6667,0,0,9.5455,9.6667,0,0,0,0
3923239,1975,5814,1974,"KR","",,1,8,206,6,68,8,4,0.125,0.375,0,10.5,37.625,,,,
3943545,1976,5912,1975,"KR","",188385,2,6,257,4,46,2,14,1,0.7551,0.5,7.4286,2.5,1,1,0,0
3945897,1976,5926,1974,"KR","",101491,2,8,548,1,14,2,4,0,0.625,,13.5,23.5,0,0,0.5,0.5
3955937,1976,5975,1974,"KR","",,1,1,44,1,19,4,6,0.5,0,0,13.5,50,,,,
3968087,1976,6031,1974,"KR","",101491,2,8,528,1,15,2,4,1,0.75,0,3,8,0,0,1,1
3969074,1976,6038,1975,"KR","",,1,2,8,1,11,4,4,0,0.625,,14,49.75,,,,
3973336,1976,6066,1975,"KR","",,1,4,36,6,63,4,16,0.25,0.1172,0,16,27.75,,,,
3979588,1976,6094,1974,"KR","",,1,1,250,4,44,5,6,1,0.6111,0.32,9.3333,4.6,,,,
4000604,1977,6213,1974,"KR","",,1,8,57,6,63,6,1,0.5,0,0.4444,19,17.5,,,,
4005915,1977,6241,1975,"KR","",622670,2,3,384,5,59,6,3,0,0.6667,,13,46.6667,0,0,0,0
4010742,1977,6276,1975,"KR","",,1,6,601,3,32,6,4,0,0.5,,18.75,54.5,,,,
4020948,1977,6332,1975,"KR","",,1,1,206,6,68,4,7,0.75,0.6122,0,15.4286,9,,,,
4031076,1977,6381,1976,"KR","",,1,1,540,1,14,2,0,1,,0,,4.5,,,,
