4427512,1984,8789,1982,"KR","",,1,6,204,1,19,0,1,,0,,3,,,,,
4431639,1984,8810,1981,"KR","",,1,1,424,3,31,0,0,,,,,,,,,
4431735,1984,8810,1982,"KR","",319950,3,7,435,3,33,2,0,1,,0,,9,0,0,,
4433368,1984,8817,1982,"KR","",491065,3,3,363,4,45,3,5,1,0.32,0.4444,10.2,13,0,0,0,0
4435867,1984,8838,1982,"KR","",,1,9,449,6,61,4,1,0.25,0,0,1,45.75,,,,
4437862,1984,8845,1981,"KR","",281380,3,19,44,1,19,7,3,0.5714,0.4444,0,6.3333,21,0,0,0,0
4438429,1984,8845,1981,"KR","",,1,6,340,2,21,3,3,1,0.4444,0.4444,9,15.6667,,,,
4440934,1984,8859,1982,"KR","",425550,3,4,548,1,14,1,1,1,0,0,12,8,0,0,0,0
4448305,1984,8901,1982,"KR","",314035,3,5,206,6,68,7,7,0.1429,0.2449,0,9.1429,45.2857,0,0,0,0
4450274,1984,8908,1982,"KR","",319950,3,10,546,1,14,1,0,1,,0,,11,0,0,,
4452667,1984,8922,1982,"KR","",,1,6,156,1,19,7,2,0.8571,0.5,0.2778,6,14.4286,,,,
4458669,1984,8957,1983,"KR","",,1,4,126,6,66,21,1,1,0,0.4036,2,3.6667,,,,
4460649,1984,8964,1982,"KR","",318430,3,4,428,6,69,2,26,1,0.8166,0.5,10.6923,8,0,0,0,0
4461174,1984,8971,1982,"KR","",510150,3,11,73,4,43,3,3,0,0.4444,,4,82,0,0,0,0
4463203,1984,8978,1981,"KR","",,1,1,585,1,19,9,7,0.8889,0.6531,0.5938,7.8571,11.8889,,,,
4465185,1984,8992,1982,"KR","",,1,2,206,6,68,3,2,0.3333,0.5,0,5.5,36,,,,
4465447,1984,8992,1982,"KR","",319950,3,7,425,5,51,10,25,0.5,0.6688,0.72,7.68,44,0,0,0,0
4466939,1984,8999,1983,"KR","",447840,3,17,420,5,52,4,9,1,0.6667,0.5,6.2222,5.25,0,0,0,0
4468894,1984,9013,1982,"KR","",,1,9,451,5,51,6,1,0.3333,0,0,12,24.8333,,,,
4472110,1984,9027,1983,"KR","",,1,6,416,1,19,4,4,0.25,0.75,0,8.75,56.5,,,,
4472664,1984,9027,1983,"KR","",,1,11,318,4,45,5,4,1,0.375,0.32,10.75,8.4,,,,
4481560,1984,9076,1982,"KR","",391780,3,1,362,4,42,4,0,0.75,,0.4444,,19.75,0,0,,
4482088,1984,9083,1982,"KR","",,1,1,227,5,59,4,3,1,0,0,6.6667,7.5,,,,
4482997,1984,9083,1982,"KR","",706518,2,5,370,2,21,3,1,1,0,0,12,6,0,0,0,0
4484573,1984,9097,1982,"KR","",391085,3,9,128,3,32,5,12,0.8,0.6667,0.5,9.5833,14.6,0,0,0,0
4486729,1984,9104,1983,"KR","",,1,8,335,4,41,5,5,1,0.72,0.56,8.6,9,,,,
4488094,1984,9111,1983,"KR","",491080,3,4,318,4,45,8,6,1,0.5,0.75,4,5.625,0,0,0.25,0.1667
4489600,1984,9125,1983,"KR","",510150,3,4,73,4,43,3,3,0.3333,0.6667,0,13,62.6667,0,0,0,0
4490844,1984,9125,1983,"KR","",,1,11,381,4,49,0,3,,0.4444,,13,,,,,
4491425,1985,9132,1983,"KR","",292015,3,2,368,6,69,5,2,0.6,0,0.6667,5,29.6,0,0,0,0
4493431,1985,9146,1982,"KR","",,1,6,220,6,68,3,3,1,0.4444,0.4444,6.3333,8,,,,
4493725,1985,9146,1983,"KR","",319950,3,14,71,1,11,3,3,0.6667,0.6667,0,7.6667,17.6667,0,0,0,0
4497952,1985,9167,1983,"KR","",319950,3,13,544,1,14,4,1,0.5,0,0.5,1,19.5,0,0,0,0
4498251,1985,9174,1983,"KR","",367615,2,19,36,6,63,7,6,0.4286,0,0,4.8333,20.7143,0,0,0,0
4498598,1985,9174,1983,"KR","",151910,3,3,220,6,68,4,12,0.75,0.625,0.4444,9.4167,29.5,0,0,0,0
4499672,1985,9181,1982,"KR","",,1,5,36,6,63,7,6,0.2857,0,0,10.1667,43,,,,
4500752,1985,9181,1982,"KR","",702374,3,4,455,2,21,6,12,1,0.5139,0.2778,6.5,9.1667,0,0,0,0
4501357,1985,9188,1983,"KR","",,1,10,206,6,68,3,4,0.6667,0.625,0,2.75,24.6667,,,,
4502622,1985,9195,1982,"KR","",,1,1,227,5,59,3,4,1,0,0,4.75,12,,,,
4502695,1985,9195,1983,"KR","",,1,6,277,6,67,2,1,1,0,0,5,14.5,,,,
4505258,1985,9209,1982,"KR","",,1,7,126,6,66,5,1,1,0,0,3,6,,,,
4507524,1985,9216,1982,"KR","",227870,3,18,379,2,21,8,9,1,0.1975,0,6.7778,8.25,0,0,0,0
4509158,1985,9223,1983,"KR","",,1,1,369,2,24,1,16,1,0.2188,0,6.0625,7,,,,
4509643,1985,9230,1983,"KR","",,1,5,206,6,68,11,11,0.7273,0.4463,0.4063,9.6364,20.2727,,,,
4511623,1985,9237,1983,"KR","",319950,3,8,428,6,69,5,30,1,0.7333,0.72,9.4,11.6,0,0,0,0
4511709,1985,9237,1983,"KR","",319950,3,10,528,1,15,4,5,1,0,0,7.2,6.25,0,0,0,0
4513134,1985,9244,1983,"KR","",319950,3,12,540,1,14,2,3,1,0,0,10,8.5,0,0,0,0
4515259,1985,9258,1982,"KR","",312410,3,13,477,5,53,5,9,0.2,0.6173,0,6.2222,33.2,0,0,0,0
4517694,1985,9272,1983,"KR","",,1,3,449,6,61,4,1,1,0,0,10,7.25,,,,
4517908,1985,9272,1984,"KR","",711514,3,1,112,6,63,1,1,1,0,0,8,2,0,0,0,0
4522601,1985,9293,1982,"KR","",,1,4,440,5,55,5,1,0.2,0,0,3,51.2,,,,
4523434,1985,9300,1984,"KR","",,1,4,62,6,69,3,1,0.3333,0,0,6,31.3333,,,,
4523770,1985,9300,1983,"KR","",,1,2,280,5,55,3,4,1,0,0,3.75,5,,,,
4524136,1985,9300,1982,"KR","",425550,3,7,435,3,33,0,4,,0,,9,,,,0,0
4524987,1985,9307,1983,"KR","",,5,14,280,5,55,6,6,0,0,,5.8333,71.8333,,,,
4525877,1985,9314,1983,"KR","",207330,2,8,2,6,63,23,14,0.5217,0.3571,0.1528,8.0714,26.087,0,0,0,0
4528192,1985,9321,1984,"KR","",,1,2,424,3,31,1,1,1,0,0,9,13,,,,
4529844,1985,9328,1983,"KR","",151930,3,13,379,2,21,2,0,1,,0,,5.5,0,0,,
4531480,1985,9342,1982,"KR","",,1,2,123,5,53,4,0,0.75,,0,,9.5,,,,
4533330,1985,9349,1983,"KR","",,1,5,440,5,55,6,3,0.6667,0.4444,0.625,11,12.8333,,,,
4537633,1985,9370,1983,"KR","",,5,18,106,1,12,5,13,0.2,0.4734,0,13.6923,31.8,,,,
4538590,1985,9377,1984,"KR","",294360,2,5,126,6,66,4,2,0,0.5,,10.5,88.75,0,0,0,0
4539749,1985,9384,1984,"KR","",,1,6,30,6,65,9,3,0.1111,0.4444,0,9,56,,,,
4543841,1985,9405,1982,"KR","",,1,4,74,5,59,7,3,0.4286,0.4444,0.6667,8.3333,45.8571,,,,
4544849,1985,9405,1983,"KR","",,1,9,290,4,45,7,3,0.4286,0,0.4444,12.3333,49.2857,,,,
4545462,1985,9412,1983,"KR","",,1,6,187,5,55,4,5,0.5,0.32,0,8.8,30.75,,,,
4551658,1985,9440,1982,"KR","",,1,5,318,4,45,2,3,1,0,0.5,7,16.5,,,,
4555018,1985,9461,1984,"KR","",,1,1,206,6,68,11,14,0.4545,0.7347,0.56,7.3571,35.4545,,,,
4556516,1985,9468,1984,"KR","",71825,3,2,540,1,14,3,0,1,,0.4444,,6.3333,0,0,,
4560297,1985,9489,1983,"KR","",,1,4,401,1,12,4,4,0.25,0,0,10.25,34.75,,,,
4562792,1986,9503,1984,"KR","",,1,5,119,6,61,5,1,0.8,0,0.625,9,12,,,,
4563363,1986,9503,1983,"KR","",128470,3,7,426,6,61,3,1,0.6667,0,0,6,14.3333,0,0,0,0
4569417,1986,9538,1984,"KR","",,1,1,182,6,65,8,2,0.5,0.5,0.375,6,45,,,,
4570107,1986,9538,1983,"KR","",,1,5,315,4,42,6,3,0.5,0,0.4444,5,22.8333,,,,
4570497,1986,9545,1984,"KR","",510150,3,3,73,4,43,4,5,0.25,0.32,0,10.6,69.5,0,0,0,0
4571782,1986,9552,1982,"KR","",,1,1,24,6,63,4,4,0,0.375,,10,73,,,,
4572503,1986,9552,1983,"KR","",,1,4,482,5,59,14,5,0.3571,0,0.48,6.4,56.5,,,,
4573333,1986,9559,1983,"KR","",,1,6,70,6,65,11,8,0.4545,0.6875,0.32,7,36.3636,,,,
4573571,1986,9559,1984,"KR","",,1,5,206,6,68,11,4,0.2727,0,0.4444,9.75,52.4545,,,,
4574229,1986,9559,1983,"KR","",,1,6,318,4,45,6,12,1,0.5417,0.6111,9.5,11.6667,,,,
4574649,1986,9566,1983,"KR","",,4,22,74,5,59,6,18,1,0.6605,0,8.9444,6.8333,,,,
4577778,1986,9580,1985,"KR","",633025,3,5,220,6,68,7,9,1,0.7407,0.6939,4.5556,12,0,0,0,0
4583951,1986,9608,1985,"KR","",205950,3,1,434,6,69,7,1,0.2857,0,0,8,50.2857,0,0,0,0
4584504,1986,9608,1984,"KR","",491080,3,6,318,4,45,4,11,1,0.4463,0.625,5.9091,3.25,0.25,0.25,0,0
4584505,1986,9608,1984,"KR","",,1,7,318,4,45,7,9,1,0,0.5714,6.6667,12.1429,,,,
4586285,1986,9622,1984,"KR","",,1,1,43,6,61,3,2,0.3333,0,0,13,26.6667,,,,
4586609,1986,9622,1985,"KR","",59345,2,19,206,6,68,1,3,1,0.4444,0,11.6667,4,0,0,0,0
4587738,1986,9629,1984,"KR","",,1,6,33,6,69,4,6,0.75,0,0.4444,7.5,28.75,,,,
4589545,1986,9636,1984,"KR","",,1,1,206,6,68,7,1,0.2857,0,0,2,34.7143,,,,
4590406,1986,9636,1984,"KR","",312415,3,10,315,4,42,3,1,0.3333,0,0,4,21,0,0,0,0
4592673,1986,9650,1985,"KR","",,1,6,404,6,69,4,4,1,0.375,0,7.5,17.75,,,,
4594808,1986,9664,1985,"KR","",,1,6,43,6,61,3,2,0.3333,0,0,7.5,76.6667,,,,
4595119,1986,9664,1985,"KR","",,1,2,229,6,68,6,3,1,0.6667,0.6667,7,6.6667,,,,
4596418,1986,9671,1984,"KR","",,1,2,296,5,55,13,17,0.6154,0.5467,0.4063,5.9412,20.5385,,,,
4598610,1986,9685,1983,"KR","",,1,6,475,5,53,11,5,0.7273,0,0,7,21.9091,,,,
4600034,1986,9692,1984,"KR","",266845,3,7,137,6,69,5,6,0.6,0.5,0.6667,7.1667,31,0,0,0,0
4605888,1986,9720,1984,"KR","",,1,2,318,4,45,3,13,1,0.142,0,6.9231,3,,,,
4606609,1986,9727,1985,"KR","",,1,12,359,5,54,10,7,0.6,0.6939,0,7.4286,31.1,,,,
4608894,1986,9741,1984,"KR","",,1,9,83,5,51,3,4,0.6667,0.625,0.5,7.25,19.6667,,,,
4609195,1986,9741,1985,"KR","",,1,4,273,6,62,3,4,0.3333,0.625,0,7.75,35.3333,,,,
4612909,1986,9762,1985,"KR","",,1,1,126,6,66,2,2,0.5,0.5,0,9.5,15.5,,,,
4613491,1986,9762,1985,"KR","",319950,3,19,423,1,19,2,7,1,0.5714,0,7.2857,9,0,0,0,0
4614081,1986,9769,1984,"KR","",637805,3,8,57,6,63,9,4,0.6667,0,0.2778,8.25,23.1111,0,0,0,0
4614092,1986,9769,1983,"KR","",227815,3,1,62,6,69,5,11,0.8,0.1653,0,10.5455,14,0,0,0,0
4615801,1986,9776,1984,"KR","",,1,7,210,1,19,4,7,1,0.2449,0,5,8.25,,,,
4616119,1986,9776,1984,"KR","",227815,3,7,219,4,49,8,3,1,0,0,9.6667,8.875,0,0,0.3333,0.3333
4616626,1986,9783,1984,"KR","",,1,8,126,6,66,5,5,1,0.56,0.32,5.8,8,,,,
4617058,1986,9783,1985,"KR","",,1,9,106,1,12,7,7,1,0.449,0.5714,6.8571,5.4286,,,,
4619004,1986,9797,1985,"KR","",332270,3,3,2,6,63,3,6,0.6667,0.5,0,7,29.6667,0,0,0,0
4622265,1986,9811,1985,"KR","",319950,3,5,428,6,69,4,8,0.75,0.7813,0.4444,7,11.25,0,0,0,0
4622948,1986,9818,1985,"KR","",294360,2,13,126,6,66,5,4,0,0.375,,7.5,93,0,0,0,0
4623665,1986,9818,1985,"KR","",,1,8,514,3,31,0,0,,,,,,,,,
4627410,1986,9839,1984,"KR","",,1,13,126,6,66,9,19,0.4444,0.2659,0,9.6842,25,,,,
4628351,1986,9839,1984,"KR","",491065,3,3,348,4,49,7,4,1,0.625,0.4898,9,8.1429,0,0,0,0
4628703,1986,9846,1985,"KR","",,1,8,62,6,69,8,9,0.875,0.1975,0,5.4444,15.625,,,,
4632910,1986,9860,1985,"KR","",319950,3,6,501,1,19,4,5,1,0.64,0.625,4,2.5,0,0,0,0
4633605,1987,9867,1985,"KR","",,1,8,40,6,69,10,1,0.8,0,0.4063,8,18.3,,,,
4635384,1987,9874,1984,"KR","",,1,8,36,6,63,5,5,0.4,0,0,9.8,31.2,,,,
4635793,1987,9874,1984,"KR","",,4,13,206,6,68,8,8,0.5,0,0,10,30.75,,,,
4636182,1987,9874,1985,"KR","",,1,3,493,5,51,1,0,1,,0,,9,,,,
4638635,1987,9888,1985,"KR","",,1,7,60,4,45,3,0,1,,0.4444,,13.3333,,,,
4642048,1987,9902,1986,"KR","",,1,1,432,6,66,4,1,1,0,0.375,1,7.75,,,,
4642747,1987,9902,1985,"KR","",625115,2,10,363,4,45,7,1,0.8571,0,0.6111,2,13,0.5,0.4286,0,0
4642998,1987,9909,1985,"KR","",491065,3,6,62,6,69,3,7,0.6667,0.4082,0,7.5714,25.6667,0,0,0,0
4644752,1987,9916,1985,"KR","",,1,5,60,4,45,2,0,1,,0.5,,7,,,,
4646531,1987,9923,1985,"KR","",702374,3,4,62,6,69,5,6,0.8,0.6667,0.625,6.6667,11.2,0,0,0,0
4646798,1987,9923,1985,"KR","",,1,8,141,5,51,2,0,0,,,,59.5,,,,
4648195,1987,9930,1985,"KR","",,1,4,43,6,61,7,1,0.4286,0,0,10,40.8571,,,,
4648531,1987,9930,1985,"KR","",59345,2,3,221,5,51,7,3,0.7143,0.4444,0.72,8.3333,17.2857,0,0,0,0
4648548,1987,9930,1985,"KR","",,1,4,229,6,68,15,21,0.6,0.644,0.7901,7.5238,26.7333,,,,
4648612,1987,9930,1985,"KR","",,1,7,280,5,55,5,0,0.6,,0.4444,,19.8,,,,
4649330,1987,9930,1985,"KR","",,1,2,318,4,45,7,2,0.8571,0,0.5,4,16.2857,,,,
4649429,1987,9930,1984,"KR","",227815,3,1,348,4,49,5,2,1,0,0,6,8,0,0,0,0
4653804,1987,9951,1985,"KR","",,1,1,297,6,65,7,8,0,0.5938,,7.5,45.8571,,,,
4654381,1987,9951,1985,"KR","",,1,3,523,1,15,4,5,1,0.8,0.375,8.4,4.75,,,,
4654982,1987,9958,1986,"KR","",,1,2,36,6,63,3,20,0.6667,0,0,6.3,15.3333,,,,
4655244,1987,9958,1985,"KR","",,1,13,137,6,69,11,6,0.0909,0.5,0,8.3333,40.1818,,,,
4657531,1987,9965,1985,"KR","",,1,7,604,3,32,3,4,0.3333,0.75,0,7,31.6667,,,,
4658294,1987,9965,1985,"KR","",,1,1,348,4,49,1,10,1,0.48,0,8.3,1,,,,
4658514,1987,9972,1984,"KR","",367615,2,9,36,6,63,15,1,0.6667,0,0,13,16.2667,0,0,0,0
4658928,1987,9972,1985,"KR","",491035,3,11,180,5,55,10,22,0.7,0.8223,0.5714,5.1818,19,0,0,0,0
4659184,1987,9972,1985,"KR","",227815,3,3,359,5,54,2,1,1,0,0,8,12.5,0,0,0,0
4660135,1987,9972,1985,"KR","",227815,3,2,363,4,45,1,4,1,0.625,0,4.5,9,0,0,0,0
4663091,1987,9986,1985,"KR","",491065,3,3,261,1,19,7,7,1,0.2449,0.6531,6.8571,9.1429,0,0,0,0
4665452,1987,9993,1985,"KR","",491065,3,1,360,2,24,3,0,1,,0,,1.6667,0,0,,
4666328,1987,10000,1986,"KR","",633025,3,2,403,6,67,6,14,1,0.7143,0.5,6.1429,4.3333,0,0,0,0
4667349,1987,10007,1986,"KR","",,4,3,239,5,59,6,7,0.5,0.6939,0.6667,5.8571,35.3333,,,,
4668798,1987,10007,1985,"KR","",,1,10,548,1,14,5,1,1,0,0.48,4,6.6,,,,
4669285,1987,10014,1985,"KR","",,1,4,70,6,65,4,2,0,0,,4,83.25,,,,
4669803,1987,10014,1986,"KR","",227815,3,2,439,4,41,4,1,1,0,0.625,8,14.5,0,0,0,0
4673364,1987,10028,1986,"KR","",,1,1,441,6,69,4,0,0,,,,69.25,,,,
4673914,1987,10028,1984,"KR","",,1,11,307,4,49,25,12,1,0.6667,0.7808,6.5833,9.88,,,,
4674466,1987,10035,1985,"KR","",,1,14,123,5,53,10,1,0.6,0,0,12,20.7,,,,
4675434,1987,10035,1984,"KR","",319950,3,11,560,1,14,2,4,1,0.375,0,7.75,20,0,0,0,0
4675478,1987,10035,1985,"KR","",319565,3,8,200,4,41,3,4,1,0.5,0.4444,8,12.3333,0,0,0.3333,0.25
4676764,1987,10042,1985,"KR","",371985,2,4,446,6,62,11,14,0.7273,0.4592,0.5625,5.5714,24,0,0,0.25,0.1429
4679407,1987,10056,1985,"KR","",,1,4,62,6,69,6,5,1,0.32,0,7.2,16.3333,,,,
4679745,1987,10056,1986,"KR","",227815,3,1,242,5,51,7,5,0.8571,0.56,0.5,7,25.4286,0,0,0.4,0.4
4679790,1987,10056,1986,"KR","",,1,11,473,6,62,6,4,0.5,0,0.4444,7,30.1667,,,,
4681508,1987,10063,1986,"KR","",,1,3,415,5,53,10,3,0.2,0.4444,0.5,7.3333,43.4,,,,
4683140,1987,10070,1985,"KR","",,1,7,426,6,61,6,8,0.5,0.4688,0,6.125,38,,,,
4683306,1987,10070,1984,"KR","",638290,3,4,544,1,14,9,0,1,,0.4938,,9.5556,0,0,,
4683512,1987,10070,1986,"KR","",227815,3,1,360,2,24,1,0,1,,0,,17,0,0,,
4683721,1987,10077,1986,"KR","",319950,3,1,60,4,45,2,1,1,0,0,3,6.5,0,0,0,0
4684177,1987,10077,1985,"KR","",312420,3,7,303,5,53,2,3,1,0.6667,0.5,10.3333,10.5,0,0,0,0
4685009,1987,10077,1985,"KR","",491065,3,5,360,2,24,2,14,1,0,0,4.7857,4,0,0,0.2143,0.2143
4686268,1987,10084,1986,"KR","",385225,3,17,526,1,15,0,2,,0.5,,11,,,,0,0
4686444,1987,10084,1985,"KR","",491065,3,2,320,4,45,5,12,1,0,0,8.6667,4.4,0,0,0,0
4686762,1987,10091,1986,"KR","",658103,3,1,438,4,46,0,4,,0,,4,,,,0.25,0.25
4687080,1987,10091,1986,"KR","",,1,9,192,5,53,5,0,0.8,,0,,16.6,,,,
4687896,1987,10091,1986,"KR","",227815,3,7,219,4,49,5,1,1,0,0.32,3,6.2,0,0,0,0
4688344,1987,10098,1986,"KR","",,1,6,42,5,59,5,6,0.6,0.6111,0,6,25,,,,
4690439,1987,10105,1986,"KR","",227815,3,1,292,6,69,4,0,0.75,,0.4444,,19.5,0,0,,
4690473,1987,10105,1986,"KR","",491065,3,4,439,4,41,2,2,1,0,0.5,8,12.5,0,0,0,0
4691087,1987,10105,1986,"KR","",227815,3,1,219,4,49,1,2,1,0.5,0,5,2,0,0,0.5,0.5
4691106,1987,10105,1985,"KR","",711514,3,1,250,4,44,3,2,1,0,0.6667,8.5,6.6667,0,0,0,0
4691890,1987,10112,1986,"KR","",,1,6,248,6,69,0,4,,0.375,,9.5,,,,,
4692647,1987,10112,1982,"KR","",,1,9,310,4,45,2,1,0,0,,6,38,,,,
4692823,1987,10112,1985,"KR","",227815,3,4,360,2,24,1,6,1,0.2778,0,5.5,2,0,0,0.1667,0.1667
4692833,1987,10112,1986,"KR","",490790,3,12,361,4,45,6,7,1,0,0,3.7143,6.8333,0,0,0.1667,0.1429
4695487,1987,10126,1986,"KR","",,1,5,427,1,12,4,0,1,,0.375,,6,,,,
4695885,1987,10126,1985,"KR","",,1,5,348,4,49,4,2,1,0,0.625,5,2.75,,,,
4695906,1987,10126,1985,"KR","",491065,3,1,360,2,24,2,5,1,0.48,0,7.2,6,0,0,0.2,0.2
4696516,1987,10133,1986,"KR","",132495,3,15,297,6,65,2,6,1,0,0,4.6667,5.5,0,0,0,0
4697171,1987,10133,1986,"KR","",156050,3,12,340,2,21,4,11,1,0.562,0.5,5.3636,4.5,0,0,0,0
4700034,1987,10147,1986,"KR","",227815,3,5,219,4,49,1,9,1,0.1975,0,6.7778,1,0,0,0.5556,0.5556
4701430,1987,10154,1986,"KR","",319950,3,18,502,1,19,0,3,,0,,4,,,,0,0
4701905,1987,10154,1985,"KR","",319950,3,1,370,2,21,8,6,1,0.5,0.4688,6.3333,5.75,0,0,0,0
4702521,1987,10161,1986,"KR","",,1,6,297,6,65,4,0,0.5,,0.5,,25.25,,,,
4703225,1987,10161,1985,"KR","",227815,3,5,313,4,42,3,5,1,0.56,0.4444,9.8,9.3333,0,0,0,0
4703600,1987,10168,1985,"KR","",,1,5,52,6,69,10,1,0.3,0,0,4,52.8,,,,
4707777,1987,10182,1986,"KR","",625115,2,11,363,4,45,2,3,1,0,0,3.3333,10.5,0,0,0,0
4709289,1987,10189,1986,"KR","",227815,3,1,360,2,24,3,2,1,0.5,0.4444,4,7.6667,0,0,0,0
4709294,1987,10189,1985,"KR","",,1,5,361,4,45,1,3,1,0.6667,0,6.3333,19,,,,
4710347,1987,10196,1986,"KR","",319950,3,1,420,5,52,1,0,1,,0,,14,0,0,,
4711410,1987,10203,1986,"KR","",227815,3,2,242,5,51,3,13,1,0.3905,0,5.3077,14.6667,0,0,0.0833,0.0769
4711458,1987,10203,1985,"KR","",,1,7,280,5,55,3,13,1,0.142,0,7.8462,12.3333,,,,
4714245,1987,10217,1985,"KR","",,1,3,482,5,59,4,2,1,0,0.375,7,10.75,,,,
4716329,1987,10224,1980,"KR","",,5,7,310,4,45,3,3,0.3333,0.4444,0,8.6667,38.3333,,,,
4716469,1987,10224,1986,"KR","",227815,3,5,348,4,49,1,10,1,0.34,0,6.6,4,0,0,1,0.3
4717859,1988,10231,1985,"KR","",227815,3,3,313,4,42,2,4,1,0.625,0.5,7.75,17.5,0,0,0,0
4717871,1988,10231,1986,"KR","",235215,3,9,324,4,43,1,0,1,,0,,7,0,0,,
4718876,1988,10238,1986,"KR","",,1,26,446,6,62,11,6,0.6364,0.7222,0.6939,7.8333,22.9091,,,,
4718903,1988,10238,1986,"KR","",505580,3,4,623,3,39,5,4,1,0.625,0.48,8.25,10,0,0,0,0
4719326,1988,10238,1986,"KR","",491065,3,2,219,4,49,4,8,1,0,0,5.25,4.25,0,0,0,0
4719437,1988,10238,1985,"KR","",227830,3,4,335,4,41,2,9,1,0.1975,0.5,7.3333,6.5,0,0,0,0
4719738,1988,10245,1983,"KR","",,1,9,52,6,69,15,0,0.6,,0.8395,,24.0667,,,,
4723177,1988,10259,1986,"KR","",429595,3,1,360,2,24,2,7,1,0.4082,0,3.5714,1.5,0,0,0,0
4723190,1988,10259,1986,"KR","",490790,3,10,361,4,45,5,6,1,0.2778,0,3.8333,6,0,0,0.2,0.1667
4724104,1988,10266,1987,"KR","",227815,3,4,261,1,19,6,3,0.8333,0.4444,0.48,5.6667,14.8333,0,0,0,0
4725703,1988,10273,1986,"KR","",227815,3,4,219,4,49,3,6,1,0.2778,0,8.1667,2.3333,0,0,0,0
4729500,1988,10294,1986,"KR","",227815,3,1,226,5,51,3,10,0.6667,0.64,0.5,5.6,27.6667,0,0,0.3,0.3
4729560,1988,10294,1987,"KR","",,1,5,482,5,59,7,3,0.7143,0.4444,0.56,3,33.4286,,,,
4730150,1988,10294,1986,"KR","",,4,5,318,4,45,4,9,1,0.3704,0,6.4444,5.5,,,,
4730792,1988,10301,1986,"KR","",227815,3,1,242,5,51,3,11,0.6667,0.5455,0,5.4545,12.3333,0,0,0.2,0.1818
4731877,1988,10301,1986,"KR","",491055,3,2,455,2,21,3,6,1,0.4444,0,4.1667,5.6667,0,0,0,0
4734075,1988,10315,1986,"KR","",,1,14,446,6,62,5,7,0.2,0.449,0,5.7143,51.2,,,,
4734919,1988,10315,1982,"KR","",227870,3,12,375,2,21,6,2,0.8333,0.5,0.72,6.5,20.1667,0,0,0,0
4735371,1988,10322,1986,"KR","",227815,3,1,242,5,51,6,0,0.3333,,0,,33.3333,0,0,,
4735522,1988,10322,1986,"KR","",,1,2,401,1,12,4,3,0.25,0.6667,0,10.3333,29.75,,,,
4737695,1988,10329,1986,"KR","",,1,7,318,4,45,5,1,1,0,0.56,10,12.6,,,,
4739023,1988,10336,1986,"KR","",,1,14,526,1,15,3,1,1,0,0.6667,3,17.3333,,,,
4740250,1988,10343,1985,"KR","",491065,3,13,148,5,52,1,3,1,0.6667,0,8.3333,4,0,0,0,0
4740881,1988,10343,1987,"KR","",319950,3,9,363,4,45,6,0,1,,0.2778,,9,0,0,,
4741055,1988,10350,1987,"KR","",491190,3,11,2,6,63,3,0,0.3333,,0,,51.6667,0,0,,
4741305,1988,10350,1986,"KR","",,1,1,123,5,53,2,1,1,0,0,3,7.5,,,,
4741358,1988,10350,1986,"KR","",,1,8,137,6,69,11,1,0.2727,0,0.4444,10,53.2727,,,,
4742088,1988,10350,1987,"KR","",318430,3,19,521,1,15,1,1,1,0,0,6,10,0,0,0,0
4742508,1988,10350,1986,"KR","",491065,3,2,369,2,24,1,5,1,0.56,0,5.2,6,0,0,0.2,0.2
4743727,1988,10357,1987,"KR","",227815,3,6,219,4,49,4,3,1,0,0.375,7.3333,3,0,0,0,0
4745280,1988,10364,1985,"KR","",711514,3,4,250,4,44,2,6,1,0.5,0.5,5.6667,6,0,0,0,0
4745859,1988,10371,1987,"KR","",,1,3,102,1,19,4,3,0,0.4444,,7,41,,,,
4746135,1988,10371,1986,"KR","",,1,13,280,5,55,2,4,0.5,0.375,0,7.75,41,,,,
4749141,1988,10385,1987,"KR","",,1,2,242,5,51,4,5,1,0.32,0,6.6,7,,,,
4749183,1988,10385,1985,"KR","",,1,6,482,5,59,3,3,1,0.4444,0,7,6.3333,,,,
4749207,1988,10385,1986,"KR","",,1,3,280,5,55,4,4,0.75,0,0,6.75,28.75,,,,
4750509,1988,10392,1986,"KR","",,1,4,135,6,69,17,19,0.5882,0.3601,0.6,6.3158,25.4706,,,,
4751044,1988,10392,1985,"KR","",625115,2,14,376,4,44,16,4,0.9375,0,0.6044,8.5,13.75,0,0,0.25,0.25
4751954,1988,10399,1987,"KR","",,1,9,164,5,52,3,1,1,0,0,10,9.6667,,,,
4752048,1988,10399,1986,"KR","",227815,3,1,242,5,51,7,4,1,0,0,5,5.1429,0,0,0,0
4752624,1988,10399,1987,"KR","",319950,3,8,521,1,15,2,0,1,,0.5,,6,0,0,,
4752656,1988,10399,1987,"KR","",319565,3,5,200,4,41,7,0,0.7143,,0.32,,19.4286,0.5,0.1429,,
4752843,1988,10399,1986,"KR","",227815,3,1,360,2,24,0,2,,0.5,,5.5,,,,0,0
4754129,1988,10406,1987,"KR","",491065,3,3,250,4,44,5,4,1,0.375,0.32,5.25,3.4,0,0,0,0
4754606,1988,10413,1986,"KR","",,1,4,60,4,45,5,2,0.6,0,0.4444,6,23.8,,,,
4755075,1988,10413,1987,"KR","",,1,8,401,1,12,5,3,0.4,0,0,4,38.2,,,,
4755291,1988,10413,1987,"KR","",,1,9,210,1,19,6,5,0.5,0.32,0,4,34.3333,,,,
4757173,1988,10420,1987,"KR","",227815,3,9,219,4,49,2,6,1,0,0,6.8333,10.5,0,0,0,0
4757215,1988,10420,1987,"KR","",491080,3,25,326,4,46,1,10,1,0.64,0,4,4,0,0,0,0
4757304,1988,10420,1986,"KR","",492885,3,7,340,2,21,5,5,1,0.64,0.32,4.4,7.4,0,0,0,0
4757400,1988,10420,1986,"KR","",227815,3,1,360,2,24,1,8,1,0.375,0,5.875,3,0,0,0,0
4757563,1988,10427,1987,"KR","",,1,3,5,6,65,8,6,0.125,0.2778,0,4.1667,72.875,,,,
4757587,1988,10427,1986,"KR","",227815,3,4,29,5,52,7,1,0,0,,7,76.7143,0,0,0,0
4759275,1988,10434,1987,"KR","",,1,2,99,6,61,4,0,0,,,,47.25,,,,
4759389,1988,10434,1986,"KR","",,1,1,138,6,67,5,7,1,0,0,4.8571,7.8,,,,
4759722,1988,10434,1987,"KR","",,1,2,439,4,41,6,4,1,0,0,3.5,5.8333,,,,
4760164,1988,10434,1986,"KR","",319980,3,4,560,1,14,2,5,1,0.72,0,4.8,9,0,0,0,0
4760499,1988,10434,1987,"KR","",,1,11,362,4,42,4,3,0.5,0,0,7,42,,,,
4761328,1988,10441,1987,"KR","",,1,5,428,6,69,8,10,1,0.8,0.5313,7.8,5,,,,
4761770,1988,10441,1987,"KR","",,1,10,367,2,21,4,6,1,0.5,0,6.3333,13.5,,,,
4763209,1988,10448,1986,"KR","",491065,3,4,360,2,24,6,1,1,0,0,10,8.6667,0,0,0,0
4764652,1988,10455,1987,"KR","",227815,3,4,219,4,49,5,8,1,0.4063,0,5.875,3.8,0,0,0.375,0.375
4766279,1988,10462,1986,"KR","",227815,3,3,219,4,49,3,2,1,0,0,7,2.6667,0,0,0,0
4766493,1988,10462,1987,"KR","",227815,3,3,348,4,49,4,1,1,0,0.5,10,6,0,0,0,0
4767069,1988,10469,1987,"KR","",,1,18,241,5,51,3,7,1,0.449,0,6.2857,6.6667,,,,
4769094,1988,10476,1985,"KR","",491065,3,7,148,5,52,2,4,1,0.625,0.5,7.75,5,0,0,0,0
4769214,1988,10476,1985,"KR","",538580,2,18,420,5,52,4,1,0.75,0,0.6667,8,19.25,0,0,0,0
4770054,1988,10483,1986,"KR","",,1,4,74,5,59,5,9,0.4,0.642,0.5,8.2222,29.4,,,,
4770559,1988,10483,1987,"KR","",,4,2,403,6,67,3,11,0.6667,0.8099,0,4.7273,21,,,,
4771556,1988,10490,1987,"KR","",491175,3,8,36,6,63,6,13,1,0,0.6111,6,4.3333,0,0,0,0
4776427,1988,10511,1987,"KR","",,1,5,181,6,69,1,0,0,,,,30,,,,
4777538,1988,10511,1985,"KR","",227815,3,2,386,4,49,2,2,1,0.5,0,7,1.5,0,0,0,0
4778298,1988,10518,1987,"KR","",,1,1,401,1,12,7,4,0.1429,0.375,0,7.25,64.2857,,,,
4778432,1988,10518,1987,"KR","",371985,2,5,446,6,62,2,4,1,0.375,0,6.75,2,1,0.5,0,0
4779094,1988,10518,1986,"KR","",,1,14,340,2,21,11,6,1,0.4444,0.6446,4.6667,8.6364,,,,
4779555,1988,10525,1987,"KR","",,1,9,114,5,55,3,3,0.6667,0,0,3.3333,51,,,,
4781339,1988,10532,1986,"KR","",227815,3,1,242,5,51,5,3,1,0.4444,0.48,4,2,0.2,0.2,0.3333,0.3333
4782396,1988,10532,1986,"KR","",227815,3,5,348,4,49,4,4,1,0,0.375,6,4,0,0,0.25,0.25
4782407,1988,10532,1986,"KR","",227815,3,1,360,2,24,2,9,1,0,0,6.4444,3,0,0,0,0
4782409,1988,10532,1986,"KR","",227815,3,1,360,2,24,2,1,1,0,0,3,1.5,0,0,0,0
4782431,1988,10532,1986,"KR","",,1,2,362,4,42,7,10,0.8571,0.74,0.6667,9.1,18.2857,,,,
4783847,1988,10539,1986,"KR","",515500,3,2,455,2,21,2,2,1,0,0,5.5,5.5,0,0,0,0
4783869,1988,10546,1987,"KR","",,1,1,15,6,69,5,6,0.2,0,0,6.3333,47.8,,,,
4785906,1988,10553,1987,"KR","",,1,2,180,5,55,7,10,1,0.78,0.7755,8.4,14.8571,,,,
4786477,1988,10553,1987,"KR","",320005,3,9,422,1,19,5,9,1,0.7901,0.56,6.4444,9,0,0,0.2222,0.2222
4787172,1988,10560,1987,"KR","",,5,10,47,6,61,7,1,0.8571,0,0.5,9,19.8571,,,,
4787220,1988,10560,1987,"KR","",227815,3,8,68,6,63,5,1,0.6,0,0,10,22.8,0,0,0,0
4787647,1988,10560,1986,"KR","",,1,1,280,5,55,12,1,0.5833,0,0,10,25.0833,,,,
4789059,1988,10567,1988,"KR","",,1,3,206,6,68,5,6,0.4,0.4444,0,4.3333,26.4,,,,
4789867,1988,10567,1987,"KR","",,1,9,343,2,21,4,2,0.5,0,0.5,3.5,23.25,,,,
4790146,1988,10574,1987,"KR","",491065,3,1,62,6,69,13,1,0.5385,0,0.6939,9,26,0,0,0,0
4792451,1988,10581,1987,"KR","",549770,3,3,424,3,31,2,4,1,0.75,0.5,6.75,8.5,0,0,0.3333,0.25
4792735,1988,10581,1987,"KR","",,1,1,388,4,45,6,2,1,0.5,0.5,4,11,,,,
4793145,1988,10588,1987,"KR","",,1,8,62,6,69,7,0,0,,,,48,,,,
4793147,1988,10588,1987,"KR","",491065,3,3,62,6,69,5,1,0.8,0,0.375,2,22.6,0,0,0,0
4794270,1988,10588,1987,"KR","",227815,3,2,307,4,49,6,2,1,0,0.6111,2.5,8.3333,0,0,0,0
4794568,1988,10588,1987,"KR","",491080,3,19,365,2,24,2,13,1,0.6627,0,7.7692,4,0,0,0,0
4794666,1989,10595,1987,"KR","",,1,5,220,6,68,6,2,0.1667,0.5,0,6.5,54.3333,,,,
4795109,1989,10595,1986,"KR","",227815,3,3,360,2,24,6,7,1,0.449,0.2778,6.1429,5.6667,0,0,0,0
4796116,1989,10595,1986,"KR","",227815,3,9,360,2,24,3,11,1,0.4298,0,4.4545,2,0,0,0.1818,0.1818
4796585,1989,10602,1986,"KR","",,1,2,123,5,53,13,0,0.6923,,0.4444,,21.8462,,,,
4798357,1989,10609,1987,"KR","",237640,3,1,248,6,69,7,18,0.1429,0.4938,0,5.6111,54.8571,0,0,0,0
4799619,1989,10616,1987,"KR","",,1,4,229,6,68,6,1,0.3333,0,0.5,1,27.3333,,,,
4800246,1989,10616,1987,"KR","",227815,3,7,219,4,49,3,2,1,0,0,5,5,0,0,0,0
4801242,1989,10623,1987,"KR","",491065,3,18,416,1,19,11,1,0.1818,0,0.5,10,40.3636,0,0,0,0
4801285,1989,10623,1987,"KR","",371985,2,2,446,6,62,11,5,0.8182,0.32,0.642,7.4,11.4545,0.25,0.0909,0,0
4802051,1989,10623,1987,"KR","",,1,6,361,4,45,6,3,1,0,0.7778,5.3333,14.6667,,,,
4802435,1989,10630,1987,"KR","",,5,11,114,5,55,5,2,0.2,0,0,2.5,47.6,,,,
4802615,1989,10630,1987,"KR","",,1,2,227,5,59,5,1,1,0,0.32,6,6,,,,
