4042147,1977,6437,1976,"KR","",,1,3,221,5,51,5,1,0.4,0,0,3,38.4,,,,
4066066,1978,6577,1975,"KR","",,1,1,600,3,32,4,4,1,0.375,0,18.5,6.25,,,,
4066640,1978,6577,1977,"KR","",,1,1,540,1,14,2,0,1,,0,,8,,,,
4077648,1978,6640,1976,"KR","",,1,10,280,5,55,4,7,0.25,0.6122,0,14.1429,57,,,,
4079314,1978,6647,1975,"KR","",,1,1,324,4,43,2,1,0.5,0,0,4,16.5,,,,
4085915,1978,6689,1977,"KR","",,1,3,248,6,69,10,4,0.4,0.625,0,15,26.9,,,,
4088137,1978,6703,1976,"KR","",,1,4,607,3,32,2,0,0.5,,0,,16,,,,
4088452,1978,6703,1976,"KR","",,4,5,585,1,19,1,0,0,,,,56,,,,
4088454,1978,6703,1976,"KR","",312885,2,2,44,1,19,5,3,0,0,,4,40.2,0,0,0,0
4093709,1978,6731,1975,"KR","",22715,2,31,424,3,31,4,70,1,0.5065,0,15.2429,1.75,1,0.75,0.2464,0.2429
4104896,1978,6794,1977,"KR","",,1,2,70,6,65,9,7,0,0.2449,,7,68.6667,,,,
4112552,1978,6829,1976,"KR","",,1,4,24,6,63,4,3,0,0,,8,31.75,,,,
4120310,1978,6864,1976,"KR","",,1,4,131,6,61,5,1,1,0,0,5,6.6,,,,
4121597,1978,6871,1977,"KR","",,1,9,131,6,61,5,4,0.2,0,0,16.75,35.2,,,,
4133519,1979,6948,1977,"KR","",,5,5,269,6,69,3,3,0,0.4444,,14.6667,60.6667,,,,
4136980,1979,6969,1977,"KR","",,1,4,401,1,12,4,7,0.25,0,0,9.8571,44.75,,,,
4141818,1979,6997,1977,"KR","",,1,6,208,1,19,7,0,0.5714,,0.375,,10.7143,,,,
4159755,1979,7123,1977,"KR","",,1,7,188,5,53,7,7,0.2857,0.7347,0.5,9.7143,23.8571,,,,
4177602,1979,7284,1978,"KR","",,1,7,446,6,62,4,5,0,0.32,,11,38.75,,,,
4182899,1980,7312,1978,"KR","",254145,3,3,560,1,14,5,0,1,,0.48,,7,0,0,,
4211859,1980,7494,1978,"KR","",,1,3,528,1,15,5,1,1,0,0.72,2,8.4,,,,
4212232,1980,7501,1978,"KR","",,1,2,493,5,51,6,1,0.3333,0,0.5,14,41,,,,
4214679,1980,7515,1978,"KR","",,1,10,222,1,19,5,6,0.2,0,0,12.3333,42.6,,,,
4225552,1980,7578,1978,"KR","",,1,2,264,5,51,6,7,0.6667,0.5714,0.625,18.2857,15.5,,,,
4231430,1980,7613,1978,"KR","",,1,1,169,6,69,6,1,0.1667,0,0,4,43.6667,,,,
4235334,1980,7634,1979,"KR","",,1,8,206,6,68,4,25,1,0.1504,0.375,11.72,6.25,,,,
4238242,1980,7648,1979,"KR","",,1,12,523,1,15,3,4,0.3333,0.5,0,13.75,19.6667,,,,
4244596,1981,7683,1979,"KR","",,1,5,280,5,55,2,17,0.5,0.2076,0,9.8235,30,,,,
4246397,1981,7690,1979,"KR","",22715,2,8,528,1,15,1,1,1,0,0,10,3,1,1,1,1
4248462,1981,7704,1979,"KR","",59345,2,5,292,6,69,6,6,1,0.6111,0.2778,8.3333,9.8333,0,0,0,0
4249234,1981,7704,1978,"KR","",,1,2,362,4,42,3,10,0.3333,0,0,15,23,,,,
4259102,1981,7760,1979,"KR","",22715,2,8,71,1,11,3,0,1,,0.6667,,12,1,0.3333,,
4262898,1981,7781,1979,"KR","",,1,1,482,5,59,4,16,0.25,0.1172,0,6.625,30.75,,,,
4266306,1981,7802,1979,"KR","",,1,7,4,6,65,7,13,0.1429,0.4852,0,13.2308,37.2857,,,,
4277584,1981,7858,1980,"KR","",551405,3,2,525,1,15,7,2,1,0.5,0.7755,2.5,7.5714,0,0,0,0
4277866,1981,7865,1980,"KR","",,1,2,24,6,63,10,3,0.1,0,0,10.6667,43,,,,
4282201,1981,7886,1979,"KR","",22715,2,5,424,3,31,12,2,1,0.5,0.7917,6,2.4167,1,1,0,0
4287737,1981,7921,1979,"KR","",,1,7,70,6,65,4,6,0.75,0,0,8,10.5,,,,
4290280,1981,7935,1979,"KR","",,1,2,70,6,65,5,11,0.6,0,0,14.4545,14.8,,,,
4291873,1981,7942,1979,"KR","",,1,12,482,5,59,7,5,0.5714,0.56,0,6.6,17.8571,,,,
4292431,1981,7942,1980,"KR","",319990,3,24,548,1,14,3,3,0.6667,0.6667,0,6,9.3333,0,0,0,0
4294634,1981,7956,1980,"KR","",,1,7,156,1,19,10,11,0.8,0.6446,0.75,8.5455,17.4,,,,
4302187,1981,7998,1980,"KR","",,1,10,433,3,39,9,2,0.4444,0,0,4,27.1111,,,,
4305410,1981,8019,1980,"KR","",,1,5,131,6,61,2,0,0.5,,0,,24,,,,
4312258,1982,8061,1979,"KR","",263915,3,2,84,6,69,3,5,1,0.56,0.6667,4.4,9,0,0,0,0
4312925,1982,8061,1979,"KR","",,1,1,428,6,69,5,0,0.4,,0.5,,21.8,,,,
4313606,1982,8068,1980,"KR","",,1,7,273,6,62,6,0,0.1667,,0,,53.8333,,,,
4317955,1982,8096,1979,"KR","",,1,3,174,4,41,2,0,0.5,,0,,45.5,,,,
4322582,1982,8124,1979,"KR","",324835,7,1,379,2,21,2,0,0,,,,25.5,0,0,,
4323562,1982,8131,1980,"KR","",,1,1,424,3,31,0,1,,0,,5,,,,,
4334682,1982,8201,1979,"KR","",,1,6,273,6,62,5,3,0.4,0,0,13.3333,36,,,,
4337475,1982,8215,1979,"KR","",227850,3,1,257,4,46,5,0,1,,0.48,,10.8,0,0,,
4341036,1982,8243,1980,"KR","",,1,5,446,6,62,2,2,0,0,,7.5,37,,,,
4345337,1982,8264,1980,"KR","",,1,2,2,6,63,1,8,1,0.5938,0,8.625,8,,,,
4351451,1982,8306,1979,"KR","",239510,3,2,220,6,68,3,8,0.6667,0.7188,0,10.625,27.6667,0,0,0,0
4352191,1982,8306,1980,"KR","",,1,17,375,2,21,6,6,1,0.2778,0.6111,6.5,7,,,,
4357697,1982,8341,1980,"KR","",,1,10,369,2,24,3,1,0.3333,0,0,7,33.3333,,,,
4360574,1982,8362,1981,"KR","",319990,3,5,429,4,45,8,4,1,0,0,5.5,3.25,0,0,0,0
4369043,1983,8418,1982,"KR","",319995,3,2,44,1,19,3,2,0.3333,0.5,0,5.5,41.3333,0,0,0,0
4369955,1983,8425,1980,"KR","",,1,5,266,5,52,3,2,0.6667,0.5,0.5,14,26,,,,
4370068,1983,8425,1980,"KR","",,1,12,368,6,69,3,4,1,0,0,12.25,8.3333,,,,
4371278,1983,8432,1981,"KR","",,1,7,401,1,12,4,3,0.75,0.6667,0.4444,11,23.75,,,,
4372443,1983,8439,1981,"KR","",,1,1,206,6,68,6,4,0.3333,0,0,8.75,23.8333,,,,
4378230,1983,8488,1977,"KR","",,1,7,44,1,19,3,10,0,0.72,,16.2,44.6667,,,,
4379391,1983,8502,1981,"KR","",,1,4,62,6,69,4,14,0.5,0,0,14.4286,21.25,,,,
4383643,1983,8537,1981,"KR","",,1,5,237,6,66,5,1,0.6,0,0.6667,4,31,,,,
4385625,1983,8551,1981,"KR","",,1,2,126,6,66,11,2,1,0,0.5455,4,1.8182,,,,
4392756,1983,8593,1980,"KR","",227815,3,3,400,5,59,2,2,1,0,0,10,11,0,0,0.5,0.5
4392819,1983,8593,1981,"KR","",,1,1,431,6,66,4,1,0.25,0,0,8,40.25,,,,
4393849,1983,8600,1981,"KR","",,1,11,123,5,53,3,1,0.3333,0,0,4,16.3333,,,,
4394233,1983,8600,1981,"KR","",319950,3,5,204,1,19,2,0,0.5,,0,,19,0,0,,
4394312,1983,8600,1982,"KR","",319950,3,4,540,1,14,1,0,1,,0,,11,0,0,,
4396842,1983,8614,1981,"KR","",,1,40,290,4,45,6,1,0.6667,0,0.375,11,32.1667,,,,
4398502,1983,8628,1981,"KR","",,1,8,122,6,66,5,4,0.2,0,0,9,32.8,,,,
4399567,1983,8635,1981,"KR","",,1,1,2,6,63,2,6,0,0,,10.8333,53,,,,
4403540,1983,8656,1982,"KR","",580575,3,3,99,6,61,5,2,0.4,0,0,16,42.4,0,0,0,0
4403967,1983,8656,1981,"KR","",,1,1,434,6,69,4,0,1,,0,,12.75,,,,
4406243,1983,8670,1980,"KR","",,5,1,114,5,55,7,2,1,0,0.5714,7.5,8.8571,,,,
4406622,1983,8670,1982,"KR","",,1,12,433,3,39,10,5,0.5,0,0,9,26.4,,,,
4407090,1983,8677,1981,"KR","",,1,1,446,6,62,9,1,0.4444,0,0,6,29.8889,,,,
4414971,1983,8719,1981,"KR","",,1,5,602,3,32,2,5,0,0.64,,9.6,33,,,,
4417889,1983,8733,1981,"KR","",,1,4,604,3,32,5,6,1,0.6111,0.32,10.1667,3.8,,,,
4418706,1983,8740,1981,"KR","",414730,3,15,131,6,61,4,3,1,0,0,8,7.5,0,0,0,0
4419274,1983,8740,1981,"KR","",445640,3,18,502,1,19,2,0,1,,0,,8,0,0,,
4424651,1984,8775,1982,"KR","",,1,2,52,6,69,6,1,0.3333,0,0,9,24.5,,,,
