3618516,1971,4330,1969,"GT","",5875,3,,101,6,69,,3,,0,,17.6667,,,,0.3333,0.3333
3749185,1973,4960,1972,"GT","",,1,,175,6,64,,2,,0.5,,13,,,,,
3755206,1973,4988,1971,"GT","",110775,2,,510,1,19,,9,,0.1975,,9.8889,,,,0.375,0.3333
3762688,1973,5023,1971,"GT","",128020,2,,254,5,59,,11,,0.6446,,14.0909,,,,0,0
3767821,1973,5044,1971,"GT","",726215,2,,426,6,61,,4,,0.625,,16.25,,,,0,0
3776276,1973,5086,1971,"GT","",,1,,137,6,69,,18,,0.5679,,15.2222,,,,,
3777160,1973,5086,1972,"GT","",512710,3,,250,4,44,,12,,0.5139,,18.25,,,,0,0
3781910,1973,5107,1972,"GT","",115815,3,,250,4,44,,7,,0.449,,12.5714,,,,0,0
3802962,1974,5212,1972,"GT","",113470,7,,376,4,44,,2,,0,,8,,,,0.5,0.5
3803507,1974,5212,1971,"GT","",530510,3,,330,4,41,,0,,,,,,,,,
3841001,1974,5401,1972,"GT","",,1,,434,6,69,,3,,0.4444,,19.3333,,,,,
3846407,1974,5422,1971,"GT","",102370,3,,540,1,14,,1,,0,,4,,,,0,0
3914734,1975,5772,1973,"GT","",,1,7,340,2,21,4,2,1,0.5,0.5,19.5,4.5,,,,
3964368,1976,6017,1974,"GT","",,1,6,89,5,59,2,3,0.5,0.6667,0,21,21,,,,
4009465,1977,6262,1974,"GT","",,1,11,340,2,21,4,1,1,0,0,17,5.5,,,,
