5227382,1993,12247,1991,"EG","",693472,3,14,514,3,31,0,1,,0,,5,,,,0,0
5329257,1994,12611,1993,"EG","",280070,2,10,331,4,41,12,0,1,,0.625,,13.75,0.3636,0.3333,,
5335289,1994,12632,1992,"EG","",280070,2,11,382,2,22,5,5,1,0.56,0,3.4,8.8,0.2,0.2,0,0
5338660,1994,12646,1991,"EG","",343020,2,12,435,3,33,2,0,1,,0.5,,10,0,0,,
5339358,1994,12646,1992,"EG","",682908,2,4,379,2,21,5,12,1,0.8194,0.56,3.5833,5.8,0.3333,0.2,0,0
5392338,1995,12835,1992,"EG","",682908,2,2,379,2,21,11,9,1,0.7407,0.1653,3.6667,11,0,0,0,0
5464037,1995,13094,1992,"EG","",715768,3,23,137,6,69,16,4,0.375,0.375,0.2778,3.75,45.25,0,0,0,0
5466846,1995,13101,1994,"EG","",701322,2,10,556,1,14,6,1,1,0,0.7222,3,6.8333,0,0,0,0
5492880,1996,13199,1994,"EG","",599850,2,14,502,1,19,12,0,1,,0.625,,19.25,0,0,,
5534713,1996,13339,1994,"EG","",280070,2,11,257,4,46,6,4,1,0.5,0,3,4.8333,0.1667,0.1667,0.5,0.5
