3647852,1972,4449,1969,"EG","",219110,2,,558,1,14,,0,,,,,,,,,
3647853,1972,4449,1969,"EG","",219110,2,,558,1,14,,0,,,,,,,,,
3690626,1972,4638,1970,"EG","",321130,3,,432,6,66,,5,,0.56,,8.8,,,,0,0
3747261,1973,4953,1972,"EG","",,1,,446,6,62,,19,,0.6704,,15,,,,,
3767674,1973,5044,1971,"EG","",41980,3,,549,1,14,,5,,0.56,,1.2,,,,0,0
3782958,1974,5114,1972,"EG","",597180,6,,501,1,19,,2,,0.5,,10.5,,,,0,0
3839560,1974,5387,1972,"EG","",,1,,424,3,31,,0,,,,,,,,,
3894541,1975,5674,1974,"EG","",,1,1,604,3,32,4,23,1,0.552,0.375,10.3043,3,,,,
3929133,1975,5842,1974,"EG","",281715,2,11,604,3,32,6,18,1,0.5741,0.2778,16.1111,2,0,0,0,0
3948920,1976,5940,1974,"EG","",14910,3,3,546,1,14,2,4,0.5,0,0,17.75,20,0,0,0,0
