3618593,1971,4330,1968,"BG","",276500,3,,600,3,32,,9,,0,,15.5556,,,,0,0
3621104,1971,4337,1970,"BG","",150450,3,,373,6,66,,3,,0.4444,,12.3333,,,,0,0
3626072,1971,4358,1970,"BG","",394970,3,,373,6,66,,5,,0.72,,9.6,,,,0,0
3644724,1972,4435,1970,"BG","",639785,3,,708,2,22,,4,,0,,11,,,,0,0
3647672,1972,4449,1968,"BG","",394975,2,,204,1,19,,7,,0.6122,,11.7143,,,,0,0
3650313,1972,4463,1969,"BG","",275470,3,,164,5,52,,6,,0.2778,,8.1667,,,,0.5,0.5
3658540,1972,4498,1967,"BG","",276490,3,,430,1,19,,7,,0,,10.8571,,,,0,0
3674991,1972,4568,1971,"BG","",155885,3,,377,4,49,,7,,0.2449,,5,,,,0,0
3680255,1972,4596,1970,"BG","",150445,3,,47,6,61,,4,,0,,8.75,,,,0,0
3691358,1972,4638,1970,"BG","",639785,3,,708,2,22,,3,,0,,5.6667,,,,0,0
3693698,1972,4652,1969,"BG","",275470,3,,164,5,52,,3,,0.6667,,18.3333,,,,0.3333,0.3333
3693745,1972,4652,1970,"BG","",,5,,180,5,55,,1,,0,,5,,,,,
3704759,1972,4722,1970,"BG","",155890,3,,180,5,55,,7,,0.2449,,14.4286,,,,0,0
3710967,1973,4764,1969,"BG","",155890,3,,414,5,51,,2,,0,,9.5,,,,0,0
3720291,1973,4820,1970,"BG","",,1,,187,5,55,,1,,0,,18,,,,,
3722274,1973,4834,1971,"BG","",10985,3,,73,4,43,,2,,0,,19,,,,0,0
3726726,1973,4848,1971,"BG","",592515,3,,438,4,46,,1,,0,,3,,,,0,0
3745764,1973,4946,1970,"BG","",79420,3,,57,6,63,,2,,0,,4,,,,0,0
3748920,1973,4960,1971,"BG","",155905,3,,74,5,59,,2,,0,,12,,,,0,0
3755113,1973,4988,1971,"BG","",401515,3,,205,1,19,,1,,0,,4,,,,0,0
3755783,1973,4988,1971,"BG","",276500,3,,600,3,32,,6,,0,,14.8333,,,,0,0
3762568,1973,5023,1971,"BG","",155965,3,,211,6,65,,3,,0.4444,,16.6667,,,,0,0
3762998,1973,5023,1970,"BG","",,1,,435,3,33,,2,,0.5,,12,,,,,
3765186,1973,5037,1972,"BG","",199605,3,,62,6,69,,1,,0,,18,,,,0,0
3767373,1973,5044,1971,"BG","",404230,3,,65,5,51,,1,,0,,4,,,,0,0
3769439,1973,5051,1970,"BG","",155895,3,,426,6,61,,5,,0.32,,9,,,,0.25,0.2
3775716,1973,5079,1972,"BG","",,5,,335,4,41,,1,,0,,20,,,,,
3780548,1973,5107,1972,"BG","",225510,3,,70,6,65,,8,,0.2188,,10.375,,,,0,0
3781554,1973,5107,1971,"BG","",401495,3,,209,5,51,,8,,0.2188,,9,,,,0,0
3788790,1974,5142,1972,"BG","",401505,3,,425,5,51,,1,,0,,16,,,,0,0
3799850,1974,5198,1971,"BG","",401515,3,,205,1,19,,4,,0.375,,10.25,,,,0,0
3814010,1974,5268,1972,"BG","",155915,3,,101,6,69,,1,,0,,7,,,,0,0
3814127,1974,5268,1972,"BG","",275470,3,,137,6,69,,1,,0,,24,,,,0,0
3820547,1974,5292,1973,"BG","",155880,3,,460,6,61,,0,,,,,,,,,
3829344,1974,5338,1973,"BG","",155960,3,,156,1,19,,3,,0.4444,,4,,,,0,0
3832514,1974,5352,1972,"BG","",155915,3,,219,4,49,,12,,0.6667,,13.5833,,,,0,0
3835230,1974,5366,1973,"BG","",402105,3,,373,6,66,,14,,0.2551,,5.6429,,,,0,0
3846491,1974,5422,1972,"BG","",365285,3,,564,1,14,,2,,0,,13,,,,0,0
3850625,1974,5443,1973,"BG","",275470,3,,420,5,52,,0,,,,,,,,,
3854913,1974,5464,1972,"BG","",439975,3,,62,6,69,,4,,0,,19,,,,0,0
3854914,1974,5464,1972,"BG","",439975,3,,62,6,69,,7,,0.2449,,18.5714,,,,0,0
3855869,1974,5471,1972,"BG","",,1,,74,5,59,,2,,0,,23,,,,,
3858327,1975,5485,1972,"BG","",394820,3,1,33,6,69,5,1,0.6,0,0.6667,23,19.8,0,0,0,0
3880170,1975,5597,1972,"BG","",586050,3,1,607,3,32,3,3,0.6667,0,0,11.6667,14.3333,0,0,0,0
3880221,1975,5597,1972,"BG","",275470,3,5,164,5,52,3,2,1,0,0.4444,6.5,2.6667,0.3333,0.3333,0,0
3884291,1975,5618,1969,"BG","",275470,3,3,164,5,52,2,1,0,0,,18,35.5,0,0,0,0
3887022,1975,5632,1973,"BG","",155900,3,3,177,6,69,3,3,0.6667,0,0.5,11,23.6667,0,0,0,0
3887424,1975,5632,1974,"BG","",640940,3,17,156,1,19,9,0,0.7778,,0,,14.2222,0,0,,
3891428,1975,5653,1972,"BG","",318685,3,8,423,1,19,6,6,0.1667,0.2778,0,9.8333,40.5,0,0,0,0
3892571,1975,5660,1973,"BG","",640865,3,20,430,1,19,6,5,1,0.32,0.2778,10.6,4.3333,0,0,0,0
3897494,1975,5688,1973,"BG","",275450,3,1,564,1,14,2,4,1,0.625,0,18.75,9.5,0,0,0,0
3898769,1975,5702,1974,"BG","",640930,3,6,451,5,51,5,7,0.2,0,0,3,42.4,0,0,0.25,0.1429
3899021,1975,5702,1972,"BG","",402095,3,3,164,5,52,6,2,0.3333,0,0,18.5,28.6667,0,0,0,0
3900779,1975,5709,1972,"BG","",402090,3,3,318,4,45,6,2,1,0,0,18.5,6.5,0,0,0,0
3901108,1975,5716,1974,"BG","",155965,3,8,82,5,51,4,1,0.75,0,0.4444,8,6.25,0,0,0,0
3901305,1975,5716,1973,"BG","",275470,3,5,164,5,52,3,4,1,0.375,0.4444,15.25,2.6667,0.3333,0.3333,0,0
3901642,1975,5716,1973,"BG","",155920,3,2,425,5,51,9,3,0.8889,0,0,15.6667,7,0,0,0,0
3905802,1975,5737,1974,"BG","",155925,3,3,423,1,19,3,0,0.3333,,0,,13,0,0,,
3911726,1975,5765,1973,"BG","",613380,3,1,73,4,43,3,7,1,0.449,0,13.4286,7.6667,0,0,0,0
3921023,1975,5800,1973,"BG","",150450,3,3,313,4,42,6,2,0.6667,0.5,0.75,7,14.6667,0,0,0,0
3922516,1975,5807,1973,"BG","",369880,3,3,219,4,49,5,4,0.8,0.75,0.375,4.25,10.8,0,0,0,0
3924096,1975,5814,1974,"BG","",155910,3,6,219,4,49,6,0,0.6667,,0.375,,8.8333,0,0,,
3925696,1975,5821,1973,"BG","",155910,3,3,310,4,45,11,0,0.9091,,0.18,,8.0909,0,0,,
3926495,1975,5828,1974,"BG","",155910,3,3,439,4,41,6,0,0.5,,0,,23,0,0,,
3927543,1975,5835,1974,"BG","",225510,3,5,70,6,65,5,0,0.4,,0,,28.4,0,0,,
3928957,1975,5842,1974,"BG","",155960,3,6,57,6,63,4,4,1,0,0,7.75,3.25,0,0,0,0
3933496,1976,5863,1973,"BG","",640865,3,6,430,1,19,4,3,1,0,0.375,4.3333,4,0,0,0.3333,0.3333
3939691,1976,5898,1973,"BG","",155900,3,13,73,4,43,3,5,0,0,,22.6,54.6667,0,0,0,0
3946333,1976,5926,1974,"BG","",471450,7,5,372,4,42,3,2,1,0.5,0.4444,12.5,3.6667,0,0,0,0
3949905,1976,5947,1974,"BG","",275470,3,1,222,1,19,1,3,1,0.6667,0,11,13,0,0,0,0
3954727,1976,5968,1974,"BG","",155940,3,4,536,1,14,9,2,0.4444,0,0.375,6.5,19,0,0,0,0
3955014,1976,5968,1974,"BG","",640865,3,10,427,1,12,5,10,0.8,0.66,0.75,8.6,11.4,0,0,0,0
3960996,1976,5996,1973,"BG","",275470,3,2,264,5,51,5,15,1,0.4978,0,11.3333,6.2,0,0,0.1,0.0667
3961662,1976,6003,1974,"BG","",275470,3,3,164,5,52,5,8,0.8,0.2188,0,15.625,9.4,0,0,0,0
3962777,1976,6010,1974,"BG","",275630,3,3,483,5,59,5,5,1,0.56,0.32,11.6,5.6,0,0,0,0
3963400,1976,6010,1974,"BG","",155950,3,2,425,5,51,5,5,0.6,0.72,0.6667,6.6,13.8,0,0,0,0
3979269,1976,6094,1975,"BG","",155940,3,4,204,1,19,1,0,1,,0,,2,0,0,,
3979731,1976,6094,1975,"BG","",275540,3,10,701,2,22,5,2,1,0.5,0.56,18.5,7.4,0,0,0,0
3987844,1976,6143,1975,"BG","",155925,3,5,164,5,52,5,1,0.4,0,0,20,28,0,0,0,0
3988440,1976,6143,1974,"BG","",155940,3,1,424,3,31,1,4,1,0.375,0,13.25,3,0,0,0,0
3989260,1976,6150,1974,"BG","",155965,3,3,279,6,69,4,11,0.5,0.6116,0,14.9091,10.75,0,0,0,0
3994410,1976,6178,1975,"BG","",520395,3,3,215,6,68,5,4,0.8,0.5,0.375,10.25,6.2,0,0,0,0
3995138,1976,6178,1974,"BG","",275470,3,1,219,4,49,3,6,1,0,0,11.3333,5.3333,0,0,0,0
3997436,1976,6192,1975,"BG","",612175,3,3,209,5,51,10,4,0.1,0,0,13.75,32.3,0,0,0,0
4000086,1976,6206,1975,"BG","",612175,3,4,516,1,19,2,8,0.5,0.6563,0,14.625,24,0,0,0,0
4005550,1977,6241,1975,"BG","",640945,3,3,451,5,51,7,0,0.1429,,0,,41.5714,0,0,,
4007248,1977,6248,1974,"BG","",155945,3,5,264,5,51,8,2,0.875,0,0.7347,13.5,6.875,0,0,0,0
4008596,1977,6262,1975,"BG","",155935,3,4,72,5,52,3,1,0.6667,0,0.5,20,10,0,0,0,0
4009365,1977,6262,1975,"BG","",275470,3,6,219,4,49,5,6,1,0.6667,0,11.1667,7.8,0,0,0,0
4009830,1977,6269,1976,"BG","",95210,3,8,239,5,59,5,0,0.2,,0,,29.2,0,0,,
4013401,1977,6290,1975,"BG","",155905,3,3,432,6,66,9,2,0.4444,0.5,0.5,11,19.4444,0,0,0,0
4015675,1977,6304,1975,"BG","",155900,3,1,177,6,69,3,0,0,,,,54,0,0,,
4016747,1977,6311,1976,"BG","",613355,3,5,73,4,43,2,4,0,0.625,,9.5,26.5,0,0,0,0
4019245,1977,6325,1975,"BG","",275630,3,1,483,5,59,4,1,0.75,0,0.4444,11,14.25,0,0,0,0
4020545,1977,6332,1974,"BG","",155965,3,8,483,5,59,4,6,1,0,0,7.1667,5.5,0,0,0,0
4024030,1977,6346,1974,"BG","",275505,3,2,430,1,19,1,1,1,0,0,5,6,0,0,0,0
4024035,1977,6346,1975,"BG","",402105,3,2,205,1,19,4,2,0.75,0.5,0.4444,11.5,12.5,0,0,0,0
4030249,1977,6381,1975,"BG","",640930,3,3,451,5,51,7,0,0.2857,,0,,28.4286,0.5,0.1429,,
4031033,1977,6381,1975,"BG","",640870,3,3,252,1,19,6,7,0.8333,0.6939,0.64,8.1429,9.6667,0,0,0,0
4031264,1977,6381,1975,"BG","",155895,3,5,426,6,61,5,5,0.4,0.32,0,10.6,14.4,0,0,0,0
4032356,1977,6388,1975,"BG","",380840,3,3,106,1,12,1,0,1,,0,,2,0,0,,
4035562,1977,6402,1976,"BG","",,1,12,526,1,15,2,1,0.5,0,0,1,12.5,,,,
4039456,1977,6423,1975,"BG","",612175,3,4,210,1,19,10,6,0.3,0.2778,0.4444,12.3333,17.9,0,0,0,0
