4806548,1989,10644,1987,"BG","",583170,3,9,514,3,31,1,4,1,0,0,7,18,0,0,0,0
4814993,1989,10672,1986,"BG","",95110,7,6,701,2,22,4,3,1,0,0.375,7.3333,9,0,0,0,0
4816483,1989,10679,1985,"BG","",583170,3,2,514,3,31,0,2,,0,,8.5,,,,0,0
4822409,1989,10700,1988,"BG","",613365,3,2,75,5,52,7,0,1,,0.6531,,10.1429,0,0,,
4828217,1989,10721,1986,"BG","",286695,3,4,249,6,69,1,1,1,0,0,4,12,0,0,0,0
4831514,1989,10728,1987,"BG","",155915,3,13,710,2,22,5,38,1,0.4723,0.32,5.5,5.4,0,0,0,0
4842789,1989,10770,1988,"BG","",599495,2,5,264,5,51,2,0,1,,0,,11.5,0,0,,
4845336,1989,10777,1987,"BG","",275545,3,12,219,4,49,3,1,1,0,0.6667,8,19.3333,0,0,0,0
4845611,1989,10777,1986,"BG","",155915,3,3,710,2,22,8,24,1,0.4826,0.75,6.0833,6.875,0,0,0,0
4852643,1989,10805,1988,"BG","",318625,3,2,165,6,66,3,0,1,,0,,14.3333,0,0,,
4854067,1989,10812,1988,"BG","",545515,3,4,43,6,61,4,2,1,0.5,0.375,5.5,12.5,0,0,0,0
4855039,1989,10812,1988,"BG","",275525,3,4,209,5,51,5,3,0.4,0,0,5.3333,48,0,0,0,0
4869244,1989,10861,1988,"BG","",,1,15,128,3,32,2,0,0.5,,0,,32,,,,
4872021,1989,10868,1988,"BG","",378460,3,4,343,2,21,4,1,0,0,,6,43.5,0,0,0,0
4884459,1989,10931,1988,"BG","",275535,3,5,73,4,43,4,0,0.75,,0.6667,,25,0,0,,
4888538,1989,10945,1988,"BG","",59000,3,15,318,4,45,12,10,1,0.48,0.75,5.9,5.6667,0,0,0,0
4893793,1990,10973,1988,"BG","",613355,3,8,266,5,52,3,0,1,,0.6667,,8.6667,0,0,,
4895612,1990,10980,1988,"BG","",599495,2,3,156,1,19,5,0,1,,0.64,,3.8,0.6,0.6,,
4900097,1990,11001,1988,"BG","",563900,3,4,301,5,55,4,4,0.5,0,0,4.75,38.5,0,0,0,0
4902369,1990,11008,1988,"BG","",599495,2,4,156,1,19,3,5,1,0.56,0.6667,3.2,7.3333,0,0,0,0
4908829,1990,11029,1988,"BG","",549860,3,4,372,4,42,8,2,1,0,0.5625,7.5,3,0,0,0,0
4909144,1990,11036,1988,"BG","",576990,3,2,101,6,69,2,1,1,0,0,6,9,0,0,0,0
4915885,1990,11057,1988,"BG","",599495,2,5,264,5,51,7,0,1,,0.6939,,7.8571,0,0,,
4918525,1990,11064,1989,"BG","",80335,3,4,348,4,49,2,2,1,0.5,0,5,14,0,0,0,0
4923877,1990,11085,1988,"BG","",437975,3,6,514,3,31,0,2,,0,,7,,,,0,0
4925746,1990,11092,1988,"BG","",639800,3,11,429,4,45,3,5,1,0,0.4444,6.2,9.3333,0,0,0,0
4926626,1990,11099,1988,"BG","",404760,3,3,57,6,63,7,0,0.4286,,0,,26.8571,0,0,,
4932793,1990,11120,1989,"BG","",613370,3,3,384,5,59,4,2,1,0.5,0,5,14.75,0,0,0,0
4933454,1990,11120,1989,"BG","",563905,3,11,544,1,14,2,0,1,,0,,6,0,0,,
4934576,1990,11127,1986,"BG","",640345,3,6,226,5,51,2,1,1,0,0,7,7,0,0,0,0
4936520,1990,11134,1988,"BG","",275525,3,5,241,5,51,1,2,1,0,0,8.5,8,0,0,0,0
4938693,1990,11141,1988,"BG","",94680,3,1,433,3,39,6,7,0.8333,0,0.32,4,9.1667,0,0,0,0
4944869,1990,11169,1988,"BG","",394645,3,6,209,5,51,4,1,0.75,0,0.4444,5,14.5,0,0,0,0
4953402,1990,11204,1989,"BG","",576975,3,6,73,4,43,3,1,1,0,0,4,17.6667,0,0,0,0
4957529,1990,11218,1989,"BG","",458490,3,1,65,5,51,3,0,1,,0.6667,,12.6667,0,0,,
4959396,1990,11225,1990,"BG","",95060,3,8,521,1,15,6,2,1,0.5,0.5,5.5,10.1667,0,0,0,0
4966624,1990,11260,1989,"BG","",275550,3,2,75,5,52,2,1,0.5,0,0,5,40.5,0,0,0,0
4970684,1990,11274,1988,"BG","",613370,3,13,365,2,24,4,0,1,,0.375,,13.75,0,0,,
4975801,1990,11295,1989,"BG","",80335,3,3,361,4,45,3,0,1,,0.6667,,6.6667,0,0,,
4979501,1990,11316,1989,"BG","",612360,3,9,601,3,32,3,10,1,0.48,0.4444,4.2,3.3333,0,0,0,0
4980237,1990,11316,1989,"BG","",599495,2,2,428,6,69,3,0,1,,0.4444,,7.3333,0.6667,0.6667,,
4980615,1990,11316,1989,"BG","",,1,7,315,4,42,3,0,1,,0,,14.6667,,,,
4980766,1990,11316,1989,"BG","",80335,7,1,348,4,49,6,1,1,0,0,2,11.6667,0,0,0,0
4990023,1991,11358,1987,"BG","",276505,3,4,403,6,67,3,0,0.6667,,0,,27,0,0,,
4990513,1991,11358,1987,"BG","",532215,3,4,514,3,31,0,0,,,,,,,,,
4991561,1991,11365,1990,"BG","",404240,3,2,123,5,53,7,7,1,0.4898,0.2449,5.1429,6.8571,0,0,0,0
4995732,1991,11379,1990,"BG","",404235,3,3,374,4,43,3,0,1,,0.6667,,16.3333,0,0,,
4997468,1991,11386,1990,"BG","",458490,3,2,65,5,51,11,2,1,0.5,0.4463,4,13.4545,0,0,0,0
4999118,1991,11393,1988,"BG","",80330,3,2,210,1,19,3,1,1,0,0.6667,6,18.3333,0,0,0,0
5017177,1991,11463,1989,"BG","",615200,3,4,460,6,61,5,2,0.4,0,0,5.5,30,1,0.2,0,0
5027286,1991,11498,1989,"BG","",275210,3,4,700,2,22,5,0,1,,0.72,,8.6,0,0,,
5029415,1991,11512,1990,"BG","",576380,3,6,451,5,51,4,0,1,,0.625,,8.5,0,0,,
5038128,1991,11540,1989,"BG","",457760,3,4,335,4,41,2,3,1,0.4444,0,7.3333,9,0,0,0,0
5083755,1992,11715,1990,"BG","",220516,3,2,267,5,59,4,0,1,,0.75,,10.25,0,0,,
5095108,1992,11757,1990,"BG","",563892,3,1,540,1,14,3,0,1,,0.4444,,6.3333,0,0,,
5134282,1992,11897,1991,"BG","",123370,2,5,250,4,44,12,5,1,0,0.625,3.4,7.1667,0,0,0,0
5143609,1992,11932,1990,"BG","",80330,3,10,210,1,19,3,1,0.3333,0,0,4,61,0,0,0,0
5158764,1992,11988,1991,"BG","",139550,3,6,424,3,31,11,0,0.5455,,0.6111,,36.4545,0,0,,
