4425594,1984,8775,1981,"BG","",413285,3,1,360,2,24,6,4,1,0,0,7.25,4.8333,0,0,0,0
4429820,1984,8803,1982,"BG","",275545,3,3,226,5,51,2,0,1,,0,,3,0,0,,
4429821,1984,8803,1982,"BG","",155915,3,4,226,5,51,9,2,0.8889,0,0.2188,7.5,9.5556,0,0,0,0
4434030,1984,8824,1982,"BG","",275520,3,1,205,1,19,3,2,1,0,0,14.5,7.3333,0,0,0,0
4439286,1984,8852,1982,"BG","",163275,3,1,205,1,19,1,0,1,,0,,5,0,0,,
4450675,1984,8915,1982,"BG","",275485,3,6,57,6,63,3,7,0.6667,0,0,5.5714,28.3333,0,0,0,0
4451269,1984,8915,1983,"BG","",95065,3,6,51,5,59,3,4,0.3333,0.375,0,4.75,30,0,0,0,0
4451294,1984,8915,1982,"BG","",316715,3,5,106,1,12,1,2,0,0.5,,14,46,0,0,0,0
4452827,1984,8922,1983,"BG","",275645,3,1,427,1,12,1,17,1,0.4706,0,10.3529,4,0,0,0,0
4453678,1984,8929,1982,"BG","",275485,3,5,242,5,51,10,2,0.5,0,0.32,4.5,38,0,0,0,0
4458008,1984,8950,1982,"BG","",640865,3,14,430,1,19,2,1,1,0,0.5,14,7.5,0,0,0,0
4462878,1984,8978,1982,"BG","",286555,3,6,205,1,19,1,3,1,0.4444,0,12,19,0,0,0,0
4463441,1984,8978,1981,"BG","",613370,3,1,711,2,24,6,5,1,0,0.6111,6.4,7.6667,0,0,0,0
4471640,1984,9027,1982,"BG","",275470,3,4,72,5,52,3,1,0.6667,0,0,15,26.6667,0,0,0,0
4475315,1984,9048,1983,"BG","",95065,3,5,451,5,51,5,0,1,,0,,5.4,0,0,,
4476565,1984,9048,1982,"BG","",275470,3,3,373,6,66,5,3,1,0,0,5.6667,5.8,0,0,0.3333,0.3333
4480453,1984,9076,1983,"BG","",410485,3,5,72,5,52,2,0,1,,0.5,,10,0,0,,
4481482,1984,9076,1981,"BG","",639205,3,7,330,4,41,1,1,1,0,0,12,17,0,0,0,0
4483087,1984,9090,1982,"BG","",225505,3,3,40,6,69,5,0,0.6,,0.6667,,23.4,0,0,,
4484730,1984,9097,1982,"BG","",286555,3,8,266,5,52,3,4,0.6667,0.5,0.5,7,14.3333,0,0,0,0
4485451,1984,9097,1982,"BG","",413285,3,9,702,2,22,7,3,1,0.6667,0.7755,7.3333,5.7143,0,0,0,0
4490335,1984,9125,1982,"BG","",611750,3,5,422,1,19,8,10,0.25,0.54,0.5,8.6,34.75,0,0,0,0
4494078,1985,9146,1981,"BG","",613370,7,18,330,4,41,1,3,1,0,0,13.3333,18,0,0,0,0
4494871,1985,9153,1981,"BG","",394920,3,4,356,4,43,2,2,1,0.5,0.5,11,9.5,0,0,0,0
4495757,1985,9160,1983,"BG","",410495,3,14,57,6,63,4,8,0.75,0,0,4.875,26.75,0,0,0,0
4497382,1985,9167,1983,"BG","",318725,7,1,175,6,64,3,7,0.3333,0,0,10.2857,22,0,0,0,0
4499093,1985,9174,1983,"BG","",155985,3,2,514,3,31,0,3,,0.4444,,5.3333,,,,0,0
4499173,1985,9174,1983,"BG","",640865,3,18,430,1,19,6,2,1,0.5,0.2778,6.5,8.3333,0,0,0,0
4499717,1985,9181,1982,"BG","",410495,3,40,57,6,63,11,0,0.9091,,0.18,,11.5455,0,0,,
4503498,1985,9195,1982,"BG","",55910,3,1,710,2,22,1,4,1,0.625,0,7,2,0,0,0,0
4505432,1985,9209,1982,"BG","",612170,3,5,241,5,51,2,2,0.5,0,0,15,22.5,0,0,0,0
4513902,1985,9251,1983,"BG","",410420,3,3,228,5,52,8,2,0.625,0,0.64,13,31.375,0,0,0,0
4523708,1985,9300,1983,"BG","",275470,3,5,228,5,52,6,2,0.3333,0.5,0,5.5,38.5,0,0,0,0
4525787,1985,9314,1982,"BG","",95070,3,6,700,2,22,2,3,1,0.4444,0.5,4.3333,7.5,0,0,0,0
4532431,1985,9342,1982,"BG","",131355,3,8,290,4,45,23,6,0.5217,0.6111,0.6111,6.6667,23.7391,0,0,0,0
4532940,1985,9349,1983,"BG","",615200,3,7,460,6,61,5,5,0.4,0.48,0,8.2,48.8,0,0,1,0.2
4545252,1985,9412,1983,"BG","",275470,3,4,73,4,43,5,1,1,0,0,13,11.6,0,0,0,0
4549370,1985,9433,1983,"BG","",95065,3,1,451,5,51,5,1,0.6,0,0,12,16,0,0,0,0
4550763,1985,9440,1981,"BG","",275470,3,7,164,5,52,6,3,0.8333,0,0.32,6.6667,14.6667,0.4,0.3333,0,0
4551252,1985,9440,1982,"BG","",163275,3,5,210,1,19,4,3,0.5,0.6667,0.5,3.3333,21.5,0,0,0,0
4555995,1985,9468,1984,"BG","",546720,3,3,110,6,66,6,0,0.1667,,0,,39.8333,0,0,,
4558408,1985,9475,1983,"BG","",413285,3,1,700,2,22,2,0,1,,0.5,,7,0,0,,
4558579,1985,9482,1983,"BG","",410485,3,12,72,5,52,4,3,1,0.6667,0,10.6667,9.75,0,0,0,0
4570864,1986,9545,1983,"BG","",286555,3,5,241,5,51,3,0,0.6667,,0,,24.6667,0,0,,
4571325,1986,9545,1984,"BG","",546715,3,6,422,1,19,9,3,0.6667,0.6667,0.8333,8.3333,15.4444,0,0,0,0
4573841,1986,9559,1983,"BG","",410485,3,8,409,5,51,8,5,0.875,0.72,0.6531,10.4,13.25,0,0,0,0
4574108,1986,9559,1985,"BG","",599495,2,4,442,1,11,10,7,1,0.7347,0.34,5.5714,12.9,0,0,0,0
4575470,1986,9566,1983,"BG","",599495,2,5,428,6,69,4,7,1,0.6122,0.375,5.5714,12.25,0,0,0.2857,0.2857
4579660,1986,9587,1984,"BG","",163275,3,2,210,1,19,3,1,1,0,0.4444,8,4.6667,0,0,0,0
4583673,1986,9608,1984,"BG","",275470,3,4,228,5,52,4,0,0.75,,0,,16,0.6667,0.5,,
4585531,1986,9615,1985,"BG","",275500,3,7,205,1,19,2,0,1,,0,,9.5,0,0,,
4591981,1986,9643,1983,"BG","",613365,3,2,712,2,22,5,22,1,0.562,0.72,9.0455,6,0,0,0,0
4594372,1986,9657,1984,"BG","",612155,3,3,523,1,15,3,19,0.6667,0.7535,0.5,10.7368,19,0,0,0,0
4601129,1986,9699,1984,"BG","",639200,3,8,47,6,61,1,1,0,0,,7,116,0,0,0,0
4603251,1986,9706,1983,"BG","",275535,3,1,250,4,44,4,0,0.5,,0.5,,17.25,0,0,,
4605148,1986,9720,1984,"BG","",274660,3,6,226,5,51,5,0,1,,0,,6.2,0,0,,
4608867,1986,9741,1985,"BG","",266045,3,1,73,4,43,3,0,0.3333,,0,,30,0,0,,
4609108,1986,9741,1984,"BG","",275535,3,2,209,5,51,4,5,1,0.72,0,7,9.75,0,0,0,0
4610264,1986,9748,1985,"BG","",275460,3,6,137,6,69,8,0,0.875,,0.2449,,16.125,0.25,0.125,,
4616808,1986,9783,1985,"BG","",275470,3,2,266,5,52,2,1,1,0,0.5,1,10,0,0,0,0
4617970,1986,9790,1985,"BG","",275455,3,4,137,6,69,7,0,0.8571,,0.5,,19.8571,0,0,,
4619129,1986,9797,1983,"BG","",410485,3,4,72,5,52,2,5,1,0,0.5,10.4,8,0,0,0,0
4625387,1986,9832,1984,"BG","",275640,3,10,483,5,59,3,2,1,0,0,5.5,7.3333,0,0,0,0
4628427,1986,9839,1985,"BG","",640935,3,4,363,4,45,3,3,1,0.6667,0,7.3333,11.6667,0,0,0,0
4635271,1987,9867,1985,"BG","",275510,3,1,372,4,42,0,0,,,,,,,,,
4635460,1987,9874,1985,"BG","",275470,3,9,72,5,52,9,0,0.4444,,0,,27.5556,0,0,,
4638607,1987,9888,1985,"BG","",286695,3,4,52,6,69,3,2,1,0.5,0,7.5,5.6667,0,0,0,0
4641791,1987,9902,1985,"BG","",410490,3,3,241,5,51,1,1,0,0,,8,35,0,0,0,0
4648952,1987,9930,1985,"BG","",613370,3,2,204,1,19,4,5,1,0.32,0.375,5.6,3.25,0,0,0,0
4655955,1987,9958,1986,"BG","",,1,4,510,1,19,4,2,1,0.5,0.625,9,5.25,,,,
4658167,1987,9965,1985,"BG","",155910,3,2,310,4,45,1,20,1,0.405,0,8.55,2,0,0,0,0
4660326,1987,9979,1986,"BG","",410485,3,2,451,5,51,1,1,0,0,,4,30,0,0,0,0
4663693,1987,9986,1986,"BG","",612155,3,2,361,4,45,3,0,1,,0.6667,,10,0,0,,
4664204,1987,9993,1985,"BG","",612175,3,4,175,6,64,5,1,1,0,0.32,10,13.4,0,0,0,0
4666918,1987,10000,1985,"BG","",583170,3,6,514,3,31,0,1,,0,,6,,,,0,0
4667698,1987,10007,1985,"BG","",613370,3,2,137,6,69,4,1,0.75,0,0,9,19.5,0,0,0,0
4669087,1987,10007,1983,"BG","",275470,3,2,373,6,66,2,1,1,0,0,9,3.5,1,0.5,0,0
4671342,1987,10021,1985,"BG","",275470,3,7,164,5,52,8,5,0.875,0,0.449,5.8,18.75,0,0,0,0
4672854,1987,10028,1985,"BG","",613370,3,4,73,4,43,3,1,1,0,0,6,5.6667,0,0,0,0
4672859,1987,10028,1986,"BG","",410470,3,3,74,5,59,1,0,1,,0,,1,0,0,,
4678615,1987,10049,1986,"BG","",156010,3,4,261,1,19,7,0,1,,0.449,,13,0,0,,
4678853,1987,10049,1986,"BG","",583170,3,4,546,1,14,3,2,1,0,0.4444,5.5,12.6667,0,0,0,0
4680833,1987,10063,1986,"BG","",410415,3,2,19,1,11,4,2,0.75,0.5,0,3.5,13.5,0,0,0,0
4689948,1987,10105,1986,"BG","",410415,3,3,57,6,63,4,2,1,0,0,6,3,0,0,0,0
4691090,1987,10105,1980,"BG","",410405,3,4,219,4,49,4,3,1,0,0.625,15,11,0,0,0,0
4693950,1987,10119,1985,"BG","",640870,3,4,429,4,45,1,1,1,0,0,11,3,0,0,0,0
4695754,1987,10126,1985,"BG","",155910,3,1,310,4,45,5,4,0.4,0.625,0.5,6.75,56.2,0,0,0,0
4697552,1987,10140,1985,"BG","",394930,3,5,123,5,53,6,3,0.5,0,0,7.6667,34.5,0,0,0,0
4698462,1987,10140,1986,"BG","",49090,3,6,191,4,49,6,0,0.1667,,0,,48.6667,0,0,,
4703493,1987,10161,1986,"BG","",410455,3,5,373,6,66,2,0,1,,0,,1.5,0,0,,
4703509,1987,10161,1985,"BG","",639195,3,2,381,4,49,7,1,0.7143,0,0.32,5,16.7143,0,0,0,0
4704468,1987,10168,1986,"BG","",583170,3,3,560,1,14,5,2,1,0.5,0.48,5.5,9.2,0,0,0,0
4707907,1987,10189,1986,"BG","",276505,3,1,29,5,52,0,2,,0,,10.5,,,,0,0
4710196,1987,10196,1985,"BG","",615180,3,2,623,3,39,6,0,1,,0,,2.3333,0,0,,
4711956,1987,10203,1985,"BG","",583170,3,22,540,1,14,6,0,1,,0.5,,5,0,0,,
4715919,1987,10224,1985,"BG","",599495,2,9,156,1,19,17,8,0.8824,0.6563,0.56,4.625,11.4706,0.0909,0.0588,0.25,0.25
4721260,1988,10252,1986,"BG","",401490,3,9,241,5,51,10,2,0.4,0.5,0,11,34.1,0,0,0,0
4726418,1988,10280,1986,"BG","",318625,3,1,165,6,66,7,0,0.7143,,0.32,,18.1429,0,0,,
4727714,1988,10287,1986,"BG","",410475,3,1,56,6,61,5,2,1,0,0.48,5.5,6.2,0,0,0,0
4740990,1988,10343,1986,"BG","",410455,3,2,373,6,66,3,1,1,0,0.4444,4,4.6667,0,0,0,0
4743734,1988,10357,1985,"BG","",410405,3,2,219,4,49,7,12,1,0.1528,0,8,10.7143,0,0,0,0
4744266,1988,10364,1987,"BG","",275545,3,6,74,5,59,4,1,1,0,0.625,10,5,0,0,0,0
4750187,1988,10385,1985,"BG","",410455,3,4,373,6,66,6,0,1,,0.6667,,12,0,0,,
4753120,1988,10406,1986,"BG","",410465,3,3,74,5,59,7,0,0.4286,,0.6667,,46.1429,0,0,,
4754177,1988,10406,1986,"BG","",410410,3,4,327,4,41,3,1,1,0,0.4444,10,9.6667,0,0,0,0
4755431,1988,10413,1987,"BG","",599495,2,1,428,6,69,3,3,1,0.4444,0.4444,3.3333,4.3333,0,0,0.6667,0.6667
4757618,1988,10427,1986,"BG","",318625,3,3,34,1,19,5,0,0.4,,0,,38.2,0,0,,
4763247,1988,10448,1985,"BG","",613355,3,4,709,2,22,6,10,1,0.68,0.2778,8.3,3.8333,0,0,0,0
4765233,1988,10462,1987,"BG","",520435,3,2,99,6,61,6,5,1,0.48,0.2778,3.6,6,0,0,0,0
4776436,1988,10511,1987,"BG","",220520,3,5,188,5,53,3,3,1,0.4444,0.6667,2,15.3333,0,0,0,0
4777817,1988,10518,1987,"BG","",155910,3,3,72,5,52,1,0,1,,0,,1,0,0,,
4778975,1988,10518,1987,"BG","",615195,3,2,219,4,49,10,0,1,,0.72,,12.5,0,0,,
4781039,1988,10532,1987,"BG","",275480,3,3,66,6,63,10,2,1,0.5,0.34,7,12.9,0,0,0,0
4782493,1988,10532,1987,"BG","",275495,3,3,372,4,42,2,1,1,0,0,3,7,0,0,0,0
4783790,1988,10539,1987,"BG","",410455,3,7,373,6,66,1,1,1,0,0,4,14,0,0,0,0
4784514,1988,10546,1987,"BG","",534975,3,6,403,6,67,2,6,0,0.5,,6.3333,41.5,0,0,0,0
4787231,1988,10560,1987,"BG","",640950,3,4,72,5,52,4,0,0.75,,0,,17.5,0,0,,
4792730,1988,10581,1985,"BG","",613355,3,1,315,4,42,1,6,1,0.7222,0,10.5,6,0,0,0,0
4793844,1988,10588,1987,"BG","",220510,3,4,65,5,51,4,2,1,0,0.375,7,15.5,0,0,0,0
