5184807,1993,12093,1991,"BG","",689470,3,2,254,5,59,3,0,0.6667,,0,,25.3333,0,0,,
5189922,1993,12114,1990,"BG","",,1,4,74,5,59,6,1,0.6667,0,0.5,4,25.3333,,,,
5220160,1993,12219,1991,"BG","",123370,2,8,250,4,44,11,2,1,0,0.6446,6,6.6364,0,0,0,0
5225673,1993,12240,1992,"BG","",693285,3,3,250,4,44,2,1,1,0,0,3,11,0,0,0,0
5254457,1993,12345,1989,"BG","",597315,6,5,435,3,33,2,1,1,0,0.5,1,1.5,0,0,0,0
5332634,1994,12625,1992,"BG","",703289,3,10,429,4,45,5,0,1,,0.32,,13.2,0,0,,
5353708,1994,12702,1991,"BG","",,1,5,102,1,19,4,0,0.5,,0.5,,19.75,,,,
5355982,1994,12709,1993,"BG","",,1,11,192,5,53,5,0,0.8,,0,,10.4,,,,
5376348,1994,12779,1994,"BG","",703289,3,2,423,1,19,10,2,0.5,0.5,0.32,1,30,0,0,0,0
5401596,1995,12870,1992,"BG","",,1,16,429,4,45,26,2,1,0,0.426,4.5,12.0385,,,,
5529688,1996,13325,1994,"BG","",721692,3,3,210,1,19,3,1,1,0,0,2,9.3333,0,0,0,0
