4045184,1977,6451,1976,"BG","",324910,3,1,422,1,19,6,2,0.5,0.5,0.4444,10.5,14.5,0,0,0,0
4045528,1977,6451,1975,"BG","",155950,3,1,264,5,51,3,7,1,0.6122,0.4444,9.4286,13,0,0,0,0
4048025,1977,6465,1976,"BG","",613355,3,1,205,1,19,0,0,,,,,,,,,
4048333,1977,6465,1975,"BG","",365285,3,1,514,3,31,0,7,,0,,18.4286,,,,0,0
4048339,1977,6465,1975,"BG","",155930,3,1,426,6,61,0,1,,0,,21,,,,0,0
4049041,1977,6472,1975,"BG","",275470,3,3,164,5,52,3,2,0.6667,0,0,21.5,39,0,0,0,0
4049172,1977,6472,1976,"BG","",275560,3,4,226,5,51,2,7,0.5,0,0,4.7143,32,0,0,0,0
4050503,1977,6479,1976,"BG","",275470,3,3,164,5,52,9,5,0.6667,0.32,0,4.2,18,0.5,0.1111,0,0
4056725,1977,6514,1975,"BG","",275645,3,10,250,4,44,3,4,1,0.375,0.4444,15.75,5.3333,0,0,0,0
4057806,1977,6521,1976,"BG","",129500,3,6,346,4,49,2,0,1,,0.5,,6,0,0,,
4060481,1977,6542,1976,"BG","",612175,3,1,209,5,51,3,6,0,0.2778,,9.8333,32,0,0,0,0
4062219,1977,6556,1976,"BG","",613355,3,4,72,5,52,5,4,0.8,0.75,0.375,11.5,8,0,0,0,0
4062444,1977,6556,1976,"BG","",275465,3,2,198,5,59,9,17,0.3333,0.1107,0.4444,11.8235,29.7778,0,0,0,0
4063892,1977,6563,1976,"BG","",394915,3,3,436,1,19,3,5,1,0.48,0.6667,11.8,4,0,0,0,0
4065393,1977,6570,1976,"BG","",102245,3,1,210,1,19,12,0,0.4167,,0.56,,45.25,0,0,,
4070275,1978,6598,1976,"BG","",612175,3,1,209,5,51,3,3,0,0.4444,,13.3333,33,0,0,0,0
4070422,1978,6598,1976,"BG","",155940,3,3,558,1,14,3,1,0.3333,0,0,16,22.6667,0,0,0,0
4075016,1978,6626,1976,"BG","",640865,3,37,430,1,19,6,0,1,,0,,4,0.1667,0.1667,,
4076521,1978,6633,1975,"BG","",318685,3,5,75,5,52,3,0,0.6667,,0,,12,0,0,,
4076546,1978,6633,1976,"BG","",95205,3,2,106,1,12,1,4,0,0.375,,4.75,29,0,0,0.25,0.25
4077357,1978,6640,1976,"BG","",155905,3,1,118,1,12,10,1,0.7,0,0.7755,3,12.3,0,0,1,1
4078040,1978,6640,1976,"BG","",402105,3,2,75,5,52,3,10,0,0.18,,17.5,53,0,0,0,0
4085880,1978,6689,1976,"BG","",275560,3,8,226,5,51,2,6,0.5,0,0,10.1667,33,0,0,0,0
4088716,1978,6703,1976,"BG","",612175,3,6,261,1,19,4,8,0,0.7188,,11,25.5,0,0,0,0
4089627,1978,6710,1975,"BG","",155890,3,3,425,5,51,3,1,1,0,0.4444,8,12.6667,0,0,0,0
4090837,1978,6717,1977,"BG","",275470,3,5,425,5,51,8,21,0.625,0.4444,0,13.4286,18.625,0,0,0,0
4090937,1978,6717,1976,"BG","",612175,3,4,204,1,19,11,11,0.8182,0.4298,0.1975,9.9091,14.1818,0,0,0,0
4092385,1978,6724,1975,"BG","",275470,3,6,264,5,51,8,22,0.5,0.3802,0,15.7273,13.5,0,0,0,0
4092910,1978,6731,1975,"BG","",155895,3,4,99,6,61,2,9,1,0.4938,0.5,14.6667,10,1,0.5,0,0
4094269,1978,6738,1975,"BG","",640865,3,5,118,1,12,14,5,0.6429,0.56,0.5679,14.8,17.5714,0,0,0,0
4097660,1978,6752,1977,"BG","",10925,3,5,526,1,15,3,0,0.6667,,0.5,,9.3333,0,0,,
4097927,1978,6752,1976,"BG","",102245,3,2,366,1,19,4,1,1,0,0,2,6.75,0,0,0,0
4097984,1978,6759,1976,"BG","",275635,3,2,29,5,52,2,8,1,0.5313,0.5,11.25,9,0,0,0,0
4098445,1978,6759,1976,"BG","",275560,3,3,226,5,51,3,3,0.6667,0,0.5,9.6667,9.3333,0,0,0.3333,0.3333
4101186,1978,6773,1977,"BG","",155905,3,4,439,4,41,4,2,0.75,0.5,0.4444,9,10.5,0,0,0,0
4105527,1978,6794,1976,"BG","",402105,3,1,204,1,19,3,1,1,0,0.6667,6,5,0,0,0,0
4109874,1978,6815,1976,"BG","",612175,3,2,241,5,51,11,2,0.2727,0,0,13,33.0909,0,0,0,0
4110547,1978,6815,1976,"BG","",155905,3,3,373,6,66,2,3,1,0,0.5,6.3333,6,0,0,0,0
4111548,1978,6822,1977,"BG","",148785,2,5,355,5,54,6,5,0.5,0.32,0,14.4,17.8333,0,0,0,0
4116683,1978,6843,1977,"BG","",275470,3,4,420,5,52,3,1,0.6667,0,0,1,12.3333,0,0,0,0
4117654,1978,6850,1977,"BG","",275485,3,8,57,6,63,8,7,0.625,0,0.32,6,18.125,0,0,0,0
4119829,1978,6857,1977,"BG","",275560,3,3,219,4,49,2,2,0.5,0,0,8,17,0,0,0,0
4121451,1978,6871,1977,"BG","",275245,3,4,73,4,43,4,1,0.5,0,0,14,17.25,0,0,0,0
4123280,1978,6878,1975,"BG","",640865,3,35,430,1,19,4,2,0.75,0.5,0.6667,19,11,0,0,0,0
4124583,1978,6885,1976,"BG","",155940,3,5,540,1,14,0,3,,0.4444,,5.6667,,,,0,0
4130703,1978,6927,1978,"BG","",10925,3,4,526,1,15,2,2,0.5,0,0,9.5,13.5,0,0,0,0
4130969,1978,6934,1976,"BG","",155940,3,4,52,6,69,5,5,0.6,0.32,0,7.2,22.2,0,0,0,0
4134773,1979,6955,1977,"BG","",95205,3,7,106,1,12,6,2,0.6667,0,0,1,26.3333,0,0,1,1
4138801,1979,6983,1976,"BG","",225520,3,3,47,6,61,0,0,,,,,,,,,
4143530,1979,7011,1977,"BG","",406200,3,4,70,6,65,11,4,0.2727,0.625,0,6.75,32.9091,0,0,0,0
4153100,1979,7067,1978,"BG","",276485,3,2,164,5,52,1,8,0,0.2188,,15.875,46,0,0,0,0
4156019,1979,7081,1977,"BG","",155930,3,10,426,6,61,1,4,1,0.5,0,3.25,4,0,0,0,0
4160647,1979,7130,1976,"BG","",102245,3,3,422,1,19,5,1,0.4,0,0.5,8,27.6,0,0,0,0
4162170,1979,7144,1978,"BG","",612155,3,5,106,1,12,2,5,0.5,0.56,0,8,23.5,0,0,0,0
4162409,1979,7144,1977,"BG","",131355,3,8,290,4,45,2,0,0,,,,31,0,0,,
4167124,1979,7193,1977,"BG","",155990,3,6,474,5,53,9,2,0.5556,0,0.48,7,29.6667,0,0,0,0
4168547,1979,7207,1977,"BG","",364730,3,2,623,3,39,5,6,1,0.2778,0,6.6667,3.8,0,0,0,0
4169266,1979,7207,1977,"BG","",410460,3,4,343,2,21,4,0,0.5,,0,,28.5,0,0,,
4171345,1979,7228,1977,"BG","",612155,3,3,423,1,19,6,6,1,0.7778,0.2778,10.5,6.8333,0,0,0,0
4177912,1979,7284,1977,"BG","",131355,3,16,226,5,51,3,4,1,0.375,0.4444,11.25,8.3333,0,0,0,0
4179460,1979,7291,1978,"BG","",155985,3,4,558,1,14,0,5,,0.64,,11,,,,0,0
4184363,1980,7326,1978,"BG","",534095,3,4,73,4,43,4,0,1,,0,,11.25,0,0,,
4184965,1980,7326,1976,"BG","",612175,3,1,210,1,19,2,3,0,0,,12,28,0,0,0,0
4192999,1980,7375,1978,"BG","",155895,3,3,250,4,44,1,0,1,,0,,7,0,0,,
4193920,1980,7382,1978,"BG","",155985,3,2,540,1,14,2,5,1,0.32,0,9,3,0,0,0,0
4196059,1980,7396,1975,"BG","",365325,3,5,205,1,19,10,3,0.3,0.4444,0.4444,12.6667,34.3,0,0,0,0
4198433,1980,7410,1977,"BG","",162110,3,3,514,3,31,1,0,1,,0,,5,0,0,,
4199113,1980,7417,1978,"BG","",155905,3,7,241,5,51,5,4,0.4,0,0,10.75,23.4,0,0,0,0
4200452,1980,7424,1978,"BG","",155905,3,3,75,5,52,4,17,1,0.2907,0,9.0588,9.25,0,0,0,0
4201340,1980,7431,1978,"BG","",275460,3,2,239,5,59,3,0,0.3333,,0,,18.6667,0,0,,
4205771,1980,7459,1978,"BG","",274890,3,8,226,5,51,3,5,0.6667,0.32,0.5,13,11.3333,0,0,0,0
4205998,1980,7459,1978,"BG","",95205,3,3,106,1,12,5,1,1,0,0.32,3,4,0.25,0.2,0,0
4208041,1980,7473,1977,"BG","",,1,3,266,5,52,7,2,0,0,,11,58.5714,,,,
4212681,1980,7501,1978,"BG","",95205,3,3,106,1,12,11,1,0.7273,0,0,4,19,0.3333,0.1818,0,0
4212947,1980,7501,1978,"BG","",155975,3,6,435,3,33,3,1,0.6667,0,0,4,18.3333,0,0,0,0
4216064,1980,7522,1979,"BG","",318730,3,1,205,1,19,6,2,0.8333,0.5,0.32,12,8.5,0,0,0,0
4226207,1980,7585,1978,"BG","",155905,3,11,118,1,12,11,1,0.6364,0,0.7347,13,16.5455,0,0,0,0
4226697,1980,7585,1978,"BG","",78855,3,1,204,1,19,5,5,1,0.32,0.32,12,5.4,0,0,0,0
4227033,1980,7585,1979,"BG","",275470,3,2,373,6,66,2,1,0,0,,7,34,0,0,0,0
4228153,1980,7592,1978,"BG","",155985,3,2,514,3,31,4,2,1,0.5,0.375,10,4.5,0,0,0,0
4231416,1980,7613,1979,"BG","",410445,3,4,164,5,52,4,4,0,0,,12.5,46.5,0,0,0,0
4234623,1980,7627,1978,"BG","",640870,3,9,427,1,12,6,11,0.8333,0.4463,0.72,13.1818,12.1667,0,0,0,0
4239605,1980,7655,1979,"BG","",163275,3,2,205,1,19,1,0,1,,0,,11,0,0,,
4240903,1980,7662,1978,"BG","",612175,3,6,209,5,51,7,3,0.1429,0.4444,0,9.6667,53.4286,0,0,0,0
4243520,1981,7676,1978,"BG","",316710,3,2,209,5,51,9,1,0.4444,0,0.375,13,26.2222,0,0,0,0
4246023,1981,7690,1979,"BG","",155905,3,14,75,5,52,3,1,0.6667,0,0.5,5,16.3333,0,0,0,0
4248760,1981,7704,1979,"BG","",95205,3,4,524,1,15,5,0,0.6,,0.4444,,22.4,0,0,,
4253868,1981,7732,1979,"BG","",275470,3,8,266,5,52,9,0,0.5556,,0.32,,20.2222,0,0,,
4254913,1981,7739,1979,"BG","",275460,3,4,239,5,59,5,1,0.8,0,0.375,6,13.4,0,0,1,1
4259919,1981,7767,1979,"BG","",155905,3,4,118,1,12,4,0,1,,0.625,,4.75,0.25,0.25,,
4261499,1981,7774,1978,"BG","",131355,3,10,226,5,51,4,1,1,0,0,15,5.75,0,0,0,0
4261500,1981,7774,1979,"BG","",275560,3,12,226,5,51,4,1,1,0,0,3,6.25,0.3333,0.25,0,0
4261951,1981,7774,1979,"BG","",155805,3,7,422,1,19,13,24,0.9231,0.4653,0.4028,11.5833,7.5385,0,0,0,0
4264405,1981,7788,1980,"BG","",275550,3,4,156,1,19,7,2,1,0.5,0.5714,6,5.4286,0,0,0,0
4267046,1981,7802,1976,"BG","",,1,6,210,1,19,4,7,0,0.449,,13.4286,43.75,,,,
4270697,1981,7823,1979,"BG","",275460,3,3,239,5,59,2,3,0,0,,8.3333,46.5,0,0,0.5,0.3333
4272023,1981,7837,1979,"BG","",275460,3,4,239,5,59,3,2,0.3333,0.5,0,9.5,21.3333,0,0,0,0
4272034,1981,7837,1979,"BG","",517940,3,7,242,5,51,11,3,1,0.6667,0,12,11.2727,0,0,0,0
4272198,1981,7837,1979,"BG","",613355,3,5,366,1,19,4,44,0.5,0.5671,0,15.0455,29.75,0,0,0,0
4278641,1981,7865,1980,"BG","",275490,3,6,423,1,19,4,6,1,0.6111,0,8.5,11,0,0,0,0
4278838,1981,7865,1979,"BG","",163280,3,4,704,2,22,2,24,1,0.4236,0,8.5833,6,0,0,0,0
4279708,1981,7872,1980,"BG","",275555,3,5,205,1,19,5,0,1,,0,,3.8,0,0,,
4279742,1981,7872,1978,"BG","",275520,3,10,209,5,51,8,4,0.75,0,0.5,13.5,13.5,0,0,0,0
4283628,1981,7893,1979,"BG","",155980,3,7,378,4,44,1,5,1,0.72,0,8,4,0,0,0,0
4290862,1981,7935,1979,"BG","",163275,3,2,205,1,19,2,0,1,,0,,3,0,0,,
4290971,1981,7935,1980,"BG","",155985,3,2,558,1,14,2,2,1,0,0.5,2,3.5,0,0,0,0
4291580,1981,7942,1978,"BG","",640920,3,1,73,4,43,7,0,0.4286,,0.6667,,28.1429,0,0,,
4305138,1981,8012,1979,"BG","",613355,3,1,365,2,24,1,2,1,0.5,0,13.5,8,0,0,0,0
4305537,1981,8019,1980,"BG","",275530,3,4,226,5,51,3,2,1,0,0.4444,7,13,0,0,0,0
4306852,1981,8026,1980,"BG","",402100,3,7,425,5,51,2,9,1,0.4938,0.5,4.5556,11,0,0,0,0
4307263,1981,8026,1978,"BG","",275470,3,3,373,6,66,3,0,1,,0,,7.6667,0,0,,
4310254,1982,8047,1980,"BG","",131355,3,15,400,5,59,12,8,0.75,0.4063,0.5679,6.125,20.4167,0,0,0,0
4315726,1982,8082,1980,"BG","",275470,3,1,425,5,51,13,4,1,0.375,0.5444,12.75,9.9231,0.125,0.0769,0,0
4316280,1982,8082,1980,"BG","",80340,3,4,369,2,24,2,2,1,0,0,4,7.5,0,0,0,0
4317883,1982,8096,1980,"BG","",275475,3,2,435,3,33,6,0,1,,0,,4.5,0,0,,
4321863,1982,8124,1980,"BG","",155895,3,4,99,6,61,3,4,0.3333,0.375,0,12.25,22,0,0,0,0
4329185,1982,8166,1981,"BG","",155985,3,2,134,6,69,3,3,0.3333,0.6667,0,7,25.3333,0,0,0,0
4331279,1982,8180,1980,"BG","",275470,3,4,228,5,52,3,2,1,0,0.6667,3,7,0,0,0.5,0.5
4337078,1982,8215,1980,"BG","",410480,3,1,71,1,11,0,3,,0,,14.3333,,,,0,0
4343175,1982,8257,1981,"BG","",613360,3,4,72,5,52,4,0,0.5,,0,,18.25,0,0,,
4345434,1982,8271,1979,"BG","",275645,3,5,60,4,45,6,1,0.8333,0,0.72,4,13.5,0,0,0,0
4346466,1982,8271,1980,"BG","",80340,3,1,369,2,24,2,1,1,0,0,4,5.5,0,0,0,0
4348481,1982,8285,1980,"BG","",275475,3,3,435,3,33,11,0,1,,0,,6.3636,0,0,,
4362926,1982,8376,1979,"BG","",613370,3,1,377,4,49,2,3,1,0.4444,0,9,12,0,0,0,0
4369919,1983,8425,1980,"BG","",410405,3,3,239,5,59,3,8,1,0.75,0,10,8.3333,0,0,0,0
4370473,1983,8425,1980,"BG","",611750,3,2,536,1,14,3,0,0.3333,,0,,26.3333,0,0,,
4370539,1983,8425,1980,"BG","",410405,3,3,219,4,49,2,7,1,0.7347,0.5,9.8571,9.5,0,0,0,0
4371432,1983,8432,1981,"BG","",600640,3,5,205,1,19,1,3,1,0,0,10,11,0,0,0,0
4375270,1983,8460,1981,"BG","",275470,3,6,228,5,52,3,3,0.6667,0.4444,0.5,9.3333,23.3333,0,0,0.3333,0.3333
4379714,1983,8502,1981,"BG","",612175,3,3,65,5,51,5,2,0.8,0,0.75,8,12.6,0,0,0,0
4383139,1983,8530,1981,"BG","",80340,3,4,381,4,49,2,3,1,0.4444,0,9.3333,11.5,0,0,0,0
4393916,1983,8600,1981,"BG","",275470,3,3,164,5,52,4,0,1,,0,,3.25,0,0,,
4405084,1983,8663,1980,"BG","",275460,3,4,239,5,59,2,3,1,0,0.5,14,6.5,0.5,0.5,0,0
4405695,1983,8663,1981,"BG","",118580,3,12,429,4,45,5,2,1,0.5,0,8.5,5.6,0,0,0,0
4406552,1983,8670,1981,"BG","",131355,3,6,400,5,59,8,3,1,0,0.2188,4.6667,9.25,0,0,0,0
4406624,1983,8670,1981,"BG","",155985,3,2,433,3,39,8,1,0.375,0,0.4444,11,46.125,0,0,0,0
4407715,1983,8677,1981,"BG","",275515,3,16,209,5,51,8,1,0.125,0,0,6,49.875,0,0,0,0
4415553,1983,8719,1980,"BG","",155985,3,14,424,3,31,0,9,,0.6173,,8,,,,0,0
4416353,1983,8726,1981,"BG","",613370,3,5,188,5,53,2,11,0.5,0.562,0,4.4545,27.5,0,0,0,0
4416862,1983,8726,1982,"BG","",561225,3,6,423,1,19,3,0,1,,0,,4.3333,0,0,,
4417127,1983,8726,1981,"BG","",275535,3,12,219,4,49,7,16,1,0.3203,0.6939,5.3125,10,0,0,0,0
4420964,1983,8754,1981,"BG","",613370,3,7,72,5,52,8,0,0.5,,0,,27.875,0,0,,
4422065,1983,8754,1980,"BG","",394825,3,2,341,2,22,1,11,1,0.7603,0,9.6364,7,0,0,0,0
