4043982,1977,6444,1975,"IE","",341100,3,9,526,1,15,2,14,1,0.7857,0.5,14.7857,8.5,0,0,0,0
4050369,1977,6479,1972,"IE","",227610,3,7,99,6,61,2,5,0,0.32,,18.6,27,0,0,0,0
4055229,1977,6507,1976,"IE","",,1,2,180,5,55,2,2,0.5,0,0,9.5,38.5,,,,
4056604,1977,6514,1973,"IE","",,1,12,423,1,19,9,5,0.8889,0.56,0,9.6,12.4444,,,,
4058082,1977,6528,1976,"IE","",40525,3,3,118,1,12,8,3,0.625,0.4444,0.72,11,23.875,0,0,0,0
4058198,1977,6528,1976,"IE","",449860,3,3,198,5,59,12,11,0.1667,0.6281,0.5,10.0909,25.25,1,0.0833,0.4,0.1818
4058317,1977,6528,1976,"IE","",,1,13,273,6,62,6,1,0.3333,0,0,6,32.3333,,,,
4062929,1977,6556,1975,"IE","",199470,3,11,423,1,19,3,4,1,0.625,0,9.75,12,0,0,0,0
4063982,1977,6563,1976,"IE","",,1,1,156,1,19,5,5,0.4,0.64,0.5,12.6,26.8,,,,
4067957,1978,6584,1976,"IE","",199470,3,8,423,1,19,7,1,0.8571,0,0,20,10.1429,0,0,0,0
4080806,1978,6661,1977,"IE","",275145,3,13,66,6,63,9,3,0.8889,0,0,5,6.2222,0,0,0,0
4084535,1978,6682,1977,"IE","",275145,3,2,114,5,55,6,8,0.6667,0.5625,0.5,9.375,15.6667,0,0,0,0
4084853,1978,6682,1976,"IE","",,5,8,298,5,55,3,4,0.6667,0.375,0.5,11,14.6667,,,,
4087556,1978,6696,1976,"IE","",100600,3,12,426,6,61,2,4,1,0.625,0.5,15,8.5,0,0,0,0
4089298,1978,6710,1976,"IE","",584395,3,2,119,6,61,4,8,0.5,0,0,13.25,26.25,0,0,0,0
4089936,1978,6710,1976,"IE","",229325,3,1,423,1,19,8,2,0.75,0,0,10.5,16.625,0,0,0,0
4091820,1978,6724,1976,"IE","",,1,10,460,6,61,8,0,0.625,,0,,26.375,,,,
4093136,1978,6731,1976,"IE","",289620,3,8,242,5,51,5,0,0.6,,0,,20.4,0,0,,
4094237,1978,6738,1975,"IE","",,1,5,99,6,61,7,1,0.7143,0,0.32,3,12.5714,,,,
4094555,1978,6738,1977,"IE","",432010,3,35,303,5,53,7,11,1,0.6942,0,7.5455,4.5714,0,0,0,0
4095639,1978,6745,1976,"IE","",,1,6,160,6,69,6,8,0.6667,0.4063,0.625,7.375,12.3333,,,,
4097943,1978,6759,1976,"IE","",296210,2,10,5,6,65,7,21,1,0.8027,0.5714,16.2857,6,0,0,0,0
4100141,1978,6766,1976,"IE","",341100,3,17,526,1,15,2,23,1,0.6427,0.5,18.1739,8.5,0,0,0.0476,0.0435
4100931,1978,6773,1976,"IE","",,5,5,137,6,69,5,2,0.6,0.5,0.4444,19.5,15.2,,,,
4102945,1978,6780,1977,"IE","",341100,3,4,525,1,15,6,11,0.8333,0.843,0.64,11.9091,7.5,0,0,0,0
4105715,1978,6794,1977,"IE","",341100,3,5,525,1,15,6,12,0.8333,0.8472,0.64,11.5833,7.5,0,0,0,0
4110658,1978,6815,1976,"IE","",,1,14,313,4,42,1,0,0,,,,42,,,,
4126918,1978,6906,1977,"IE","",167315,2,18,24,6,63,5,6,0,0.5,,13,42,0,0,0,0
4130170,1978,6927,1977,"IE","",54225,3,9,175,6,64,9,2,0.3333,0.5,0,6.5,36.5556,0,0,0,0
4130930,1978,6934,1977,"IE","",,1,11,29,5,52,4,0,0.5,,0.5,,14.5,,,,
4133535,1979,6948,1976,"IE","",,1,7,473,6,62,5,13,0.8,0,0,15.5385,15.8,,,,
4137711,1979,6976,1977,"IE","",511185,3,16,60,4,45,4,1,1,0,0,18,6.5,0,0,0,0
4142506,1979,7004,1977,"IE","",,1,5,126,6,66,4,2,0,0,,1,51.75,,,,
4143412,1979,7004,1977,"IE","",,1,31,362,4,42,7,7,0.2857,0.2449,0,7.4286,30.4286,,,,
4143479,1979,7011,1976,"IE","",,1,5,43,6,61,3,1,0.6667,0,0.5,14,21.6667,,,,
4145877,1979,7025,1977,"IE","",511185,3,13,60,4,45,3,12,0.6667,0.5,0,10.75,12.3333,0,0,0,0
4158558,1979,7109,1978,"IE","",434305,2,21,71,1,11,8,4,0.875,0.5,0.2449,12.5,14.375,0,0,0,0
4161827,1979,7144,1977,"IE","",426690,3,6,36,6,63,3,2,1,0,0,11,10,0,0,0,0
4168546,1979,7207,1977,"IE","",,1,4,2,6,63,2,1,0,0,,6,60.5,,,,
4180640,1979,7298,1977,"IE","",341095,2,60,526,1,15,1,8,1,0.6875,0,4.875,9,0,0,0.1429,0.125
4181437,1980,7305,1977,"IE","",,1,3,356,4,43,2,2,1,0.5,0.5,10.5,11,,,,
4185180,1980,7326,1978,"IE","",275145,3,16,200,4,41,9,5,0.7778,0.32,0.5714,8,12.6667,0,0,0,0
4185196,1980,7326,1978,"IE","",218550,2,21,250,4,44,4,3,0.75,0,0,5.3333,10.5,0,0,0,0
4185197,1980,7326,1978,"IE","",218550,2,12,250,4,44,3,2,1,0,0,5.5,6.3333,0,0,0,0
4188869,1980,7354,1978,"IE","",604175,3,5,99,6,61,10,3,0.5,0.4444,0.32,7,14.9,0,0,0,0
4188919,1980,7354,1976,"IE","",329605,3,17,123,5,53,6,4,0.5,0.375,0,9.25,21.6667,0,0,0,0
4192084,1980,7375,1975,"IE","",,1,2,434,6,69,6,2,0.6667,0,0.375,17,21.5,,,,
4196029,1980,7396,1978,"IE","",428105,3,5,156,1,19,5,4,1,0.625,0.64,8,10.4,0,0,0,0
4196679,1980,7403,1977,"IE","",,1,3,111,6,61,5,10,0,0.5,,11.4,63.6,,,,
4211120,1980,7494,1978,"IE","",538575,2,99,73,4,43,5,8,0.8,0.7188,0.75,10.875,6.4,0.5,0.4,0,0
4213171,1980,7501,1977,"IE","",,1,50,362,4,42,14,4,0.2143,0,0,8.75,36.3571,,,,
4220862,1980,7550,1978,"IE","",218550,2,10,250,4,44,1,2,1,0,0,4,3,0,0,0,0
4228639,1980,7599,1979,"IE","",289620,3,16,57,6,63,5,3,1,0,0,10,9.2,0,0,0,0
4229980,1980,7606,1978,"IE","",,1,4,74,5,59,4,0,0.5,,0,,26,,,,
4234179,1980,7627,1979,"IE","",,1,12,493,5,51,4,6,0.75,0.5,0.4444,11.5,16.25,,,,
4237580,1980,7648,1979,"IE","",,1,6,452,6,61,6,2,0.3333,0,0,6.5,36.3333,,,,
4238060,1980,7648,1978,"IE","",62175,3,10,223,6,63,2,2,1,0.5,0,9,7,0,0,0,0
4243578,1981,7676,1980,"IE","",341095,2,1,523,1,15,4,15,1,0.8444,0.5,6.5333,10.75,0.3333,0.25,0,0
4250648,1981,7718,1979,"IE","",,1,10,43,6,61,6,15,0.6667,0,0,6.8,13.6667,,,,
4251002,1981,7718,1979,"IE","",,1,7,215,6,68,4,4,1,0.375,0,11.75,7.25,,,,
4252104,1981,7725,1979,"IE","",,5,6,126,6,66,1,1,0,0,,14,114,,,,
4254579,1981,7739,1978,"IE","",,1,10,47,6,61,9,1,0.3333,0,0.4444,18,41.1111,,,,
4257405,1981,7753,1979,"IE","",,1,2,128,3,32,3,3,1,0,0,6,10,,,,
4263586,1981,7781,1978,"IE","",,1,6,200,4,41,7,12,0.5714,0.75,0.375,9.8333,19.2857,,,,
4274238,1981,7844,1978,"IE","",533270,3,8,52,6,69,4,12,1,0.1528,0.625,9.1667,7.5,0,0,0,0
4279938,1981,7872,1979,"IE","",38505,3,7,426,6,61,1,5,0,0.32,,11.8,40,0,0,0,0
4285535,1981,7907,1979,"IE","",,1,7,292,6,69,11,7,0.5455,0,0.2778,11.2857,36,,,,
4285675,1981,7907,1980,"IE","",,1,21,474,5,53,5,0,0.4,,0,,18.8,,,,
4291870,1981,7942,1979,"IE","",,1,10,269,6,69,3,8,0,0.5625,,8.625,43.6667,,,,
4299001,1981,7984,1979,"IE","",275145,3,21,470,5,59,1,4,0,0,,5.5,19,0,0,0,0
4299298,1981,7984,1980,"IE","",69490,3,6,175,6,64,11,6,0.3636,0,0,8,29.9091,0,0,0,0
4301411,1981,7991,1980,"IE","",457350,3,7,324,4,43,2,4,1,0.75,0,10,13,0,0,0,0
4303010,1981,8005,1980,"IE","",389745,3,13,100,5,59,4,2,1,0,0.625,14.5,8,0,0,0,0
4307724,1981,8033,1980,"IE","",,1,2,606,3,32,6,0,0.3333,,0,,32.3333,,,,
4315556,1982,8082,1980,"IE","",,1,8,180,5,55,3,1,1,0,0.4444,13,13,,,,
4315617,1982,8082,1978,"IE","",,1,4,254,5,59,5,0,0.6,,0,,16.4,,,,
4316512,1982,8089,1979,"IE","",538575,2,77,173,5,51,3,11,1,0.7934,0.4444,11.5455,4.3333,0.3333,0.3333,0,0
4321343,1982,8117,1980,"IE","",633980,2,16,525,1,15,17,0,0.9412,,0.8359,,8.2941,0,0,,
4321781,1982,8124,1980,"IE","",258970,3,7,53,6,68,7,2,0.8571,0,0.6111,11,11.5714,0,0,0,0
4327285,1982,8152,1979,"IE","",,1,22,250,4,44,2,16,1,0.5781,0.5,7.75,7.5,,,,
4327543,1982,8159,1980,"IE","",35525,3,28,56,6,61,4,2,0.75,0,0,15.5,19.75,0,0,0,0
4330729,1982,8173,1980,"IE","",218550,2,14,310,4,45,8,3,0.875,0.6667,0.6939,5.3333,13.625,0,0,0,0
4333960,1982,8194,1980,"IE","",113025,3,14,426,6,61,8,3,0.25,0,0,7.6667,22.125,0,0,0,0
4335648,1982,8208,1980,"IE","",,1,11,454,5,59,9,2,0.1111,0,0,4.5,54.8889,,,,
4335719,1982,8208,1981,"IE","",,1,10,604,3,32,4,5,0,0.48,,6,48.5,,,,
4337309,1982,8215,1980,"IE","",438000,3,6,435,3,33,1,4,1,0.375,0,11.25,6,0,0,0,0
4338591,1982,8222,1981,"IE","",28725,2,6,341,2,22,3,16,1,0.1172,0.4444,8.75,8.6667,0,0,0.25,0.25
4339028,1982,8229,1977,"IE","",449895,2,11,198,5,59,3,8,0.3333,0.375,0,12.875,34,0,0,0,0
4344577,1982,8264,1980,"IE","",,1,7,239,5,59,2,1,0.5,0,0,13,12.5,,,,
4345391,1982,8271,1980,"IE","",,1,15,38,6,63,8,2,1,0,0,14,9.25,,,,
4346691,1982,8278,1979,"IE","",,1,8,125,5,51,5,2,0.4,0,0.5,13,37,,,,
4347205,1982,8278,1980,"IE","",618685,3,9,264,5,51,2,8,0.5,0.7813,0,12.25,19,0,0,0,0
4348012,1982,8285,1979,"IE","",380845,3,12,256,6,65,9,3,0,0,,11,90.2222,0,0,0,0
4350552,1982,8299,1980,"IE","",,1,3,156,1,19,3,3,1,0,0.6667,11.3333,7.6667,,,,
4356933,1982,8341,1980,"IE","",,1,7,220,6,68,10,14,0.7,0.7347,0.8571,11.7143,16.5,,,,
4356942,1982,8341,1980,"IE","",,1,6,224,6,68,6,7,0.6667,0,0,8.8571,25.3333,,,,
4358126,1982,8348,1980,"IE","",,1,3,280,5,55,5,18,0.8,0.2778,0.375,7.6667,24,,,,
4365726,1982,8397,1981,"IE","",414260,3,10,220,6,68,6,1,1,0,0.7222,1,12.3333,0,0,0,0
4368637,1983,8418,1980,"IE","",,1,29,73,4,43,3,2,1,0.5,0.4444,13.5,5,,,,
4370912,1983,8432,1981,"IE","",,1,13,84,6,69,3,0,1,,0.4444,,5,,,,
4371342,1983,8432,1981,"IE","",,1,7,433,3,39,1,0,1,,0,,3,,,,
4378476,1983,8488,1980,"IE","",,1,6,200,4,41,16,2,0.5625,0.5,0.6667,10.5,20.75,,,,
4381235,1983,8516,1980,"IE","",449865,3,11,209,5,51,9,0,0.2222,,0,,48.5556,0,0,,
4381434,1983,8516,1980,"IE","",,1,7,200,4,41,16,0,0.5625,,0.6667,,20.75,,,,
4390117,1983,8579,1981,"IE","",,1,9,224,6,68,5,15,0.8,0.7022,0,10.6,9.8,,,,
4392687,1983,8593,1981,"IE","",275145,3,12,298,5,55,6,4,0.5,0.625,0,7,40.5,0,0,0,0
4394685,1983,8600,1980,"IE","",96075,2,23,358,2,21,12,6,1,0.2778,0.7778,6.6667,7.25,0,0,0,0
4399823,1983,8635,1981,"IE","",13675,2,13,600,3,32,8,10,1,0.32,0.6563,9.5,4.875,0.2857,0.25,0,0
4399994,1983,8635,1981,"IE","",,1,13,473,6,62,3,6,0.3333,0.2778,0,12.5,25.6667,,,,
4404691,1983,8663,1981,"IE","",258965,3,25,623,3,39,9,28,0.4444,0.1327,0.375,8.9286,19.4444,0,0,0.037,0.0357
4405235,1983,8663,1981,"IE","",,1,10,356,4,43,4,12,0.5,0.75,0,8.9167,17.5,,,,
4411223,1983,8698,1981,"IE","",,1,12,123,5,53,8,2,1,0,0.2188,7.5,6.875,,,,
4411522,1983,8698,1981,"IE","",592750,3,11,356,4,43,4,3,1,0.4444,0.625,7.6667,6,0,0,0,0
4413665,1983,8712,1980,"IE","",,1,10,160,6,69,8,0,0.125,,0,,51.375,,,,
4414275,1983,8712,1981,"IE","",341100,3,34,428,6,69,7,15,1,0.8533,0.6122,7,5.2857,0,0,0,0
4414920,1983,8719,1981,"IE","",,1,9,119,6,61,1,1,1,0,0,16,3,,,,
