5184240,1993,12086,1991,"IE","",,1,10,359,5,54,1,0,1,,0,,3,,,,
5185537,1993,12093,1992,"IE","",147695,2,10,327,4,41,5,2,1,0.5,0.32,3.5,11.8,0,0,0,0
5186354,1993,12100,1991,"IE","",689620,3,19,220,6,68,2,0,1,,0.5,,12,0,0,,
5187048,1993,12100,1991,"IE","",341100,3,11,430,1,19,8,2,1,0,0.6563,1.5,12.75,0.1429,0.125,0.5,0.5
5188507,1993,12107,1991,"IE","",218550,2,19,415,5,53,20,9,0.95,0.1975,0.4321,4.2222,12.6,0.2353,0.2,0.2222,0.2222
5189419,1993,12107,1991,"IE","",599210,3,7,341,2,22,6,6,1,0.5,0.5,3.1667,4,0,0,0,0
5189912,1993,12114,1992,"IE","",689961,3,20,73,4,43,6,3,1,0,0.2778,3,13,0,0,0,0
5191318,1993,12114,1991,"IE","",538695,2,7,340,2,21,2,2,1,0.5,0,6,5,0.5,0.5,0,0
5196216,1993,12135,1992,"IE","",235205,3,11,426,6,61,9,7,1,0.449,0.6914,2.5714,7.8889,0,0,0.5714,0.5714
5197491,1993,12142,1991,"IE","",78710,2,19,607,3,32,7,7,0.7143,0.449,0.64,3.5714,21.4286,0,0,0.1667,0.1429
5200238,1993,12149,1991,"IE","",341100,3,20,428,6,69,8,6,1,0.7222,0.6563,2.1667,5.25,0,0,0.1667,0.1667
5200873,1993,12149,1990,"IE","",538695,2,6,361,4,45,8,3,1,0,0,6.3333,10.125,0.25,0.25,0,0
5201662,1993,12156,1991,"IE","",382575,2,2,439,4,41,4,11,1,0,0.375,3.5455,10.25,0,0,0.0909,0.0909
5201691,1993,12156,1991,"IE","",691150,3,11,475,5,53,8,6,1,0,0.2188,5.8333,4.875,0.1429,0.125,0,0
5201846,1993,12156,1991,"IE","",218550,2,17,415,5,53,11,7,1,0,0.1653,4.4286,14.2727,0.2,0.1818,0.4286,0.4286
5202884,1993,12156,1991,"IE","",147695,2,20,370,2,21,1,13,1,0.6982,0,4.1538,6,0,0,0,0
5202999,1993,12156,1992,"IE","",147695,2,14,710,2,22,8,2,1,0.5,0.5313,3,11,0,0,0,0
5203774,1993,12163,1991,"IE","",691318,3,6,604,3,32,12,8,1,0.4063,0.4861,3.125,5.25,0,0,0,0
5205602,1993,12170,1991,"IE","",691486,3,13,296,5,55,15,3,0.8,0.4444,0.7222,3.6667,21.5333,0,0,0,0
5208018,1993,12177,1991,"IE","",75590,2,20,424,3,31,0,0,,,,,,,,,
5210216,1993,12184,1990,"IE","",341100,3,8,548,1,14,10,2,1,0.5,0.84,4,4.4,0.8,0.8,0,0
5210915,1993,12191,1992,"IE","",184015,3,5,24,6,63,6,2,1,0,0,4.5,8.1667,0,0,0,0
5211600,1993,12191,1992,"IE","",,1,17,452,6,61,5,1,1,0,0,2,15.6,,,,
5215076,1993,12205,1991,"IE","",692340,3,19,126,6,66,6,5,1,0.56,0.2778,4.4,5.3333,0,0,0.3333,0.2
5216185,1993,12205,1990,"IE","",341100,3,13,556,1,14,3,1,1,0,0.4444,6,4.3333,0.6667,0.6667,0,0
5217868,1993,12212,1992,"IE","",682801,3,7,435,3,33,0,1,,0,,3,,,,0,0
5219621,1993,12219,1992,"IE","",165970,3,4,424,3,31,9,9,0.8889,0,0.5625,3,9.6667,0.125,0.1111,0.1111,0.1111
5220644,1993,12219,1992,"IE","",252865,3,24,706,2,22,5,5,1,0.72,0.48,1.4,6,0,0,0,0
5222812,1993,12233,1991,"IE","",,1,5,383,6,68,7,7,1,0.5714,0.449,4,8.2857,,,,
5223716,1993,12233,1992,"IE","",,1,9,250,4,44,7,2,1,0.5,0.4898,1.5,5,,,,
5224529,1993,12240,1991,"IE","",,1,9,142,5,51,11,2,0.5455,0.5,0.4444,4,42.7273,,,,
5228793,1993,12254,1992,"IE","",693606,3,5,400,5,59,8,1,1,0,0.5,4,4.375,0,0,0,0
5231816,1993,12268,1992,"IE","",235205,3,9,53,6,68,3,4,1,0.375,0.4444,2.75,2.6667,0,0,0.25,0.25
5235310,1993,12275,1990,"IE","",242085,2,13,338,4,41,8,5,1,0.8,0.6875,5.6,12.75,0,0,0,0
5237831,1993,12289,1991,"IE","",705416,3,11,62,6,69,9,0,0.5556,,0.64,,29.3333,0,0,,
5239909,1993,12296,1992,"IE","",511195,3,17,89,5,59,7,0,0.8571,,0.2778,,19.4286,0,0,,
5240836,1993,12296,1990,"IE","",461050,3,5,435,3,33,0,1,,0,,3,,,,0,0
5241632,1993,12296,1992,"IE","",147695,2,24,710,2,22,11,29,1,0.3615,0.5455,3.3103,2.6364,0.1818,0.1818,0.0357,0.0345
5247083,1993,12317,1992,"IE","",556775,2,23,544,1,14,1,11,1,0.5455,0,2.1818,5,1,1,1,0.9091
5247683,1993,12317,1991,"IE","",280070,2,27,709,2,22,10,45,1,0.6686,0.64,4.6222,3.3,0.3,0.3,0.1778,0.1778
5248680,1993,12324,1991,"IE","",695411,3,5,514,3,31,3,0,1,,0,,7.3333,0,0,,
5251354,1993,12338,1992,"IE","",,1,20,14,6,69,13,0,1,,0.5917,,14.6154,,,,
5251407,1993,12338,1992,"IE","",695633,3,15,451,5,51,2,2,0.5,0,0,4,46.5,0,0,0,0
5253745,1993,12345,1991,"IE","",695837,3,9,198,5,59,18,5,0.9444,0.64,0.5536,3.6,14.0556,0,0,0,0
5258837,1993,12359,1992,"IE","",696277,3,16,348,4,49,8,10,1,0.58,0,3.5,5.375,0,0,0,0
5259710,1993,12366,1991,"IE","",272735,2,12,409,5,51,10,16,0.9,0.7031,0.7901,4.6875,15.5,0,0,0,0
5259769,1993,12366,1992,"IE","",382575,2,8,439,4,41,3,7,1,0.449,0,3.2857,14,0,0,0.1429,0.1429
5259987,1993,12366,1991,"IE","",218535,3,36,252,1,19,2,9,1,0.3704,0,4,2.5,0.5,0.5,0,0
5263996,1993,12380,1991,"IE","",,1,13,433,3,39,11,2,0.8182,0,0,6.5,14.9091,,,,
5265216,1993,12380,1991,"IE","",147695,2,8,710,2,22,11,16,1,0.7109,0.8099,3.1875,4.8182,0.2,0.1818,0.0625,0.0625
5265839,1993,12387,1992,"IE","",,1,11,248,6,69,12,1,0.9167,0,0.595,4,16.6667,,,,
5271129,1993,12408,1989,"IE","",219155,2,6,24,6,63,4,2,1,0,0,7.5,8.75,0,0,0,0
5272992,1993,12415,1992,"IE","",697663,3,29,111,6,61,4,2,1,0,0.75,2,8,0,0,0,0
5280960,1994,12443,1990,"IE","",698458,3,8,280,5,55,6,0,1,,0,,12,0,0,,
5281054,1994,12443,1992,"IE","",,1,14,405,6,64,5,3,1,0.4444,0.32,3.3333,10.4,,,,
5282388,1994,12450,1991,"IE","",688592,3,5,73,4,43,13,1,1,0,0.3905,3,11.0769,0,0,0,0
5284169,1994,12457,1992,"IE","",223960,3,8,132,6,65,38,14,0.8684,0.4592,0.5069,3.5714,20.6579,0,0,0.4615,0.4286
5287407,1994,12464,1991,"IE","",280070,2,13,705,2,22,6,11,1,0.6777,0.7778,5.1818,4.1667,0.3333,0.3333,0,0
5288904,1994,12471,1993,"IE","",496870,2,7,562,1,14,2,0,1,,0.5,,6,0,0,,
5291633,1994,12485,1992,"IE","",699409,3,8,16,5,59,6,0,1,,0.5,,8.3333,0,0,,
5292725,1994,12485,1991,"IE","",,1,21,514,3,31,9,3,1,0.4444,0,4,14,,,,
5293486,1994,12485,1991,"IE","",147695,2,6,710,2,22,11,2,1,0.5,0.562,3.5,9,0,0,0,0
5294455,1994,12492,1992,"IE","",699686,3,25,426,6,61,4,10,1,0.18,0,3.2,9,0,0,0,0
5298257,1994,12506,1992,"IE","",166010,3,8,424,3,31,24,5,1,0,0.6215,2.4,9.75,0.1,0.0833,0,0
5299372,1994,12513,1992,"IE","",700161,3,16,38,6,63,15,0,0.1333,,0.5,,54.9333,0,0,,
5299830,1994,12513,1992,"IE","",184015,2,6,280,5,55,5,0,0.6,,0.6667,,32,0,0,,
5302053,1994,12520,1992,"IE","",,1,17,405,6,64,16,4,1,0,0.4141,2.75,6.9375,,,,
5305484,1994,12534,1992,"IE","",700742,3,11,8,1,11,12,3,0.6667,0.6667,0.5938,3.6667,33.25,0,0,0,0
5308127,1994,12541,1993,"IE","",,1,4,292,6,69,9,0,0,,,,77,,,,
5309307,1994,12541,1993,"IE","",,1,29,360,2,24,5,3,1,0,0,1.6667,6.4,,,,
5314081,1994,12562,1993,"IE","",90710,3,13,211,6,65,4,2,0.5,0,0,2,24.5,0,0,0.5,0.5
5314562,1994,12562,1993,"IE","",341095,2,20,156,1,19,7,5,0.8571,0.56,0.7222,2.2,11.5714,0.4,0.2857,1,1
5319371,1994,12576,1992,"IE","",28725,2,16,341,2,22,2,1,1,0,0.5,2,8.5,0,0,1,1
5320210,1994,12583,1993,"IE","",695837,3,8,198,5,59,20,3,0.95,0.4444,0.6316,3,15.95,0,0,0,0
5320665,1994,12583,1992,"IE","",702141,3,17,75,5,52,5,0,1,,0.56,,7.4,0,0,,
5321724,1994,12583,1992,"IE","",147695,2,22,375,2,21,9,2,1,0,0.6173,2,5.6667,0,0,0,0
5324738,1994,12597,1990,"IE","",702544,3,13,514,3,31,1,1,1,0,0,5,8,0,0,0,0
5326297,1994,12604,1993,"IE","",,1,9,441,6,69,7,6,0.7143,0.7222,0.72,3.6667,30.4286,,,,
5326956,1994,12604,1992,"IE","",55420,2,8,219,4,49,4,0,1,,0.375,,7.75,0,0,,
5328267,1994,12611,1993,"IE","",,1,8,383,6,68,11,10,1,0.42,0.314,2.6,7.9091,,,,
5328321,1994,12611,1992,"IE","",702863,3,18,414,5,51,10,2,1,0,0.54,4.5,13.4,0,0,0,0
5331301,1994,12618,1991,"IE","",538695,2,19,335,4,41,1,1,1,0,0,4,2,1,1,1,1
5333608,1994,12632,1992,"IE","",509320,2,12,128,3,32,39,2,0.9231,0,0.2978,3,14.9231,0,0,0,0
5336504,1994,12639,1993,"IE","",165970,3,4,424,3,31,2,6,1,0,0,2.8333,2.5,1,1,0,0
5338230,1994,12646,1993,"IE","",382575,2,10,439,4,41,7,5,1,0,0.2449,3,4.4286,0.2857,0.2857,0.6,0.6
5338231,1994,12646,1993,"IE","",382575,2,3,439,4,41,5,5,1,0.32,0,3.2,16.8,0,0,0,0
5341403,1994,12653,1992,"IE","",28725,2,8,375,2,21,6,1,1,0,0.6667,4,4.6667,0,0,0,0
5343196,1994,12660,1992,"IE","",28725,2,12,341,2,22,1,5,1,0.48,0,3.2,1,0,0,0.4,0.4
5343732,1994,12667,1991,"IE","",,5,3,73,4,43,12,0,0.6667,,0.5313,,27.25,,,,
5345797,1994,12674,1993,"IE","",,5,2,70,6,65,5,3,0,0,,3.6667,70.2,,,,
5353059,1994,12695,1992,"IE","",695767,3,27,348,4,49,4,11,1,0.6116,0.5,3.0909,3,0,0,0,0
5354152,1994,12702,1991,"IE","",705416,3,15,406,5,59,12,11,0.8333,0.6281,0.82,4.7273,23.25,0,0,0,0
5354216,1994,12702,1994,"IE","",382575,2,4,439,4,41,3,3,1,0,0,3,5,0,0,0.3333,0.3333
5356383,1994,12709,1991,"IE","",705639,3,4,604,3,32,10,3,0.7,0.6667,0.6939,3,18.6,0,0,0,0
5358976,1994,12716,1992,"IE","",341100,3,8,522,1,15,7,1,1,0,0.8163,3,4.1429,0,0,0,0
5359101,1994,12716,1991,"IE","",341100,3,21,556,1,14,28,4,0.7857,0.625,0.7727,4.5,20.2857,0.3333,0.2143,0,0
5359190,1994,12716,1994,"IE","",32940,2,10,250,4,44,9,1,1,0,0.4938,2,8.5556,0,0,0,0
5361863,1994,12730,1993,"IE","",706146,3,23,180,5,55,7,2,0.2857,0,0,3.5,45,0,0,0,0
5364310,1994,12737,1993,"IE","",,1,12,464,5,53,11,1,0.7273,0,0.6563,3,21.9091,,,,
5364620,1994,12737,1992,"IE","",165970,3,6,424,3,31,14,9,0.9286,0,0.3787,3.8889,9.1429,0.1538,0.1429,0,0
5368346,1994,12751,1993,"IE","",,1,6,292,6,69,27,2,0.0741,0,0.5,2,74.8889,,,,
5368493,1994,12751,1993,"IE","",382575,2,10,439,4,41,10,4,1,0,0,3,3.1,0,0,0,0
5369784,1994,12751,1992,"IE","",706919,3,9,455,2,21,8,5,1,0.72,0.5625,3.6,5,0,0,0,0
5387134,1995,12821,1993,"IE","",382575,2,5,439,4,41,4,0,1,,0,,10.25,0,0,,
5389370,1995,12828,1992,"IE","",708757,3,20,424,3,31,5,2,1,0,0.56,5.5,6,0,0,1,0.5
5389811,1995,12828,1994,"IE","",28725,2,11,257,4,46,3,8,1,0.2188,0.4444,1.25,9.6667,0,0,0.125,0.125
5392541,1995,12842,1993,"IE","",,1,5,37,6,64,9,1,1,0,0.5679,2,7.5556,,,,
5392663,1995,12842,1993,"IE","",272735,2,5,74,5,59,16,2,0.9375,0.5,0.8711,2.5,14.0625,0,0,0,0
5394257,1995,12842,1993,"IE","",252865,3,9,359,5,54,9,0,1,,0.5926,,6.2222,0,0,,
5394536,1995,12842,1993,"IE","",709197,3,5,714,2,22,14,1,1,0,0.7551,0,4.5714,0,0,0,0
5395529,1995,12849,1993,"IE","",,1,12,210,1,19,8,2,0.75,0,0,2,26.625,,,,
5395631,1995,12849,1993,"IE","",709343,3,15,426,6,61,5,2,1,0.5,0,3,11.4,0,0,0,0
5395984,1995,12849,1994,"IE","",496870,2,10,568,1,14,2,1,1,0,0.5,1,5,0,0,0,0
5398048,1995,12856,1993,"IE","",28725,2,26,345,2,23,2,2,1,0.5,0.5,0.5,9.5,0,0,0,0
5398234,1995,12856,1993,"IE","",147695,2,16,370,2,21,1,1,1,0,0,2,5,0,0,0,0
5401532,1995,12870,1993,"IE","",,1,8,427,1,12,5,0,1,,0.56,,19.6,,,,
5403848,1995,12877,1993,"IE","",702544,3,10,514,3,31,1,2,1,0,0,2,9,0,0,0,0
5406477,1995,12884,1994,"IE","",147695,2,21,395,2,22,6,12,1,0.7361,0.2778,1.4167,3.6667,0,0,0,0
5411313,1995,12905,1993,"IE","",,1,16,297,6,65,4,0,0.25,,0,,80.25,,,,
5411680,1995,12905,1993,"IE","",575640,3,3,261,1,19,11,0,0.3636,,0.625,,33.0909,0,0,,
5411998,1995,12905,1993,"IE","",341100,3,23,523,1,15,5,0,1,,0.72,,10.4,0,0,,
5414810,1995,12912,1994,"IE","",280070,2,27,345,2,23,13,2,1,0.5,0.142,1.5,5.2308,0.0833,0.0769,0,0
5415038,1995,12919,1992,"IE","",487225,3,8,73,4,43,11,1,1,0,0.7934,5,8.7273,0,0,0,0
5419885,1995,12933,1993,"IE","",496870,2,12,423,1,19,0,0,,,,,,,,,
5422588,1995,12940,1993,"IE","",28725,2,7,327,4,41,1,2,1,0,0,3,10,0,0,0,0
5423497,1995,12947,1965,"IE","",709062,3,23,244,5,55,3,1,0.3333,0,0,31,33,0,0,0,0
5423594,1995,12947,1994,"IE","",711970,3,7,297,6,65,8,7,0.75,0,0,2.7143,14,0,0,0,0
5423595,1995,12947,1994,"IE","",711970,3,4,297,6,65,7,4,0.8571,0,0.2778,2.25,18.1429,0,0,0,0
5424531,1995,12947,1994,"IE","",32940,2,29,250,4,44,11,2,1,0.5,0.4298,1,8.0909,0,0,0,0
5431106,1995,12975,1985,"IE","",709062,3,9,102,1,19,5,1,1,0,0,11,21.2,0,0,0,0
5431942,1995,12975,1993,"IE","",712797,3,16,426,6,61,8,0,0.875,,0.6122,,20.125,0,0,,
5437112,1995,12996,1993,"IE","",713261,3,17,36,6,63,5,1,1,0,0,3,15.2,0,0,0,0
5437134,1995,12996,1993,"IE","",,1,8,52,6,69,9,2,0.5556,0,0.56,3,43.3333,,,,
5438373,1995,12996,1993,"IE","",28725,2,8,348,4,49,2,1,1,0,0.5,2,4,0.5,0.5,0,0
5442355,1995,13010,1993,"IE","",28725,2,21,341,2,22,7,1,1,0,0,2,10.5714,0,0,0,0
5446303,1995,13024,1994,"IE","",28725,2,5,257,4,46,1,4,1,0.375,0,2.5,0,1,1,0,0
5448104,1995,13031,1994,"IE","",28725,2,5,257,4,46,3,1,1,0,0.4444,1,6,0,0,0,0
5453983,1995,13052,1993,"IE","",147695,2,11,370,2,21,9,1,1,0,0.716,2,6.3333,0,0,0,0
5454332,1995,13059,1993,"IE","",147695,2,8,109,6,69,9,0,0.8889,,0.6563,,23.7778,0,0,,
5460976,1995,13080,1991,"IE","",715485,3,6,436,1,19,1,0,1,,0,,5,0,0,,
5462625,1995,13087,1994,"IE","",,1,19,156,1,19,12,0,0.9167,,0.1653,,18.8333,,,,
5465340,1995,13094,1992,"IE","",147695,2,8,710,2,22,4,3,1,0.6667,0.625,3,4.25,0,0,0,0
5466176,1995,13101,1994,"IE","",427930,2,15,439,4,41,8,0,0.875,,0.2449,,13.5,0.5714,0.5,,
5467009,1995,13101,1994,"IE","",28725,2,16,323,4,45,9,3,1,0.4444,0.6667,2.3333,2.2222,0,0,0.3333,0.3333
5468219,1995,13108,1992,"IE","",,1,10,602,3,32,8,2,0.875,0,0.7347,4,12.75,,,,
5471311,1995,13115,1994,"IE","",,1,11,356,4,43,5,1,1,0,0.64,2,10.4,,,,
5471632,1995,13115,1992,"IE","",147695,2,11,710,2,22,4,18,1,0.6481,0.5,3.3889,8.5,0.25,0.25,0.1176,0.1111
5473705,1995,13122,1993,"IE","",252865,3,19,382,2,22,2,8,1,0.6875,0.5,2.625,8,0,0,0.7143,0.625
5474788,1995,13129,1994,"IE","",235205,3,21,426,6,61,10,2,1,0.5,0.46,2,10.1,0.25,0.2,0,0
5477519,1995,13136,1994,"IE","",599730,2,13,369,2,24,8,0,1,,0.5625,,4.375,0,0,,
5478411,1995,13143,1994,"IE","",457350,3,33,148,5,52,9,0,0.8889,,0.4063,,11.7778,0,0,,
5479048,1995,13143,1994,"IE","",28725,2,4,257,4,46,4,4,1,0.375,0.375,2.5,2.5,0,0,0,0
5479130,1995,13143,1994,"IE","",28725,2,16,327,4,41,4,5,1,0.72,0,2.2,9.75,0,0,0,0
5481466,1996,13150,1994,"IE","",582140,2,28,700,2,22,23,1,1,0,0.7335,3,13.3913,0,0,0,0
5482008,1996,13157,1994,"IE","",,1,24,119,6,61,3,9,1,0.7407,0.6667,2.4444,9.3333,,,,
5483982,1996,13164,1994,"IE","",717564,3,17,132,6,65,10,1,0.9,0,0,2,15.5,0,0,0,0
5484931,1996,13164,1994,"IE","",496870,2,6,546,1,14,12,1,1,0,0.75,1,18.9167,0.6667,0.5,1,1
5485133,1996,13164,1994,"IE","",717645,3,3,335,4,41,1,0,1,,0,,20,0,0,,
5486720,1996,13171,1994,"IE","",28725,2,25,257,4,46,8,4,1,0.375,0.4063,2,5.625,0,0,0,0
5487548,1996,13178,1994,"IE","",,1,17,273,6,62,1,0,0,,,,40,,,,
5489031,1996,13185,1994,"IE","",90710,3,13,211,6,65,5,0,1,,0,,7.2,0,0,,
5492812,1996,13199,1993,"IE","",709197,3,2,435,3,33,0,2,,0,,3,,,,0,0
5494015,1996,13206,1994,"IE","",718418,3,24,123,5,53,6,0,0.8333,,0.32,,16.3333,0,0,,
5494480,1996,13206,1994,"IE","",,1,10,452,6,61,6,2,1,0,0,2.5,13.1667,,,,
5495903,1996,13213,1994,"IE","",,1,12,175,6,64,5,1,1,0,0.32,2,21.6,,,,
5496572,1996,13213,1995,"IE","",104030,2,13,426,6,61,13,2,0.8462,0,0.314,2.5,12.6923,0.2,0.1538,0,0
5498241,1996,13220,1994,"IE","",735,2,12,604,3,32,16,6,1,0,0.1172,2.6667,5.5625,0.1429,0.0625,0,0
5505216,1996,13248,1995,"IE","",223960,3,15,132,6,65,38,2,0.8684,0,0.5069,1,22.6579,0,0,0.5,0.5
5505315,1996,13248,1994,"IE","",90710,3,9,211,6,65,6,0,0.6667,,0.375,,26.6667,0,0,,
5506326,1996,13248,1994,"IE","",341100,3,20,526,1,15,24,1,0.8333,0,0.765,1,19.5833,0.0556,0.0417,1,1
5507748,1996,13255,1993,"IE","",76070,2,15,606,3,32,11,1,0.8182,0,0.3704,4,18.7273,0,0,1,1
5511986,1996,13269,1994,"IE","",382575,2,6,439,4,41,12,6,1,0.6667,0.4028,2.3333,4.5,0.0833,0.0833,0,0
5512013,1996,13269,1994,"IE","",,1,12,452,6,61,4,1,0.75,0,0,2,19.5,,,,
5514393,1996,13276,1993,"IE","",235205,3,9,426,6,61,1,4,1,0,0,2,3,1,1,0.5,0.5
5514689,1996,13276,1991,"IE","",678887,2,11,514,3,31,1,0,1,,0,,7,0,0,,
5517191,1996,13283,1994,"IE","",28725,2,19,341,2,22,6,1,1,0,0.2778,0,7.8333,0,0,0,0
5517804,1996,13290,1994,"IE","",603235,3,10,53,6,68,10,1,1,0,0.54,1,11.9,0,0,0,0
5519576,1996,13290,1995,"IE","",28725,2,20,361,4,45,6,1,1,0,0.2778,3,4.1667,0,0,0,0
5519667,1996,13290,1995,"IE","",28725,2,4,365,2,24,2,1,1,0,0.5,2,12.5,0.5,0.5,0,0
5519845,1996,13290,1993,"IE","",280070,2,6,711,2,24,14,1,1,0,0.3673,4,4.5714,0.3571,0.3571,0,0
5520014,1996,13297,1995,"IE","",,1,50,62,6,69,8,0,0.875,,0.449,,15.25,,,,
5523017,1996,13304,1994,"IE","",721098,3,26,510,1,19,13,4,0.8462,0.375,0.314,3,14.9231,0,0,0,0
5523347,1996,13304,1993,"IE","",341100,3,23,525,1,15,16,0,0.8125,,0.7574,,20.3125,0,0,,
5524254,1996,13304,1994,"IE","",147695,2,23,709,2,22,18,8,1,0.2188,0.6296,2.75,5.2222,0.1111,0.1111,0.125,0.125
5524522,1996,13311,1994,"IE","",,1,7,84,6,69,6,1,0.6667,0,0,3,26.1667,,,,
5524615,1996,13311,1994,"IE","",458785,2,7,128,3,32,4,2,1,0,0.375,3.5,10,0,0,0,0
5525626,1996,13311,1994,"IE","",496525,3,6,514,3,31,0,2,,0.5,,3,,,,0,0
5526831,1996,13318,1994,"IE","",223960,3,15,132,6,65,70,1,0.9143,0,0.8262,2,19.4571,0.0227,0.0143,1,1
5527288,1996,13318,1994,"IE","",701940,3,37,604,3,32,11,6,1,0.2778,0.1653,2.8333,7.8182,0.1,0.0909,0,0
5530037,1996,13325,1994,"IE","",341100,3,18,522,1,15,5,3,1,0.4444,0.72,2.6667,15.2,0.4,0.4,0,0
5531221,1996,13332,1994,"IE","",458785,2,12,128,3,32,13,1,0.5385,0,0,4,43,0.5,0.2308,0,0
5532905,1996,13332,1995,"IE","",28725,2,10,361,4,45,7,1,1,0,0.449,1,4.2857,0,0,0,0
5533995,1996,13339,1994,"IE","",165970,3,41,604,3,32,10,3,1,0.6667,0.66,1.6667,7.2,0,0,0,0
5535174,1996,13339,1994,"IE","",28725,2,7,365,2,24,2,0,1,,0.5,,12.5,0.5,0.5,,
5538008,1996,13353,1994,"IE","",,1,2,600,3,32,6,10,0.8333,0.48,0.72,2.8,22.3333,,,,
5538864,1996,13353,1995,"IE","",408000,2,13,435,3,33,5,1,1,0,0.32,1,6.8,0.4,0.4,0,0
5540026,1996,13360,1994,"IE","",722574,3,23,52,6,69,7,3,1,0,0.4082,2,10.8571,0,0,0,0
5540234,1996,13360,1994,"IE","",612730,3,9,600,3,32,3,1,1,0,0,3,5.3333,0,0,0,0
5541446,1996,13360,1995,"IE","",28725,2,28,257,4,46,4,4,1,0.375,0,1.25,5,0,0,0,0
5542835,1996,13367,1994,"IE","",722821,3,37,425,5,51,5,2,1,0.5,0.56,3.5,12,0,0,0,0
5542878,1996,13367,1995,"IE","",722827,3,12,452,6,61,6,0,1,,0,,13.6667,0,0,,
5543034,1996,13367,1995,"IE","",,1,13,205,1,19,1,0,1,,0,,1,,,,
5543042,1996,13367,1995,"IE","",735,2,7,210,1,19,7,0,1,,0.2449,,6.8571,0,0,,
5544050,1996,13367,1993,"IE","",252865,3,13,707,2,22,6,6,1,0.7222,0.8333,3,10.6667,0,0,0.6,0.5
5548727,1996,13381,1993,"IE","",280070,2,5,709,2,22,10,4,1,0.5,0.66,3,4.4,0.1,0.1,0.25,0.25
5548762,1996,13381,1994,"IE","",147695,2,2,710,2,22,35,3,1,0,0.4784,2,9.9429,0.0857,0.0857,0,0
5549421,1996,13388,1994,"IE","",705416,3,15,406,5,59,19,1,0.8421,0,0.8516,3,25.6316,0,0,0,0
5549585,1996,13388,1994,"IE","",735,2,1,604,3,32,8,1,0.75,0,0.5,3,16.125,0.6,0.375,0,0
5550201,1996,13388,1995,"IE","",341100,3,9,526,1,15,17,0,0.8235,,0.7347,,19.1176,0.0714,0.0588,,
5550322,1996,13388,1994,"IE","",,1,8,174,4,41,5,0,0.6,,0.4444,,31.8,,,,
5550728,1996,13388,1994,"IE","",28725,2,4,363,4,45,8,1,1,0,0.5625,3,6.5,0.125,0.125,0,0
5555199,1996,13402,1993,"IE","",252865,3,14,395,2,22,9,1,1,0,0.5926,3,3,0,0,0,0
5558901,1996,13416,1994,"IE","",223960,3,5,427,1,12,76,1,0.9211,0,0.8518,2,19.9868,0.02,0.0132,1,1
5563597,1996,13430,1994,"IE","",28725,2,13,341,2,22,1,1,1,0,0,2,9,0,0,0,0
5564459,1996,13437,1995,"IE","",,1,6,137,6,69,2,0,0.5,,0,,55,,,,
