3611956,1971,4302,1969,"IE","",,4,,111,6,61,,17,,0.4152,,13.4118,,,,,
3613473,1971,4309,1969,"IE","",,5,,74,5,59,,0,,,,,,,,,
3619352,1971,4330,1968,"IE","",72450,3,,162,1,19,,0,,,,,,,,,
3621724,1971,4344,1969,"IE","",456525,3,,74,5,59,,1,,0,,15,,,,0,0
3624857,1971,4358,1970,"IE","",255985,3,,15,6,69,,1,,0,,4,,,,0,0
3624998,1971,4358,1970,"IE","",289620,3,,57,6,63,,2,,0,,7.5,,,,0,0
3628001,1971,4365,1969,"IE","",459660,3,,708,2,22,,1,,0,,16,,,,0,0
3634994,1972,4400,1968,"IE","",627950,3,,53,6,68,,1,,0,,3,,,,0,0
3638941,1972,4414,1969,"IE","",,1,,482,5,59,,41,,0,,18.6098,,,,,
3640972,1972,4421,1969,"IE","",,1,,156,1,19,,5,,0.64,,15.4,,,,,
3645215,1972,4442,1969,"IE","",,1,,108,6,69,,9,,0.1975,,14.4444,,,,,
3650872,1972,4463,1969,"IE","",614260,2,,156,1,19,,9,,0.642,,13,,,,0,0
3651987,1972,4470,1969,"IE","",118700,3,,221,5,51,,0,,,,,,,,,
3654725,1972,4484,1970,"IE","",,1,,43,6,61,,2,,0,,23.5,,,,,
3656930,1972,4491,1970,"IE","",71485,3,,71,1,11,,6,,0.6111,,10.5,,,,0,0
3660215,1972,4505,1970,"IE","",,1,,428,6,69,,7,,0.6122,,12.2857,,,,,
3662531,1972,4519,1970,"IE","",296840,2,,57,6,63,,7,,0,,9.4286,,,,0,0
3664548,1972,4526,1970,"IE","",275145,3,,222,1,19,,0,,,,,,,,,
3666068,1972,4533,1970,"IE","",310530,3,,194,5,59,,1,,0,,4,,,,0,0
3673999,1972,4568,1970,"IE","",,4,,123,5,53,,3,,0,,17,,,,,
3687853,1972,4624,1970,"IE","",110775,2,,510,1,19,,6,,0.5,,18,,,,0,0
3688946,1972,4631,1970,"IE","",338285,3,,221,5,51,,2,,0,,13,,,,0,0
3694109,1972,4652,1970,"IE","",,1,,417,5,53,,1,,0,,22,,,,,
3697118,1972,4666,1970,"IE","",,1,,294,5,59,,3,,0.6667,,14.6667,,,,,
3699127,1972,4673,1970,"IE","",341100,3,,524,1,15,,12,,0.625,,16.9167,,,,0.1667,0.1667
3718231,1973,4806,1970,"IE","",414040,3,,220,6,68,,3,,0.6667,,19,,,,0,0
3718453,1973,4806,1969,"IE","",627315,3,,71,1,11,,5,,0.32,,14.2,,,,0,0
3718858,1973,4806,1971,"IE","",,1,,324,4,43,,0,,,,,,,,,
3723233,1973,4834,1971,"IE","",,1,,428,6,69,,21,,0.7438,,15.381,,,,,
3725153,1973,4841,1971,"IE","",601715,2,,149,1,19,,6,,0.7778,,15.1667,,,,0,0
3728621,1973,4855,1969,"IE","",,1,,324,4,43,,1,,0,,20,,,,,
3729846,1973,4869,1971,"IE","",361615,2,,38,6,63,,9,,0.3704,,15.5556,,,,0,0
3734240,1973,4890,1972,"IE","",128475,2,,187,5,55,,1,,0,,3,,,,0,0
3735395,1973,4890,1971,"IE","",288070,3,,341,2,22,,6,,0.7778,,8.5,,,,0,0
3736260,1973,4897,1971,"IE","",341100,3,,524,1,15,,4,,0.625,,10,,,,0,0
3737951,1973,4911,1970,"IE","",289620,3,,19,1,11,,6,,0.4444,,11.1667,,,,0,0
3742018,1973,4925,1970,"IE","",341100,3,,558,1,14,,7,,0.6122,,18.2857,,,,0.1429,0.1429
3743344,1973,4932,1971,"IE","",275145,3,,296,5,55,,10,,0.64,,17.7,,,,0,0
3745062,1973,4939,1971,"IE","",383755,3,,428,6,69,,0,,,,,,,,,
3749537,1973,4960,1971,"IE","",498500,2,,425,5,51,,1,,0,,26,,,,0,0
3749892,1973,4960,1972,"IE","",459660,3,,705,2,22,,6,,0.2778,,18.1667,,,,0,0
3751894,1973,4974,1970,"IE","",327465,3,,57,6,63,,1,,0,,3,,,,0,0
3756681,1973,4995,1971,"IE","",282180,3,,312,6,65,,12,,0.8056,,16.0833,,,,0,0
3756743,1973,4995,1971,"IE","",,1,,416,1,19,,5,,0,,14.4,,,,,
3759338,1973,5009,1972,"IE","",240670,3,,177,6,69,,5,,0,,12.4,,,,0,0
3760066,1973,5009,1972,"IE","",520885,3,,423,1,19,,5,,0,,4.6,,,,0,0
3760666,1973,5016,1971,"IE","",,1,,83,5,51,,1,,0,,1,,,,,
3761614,1973,5016,1971,"IE","",,1,,356,4,43,,15,,0.8267,,10.6667,,,,,
3762895,1973,5023,1971,"IE","",,1,,51,5,59,,10,,0.34,,14.7,,,,,
3765134,1973,5037,1970,"IE","",,1,,52,6,69,,10,,0.46,,8.4,,,,,
3767770,1973,5044,1971,"IE","",199470,3,,423,1,19,,1,,0,,17,,,,0,0
3777172,1973,5086,1971,"IE","",,1,,250,4,44,,2,,0,,4.5,,,,,
3779092,1973,5100,1972,"IE","",481425,3,,74,5,59,,1,,0,,8,,,,0,0
3785069,1974,5128,1972,"IE","",,1,,36,6,63,,9,,0.1975,,12.7778,,,,,
3785346,1974,5128,1972,"IE","",,1,,119,6,61,,5,,0,,14.4,,,,,
3786266,1974,5128,1970,"IE","",596700,7,,250,4,44,,2,,0,,24.5,,,,0,0
3796121,1974,5184,1971,"IE","",511185,3,,83,5,51,,2,,0.5,,19,,,,0,0
3803884,1974,5219,1970,"IE","",199470,3,,71,1,11,,5,,0.32,,8.6,,,,0,0
3806133,1974,5226,1973,"IE","",,1,,473,6,62,,19,,0,,14.7368,,,,,
3831134,1974,5345,1973,"IE","",167315,2,,439,4,41,,8,,0.2188,,10.25,,,,0.25,0.25
3832334,1974,5352,1971,"IE","",341100,3,,526,1,15,,8,,0.625,,10.625,,,,0,0
3835073,1974,5366,1973,"IE","",383755,3,,521,1,15,,5,,0.32,,8.6,,,,0,0
3836377,1974,5373,1972,"IE","",,1,,526,1,15,,19,,0.8033,,16,,,,,
3839876,1974,5394,1972,"IE","",281765,3,,62,6,69,,2,,0,,17.5,,,,0,0
3849489,1974,5436,1971,"IE","",,1,,562,1,14,,3,,0.4444,,7.6667,,,,,
3854169,1974,5464,1972,"IE","",289620,3,,19,1,11,,2,,0,,12.5,,,,0,0
3854587,1974,5464,1973,"IE","",213645,3,,209,5,51,,9,,0.7901,,10.8889,,,,0.1111,0.1111
3856223,1974,5471,1972,"IE","",289620,3,,242,5,51,,0,,,,,,,,,
3857419,1974,5478,1973,"IE","",289620,3,,139,6,63,,2,,0,,16.5,,,,0,0
3857716,1974,5478,1969,"IE","",,1,,106,1,12,,0,,,,,,,,,
3861771,1975,5499,1973,"IE","",167315,2,10,439,4,41,3,9,1,0.642,0,11.1111,6.3333,1,0.3333,0,0
3863473,1975,5513,1973,"IE","",,1,10,70,6,65,4,3,0.25,0,0,10.3333,22.75,,,,
3866778,1975,5527,1973,"IE","",389745,3,8,414,5,51,3,0,0,,,,22.3333,0,0,,
3869866,1975,5548,1973,"IE","",564945,3,4,60,4,45,6,16,0.8333,0.3984,0,11.5625,6.1667,0,0,0,0
3874011,1975,5569,1973,"IE","",,1,4,5,6,65,4,3,0.5,0.4444,0,11.6667,10.75,,,,
3874699,1975,5569,1972,"IE","",38630,2,9,280,5,55,2,8,0.5,0,0,15.375,10.5,0,0,0,0
3882651,1975,5611,1973,"IE","",,1,7,52,6,69,8,3,0.375,0.6667,0,21,27.75,,,,
3895229,1975,5674,1973,"IE","",,1,8,362,4,42,4,6,0.75,0.6111,0.4444,15.3333,16.75,,,,
3895455,1975,5681,1973,"IE","",,1,3,43,6,61,7,14,0.2857,0,0.5,16.0714,30.2857,,,,
3898960,1975,5702,1973,"IE","",,1,5,119,6,61,3,1,0.6667,0,0,14,27.3333,,,,
3900209,1975,5709,1972,"IE","",,1,4,280,5,55,4,4,0,0.375,,7.75,16.75,,,,
3906572,1975,5744,1973,"IE","",186590,2,7,15,6,69,1,13,1,0.6746,0,10.6923,8,0,0,0,0
3916882,1975,5786,1974,"IE","",365560,3,13,601,3,32,7,4,0.1429,0,0,11.75,23.4286,0,0,0,0
3919083,1975,5793,1973,"IE","",341100,3,12,210,1,19,8,2,0.75,0.5,0.4444,12.5,8.625,0,0,0,0
3922449,1975,5807,1973,"IE","",341100,3,9,411,5,59,4,15,1,0.7467,0.625,12.2667,3.25,0,0,0.0667,0.0667
3931678,1976,5856,1974,"IE","",341100,3,7,433,3,39,2,21,1,0.78,0.5,14.3333,3,0,0,0,0
3935756,1976,5877,1975,"IE","",196050,3,6,76,5,52,2,1,0,0,,13,68,0,0,0,0
3942001,1976,5905,1974,"IE","",559555,3,54,250,4,44,2,7,1,0.6939,0,11.4286,6,0,0,0,0
3948546,1976,5940,1973,"IE","",228390,2,4,285,6,67,4,3,0.25,0.4444,0,19.6667,33.5,0,0,0,0
3949744,1976,5947,1974,"IE","",,1,12,604,3,32,8,8,0.75,0.6563,0.7778,7.625,9.375,,,,
3953019,1976,5961,1975,"IE","",199470,3,4,493,5,51,8,2,0.5,0,0.625,7,20.375,0,0,0,0
3956678,1976,5975,1973,"IE","",,5,8,318,4,45,6,38,1,0.5083,0.5,15.9211,5.8333,,,,
3957018,1976,5982,1974,"IE","",,1,16,119,6,61,1,3,1,0,0,7.3333,5,,,,
3957377,1976,5982,1973,"IE","",511185,3,24,356,4,43,4,4,0.75,0.75,0.4444,17.25,9.25,0,0,0,0
3958368,1976,5989,1974,"IE","",275145,3,8,49,5,59,3,2,0.6667,0.5,0.5,4,11,0,0,0.5,0.5
3958759,1976,5989,1975,"IE","",,1,16,239,5,59,7,4,0.7143,0,0.32,6.75,9.2857,,,,
3961168,1976,5996,1974,"IE","",414465,3,3,708,2,22,7,3,1,0.4444,0.6122,18,5.1429,0,0,0,0
3963846,1976,6010,1973,"IE","",,1,3,428,6,69,7,16,0.4286,0.7266,0.6667,15.75,18.4286,,,,
3963904,1976,6010,1974,"IE","",414465,3,5,708,2,22,7,1,1,0,0.6122,16,5.1429,0,0,0,0
3971229,1976,6052,1973,"IE","",428105,3,7,62,6,69,15,8,0.7333,0.5625,0.6777,15.125,16.8,0,0,0,0
3980381,1976,6101,1974,"IE","",167315,2,10,439,4,41,9,6,0.7778,0.5,0,15.1667,9.4444,1,0.3333,0,0
3985369,1976,6129,1975,"IE","",38630,2,10,280,5,55,2,5,1,0.32,0,6.2,10,0,0,0,0
3987301,1976,6136,1975,"IE","",559555,3,19,250,4,44,3,12,1,0.7639,0.6667,8.5,3.6667,0,0,0,0
3994485,1976,6178,1975,"IE","",,1,20,493,5,51,4,1,0.25,0,0,20,55,,,,
3996698,1976,6192,1976,"IE","",275145,3,12,49,5,59,5,4,0.8,0.625,0.75,15.75,8.2,1,0.2,0,0
4004584,1977,6234,1975,"IE","",19160,2,4,128,3,32,2,7,0,0.2449,,15.4286,36,0,0,0,0
4013043,1977,6290,1975,"IE","",,1,6,119,6,61,2,3,0.5,0,0,13,33.5,,,,
4015384,1977,6304,1975,"IE","",295285,3,14,52,6,69,2,3,1,0,0,4,8,0,0,0,0
4016292,1977,6304,1974,"IE","",,1,7,426,6,61,3,3,0.3333,0,0,17.3333,12.6667,,,,
4023573,1977,6346,1975,"IE","",,1,6,607,3,32,2,19,0.5,0,0,16.8421,27.5,,,,
4032081,1977,6388,1976,"IE","",,1,7,242,5,51,4,1,0.75,0,0,9,9,,,,
4038345,1977,6416,1975,"IE","",341100,3,10,525,1,15,2,14,1,0.6837,0.5,16.4286,11,0,0,0,0
4041626,1977,6437,1974,"IE","",,1,3,40,6,69,3,1,1,0,0.4444,3,8.3333,,,,
