4426410,1984,8782,1982,"IE","",341095,2,4,427,1,12,2,2,1,0.5,0.5,10,12,0,0,0,0
4427037,1984,8789,1981,"IE","",289620,3,51,139,6,63,3,2,1,0,0,8.5,12,0,0,0,0
4430480,1984,8803,1981,"IE","",341095,2,6,525,1,15,5,6,1,0.6111,0.32,13.8333,6.6,0,0,0,0
4431018,1984,8810,1982,"IE","",79055,3,7,137,6,69,3,1,1,0,0.4444,11,12,0,0,0,0
4432351,1984,8817,1981,"IE","",275145,3,8,600,3,32,8,6,0.75,0.4444,0,9.8333,30.625,0,0,0,0
4435042,1984,8831,1981,"IE","",152035,2,71,359,5,54,27,0,0.5926,,0.6328,,25.5556,0.2,0.0741,,
4436078,1984,8838,1982,"IE","",,1,5,125,5,51,7,6,0.7143,0.2778,0.56,11,20.4286,,,,
4436371,1984,8838,1981,"IE","",152035,2,65,359,5,54,27,5,0.5926,0.56,0.6328,7.6,25.5556,0.2,0.0741,0,0
4437473,1984,8845,1982,"IE","",393900,3,6,600,3,32,3,13,1,0.142,0,8.3077,11.3333,0,0,0.1,0.0769
4438725,1984,8852,1982,"IE","",264850,3,16,119,6,61,6,1,1,0,0,3,13.5,0,0,1,1
4442267,1984,8866,1983,"IE","",341100,3,12,525,1,15,6,2,1,0.5,0.6111,8,5.1667,0,0,0,0
4442525,1984,8866,1982,"IE","",35855,3,30,373,6,66,4,3,1,0,0.375,6.6667,6.75,0,0,0.3333,0.3333
4449630,1984,8908,1982,"IE","",,1,10,206,6,68,4,8,0.5,0.5313,0.5,11,31.5,,,,
4450030,1984,8908,1983,"IE","",341095,2,7,156,1,19,2,6,1,0.6111,0.5,11.5,8.5,0.5,0.5,0,0
4450245,1984,8908,1982,"IE","",213645,3,11,502,1,19,2,6,0.5,0.6111,0,9.1667,21,0,0,0,0
4450265,1984,8908,1982,"IE","",341095,2,5,526,1,15,3,14,1,0.7653,0.6667,9.3571,2.6667,0,0,0.7143,0.7143
4451237,1984,8915,1982,"IE","",,1,6,433,3,39,3,6,0.6667,0,0,11.1667,23.6667,,,,
4451615,1984,8915,1983,"IE","",341100,3,16,525,1,15,6,4,1,0.625,0.6667,3.75,7.5,0,0,0.25,0.25
4453551,1984,8929,1981,"IE","",,1,15,600,3,32,7,11,1,0.5124,0.2449,12.5455,11.4286,,,,
4457199,1984,8950,1980,"IE","",,1,8,83,5,51,11,12,0.7273,0.8056,0.4063,12.4167,28.3636,,,,
4461112,1984,8971,1981,"IE","",,1,15,43,6,61,4,4,0.75,0,0,8.5,10.5,,,,
4470212,1984,9020,1982,"IE","",,1,10,40,6,69,6,0,0,,,,51.1667,,,,
4472368,1984,9027,1982,"IE","",11420,2,7,423,1,19,6,5,0.8333,0.72,0.56,6.8,21.3333,0.25,0.1667,0,0
4473569,1984,9034,1982,"IE","",,1,17,514,3,31,4,4,1,0.375,0.75,4.5,5.5,,,,
4474613,1984,9041,1982,"IE","",93250,3,19,204,1,19,6,2,0.8333,0.5,0.48,5.5,11.5,0,0,0.5,0.5
4475327,1984,9048,1982,"IE","",530615,3,3,52,6,69,10,1,0.6,0,0.5,15,23,0,0,0,0
4479603,1984,9069,1983,"IE","",79050,2,6,228,5,52,3,1,1,0,0.4444,10,12,0,0,0,0
4484567,1984,9097,1982,"IE","",,1,11,126,6,66,10,1,0.8,0,0.625,7,15.8,,,,
4488726,1984,9118,1983,"IE","",,1,8,473,6,62,3,13,0.6667,0.6627,0.5,10.1538,20,,,,
4491825,1985,9132,1982,"IE","",28725,2,3,341,2,22,2,15,1,0,0,8.0667,6,0.5,0.5,0.2,0.2
4491881,1985,9132,1982,"IE","",608055,2,13,360,2,24,1,1,1,0,0,8,9,0,0,0,0
4491884,1985,9132,1983,"IE","",608055,2,8,360,2,24,2,1,1,0,0,1,9.5,0,0,0,0
4494926,1985,9153,1983,"IE","",,1,6,431,6,66,2,2,0,0,,9,96.5,,,,
4495716,1985,9160,1984,"IE","",51980,3,9,37,6,64,7,1,0.1429,0,0,8,55.1429,0,0,0,0
4497916,1985,9167,1983,"IE","",341100,3,18,523,1,15,9,5,1,0.8,0.7654,9.8,5.8889,0,0,0,0
4507820,1985,9223,1983,"IE","",,1,4,16,5,59,9,0,0.4444,,0.375,,35.1111,,,,
4512051,1985,9244,1982,"IE","",,1,2,7,5,59,9,11,0.2222,0.2975,0.5,14.4545,45.1111,,,,
4513928,1985,9251,1983,"IE","",165910,3,7,242,5,51,5,10,0.8,0.42,0,6.8,13.2,0,0,0,0
4521310,1985,9286,1983,"IE","",,1,12,210,1,19,9,3,0.6667,0.4444,0.2778,5.6667,20.2222,,,,
4521453,1985,9286,1984,"IE","",341100,3,10,427,1,12,6,0,1,,0.5,,4.5,0.1667,0.1667,,
4521764,1985,9286,1981,"IE","",28725,2,8,341,2,22,7,8,1,0.75,0.2449,9.125,9,0,0,0.1429,0.125
4524941,1985,9307,1981,"IE","",152030,2,2,248,6,69,35,7,0.5714,0.449,0.605,9.2857,27.9143,0,0,0.3333,0.2857
4525232,1985,9307,1984,"IE","",341100,3,17,156,1,19,5,18,1,0.5,0.72,6.8333,9,0.2,0.2,0.0556,0.0556
4525553,1985,9307,1984,"IE","",341100,3,10,526,1,15,3,7,0.6667,0.6939,0.5,6,14.3333,0,0,0.1429,0.1429
4525951,1985,9314,1983,"IE","",122745,3,18,49,5,59,4,3,1,0.4444,0,7.6667,11.5,0,0,0,0
4526347,1985,9314,1982,"IE","",275145,3,14,256,6,65,8,4,0.625,0.625,0.8,12.5,30.625,0,0,0,0
4531651,1985,9342,1983,"IE","",,1,13,215,6,68,5,3,0.8,0,0,8.6667,20.8,,,,
4532469,1985,9342,1982,"IE","",487225,3,19,324,4,43,2,1,1,0,0,14,16.5,0,0,0,0
4533446,1985,9349,1983,"IE","",341100,3,23,156,1,19,6,31,1,0.7409,0.7778,7.1613,4.6667,0,0,0.0345,0.0323
4538784,1985,9377,1982,"IE","",275145,3,13,248,6,69,8,5,0.75,0.72,0.5,10.8,27.875,0,0,0,0
4541834,1985,9391,1983,"IE","",51980,3,10,44,1,19,1,0,0,,,,64,0,0,,
4542594,1985,9398,1984,"IE","",,1,16,34,1,19,3,5,1,0.72,0,5.6,10.6667,,,,
4543397,1985,9398,1984,"IE","",341100,3,15,525,1,15,8,18,0.875,0.858,0.8163,5.8889,16.125,0,0,0.2778,0.2778
4544656,1985,9405,1983,"IE","",,1,18,514,3,31,5,2,1,0,0.8,5.5,5,,,,
4545186,1985,9412,1983,"IE","",214780,3,8,56,6,61,16,4,0.625,0.375,0.34,8.25,24.5,0,0,0,0
4548462,1985,9426,1984,"IE","",427930,2,8,439,4,41,1,5,1,0.32,0,10,16,0,0,1,1
4556700,1985,9468,1984,"IE","",341100,3,7,526,1,15,9,8,1,0.7813,0.716,3.625,5.3333,0,0,0.7143,0.625
4558242,1985,9475,1983,"IE","",28725,2,6,327,4,41,6,15,1,0.6133,0.5,9.9333,2.3333,0,0,0.3333,0.3333
4559589,1985,9482,1983,"IE","",,1,11,362,4,42,19,6,0.2632,0.2778,0,9.3333,38.4211,,,,
4567740,1986,9531,1983,"IE","",,1,11,70,6,65,7,3,0.4286,0.4444,0.4444,4.6667,42.1429,,,,
4574142,1986,9559,1984,"IE","",341100,3,14,525,1,15,6,5,1,0.8,0.7778,5.6,9.3333,0,0,0,0
4574536,1986,9566,1981,"IE","",416905,2,20,52,6,69,10,7,0,0.2449,,11.7143,62.8,0,0,0.2,0.1429
4575544,1986,9566,1984,"IE","",341100,3,9,526,1,15,3,2,1,0,0.4444,4,4.6667,0.6667,0.6667,0,0
4576664,1986,9573,1983,"IE","",156415,3,10,156,1,19,3,9,1,0.8395,0.6667,7.4444,9.3333,0,0,0,0
4582669,1986,9601,1982,"IE","",625115,2,32,376,4,44,5,0,1,,0,,7.8,0.6,0.6,,
4589370,1986,9636,1985,"IE","",264850,3,15,119,6,61,10,1,1,0,0,8,14.3,0.125,0.1,0,0
4590456,1986,9636,1985,"IE","",28725,2,15,341,2,22,2,9,1,0.6667,0.5,4.5556,6,0,0,0.3333,0.3333
4592753,1986,9650,1983,"IE","",165970,3,6,424,3,31,12,25,1,0.288,0.7917,6.56,5.3333,0,0,0.2083,0.2
4601472,1986,9699,1983,"IE","",,1,11,473,6,62,9,9,0.4444,0,0,10.1111,32.1111,,,,
4603736,1986,9713,1984,"IE","",,1,7,166,6,64,9,2,0.7778,0,0.2449,9,14.4444,,,,
4604517,1986,9713,1985,"IE","",625115,2,3,219,4,49,5,10,1,0.6,0,5.9,3.8,0,0,0,0
4606788,1986,9727,1985,"IE","",,1,20,216,1,19,5,25,1,0.8576,0.32,6.68,10.6,,,,
4609542,1986,9741,1985,"IE","",165970,3,2,424,3,31,38,15,0.7105,0.24,0.5706,3.8,16.9474,0,0,0.4,0.4
4610875,1986,9748,1984,"IE","",165970,3,1,514,3,31,7,5,1,0.32,0.2449,3.4,4.4286,0,0,0.2,0.2
4611970,1986,9755,1985,"IE","",,1,8,415,5,53,3,1,0.6667,0,0,6,26.3333,,,,
4616284,1986,9776,1984,"IE","",487045,3,5,360,2,24,3,4,1,0.375,0,5.25,2,0,0,0,0
4619278,1986,9797,1984,"IE","",213645,3,21,131,6,61,4,2,1,0,0.625,5.5,6.25,0.25,0.25,0.5,0.5
4619896,1986,9797,1984,"IE","",,1,41,435,3,33,0,10,,0.74,,6.7,,,,,
4622414,1986,9811,1984,"IE","",341100,3,9,560,1,14,5,7,1,0.7755,0.72,5.8571,6.2,0,0,0.5714,0.5714
4622617,1986,9811,1984,"IE","",487045,3,7,360,2,24,7,6,1,0.5,0.2449,7.5,2.8571,0,0,1,0.1667
4622626,1986,9811,1985,"IE","",,1,36,362,4,42,6,1,0.6667,0,0,11,25,,,,
4624782,1986,9825,1984,"IE","",393900,3,6,210,1,19,2,2,1,0,0,10.5,5,0,0,0,0
4625997,1986,9832,1985,"IE","",,1,3,285,6,67,6,0,0.1667,,0,,44.8333,,,,
4626000,1986,9832,1983,"IE","",,1,8,285,6,67,4,1,1,0,0.375,13,18.5,,,,
4629150,1986,9846,1985,"IE","",,5,4,248,6,69,10,3,0.6,0.4444,0.2778,9.3333,17.1,,,,
4630415,1986,9853,1983,"IE","",504300,3,15,52,6,69,9,6,1,0.8333,0.4938,6,5.6667,0,0,0,0
4632944,1986,9860,1982,"IE","",341095,2,12,522,1,15,14,10,1,0.86,0.8061,10.4,7,0.1429,0.1429,0.1,0.1
4634816,1987,9867,1985,"IE","",408420,3,10,379,2,21,3,11,0.3333,0.6116,0,6.2727,37.6667,1,0.3333,0,0
4636539,1987,9874,1985,"IE","",341100,3,9,523,1,15,12,7,1,0.7347,0.75,5.2857,4.9167,0,0,0.4286,0.4286
4637879,1987,9881,1985,"IE","",,1,7,210,1,19,11,3,0.2727,0,0,8.3333,36.6364,,,,
4640849,1987,9895,1986,"IE","",341100,3,20,427,1,12,4,10,1,0.8,0.625,5,8.25,0.3333,0.25,0.1,0.1
4642362,1987,9902,1985,"IE","",341100,3,1,556,1,14,7,9,1,0.7901,0.6939,3.6667,4.2857,0.1429,0.1429,0.75,0.6667
4644513,1987,9909,1984,"IE","",531800,3,10,367,2,21,3,4,1,0.5,0.6667,4,11.6667,0,0,0,0
4648081,1987,9923,1984,"IE","",,1,13,367,2,21,5,0,1,,0,,12,,,,
4650425,1987,9937,1985,"IE","",162500,3,10,434,6,69,4,10,0.75,0.48,0,7.2,19.5,0,0,0,0
4657113,1987,9965,1986,"IE","",,1,9,182,6,65,9,0,0.7778,,0.4082,,16.7778,,,,
4657778,1987,9965,1985,"IE","",,1,16,427,1,12,7,16,1,0.8828,0.6122,5.75,6.1429,,,,
4661756,1987,9979,1985,"IE","",318385,2,30,318,4,45,27,24,0.963,0.1563,0.142,8.5833,10.4815,0.0909,0.0741,0,0
4662025,1987,9986,1986,"IE","",,5,19,15,6,69,4,7,1,0.449,0.625,5.4286,6.5,,,,
4663150,1987,9986,1986,"IE","",165970,3,17,424,3,31,8,13,1,0.2722,0.375,3.8462,6.625,0,0,0.1538,0.1538
4663621,1987,9986,1984,"IE","",,1,7,340,2,21,13,25,1,0.8384,0.8284,8.12,6.9231,,,,
4668713,1987,10007,1985,"IE","",341100,3,9,522,1,15,7,4,1,0.75,0.5714,3.5,6.5714,0,0,0.25,0.25
4669724,1987,10014,1984,"IE","",,1,22,482,5,59,8,8,0.75,0.2188,0.7222,5.75,25.125,,,,
4670696,1987,10014,1985,"IE","",318385,2,23,318,4,45,14,45,0.8571,0.5363,0.375,8.4444,13.0714,0.25,0.1429,0,0
4672418,1987,10021,1985,"IE","",,1,12,257,4,46,6,13,1,0.497,0.5,4.2308,6.8333,,,,
4674876,1987,10035,1985,"IE","",,1,19,356,4,43,2,2,1,0,0.5,3.5,10,,,,
4675270,1987,10035,1986,"IE","",341100,3,15,430,1,19,21,5,0.619,0.64,0.8521,7.4,18.4762,0,0,0.4,0.4
4675273,1987,10035,1986,"IE","",341100,3,20,430,1,19,23,10,0.6522,0.58,0.8711,6.8,17.4348,0.0833,0.0435,0.1111,0.1
4676559,1987,10042,1986,"IE","",405805,3,20,312,6,65,11,2,0.7273,0.5,0.4063,6,15,0,0,0,0
4681991,1987,10063,1986,"IE","",29655,3,34,200,4,41,6,0,1,,0,,11.3333,0,0,,
4682093,1987,10063,1985,"IE","",318385,2,4,318,4,45,5,7,1,0.2449,0.56,7.4286,6.4,0,0,0,0
4684616,1987,10077,1986,"IE","",,1,15,501,1,19,4,0,0.5,,0,,22.75,,,,
4684922,1987,10077,1986,"IE","",28725,2,4,341,2,22,3,7,1,0.8163,0.4444,5.5714,10.6667,0,0,0,0
4691537,1987,10112,1985,"IE","",,1,6,66,6,63,8,3,0.375,0.4444,0,10.3333,42.875,,,,
4692116,1987,10112,1985,"IE","",,1,14,433,3,39,6,1,1,0,0.2778,2,8,,,,
4694604,1987,10126,1986,"IE","",,1,18,43,6,61,5,10,0.8,0,0.375,6.7,29.4,,,,
4695615,1987,10126,1986,"IE","",341100,3,11,526,1,15,8,5,1,0.8,0.5313,3,5.375,0.125,0.125,0.4,0.4
4698537,1987,10140,1986,"IE","",318385,2,13,310,4,45,7,14,0.5714,0.3571,0.5,5.8571,21,0,0,0,0
4698712,1987,10140,1986,"IE","",,5,18,360,2,24,0,8,,0,,4.625,,,,,
4699872,1987,10147,1985,"IE","",,1,19,430,1,19,3,3,1,0.4444,0.4444,6.3333,3,,,,
4699966,1987,10147,1986,"IE","",341100,3,13,528,1,15,6,8,1,0.7813,0.5,2.5,4.8333,0,0,0.7143,0.625
4700304,1987,10147,1984,"IE","",432015,3,15,701,2,22,5,18,1,0.7778,0.32,6.8333,5.2,0,0,0,0
4705046,1987,10175,1986,"IE","",,1,21,600,3,32,7,1,1,0,0.6939,3,9.7143,,,,
4715638,1987,10224,1986,"IE","",,1,21,294,5,59,9,2,1,0.5,0.4444,5.5,10.4444,,,,
4716069,1987,10224,1985,"IE","",,1,15,428,6,69,1,6,1,0.5,0,4.6667,1,,,,
4717792,1988,10231,1986,"IE","",,1,10,174,4,41,16,1,0.9375,0,0.5067,11,16.9375,,,,
4718966,1988,10238,1986,"IE","",341100,3,4,156,1,19,13,5,1,0.8,0.7219,4.2,5.7692,0,0,0.6,0.6
4725527,1988,10273,1985,"IE","",,4,19,430,1,19,10,32,0.8,0.7402,0,10,21.9,,,,
4726702,1988,10280,1986,"IE","",308640,3,9,403,6,67,7,0,0,,,,54.8571,0,0,,
4726951,1988,10280,1985,"IE","",165970,3,20,424,3,31,35,7,0.6857,0.2449,0.5694,7.1429,19.4,0.0714,0.0286,0.1429,0.1429
4731982,1988,10308,1985,"IE","",341105,3,18,156,1,19,7,7,0.8571,0.8163,0.6667,6.1429,15,0,0,0,0
4732956,1988,10308,1985,"IE","",341100,3,2,526,1,15,3,6,1,0.6111,0.4444,6.6667,7,0.3333,0.3333,0.5,0.5
4735168,1988,10322,1986,"IE","",,1,23,118,1,12,7,2,0.8571,0.5,0.7778,7.5,12.1429,,,,
4737698,1988,10329,1985,"IE","",318385,2,29,318,4,45,8,15,0.75,0.7289,0.7778,7.4667,16,0,0,0,0
4737781,1988,10329,1986,"IE","",211155,3,9,345,2,23,5,2,1,0,0.32,3,13.6,0,0,0.5,0.5
4738684,1988,10336,1987,"IE","",,1,4,44,1,19,8,0,0,,,,65.5,,,,
4744178,1988,10364,1986,"IE","",275145,3,11,451,5,51,17,3,0.5294,0.6667,0,8.3333,28.1765,0,0,0,0
4744296,1988,10364,1987,"IE","",502650,2,18,101,6,69,4,3,1,0,0.5,4.3333,8.5,0,0,0,0
4744317,1988,10364,1987,"IE","",,1,4,112,6,63,13,4,0.3846,0,0,5.25,41.4615,,,,
4744459,1988,10364,1984,"IE","",,1,6,198,5,59,7,3,0.7143,0.4444,0.48,9.3333,23.1429,,,,
4749742,1988,10385,1986,"IE","",461050,3,22,525,1,15,3,0,1,,0,,5,0,0,,
4751387,1988,10392,1986,"IE","",,4,17,250,4,44,1,31,1,0.7867,0,8.1613,25,,,,
4752458,1988,10399,1987,"IE","",,1,10,423,1,19,2,7,1,0.6122,0.5,5.5714,2,,,,
4752900,1988,10399,1986,"IE","",28725,2,11,708,2,22,1,0,1,,0,,2,1,1,,
4753942,1988,10406,1986,"IE","",,1,7,514,3,31,2,2,1,0,0,7.5,3.5,,,,
4759093,1988,10434,1986,"IE","",487045,3,21,15,6,69,5,2,1,0.5,0.56,6.5,4,0,0,0,0
4759638,1988,10434,1987,"IE","",,1,4,301,5,55,5,1,0,0,,7,73.2,,,,
4761700,1988,10441,1986,"IE","",,5,16,360,2,24,4,8,1,0,0,4.625,2.25,,,,
4763056,1988,10448,1986,"IE","",318385,2,5,318,4,45,6,8,1,0.6563,0,5.75,15.3333,0,0,0,0
4765753,1988,10462,1987,"IE","",601715,2,15,370,2,21,9,127,1,0.6416,0.642,6.4603,2.5556,0.1111,0.1111,0.0081,0.0079
4767415,1988,10469,1987,"IE","",275145,3,8,604,3,32,5,1,0.8,0,0.625,1,13.2,0,0,0,0
4769236,1988,10476,1986,"IE","",165970,3,1,514,3,31,3,6,1,0.7222,0.4444,9,3.3333,0.3333,0.3333,0,0
4770738,1988,10483,1986,"IE","",682389,3,26,117,1,19,0,2,,0.5,,8.5,,,,0,0
4777630,1988,10511,1985,"IE","",490480,3,26,367,2,21,7,1,1,0,0.2449,13,14.2857,0,0,0,0
4782272,1988,10532,1985,"IE","",318385,2,27,318,4,45,19,24,1,0.3576,0.5263,8.0833,7.5263,0.1176,0.1053,0.0435,0.0417
4783526,1988,10539,1986,"IE","",362170,2,6,536,1,14,5,4,1,0.375,0.32,4,6,0,0,0,0
4784164,1988,10546,1987,"IE","",213645,3,31,131,6,61,1,3,1,0,0,4.3333,19,0,0,0,0
4784341,1988,10546,1987,"IE","",289620,3,17,242,5,51,13,3,0.6923,0,0,5.3333,22.1538,0,0,0.3333,0.3333
4785793,1988,10553,1986,"IE","",415405,3,12,126,6,66,8,8,1,0.2188,0.2188,6.125,5.75,0,0,0,0
4787797,1988,10560,1987,"IE","",,1,20,414,5,51,4,2,1,0.5,0.5,4,7,,,,
4788909,1988,10567,1986,"IE","",,1,19,100,5,59,6,3,0.6667,0.6667,0.625,7,19.6667,,,,
4790390,1988,10574,1988,"IE","",378035,3,10,173,5,51,4,9,0.75,0.4938,0,5.4444,15.75,0,0,0.1667,0.1111
4790477,1988,10574,1987,"IE","",106815,3,11,237,6,66,10,0,0.9,,0.716,,10.6,0,0,,
4791290,1988,10574,1986,"IE","",,5,6,250,4,44,4,9,0.75,0.642,0.4444,3.8889,22,,,,
4791354,1988,10574,1987,"IE","",,1,8,324,4,43,1,2,1,0,0,6,10,,,,
4791795,1988,10581,1987,"IE","",,1,12,70,6,65,3,5,0.6667,0.32,0,6.4,30,,,,
4792152,1988,10581,1986,"IE","",470575,3,15,280,5,55,8,9,0.625,0.1975,0,7.3333,23.875,0,0,0,0
4794599,1988,10588,1986,"IE","",,1,7,714,2,22,8,13,1,0.5799,0.5313,6.6923,3.375,,,,
4801700,1989,10623,1986,"IE","",362170,2,5,536,1,14,6,3,1,0,0.2778,3,6.3333,0,0,0,0
4802210,1989,10623,1987,"IE","",275145,3,20,379,2,21,2,2,1,0.5,0.5,5.5,5,0,0,0,0
4802412,1989,10630,1987,"IE","",502650,2,20,101,6,69,15,1,0.8,0,0.1528,5,23,0,0,0,0
