5567741,1996,13444,1993,"IE","",341100,3,17,521,1,15,24,0,0.875,,0.6848,,17.4167,0,0,,
5569621,1996,13451,1995,"IE","",28725,2,5,438,4,46,12,3,1,0,0.375,0.6667,3.8333,0,0,0,0
5570090,1996,13451,1994,"IE","",28725,2,23,341,2,22,5,1,1,0,0.56,2,8.8,0,0,0,0
5571548,1996,13458,1993,"IE","",235205,3,12,426,6,61,6,1,1,0,0.5,3,5.5,0.3333,0.3333,1,1
5572354,1996,13458,1994,"IE","",152040,3,14,359,5,54,33,3,0.8788,0.4444,0.5874,3.3333,16.2121,0.1154,0.0909,0,0
5574145,1996,13465,1993,"IE","",725572,3,11,536,1,14,2,2,1,0,0,2.5,8,0,0,0,0
5574841,1996,13465,1994,"IE","",725618,3,24,345,2,23,6,1,1,0,0.7222,3,6.1667,0,0,0,0
5574874,1996,13465,1995,"IE","",725619,3,12,712,2,22,12,3,1,0.4444,0.5833,1,5.5833,0,0,0,0
5577830,1996,13479,1994,"IE","",725882,3,13,362,4,42,5,2,0.8,0,0.375,3,17.2,0,0,0,0
5579688,1996,13486,1994,"IE","",726051,3,17,100,5,59,7,0,0.5714,,0.375,,46.2857,0,0,,
5581042,1996,13486,1995,"IE","",272755,2,5,73,4,43,5,0,1,,0.72,,8.8,0,0,,
5581660,1996,13486,1994,"IE","",252865,3,44,706,2,22,9,0,1,,0.642,,4.2222,0,0,,
5583713,1996,13493,1994,"IE","",28725,2,9,360,2,24,1,0,1,,0,,2,0,0,,
5586705,1996,13507,1995,"IE","",726668,3,13,224,6,68,1,0,1,,0,,7,0,0,,
5589785,1996,13514,1995,"IE","",28725,2,37,327,4,41,51,2,1,0.5,0.5506,1.5,9.6863,0.14,0.1373,0,0
5590245,1996,13514,1994,"IE","",726959,3,10,345,2,23,15,7,1,0.8163,0.6578,3,2.4667,0,0,0,0
5592396,1997,13521,1992,"IE","",272755,2,56,702,2,22,10,4,1,0.375,0.66,5.25,13,0,0,0,0
5596984,1997,13542,1994,"IE","",458785,2,7,128,3,32,14,2,1,0,0.2551,3.5,7.6429,0.0769,0.0714,0,0
5597351,1997,13542,1995,"IE","",727563,3,33,452,6,61,3,0,1,,0,,14,0,0,,
5599913,1997,13549,1995,"IE","",,1,16,534,1,14,0,0,,,,,,,,,
5600275,1997,13549,1994,"IE","",28725,2,54,327,4,41,57,3,1,0,0.6322,2,10.7895,0.125,0.1228,0,0
5600322,1997,13549,1994,"IE","",28725,2,49,341,2,22,57,1,1,0,0.6125,4,10.7895,0.125,0.1228,0,0
5600814,1997,13549,1995,"IE","",147695,2,1,711,2,24,7,1,1,0,0.449,2,5.2857,0,0,0,0
5604906,1997,13563,1995,"IE","",32940,2,30,395,2,22,10,4,1,0.75,0.68,0.5,4,0,0,0.25,0.25
5606109,1997,13570,1995,"IE","",728252,3,11,73,4,43,9,1,0.4444,0,0.625,2,43.3333,0,0,0,0
5606491,1997,13570,1995,"IE","",28725,2,30,363,4,45,18,4,1,0,0.4444,2,5,0.0556,0.0556,0,0
5607072,1997,13577,1994,"IE","",728327,3,6,215,6,68,37,0,0.7297,,0.8176,,36.0541,0,0,,
5609313,1997,13584,1994,"IE","",511195,3,24,244,5,55,2,1,1,0,0,2,16,0,0,1,1
5610251,1997,13584,1995,"IE","",341100,3,12,526,1,15,12,0,0.75,,0.6173,,24.1667,0,0,,
5610434,1997,13584,1995,"IE","",218915,2,8,257,4,46,4,0,1,,0,,15.5,0,0,,
5614074,1997,13598,1994,"IE","",242085,2,25,205,1,19,0,1,,0,,3,,,,0,0
5614145,1997,13598,1994,"IE","",728917,3,11,264,5,51,13,0,1,,0.4615,,12.6923,0,0,,
5615382,1997,13598,1995,"IE","",147695,2,12,710,2,22,6,4,1,0,0.2778,1.25,6,0.3333,0.3333,0,0
5616345,1997,13605,1994,"IE","",165970,3,12,424,3,31,14,1,0.9286,0,0.3787,3,12.1429,0.1538,0.1429,0,0
5619204,1997,13612,1995,"IE","",28725,2,9,341,2,22,1,1,1,0,0,2,7,0,0,0,0
5620278,1997,13619,1995,"IE","",729395,3,20,404,6,69,7,0,0.7143,,0.48,,30.2857,0,0,,
5620483,1997,13619,1995,"IE","",729416,3,6,607,3,32,3,0,1,,0,,6,0,0,,
5621409,1997,13619,1995,"IE","",28725,2,51,341,2,22,60,2,1,0,0.6311,2.5,10.5833,0.1207,0.1167,0,0
5622161,1997,13626,1996,"IE","",729549,3,5,126,6,66,7,0,1,,0.2449,,10.7143,0,0,,
5622553,1997,13626,1996,"IE","",,1,7,106,1,12,9,1,0.8889,0,0.8438,1,21.6667,,,,
5624327,1997,13633,1994,"IE","",,1,8,473,6,62,6,0,1,,0,,9.8333,,,,
5627401,1997,13640,1995,"IE","",,1,2,257,4,46,4,0,1,,0.375,,6.75,,,,
5627537,1997,13640,1994,"IE","",28725,2,12,341,2,22,6,2,1,0,0.2778,3,7,0,0,0,0
5627923,1997,13640,1994,"IE","",252865,3,19,385,2,21,4,0,1,,0.625,,4,0,0,,
5632270,1997,13661,1994,"IE","",458785,2,10,128,3,32,10,1,1,0,0,3,5.5,0.1111,0.1,0,0
5632411,1997,13661,1994,"IE","",730394,3,23,222,1,19,0,0,,,,,,,,,
5632558,1997,13661,1996,"IE","",213645,3,20,383,6,68,6,1,0.5,0,0,2,27.1667,0,0,0,0
5632995,1997,13661,1995,"IE","",609481,3,5,424,3,31,5,0,1,,0,,14.8,0,0,,
5633636,1997,13661,1995,"IE","",28725,2,15,341,2,22,3,0,1,,0,,9,0,0,,
5635113,1997,13668,1995,"IE","",730626,3,6,261,1,19,10,1,0.9,0,0.1975,2,15.3,0,0,1,1
5637320,1997,13675,1994,"IE","",165970,3,17,424,3,31,4,1,1,0,0,1,7.75,0,0,0,0
5639977,1997,13682,1996,"IE","",,1,4,84,6,69,9,0,0.7778,,0,,20.8889,,,,
5640043,1997,13682,1995,"IE","",218915,2,15,257,4,46,8,1,1,0,0.5313,2,8.75,0.75,0.75,0,0
5640977,1997,13689,1994,"IE","",721221,2,31,128,3,32,29,5,0.8966,0.72,0.5118,3.2,20.4483,0,0,0,0
5641515,1997,13689,1995,"IE","",165970,3,22,424,3,31,0,1,,0,,3,,,,0,0
5641745,1997,13689,1995,"IE","",165970,3,20,514,3,31,6,1,1,0,0.6111,3,3.1667,0,0,0,0
5644312,1997,13696,1994,"IE","",28725,2,9,341,2,22,8,0,1,,0,,5.625,0,0,,
5645345,1997,13703,1995,"IE","",731539,3,20,366,1,19,5,1,0.8,0,0,3,18.2,0,0,0,0
5652506,1997,13724,1996,"IE","",,1,16,324,4,43,1,0,1,,0,,8,,,,
5653460,1997,13731,1995,"IE","",,1,4,280,5,55,4,1,1,0,0,1,8,,,,
5660995,1997,13752,1994,"IE","",715485,3,12,435,3,33,2,0,1,,0.5,,10.5,0,0,,
5662720,1997,13759,1996,"IE","",218550,2,8,51,5,59,10,4,1,0,0.74,0.5,10.4,0.375,0.3,0,0
5665766,1997,13766,1995,"IE","",733295,3,25,514,3,31,4,0,1,,0.5,,10.25,0,0,,
5667209,1997,13773,1995,"IE","",733437,3,10,269,6,69,7,0,0.5714,,0,,32.1429,0,0,,
5668551,1997,13773,1995,"IE","",28725,2,41,341,2,22,58,0,1,,0.6445,,10.5517,0.125,0.1207,,
5669892,1997,13780,1995,"IE","",735,2,1,604,3,32,9,0,1,,0.2188,,11.8889,0.25,0.1111,,
5671891,1997,13787,1995,"IE","",733817,3,18,239,5,59,5,1,0.8,0,0,1,20,0,0,1,1
5673689,1997,13794,1996,"IE","",458785,2,7,128,3,32,20,2,0.9,0,0.6296,1,17.7,0,0,0.5,0.5
5674130,1997,13794,1995,"IE","",734034,3,12,473,6,62,10,1,1,0,0,3,11.2,0,0,0,0
5675334,1997,13794,1996,"IE","",28725,2,16,341,2,22,4,0,1,,0,,6.5,0,0,,
5675419,1997,13794,1995,"IE","",,1,21,356,4,43,4,0,1,,0.625,,14.5,,,,
5677558,1997,13801,1996,"IE","",28725,2,14,257,4,46,3,3,1,0.4444,0,0.6667,6.3333,0,0,0.3333,0.3333
5677562,1997,13801,1996,"IE","",218915,2,10,257,4,46,30,1,1,0,0.4644,1,11.7333,0,0,0,0
5678637,1997,13808,1996,"IE","",,1,40,169,6,69,6,0,0.5,,0,,44.1667,,,,
5679535,1997,13808,1994,"IE","",687866,3,26,435,3,33,7,1,0.8571,0,0.7222,4,14.2857,0,0,0,0
5681831,1997,13815,1994,"IE","",,1,21,514,3,31,14,0,1,,0.2551,,14.9286,,,,
5683536,1997,13822,1995,"IE","",341105,3,3,156,1,19,16,0,0.8125,,0.7574,,21.3125,0,0,,
5683575,1997,13822,1994,"IE","",,5,11,210,1,19,13,1,0.9231,0,0.2917,3,15.0769,,,,
5687373,1997,13829,1995,"IE","",280070,2,11,709,2,22,2,6,1,0.7222,0,1.6667,1,0,0,0.3333,0.3333
5689232,1997,13836,1994,"IE","",,1,5,340,2,21,13,0,0.9231,,0.6944,,15.8462,,,,
5689434,1997,13836,1996,"IE","",272755,2,11,700,2,22,12,3,1,0,0.75,0.3333,13,0,0,0,0
5689575,1997,13836,1994,"IE","",252865,3,19,382,2,22,10,3,1,0.6667,0,2.3333,4.3,0.1111,0.1,0,0
5694101,1997,13850,1996,"IE","",538695,2,12,335,4,41,4,0,1,,0.625,,15,0.3333,0.25,,
5694288,1997,13850,1996,"IE","",538695,2,18,361,4,45,3,0,1,,0.6667,,10,0,0,,
5695178,1997,13857,1995,"IE","",733437,3,8,269,6,69,7,1,0.7143,0,0,1,23.4286,0,0,0,0
5696469,1997,13857,1996,"IE","",28725,2,8,331,4,41,2,0,1,,0,,4.5,0,0,,
5699221,1997,13864,1995,"IE","",736131,3,20,361,4,45,9,0,0.8889,,0.7188,,23.8889,0,0,,
5702011,1997,13878,1995,"IE","",90710,3,17,211,6,65,13,3,0.7692,0.4444,0.72,2.3333,21.2308,0.3333,0.1538,0,0
5703586,1997,13878,1995,"IE","",28725,2,12,341,2,22,4,2,1,0,0,2.5,5,0,0,0,0
5704520,1998,13885,1996,"IE","",701940,3,19,222,1,19,6,1,1,0,0.6111,2,8.3333,0,0,0,0
5706005,1998,13885,1995,"IE","",28725,2,31,341,2,22,3,0,1,,0.4444,,7.6667,0,0,,
5706988,1998,13892,1995,"IE","",,1,3,223,6,63,19,1,0.9474,0,0,3,16.9474,,,,
5716230,1998,13920,1995,"IE","",382575,2,17,439,4,41,7,0,1,,0.2449,,11,0.4286,0.4286,,
5727333,1998,13955,1996,"IE","",720549,3,20,34,1,19,15,0,0.9333,,0.4694,,19.8667,0,0,,
5727715,1998,13955,1995,"IE","",738739,3,12,222,1,19,6,1,1,0,0,2,7.6667,0,0,0,0
5729702,1998,13955,1996,"IE","",147695,2,19,710,2,22,7,1,1,0,0,1,7.1429,0.2857,0.2857,0,0
5731940,1998,13962,1995,"IE","",28725,2,4,361,4,45,6,0,1,,0.6111,,6.8333,0,0,,
5737123,1998,13976,1996,"IE","",,1,8,359,5,54,5,0,1,,0.32,,4.4,,,,
5737605,1998,13976,1996,"IE","",280070,2,2,709,2,22,6,2,1,0.5,0.6111,0.5,5.1667,0.3333,0.3333,0,0
5745060,1998,13997,1996,"IE","",28725,2,13,341,2,22,6,1,1,0,0,1,6.8333,0.8,0.6667,0,0
5746346,1998,14004,1997,"IE","",,1,18,220,6,68,8,0,0.625,,0.64,,33,,,,
5747647,1998,14004,1997,"IE","",740424,3,9,530,1,15,2,0,1,,0.5,,18.5,0,0,,
5749695,1998,14011,1997,"IE","",702863,3,19,414,5,51,2,0,1,,0,,8.5,0,0,,
5749751,1998,14011,1996,"IE","",538695,2,17,439,4,41,3,0,0.6667,,0,,26.6667,0,0,,
5750871,1998,14011,1995,"IE","",84230,2,20,800,3,33,3,0,1,,0,,5,0.6667,0.6667,,
5751885,1998,14011,1995,"IE","",,1,30,386,4,49,8,0,1,,0.5938,,4.25,,,,
5757263,1998,14025,1997,"IE","",242085,2,11,338,4,41,5,0,1,,0.32,,10.6,0,0,,
5761836,1998,14039,1996,"IE","",741473,3,13,40,6,69,29,0,0.931,,0.7819,,15.5172,0,0,,
5764174,1998,14039,1996,"IE","",28725,2,31,341,2,22,4,0,1,,0.375,,8,0.75,0.75,,
5765962,1998,14046,1996,"IE","",427930,2,14,403,6,67,33,1,0.7879,0,0.429,1,30.0303,0.2,0.1212,1,1
5769996,1998,14053,1995,"IE","",341100,3,40,156,1,19,57,0,0.9825,,0.7519,,11.2281,0.0385,0.0351,,
5771881,1998,14060,1996,"IE","",692340,3,19,126,6,66,5,1,1,0,0,1,9.6,0.25,0.2,0,0
5774080,1998,14060,1994,"IE","",28725,2,13,341,2,22,10,1,1,0,0.86,1,7.5,0,0,0,0
5776379,1998,14067,1997,"IE","",730626,3,6,261,1,19,12,0,1,,0.1528,,10.5,0.0909,0.0833,,
5777911,1998,14067,1996,"IE","",28725,2,20,708,2,22,5,2,1,0.5,0.56,1,10.6,0,0,0,0
5779077,1998,14074,1996,"IE","",119785,3,19,220,6,68,7,0,1,,0.449,,14.2857,0,0,,
5780099,1998,14074,1996,"IE","",223960,3,4,427,1,12,68,0,0.9118,,0.8226,,23.5882,0.0244,0.0147,,
5784120,1998,14081,1996,"IE","",28725,2,8,348,4,49,4,1,1,0,0,1,3.75,0,0,0,0
5784378,1998,14081,1996,"IE","",28725,2,20,370,2,21,5,0,1,,0.72,,4.4,0.4,0.4,,
5788046,1998,14095,1996,"IE","",743724,3,32,194,5,59,7,1,1,0,0.2449,1,9.2857,0,0,0,0
5793274,1998,14102,1996,"IE","",72330,2,17,337,4,41,12,0,1,,0.2917,,9.4167,0,0,,
5794825,1998,14109,1995,"IE","",341100,3,16,222,1,19,28,4,0.6429,0.375,0.642,2.25,31,0,0,0,0
5796148,1998,14109,1996,"IE","",28725,2,22,257,4,46,9,0,1,,0.5679,,3.5556,0,0,,
5796159,1998,14109,1997,"IE","",28725,2,20,257,4,46,12,1,1,0,0.4028,1,6.4167,0,0,1,1
5798391,1998,14116,1996,"IE","",744678,3,23,514,3,31,1,0,1,,0,,7,0,0,,
5799648,1998,14123,1996,"IE","",692340,3,27,126,6,66,4,0,0.5,,0.5,,27.5,0,0,,
5799663,1998,14123,1996,"IE","",701940,3,14,131,6,61,5,0,1,,0.56,,13.2,0,0,,
5800420,1998,14123,1996,"IE","",701940,3,53,604,3,32,38,0,0.9474,,0.7978,,8.6579,0,0,,
5803921,1998,14130,1995,"IE","",745184,3,43,606,3,32,10,0,0.7,,0.449,,16.3,0,0,,
5805091,1998,14130,1996,"IE","",28725,2,12,341,2,22,6,0,1,,0.6667,,10.8333,0,0,,
5807375,1998,14137,1995,"IE","",701940,3,22,604,3,32,38,0,0.9474,,0.7978,,8.6579,0,0,,
5808415,1998,14137,1997,"IE","",745545,3,10,315,4,42,3,0,1,,0.4444,,4.3333,0,0,,
5810835,1998,14144,1996,"IE","",735,2,1,606,3,32,6,0,1,,0,,10,0.2,0.1667,,
5813409,1998,14151,1995,"IE","",721221,2,40,128,3,32,30,1,0.9,0,0.5432,2,20.7333,0,0,0,0
5813613,1998,14151,1996,"IE","",733817,3,21,239,5,59,3,0,1,,0.4444,,15.3333,0.3333,0.3333,,
5813713,1998,14151,1996,"IE","",745992,3,6,294,5,59,4,0,1,,0.625,,19.75,0,0,,
5814020,1998,14151,1996,"IE","",701940,3,63,604,3,32,28,0,0.9286,,0.4379,,10.8571,0,0,,
5817257,1998,14158,1996,"IE","",730626,3,4,261,1,19,11,0,0.1818,,0,,44.4545,0,0,,
5817999,1998,14158,1996,"IE","",538695,2,22,200,4,41,7,0,1,,0,,13.1429,0,0,,
5818088,1998,14158,1997,"IE","",28725,2,18,257,4,46,18,0,1,,0.5988,,6.9444,0,0,,
5818366,1998,14158,1995,"IE","",28725,2,5,341,2,22,10,0,1,,0.86,,7.5,0,0,,
5820169,1998,14165,1996,"IE","",746588,3,5,289,6,69,6,0,1,,0.2778,,5.1667,0,0,,
5820245,1998,14165,1996,"IE","",152030,2,29,362,4,42,35,0,0.9714,,0.6678,,10.6571,0.4074,0.3143,,
5820622,1998,14165,1996,"IE","",701940,3,9,604,3,32,38,0,0.9474,,0.7978,,8.6579,0,0,,
5822569,1998,14165,1997,"IE","",76775,3,13,395,2,22,7,3,1,0.4444,0.5714,0.3333,4.1429,0,0,0,0
5822941,1998,14172,1995,"IE","",746831,3,16,52,6,69,1,0,1,,0,,2,0,0,,
5823423,1998,14172,1997,"IE","",,1,2,229,6,68,5,0,1,,0,,22.2,,,,
5823838,1998,14172,1996,"IE","",746930,3,18,441,6,69,7,0,0.4286,,0,,45.7143,0,0,,
5823995,1998,14172,1995,"IE","",746945,3,10,604,3,32,11,0,1,,0.5785,,4.8182,0,0,,
5828205,1998,14179,1997,"IE","",747315,3,9,323,4,45,2,0,1,,0,,4.5,0,0,,
5829212,1998,14186,1997,"IE","",747403,3,20,52,6,69,6,0,1,,0,,16.3333,0,0,,
5832348,1998,14186,1997,"IE","",747647,3,10,399,5,54,6,0,0.8333,,0.64,,13.8333,0,0,,
5833500,1998,14193,1996,"IE","",636790,3,10,439,4,41,2,1,1,0,0,1,17,0,0,0,0
5836306,1998,14200,1994,"IE","",746945,3,15,600,3,32,15,0,1,,0.5867,,5.5333,0,0,,
5837178,1998,14200,1993,"IE","",682653,3,15,264,5,51,35,0,1,,0.8359,,14,0.0606,0.0571,,
5843702,1998,14214,1994,"IE","",410090,3,32,435,3,33,0,0,,,,,,,,,
5843866,1998,14214,1996,"IE","",694153,2,17,504,1,11,14,0,1,,0.5612,,9.5714,0,0,,
5844629,1998,14214,1996,"IE","",28725,2,15,348,4,49,9,0,1,,0,,8.7778,0,0,,
5848991,1998,14228,1997,"IE","",749142,3,32,604,3,32,29,1,1,0,0.7705,0,6.3793,0,0,0,0
5851644,1998,14235,1996,"IE","",341100,3,18,428,6,69,59,0,0.9831,,0.7652,,10.9153,0.037,0.0339,,
5852047,1998,14235,1996,"IE","",733295,3,13,514,3,31,0,0,,,,,,,,,
5852375,1998,14235,1997,"IE","",749406,3,6,327,4,41,5,1,1,0,0.64,1,2.8,0,0,0,0
5852415,1998,14235,1995,"IE","",28725,2,41,341,2,22,58,0,1,,0.6445,,11.5517,0.125,0.1207,,
5855253,1999,14249,1996,"IE","",,1,,187,5,55,1,0,1,,0,,3,,,,
5855484,1999,14249,1997,"IE","",382575,2,,439,4,41,7,1,1,0,0.449,1,5.8571,0.2857,0.2857,0,0
5855906,1999,14249,1997,"IE","",721824,3,,424,3,31,2,0,1,,0.5,,23.5,0,0,,
5856900,1999,14249,1997,"IE","",,1,,360,2,24,3,0,1,,0,,10.6667,,,,
5857315,1999,14256,1996,"IE","",,1,,56,6,61,7,1,0.8571,0,0,1,19.1429,,,,
5860605,1999,14263,1997,"IE","",,5,,241,5,51,12,0,0.8333,,0.18,,23.5,,,,
5862595,1999,14270,1996,"IE","",,1,,30,6,65,9,0,0.8889,,0.6875,,22.8889,,,,
5863099,1999,14270,1997,"IE","",711970,3,,297,6,65,4,0,1,,0.375,,9.5,0,0,,
5863489,1999,14270,1996,"IE","",750410,3,,264,5,51,10,0,1,,0.48,,22.9,0,0,,
5863577,1999,14270,1996,"IE","",235205,3,,426,6,61,11,0,0.8182,,0.3704,,15.7273,0.5,0.3636,,
5864348,1999,14270,1995,"IE","",,1,,347,2,23,6,0,1,,0.6111,,10,,,,
5866002,1999,14277,1996,"IE","",,5,,210,1,19,11,0,1,,0.4463,,12.2727,,,,
5867012,1999,14277,1997,"IE","",28725,2,,323,4,45,3,0,1,,0,,3.3333,0.3333,0.3333,,
5870138,1999,14284,1996,"IE","",252865,3,,348,4,49,3,0,1,,0.4444,,6.3333,0,0,,
5870153,1999,14284,1997,"IE","",28725,2,,348,4,49,6,0,1,,0,,7.6667,0,0,,
5871125,1999,14291,1996,"IE","",701940,3,,222,1,19,7,0,1,,0.4898,,12.1429,0,0,,
5872510,1999,14291,1994,"IE","",,1,,340,2,21,14,0,0.9286,,0.7811,,17.2857,,,,
5873170,1999,14298,1996,"IE","",,1,,30,6,65,14,0,0.1429,,0,,59,,,,
5877065,1999,14305,1995,"IE","",28725,2,,438,4,46,10,0,1,,0,,7,0,0,,
5878915,1999,14312,1998,"IE","",341100,3,,222,1,19,5,0,1,,0.72,,12.6,0,0,,
5879387,1999,14312,1997,"IE","",258965,3,,623,3,39,10,0,1,,0,,7.6,0.125,0.1,,
5879717,1999,14312,1997,"IE","",,5,,424,3,31,1,0,1,,0,,16,,,,
5885088,1999,14326,1997,"IE","",382575,2,,439,4,41,10,0,1,,0,,7.5,0.2222,0.2,,
5885582,1999,14326,1998,"IE","",708757,3,,424,3,31,6,0,1,,0,,5.3333,0.1667,0.1667,,
5885814,1999,14326,1996,"IE","",702895,2,,435,3,33,1,0,1,,0,,10,0,0,,
5893560,1999,14347,1997,"IE","",,1,,273,6,62,8,0,1,,0.2188,,12.5,,,,
5895654,1999,14354,1997,"IE","",457350,3,,424,3,31,10,0,1,,0.18,,7,0,0,,
5895845,1999,14354,1997,"IE","",,1,,73,4,43,8,0,1,,0.75,,9.375,,,,
5897205,1999,14361,1997,"IE","",,1,,366,1,19,10,0,0.5,,0,,39.8,,,,
5899208,1999,14368,1997,"IE","",745184,3,,128,3,32,17,0,0.8824,,0.7111,,11.5882,0,0,,
5902527,1999,14375,1997,"IE","",750410,3,,264,5,51,4,0,1,,0.625,,15.75,0,0,,
5904030,1999,14382,1997,"IE","",,1,,53,6,68,7,0,1,,0.6939,,19.2857,,,,
5904703,1999,14382,1997,"IE","",746945,3,,606,3,32,14,0,1,,0.1327,,4.5714,0,0,,
5906219,1999,14389,1996,"IE","",754184,3,,137,6,69,13,0,0.6923,,0.5185,,34.1538,0,0,,
5908346,1999,14396,1995,"IE","",,1,,450,6,63,2,0,0.5,,0,,28,,,,
5908990,1999,14396,1997,"IE","",754426,3,,73,4,43,7,0,1,,0,,9.8571,0,0,,
5909731,1999,14403,1996,"IE","",458785,2,,128,3,32,19,0,1,,0.1939,,9.8421,0.0625,0.0526,,
5915382,1999,14424,1997,"IE","",458785,2,,128,3,32,21,0,0.9048,,0.6094,,18.8571,0.0667,0.0476,,
5916641,1999,14424,1996,"IE","",341100,3,,427,1,12,53,0,0.9811,,0.7596,,12.0189,0.0408,0.0377,,
5918636,1999,14431,1997,"IE","",,1,,138,6,67,7,0,1,,0.7347,,14.5714,,,,
5920267,1999,14431,1998,"IE","",755438,3,,370,2,21,4,0,1,,0.375,,8.75,0,0,,
5920385,1999,14431,1997,"IE","",,1,,356,4,43,2,0,1,,0.5,,4,,,,
5921231,1999,14438,1996,"IE","",755524,3,,126,6,66,9,0,1,,0.3457,,11.6667,0,0,,
5925030,1999,14445,1997,"IE","",165970,3,,604,3,32,18,0,1,,0.642,,13.4444,0,0,,
5927037,1999,14452,1998,"IE","",746831,3,,52,6,69,1,0,1,,0,,3,0,0,,
5927542,1999,14452,1997,"IE","",756079,3,,221,5,51,0,0,,,,,,,,,
5929046,1999,14452,1995,"IE","",692753,3,,514,3,31,7,0,1,,0,,5.8571,0.1429,0.1429,,
5930660,1999,14452,1997,"IE","",219500,2,,438,4,46,8,0,1,,0.4688,,15.625,0,0,,
5932508,1999,14459,1997,"IE","",,1,,51,5,59,5,0,1,,0.32,,13,,,,
5935219,1999,14466,1994,"IE","",280070,2,,709,2,22,2,0,1,,0.5,,6,0.5,0.5,,
5935493,1999,14466,1996,"IE","",750410,3,,264,5,51,7,0,1,,0.4082,,20.2857,0,0,,
5937393,1999,14466,1996,"IE","",756879,3,,705,2,22,23,0,1,,0.5822,,6.087,0,0,,
5938048,1999,14473,1997,"IE","",90710,3,,211,6,65,2,0,1,,0,,3.5,0,0,,
5938790,1999,14473,1997,"IE","",749406,3,,714,2,22,29,0,1,,0.5565,,5.1724,0,0,,
5941040,1999,14480,1997,"IE","",757221,3,,52,6,69,4,0,1,,0.375,,9.75,0,0,,
5941725,1999,14480,1997,"IE","",382575,2,,439,4,41,8,0,1,,0,,3.5,0.125,0.125,,
5946818,1999,14494,1996,"IE","",16910,3,,34,1,19,7,0,0.7143,,0.64,,31,0,0,,
5947160,1999,14494,1998,"IE","",511195,3,,139,6,63,3,0,1,,0,,4.6667,0.6667,0.6667,,
5948024,1999,14494,1996,"IE","",722172,2,,701,2,22,17,0,1,,0.7059,,10,0,0,,
5948848,1999,14494,1998,"IE","",757949,3,,524,1,15,22,0,0.9091,,0.415,,15.9091,0,0,,
5952176,1999,14501,1998,"IE","",758237,3,,435,3,33,0,0,,,,,,,,,
5954206,1999,14508,1997,"IE","",695837,3,,209,5,51,7,0,1,,0.449,,14.2857,0,0,,
5956499,1999,14508,1997,"IE","",758582,2,,395,2,22,4,0,1,,0.75,,3.25,0,0,,
5958618,1999,14515,1997,"IE","",386735,2,,429,4,45,9,0,1,,0.5185,,5.8889,0.125,0.1111,,
5960070,1999,14515,1997,"IE","",408420,3,,379,2,21,7,0,1,,0,,2.7143,0,0,,
5960593,1999,14522,1997,"IE","",758967,3,,52,6,69,12,0,0.75,,0.1975,,18.5833,0,0,,
5965735,1999,14529,1995,"IE","",496870,2,,546,1,14,13,0,1,,0.7337,,20.4615,0.7,0.5385,,
5966041,1999,14529,1997,"IE","",28725,2,,327,4,41,2,0,1,,0.5,,1.5,0,0,,
5966970,1999,14536,1997,"IE","",,5,,70,6,65,28,0,0.7857,,0.6777,,31.6429,,,,
5967371,1999,14536,1998,"IE","",759559,3,,222,1,19,14,0,0.7143,,0.46,,21.3571,0,0,,
5967433,1999,14536,1997,"IE","",731539,3,,241,5,51,19,0,0.7368,,0.3673,,23.7368,0,0,,
5968422,1999,14536,1998,"IE","",55420,2,,264,5,51,10,0,1,,0.64,,3.3,0.6,0.6,,
5969657,1999,14536,1997,"IE","",28725,2,,341,2,22,10,0,1,,0.18,,11,0.5,0.5,,
5970558,1999,14543,1997,"IE","",66960,2,,15,6,69,26,0,0.4615,,0,,49.1923,0.4,0.1538,,
5970919,1999,14543,1997,"IE","",759872,3,,119,6,61,6,0,0.6667,,0.625,,27.5,0,0,,
5973045,1999,14543,1998,"IE","",341095,2,,524,1,15,8,0,1,,0.5625,,13.375,0,0,,
5973588,1999,14543,1995,"IE","",682653,3,,338,4,41,46,0,1,,0.7703,,14.3043,0.0488,0.0435,,
5976181,1999,14550,1997,"IE","",760328,2,,606,3,32,13,0,1,,0.6391,,4.2308,0,0,,
5978400,1999,14550,1997,"IE","",76775,3,,372,4,42,2,0,1,,0,,5.5,0,0,,
5982221,1999,14557,1997,"IE","",28725,2,,327,4,41,4,0,1,,0.375,,9.25,0.25,0.25,,
5983685,1999,14564,1998,"IE","",,1,,70,6,65,13,0,0.7692,,0.68,,33.8462,,,,
5983723,1999,14564,1997,"IE","",,4,,73,4,43,7,0,1,,0.449,,12.7143,,,,
5986595,1999,14564,1997,"IE","",599210,3,,341,2,22,4,0,1,,0,,2.5,0,0,,
5986659,1999,14564,1995,"IE","",601715,2,,345,2,23,3,0,1,,0.4444,,7.6667,0,0,,
5987484,1999,14564,1998,"IE","",28725,2,,708,2,22,9,0,1,,0.7901,,7.8889,0,0,,
5987507,1999,14564,1998,"IE","",761278,3,,709,2,22,1,0,1,,0,,15,0,0,,
5991655,1999,14571,1998,"IE","",155445,2,,604,3,32,23,0,1,,0.465,,5.6087,0.1111,0.087,,
5995348,1999,14578,1997,"IE","",5740,2,,361,4,45,5,0,1,,0.56,,15.4,0,0,,
5997501,1999,14585,1996,"IE","",165970,3,,604,3,32,25,0,0.92,,0.4802,,12.6,0,0,,
6000823,1999,14592,1998,"IE","",152040,3,,362,4,42,35,0,0.9714,,0.6678,,11.6571,0.037,0.0286,,
6004634,1999,14599,1997,"IE","",702210,3,,428,6,69,5,0,0.6,,0.6667,,39.4,0,0,,
6005737,1999,14599,1997,"IE","",757172,2,,360,2,24,2,0,1,,0,,3,0,0,,
6005858,1999,14599,1997,"IE","",762903,3,,370,2,21,12,0,1,,0.5833,,4.1667,0,0,,
6008341,1999,14606,1994,"IE","",457350,3,,536,1,14,0,0,,,,,,,,,
