4804573,1989,10637,1987,"IE","",,1,10,428,6,69,2,4,1,0.75,0.5,8,2,,,,
4805776,1989,10644,1987,"IE","",568055,2,13,206,6,68,23,10,0.913,0.58,0.5805,4.2,11.913,0,0,0,0
4809873,1989,10658,1987,"IE","",119785,3,10,220,6,68,10,1,0.5,0,0,10,33.7,0,0,0,0
4810427,1989,10658,1987,"IE","",575640,3,1,261,1,19,7,1,0.5714,0,0.5,8,34.2857,0,0,0,0
4815625,1989,10679,1987,"IE","",,1,8,220,6,68,4,2,1,0.5,0.75,1,13,,,,
4816154,1989,10679,1987,"IE","",,1,6,210,1,19,3,1,0,0,,6,70.3333,,,,
4819722,1989,10693,1988,"IE","",296090,2,15,166,6,64,5,2,0.8,0,0.375,6,12.6,0,0,0,0
4820269,1989,10693,1986,"IE","",604200,2,5,604,3,32,15,2,0.6667,0,0.54,8,23,0.2,0.0667,0,0
4820422,1989,10693,1988,"IE","",176405,3,7,210,1,19,14,3,0.8571,0.4444,0.7083,5.3333,22,0,0,0,0
4820521,1989,10693,1987,"IE","",165970,3,17,424,3,31,22,7,0.9545,0,0.322,6.8571,13.8182,0.0714,0.0455,0,0
4820961,1989,10693,1988,"IE","",318375,2,22,318,4,45,10,4,1,0.5,0.82,5,6,0,0,0,0
4822166,1989,10700,1987,"IE","",,1,10,356,4,43,10,2,1,0.5,0.46,5,13.1,,,,
4822617,1989,10700,1987,"IE","",165970,3,13,424,3,31,12,17,0.8333,0.7059,0.54,5.5294,15.5,0,0,0,0
4823616,1989,10707,1987,"IE","",538575,2,13,73,4,43,4,5,0.5,0.56,0,6.2,17.5,0,0,0,0
4826694,1989,10714,1986,"IE","",51800,3,8,426,6,61,69,19,0.8116,0.3601,0.7647,6.9474,19.5797,0,0,0,0
4833635,1989,10735,1987,"IE","",502365,7,8,708,2,22,5,10,1,0.68,0.32,3.9,2.8,0.2,0.2,0.1,0.1
4835663,1989,10742,1987,"IE","",,5,15,362,4,42,7,2,0.7143,0.5,0.32,8.5,21.1429,,,,
4837453,1989,10749,1986,"IE","",283835,3,13,307,4,49,16,0,0.9375,,0.7644,,12.9375,0,0,,
4838706,1989,10756,1987,"IE","",457350,3,14,374,4,43,12,16,0.8333,0.4141,0.66,5.3125,20.3333,0,0,0,0
4838728,1989,10756,1988,"IE","",,1,8,404,6,69,11,5,0.7273,0.72,0.4063,5.8,29.2727,,,,
4841238,1989,10763,1987,"IE","",344245,3,11,324,4,43,6,7,1,0.2449,0.2778,4.1429,10.8333,0,0,0,0
4843993,1989,10777,1987,"IE","",550045,3,11,114,5,55,1,4,0,0,,4.75,28,0,0,0,0
4845868,1989,10784,1987,"IE","",,1,11,38,6,63,10,0,0.5,,0.56,,43.8,,,,
4848789,1989,10791,1988,"IE","",564030,3,6,280,5,55,3,4,0.3333,0,0,7.75,34,0,0,0,0
4850033,1989,10791,1987,"IE","",601715,2,8,455,2,21,6,41,1,0.5223,0.2778,6.2927,3,0.6667,0.6667,0.025,0.0244
4850779,1989,10798,1986,"IE","",565780,3,6,414,5,51,11,4,0.9091,0.75,0.18,7,14.5455,0,0,0,0
4851945,1989,10798,1987,"IE","",,5,18,360,2,24,10,3,1,0,0.18,6.3333,9.6,,,,
4853062,1989,10805,1988,"IE","",,1,9,156,1,19,2,4,0,0.75,,5.75,50.5,,,,
4853233,1989,10805,1988,"IE","",51800,3,12,426,6,61,3,9,1,0.4938,0,5.2222,11,0,0,0,0
4853604,1989,10805,1988,"IE","",318385,2,8,318,4,45,8,9,0.75,0.5926,0.7778,7.1111,17,0,0,0,0
4855461,1989,10812,1988,"IE","",341100,3,7,549,1,14,2,4,1,0.75,0.5,1.5,7,0.5,0.5,0.6667,0.5
4857008,1989,10819,1988,"IE","",30905,3,6,439,4,41,6,5,0.8333,0,0,4.6,11.1667,0,0,0,0
4860224,1989,10826,1986,"IE","",565780,3,19,702,2,22,17,7,1,0.2449,0.4775,6.2857,6.4706,0,0,0,0
4860487,1989,10833,1983,"IE","",,1,3,43,6,61,11,1,0.8182,0,0.642,14,22.4545,,,,
4861249,1989,10833,1988,"IE","",393900,7,18,425,5,51,7,2,0.5714,0.5,0.375,1,24.1429,0,0,0,0
4862656,1989,10840,1988,"IE","",,1,7,52,6,69,1,3,1,0.4444,0,3,3,,,,
4866198,1989,10847,1987,"IE","",341095,2,9,560,1,14,10,4,1,0.625,0.78,2.5,3.9,0,0,0,0
4867817,1989,10854,1987,"IE","",341100,3,6,156,1,19,10,7,1,0.8571,0.58,7.5714,4.7,0,0,0,0
4868468,1989,10854,1988,"IE","",318375,2,17,318,4,45,4,0,1,,0.375,,5,0,0,,
4868700,1989,10854,1987,"IE","",,5,13,360,2,24,3,7,0.6667,0.6939,0,7,11.6667,,,,
4868900,1989,10854,1987,"IE","",587315,3,6,235,5,59,3,9,1,0.5679,0.4444,5.6667,12.6667,0,0,0,0
4868937,1989,10861,1987,"IE","",182920,3,12,5,6,65,5,0,1,,0.32,,14,0,0,,
4869772,1989,10861,1988,"IE","",341100,3,20,156,1,19,3,8,1,0.6875,0.4444,7,14,0,0,0,0
4870979,1989,10868,1987,"IE","",213645,3,11,131,6,61,12,1,0.75,0,0.1975,9,20.4167,0,0,0,0
4872329,1989,10875,1987,"IE","",,1,24,70,6,65,6,0,1,,0.5,,11.5,,,,
4874055,1989,10882,1987,"IE","",,1,4,180,5,55,13,10,0.6923,0.48,0.1975,7.6,15.9231,,,,
4874210,1989,10882,1987,"IE","",275145,3,15,312,6,65,12,4,0.5833,0.625,0.7755,4.5,34.3333,0,0,0,0
4874612,1989,10882,1988,"IE","",254145,3,18,424,3,31,1,9,1,0,0,6,8,0,0,0,0
4874624,1989,10882,1988,"IE","",203575,3,14,426,6,61,3,1,1,0,0,1,7.6667,0,0,0,0
4877560,1989,10896,1988,"IE","",575640,3,14,261,1,19,10,3,0.6,0,0.5,7,35.6,0,0,0,0
4879820,1989,10910,1988,"IE","",640030,3,10,34,1,19,1,2,1,0.5,0,4.5,4,0,0,0,0
4881063,1989,10910,1989,"IE","",165195,3,15,340,2,21,1,11,1,0.4463,0,3.0909,9,0,0,0,0
4882449,1989,10917,1987,"IE","",341095,2,11,556,1,14,3,6,1,0.8333,0.6667,3.5,2.6667,0,0,0,0
4882816,1989,10924,1988,"IE","",,1,11,24,6,63,9,1,0.6667,0,0.5,4,36.4444,,,,
4882912,1989,10924,1988,"IE","",119785,3,18,62,6,69,6,5,0.8333,0.32,0.48,3.4,15.3333,0,0,0,0
4883257,1989,10924,1987,"IE","",,1,11,256,6,65,9,0,0.4444,,0.375,,54.1111,,,,
4884295,1989,10931,1988,"IE","",,1,20,2,6,63,3,23,1,0.5217,0.4444,5.2174,10,,,,
4885715,1989,10931,1987,"IE","",502365,7,8,708,2,22,5,7,1,0.7347,0.32,5,3,0.2,0.2,0.1429,0.1429
4886789,1989,10938,1989,"IE","",380575,3,14,514,3,31,1,4,1,0.5,0,2,8,0,0,0.3333,0.25
4886960,1989,10938,1988,"IE","",152040,3,16,250,4,44,11,31,1,0.7305,0.6116,5.6129,3.9091,0,0,0,0
4887465,1989,10945,1987,"IE","",318375,2,3,73,4,43,10,1,0.8,0,0.7813,5,16.2,0,0,0,0
4889145,1989,10952,1988,"IE","",213630,3,15,131,6,61,5,2,0.8,0,0,9,19.4,0,0,0,0
4891230,1990,10959,1987,"IE","",165970,3,20,424,3,31,16,20,1,0,0.2266,6.35,5.625,0.125,0.125,0.05,0.05
4894240,1990,10973,1987,"IE","",165970,3,28,424,3,31,11,24,1,0,0.4298,6.9167,5,0.2727,0.2727,0.1818,0.1667
4898551,1990,10994,1989,"IE","",427930,2,22,439,4,41,18,4,0.9444,0.375,0.2907,6.25,15.3889,0.2143,0.1667,1,1
4898737,1990,10994,1988,"IE","",165970,3,16,424,3,31,7,3,1,0,0,4,9.2857,0,0,0,0
4899424,1990,11001,1989,"IE","",219155,2,6,24,6,63,7,6,1,0.2778,0,7.1667,7.2857,0,0,0,0
4899530,1990,11001,1988,"IE","",289620,3,17,57,6,63,7,3,1,0,0,3,12,0,0,0,0
4901422,1990,11008,1988,"IE","",,1,9,29,5,52,4,1,0.5,0,0.5,7,33.5,,,,
4903579,1990,11015,1988,"IE","",,1,4,92,5,53,6,0,0.8333,,0.8,,19.1667,,,,
4904938,1990,11015,1988,"IE","",59275,3,18,324,4,43,2,4,1,0.625,0.5,5.25,4.5,0,0,0,0
4905558,1990,11022,1984,"IE","",,1,4,83,5,51,8,0,0.875,,0.449,,30.25,,,,
4906824,1990,11022,1988,"IE","",90710,3,18,235,5,59,6,1,0.8333,0,0.56,7,13.3333,0,0,1,1
4907282,1990,11022,1989,"IE","",399755,3,16,382,2,22,17,55,1,0.6797,0.5606,4.4909,3.2941,0,0,0,0
4907990,1990,11029,1988,"IE","",382575,2,8,439,4,41,4,11,0.75,0.2975,0,5.5455,23,0,0,0.1818,0.1818
4908399,1990,11029,1988,"IE","",341100,3,11,524,1,15,11,3,1,0.6667,0.843,1.3333,5.6364,0.3636,0.3636,1,0.6667
4909138,1990,11036,1989,"IE","",51800,3,2,99,6,61,8,2,0.625,0.5,0.32,4.5,29.125,0,0,0,0
4910402,1990,11036,1988,"IE","",,1,13,250,4,44,5,3,1,0.6667,0.48,5,11,,,,
4912183,1990,11043,1988,"IE","",341100,3,7,526,1,15,11,0,1,,0.843,,6,0.6364,0.6364,,
4912643,1990,11043,1987,"IE","",275145,3,14,702,2,22,7,24,1,0.8368,0.6122,6.2917,9,0,0,0,0
4916564,1990,11057,1988,"IE","",487045,3,6,360,2,24,10,6,1,0.6111,0.18,4.5,7.7,0.1111,0.1,0,0
4917899,1990,11064,1987,"IE","",165970,3,20,424,3,31,16,22,1,0,0.2266,7.4091,5.5625,0.125,0.125,0,0
4917926,1990,11064,1988,"IE","",619645,3,20,428,6,69,1,4,1,0.625,0,3,4,0,0,0,0
4918788,1990,11071,1988,"IE","",,1,25,452,6,61,9,6,0.8889,0,0,5.3333,11.1111,,,,
4920287,1990,11071,1988,"IE","",601715,2,5,327,4,41,3,11,1,0.4298,0.4444,4.9091,6.6667,0,0,0,0
4925109,1990,11092,1989,"IE","",427885,3,17,239,5,59,5,3,0.8,0,0.625,3.6667,20,0,0,0,0
4930971,1990,11113,1988,"IE","",,1,4,414,5,51,10,1,0.6,0,0.4444,6,20.5,,,,
4931893,1990,11113,1989,"IE","",538695,2,15,361,4,45,5,8,1,0.4063,0.32,4.75,12,0,0,0.4,0.25
4933407,1990,11120,1989,"IE","",341100,3,11,526,1,15,2,3,1,0.6667,0.5,3,8,0.5,0.5,0.5,0.3333
4933801,1990,11120,1989,"IE","",538695,2,6,361,4,45,3,4,1,0,0,4.25,6,0,0,0.3333,0.25
4936165,1990,11134,1988,"IE","",691150,3,8,475,5,53,6,5,0.1667,0,0,5,32.3333,0,0,0.25,0.2
4936407,1990,11134,1988,"IE","",488945,3,21,180,5,55,4,2,0.5,0.5,0.5,9,24.25,0,0,0,0
4937860,1990,11134,1988,"IE","",,1,10,379,2,21,13,3,0.9231,0.6667,0,5,11.6154,,,,
4938132,1990,11141,1987,"IE","",502650,2,8,101,6,69,9,4,1,0.375,0,6.75,15.3333,0,0,0,0
4938366,1990,11141,1988,"IE","",705416,3,21,211,6,65,4,16,0.25,0.3984,0,7.4375,54.5,0,0,0,0
4941065,1990,11148,1985,"IE","",487045,3,23,360,2,24,0,7,,0,,9.1429,,,,0,0
4941362,1990,11155,1989,"IE","",538575,2,13,73,4,43,4,2,0.5,0,0,7.5,18.5,0,0,0,0
4942344,1990,11155,1988,"IE","",384415,3,8,318,4,45,11,10,1,0.18,0.1653,4.7,6.6364,0,0,0,0
4942463,1990,11155,1989,"IE","",625115,2,10,348,4,49,7,3,1,0.4444,0.2449,4,6,0.1429,0.1429,0,0
4943760,1990,11162,1988,"IE","",318375,2,7,318,4,45,21,26,0.9524,0.213,0.41,6.1923,13.381,0,0,0,0
4944147,1990,11169,1988,"IE","",,1,7,59,6,69,7,1,0.4286,0,0.4444,5,56.7143,,,,
4946853,1990,11176,1988,"IE","",166010,3,43,514,3,31,3,30,1,0.4533,0.4444,5.1667,3.3333,0,0,0.04,0.0333
4947496,1990,11183,1988,"IE","",182920,3,20,5,6,65,9,2,1,0,0.1975,3.5,9.5556,0,0,0,0
4947505,1990,11183,1989,"IE","",487045,3,8,15,6,69,5,1,1,0,0.56,6,6,0,0,0,0
4948242,1990,11183,1989,"IE","",152040,3,41,359,5,54,23,12,0.8261,0.6944,0.1939,5.6667,16.1304,0,0,0.1667,0.1667
4949692,1990,11190,1988,"IE","",575640,3,6,123,5,53,5,9,1,0,0.48,6.1111,3.6,0.2,0.2,0,0
4951926,1990,11197,1989,"IE","",575640,3,3,261,1,19,7,0,0.1429,,0,,64,1,0.1429,,
4956355,1990,11211,1988,"IE","",111825,3,16,514,3,31,5,28,1,0.5255,0,5.8929,5.6,0,0,0,0
4957960,1990,11218,1990,"IE","",341100,3,15,524,1,15,8,3,1,0.6667,0.8438,3,4.375,0.625,0.625,0.3333,0.3333
4959045,1990,11225,1988,"IE","",,1,4,493,5,51,13,3,0.5385,0.4444,0.7347,7,35.8462,,,,
4964284,1990,11253,1989,"IE","",,1,5,70,6,65,4,3,1,0.4444,0.625,4,2.75,,,,
4965707,1990,11253,1990,"IE","",54435,3,19,362,4,42,5,5,0.8,0.8,0.625,5.2,23.4,0,0,0,0
4967973,1990,11267,1989,"IE","",,1,4,242,5,51,18,4,0.5,0.375,0.1975,4.25,26.1667,,,,
4972352,1990,11281,1989,"IE","",509685,3,14,372,4,42,3,1,1,0,0,1,2.6667,0,0,0,0
4973469,1990,11288,1989,"IE","",165970,3,12,424,3,31,10,23,1,0.4386,0.48,5.8261,4.7,0,0,0.0455,0.0435
4978947,1990,11309,1989,"IE","",79050,2,11,340,2,21,9,16,1,0.7031,0.716,5.75,7.7778,0.3333,0.3333,0.0714,0.0625
4981382,1991,11323,1989,"IE","",,1,21,401,1,12,1,3,1,0,0,4,25,,,,
4982820,1991,11330,1990,"IE","",705416,3,6,190,6,69,6,2,0,0,,5.5,66.5,0,0,0,0
4984279,1991,11330,1989,"IE","",173210,3,17,382,2,22,4,11,1,0.2975,0.625,4.4545,4,0,0,0,0
4986366,1991,11344,1989,"IE","",,1,19,169,6,69,15,3,0.8667,0,0.8047,5.3333,17.5333,,,,
4988117,1991,11351,1989,"IE","",143100,3,7,280,5,55,4,1,0.5,0,0.5,7,20,0,0,0,0
4989082,1991,11351,1989,"IE","",625115,2,8,382,2,22,3,7,1,0.6122,0.4444,2.1429,3.3333,0,0,0,0
4989576,1991,11358,1982,"IE","",,1,24,123,5,53,15,10,0.4,0.42,0.2778,13.4,41.2,,,,
4990916,1991,11358,1990,"IE","",28720,3,3,341,2,22,4,6,1,0.7778,0.375,3.5,10.75,0,0,0,0
4992509,1991,11365,1988,"IE","",341095,2,10,525,1,15,4,0,1,,0.375,,10.5,0,0,,
4993164,1991,11372,1990,"IE","",,1,14,33,6,69,11,9,0.4545,0.5185,0,2.7778,37.0909,,,,
4995218,1991,11379,1989,"IE","",38510,3,14,53,6,68,16,9,0.875,0.7407,0.6122,5.8889,26.8125,0,0,0,0
4996593,1991,11379,1989,"IE","",625115,2,9,382,2,22,3,4,1,0.625,0,3.25,6.3333,0,0,0,0
4996823,1991,11386,1989,"IE","",38510,3,10,53,6,68,13,8,0.8462,0.625,0.5785,5.25,27.9231,0,0,0,0
5000526,1991,11400,1990,"IE","",,1,4,312,6,65,14,5,0.9286,0.56,0.142,2.8,12.5714,,,,
5001251,1991,11400,1988,"IE","",76070,2,4,558,1,14,5,4,1,0.625,0.56,5.75,8.8,0,0,0.25,0.25
5002085,1991,11407,1990,"IE","",79050,2,15,137,6,69,14,7,0.7857,0.5714,0.5455,2.7143,18.3571,0.3636,0.2857,0.6667,0.5714
5002776,1991,11407,1988,"IE","",165970,3,20,424,3,31,5,14,1,0.1327,0.32,6.5,5.2,0,0,0,0
5003868,1991,11414,1990,"IE","",20820,3,10,99,6,61,11,4,0.8182,0,0.4938,3.25,14,0,0,0,0
5004030,1991,11414,1989,"IE","",,1,8,152,5,55,4,0,0.25,,0,,49.5,,,,
5006796,1991,11421,1988,"IE","",285135,3,10,324,4,43,9,7,0.8889,0.449,0.75,6.8571,8.1111,0,0,0,0
5008671,1991,11428,1988,"IE","",28725,2,9,341,2,22,10,9,1,0.1975,0.32,6,5.8,0.3333,0.3,0.1111,0.1111
5009275,1991,11435,1989,"IE","",,1,8,177,6,69,5,3,1,0,0.64,6.3333,10.4,,,,
5009901,1991,11435,1989,"IE","",38510,3,12,426,6,61,11,2,0.7273,0,0.6563,5,39.8182,0,0,0,0
5012244,1991,11442,1989,"IE","",129220,2,28,341,2,22,3,16,1,0.4219,0,5.5,9.6667,0,0,0.1333,0.125
5015479,1991,11456,1988,"IE","",,1,14,424,3,31,8,10,0.875,0.42,0.449,7.2,8.75,,,,
5019506,1991,11470,1988,"IE","",599210,3,6,435,3,33,0,4,,0,,7.25,,,,0,0
5019629,1991,11470,1989,"IE","",341095,2,9,525,1,15,4,0,1,,0.5,,10,0,0,,
5021166,1991,11477,1989,"IE","",,1,13,210,1,19,6,11,1,0.4463,0.2778,3.7273,6.8333,,,,
5021512,1991,11477,1989,"IE","",341100,3,10,525,1,15,11,2,0.9091,0.5,0.8,3,14.7273,0.3333,0.2727,0,0
5022028,1991,11477,1989,"IE","",171720,3,9,714,2,22,2,31,1,0.616,0.5,4.5806,2.5,0,0,0,0
5030797,1991,11512,1990,"IE","",,1,5,174,4,41,3,0,0.3333,,0,,47.6667,,,,
5037385,1991,11540,1989,"IE","",393900,3,5,604,3,32,6,3,1,0.4444,0,5.3333,8.1667,0,0,0,0
5038326,1991,11540,1990,"IE","",601715,2,10,365,2,24,4,0,1,,0.375,,4.5,0,0,,
5039753,1991,11547,1988,"IE","",341100,3,5,525,1,15,2,0,1,,0.5,,5.5,0.5,0.5,,
5039989,1991,11547,1989,"IE","",129220,2,22,341,2,22,6,21,1,0.4943,0.2778,4.5714,3.3333,0.1667,0.1667,0.1429,0.1429
5041903,1991,11554,1990,"IE","",394010,2,18,257,4,46,9,4,1,0.625,0.7654,3,5.1111,0,0,0,0
5042046,1991,11554,1990,"IE","",252865,3,31,372,4,42,4,2,1,0.5,0,2.5,2.5,0.5,0.5,0,0
5043415,1991,11561,1988,"IE","",341100,3,10,528,1,15,7,5,1,0.72,0.8163,5.6,2.7143,0.7143,0.7143,0.2,0.2
5045837,1991,11568,1990,"IE","",,5,7,340,2,21,4,11,1,0.5455,0.375,4,18,,,,
5049265,1991,11582,1990,"IE","",71485,3,21,210,1,19,15,6,0.6667,0,0.34,5.8333,30.1333,0,0,0,0
5053019,1991,11596,1990,"IE","",275145,3,9,604,3,32,12,2,0.5833,0,0.6122,6,25.5833,0,0,0,0
5054234,1991,11603,1990,"IE","",641860,3,9,47,6,61,11,9,0.9091,0.7407,0.76,4.5556,9.0909,0,0,0,0
5055123,1991,11603,1990,"IE","",35940,3,10,65,5,51,4,3,0.75,0,0,5.3333,16,0,0,0,0
5057013,1991,11610,1988,"IE","",,1,6,433,3,39,2,1,1,0,0,7,17.5,,,,
5058851,1991,11617,1990,"IE","",152040,3,7,248,6,69,10,6,0.9,0.5,0,4,10.5,0,0,0.1667,0.1667
5064472,1991,11638,1989,"IE","",205730,2,10,106,1,12,3,0,0.3333,,0,,29.6667,0,0,,
5067532,1991,11652,1990,"IE","",,1,24,141,5,51,15,4,0.9333,0.375,0.551,2.5,10.6,,,,
5068265,1991,11652,1989,"IE","",341100,3,18,523,1,15,4,3,1,0.6667,0.75,6,8,0,0,0,0
5068514,1991,11652,1989,"IE","",55420,2,4,219,4,49,1,3,1,0.4444,0,4.3333,7,0,0,0.3333,0.3333
5069291,1991,11659,1990,"IE","",,1,5,169,6,69,11,1,1,0,0.6612,8,8.6364,,,,
5069904,1991,11659,1990,"IE","",165970,3,30,424,3,31,6,10,1,0.54,0,4.7,3.1667,0,0,0,0
5073219,1991,11673,1989,"IE","",218535,3,40,156,1,19,5,8,1,0.75,0.72,5,5.4,0,0,0,0
5074314,1991,11680,1990,"IE","",,1,14,128,3,32,13,6,0.7692,0.7222,0.76,3.6667,15.2308,,,,
5076804,1991,11687,1990,"IE","",382575,2,8,439,4,41,6,9,0.8333,0,0,3.6667,13,0.4,0.3333,0.3333,0.3333
5077209,1991,11687,1988,"IE","",392975,3,13,435,3,33,0,2,,0.5,,5,,,,0,0
5077376,1991,11687,1990,"IE","",341100,3,8,528,1,15,4,1,1,0,0.375,4,11.75,0,0,0,0
5080478,1992,11701,1989,"IE","",420016,3,20,351,3,39,7,3,0.8571,0,0,6,15.1429,0,0,0,0
5083253,1992,11708,1989,"IE","",,1,13,362,4,42,10,3,0.7,0,0,6.3333,19.9,,,,
5083673,1992,11715,1990,"IE","",119785,3,9,220,6,68,7,8,1,0.5938,0.2449,4.625,8,0,0,0,0
5083914,1992,11715,1990,"IE","",,1,4,431,6,66,5,0,0.4,,0.5,,33.6,,,,
5083947,1992,11715,1991,"IE","",382575,2,13,439,4,41,7,1,0.7143,0,0,3,21.5714,0.2,0.1429,0,0
5084490,1992,11715,1990,"IE","",341100,3,20,522,1,15,2,7,1,0.8163,0.5,5.2857,5.5,1,1,0.4286,0.4286
5085383,1992,11722,1989,"IE","",511195,3,13,244,5,55,13,1,0.3846,0,0,4,29.6923,0,0,0,0
5086331,1992,11722,1991,"IE","",601715,2,9,257,4,46,2,9,1,0.6173,0.5,4.1111,5,0,0,0,0
5089796,1992,11736,1990,"IE","",538695,2,15,335,4,41,5,3,1,0,0.48,2.6667,17.6,0.2,0.2,0.3333,0.3333
5090417,1992,11743,1991,"IE","",,1,10,600,3,32,8,15,1,0.48,0,3,11.625,,,,
5092515,1992,11750,1990,"IE","",,1,6,229,6,68,9,1,0.2222,0,0,3,57.7778,,,,
5093982,1992,11757,1990,"IE","",469970,2,22,29,5,52,10,10,0.7,0.48,0.7755,4.5,26.5,0,0,0,0
5095236,1992,11757,1990,"IE","",478636,3,15,310,4,45,6,1,0.8333,0,0.32,4,10.1667,0,0,0,0
5097043,1992,11764,1990,"IE","",76070,2,4,548,1,14,3,1,1,0,0,3,5.6667,0.3333,0.3333,0,0
5099865,1992,11778,1990,"IE","",245181,3,11,132,6,65,18,7,0.6111,0.6531,0.6942,3.8571,25.5,0,0,0,0
5106490,1992,11799,1989,"IE","",,1,13,209,5,51,12,9,0.9167,0.3704,0.314,5.4444,15.6667,,,,
5113485,1992,11820,1990,"IE","",252865,3,6,706,2,22,5,3,1,0.4444,0.64,3.3333,1.8,0,0,0,0
5113494,1992,11820,1990,"IE","",160890,2,40,345,2,23,17,35,1,0.6939,0.8097,4.8286,5.4706,0,0,0,0
5114299,1992,11827,1991,"IE","",,1,5,414,5,51,6,3,0.6667,0.4444,0.375,4.6667,18.1667,,,,
5115221,1992,11827,1990,"IE","",682653,3,26,338,4,41,9,4,1,0.375,0.7654,4.5,12,0,0,0.5,0.5
5115990,1992,11834,1991,"IE","",184015,3,2,242,5,51,10,1,1,0,0.58,2,8.8,0,0,0,0
5116204,1992,11834,1990,"IE","",,1,13,40,6,69,15,2,0.6667,0.5,0.74,6,22,,,,
5116558,1992,11834,1990,"IE","",341100,3,10,264,5,51,8,3,1,0,0.5625,4.3333,13,0,0,0,0
5119419,1992,11841,1989,"IE","",,1,8,379,2,21,8,3,1,0.4444,0.5313,5.6667,6,,,,
5123735,1992,11862,1989,"IE","",55420,2,3,356,4,43,7,1,1,0,0.2449,3,13.1429,0,0,0,0
5126494,1992,11869,1990,"IE","",357270,2,23,568,1,14,4,9,1,0.8148,0.375,4.2222,6,0.25,0.25,0.1111,0.1111
5127337,1992,11876,1991,"IE","",600755,3,24,104,5,55,17,1,0.6471,0,0.6446,2,34.4118,0,0,0,0
5128142,1992,11876,1989,"IE","",165970,3,12,424,3,31,14,9,1,0.3457,0.4592,7.1111,6.8571,0.0714,0.0714,0,0
5131440,1992,11890,1990,"IE","",38510,3,15,141,5,51,10,3,1,0.4444,0.34,4.6667,14.2,0,0,0,0
5132345,1992,11890,1990,"IE","",,1,17,524,1,15,11,1,1,0,0.8595,6,5.0909,,,,
5132550,1992,11890,1991,"IE","",684400,3,8,290,4,45,3,0,1,,0.6667,,8.3333,0,0,,
5134401,1992,11897,1991,"IE","",28725,2,32,341,2,22,6,12,1,0.4167,0.6667,4.5833,7.8333,0,0,0.25,0.25
5135480,1992,11904,1990,"IE","",166010,3,16,604,3,32,9,42,0.8889,0.7166,0,4.5952,11,0,0,0.025,0.0238
5136184,1992,11904,1991,"IE","",28725,2,12,327,4,41,3,10,1,0.18,0,2.2,5.6667,0.3333,0.3333,0,0
5140857,1992,11925,1990,"IE","",,1,8,73,4,43,5,0,0.8,,0.375,,19.4,,,,
5141512,1992,11925,1990,"IE","",,1,20,606,3,32,5,10,1,0.58,0.32,5.7,9.4,,,,
5141970,1992,11925,1990,"IE","",341100,3,23,522,1,15,7,9,1,0.7407,0.6531,5.1111,8.8571,0.2857,0.2857,0.3333,0.3333
5148112,1992,11946,1991,"IE","",147695,2,8,327,4,41,6,5,1,0.56,0.6111,1.8,3.8333,0,0,0,0
5150725,1992,11960,1991,"IE","",213645,3,23,131,6,61,3,0,0.6667,,0,,18.3333,0,0,,
5151355,1992,11960,1991,"IE","",686243,3,8,435,3,33,9,10,1,0.48,0.6667,3.8,6.8889,0,0,0,0
5154861,1992,11974,1991,"IE","",55420,2,9,264,5,51,1,4,1,0.625,0,3.5,14,1,1,0.25,0.25
5155464,1992,11974,1990,"IE","",682653,3,19,338,4,41,7,3,1,0.6667,0.6122,4.3333,14.5714,0,0,0.6667,0.6667
5156842,1992,11981,1991,"IE","",165970,3,10,424,3,31,4,7,1,0.6122,0.5,5.1429,9.75,0,0,0,0
5156849,1992,11981,1991,"IE","",686768,3,13,424,3,31,7,1,0.8571,0,0.5,4,9.1429,0,0,0,0
5157787,1992,11988,1991,"IE","",,1,8,5,6,65,8,0,1,,0.375,,16.375,,,,
5159341,1992,11988,1991,"IE","",28725,2,14,341,2,22,9,13,1,0.4852,0.3704,4.4615,4.6667,0,0,0.2308,0.2308
5165583,1992,12016,1991,"IE","",,1,9,224,6,68,10,6,0.9,0.7222,0.7654,4.8333,18.8,,,,
5167705,1992,12023,1991,"IE","",,1,12,106,1,12,5,4,0.6,0.625,0,4.5,25.2,,,,
5168044,1992,12023,1989,"IE","",687866,3,10,435,3,33,0,5,,0.56,,4.6,,,,0,0
5173000,1992,12044,1989,"IE","",,1,11,403,6,67,12,0,0.4167,,0.72,,38.8333,,,,
5173009,1992,12044,1992,"IE","",,1,15,405,6,64,24,7,0.8333,0,0.73,3.1429,12.0417,,,,
5173050,1992,12044,1990,"IE","",,1,7,433,3,39,7,0,0.5714,,0.375,,31.7143,,,,
5173651,1992,12044,1988,"IE","",318385,2,7,318,4,45,32,16,1,0.7344,0.5859,6.6875,10.3125,0.1333,0.125,0,0
5173853,1992,12044,1991,"IE","",147700,3,14,707,2,22,2,18,1,0.2037,0,3.3333,4,0,0,0,0
5175695,1992,12051,1992,"IE","",688592,3,8,702,2,22,4,0,1,,0.375,,12.5,0,0,,
